INSTRUMENT,SYMBOL,EXPIRY_DT,STRIKE_PR,OPTION_TYP,OPEN,HIGH,LOW,CLOSE,SETTLE_PR,CONTRACTS,VAL_INLAKH,OPEN_INT,CHG_IN_OI,TIMESTAMP,Unnamed: 15
FUTIDX,BANKNIFTY,29-May-2024,0.0,XX,49240.0,49420.0,48885.0,49045.65,49045.65,149455,1102149.19,2041875,47640,06-MAY-2024,
FUTIDX,BANKNIFTY,26-Jun-2024,0.0,XX,49336.65,49619.95,49125.0,49275.15,49275.15,10970,81267.44,278565,-7935,06-MAY-2024,
FUTIDX,BANKNIFTY,31-Jul-2024,0.0,XX,49719.95,49860.0,49401.0,49546.85,49546.85,1899,14134.87,41295,-645,06-MAY-2024,
FUTIDX,FINNIFTY,28-May-2024,0.0,XX,21890.8,21947.75,21764.5,21814.25,21814.25,1774,15510.37,55840,2080,06-MAY-2024,
FUTIDX,FINNIFTY,25-Jun-2024,0.0,XX,21968.95,22002.0,21838.5,21879.25,21879.25,60,525.59,3920,400,06-MAY-2024,
FUTIDX,FINNIFTY,30-Jul-2024,0.0,XX,0.0,0.0,0.0,22237.85,22115.0,0,0.0,0,0,06-MAY-2024,
FUTIDX,MIDCPNIFTY,27-May-2024,0.0,XX,11125.0,11150.0,11065.85,11086.65,11086.65,6203,51628.37,1873050,-24075,06-MAY-2024,
FUTIDX,MIDCPNIFTY,24-Jun-2024,0.0,XX,11152.1,11165.0,11094.1,11103.0,11103.0,124,1033.93,22800,2025,06-MAY-2024,
FUTIDX,MIDCPNIFTY,29-Jul-2024,0.0,XX,11159.15,11159.15,11056.05,11083.95,11083.95,6,33.3,800,200,06-MAY-2024,
FUTIDX,NIFTY,30-May-2024,0.0,XX,22648.7,22686.4,22510.0,22550.15,22550.15,239700,1353696.65,11047300,596150,06-MAY-2024,
FUTIDX,NIFTY,27-Jun-2024,0.0,XX,22702.7,22790.95,22618.8,22656.6,22656.6,19339,109721.87,1167925,55825,06-MAY-2024,
FUTIDX,NIFTY,25-Jul-2024,0.0,XX,22877.0,22924.45,22755.9,22795.55,22795.55,3401,19410.68,166425,9175,06-MAY-2024,
FUTIDX,NIFTYNXT50,31-May-2024,0.0,XX,66067.8,66149.85,64812.0,65389.25,65389.25,1171,7657.87,8380,-1080,06-MAY-2024,
FUTIDX,NIFTYNXT50,28-Jun-2024,0.0,XX,66455.0,66455.0,65400.0,65799.6,65799.6,22,144.86,200,110,06-MAY-2024,
FUTIDX,NIFTYNXT50,26-Jul-2024,0.0,XX,0.0,0.0,0.0,66619.3,65993.6,0,0.0,30,0,06-MAY-2024,
FUTSTK,AARTIIND,30-May-2024,0.0,XX,752.0,759.25,744.5,754.95,754.95,3172,23893.41,12692000,-90000,06-MAY-2024,
FUTSTK,AARTIIND,27-Jun-2024,0.0,XX,759.1,764.9,751.0,760.85,760.85,493,3741.91,1178000,74000,06-MAY-2024,
FUTSTK,AARTIIND,25-Jul-2024,0.0,XX,764.6,768.4,758.7,766.25,766.25,20,153.02,73000,10000,06-MAY-2024,
FUTSTK,ABB,30-May-2024,0.0,XX,6771.0,7066.6,6771.0,6972.55,6972.55,10327,90003.1,1038750,-62000,06-MAY-2024,
FUTSTK,ABB,27-Jun-2024,0.0,XX,6875.0,7093.7,6862.15,7006.1,7006.1,550,4822.19,27250,8750,06-MAY-2024,
FUTSTK,ABB,25-Jul-2024,0.0,XX,7050.0,7118.0,6999.0,7046.7,7046.7,31,273.52,1750,-750,06-MAY-2024,
FUTSTK,ABBOTINDIA,30-May-2024,0.0,XX,26483.7,26499.75,25809.35,25966.7,25966.7,1655,8625.21,176480,540,06-MAY-2024,
FUTSTK,ABBOTINDIA,27-Jun-2024,0.0,XX,26400.05,26419.7,26014.85,26180.6,26180.6,86,450.96,2560,700,06-MAY-2024,
FUTSTK,ABBOTINDIA,25-Jul-2024,0.0,XX,26201.0,26201.0,26201.0,26201.0,26201.0,2,10.48,100,40,06-MAY-2024,
FUTSTK,ABCAPITAL,30-May-2024,0.0,XX,234.75,234.75,225.6,228.5,228.5,3388,41947.21,67116600,-10800,06-MAY-2024,
FUTSTK,ABCAPITAL,27-Jun-2024,0.0,XX,236.05,236.05,227.7,230.0,230.0,235,2926.18,2224800,172800,06-MAY-2024,
FUTSTK,ABCAPITAL,25-Jul-2024,0.0,XX,236.2,236.2,229.5,231.9,231.9,18,225.77,351000,-5400,06-MAY-2024,
FUTSTK,ABFRL,30-May-2024,0.0,XX,257.6,257.6,244.55,250.9,250.9,535,3506.42,40479400,-1216800,06-MAY-2024,
FUTSTK,ABFRL,27-Jun-2024,0.0,XX,252.05,255.85,252.05,253.6,253.15,25,165.09,1510600,-65000,06-MAY-2024,
FUTSTK,ABFRL,25-Jul-2024,0.0,XX,0.0,0.0,0.0,262.9,254.55,0,0.0,192400,0,06-MAY-2024,
FUTSTK,ACC,30-May-2024,0.0,XX,2552.1,2566.0,2493.3,2500.1,2500.1,3673,27785.86,5247000,-113400,06-MAY-2024,
FUTSTK,ACC,27-Jun-2024,0.0,XX,2567.85,2577.55,2505.0,2511.25,2511.25,339,2581.56,162300,37800,06-MAY-2024,
FUTSTK,ACC,25-Jul-2024,0.0,XX,2592.2,2592.2,2535.0,2535.0,2535.0,15,115.72,14100,-900,06-MAY-2024,
FUTSTK,ADANIENT,30-May-2024,0.0,XX,3021.9,3021.9,2860.0,2887.15,2887.15,15390,134171.88,14013300,144600,06-MAY-2024,
FUTSTK,ADANIENT,27-Jun-2024,0.0,XX,3000.0,3081.9,2880.0,2907.75,2907.75,1163,10186.87,450300,73200,06-MAY-2024,
FUTSTK,ADANIENT,25-Jul-2024,0.0,XX,3008.2,3008.2,2915.5,2934.65,2934.65,29,256.25,15600,3000,06-MAY-2024,
FUTSTK,ADANIPORTS,30-May-2024,0.0,XX,1335.0,1335.05,1262.15,1295.6,1295.6,27115,139896.17,35802000,-1014800,06-MAY-2024,
FUTSTK,ADANIPORTS,27-Jun-2024,0.0,XX,1332.35,1334.2,1266.3,1300.1,1300.1,3018,15599.33,1720800,213200,06-MAY-2024,
FUTSTK,ADANIPORTS,25-Jul-2024,0.0,XX,1333.8,1333.8,1280.8,1310.05,1310.05,166,865.52,103200,32800,06-MAY-2024,
FUTSTK,ALKEM,30-May-2024,0.0,XX,4929.9,5196.1,4901.0,5187.85,5187.85,8343,42525.23,1153800,169400,06-MAY-2024,
FUTSTK,ALKEM,27-Jun-2024,0.0,XX,4940.0,5219.6,4940.0,5213.15,5213.15,173,882.17,6700,600,06-MAY-2024,
FUTSTK,ALKEM,25-Jul-2024,0.0,XX,5244.25,5244.7,5244.25,5244.5,5244.5,2,10.48,200,200,06-MAY-2024,
FUTSTK,AMBUJACEM,30-May-2024,0.0,XX,627.95,628.75,601.95,609.95,609.95,13402,73904.26,43820100,-633600,06-MAY-2024,
FUTSTK,AMBUJACEM,27-Jun-2024,0.0,XX,630.4,631.0,605.0,613.1,613.1,1130,6250.44,887400,121500,06-MAY-2024,
FUTSTK,AMBUJACEM,25-Jul-2024,0.0,XX,631.65,631.65,610.5,616.45,616.45,31,173.8,50400,11700,06-MAY-2024,
FUTSTK,APOLLOHOSP,30-May-2024,0.0,XX,6026.85,6095.0,6018.3,6081.1,6081.1,4145,31434.2,2036875,-67750,06-MAY-2024,
FUTSTK,APOLLOHOSP,27-Jun-2024,0.0,XX,6101.75,6133.0,6067.6,6122.65,6122.65,215,1641.94,46625,-2625,06-MAY-2024,
FUTSTK,APOLLOHOSP,25-Jul-2024,0.0,XX,6152.9,6170.0,6133.65,6165.8,6165.8,16,123.1,4000,-375,06-MAY-2024,
FUTSTK,APOLLOTYRE,30-May-2024,0.0,XX,501.0,501.0,476.65,480.25,480.25,6005,49384.17,11903400,438600,06-MAY-2024,
FUTSTK,APOLLOTYRE,27-Jun-2024,0.0,XX,497.0,497.0,473.3,476.8,476.8,489,3987.25,600100,176800,06-MAY-2024,
FUTSTK,APOLLOTYRE,25-Jul-2024,0.0,XX,485.4,485.4,470.0,473.2,490.45,21,169.65,110500,25500,06-MAY-2024,
FUTSTK,ASHOKLEY,30-May-2024,0.0,XX,205.8,206.3,201.55,202.4,202.4,7585,77176.88,106145000,-255000,06-MAY-2024,
FUTSTK,ASHOKLEY,27-Jun-2024,0.0,XX,208.8,208.8,203.0,203.7,203.7,549,5620.84,4770000,90000,06-MAY-2024,
FUTSTK,ASHOKLEY,25-Jul-2024,0.0,XX,210.0,210.0,204.0,204.45,204.45,93,956.1,955000,85000,06-MAY-2024,
FUTSTK,ASIANPAINT,30-May-2024,0.0,XX,2959.95,2972.4,2922.15,2946.35,2946.35,11401,67209.26,10029800,188000,06-MAY-2024,
FUTSTK,ASIANPAINT,27-Jun-2024,0.0,XX,2949.35,2970.55,2925.0,2946.6,2946.6,1056,6225.07,577000,33200,06-MAY-2024,
FUTSTK,ASIANPAINT,25-Jul-2024,0.0,XX,2956.0,2990.15,2947.0,2964.65,2964.65,74,439.18,41800,3200,06-MAY-2024,
FUTSTK,ASTRAL,30-May-2024,0.0,XX,2098.95,2132.95,2075.2,2122.2,2122.2,3094,23903.88,2580377,14680,06-MAY-2024,
FUTSTK,ASTRAL,27-Jun-2024,0.0,XX,2096.85,2143.15,2096.85,2134.65,2134.65,172,1336.44,55417,2569,06-MAY-2024,
FUTSTK,ASTRAL,25-Jul-2024,0.0,XX,2110.0,2110.0,2110.0,2110.0,2143.4,1,7.74,367,367,06-MAY-2024,
FUTSTK,ATUL,30-May-2024,0.0,XX,6201.7,6298.1,6121.8,6197.75,6197.75,2158,10046.77,549450,-1275,06-MAY-2024,
FUTSTK,ATUL,27-Jun-2024,0.0,XX,6228.25,6304.7,6156.35,6228.85,6228.85,312,1461.26,39525,2925,06-MAY-2024,
FUTSTK,ATUL,25-Jul-2024,0.0,XX,6289.25,6290.45,6213.45,6260.0,6264.35,10,62.66,800,200,06-MAY-2024,
FUTSTK,AUBANK,30-May-2024,0.0,XX,649.95,657.0,632.55,636.6,636.6,7858,50729.52,17038000,122000,06-MAY-2024,
FUTSTK,AUBANK,27-Jun-2024,0.0,XX,650.45,657.7,634.2,638.5,638.5,598,3864.03,744000,40000,06-MAY-2024,
FUTSTK,AUBANK,25-Jul-2024,0.0,XX,654.55,658.9,637.15,638.05,638.05,39,254.13,101000,-1000,06-MAY-2024,
FUTSTK,AUROPHARMA,30-May-2024,0.0,XX,1155.0,1178.0,1151.05,1169.5,1169.5,4861,31173.34,13773100,-33550,06-MAY-2024,
FUTSTK,AUROPHARMA,27-Jun-2024,0.0,XX,1164.5,1183.65,1157.8,1175.15,1175.15,143,922.49,114400,8250,06-MAY-2024,
FUTSTK,AUROPHARMA,25-Jul-2024,0.0,XX,1184.95,1185.0,1184.95,1185.0,1181.9,2,13.03,1650,0,06-MAY-2024,
FUTSTK,AXISBANK,30-May-2024,0.0,XX,1146.2,1162.5,1146.2,1152.0,1152.0,20104,145121.75,54780625,470000,06-MAY-2024,
FUTSTK,AXISBANK,27-Jun-2024,0.0,XX,1156.7,1170.0,1154.8,1159.7,1159.7,556,4045.5,530625,5000,06-MAY-2024,
FUTSTK,AXISBANK,25-Jul-2024,0.0,XX,1168.0,1175.9,1164.1,1167.95,1167.95,17,124.26,43125,2500,06-MAY-2024,
FUTSTK,BAJAJ-AUTO,30-May-2024,0.0,XX,9195.0,9233.8,8845.0,9109.65,9109.65,8225,92637.66,2378125,-36750,06-MAY-2024,
FUTSTK,BAJAJ-AUTO,27-Jun-2024,0.0,XX,9190.05,9191.5,8820.25,9078.25,9078.25,350,3931.69,48375,5750,06-MAY-2024,
FUTSTK,BAJAJ-AUTO,25-Jul-2024,0.0,XX,9050.0,9124.15,8839.95,9123.0,9197.9,20,135.31,2700,675,06-MAY-2024,
FUTSTK,BAJAJFINSV,30-May-2024,0.0,XX,1646.05,1646.45,1616.35,1619.0,1619.0,3822,31161.72,9689500,90500,06-MAY-2024,
FUTSTK,BAJAJFINSV,27-Jun-2024,0.0,XX,1655.0,1655.1,1629.0,1630.95,1630.95,221,1815.32,319500,35000,06-MAY-2024,
FUTSTK,BAJAJFINSV,25-Jul-2024,0.0,XX,1655.0,1656.55,1645.0,1647.0,1637.25,11,90.73,33000,2500,06-MAY-2024,
FUTSTK,BAJFINANCE,30-May-2024,0.0,XX,7050.0,7068.95,6875.8,6894.55,6894.55,16426,142844.94,8580875,109125,06-MAY-2024,
FUTSTK,BAJFINANCE,27-Jun-2024,0.0,XX,7076.5,7078.8,6891.5,6911.8,6911.8,1771,15429.93,525000,68500,06-MAY-2024,
FUTSTK,BAJFINANCE,25-Jul-2024,0.0,XX,7119.65,7119.65,6852.0,6964.9,6964.9,210,1840.51,79750,7875,06-MAY-2024,
FUTSTK,BALKRISIND,30-May-2024,0.0,XX,2478.95,2484.6,2438.65,2476.1,2476.1,1763,13061.81,1648500,-30000,06-MAY-2024,
FUTSTK,BALKRISIND,27-Jun-2024,0.0,XX,2465.7,2480.65,2447.0,2468.15,2468.15,256,1896.8,73500,21000,06-MAY-2024,
FUTSTK,BALKRISIND,25-Jul-2024,0.0,XX,2494.85,2495.4,2481.8,2481.8,2481.8,6,44.84,2400,1800,06-MAY-2024,
FUTSTK,BALRAMCHIN,30-May-2024,0.0,XX,393.05,396.95,386.15,388.15,388.15,303,1892.55,13028800,-484800,06-MAY-2024,
FUTSTK,BALRAMCHIN,27-Jun-2024,0.0,XX,398.0,398.0,389.45,391.0,389.65,13,81.78,1297600,-20800,06-MAY-2024,
FUTSTK,BALRAMCHIN,25-Jul-2024,0.0,XX,0.0,0.0,0.0,400.3,391.8,0,0.0,60800,0,06-MAY-2024,
FUTSTK,BANDHANBNK,30-May-2024,0.0,XX,189.1,191.0,185.65,187.75,187.75,5986,28108.14,99762500,-1142500,06-MAY-2024,
FUTSTK,BANDHANBNK,27-Jun-2024,0.0,XX,191.75,192.4,187.2,189.05,189.05,535,2531.06,5555000,230000,06-MAY-2024,
FUTSTK,BANDHANBNK,25-Jul-2024,0.0,XX,192.35,192.6,188.95,190.45,190.45,64,342.19,1142400,84000,06-MAY-2024,
FUTSTK,BANKBARODA,30-May-2024,0.0,XX,275.15,278.95,261.3,267.45,267.45,29155,227946.87,187893225,15578550,06-MAY-2024,
FUTSTK,BANKBARODA,27-Jun-2024,0.0,XX,278.05,278.05,262.95,268.75,268.75,1574,12344.92,2778750,582075,06-MAY-2024,
FUTSTK,BANKBARODA,25-Jul-2024,0.0,XX,279.2,279.2,264.8,269.9,269.9,214,1689.03,482625,266175,06-MAY-2024,
FUTSTK,BATAINDIA,30-May-2024,0.0,XX,1334.0,1343.75,1317.2,1324.55,1324.55,2168,10798.15,4084875,172125,06-MAY-2024,
FUTSTK,BATAINDIA,27-Jun-2024,0.0,XX,1341.8,1345.1,1318.7,1324.8,1324.8,480,2390.2,375750,46125,06-MAY-2024,
FUTSTK,BATAINDIA,25-Jul-2024,0.0,XX,1347.0,1350.0,1323.3,1329.2,1329.2,64,319.6,51000,8250,06-MAY-2024,
FUTSTK,BEL,30-May-2024,0.0,XX,236.2,237.8,231.4,233.3,233.3,18490,123594.05,141448350,2174550,06-MAY-2024,
FUTSTK,BEL,27-Jun-2024,0.0,XX,238.0,239.6,233.35,235.15,235.15,1715,11553.36,9416400,1211250,06-MAY-2024,
FUTSTK,BEL,25-Jul-2024,0.0,XX,240.0,244.05,235.95,236.95,236.95,108,733.04,681150,19950,06-MAY-2024,
FUTSTK,BERGEPAINT,30-May-2024,0.0,XX,515.0,517.0,505.6,508.9,508.9,2994,20192.5,15094200,377520,06-MAY-2024,
FUTSTK,BERGEPAINT,27-Jun-2024,0.0,XX,504.0,505.0,494.3,498.1,498.1,674,4433.4,1491600,341880,06-MAY-2024,
FUTSTK,BERGEPAINT,25-Jul-2024,0.0,XX,496.7,496.7,486.1,489.9,489.9,66,427.73,217800,54120,06-MAY-2024,
FUTSTK,BHARATFORG,30-May-2024,0.0,XX,1270.0,1270.0,1244.2,1253.05,1253.05,4783,29968.18,6769500,132000,06-MAY-2024,
FUTSTK,BHARATFORG,27-Jun-2024,0.0,XX,1263.1,1270.0,1253.85,1260.85,1260.85,152,958.34,81000,-2500,06-MAY-2024,
FUTSTK,BHARATFORG,25-Jul-2024,0.0,XX,1260.1,1269.9,1259.95,1266.0,1268.45,9,56.97,43000,-500,06-MAY-2024,
FUTSTK,BHARTIARTL,30-May-2024,0.0,XX,1275.1,1307.8,1271.0,1291.8,1291.8,10819,66602.56,34076975,268850,06-MAY-2024,
FUTSTK,BHARTIARTL,27-Jun-2024,0.0,XX,1285.35,1316.9,1285.35,1301.55,1301.55,426,2639.84,513000,13300,06-MAY-2024,
FUTSTK,BHARTIARTL,25-Jul-2024,0.0,XX,1282.4,1324.5,1282.4,1309.9,1309.9,24,149.73,40850,475,06-MAY-2024,
FUTSTK,BHEL,30-May-2024,0.0,XX,309.4,310.0,281.75,289.7,289.7,33801,258919.08,63811125,-5964000,06-MAY-2024,
FUTSTK,BHEL,27-Jun-2024,0.0,XX,310.8,311.8,284.4,291.85,291.85,2441,18811.59,4866750,532875,06-MAY-2024,
FUTSTK,BHEL,25-Jul-2024,0.0,XX,312.75,312.75,286.9,293.6,293.6,271,2100.64,677250,225750,06-MAY-2024,
FUTSTK,BIOCON,30-May-2024,0.0,XX,309.2,311.0,300.1,301.55,301.55,586,4454.48,52840000,-1465000,06-MAY-2024,
FUTSTK,BIOCON,27-Jun-2024,0.0,XX,309.0,311.4,305.0,305.0,303.8,23,176.62,3062500,-55000,06-MAY-2024,
FUTSTK,BIOCON,25-Jul-2024,0.0,XX,0.0,0.0,0.0,315.0,305.5,0,0.0,237500,0,06-MAY-2024,
FUTSTK,BOSCHLTD,30-May-2024,0.0,XX,30353.1,30500.95,29705.3,30173.15,30173.15,2924,21960.08,397675,1500,06-MAY-2024,
FUTSTK,BOSCHLTD,27-Jun-2024,0.0,XX,30317.75,30388.3,29670.1,30068.6,30068.6,212,1589.34,7650,850,06-MAY-2024,
FUTSTK,BOSCHLTD,25-Jul-2024,0.0,XX,30499.85,30499.85,30499.85,30499.85,30516.35,1,7.62,125,0,06-MAY-2024,
FUTSTK,BPCL,30-May-2024,0.0,XX,637.2,637.4,609.65,613.2,613.2,12396,68889.11,26165700,-220500,06-MAY-2024,
FUTSTK,BPCL,27-Jun-2024,0.0,XX,641.65,642.05,614.35,617.85,617.85,844,4726.71,954900,141300,06-MAY-2024,
FUTSTK,BPCL,25-Jul-2024,0.0,XX,636.0,637.75,619.0,622.65,622.65,77,434.42,152100,20700,06-MAY-2024,
FUTSTK,BRITANNIA,30-May-2024,0.0,XX,4850.0,5244.4,4845.0,5099.45,5099.45,24744,250973.08,2366000,382600,06-MAY-2024,
FUTSTK,BRITANNIA,27-Jun-2024,0.0,XX,4814.0,5246.8,4814.0,5131.75,5131.75,1379,14048.32,97200,44000,06-MAY-2024,
FUTSTK,BRITANNIA,25-Jul-2024,0.0,XX,4913.6,5270.2,4913.6,5161.3,5161.3,58,591.42,3800,1000,06-MAY-2024,
FUTSTK,BSOFT,30-May-2024,0.0,XX,643.35,643.85,620.15,623.0,623.0,3452,21712.94,12773000,241000,06-MAY-2024,
FUTSTK,BSOFT,27-Jun-2024,0.0,XX,644.45,645.85,625.0,627.0,627.0,500,3167.42,619000,86000,06-MAY-2024,
FUTSTK,BSOFT,25-Jul-2024,0.0,XX,648.0,648.0,630.1,630.1,628.75,26,166.03,93000,8000,06-MAY-2024,
FUTSTK,CANBK,30-May-2024,0.0,XX,630.0,630.3,590.85,595.05,595.05,26020,211154.42,66969450,1260900,06-MAY-2024,
FUTSTK,CANBK,27-Jun-2024,0.0,XX,627.9,627.9,592.6,596.85,596.85,1354,10992.8,1725300,395550,06-MAY-2024,
FUTSTK,CANBK,25-Jul-2024,0.0,XX,629.25,629.25,597.9,601.35,601.35,167,1362.16,226800,94500,06-MAY-2024,
FUTSTK,CANFINHOME,30-May-2024,0.0,XX,777.15,777.15,759.65,762.0,762.0,1553,11614.11,4555200,-39975,06-MAY-2024,
FUTSTK,CANFINHOME,27-Jun-2024,0.0,XX,781.25,781.3,764.7,765.65,765.65,201,1513.74,201825,12675,06-MAY-2024,
FUTSTK,CANFINHOME,25-Jul-2024,0.0,XX,0.0,0.0,0.0,780.05,771.75,0,0.0,21450,0,06-MAY-2024,
FUTSTK,CHAMBLFERT,30-May-2024,0.0,XX,409.3,416.35,401.5,403.8,403.8,2671,20666.78,12036500,191900,06-MAY-2024,
FUTSTK,CHAMBLFERT,27-Jun-2024,0.0,XX,411.3,419.1,404.9,406.95,406.95,209,1630.8,317300,49400,06-MAY-2024,
FUTSTK,CHAMBLFERT,25-Jul-2024,0.0,XX,414.85,417.5,408.95,409.1,407.6,6,47.01,43700,7600,06-MAY-2024,
FUTSTK,CHOLAFIN,30-May-2024,0.0,XX,1330.0,1356.7,1308.35,1335.0,1335.0,4221,35266.2,9515000,-161875,06-MAY-2024,
FUTSTK,CHOLAFIN,27-Jun-2024,0.0,XX,1324.25,1361.1,1315.95,1341.75,1341.75,153,1284.28,135000,8750,06-MAY-2024,
FUTSTK,CHOLAFIN,25-Jul-2024,0.0,XX,1333.0,1365.0,1330.2,1350.7,1347.3,13,109.74,12500,1875,06-MAY-2024,
FUTSTK,CIPLA,30-May-2024,0.0,XX,1434.8,1439.15,1416.2,1434.05,1434.05,2506,23270.05,8485750,-66300,06-MAY-2024,
FUTSTK,CIPLA,27-Jun-2024,0.0,XX,1447.55,1447.55,1425.65,1444.15,1444.15,170,1588.44,120900,8450,06-MAY-2024,
FUTSTK,CIPLA,25-Jul-2024,0.0,XX,1441.05,1449.55,1441.05,1449.55,1446.3,5,46.94,7150,650,06-MAY-2024,
FUTSTK,COALINDIA,30-May-2024,0.0,XX,477.1,483.6,446.0,462.75,462.75,34965,341567.31,54459300,-4903500,06-MAY-2024,
FUTSTK,COALINDIA,27-Jun-2024,0.0,XX,485.3,486.95,449.35,466.3,466.3,2424,23814.2,2597700,743400,06-MAY-2024,
FUTSTK,COALINDIA,25-Jul-2024,0.0,XX,486.8,489.0,455.0,469.4,469.4,253,2505.39,336000,115500,06-MAY-2024,
FUTSTK,COFORGE,30-May-2024,0.0,XX,4546.2,4560.0,4422.0,4427.4,4427.4,11019,73896.8,3646950,377550,06-MAY-2024,
FUTSTK,COFORGE,27-Jun-2024,0.0,XX,4586.4,4586.4,4453.4,4456.75,4456.75,1009,6808.09,284100,44850,06-MAY-2024,
FUTSTK,COFORGE,25-Jul-2024,0.0,XX,4602.9,4603.05,4479.0,4490.4,4490.4,159,1081.49,63600,9000,06-MAY-2024,
FUTSTK,COLPAL,30-May-2024,0.0,XX,2807.6,2863.0,2785.4,2851.1,2851.1,2147,21252.5,2922850,-59500,06-MAY-2024,
FUTSTK,COLPAL,27-Jun-2024,0.0,XX,2809.5,2872.9,2801.15,2859.45,2859.45,146,1448.97,43750,-1050,06-MAY-2024,
FUTSTK,COLPAL,25-Jul-2024,0.0,XX,2850.05,2850.05,2850.05,2850.05,2850.05,1,9.97,1050,350,06-MAY-2024,
FUTSTK,CONCOR,30-May-2024,0.0,XX,1069.0,1070.1,1033.4,1037.9,1037.9,5101,53419.45,12474000,-20000,06-MAY-2024,
FUTSTK,CONCOR,27-Jun-2024,0.0,XX,1074.0,1075.6,1041.1,1045.05,1045.05,406,4286.11,295000,39000,06-MAY-2024,
FUTSTK,CONCOR,25-Jul-2024,0.0,XX,1060.0,1068.8,1052.0,1052.0,1052.0,22,232.8,61000,9000,06-MAY-2024,
FUTSTK,COROMANDEL,30-May-2024,0.0,XX,1212.0,1234.5,1198.8,1228.6,1228.6,2162,18504.13,1827000,20300,06-MAY-2024,
FUTSTK,COROMANDEL,27-Jun-2024,0.0,XX,1215.0,1237.0,1203.0,1231.85,1231.85,87,747.71,54600,18200,06-MAY-2024,
FUTSTK,COROMANDEL,25-Jul-2024,0.0,XX,1233.0,1233.0,1228.0,1228.3,1228.3,5,43.05,4900,1400,06-MAY-2024,
FUTSTK,CROMPTON,30-May-2024,0.0,XX,329.2,336.3,322.25,324.7,324.7,4591,27237.63,15174000,-1274400,06-MAY-2024,
FUTSTK,CROMPTON,27-Jun-2024,0.0,XX,333.35,337.8,325.4,327.25,327.25,161,963.66,313200,14400,06-MAY-2024,
FUTSTK,CROMPTON,25-Jul-2024,0.0,XX,333.25,333.25,326.0,326.0,326.0,13,77.61,41400,0,06-MAY-2024,
FUTSTK,CUB,30-May-2024,0.0,XX,162.35,164.75,159.55,161.0,161.0,2139,17306.16,31255000,145000,06-MAY-2024,
FUTSTK,CUB,27-Jun-2024,0.0,XX,163.0,165.7,160.7,162.2,162.2,131,1066.81,1095000,100000,06-MAY-2024,
FUTSTK,CUB,25-Jul-2024,0.0,XX,162.9,166.0,162.7,163.2,163.2,11,90.51,100000,0,06-MAY-2024,
FUTSTK,CUMMINSIND,30-May-2024,0.0,XX,3465.85,3465.85,3363.8,3427.95,3427.95,4016,40986.48,3487500,-53400,06-MAY-2024,
FUTSTK,CUMMINSIND,27-Jun-2024,0.0,XX,3515.5,3515.5,3376.85,3433.95,3433.95,284,2913.87,26100,-7500,06-MAY-2024,
FUTSTK,CUMMINSIND,25-Jul-2024,0.0,XX,3400.0,3413.0,3390.0,3413.0,3464.6,10,102.06,3600,1800,06-MAY-2024,
FUTSTK,DABUR,30-May-2024,0.0,XX,537.45,539.25,526.6,533.15,533.15,4933,32828.25,19268750,-1437500,06-MAY-2024,
FUTSTK,DABUR,27-Jun-2024,0.0,XX,539.35,542.85,531.5,537.0,537.0,200,1343.22,398750,-3750,06-MAY-2024,
FUTSTK,DABUR,25-Jul-2024,0.0,XX,539.25,539.25,533.8,539.0,539.0,7,46.95,43750,0,06-MAY-2024,
FUTSTK,DALBHARAT,30-May-2024,0.0,XX,1827.0,1827.05,1783.75,1807.15,1807.15,2774,12506.93,3117250,-96250,06-MAY-2024,
FUTSTK,DALBHARAT,27-Jun-2024,0.0,XX,1829.8,1829.8,1795.0,1816.8,1816.8,149,674.68,121750,2750,06-MAY-2024,
FUTSTK,DALBHARAT,25-Jul-2024,0.0,XX,0.0,0.0,0.0,1820.0,1823.3,0,0.0,3850,0,06-MAY-2024,
FUTSTK,DEEPAKNTR,30-May-2024,0.0,XX,2519.85,2640.5,2519.85,2582.9,2582.9,9556,74439.75,1792500,-117900,06-MAY-2024,
FUTSTK,DEEPAKNTR,27-Jun-2024,0.0,XX,2504.7,2655.0,2504.7,2597.2,2597.2,575,4502.51,72000,5100,06-MAY-2024,
FUTSTK,DEEPAKNTR,25-Jul-2024,0.0,XX,2628.4,2653.85,2585.1,2611.15,2611.15,39,306.93,7200,900,06-MAY-2024,
FUTSTK,DIVISLAB,30-May-2024,0.0,XX,3993.95,4014.85,3929.65,3980.45,3980.45,2403,19089.48,2623200,30200,06-MAY-2024,
FUTSTK,DIVISLAB,27-Jun-2024,0.0,XX,4005.0,4040.4,3959.05,4010.55,4010.55,84,671.97,54600,4000,06-MAY-2024,
FUTSTK,DIVISLAB,25-Jul-2024,0.0,XX,4030.65,4030.65,4013.85,4013.85,4026.6,3,24.15,5200,-400,06-MAY-2024,
FUTSTK,DIXON,30-May-2024,0.0,XX,8500.0,8541.05,8350.0,8450.8,8450.8,2801,23614.81,942400,-27600,06-MAY-2024,
FUTSTK,DIXON,27-Jun-2024,0.0,XX,8531.3,8549.95,8387.0,8490.75,8490.75,103,873.3,41700,200,06-MAY-2024,
FUTSTK,DIXON,25-Jul-2024,0.0,XX,8440.0,8545.1,8440.0,8545.1,8549.45,3,25.51,2600,0,06-MAY-2024,
FUTSTK,DLF,30-May-2024,0.0,XX,890.7,908.85,882.85,892.85,892.85,21474,158608.71,39878025,-788700,06-MAY-2024,
FUTSTK,DLF,27-Jun-2024,0.0,XX,900.0,914.95,889.65,899.3,899.3,951,7076.3,702900,113025,06-MAY-2024,
FUTSTK,DLF,25-Jul-2024,0.0,XX,907.0,917.55,898.0,904.5,904.5,64,479.97,41250,-1650,06-MAY-2024,
FUTSTK,DRREDDY,30-May-2024,0.0,XX,6358.95,6373.0,6251.0,6297.1,6297.1,7629,60147.56,2494125,14500,06-MAY-2024,
FUTSTK,DRREDDY,27-Jun-2024,0.0,XX,6390.4,6396.9,6295.0,6334.8,6334.8,234,1855.26,28500,5000,06-MAY-2024,
FUTSTK,DRREDDY,25-Jul-2024,0.0,XX,6350.05,6382.85,6320.0,6320.0,6394.8,6,47.6,2875,250,06-MAY-2024,
FUTSTK,EICHERMOT,30-May-2024,0.0,XX,4640.0,4698.9,4592.15,4609.15,4609.15,5334,43374.65,3003875,118650,06-MAY-2024,
FUTSTK,EICHERMOT,27-Jun-2024,0.0,XX,4669.15,4723.8,4621.9,4642.05,4642.05,257,2102.02,55125,5600,06-MAY-2024,
FUTSTK,EICHERMOT,25-Jul-2024,0.0,XX,4710.0,4710.0,4650.0,4665.9,4673.0,4,32.78,2275,525,06-MAY-2024,
FUTSTK,ESCORTS,30-May-2024,0.0,XX,3510.9,3540.0,3460.0,3496.0,3496.0,1779,17078.22,1228150,12925,06-MAY-2024,
FUTSTK,ESCORTS,27-Jun-2024,0.0,XX,3524.9,3559.95,3480.0,3512.65,3512.65,81,781.97,25300,1650,06-MAY-2024,
FUTSTK,ESCORTS,25-Jul-2024,0.0,XX,3542.65,3542.65,3499.5,3536.35,3536.35,8,77.58,1375,275,06-MAY-2024,
FUTSTK,EXIDEIND,30-May-2024,0.0,XX,472.85,474.25,456.35,464.0,464.0,3060,25525.36,12664800,-666000,06-MAY-2024,
FUTSTK,EXIDEIND,27-Jun-2024,0.0,XX,475.35,475.35,459.75,466.5,466.5,226,1894.8,961200,1800,06-MAY-2024,
FUTSTK,EXIDEIND,25-Jul-2024,0.0,XX,475.0,475.0,460.0,467.05,467.05,19,158.92,70200,7200,06-MAY-2024,
FUTSTK,FEDERALBNK,30-May-2024,0.0,XX,168.0,168.0,161.7,164.75,164.75,8215,67362.42,104305000,-1380000,06-MAY-2024,
FUTSTK,FEDERALBNK,27-Jun-2024,0.0,XX,167.3,168.6,162.9,165.8,165.8,502,4141.64,3565000,260000,06-MAY-2024,
FUTSTK,FEDERALBNK,25-Jul-2024,0.0,XX,169.3,169.35,164.0,166.8,166.8,60,498.95,600000,60000,06-MAY-2024,
FUTSTK,GAIL,30-May-2024,0.0,XX,205.65,205.7,197.15,198.7,198.7,9267,84777.97,135941550,4327950,06-MAY-2024,
FUTSTK,GAIL,27-Jun-2024,0.0,XX,206.45,206.95,198.75,200.35,200.35,685,6307.97,4812900,663375,06-MAY-2024,
FUTSTK,GAIL,25-Jul-2024,0.0,XX,208.2,208.2,200.6,201.8,201.8,88,814.37,521550,141825,06-MAY-2024,
FUTSTK,GLENMARK,30-May-2024,0.0,XX,1062.55,1069.95,1039.2,1048.3,1048.3,1076,8191.45,11848675,24650,06-MAY-2024,
FUTSTK,GLENMARK,27-Jun-2024,0.0,XX,1062.05,1065.0,1047.15,1055.3,1055.3,58,444.43,68150,5075,06-MAY-2024,
FUTSTK,GLENMARK,25-Jul-2024,0.0,XX,0.0,0.0,0.0,1086.6,1057.4,0,0.0,8700,0,06-MAY-2024,
FUTSTK,GMRINFRA,30-May-2024,0.0,XX,86.0,86.0,81.8,83.6,83.6,890,8355.78,247758750,-9900000,06-MAY-2024,
FUTSTK,GMRINFRA,27-Jun-2024,0.0,XX,86.25,86.25,82.6,84.45,84.45,66,627.39,18618750,-697500,06-MAY-2024,
FUTSTK,GMRINFRA,25-Jul-2024,0.0,XX,84.5,84.5,83.1,84.5,84.65,6,56.67,2373750,-67500,06-MAY-2024,
FUTSTK,GNFC,30-May-2024,0.0,XX,693.65,695.75,672.8,682.2,682.2,1253,11124.01,6588400,2600,06-MAY-2024,
FUTSTK,GNFC,27-Jun-2024,0.0,XX,698.75,698.75,678.15,686.95,686.95,107,956.95,162500,-5200,06-MAY-2024,
FUTSTK,GNFC,25-Jul-2024,0.0,XX,690.0,690.4,690.0,690.4,689.55,2,17.94,10400,0,06-MAY-2024,
FUTSTK,GODREJCP,30-May-2024,0.0,XX,1255.5,1269.0,1220.0,1243.85,1243.85,6556,41019.96,6411500,-71500,06-MAY-2024,
FUTSTK,GODREJCP,27-Jun-2024,0.0,XX,1264.4,1278.55,1232.0,1253.3,1253.3,227,1430.1,30000,6000,06-MAY-2024,
FUTSTK,GODREJCP,25-Jul-2024,0.0,XX,1273.0,1273.0,1269.0,1269.0,1270.25,2,12.71,2000,1000,06-MAY-2024,
FUTSTK,GODREJPROP,30-May-2024,0.0,XX,2644.45,2861.45,2644.45,2855.2,2855.2,18224,240883.82,4363825,-478325,06-MAY-2024,
FUTSTK,GODREJPROP,27-Jun-2024,0.0,XX,2685.1,2877.3,2676.95,2873.0,2873.0,1357,17998.1,173375,50350,06-MAY-2024,
FUTSTK,GODREJPROP,25-Jul-2024,0.0,XX,2700.55,2887.0,2700.55,2880.85,2880.85,129,815.44,14175,6075,06-MAY-2024,
FUTSTK,GRANULES,30-May-2024,0.0,XX,425.95,428.45,419.05,424.8,424.8,921,7804.3,10318000,-134000,06-MAY-2024,
FUTSTK,GRANULES,27-Jun-2024,0.0,XX,428.25,430.75,422.9,428.15,428.15,118,1008.07,420000,62000,06-MAY-2024,
FUTSTK,GRANULES,25-Jul-2024,0.0,XX,427.0,431.9,427.0,430.0,430.0,4,34.35,24000,6000,06-MAY-2024,
FUTSTK,GRASIM,30-May-2024,0.0,XX,2499.95,2499.95,2446.0,2458.05,2458.05,3068,36066.28,6874047,-153594,06-MAY-2024,
FUTSTK,GRASIM,27-Jun-2024,0.0,XX,2505.0,2505.0,2466.0,2472.65,2472.65,119,1408.12,78705,7632,06-MAY-2024,
FUTSTK,GRASIM,25-Jul-2024,0.0,XX,0.0,0.0,0.0,2411.0,2492.65,0,0.0,0,0,06-MAY-2024,
FUTSTK,GUJGASLTD,30-May-2024,0.0,XX,542.45,565.85,536.0,552.65,552.65,8727,60339.28,6968750,1187500,06-MAY-2024,
FUTSTK,GUJGASLTD,27-Jun-2024,0.0,XX,545.0,565.95,536.95,552.25,552.25,454,3137.78,282500,50000,06-MAY-2024,
FUTSTK,GUJGASLTD,25-Jul-2024,0.0,XX,545.25,559.25,538.0,552.3,557.05,10,68.67,12500,5000,06-MAY-2024,
FUTSTK,HAL,30-May-2024,0.0,XX,3957.2,3963.95,3804.1,3844.1,3844.1,9946,115113.11,7671300,-120000,06-MAY-2024,
FUTSTK,HAL,27-Jun-2024,0.0,XX,3989.4,3994.35,3834.6,3873.15,3873.15,896,10439.36,412500,50400,06-MAY-2024,
FUTSTK,HAL,25-Jul-2024,0.0,XX,4020.0,4020.0,3870.0,3901.7,3901.7,96,1129.33,54000,12600,06-MAY-2024,
FUTSTK,HAVELLS,30-May-2024,0.0,XX,1680.4,1703.35,1673.6,1684.0,1684.0,4573,38622.7,5862000,-331500,06-MAY-2024,
FUTSTK,HAVELLS,27-Jun-2024,0.0,XX,1686.6,1709.5,1684.05,1691.7,1691.7,246,2086.87,138500,-6000,06-MAY-2024,
FUTSTK,HAVELLS,25-Jul-2024,0.0,XX,1697.1,1717.0,1695.05,1698.0,1698.0,15,127.92,16000,-3000,06-MAY-2024,
FUTSTK,HCLTECH,30-May-2024,0.0,XX,1350.0,1357.05,1341.6,1350.9,1350.9,7639,36107.13,20312250,-162400,06-MAY-2024,
FUTSTK,HCLTECH,27-Jun-2024,0.0,XX,1360.0,1366.8,1351.9,1360.6,1360.6,509,2422.98,760200,22400,06-MAY-2024,
FUTSTK,HCLTECH,25-Jul-2024,0.0,XX,1358.9,1365.5,1354.1,1360.7,1360.7,110,523.41,240800,11900,06-MAY-2024,
FUTSTK,HDFCAMC,30-May-2024,0.0,XX,3940.0,3968.1,3901.6,3908.65,3908.65,4667,27440.19,2834400,50400,06-MAY-2024,
FUTSTK,HDFCAMC,27-Jun-2024,0.0,XX,3914.0,3925.75,3845.0,3860.1,3860.1,755,4380.99,135450,26100,06-MAY-2024,
FUTSTK,HDFCAMC,25-Jul-2024,0.0,XX,3885.0,3885.0,3859.0,3859.0,3950.15,12,69.7,6000,300,06-MAY-2024,
FUTSTK,HDFCBANK,30-May-2024,0.0,XX,1509.2,1526.6,1509.2,1516.0,1516.0,42814,357862.12,175558350,-697950,06-MAY-2024,
FUTSTK,HDFCBANK,27-Jun-2024,0.0,XX,1523.3,1536.8,1521.7,1526.65,1526.65,2103,17705.99,5947700,156200,06-MAY-2024,
FUTSTK,HDFCBANK,25-Jul-2024,0.0,XX,1535.85,1548.0,1535.7,1538.25,1538.25,155,1314.34,204050,17050,06-MAY-2024,
FUTSTK,HDFCLIFE,30-May-2024,0.0,XX,573.9,573.9,554.45,559.1,559.1,8192,50556.54,36713600,1805100,06-MAY-2024,
FUTSTK,HDFCLIFE,27-Jun-2024,0.0,XX,573.55,574.0,556.95,561.25,561.25,1223,7560.35,2674100,469700,06-MAY-2024,
FUTSTK,HDFCLIFE,25-Jul-2024,0.0,XX,575.0,575.0,562.0,565.75,565.75,88,548.62,196900,45100,06-MAY-2024,
FUTSTK,HEROMOTOCO,30-May-2024,0.0,XX,4602.15,4605.45,4490.5,4532.65,4532.65,5208,35399.06,4344000,-47400,06-MAY-2024,
FUTSTK,HEROMOTOCO,27-Jun-2024,0.0,XX,4617.9,4619.6,4520.15,4559.35,4559.35,234,1599.59,75750,5550,06-MAY-2024,
FUTSTK,HEROMOTOCO,25-Jul-2024,0.0,XX,4600.0,4600.0,4533.5,4533.5,4582.2,9,61.74,4950,450,06-MAY-2024,
FUTSTK,HINDALCO,30-May-2024,0.0,XX,655.35,658.95,634.05,643.65,643.65,13166,118347.64,53841200,4078200,06-MAY-2024,
FUTSTK,HINDALCO,27-Jun-2024,0.0,XX,660.0,663.05,638.8,647.7,647.7,655,5929.33,805000,63000,06-MAY-2024,
FUTSTK,HINDALCO,25-Jul-2024,0.0,XX,659.0,659.0,644.0,654.0,649.1,12,109.2,54600,1400,06-MAY-2024,
FUTSTK,HINDCOPPER,30-May-2024,0.0,XX,393.8,395.0,373.0,380.65,380.65,7360,74120.26,31619800,60950,06-MAY-2024,
FUTSTK,HINDCOPPER,27-Jun-2024,0.0,XX,397.9,397.9,375.8,383.55,383.55,652,6602.43,3384050,196100,06-MAY-2024,
FUTSTK,HINDCOPPER,25-Jul-2024,0.0,XX,400.8,401.0,379.75,386.9,386.9,30,308.61,172250,21200,06-MAY-2024,
FUTSTK,HINDPETRO,30-May-2024,0.0,XX,540.1,541.55,516.0,517.3,517.3,9270,65516.67,28804950,-641250,06-MAY-2024,
FUTSTK,HINDPETRO,27-Jun-2024,0.0,XX,541.15,543.65,520.0,521.3,521.3,432,3075.0,1588950,105300,06-MAY-2024,
FUTSTK,HINDPETRO,25-Jul-2024,0.0,XX,542.3,542.3,522.0,523.3,523.3,61,436.15,67500,2700,06-MAY-2024,
FUTSTK,HINDUNILVR,30-May-2024,0.0,XX,2234.35,2268.45,2227.15,2265.9,2265.9,7696,51973.61,19489800,-441300,06-MAY-2024,
FUTSTK,HINDUNILVR,27-Jun-2024,0.0,XX,2225.1,2260.2,2220.85,2257.5,2257.5,1183,7961.7,1571100,-49800,06-MAY-2024,
FUTSTK,HINDUNILVR,25-Jul-2024,0.0,XX,2246.0,2278.0,2241.25,2274.65,2274.65,81,549.65,53700,2100,06-MAY-2024,
FUTSTK,ICICIBANK,30-May-2024,0.0,XX,1156.75,1164.25,1147.7,1154.1,1154.1,36706,297124.81,79763600,1693300,06-MAY-2024,
FUTSTK,ICICIBANK,27-Jun-2024,0.0,XX,1154.0,1170.5,1154.0,1160.3,1160.3,927,7551.48,1213800,43400,06-MAY-2024,
FUTSTK,ICICIBANK,25-Jul-2024,0.0,XX,1161.0,1172.0,1160.1,1162.75,1162.75,49,400.1,77000,7000,06-MAY-2024,
FUTSTK,ICICIGI,30-May-2024,0.0,XX,1672.95,1696.0,1661.25,1689.4,1689.4,1501,12627.73,3622500,-44000,06-MAY-2024,
FUTSTK,ICICIGI,27-Jun-2024,0.0,XX,1695.4,1705.35,1676.0,1705.35,1705.35,34,287.53,53500,-1500,06-MAY-2024,
FUTSTK,ICICIGI,25-Jul-2024,0.0,XX,1692.95,1710.0,1692.95,1710.0,1710.0,2,17.01,1500,1000,06-MAY-2024,
FUTSTK,ICICIPRULI,30-May-2024,0.0,XX,581.95,582.7,571.4,574.6,574.6,1722,14868.44,14722500,-63000,06-MAY-2024,
FUTSTK,ICICIPRULI,27-Jun-2024,0.0,XX,576.4,580.0,569.5,571.4,571.4,177,1520.57,484500,42000,06-MAY-2024,
FUTSTK,ICICIPRULI,25-Jul-2024,0.0,XX,572.25,572.35,572.25,566.45,566.45,7,59.91,28500,9000,06-MAY-2024,
FUTSTK,IDEA,30-May-2024,0.0,XX,13.2,13.25,12.85,12.9,12.9,1786,9300.96,3518880000,-53960000,06-MAY-2024,
FUTSTK,IDEA,27-Jun-2024,0.0,XX,13.4,13.55,13.15,13.15,13.15,17,90.02,127160000,-680000,06-MAY-2024,
FUTSTK,IDEA,25-Jul-2024,0.0,XX,0.0,0.0,0.0,14.2,13.05,0,0.0,0,0,06-MAY-2024,
FUTSTK,IDFC,30-May-2024,0.0,XX,120.3,120.85,118.8,119.05,119.05,2343,14003.74,74670000,705000,06-MAY-2024,
FUTSTK,IDFC,27-Jun-2024,0.0,XX,121.3,121.85,119.8,119.95,119.95,164,989.11,5745000,260000,06-MAY-2024,
FUTSTK,IDFC,25-Jul-2024,0.0,XX,122.6,122.6,120.9,120.9,120.9,16,97.18,265000,55000,06-MAY-2024,
FUTSTK,IDFCFIRSTB,30-May-2024,0.0,XX,81.5,81.8,80.4,80.55,80.55,12260,74511.4,360292500,-675000,06-MAY-2024,
FUTSTK,IDFCFIRSTB,27-Jun-2024,0.0,XX,81.8,82.0,80.65,80.75,80.75,1197,7282.92,28050000,1537500,06-MAY-2024,
FUTSTK,IDFCFIRSTB,25-Jul-2024,0.0,XX,82.15,82.2,80.9,81.0,81.0,148,904.74,5235000,502500,06-MAY-2024,
FUTSTK,IEX,30-May-2024,0.0,XX,159.9,160.8,151.3,153.75,153.75,5757,33680.46,64432500,1241250,06-MAY-2024,
FUTSTK,IEX,27-Jun-2024,0.0,XX,161.0,161.55,152.75,154.8,154.8,470,2767.31,4008750,525000,06-MAY-2024,
FUTSTK,IEX,25-Jul-2024,0.0,XX,161.1,162.3,154.5,155.95,155.95,27,160.29,532500,45000,06-MAY-2024,
FUTSTK,IGL,30-May-2024,0.0,XX,455.0,455.0,436.5,439.45,439.45,5926,35955.31,19569000,561000,06-MAY-2024,
FUTSTK,IGL,27-Jun-2024,0.0,XX,440.5,440.5,426.75,429.1,429.1,653,3877.25,1357125,218625,06-MAY-2024,
FUTSTK,IGL,25-Jul-2024,0.0,XX,432.0,432.0,420.0,424.65,450.1,28,163.64,220000,26125,06-MAY-2024,
FUTSTK,INDHOTEL,30-May-2024,0.0,XX,575.95,581.8,574.3,575.1,575.1,3634,20996.1,20622000,-54000,06-MAY-2024,
FUTSTK,INDHOTEL,27-Jun-2024,0.0,XX,580.8,584.0,577.7,578.4,578.4,145,841.96,1036000,-10000,06-MAY-2024,
FUTSTK,INDHOTEL,25-Jul-2024,0.0,XX,0.0,0.0,0.0,582.45,580.5,0,0.0,21000,0,06-MAY-2024,
FUTSTK,INDIACEM,30-May-2024,0.0,XX,224.65,225.15,216.7,217.8,217.8,1602,10222.56,23417500,-168200,06-MAY-2024,
FUTSTK,INDIACEM,27-Jun-2024,0.0,XX,226.2,226.6,218.9,219.7,219.7,199,1278.32,649600,89900,06-MAY-2024,
FUTSTK,INDIACEM,25-Jul-2024,0.0,XX,228.0,228.0,221.35,221.65,221.65,17,110.3,63800,43500,06-MAY-2024,
FUTSTK,INDIAMART,30-May-2024,0.0,XX,2792.8,2820.0,2752.05,2784.65,2784.65,2183,18222.29,1242300,26400,06-MAY-2024,
FUTSTK,INDIAMART,27-Jun-2024,0.0,XX,2735.15,2760.1,2696.4,2728.05,2728.05,154,1261.23,181500,6600,06-MAY-2024,
FUTSTK,INDIAMART,25-Jul-2024,0.0,XX,2725.65,2728.45,2680.0,2680.0,2828.05,5,40.55,24300,1500,06-MAY-2024,
FUTSTK,INDIGO,30-May-2024,0.0,XX,4080.0,4080.0,3966.0,4027.3,4027.3,4362,52525.81,4258200,-66600,06-MAY-2024,
FUTSTK,INDIGO,27-Jun-2024,0.0,XX,4093.8,4093.8,3993.8,4056.25,4056.25,291,3525.8,114900,0,06-MAY-2024,
FUTSTK,INDIGO,25-Jul-2024,0.0,XX,4110.0,4110.0,4027.0,4072.95,4062.5,12,146.15,21900,-300,06-MAY-2024,
FUTSTK,INDUSINDBK,30-May-2024,0.0,XX,1500.0,1521.9,1489.35,1508.75,1508.75,12415,93607.51,23876500,302500,06-MAY-2024,
FUTSTK,INDUSINDBK,27-Jun-2024,0.0,XX,1499.55,1521.0,1493.85,1509.8,1509.8,696,5259.27,434500,15500,06-MAY-2024,
FUTSTK,INDUSINDBK,25-Jul-2024,0.0,XX,1508.55,1526.0,1507.95,1512.8,1521.55,17,128.96,26000,1500,06-MAY-2024,
FUTSTK,INDUSTOWER,30-May-2024,0.0,XX,356.6,357.95,346.75,353.25,353.25,4230,50692.33,67670200,-159800,06-MAY-2024,
FUTSTK,INDUSTOWER,27-Jun-2024,0.0,XX,354.05,358.0,347.05,353.45,353.45,208,2492.22,1686400,74800,06-MAY-2024,
FUTSTK,INDUSTOWER,25-Jul-2024,0.0,XX,351.35,359.0,350.7,357.3,356.8,9,108.82,132600,3400,06-MAY-2024,
FUTSTK,INFY,30-May-2024,0.0,XX,1428.0,1452.75,1424.55,1436.6,1436.6,20608,118845.77,46151200,-38400,06-MAY-2024,
FUTSTK,INFY,27-Jun-2024,0.0,XX,1408.9,1433.1,1406.95,1418.85,1418.85,2343,13348.51,4439200,-32400,06-MAY-2024,
FUTSTK,INFY,25-Jul-2024,0.0,XX,1422.0,1443.5,1421.95,1430.0,1430.0,198,1136.17,152800,-11600,06-MAY-2024,
FUTSTK,IOC,30-May-2024,0.0,XX,173.05,173.2,165.8,167.05,167.05,11525,94404.09,171990000,-263250,06-MAY-2024,
FUTSTK,IOC,27-Jun-2024,0.0,XX,173.6,174.05,167.15,168.3,168.3,928,7659.14,7400250,1009125,06-MAY-2024,
FUTSTK,IOC,25-Jul-2024,0.0,XX,174.1,174.1,168.5,169.6,169.6,99,821.29,1491750,185250,06-MAY-2024,
FUTSTK,IPCALAB,30-May-2024,0.0,XX,1350.0,1359.4,1332.0,1342.65,1342.65,860,7521.22,1688700,17550,06-MAY-2024,
FUTSTK,IPCALAB,27-Jun-2024,0.0,XX,1355.3,1355.3,1333.0,1342.0,1342.0,20,174.26,54600,-650,06-MAY-2024,
FUTSTK,IPCALAB,25-Jul-2024,0.0,XX,0.0,0.0,0.0,1352.9,1357.85,0,0.0,0,0,06-MAY-2024,
FUTSTK,IRCTC,30-May-2024,0.0,XX,1062.6,1063.45,1014.2,1027.35,1027.35,7336,66138.73,15643250,-649250,06-MAY-2024,
FUTSTK,IRCTC,27-Jun-2024,0.0,XX,1069.0,1069.0,1023.0,1035.4,1035.4,491,4464.94,710500,132125,06-MAY-2024,
FUTSTK,IRCTC,25-Jul-2024,0.0,XX,1073.3,1073.3,1031.7,1042.0,1038.65,64,586.68,80500,21000,06-MAY-2024,
FUTSTK,ITC,30-May-2024,0.0,XX,437.55,440.85,435.35,436.9,436.9,10045,70297.89,96891200,1083200,06-MAY-2024,
FUTSTK,ITC,27-Jun-2024,0.0,XX,436.25,439.15,434.0,435.25,435.25,1007,7020.33,21280000,184000,06-MAY-2024,
FUTSTK,ITC,25-Jul-2024,0.0,XX,440.55,442.0,437.5,438.45,438.45,95,666.87,288000,65600,06-MAY-2024,
FUTSTK,JINDALSTEL,30-May-2024,0.0,XX,947.0,954.9,921.5,939.85,939.85,8506,49952.95,12076875,-318125,06-MAY-2024,
FUTSTK,JINDALSTEL,27-Jun-2024,0.0,XX,948.7,960.45,928.35,946.2,946.2,392,2317.51,333125,4375,06-MAY-2024,
FUTSTK,JINDALSTEL,25-Jul-2024,0.0,XX,940.0,964.3,940.0,952.0,952.0,13,77.72,13750,-1250,06-MAY-2024,
FUTSTK,JKCEMENT,30-May-2024,0.0,XX,4018.45,4043.85,3977.0,4007.9,4007.9,906,4541.3,736750,-5625,06-MAY-2024,
FUTSTK,JKCEMENT,27-Jun-2024,0.0,XX,4040.0,4066.2,4007.0,4035.9,4035.9,46,232.22,6000,1625,06-MAY-2024,
FUTSTK,JKCEMENT,25-Jul-2024,0.0,XX,0.0,0.0,0.0,4105.7,4053.45,0,0.0,0,0,06-MAY-2024,
FUTSTK,JSWSTEEL,30-May-2024,0.0,XX,884.95,898.0,879.4,884.95,884.95,7844,47086.13,17716050,-285525,06-MAY-2024,
FUTSTK,JSWSTEEL,27-Jun-2024,0.0,XX,892.9,903.5,886.5,891.75,891.75,363,2193.94,339525,12825,06-MAY-2024,
FUTSTK,JSWSTEEL,25-Jul-2024,0.0,XX,898.6,904.2,898.55,900.35,894.8,10,60.84,28350,2025,06-MAY-2024,
FUTSTK,JUBLFOOD,30-May-2024,0.0,XX,462.15,472.4,454.65,468.35,468.35,10495,61082.43,18486250,2103750,06-MAY-2024,
FUTSTK,JUBLFOOD,27-Jun-2024,0.0,XX,464.95,471.0,455.0,466.4,466.4,2016,11708.95,1411250,302500,06-MAY-2024,
FUTSTK,JUBLFOOD,25-Jul-2024,0.0,XX,466.95,469.9,455.1,465.6,465.6,316,1838.26,356250,241250,06-MAY-2024,
FUTSTK,KOTAKBANK,30-May-2024,0.0,XX,1610.3,1644.95,1601.0,1632.95,1632.95,74643,485812.74,59037600,-2894000,06-MAY-2024,
FUTSTK,KOTAKBANK,27-Jun-2024,0.0,XX,1618.75,1656.35,1615.15,1644.85,1644.85,5381,35294.76,2840000,-178000,06-MAY-2024,
FUTSTK,KOTAKBANK,25-Jul-2024,0.0,XX,1634.6,1667.4,1627.15,1656.2,1656.2,769,5072.06,384000,-141200,06-MAY-2024,
FUTSTK,LALPATHLAB,30-May-2024,0.0,XX,2335.05,2368.0,2313.3,2355.8,2355.8,1350,9490.32,1338900,21000,06-MAY-2024,
FUTSTK,LALPATHLAB,27-Jun-2024,0.0,XX,2356.9,2377.0,2327.35,2370.65,2370.65,72,509.63,26700,5400,06-MAY-2024,
FUTSTK,LALPATHLAB,25-Jul-2024,0.0,XX,2391.0,2391.0,2391.0,2391.0,2377.2,1,7.17,900,300,06-MAY-2024,
FUTSTK,LAURUSLABS,30-May-2024,0.0,XX,450.2,451.75,439.0,442.15,442.15,1966,14843.28,13671400,-173400,06-MAY-2024,
FUTSTK,LAURUSLABS,27-Jun-2024,0.0,XX,452.05,454.15,442.7,444.15,444.15,178,1352.71,807500,49300,06-MAY-2024,
FUTSTK,LAURUSLABS,25-Jul-2024,0.0,XX,450.3,450.3,450.2,450.2,446.25,4,30.61,79900,1700,06-MAY-2024,
FUTSTK,LICHSGFIN,30-May-2024,0.0,XX,660.35,660.4,631.05,637.15,637.15,8678,55711.14,32716000,-481000,06-MAY-2024,
FUTSTK,LICHSGFIN,27-Jun-2024,0.0,XX,662.6,665.0,635.65,641.85,641.85,541,3501.31,796000,38000,06-MAY-2024,
FUTSTK,LICHSGFIN,25-Jul-2024,0.0,XX,661.25,661.25,642.0,646.3,646.3,31,201.7,39000,9000,06-MAY-2024,
FUTSTK,LT,30-May-2024,0.0,XX,3530.6,3539.95,3458.1,3488.5,3488.5,32527,170278.82,16505100,1547250,06-MAY-2024,
FUTSTK,LT,27-Jun-2024,0.0,XX,3554.25,3557.8,3485.0,3513.1,3513.1,2113,11140.4,419700,105450,06-MAY-2024,
FUTSTK,LT,25-Jul-2024,0.0,XX,3575.35,3580.95,3512.5,3536.55,3536.55,185,981.9,37650,8700,06-MAY-2024,
FUTSTK,LTF,30-May-2024,0.0,XX,169.6,169.6,163.0,163.65,163.65,2682,19713.92,44914492,-1766952,06-MAY-2024,
FUTSTK,LTF,27-Jun-2024,0.0,XX,170.8,170.8,164.3,164.85,164.85,166,1227.52,1311828,116012,06-MAY-2024,
FUTSTK,LTF,25-Jul-2024,0.0,XX,169.1,169.1,163.9,164.0,165.55,10,73.82,303416,26772,06-MAY-2024,
FUTSTK,LTIM,30-May-2024,0.0,XX,4692.95,4768.0,4689.7,4724.9,4724.9,3112,22091.27,3473550,-31800,06-MAY-2024,
FUTSTK,LTIM,27-Jun-2024,0.0,XX,4710.0,4790.0,4710.0,4753.0,4753.0,165,1176.88,153600,2700,06-MAY-2024,
FUTSTK,LTIM,25-Jul-2024,0.0,XX,4725.0,4777.0,4725.0,4761.0,4779.45,20,142.61,13650,-600,06-MAY-2024,
FUTSTK,LTTS,30-May-2024,0.0,XX,4600.0,4600.0,4490.0,4508.55,4508.55,3336,15099.22,1422000,25400,06-MAY-2024,
FUTSTK,LTTS,27-Jun-2024,0.0,XX,4554.2,4554.2,4469.7,4490.1,4490.1,506,2277.61,136400,9300,06-MAY-2024,
FUTSTK,LTTS,25-Jul-2024,0.0,XX,4520.0,4525.0,4453.0,4474.15,4474.15,99,443.47,43500,5100,06-MAY-2024,
FUTSTK,LUPIN,30-May-2024,0.0,XX,1673.9,1694.9,1633.35,1685.4,1685.4,10731,75886.05,6343550,453900,06-MAY-2024,
FUTSTK,LUPIN,27-Jun-2024,0.0,XX,1676.7,1702.9,1645.0,1694.35,1694.35,553,3928.61,107525,15725,06-MAY-2024,
FUTSTK,LUPIN,25-Jul-2024,0.0,XX,1668.95,1702.95,1656.0,1702.0,1702.0,19,134.92,8500,4675,06-MAY-2024,
FUTSTK,M&M,30-May-2024,0.0,XX,2215.8,2249.9,2205.3,2235.45,2235.45,8162,63728.78,12178950,279650,06-MAY-2024,
FUTSTK,M&M,27-Jun-2024,0.0,XX,2225.45,2263.3,2217.15,2249.35,2249.35,487,3828.22,212800,45500,06-MAY-2024,
FUTSTK,M&M,25-Jul-2024,0.0,XX,2242.3,2257.0,2234.1,2235.0,2260.7,37,290.76,18900,3500,06-MAY-2024,
FUTSTK,M&MFIN,30-May-2024,0.0,XX,270.25,274.2,256.0,259.3,259.3,11490,60953.01,33844000,850000,06-MAY-2024,
FUTSTK,M&MFIN,27-Jun-2024,0.0,XX,271.0,273.4,256.0,258.35,258.35,980,5184.7,1930000,432000,06-MAY-2024,
FUTSTK,M&MFIN,25-Jul-2024,0.0,XX,270.55,270.55,256.0,259.1,259.1,130,686.36,282000,90000,06-MAY-2024,
FUTSTK,MANAPPURAM,30-May-2024,0.0,XX,197.75,198.75,191.9,192.55,192.55,2760,16071.12,54222000,-597000,06-MAY-2024,
FUTSTK,MANAPPURAM,27-Jun-2024,0.0,XX,199.5,200.4,193.35,193.85,193.85,389,2277.14,1602000,201000,06-MAY-2024,
FUTSTK,MANAPPURAM,25-Jul-2024,0.0,XX,201.0,201.0,194.65,195.25,195.25,13,76.82,96000,9000,06-MAY-2024,
FUTSTK,MARICO,30-May-2024,0.0,XX,522.0,535.9,520.8,532.55,532.55,7388,47039.46,14006400,48000,06-MAY-2024,
FUTSTK,MARICO,27-Jun-2024,0.0,XX,528.0,539.15,526.3,536.45,536.45,244,1562.85,130800,22800,06-MAY-2024,
FUTSTK,MARICO,25-Jul-2024,0.0,XX,534.95,541.0,534.95,540.45,540.45,4,25.85,4800,2400,06-MAY-2024,
FUTSTK,MARUTI,30-May-2024,0.0,XX,12672.9,12721.6,12461.95,12531.1,12531.1,10339,65112.85,2556450,40450,06-MAY-2024,
FUTSTK,MARUTI,27-Jun-2024,0.0,XX,12760.0,12819.65,12565.0,12620.9,12620.9,490,3107.75,33300,1200,06-MAY-2024,
FUTSTK,MARUTI,25-Jul-2024,0.0,XX,12850.0,12885.1,12660.0,12660.0,12638.85,19,121.56,3200,400,06-MAY-2024,
FUTSTK,MCDOWELL-N,30-May-2024,0.0,XX,1220.95,1251.0,1205.3,1237.45,1237.45,6544,56487.74,11574500,557200,06-MAY-2024,
FUTSTK,MCDOWELL-N,27-Jun-2024,0.0,XX,1229.35,1257.0,1214.05,1244.75,1244.75,289,2509.79,128100,39900,06-MAY-2024,
FUTSTK,MCDOWELL-N,25-Jul-2024,0.0,XX,1240.0,1263.05,1237.0,1254.3,1254.3,31,272.08,18900,9100,06-MAY-2024,
FUTSTK,MCX,30-May-2024,0.0,XX,4074.5,4139.75,3978.7,4077.8,4077.8,4881,39684.86,2364600,57800,06-MAY-2024,
FUTSTK,MCX,27-Jun-2024,0.0,XX,4109.6,4165.0,4009.15,4101.8,4101.8,245,2003.66,67800,3000,06-MAY-2024,
FUTSTK,MCX,25-Jul-2024,0.0,XX,4105.2,4184.0,4098.85,4117.55,4112.45,8,65.88,11600,1000,06-MAY-2024,
FUTSTK,METROPOLIS,30-May-2024,0.0,XX,1796.85,1841.65,1788.6,1807.9,1807.9,1923,13983.35,1138000,32000,06-MAY-2024,
FUTSTK,METROPOLIS,27-Jun-2024,0.0,XX,1755.8,1787.6,1746.0,1749.55,1749.55,192,1356.44,136000,-400,06-MAY-2024,
FUTSTK,METROPOLIS,25-Jul-2024,0.0,XX,1764.85,1784.55,1740.0,1740.0,1842.75,3,21.15,2400,800,06-MAY-2024,
FUTSTK,MFSL,30-May-2024,0.0,XX,1003.5,1015.3,986.25,993.3,993.3,1700,13558.86,6895200,-62400,06-MAY-2024,
FUTSTK,MFSL,27-Jun-2024,0.0,XX,1017.95,1021.5,994.0,999.4,999.4,99,797.24,56800,11200,06-MAY-2024,
FUTSTK,MFSL,25-Jul-2024,0.0,XX,1025.05,1025.05,1003.65,1003.65,1003.75,3,24.26,800,800,06-MAY-2024,
FUTSTK,MGL,30-May-2024,0.0,XX,1455.1,1455.15,1408.6,1419.25,1419.25,1629,9259.58,2256400,-73200,06-MAY-2024,
FUTSTK,MGL,27-Jun-2024,0.0,XX,1455.85,1456.3,1420.55,1427.95,1427.95,53,303.6,43200,1600,06-MAY-2024,
FUTSTK,MGL,25-Jul-2024,0.0,XX,0.0,0.0,0.0,1453.65,1435.6,0,0.0,5600,0,06-MAY-2024,
FUTSTK,MOTHERSON,30-May-2024,0.0,XX,132.1,132.9,127.5,128.4,128.4,3288,30323.42,140778800,-3528700,06-MAY-2024,
FUTSTK,MOTHERSON,27-Jun-2024,0.0,XX,133.75,133.8,128.9,129.4,129.4,239,2221.3,2882600,560900,06-MAY-2024,
FUTSTK,MOTHERSON,25-Jul-2024,0.0,XX,134.5,134.5,129.85,130.3,130.3,26,243.42,766800,49700,06-MAY-2024,
FUTSTK,MPHASIS,30-May-2024,0.0,XX,2302.8,2356.5,2290.5,2315.75,2315.75,3051,19547.24,3054150,67375,06-MAY-2024,
FUTSTK,MPHASIS,27-Jun-2024,0.0,XX,2330.0,2368.25,2325.85,2330.45,2330.45,179,1152.28,81400,0,06-MAY-2024,
FUTSTK,MPHASIS,25-Jul-2024,0.0,XX,2351.0,2370.7,2348.75,2348.75,2336.1,6,38.9,6875,550,06-MAY-2024,
FUTSTK,MRF,30-May-2024,0.0,XX,128389.75,128389.75,124353.3,126077.8,126077.8,5878,37144.48,64245,3215,06-MAY-2024,
FUTSTK,MRF,27-Jun-2024,0.0,XX,128133.4,128650.35,124358.75,126010.3,126010.3,798,5051.07,3180,650,06-MAY-2024,
FUTSTK,MRF,25-Jul-2024,0.0,XX,127800.0,128515.55,124810.65,126418.6,126418.6,48,304.56,575,135,06-MAY-2024,
FUTSTK,MUTHOOTFIN,30-May-2024,0.0,XX,1698.2,1702.85,1656.05,1662.5,1662.5,1804,16649.79,5124350,-101200,06-MAY-2024,
FUTSTK,MUTHOOTFIN,27-Jun-2024,0.0,XX,1677.25,1677.25,1634.45,1638.3,1638.3,123,1119.97,140800,19250,06-MAY-2024,
FUTSTK,MUTHOOTFIN,25-Jul-2024,0.0,XX,0.0,0.0,0.0,1662.45,1701.3,0,0.0,4950,0,06-MAY-2024,
FUTSTK,NATIONALUM,30-May-2024,0.0,XX,186.55,188.15,179.1,184.5,184.5,7047,48545.35,89343750,615000,06-MAY-2024,
FUTSTK,NATIONALUM,27-Jun-2024,0.0,XX,188.0,189.25,180.75,186.0,186.0,444,3079.04,3206250,172500,06-MAY-2024,
FUTSTK,NATIONALUM,25-Jul-2024,0.0,XX,185.15,189.55,182.75,187.35,187.35,35,243.29,262500,97500,06-MAY-2024,
FUTSTK,NAUKRI,30-May-2024,0.0,XX,6044.85,6100.0,6001.7,6020.9,6020.9,1010,9158.44,1412550,-12750,06-MAY-2024,
FUTSTK,NAUKRI,27-Jun-2024,0.0,XX,6095.7,6137.15,6050.25,6057.65,6057.65,47,428.76,16950,-600,06-MAY-2024,
FUTSTK,NAUKRI,25-Jul-2024,0.0,XX,0.0,0.0,0.0,6160.0,6082.25,0,0.0,1200,0,06-MAY-2024,
FUTSTK,NAVINFLUOR,30-May-2024,0.0,XX,3489.75,3525.0,3456.25,3466.35,3466.35,7668,40132.93,2748300,98550,06-MAY-2024,
FUTSTK,NAVINFLUOR,27-Jun-2024,0.0,XX,3499.05,3536.0,3470.0,3474.55,3474.55,208,1091.73,66000,2700,06-MAY-2024,
FUTSTK,NAVINFLUOR,25-Jul-2024,0.0,XX,3501.0,3501.0,3501.0,3501.0,3496.1,1,6.12,3150,175,06-MAY-2024,
FUTSTK,NESTLEIND,30-May-2024,0.0,XX,2482.7,2497.0,2465.35,2476.1,2476.1,3503,17373.79,5439600,38600,06-MAY-2024,
FUTSTK,NESTLEIND,27-Jun-2024,0.0,XX,2495.7,2511.0,2482.75,2492.55,2492.55,182,908.65,90600,6400,06-MAY-2024,
FUTSTK,NESTLEIND,25-Jul-2024,0.0,XX,2500.0,2514.4,2492.75,2501.9,2501.9,14,70.11,11200,600,06-MAY-2024,
FUTSTK,NMDC,30-May-2024,0.0,XX,268.65,274.9,258.95,271.35,271.35,16386,197894.45,69340500,-2214000,06-MAY-2024,
FUTSTK,NMDC,27-Jun-2024,0.0,XX,273.0,275.95,260.2,272.65,272.65,1302,15820.05,4207500,423000,06-MAY-2024,
FUTSTK,NMDC,25-Jul-2024,0.0,XX,273.85,277.05,263.05,274.2,274.2,106,1293.47,378000,9000,06-MAY-2024,
FUTSTK,NTPC,30-May-2024,0.0,XX,369.0,370.45,356.0,358.35,358.35,20982,113357.99,95569500,-6225000,06-MAY-2024,
FUTSTK,NTPC,27-Jun-2024,0.0,XX,370.85,373.2,358.95,361.1,361.1,1229,6688.65,2976000,186000,06-MAY-2024,
FUTSTK,NTPC,25-Jul-2024,0.0,XX,374.0,374.0,362.0,363.95,363.95,54,295.87,211500,24000,06-MAY-2024,
FUTSTK,OBEROIRLTY,30-May-2024,0.0,XX,1484.8,1526.0,1481.8,1510.25,1510.25,2711,28580.15,4494700,-37100,06-MAY-2024,
FUTSTK,OBEROIRLTY,27-Jun-2024,0.0,XX,1495.0,1531.0,1490.0,1516.8,1516.8,126,1335.3,56700,16100,06-MAY-2024,
FUTSTK,OBEROIRLTY,25-Jul-2024,0.0,XX,1507.0,1507.0,1507.0,1507.0,1522.8,1,10.54,7700,0,06-MAY-2024,
FUTSTK,OFSS,30-May-2024,0.0,XX,7870.05,7948.35,7837.5,7898.45,7898.45,3858,30465.57,952600,-63100,06-MAY-2024,
FUTSTK,OFSS,27-Jun-2024,0.0,XX,7925.35,7990.0,7887.55,7950.5,7950.5,167,1326.5,27400,-400,06-MAY-2024,
FUTSTK,OFSS,25-Jul-2024,0.0,XX,8000.0,8001.5,8000.0,8001.5,7986.7,2,16.0,1100,100,06-MAY-2024,
FUTSTK,ONGC,30-May-2024,0.0,XX,289.05,289.75,276.35,283.45,283.45,15720,85419.29,71627325,-3376450,06-MAY-2024,
FUTSTK,ONGC,27-Jun-2024,0.0,XX,291.3,291.85,278.5,285.75,285.75,839,4586.93,2105950,188650,06-MAY-2024,
FUTSTK,ONGC,25-Jul-2024,0.0,XX,293.85,293.85,280.8,287.45,287.45,46,253.55,200200,32725,06-MAY-2024,
FUTSTK,PAGEIND,30-May-2024,0.0,XX,35399.85,35399.85,34514.2,34613.4,34613.4,2119,11053.69,176685,1920,06-MAY-2024,
FUTSTK,PAGEIND,27-Jun-2024,0.0,XX,34900.0,35000.0,34398.85,34496.2,34496.2,192,996.49,8295,690,06-MAY-2024,
FUTSTK,PAGEIND,25-Jul-2024,0.0,XX,34800.0,34800.0,34575.0,34600.0,34986.15,4,20.8,345,45,06-MAY-2024,
FUTSTK,PEL,30-May-2024,0.0,XX,968.85,978.5,949.0,955.8,955.8,5052,36429.14,12261000,-136500,06-MAY-2024,
FUTSTK,PEL,27-Jun-2024,0.0,XX,979.0,984.35,957.95,962.45,962.45,337,2454.95,275250,48000,06-MAY-2024,
FUTSTK,PEL,25-Jul-2024,0.0,XX,979.0,979.0,965.0,970.75,966.9,5,36.37,9000,1500,06-MAY-2024,
FUTSTK,PERSISTENT,30-May-2024,0.0,XX,3394.35,3455.0,3383.55,3414.95,3414.95,4054,27792.59,3323000,-155600,06-MAY-2024,
FUTSTK,PERSISTENT,27-Jun-2024,0.0,XX,3413.2,3461.0,3413.0,3423.15,3423.15,488,3352.07,131200,4600,06-MAY-2024,
FUTSTK,PERSISTENT,25-Jul-2024,0.0,XX,3425.0,3470.0,3420.0,3425.15,3425.15,21,144.57,8800,-200,06-MAY-2024,
FUTSTK,PETRONET,30-May-2024,0.0,XX,318.0,318.0,305.2,306.5,306.5,5742,53424.01,44796000,1521000,06-MAY-2024,
FUTSTK,PETRONET,27-Jun-2024,0.0,XX,319.9,320.0,308.0,309.15,309.15,375,3519.4,1638000,429000,06-MAY-2024,
FUTSTK,PETRONET,25-Jul-2024,0.0,XX,321.0,321.0,310.0,310.0,310.0,18,170.13,144000,15000,06-MAY-2024,
FUTSTK,PFC,30-May-2024,0.0,XX,462.1,462.1,422.6,439.65,439.65,33015,564483.8,76756000,155000,06-MAY-2024,
FUTSTK,PFC,27-Jun-2024,0.0,XX,460.75,461.1,424.35,441.2,441.2,2841,48608.64,4514375,1224500,06-MAY-2024,
FUTSTK,PFC,25-Jul-2024,0.0,XX,463.05,463.05,428.0,444.05,444.05,550,3180.52,440700,153400,06-MAY-2024,
FUTSTK,PIDILITIND,30-May-2024,0.0,XX,2968.9,2986.0,2945.05,2973.8,2973.8,1651,12245.89,1767750,-47750,06-MAY-2024,
FUTSTK,PIDILITIND,27-Jun-2024,0.0,XX,2980.0,3000.0,2968.55,2994.75,2994.75,63,470.27,20000,0,06-MAY-2024,
FUTSTK,PIDILITIND,25-Jul-2024,0.0,XX,3006.1,3006.1,3006.1,3006.1,3000.75,1,7.51,2750,250,06-MAY-2024,
FUTSTK,PIIND,30-May-2024,0.0,XX,3617.1,3656.0,3603.25,3613.7,3613.7,2392,21725.07,1690250,1500,06-MAY-2024,
FUTSTK,PIIND,27-Jun-2024,0.0,XX,3664.8,3677.7,3631.55,3639.15,3639.15,63,575.72,41750,5250,06-MAY-2024,
FUTSTK,PIIND,25-Jul-2024,0.0,XX,0.0,0.0,0.0,3661.75,3650.65,0,0.0,1250,0,06-MAY-2024,
FUTSTK,PNB,30-May-2024,0.0,XX,137.5,137.8,127.25,128.05,128.05,26220,272475.64,311360000,45648000,06-MAY-2024,
FUTSTK,PNB,27-Jun-2024,0.0,XX,137.2,137.5,127.3,128.05,128.05,3175,32941.03,27440000,9960000,06-MAY-2024,
FUTSTK,PNB,25-Jul-2024,0.0,XX,135.0,135.2,128.3,128.9,128.9,418,4354.06,4024000,1912000,06-MAY-2024,
FUTSTK,POLYCAB,30-May-2024,0.0,XX,5905.0,5979.0,5840.7,5932.65,5932.65,7050,41713.85,1921400,120600,06-MAY-2024,
FUTSTK,POLYCAB,27-Jun-2024,0.0,XX,5909.15,5998.25,5870.0,5951.4,5951.4,305,1810.79,30400,-1100,06-MAY-2024,
FUTSTK,POLYCAB,25-Jul-2024,0.0,XX,5929.7,6000.0,5896.05,5995.0,5996.15,25,185.56,4750,-500,06-MAY-2024,
FUTSTK,POWERGRID,30-May-2024,0.0,XX,309.4,312.4,304.6,308.25,308.25,5621,62324.66,55468800,990000,06-MAY-2024,
FUTSTK,POWERGRID,27-Jun-2024,0.0,XX,312.7,314.45,307.1,310.6,310.6,363,4052.05,1540800,237600,06-MAY-2024,
FUTSTK,POWERGRID,25-Jul-2024,0.0,XX,316.4,316.4,309.5,312.75,312.75,24,269.76,212400,18000,06-MAY-2024,
FUTSTK,PVRINOX,30-May-2024,0.0,XX,1333.05,1333.05,1304.5,1326.3,1326.3,2090,11196.52,5131456,138380,06-MAY-2024,
FUTSTK,PVRINOX,27-Jun-2024,0.0,XX,1340.7,1340.7,1314.8,1335.8,1335.8,427,2302.39,340659,38665,06-MAY-2024,
FUTSTK,PVRINOX,25-Jul-2024,0.0,XX,1343.95,1347.55,1325.65,1346.65,1346.65,42,228.35,47619,8954,06-MAY-2024,
FUTSTK,RAMCOCEM,30-May-2024,0.0,XX,781.6,783.95,769.6,771.55,771.55,1464,9638.98,8912250,69700,06-MAY-2024,
FUTSTK,RAMCOCEM,27-Jun-2024,0.0,XX,786.9,788.05,775.3,776.9,776.9,132,874.65,363800,7650,06-MAY-2024,
FUTSTK,RAMCOCEM,25-Jul-2024,0.0,XX,785.45,785.45,785.45,785.45,780.1,1,6.67,22100,850,06-MAY-2024,
FUTSTK,RBLBANK,30-May-2024,0.0,XX,267.35,267.35,255.15,255.8,255.8,5193,33688.97,58337500,-1025000,06-MAY-2024,
FUTSTK,RBLBANK,27-Jun-2024,0.0,XX,267.4,268.75,257.2,257.65,257.65,402,2627.54,945000,92500,06-MAY-2024,
FUTSTK,RBLBANK,25-Jul-2024,0.0,XX,270.0,270.0,260.0,261.05,258.8,9,59.61,67500,17500,06-MAY-2024,
FUTSTK,RECLTD,30-May-2024,0.0,XX,538.45,543.5,500.15,520.2,520.2,48204,503195.8,49964000,-4326000,06-MAY-2024,
FUTSTK,RECLTD,27-Jun-2024,0.0,XX,541.4,544.3,503.1,521.9,521.9,3258,34112.8,2588000,0,06-MAY-2024,
FUTSTK,RECLTD,25-Jul-2024,0.0,XX,535.0,545.4,505.7,522.6,522.6,518,5440.32,792000,-40000,06-MAY-2024,
FUTSTK,RELIANCE,30-May-2024,0.0,XX,2888.25,2901.15,2857.3,2860.3,2860.3,23415,168304.82,40343750,605750,06-MAY-2024,
FUTSTK,RELIANCE,27-Jun-2024,0.0,XX,2914.8,2920.05,2877.7,2880.4,2880.4,2177,15754.68,1085500,209250,06-MAY-2024,
FUTSTK,RELIANCE,25-Jul-2024,0.0,XX,2936.05,2940.0,2900.0,2901.4,2901.4,133,970.03,61500,9000,06-MAY-2024,
FUTSTK,SAIL,30-May-2024,0.0,XX,169.55,170.0,159.35,164.05,164.05,18587,122127.65,183932000,5668000,06-MAY-2024,
FUTSTK,SAIL,27-Jun-2024,0.0,XX,171.15,171.15,160.6,165.5,165.5,2617,17322.76,14332000,4064000,06-MAY-2024,
FUTSTK,SAIL,25-Jul-2024,0.0,XX,172.1,172.1,163.6,166.3,166.3,126,841.58,1056000,296000,06-MAY-2024,
FUTSTK,SBICARD,30-May-2024,0.0,XX,723.0,728.55,718.7,720.4,720.4,2485,14391.26,18532800,-234400,06-MAY-2024,
FUTSTK,SBICARD,27-Jun-2024,0.0,XX,728.4,729.0,720.4,721.75,721.75,307,1780.24,1200000,40000,06-MAY-2024,
FUTSTK,SBICARD,25-Jul-2024,0.0,XX,730.0,731.0,723.0,723.6,723.6,43,250.12,268800,8800,06-MAY-2024,
FUTSTK,SBILIFE,30-May-2024,0.0,XX,1455.2,1466.0,1439.4,1446.95,1446.95,2713,14760.09,10138875,-158250,06-MAY-2024,
FUTSTK,SBILIFE,27-Jun-2024,0.0,XX,1468.5,1475.05,1451.35,1458.2,1458.2,124,679.98,90750,6750,06-MAY-2024,
FUTSTK,SBILIFE,25-Jul-2024,0.0,XX,0.0,0.0,0.0,1475.55,1463.75,0,0.0,3750,0,06-MAY-2024,
FUTSTK,SBIN,30-May-2024,0.0,XX,825.0,829.5,796.55,803.95,803.95,80641,486363.27,90168000,4023750,06-MAY-2024,
FUTSTK,SBIN,27-Jun-2024,0.0,XX,828.4,829.15,801.0,808.15,808.15,4477,27135.78,8933250,525000,06-MAY-2024,
FUTSTK,SBIN,25-Jul-2024,0.0,XX,833.2,833.6,807.0,813.55,813.55,474,2893.48,341250,93000,06-MAY-2024,
FUTSTK,SHREECEM,30-May-2024,0.0,XX,26243.95,26727.25,25249.75,25710.75,25710.75,4553,29490.82,398600,11275,06-MAY-2024,
FUTSTK,SHREECEM,27-Jun-2024,0.0,XX,26539.9,26865.75,25448.5,25887.05,25887.05,223,1452.65,2600,450,06-MAY-2024,
FUTSTK,SHREECEM,25-Jul-2024,0.0,XX,26963.85,26963.85,25630.05,25630.05,25947.35,5,33.09,250,75,06-MAY-2024,
FUTSTK,SHRIRAMFIN,30-May-2024,0.0,XX,2609.8,2609.8,2512.95,2559.15,2559.15,4439,34039.73,6149400,3000,06-MAY-2024,
FUTSTK,SHRIRAMFIN,27-Jun-2024,0.0,XX,2626.25,2626.3,2533.05,2576.1,2576.1,180,1390.95,117900,12300,06-MAY-2024,
FUTSTK,SHRIRAMFIN,25-Jul-2024,0.0,XX,2550.65,2580.0,2538.65,2580.0,2580.0,5,38.39,8700,600,06-MAY-2024,
FUTSTK,SIEMENS,30-May-2024,0.0,XX,6010.4,6237.8,6010.4,6154.75,6154.75,6551,60186.27,1420200,123150,06-MAY-2024,
FUTSTK,SIEMENS,27-Jun-2024,0.0,XX,6077.8,6265.0,6051.25,6192.65,6192.65,360,3322.33,30300,6600,06-MAY-2024,
FUTSTK,SIEMENS,25-Jul-2024,0.0,XX,6151.5,6290.7,6151.5,6235.1,6205.7,13,121.43,1350,900,06-MAY-2024,
FUTSTK,SRF,30-May-2024,0.0,XX,2575.1,2626.05,2575.1,2601.1,2601.1,3928,38346.69,3815250,-102750,06-MAY-2024,
FUTSTK,SRF,27-Jun-2024,0.0,XX,2596.0,2639.8,2596.0,2621.2,2621.2,286,2811.02,84750,11625,06-MAY-2024,
FUTSTK,SRF,25-Jul-2024,0.0,XX,2636.8,2644.95,2630.0,2643.0,2629.25,7,69.25,5250,-375,06-MAY-2024,
FUTSTK,SUNPHARMA,30-May-2024,0.0,XX,1522.5,1543.15,1520.45,1540.6,1540.6,5258,28238.45,13889400,227850,06-MAY-2024,
FUTSTK,SUNPHARMA,27-Jun-2024,0.0,XX,1534.9,1554.6,1531.25,1551.65,1551.65,263,1422.4,150500,8750,06-MAY-2024,
FUTSTK,SUNPHARMA,25-Jul-2024,0.0,XX,1564.25,1564.25,1564.25,1564.25,1564.25,1,5.47,1050,350,06-MAY-2024,
FUTSTK,SUNTV,30-May-2024,0.0,XX,661.15,665.4,649.6,656.8,656.8,846,8328.2,8445000,-61500,06-MAY-2024,
FUTSTK,SUNTV,27-Jun-2024,0.0,XX,665.6,669.45,656.0,661.7,661.7,62,614.99,112500,7500,06-MAY-2024,
FUTSTK,SUNTV,25-Jul-2024,0.0,XX,0.0,0.0,0.0,646.65,663.65,0,0.0,0,0,06-MAY-2024,
FUTSTK,SYNGENE,30-May-2024,0.0,XX,685.2,691.3,677.0,678.15,678.15,1019,6950.38,7045000,73000,06-MAY-2024,
FUTSTK,SYNGENE,27-Jun-2024,0.0,XX,690.65,693.1,681.0,681.2,681.2,100,684.44,207000,30000,06-MAY-2024,
FUTSTK,SYNGENE,25-Jul-2024,0.0,XX,685.0,685.0,684.7,684.7,684.3,4,27.39,4000,4000,06-MAY-2024,
FUTSTK,TATACHEM,30-May-2024,0.0,XX,1098.0,1106.8,1072.0,1082.65,1082.65,3256,19442.74,10244850,149600,06-MAY-2024,
FUTSTK,TATACHEM,27-Jun-2024,0.0,XX,1074.15,1078.8,1047.65,1057.65,1057.65,647,3771.45,1178100,44550,06-MAY-2024,
FUTSTK,TATACHEM,25-Jul-2024,0.0,XX,1075.0,1075.0,1036.0,1046.95,1046.95,49,282.26,171600,11000,06-MAY-2024,
FUTSTK,TATACOMM,30-May-2024,0.0,XX,1737.55,1742.55,1718.0,1734.6,1734.6,1789,15510.67,7122500,-117000,06-MAY-2024,
FUTSTK,TATACOMM,27-Jun-2024,0.0,XX,1734.75,1743.05,1718.55,1734.25,1734.25,227,1971.42,334500,38500,06-MAY-2024,
FUTSTK,TATACOMM,25-Jul-2024,0.0,XX,1742.0,1742.0,1742.0,1742.0,1752.2,2,17.42,13500,0,06-MAY-2024,
FUTSTK,TATACONSUM,30-May-2024,0.0,XX,1102.25,1109.5,1092.05,1097.5,1097.5,3988,19730.36,10370700,207000,06-MAY-2024,
FUTSTK,TATACONSUM,27-Jun-2024,0.0,XX,1104.3,1112.9,1097.6,1101.55,1101.55,653,3243.37,1203300,-72450,06-MAY-2024,
FUTSTK,TATACONSUM,25-Jul-2024,0.0,XX,1104.5,1114.3,1104.5,1107.0,1107.0,12,59.9,14850,2250,06-MAY-2024,
FUTSTK,TATAMOTORS,30-May-2024,0.0,XX,1024.2,1027.95,1012.0,1021.1,1021.1,9439,137179.4,61471650,-410400,06-MAY-2024,
FUTSTK,TATAMOTORS,27-Jun-2024,0.0,XX,1029.05,1031.0,1016.0,1024.35,1024.35,1072,15632.98,4359075,182400,06-MAY-2024,
FUTSTK,TATAMOTORS,25-Jul-2024,0.0,XX,1036.05,1037.0,1014.95,1030.6,1030.6,271,1535.59,315700,50600,06-MAY-2024,
FUTSTK,TATAPOWER,30-May-2024,0.0,XX,461.05,461.55,444.2,448.35,448.35,10428,158562.04,85316625,-1738125,06-MAY-2024,
FUTSTK,TATAPOWER,27-Jun-2024,0.0,XX,461.45,462.05,446.55,450.35,450.35,1042,15908.8,6385500,614250,06-MAY-2024,
FUTSTK,TATAPOWER,25-Jul-2024,0.0,XX,465.3,465.65,450.9,452.75,452.75,247,1517.72,411750,74250,06-MAY-2024,
FUTSTK,TATASTEEL,30-May-2024,0.0,XX,168.95,169.85,165.7,168.55,168.55,14391,133165.03,247076500,-1369500,06-MAY-2024,
FUTSTK,TATASTEEL,27-Jun-2024,0.0,XX,169.25,170.0,166.2,168.9,168.9,1070,9917.36,12457500,170500,06-MAY-2024,
FUTSTK,TATASTEEL,25-Jul-2024,0.0,XX,170.25,171.0,168.0,169.85,169.85,70,654.62,814000,0,06-MAY-2024,
FUTSTK,TCS,30-May-2024,0.0,XX,3857.95,3931.7,3849.8,3911.45,3911.45,18104,123809.24,13641775,-322525,06-MAY-2024,
FUTSTK,TCS,27-Jun-2024,0.0,XX,3875.55,3957.35,3875.55,3938.1,3938.1,1561,10746.45,525000,72800,06-MAY-2024,
FUTSTK,TCS,25-Jul-2024,0.0,XX,3891.9,3974.15,3891.9,3955.35,3955.35,121,836.08,19600,1925,06-MAY-2024,
FUTSTK,TECHM,30-May-2024,0.0,XX,1257.5,1275.4,1254.7,1271.25,1271.25,5154,39209.38,16177800,198600,06-MAY-2024,
FUTSTK,TECHM,27-Jun-2024,0.0,XX,1268.95,1284.3,1265.0,1280.3,1280.3,187,1432.88,448200,26400,06-MAY-2024,
FUTSTK,TECHM,25-Jul-2024,0.0,XX,1278.55,1293.0,1277.0,1290.3,1290.3,22,169.98,55200,-4200,06-MAY-2024,
FUTSTK,TITAN,30-May-2024,0.0,XX,3500.0,3512.35,3280.3,3303.95,3303.95,38840,228908.58,7247100,1106700,06-MAY-2024,
FUTSTK,TITAN,27-Jun-2024,0.0,XX,3515.1,3515.1,3305.85,3329.35,3329.35,3068,18073.07,377475,186550,06-MAY-2024,
FUTSTK,TITAN,25-Jul-2024,0.0,XX,3526.7,3526.7,3323.05,3347.6,3347.6,432,2553.38,47775,38325,06-MAY-2024,
FUTSTK,TORNTPHARM,30-May-2024,0.0,XX,2760.85,2773.7,2704.0,2724.4,2724.4,2365,16148.97,1277000,-19000,06-MAY-2024,
FUTSTK,TORNTPHARM,27-Jun-2024,0.0,XX,2768.95,2783.05,2720.0,2737.85,2737.85,54,371.77,14750,1500,06-MAY-2024,
FUTSTK,TORNTPHARM,25-Jul-2024,0.0,XX,0.0,0.0,0.0,2743.85,2760.85,0,0.0,0,0,06-MAY-2024,
FUTSTK,TRENT,30-May-2024,0.0,XX,4650.0,4653.45,4495.4,4537.75,4537.75,3463,31455.59,3410800,-23400,06-MAY-2024,
FUTSTK,TRENT,27-Jun-2024,0.0,XX,4613.1,4633.3,4534.8,4570.9,4570.9,128,1171.26,125200,-3000,06-MAY-2024,
FUTSTK,TRENT,25-Jul-2024,0.0,XX,4643.7,4657.1,4563.0,4599.35,4599.35,16,147.36,19400,1000,06-MAY-2024,
FUTSTK,TVSMOTOR,30-May-2024,0.0,XX,2085.5,2085.7,2044.25,2070.55,2070.55,2446,17697.59,5660900,-51450,06-MAY-2024,
FUTSTK,TVSMOTOR,27-Jun-2024,0.0,XX,2084.4,2094.25,2059.0,2083.35,2083.35,136,990.29,113050,4900,06-MAY-2024,
FUTSTK,TVSMOTOR,25-Jul-2024,0.0,XX,2084.1,2105.4,2080.1,2094.5,2094.5,8,58.54,5600,700,06-MAY-2024,
FUTSTK,UBL,30-May-2024,0.0,XX,1995.55,2005.8,1938.9,1962.6,1962.6,3660,28814.45,2913600,-26400,06-MAY-2024,
FUTSTK,UBL,27-Jun-2024,0.0,XX,1968.15,1979.6,1918.1,1933.3,1933.3,188,1460.54,79600,8000,06-MAY-2024,
FUTSTK,UBL,25-Jul-2024,0.0,XX,0.0,0.0,0.0,1952.0,2016.6,0,0.0,4000,0,06-MAY-2024,
FUTSTK,ULTRACEMCO,30-May-2024,0.0,XX,9941.75,9982.35,9804.8,9836.35,9836.35,3488,34475.69,1999900,3000,06-MAY-2024,
FUTSTK,ULTRACEMCO,27-Jun-2024,0.0,XX,9956.1,10050.0,9893.7,9905.6,9905.6,195,1943.44,53100,6000,06-MAY-2024,
FUTSTK,ULTRACEMCO,25-Jul-2024,0.0,XX,10006.0,10016.65,9945.0,9945.0,9945.0,5,49.88,4400,200,06-MAY-2024,
FUTSTK,UPL,30-May-2024,0.0,XX,498.7,502.05,484.45,486.75,486.75,5987,38241.69,39422500,986700,06-MAY-2024,
FUTSTK,UPL,27-Jun-2024,0.0,XX,501.5,504.5,487.25,489.4,489.4,787,5051.76,2168400,305500,06-MAY-2024,
FUTSTK,UPL,25-Jul-2024,0.0,XX,500.3,504.3,488.0,489.7,489.7,72,463.22,297700,42900,06-MAY-2024,
FUTSTK,VEDL,30-May-2024,0.0,XX,421.8,421.8,406.1,412.65,412.65,6620,62736.47,96050300,-1320200,06-MAY-2024,
FUTSTK,VEDL,27-Jun-2024,0.0,XX,421.55,424.4,409.0,415.45,415.45,355,3393.84,1313300,52900,06-MAY-2024,
FUTSTK,VEDL,25-Jul-2024,0.0,XX,422.0,422.0,412.35,418.25,418.25,25,240.26,163300,23000,06-MAY-2024,
FUTSTK,VOLTAS,30-May-2024,0.0,XX,1491.65,1498.95,1451.0,1453.75,1453.75,5586,49215.45,4495200,-340200,06-MAY-2024,
FUTSTK,VOLTAS,27-Jun-2024,0.0,XX,1495.0,1496.75,1454.55,1456.05,1456.05,304,2680.39,207000,20400,06-MAY-2024,
FUTSTK,VOLTAS,25-Jul-2024,0.0,XX,1492.1,1496.2,1463.0,1463.05,1463.05,22,194.74,19800,3000,06-MAY-2024,
FUTSTK,WIPRO,30-May-2024,0.0,XX,458.0,464.65,457.05,461.65,461.65,5903,40944.4,56346000,-306000,06-MAY-2024,
FUTSTK,WIPRO,27-Jun-2024,0.0,XX,460.2,466.95,460.2,463.95,463.95,671,4678.88,3934500,339000,06-MAY-2024,
FUTSTK,WIPRO,25-Jul-2024,0.0,XX,464.0,469.25,463.5,466.55,466.55,53,371.64,207000,12000,06-MAY-2024,
FUTSTK,ZEEL,30-May-2024,0.0,XX,144.85,145.95,136.5,137.05,137.05,7218,30123.38,116793000,-1236000,06-MAY-2024,
FUTSTK,ZEEL,27-Jun-2024,0.0,XX,146.15,146.75,137.65,138.1,138.1,1498,6267.17,17748000,2796000,06-MAY-2024,
FUTSTK,ZYDUSLIFE,30-May-2024,0.0,XX,1009.5,1033.9,976.6,1026.95,1026.95,6198,56187.68,8148600,-573300,06-MAY-2024,
FUTSTK,ZYDUSLIFE,27-Jun-2024,0.0,XX,1007.7,1036.35,982.0,1031.9,1031.9,228,2076.79,151200,-7200,06-MAY-2024,
FUTSTK,ZYDUSLIFE,25-Jul-2024,0.0,XX,1008.0,1042.1,1008.0,1036.8,1036.8,15,138.52,8100,900,06-MAY-2024,
OPTIDX,BANKNIFTY,08-May-2024,39500.0,CE,0.0,0.0,0.0,9474.15,9410.55,0,0.0,15,0,06-MAY-2024,
OPTIDX,BANKNIFTY,08-May-2024,40000.0,CE,0.0,0.0,0.0,9442.65,8910.75,0,0.0,15,0,06-MAY-2024,
OPTIDX,BANKNIFTY,08-May-2024,40500.0,CE,0.0,0.0,0.0,7408.9,8410.9,0,0.0,0,0,06-MAY-2024,
OPTIDX,BANKNIFTY,08-May-2024,41000.0,CE,0.0,0.0,0.0,6913.8,7911.1,0,0.0,0,0,06-MAY-2024,
OPTIDX,BANKNIFTY,08-May-2024,41500.0,CE,0.0,0.0,0.0,6419.95,7411.3,0,0.0,0,0,06-MAY-2024,
OPTIDX,BANKNIFTY,08-May-2024,42000.0,CE,0.0,0.0,0.0,5928.1,6911.5,0,0.0,0,0,06-MAY-2024,
OPTIDX,BANKNIFTY,08-May-2024,42500.0,CE,0.0,0.0,0.0,5439.55,6411.7,0,0.0,0,0,06-MAY-2024,
OPTIDX,BANKNIFTY,08-May-2024,43000.0,CE,6162.95,6466.4,6162.95,6466.4,5911.9,2,14.79,105,0,06-MAY-2024,
OPTIDX,BANKNIFTY,08-May-2024,43500.0,CE,0.0,0.0,0.0,4479.65,5412.05,0,0.0,0,0,06-MAY-2024,
OPTIDX,BANKNIFTY,08-May-2024,44000.0,CE,0.0,0.0,0.0,5000.0,4912.25,0,0.0,45,0,06-MAY-2024,
OPTIDX,BANKNIFTY,08-May-2024,44100.0,CE,0.0,0.0,0.0,5223.9,4812.3,0,0.0,0,0,06-MAY-2024,
OPTIDX,BANKNIFTY,08-May-2024,44200.0,CE,0.0,0.0,0.0,3830.5,4712.35,0,0.0,0,0,06-MAY-2024,
OPTIDX,BANKNIFTY,08-May-2024,44300.0,CE,0.0,0.0,0.0,3739.95,4612.4,0,0.0,0,0,06-MAY-2024,
OPTIDX,BANKNIFTY,08-May-2024,44400.0,CE,4794.7,4794.7,4447.35,4447.35,4512.4,2,14.7,15,15,06-MAY-2024,
OPTIDX,BANKNIFTY,08-May-2024,44500.0,CE,0.0,0.0,0.0,4490.4,4412.45,0,0.0,60,0,06-MAY-2024,
OPTIDX,BANKNIFTY,08-May-2024,44600.0,CE,0.0,0.0,0.0,4807.9,4312.5,0,0.0,60,0,06-MAY-2024,
OPTIDX,BANKNIFTY,08-May-2024,44700.0,CE,0.0,0.0,0.0,3384.3,4212.55,0,0.0,0,0,06-MAY-2024,
OPTIDX,BANKNIFTY,08-May-2024,44800.0,CE,0.0,0.0,0.0,3297.2,4112.55,0,0.0,0,0,06-MAY-2024,
OPTIDX,BANKNIFTY,08-May-2024,44900.0,CE,0.0,0.0,0.0,3210.85,4012.6,0,0.0,0,0,06-MAY-2024,
OPTIDX,BANKNIFTY,08-May-2024,45000.0,CE,0.0,0.0,0.0,3856.35,3912.65,0,0.0,1095,0,06-MAY-2024,
OPTIDX,BANKNIFTY,08-May-2024,45100.0,CE,0.0,0.0,0.0,3725.0,3812.7,0,0.0,15,0,06-MAY-2024,
OPTIDX,BANKNIFTY,08-May-2024,45200.0,CE,3975.0,3975.0,3975.0,3975.0,3712.75,3,22.12,0,-45,06-MAY-2024,
OPTIDX,BANKNIFTY,08-May-2024,45300.0,CE,3800.0,3800.0,3800.0,3800.0,3612.75,2,14.73,0,-30,06-MAY-2024,
OPTIDX,BANKNIFTY,08-May-2024,45400.0,CE,0.0,0.0,0.0,3425.0,3512.8,0,0.0,0,0,06-MAY-2024,
OPTIDX,BANKNIFTY,08-May-2024,45500.0,CE,3725.0,3775.0,3530.0,3530.0,3412.85,8,58.97,1080,60,06-MAY-2024,
OPTIDX,BANKNIFTY,08-May-2024,45600.0,CE,0.0,0.0,0.0,4005.0,3312.9,0,0.0,15,0,06-MAY-2024,
OPTIDX,BANKNIFTY,08-May-2024,45700.0,CE,0.0,0.0,0.0,3466.15,3212.9,0,0.0,0,0,06-MAY-2024,
OPTIDX,BANKNIFTY,08-May-2024,45800.0,CE,0.0,0.0,0.0,2474.95,3112.95,0,0.0,0,0,06-MAY-2024,
OPTIDX,BANKNIFTY,08-May-2024,45900.0,CE,0.0,0.0,0.0,2924.8,3013.0,0,0.0,570,0,06-MAY-2024,
OPTIDX,BANKNIFTY,08-May-2024,46000.0,CE,3100.55,3390.0,2842.25,3137.0,2913.05,78,576.15,6990,-390,06-MAY-2024,
OPTIDX,BANKNIFTY,08-May-2024,46100.0,CE,0.0,0.0,0.0,3205.0,2813.1,0,0.0,60,0,06-MAY-2024,
OPTIDX,BANKNIFTY,08-May-2024,46200.0,CE,3025.0,3025.0,2710.0,2710.0,2713.1,3,22.06,375,-15,06-MAY-2024,
OPTIDX,BANKNIFTY,08-May-2024,46300.0,CE,0.0,0.0,0.0,3172.05,2613.15,0,0.0,45,0,06-MAY-2024,
OPTIDX,BANKNIFTY,08-May-2024,46400.0,CE,0.0,0.0,0.0,1423.75,2513.2,0,0.0,345,0,06-MAY-2024,
OPTIDX,BANKNIFTY,08-May-2024,46500.0,CE,2545.15,2897.0,2420.0,2478.25,2413.25,52,383.44,4335,-105,06-MAY-2024,
OPTIDX,BANKNIFTY,08-May-2024,46600.0,CE,2500.0,2705.0,2345.0,2370.8,2313.3,13,95.71,915,0,06-MAY-2024,
OPTIDX,BANKNIFTY,08-May-2024,46700.0,CE,0.0,0.0,0.0,2947.15,2213.35,0,0.0,735,0,06-MAY-2024,
OPTIDX,BANKNIFTY,08-May-2024,46800.0,CE,2641.45,2641.45,2206.0,2206.0,2113.45,10,73.76,1275,15,06-MAY-2024,
OPTIDX,BANKNIFTY,08-May-2024,46900.0,CE,0.0,0.0,0.0,2050.0,2013.6,0,0.0,690,0,06-MAY-2024,
OPTIDX,BANKNIFTY,08-May-2024,47000.0,CE,2254.0,2400.0,1860.0,2007.55,2007.55,973,7169.11,26685,-3405,06-MAY-2024,
OPTIDX,BANKNIFTY,08-May-2024,47100.0,CE,2357.35,2357.35,1785.0,1901.2,1901.2,103,760.32,2235,165,06-MAY-2024,
OPTIDX,BANKNIFTY,08-May-2024,47200.0,CE,2014.35,2014.35,1746.4,1838.55,1838.55,15,110.24,1335,-60,06-MAY-2024,
OPTIDX,BANKNIFTY,08-May-2024,47300.0,CE,1780.3,2000.0,1595.25,1718.4,1718.4,147,1083.14,2100,15,06-MAY-2024,
OPTIDX,BANKNIFTY,08-May-2024,47400.0,CE,1800.0,1940.75,1552.65,1615.0,1615.0,58,427.61,2520,45,06-MAY-2024,
OPTIDX,BANKNIFTY,08-May-2024,47500.0,CE,1604.75,1900.0,1373.75,1518.7,1518.7,2165,15940.47,113535,975,06-MAY-2024,
OPTIDX,BANKNIFTY,08-May-2024,47600.0,CE,1551.65,1820.2,1325.85,1427.8,1427.8,78,574.94,2310,-90,06-MAY-2024,
OPTIDX,BANKNIFTY,08-May-2024,47700.0,CE,1390.95,1715.05,1200.0,1326.2,1326.2,204,1504.16,4425,435,06-MAY-2024,
OPTIDX,BANKNIFTY,08-May-2024,47800.0,CE,1363.85,1620.35,1098.65,1231.55,1231.55,499,3675.81,8700,90,06-MAY-2024,
OPTIDX,BANKNIFTY,08-May-2024,47900.0,CE,1212.05,1516.5,994.85,1135.55,1135.55,1007,7409.44,8070,30,06-MAY-2024,
OPTIDX,BANKNIFTY,08-May-2024,48000.0,CE,1222.15,1425.55,900.0,1043.6,1043.6,45694,336816.08,249585,-33900,06-MAY-2024,
OPTIDX,BANKNIFTY,08-May-2024,48100.0,CE,1148.8,1339.75,820.0,949.45,949.45,5759,42407.13,13995,1185,06-MAY-2024,
OPTIDX,BANKNIFTY,08-May-2024,48200.0,CE,1035.0,1236.4,735.8,859.95,859.95,12006,88444.59,32250,930,06-MAY-2024,
OPTIDX,BANKNIFTY,08-May-2024,48300.0,CE,911.7,1140.0,645.0,769.4,769.4,17637,130009.59,62280,15135,06-MAY-2024,
OPTIDX,BANKNIFTY,08-May-2024,48400.0,CE,871.95,1056.85,568.0,686.75,686.75,32886,242629.1,71595,11730,06-MAY-2024,
OPTIDX,BANKNIFTY,08-May-2024,48500.0,CE,753.0,969.45,492.9,604.6,604.6,219256,1618083.59,369135,59745,06-MAY-2024,
OPTIDX,BANKNIFTY,08-May-2024,48600.0,CE,714.95,880.65,426.7,528.4,528.4,146817,1083547.24,143115,21450,06-MAY-2024,
OPTIDX,BANKNIFTY,08-May-2024,48700.0,CE,610.0,799.8,363.3,456.85,456.85,358721,2648793.29,196455,25095,06-MAY-2024,
OPTIDX,BANKNIFTY,08-May-2024,48800.0,CE,530.05,718.8,307.05,392.4,392.4,1052477,7775866.07,413415,89370,06-MAY-2024,
OPTIDX,BANKNIFTY,08-May-2024,48900.0,CE,461.0,641.05,256.4,333.0,333.0,1909362,14118764.5,655230,258030,06-MAY-2024,
OPTIDX,BANKNIFTY,08-May-2024,49000.0,CE,460.0,569.2,211.7,279.35,279.35,4372495,32381700.68,2585805,953685,06-MAY-2024,
OPTIDX,BANKNIFTY,08-May-2024,49100.0,CE,350.0,499.9,173.35,232.7,232.7,3119889,23137801.78,943305,411585,06-MAY-2024,
OPTIDX,BANKNIFTY,08-May-2024,49200.0,CE,300.1,437.0,140.6,192.0,192.0,4105564,30481188.06,1599315,804720,06-MAY-2024,
OPTIDX,BANKNIFTY,08-May-2024,49300.0,CE,270.0,378.0,113.35,157.5,157.5,2796157,20782231.23,1321530,345405,06-MAY-2024,
OPTIDX,BANKNIFTY,08-May-2024,49400.0,CE,220.0,323.6,91.0,127.6,127.6,2441735,18168010.53,1492890,183510,06-MAY-2024,
OPTIDX,BANKNIFTY,08-May-2024,49500.0,CE,188.7,274.55,72.0,102.35,102.35,4074712,30356221.92,3911250,357915,06-MAY-2024,
OPTIDX,BANKNIFTY,08-May-2024,49600.0,CE,161.85,231.75,57.35,82.1,82.1,2023996,15099160.9,1769040,350025,06-MAY-2024,
OPTIDX,BANKNIFTY,08-May-2024,49700.0,CE,129.3,193.2,45.4,64.9,64.9,1654693,12363095.31,1474230,408585,06-MAY-2024,
OPTIDX,BANKNIFTY,08-May-2024,49800.0,CE,119.95,159.4,35.6,50.95,50.95,1821627,13631573.56,1792080,690075,06-MAY-2024,
OPTIDX,BANKNIFTY,08-May-2024,49900.0,CE,88.0,132.3,28.35,39.85,39.85,1445494,10834932.77,1311540,371085,06-MAY-2024,
OPTIDX,BANKNIFTY,08-May-2024,50000.0,CE,81.0,106.75,23.05,31.5,31.5,3069211,23044513.42,3310935,678615,06-MAY-2024,
OPTIDX,BANKNIFTY,08-May-2024,50100.0,CE,70.5,86.85,18.25,24.65,24.65,1102519,8292659.22,1217130,519915,06-MAY-2024,
OPTIDX,BANKNIFTY,08-May-2024,50200.0,CE,45.95,70.5,15.0,19.6,19.6,1151973,8680195.73,1256055,579450,06-MAY-2024,
OPTIDX,BANKNIFTY,08-May-2024,50300.0,CE,55.05,56.9,12.4,15.65,15.65,1064200,8033724.3,1053630,488235,06-MAY-2024,
OPTIDX,BANKNIFTY,08-May-2024,50400.0,CE,35.5,45.85,10.45,12.65,12.65,849816,6427362.23,910200,254100,06-MAY-2024,
OPTIDX,BANKNIFTY,08-May-2024,50500.0,CE,39.9,39.9,9.05,10.7,10.7,2082314,15778967.0,2249610,570375,06-MAY-2024,
OPTIDX,BANKNIFTY,08-May-2024,50600.0,CE,25.0,30.55,7.75,8.85,8.85,834346,6334512.41,930870,340290,06-MAY-2024,
OPTIDX,BANKNIFTY,08-May-2024,50700.0,CE,21.25,24.9,6.8,7.65,7.65,732023,5568369.15,942825,417870,06-MAY-2024,
OPTIDX,BANKNIFTY,08-May-2024,50800.0,CE,15.75,20.5,6.05,6.8,6.8,650554,4958221.98,784365,-49605,06-MAY-2024,
OPTIDX,BANKNIFTY,08-May-2024,50900.0,CE,14.55,17.2,5.45,6.05,6.05,493155,3765894.67,568740,173415,06-MAY-2024,
OPTIDX,BANKNIFTY,08-May-2024,51000.0,CE,9.9,17.0,4.9,5.5,5.5,1762616,13486126.6,3156885,961905,06-MAY-2024,
OPTIDX,BANKNIFTY,08-May-2024,51100.0,CE,11.1,12.45,4.25,5.05,5.05,424322,3252869.42,591210,36045,06-MAY-2024,
OPTIDX,BANKNIFTY,08-May-2024,51200.0,CE,9.0,10.6,3.8,4.4,4.4,392349,3013591.54,892140,261585,06-MAY-2024,
OPTIDX,BANKNIFTY,08-May-2024,51300.0,CE,7.5,9.3,3.4,4.2,4.2,414973,3193553.49,982275,204720,06-MAY-2024,
OPTIDX,BANKNIFTY,08-May-2024,51400.0,CE,9.6,9.6,3.2,3.9,3.9,370492,2856755.62,568395,93510,06-MAY-2024,
OPTIDX,BANKNIFTY,08-May-2024,51500.0,CE,4.9,8.3,3.2,3.95,3.95,955796,7384163.53,2391420,342180,06-MAY-2024,
OPTIDX,BANKNIFTY,08-May-2024,51600.0,CE,6.2,7.25,2.95,3.65,3.65,191652,1483505.0,242970,-36045,06-MAY-2024,
OPTIDX,BANKNIFTY,08-May-2024,51700.0,CE,5.4,6.9,2.95,3.55,3.55,238009,1845899.82,261960,-306300,06-MAY-2024,
OPTIDX,BANKNIFTY,08-May-2024,51800.0,CE,5.35,6.5,2.75,3.4,3.4,200727,1559758.1,472110,-261945,06-MAY-2024,
OPTIDX,BANKNIFTY,08-May-2024,51900.0,CE,5.55,5.9,2.75,3.5,3.5,165771,1290619.29,454830,-62880,06-MAY-2024,
OPTIDX,BANKNIFTY,08-May-2024,52000.0,CE,4.0,5.55,2.8,3.45,3.45,882751,6885920.62,2700765,67635,06-MAY-2024,
OPTIDX,BANKNIFTY,08-May-2024,52100.0,CE,5.55,9.55,2.6,3.15,3.15,123776,967371.04,167610,-105705,06-MAY-2024,
OPTIDX,BANKNIFTY,08-May-2024,52200.0,CE,5.35,6.95,2.5,3.15,3.15,136942,1072320.61,350370,-234450,06-MAY-2024,
OPTIDX,BANKNIFTY,08-May-2024,52300.0,CE,4.5,5.35,2.65,3.2,3.2,140493,1102236.61,387345,-29280,06-MAY-2024,
OPTIDX,BANKNIFTY,08-May-2024,52400.0,CE,4.85,9.8,2.6,3.2,3.2,103384,812648.43,316680,-2145,06-MAY-2024,
OPTIDX,BANKNIFTY,08-May-2024,52500.0,CE,4.4,4.8,2.5,3.1,3.1,430855,3393185.22,1366290,20115,06-MAY-2024,
OPTIDX,BANKNIFTY,08-May-2024,53000.0,CE,3.8,4.0,2.35,2.9,2.9,479751,3814227.44,1592715,-276210,06-MAY-2024,
OPTIDX,BANKNIFTY,08-May-2024,53500.0,CE,4.9,4.9,1.65,2.85,2.85,287641,2308442.28,695385,6060,06-MAY-2024,
OPTIDX,BANKNIFTY,08-May-2024,54000.0,CE,3.65,4.0,2.25,2.7,2.7,268817,2177530.71,1050525,-134205,06-MAY-2024,
OPTIDX,BANKNIFTY,08-May-2024,54500.0,CE,4.05,4.15,2.15,2.5,2.5,90010,735866.87,602340,-54915,06-MAY-2024,
OPTIDX,BANKNIFTY,08-May-2024,55000.0,CE,3.25,3.8,1.85,2.3,2.3,118043,973897.07,918180,49635,06-MAY-2024,
OPTIDX,BANKNIFTY,08-May-2024,55500.0,CE,2.5,3.2,1.65,1.95,1.95,74159,617397.19,327810,-61005,06-MAY-2024,
OPTIDX,BANKNIFTY,08-May-2024,56000.0,CE,3.0,3.0,1.7,1.95,1.95,78388,658485.25,439335,-209760,06-MAY-2024,
OPTIDX,BANKNIFTY,08-May-2024,56500.0,CE,2.45,3.0,1.4,2.0,2.0,109462,927726.37,406560,136335,06-MAY-2024,
OPTIDX,BANKNIFTY,08-May-2024,57000.0,CE,2.0,2.6,1.2,1.85,1.85,260409,2226573.35,930915,-52695,06-MAY-2024,
OPTIDX,BANKNIFTY,08-May-2024,39500.0,PE,0.7,1.6,0.65,0.8,0.8,104998,622129.92,176700,-133530,06-MAY-2024,
OPTIDX,BANKNIFTY,08-May-2024,40000.0,PE,0.75,1.8,0.65,0.75,0.75,124337,746040.77,450090,20775,06-MAY-2024,
OPTIDX,BANKNIFTY,08-May-2024,40500.0,PE,1.05,2.05,0.9,1.0,1.0,33118,201198.95,63840,-9615,06-MAY-2024,
OPTIDX,BANKNIFTY,08-May-2024,41000.0,PE,1.25,2.1,0.85,1.0,1.0,44508,273733.21,101040,5100,06-MAY-2024,
OPTIDX,BANKNIFTY,08-May-2024,41500.0,PE,1.1,2.65,1.05,1.25,1.25,139965,871320.96,125805,-48720,06-MAY-2024,
OPTIDX,BANKNIFTY,08-May-2024,42000.0,PE,1.75,2.6,1.2,1.35,1.35,47525,299421.0,144705,35385,06-MAY-2024,
OPTIDX,BANKNIFTY,08-May-2024,42500.0,PE,1.95,2.9,1.2,1.5,1.5,37409,238494.4,59715,-16860,06-MAY-2024,
OPTIDX,BANKNIFTY,08-May-2024,43000.0,PE,2.05,2.95,1.4,1.5,1.5,58259,375788.11,270330,67005,06-MAY-2024,
OPTIDX,BANKNIFTY,08-May-2024,43500.0,PE,2.4,3.15,1.5,1.65,1.65,46178,301327.39,86490,19215,06-MAY-2024,
OPTIDX,BANKNIFTY,08-May-2024,44000.0,PE,2.65,3.4,1.8,1.95,1.95,114589,756330.62,760575,-44925,06-MAY-2024,
OPTIDX,BANKNIFTY,08-May-2024,44100.0,PE,3.15,3.5,1.4,1.8,1.8,13514,89400.38,26625,-4020,06-MAY-2024,
OPTIDX,BANKNIFTY,08-May-2024,44200.0,PE,2.15,4.35,1.75,1.9,1.9,12640,83808.46,17565,2115,06-MAY-2024,
OPTIDX,BANKNIFTY,08-May-2024,44300.0,PE,2.95,4.0,1.75,1.95,1.95,14871,98823.94,26880,10185,06-MAY-2024,
OPTIDX,BANKNIFTY,08-May-2024,44400.0,PE,3.25,3.6,1.85,2.05,2.05,29367,195596.84,96945,1650,06-MAY-2024,
OPTIDX,BANKNIFTY,08-May-2024,44500.0,PE,2.7,3.6,1.95,2.1,2.1,204729,1366649.91,546495,108585,06-MAY-2024,
OPTIDX,BANKNIFTY,08-May-2024,44600.0,PE,3.25,3.7,1.8,1.9,1.9,9857,65947.53,15075,135,06-MAY-2024,
OPTIDX,BANKNIFTY,08-May-2024,44700.0,PE,3.3,5.85,1.8,2.1,2.1,16273,109117.04,30315,3450,06-MAY-2024,
OPTIDX,BANKNIFTY,08-May-2024,44800.0,PE,2.75,3.75,1.8,2.05,2.05,17096,114892.73,19185,-1170,06-MAY-2024,
OPTIDX,BANKNIFTY,08-May-2024,44900.0,PE,2.2,3.85,1.75,2.25,2.25,25355,170777.15,63495,11445,06-MAY-2024,
OPTIDX,BANKNIFTY,08-May-2024,45000.0,PE,2.4,3.8,1.95,2.2,2.2,344850,2327884.29,523665,-244680,06-MAY-2024,
OPTIDX,BANKNIFTY,08-May-2024,45100.0,PE,3.75,4.05,1.9,2.2,2.2,29052,196550.16,39960,13740,06-MAY-2024,
OPTIDX,BANKNIFTY,08-May-2024,45200.0,PE,2.9,4.05,1.9,2.2,2.2,34840,236230.8,71250,-56325,06-MAY-2024,
OPTIDX,BANKNIFTY,08-May-2024,45300.0,PE,3.25,4.6,2.0,2.3,2.3,27781,188784.45,44145,-11745,06-MAY-2024,
OPTIDX,BANKNIFTY,08-May-2024,45400.0,PE,3.8,4.2,2.05,2.45,2.45,43862,298720.04,129495,19560,06-MAY-2024,
OPTIDX,BANKNIFTY,08-May-2024,45500.0,PE,2.95,4.3,2.15,2.4,2.4,318063,2170930.18,432510,-8610,06-MAY-2024,
OPTIDX,BANKNIFTY,08-May-2024,45600.0,PE,3.65,4.5,2.0,2.45,2.45,52904,361889.16,100170,-31665,06-MAY-2024,
OPTIDX,BANKNIFTY,08-May-2024,45700.0,PE,3.4,4.75,2.1,2.55,2.55,61543,421908.46,98025,-28860,06-MAY-2024,
OPTIDX,BANKNIFTY,08-May-2024,45800.0,PE,4.5,5.0,2.25,2.7,2.7,66907,459687.89,142050,32790,06-MAY-2024,
OPTIDX,BANKNIFTY,08-May-2024,45900.0,PE,3.95,5.35,2.25,2.7,2.7,77370,532735.2,135525,15795,06-MAY-2024,
OPTIDX,BANKNIFTY,08-May-2024,46000.0,PE,3.9,5.6,2.5,2.9,2.9,627352,4329096.99,1535625,31920,06-MAY-2024,
OPTIDX,BANKNIFTY,08-May-2024,46100.0,PE,3.95,6.1,2.55,3.05,3.05,110289,762718.71,141000,7620,06-MAY-2024,
OPTIDX,BANKNIFTY,08-May-2024,46200.0,PE,4.3,6.35,2.6,3.15,3.15,160821,1114592.32,405570,17415,06-MAY-2024,
OPTIDX,BANKNIFTY,08-May-2024,46300.0,PE,5.45,7.05,2.75,3.2,3.2,152104,1056468.51,366240,115395,06-MAY-2024,
OPTIDX,BANKNIFTY,08-May-2024,46400.0,PE,5.4,7.6,2.85,3.5,3.5,186050,1295046.64,441780,55905,06-MAY-2024,
OPTIDX,BANKNIFTY,08-May-2024,46500.0,PE,5.9,8.5,3.15,4.05,4.05,729262,5087199.32,1675545,416685,06-MAY-2024,
OPTIDX,BANKNIFTY,08-May-2024,46600.0,PE,8.15,9.55,3.4,4.3,4.3,237976,1663666.75,321840,122970,06-MAY-2024,
OPTIDX,BANKNIFTY,08-May-2024,46700.0,PE,6.2,10.65,4.0,5.1,5.1,216982,1520185.38,373410,-12405,06-MAY-2024,
OPTIDX,BANKNIFTY,08-May-2024,46800.0,PE,7.0,11.9,4.65,5.6,5.6,287726,2020162.06,427650,-1080,06-MAY-2024,
OPTIDX,BANKNIFTY,08-May-2024,46900.0,PE,10.0,13.4,4.0,6.5,6.5,306340,2155492.77,327750,-3525,06-MAY-2024,
OPTIDX,BANKNIFTY,08-May-2024,47000.0,PE,8.7,15.4,6.1,7.5,7.5,1691679,11928781.58,2137875,123795,06-MAY-2024,
OPTIDX,BANKNIFTY,08-May-2024,47100.0,PE,12.4,17.15,6.5,8.35,8.35,430185,3039940.21,292770,22110,06-MAY-2024,
OPTIDX,BANKNIFTY,08-May-2024,47200.0,PE,13.5,19.25,7.1,9.55,9.55,464684,3290782.81,524355,22680,06-MAY-2024,
OPTIDX,BANKNIFTY,08-May-2024,47300.0,PE,10.5,22.15,6.75,10.95,10.95,451427,3203783.24,534720,72585,06-MAY-2024,
OPTIDX,BANKNIFTY,08-May-2024,47400.0,PE,11.8,25.4,6.4,13.0,13.0,419831,2985972.75,421725,148935,06-MAY-2024,
OPTIDX,BANKNIFTY,08-May-2024,47500.0,PE,14.85,29.75,11.15,15.45,15.45,1718229,12247065.36,1591455,433590,06-MAY-2024,
OPTIDX,BANKNIFTY,08-May-2024,47600.0,PE,21.0,34.7,12.65,17.85,17.85,715058,5107756.26,427845,175980,06-MAY-2024,
OPTIDX,BANKNIFTY,08-May-2024,47700.0,PE,19.0,40.35,13.7,21.05,21.05,763976,5469034.09,429435,122865,06-MAY-2024,
OPTIDX,BANKNIFTY,08-May-2024,47800.0,PE,19.8,47.8,19.65,25.05,25.05,859578,6166877.66,451095,78090,06-MAY-2024,
OPTIDX,BANKNIFTY,08-May-2024,47900.0,PE,24.4,56.6,17.8,30.1,30.1,815816,5865858.31,439920,154650,06-MAY-2024,
OPTIDX,BANKNIFTY,08-May-2024,48000.0,PE,39.6,66.35,25.3,36.05,36.05,2578693,18582636.66,1864665,282630,06-MAY-2024,
OPTIDX,BANKNIFTY,08-May-2024,48100.0,PE,41.25,78.45,32.0,43.55,43.55,981637,7089916.98,361710,4860,06-MAY-2024,
OPTIDX,BANKNIFTY,08-May-2024,48200.0,PE,60.05,93.0,37.85,52.85,52.85,1397929,10119578.77,629295,17235,06-MAY-2024,
OPTIDX,BANKNIFTY,08-May-2024,48300.0,PE,67.3,110.75,45.05,65.0,65.0,1501461,10894312.93,585675,169260,06-MAY-2024,
OPTIDX,BANKNIFTY,08-May-2024,48400.0,PE,88.4,130.8,54.0,80.2,80.2,1605799,11679185.39,565125,209715,06-MAY-2024,
OPTIDX,BANKNIFTY,08-May-2024,48500.0,PE,97.0,153.95,64.5,99.05,99.05,3688464,26891602.52,2531655,899400,06-MAY-2024,
OPTIDX,BANKNIFTY,08-May-2024,48600.0,PE,95.3,182.5,77.6,123.05,123.05,1820820,13308848.75,561435,119805,06-MAY-2024,
OPTIDX,BANKNIFTY,08-May-2024,48700.0,PE,150.75,219.9,93.45,151.85,151.85,2290531,16785295.09,764385,72870,06-MAY-2024,
OPTIDX,BANKNIFTY,08-May-2024,48800.0,PE,139.95,262.9,112.4,186.85,186.85,3446463,25325513.23,1050885,354225,06-MAY-2024,
OPTIDX,BANKNIFTY,08-May-2024,48900.0,PE,214.0,312.0,134.15,227.25,227.25,4043835,29797787.84,891075,378840,06-MAY-2024,
OPTIDX,BANKNIFTY,08-May-2024,49000.0,PE,226.1,366.75,160.2,273.05,273.05,7358520,54368907.5,2096595,623955,06-MAY-2024,
OPTIDX,BANKNIFTY,08-May-2024,49100.0,PE,245.15,428.0,190.4,326.6,326.6,3726544,27609091.99,479670,55665,06-MAY-2024,
OPTIDX,BANKNIFTY,08-May-2024,49200.0,PE,263.05,495.0,225.0,386.05,386.05,3512597,26098226.83,533715,109635,06-MAY-2024,
OPTIDX,BANKNIFTY,08-May-2024,49300.0,PE,355.5,568.95,263.8,451.55,451.55,1650722,12301278.65,442830,-46785,06-MAY-2024,
OPTIDX,BANKNIFTY,08-May-2024,49400.0,PE,422.95,644.15,310.25,521.9,521.9,754954,5643778.0,298125,-62115,06-MAY-2024,
OPTIDX,BANKNIFTY,08-May-2024,49500.0,PE,480.05,726.5,361.0,597.4,597.4,887566,6657502.41,1183200,-286935,06-MAY-2024,
OPTIDX,BANKNIFTY,08-May-2024,49600.0,PE,565.0,810.0,418.6,678.6,678.6,187147,1408156.23,243765,25380,06-MAY-2024,
OPTIDX,BANKNIFTY,08-May-2024,49700.0,PE,655.0,899.0,479.75,758.5,758.5,91224,688785.44,141195,-9150,06-MAY-2024,
OPTIDX,BANKNIFTY,08-May-2024,49800.0,PE,752.2,984.45,545.6,845.05,845.05,52858,400616.07,261660,3360,06-MAY-2024,
OPTIDX,BANKNIFTY,08-May-2024,49900.0,PE,828.3,1076.95,619.6,932.45,932.45,28029,213209.53,101010,13035,06-MAY-2024,
OPTIDX,BANKNIFTY,08-May-2024,50000.0,PE,926.0,1173.7,692.65,1022.05,1022.05,94948,724788.76,198150,-270,06-MAY-2024,
OPTIDX,BANKNIFTY,08-May-2024,50100.0,PE,1000.05,1265.0,777.6,1117.95,1117.95,9397,71953.79,38460,1845,06-MAY-2024,
OPTIDX,BANKNIFTY,08-May-2024,50200.0,PE,1075.8,1365.2,862.2,1221.4,1221.4,8082,62085.72,42240,480,06-MAY-2024,
OPTIDX,BANKNIFTY,08-May-2024,50300.0,PE,1183.9,1454.85,949.05,1314.55,1314.55,2316,17851.57,18120,-2055,06-MAY-2024,
OPTIDX,BANKNIFTY,08-May-2024,50400.0,PE,1127.7,1568.55,1042.0,1406.1,1406.1,390,3020.18,18660,-780,06-MAY-2024,
OPTIDX,BANKNIFTY,08-May-2024,50500.0,PE,1420.0,1655.85,1137.55,1502.4,1502.4,5826,45268.81,45780,-11640,06-MAY-2024,
OPTIDX,BANKNIFTY,08-May-2024,50600.0,PE,1457.15,1728.0,1264.0,1510.0,1686.8,41,320.2,4560,-120,06-MAY-2024,
OPTIDX,BANKNIFTY,08-May-2024,50700.0,PE,1400.6,1741.75,1359.2,1681.4,1681.4,20,156.68,960,30,06-MAY-2024,
OPTIDX,BANKNIFTY,08-May-2024,50800.0,PE,1600.0,1811.75,1542.0,1778.3,1778.3,12,94.34,825,-15,06-MAY-2024,
OPTIDX,BANKNIFTY,08-May-2024,50900.0,PE,1847.6,1847.6,1571.85,1846.0,1985.5,48,378.72,540,180,06-MAY-2024,
OPTIDX,BANKNIFTY,08-May-2024,51000.0,PE,1987.95,2114.05,1620.0,2000.9,2000.9,761,6030.28,7560,-1215,06-MAY-2024,
OPTIDX,BANKNIFTY,08-May-2024,51100.0,PE,2125.55,2209.35,1930.0,2163.85,2185.2,8,63.8,60,45,06-MAY-2024,
OPTIDX,BANKNIFTY,08-May-2024,51200.0,PE,2170.5,2170.5,2057.2,2057.2,2285.1,2,15.99,165,0,06-MAY-2024,
OPTIDX,BANKNIFTY,08-May-2024,51300.0,PE,2000.0,2000.0,2000.0,2000.0,2385.0,1,7.99,180,-15,06-MAY-2024,
OPTIDX,BANKNIFTY,08-May-2024,51400.0,PE,0.0,0.0,0.0,2043.6,2484.95,0,0.0,120,0,06-MAY-2024,
OPTIDX,BANKNIFTY,08-May-2024,51500.0,PE,2194.85,2399.35,2150.0,2399.35,2584.9,14,112.78,1965,45,06-MAY-2024,
OPTIDX,BANKNIFTY,08-May-2024,51600.0,PE,2464.15,2464.15,2310.0,2310.0,2684.85,7,56.67,75,60,06-MAY-2024,
OPTIDX,BANKNIFTY,08-May-2024,51700.0,PE,2603.2,2603.2,2503.75,2503.75,2784.8,2,16.27,0,0,06-MAY-2024,
OPTIDX,BANKNIFTY,08-May-2024,51800.0,PE,0.0,0.0,0.0,3938.2,2884.75,0,0.0,0,0,06-MAY-2024,
OPTIDX,BANKNIFTY,08-May-2024,51900.0,PE,0.0,0.0,0.0,4029.0,2984.75,0,0.0,0,0,06-MAY-2024,
OPTIDX,BANKNIFTY,08-May-2024,52000.0,PE,3077.5,3077.5,2911.25,2911.25,3084.7,2,16.49,1605,15,06-MAY-2024,
OPTIDX,BANKNIFTY,08-May-2024,52100.0,PE,0.0,0.0,0.0,2494.45,3184.65,0,0.0,15,0,06-MAY-2024,
OPTIDX,BANKNIFTY,08-May-2024,52200.0,PE,0.0,0.0,0.0,4304.35,3284.6,0,0.0,0,0,06-MAY-2024,
OPTIDX,BANKNIFTY,08-May-2024,52300.0,PE,0.0,0.0,0.0,4397.05,3384.6,0,0.0,0,0,06-MAY-2024,
OPTIDX,BANKNIFTY,08-May-2024,52400.0,PE,0.0,0.0,0.0,4490.1,3484.55,0,0.0,0,0,06-MAY-2024,
OPTIDX,BANKNIFTY,08-May-2024,52500.0,PE,0.0,0.0,0.0,2989.3,3584.5,0,0.0,180,0,06-MAY-2024,
OPTIDX,BANKNIFTY,08-May-2024,53000.0,PE,0.0,0.0,0.0,3626.6,4084.3,0,0.0,765,0,06-MAY-2024,
OPTIDX,BANKNIFTY,08-May-2024,53500.0,PE,0.0,0.0,0.0,5535.75,4584.1,0,0.0,0,0,06-MAY-2024,
OPTIDX,BANKNIFTY,08-May-2024,54000.0,PE,0.0,0.0,0.0,4392.05,5083.9,0,0.0,15,0,06-MAY-2024,
OPTIDX,BANKNIFTY,08-May-2024,54500.0,PE,0.0,0.0,0.0,4610.9,5583.75,0,0.0,45,0,06-MAY-2024,
OPTIDX,BANKNIFTY,08-May-2024,55000.0,PE,0.0,0.0,0.0,7000.3,6083.55,0,0.0,0,0,06-MAY-2024,
OPTIDX,BANKNIFTY,08-May-2024,55500.0,PE,0.0,0.0,0.0,6100.0,6583.35,0,0.0,15,0,06-MAY-2024,
OPTIDX,BANKNIFTY,08-May-2024,56000.0,PE,0.0,0.0,0.0,7987.65,7083.15,0,0.0,0,0,06-MAY-2024,
OPTIDX,BANKNIFTY,08-May-2024,56500.0,PE,0.0,0.0,0.0,8482.75,7582.95,0,0.0,0,0,06-MAY-2024,
OPTIDX,BANKNIFTY,08-May-2024,57000.0,PE,8365.8,8365.8,7529.2,7744.3,8082.75,4,38.91,60,15,06-MAY-2024,
OPTIDX,BANKNIFTY,15-May-2024,39500.0,CE,0.0,0.0,0.0,9754.35,9463.75,0,0.0,0,0,06-MAY-2024,
OPTIDX,BANKNIFTY,15-May-2024,40000.0,CE,0.0,0.0,0.0,9257.75,8964.6,0,0.0,0,0,06-MAY-2024,
OPTIDX,BANKNIFTY,15-May-2024,40500.0,CE,0.0,0.0,0.0,8761.25,8465.45,0,0.0,0,0,06-MAY-2024,
OPTIDX,BANKNIFTY,15-May-2024,41000.0,CE,0.0,0.0,0.0,8264.85,7966.35,0,0.0,0,0,06-MAY-2024,
OPTIDX,BANKNIFTY,15-May-2024,41500.0,CE,0.0,0.0,0.0,7768.75,7467.2,0,0.0,0,0,06-MAY-2024,
OPTIDX,BANKNIFTY,15-May-2024,42000.0,CE,0.0,0.0,0.0,7273.05,6968.05,0,0.0,0,0,06-MAY-2024,
OPTIDX,BANKNIFTY,15-May-2024,42500.0,CE,0.0,0.0,0.0,6778.25,6468.95,0,0.0,0,0,06-MAY-2024,
OPTIDX,BANKNIFTY,15-May-2024,43000.0,CE,0.0,0.0,0.0,6284.9,5969.8,0,0.0,0,0,06-MAY-2024,
OPTIDX,BANKNIFTY,15-May-2024,43500.0,CE,0.0,0.0,0.0,5794.0,5470.65,0,0.0,0,0,06-MAY-2024,
OPTIDX,BANKNIFTY,15-May-2024,44000.0,CE,5007.0,5007.0,4981.7,4989.7,4989.7,11,80.83,285,165,06-MAY-2024,
OPTIDX,BANKNIFTY,15-May-2024,44100.0,CE,4874.4,4907.55,4873.35,4882.6,4882.6,5,36.73,75,75,06-MAY-2024,
OPTIDX,BANKNIFTY,15-May-2024,44200.0,CE,4775.0,4808.2,4775.0,4793.05,4793.05,5,36.74,90,75,06-MAY-2024,
OPTIDX,BANKNIFTY,15-May-2024,44300.0,CE,4675.6,4708.8,4675.6,4690.4,4690.4,5,36.74,90,75,06-MAY-2024,
OPTIDX,BANKNIFTY,15-May-2024,44400.0,CE,4576.25,4609.45,4575.15,4590.0,4590.0,5,36.74,135,75,06-MAY-2024,
OPTIDX,BANKNIFTY,15-May-2024,44500.0,CE,4476.95,4484.55,4476.95,4481.25,4481.25,4,29.38,105,60,06-MAY-2024,
OPTIDX,BANKNIFTY,15-May-2024,44600.0,CE,4377.7,4382.85,4375.85,4379.55,4379.55,4,29.38,90,60,06-MAY-2024,
OPTIDX,BANKNIFTY,15-May-2024,44700.0,CE,4287.6,4287.6,4276.65,4281.3,4281.3,4,29.38,90,60,06-MAY-2024,
OPTIDX,BANKNIFTY,15-May-2024,44800.0,CE,4188.7,4188.7,4177.45,4182.15,4182.15,4,29.38,120,60,06-MAY-2024,
OPTIDX,BANKNIFTY,15-May-2024,44900.0,CE,4089.75,4089.75,4072.7,4082.45,4082.45,4,29.38,75,60,06-MAY-2024,
OPTIDX,BANKNIFTY,15-May-2024,45000.0,CE,4013.4,4017.95,3987.8,4002.9,4002.9,11,80.85,180,165,06-MAY-2024,
OPTIDX,BANKNIFTY,15-May-2024,45100.0,CE,3918.0,3918.0,3888.3,3898.8,3898.8,14,102.89,225,210,06-MAY-2024,
OPTIDX,BANKNIFTY,15-May-2024,45200.0,CE,3819.45,3819.45,3789.15,3799.2,3799.2,13,95.54,210,195,06-MAY-2024,
OPTIDX,BANKNIFTY,15-May-2024,45300.0,CE,3720.2,3720.2,3690.6,3700.4,3700.4,14,102.9,225,210,06-MAY-2024,
OPTIDX,BANKNIFTY,15-May-2024,45400.0,CE,3622.1,3622.1,3591.35,3600.95,3600.95,15,110.25,240,225,06-MAY-2024,
OPTIDX,BANKNIFTY,15-May-2024,45500.0,CE,3522.7,3522.7,3492.3,3501.55,3501.55,14,102.9,225,210,06-MAY-2024,
OPTIDX,BANKNIFTY,15-May-2024,45600.0,CE,3423.55,3423.55,3393.15,3403.25,3403.25,13,95.55,210,195,06-MAY-2024,
OPTIDX,BANKNIFTY,15-May-2024,45700.0,CE,3325.6,3325.6,3294.85,3304.9,3304.9,14,102.91,225,210,06-MAY-2024,
OPTIDX,BANKNIFTY,15-May-2024,45800.0,CE,3226.35,3226.35,3195.8,3206.0,3206.0,14,102.91,225,210,06-MAY-2024,
OPTIDX,BANKNIFTY,15-May-2024,45900.0,CE,3128.7,3128.7,3098.0,3107.9,3107.9,13,95.56,210,195,06-MAY-2024,
OPTIDX,BANKNIFTY,15-May-2024,46000.0,CE,3225.0,3225.0,2996.45,3011.55,3011.55,11,80.93,270,60,06-MAY-2024,
OPTIDX,BANKNIFTY,15-May-2024,46100.0,CE,2932.65,2932.65,2901.45,2911.55,2911.55,15,110.27,345,225,06-MAY-2024,
OPTIDX,BANKNIFTY,15-May-2024,46200.0,CE,2980.0,2980.0,2804.15,2814.5,2814.5,16,117.65,390,225,06-MAY-2024,
OPTIDX,BANKNIFTY,15-May-2024,46300.0,CE,2737.1,2737.1,2707.5,2716.95,2716.95,14,102.93,360,210,06-MAY-2024,
OPTIDX,BANKNIFTY,15-May-2024,46400.0,CE,2625.0,2625.0,2598.4,2606.8,2606.8,12,88.21,270,165,06-MAY-2024,
OPTIDX,BANKNIFTY,15-May-2024,46500.0,CE,2600.0,2730.6,2449.95,2465.0,2496.85,9,66.17,150,-45,06-MAY-2024,
OPTIDX,BANKNIFTY,15-May-2024,46600.0,CE,2416.15,2449.3,2416.15,2443.1,2401.25,13,95.63,300,195,06-MAY-2024,
OPTIDX,BANKNIFTY,15-May-2024,46700.0,CE,2365.7,2389.65,2321.8,2348.4,2306.35,13,95.64,180,-105,06-MAY-2024,
OPTIDX,BANKNIFTY,15-May-2024,46800.0,CE,2219.4,2242.55,2219.4,2242.55,2212.2,2,14.7,360,0,06-MAY-2024,
OPTIDX,BANKNIFTY,15-May-2024,46900.0,CE,2143.9,2163.5,2133.45,2160.4,2118.95,10,73.57,180,150,06-MAY-2024,
OPTIDX,BANKNIFTY,15-May-2024,47000.0,CE,2035.4,2354.0,1905.0,2028.45,2028.45,283,2084.77,5865,2850,06-MAY-2024,
OPTIDX,BANKNIFTY,15-May-2024,47100.0,CE,1996.4,1996.4,1947.0,1953.4,1935.55,12,88.3,300,165,06-MAY-2024,
OPTIDX,BANKNIFTY,15-May-2024,47200.0,CE,1800.0,1870.35,1800.0,1867.4,1845.6,14,103.02,405,0,06-MAY-2024,
OPTIDX,BANKNIFTY,15-May-2024,47300.0,CE,1807.1,1807.1,1764.25,1770.25,1756.95,11,80.97,270,150,06-MAY-2024,
OPTIDX,BANKNIFTY,15-May-2024,47400.0,CE,1643.7,1757.75,1643.7,1683.7,1669.75,11,81.01,330,45,06-MAY-2024,
OPTIDX,BANKNIFTY,15-May-2024,47500.0,CE,1652.95,1901.8,1462.25,1569.75,1569.75,492,3630.19,14580,195,06-MAY-2024,
OPTIDX,BANKNIFTY,15-May-2024,47600.0,CE,1541.75,1552.95,1493.15,1507.3,1500.1,22,162.12,735,0,06-MAY-2024,
OPTIDX,BANKNIFTY,15-May-2024,47700.0,CE,1477.4,1500.0,1335.0,1340.0,1417.95,15,110.46,705,120,06-MAY-2024,
OPTIDX,BANKNIFTY,15-May-2024,47800.0,CE,1500.0,1500.0,1300.0,1325.7,1325.7,41,302.17,1215,-375,06-MAY-2024,
OPTIDX,BANKNIFTY,15-May-2024,47900.0,CE,1311.5,1532.85,1190.0,1190.0,1259.4,38,280.75,1410,165,06-MAY-2024,
OPTIDX,BANKNIFTY,15-May-2024,48000.0,CE,1274.95,1470.95,1058.05,1163.9,1163.9,6463,47748.55,63045,-3750,06-MAY-2024,
OPTIDX,BANKNIFTY,15-May-2024,48100.0,CE,1208.2,1300.0,1045.0,1091.05,1091.05,149,1100.61,1725,-360,06-MAY-2024,
OPTIDX,BANKNIFTY,15-May-2024,48200.0,CE,1090.3,1267.1,922.4,1010.5,1010.5,165,1219.39,1605,-480,06-MAY-2024,
OPTIDX,BANKNIFTY,15-May-2024,48300.0,CE,966.5,1210.1,860.7,939.4,939.4,268,1980.8,2220,225,06-MAY-2024,
OPTIDX,BANKNIFTY,15-May-2024,48400.0,CE,912.0,1135.0,779.5,868.25,868.25,437,3234.39,2985,135,06-MAY-2024,
OPTIDX,BANKNIFTY,15-May-2024,48500.0,CE,898.95,1067.65,707.35,796.2,796.2,10110,74881.11,37050,2565,06-MAY-2024,
OPTIDX,BANKNIFTY,15-May-2024,48600.0,CE,778.45,998.5,650.0,733.8,733.8,2719,20138.96,6585,2115,06-MAY-2024,
OPTIDX,BANKNIFTY,15-May-2024,48700.0,CE,745.75,925.0,593.05,668.7,668.7,6966,51654.53,13455,-495,06-MAY-2024,
OPTIDX,BANKNIFTY,15-May-2024,48800.0,CE,700.0,852.1,532.25,611.75,611.75,17330,128566.2,42885,1545,06-MAY-2024,
OPTIDX,BANKNIFTY,15-May-2024,48900.0,CE,640.95,787.05,482.05,554.85,554.85,27816,206550.82,61500,19605,06-MAY-2024,
OPTIDX,BANKNIFTY,15-May-2024,49000.0,CE,520.0,720.5,431.1,500.45,500.45,119698,889942.24,342810,116520,06-MAY-2024,
OPTIDX,BANKNIFTY,15-May-2024,49100.0,CE,540.45,663.05,390.0,452.65,452.65,41632,309911.2,58515,28320,06-MAY-2024,
OPTIDX,BANKNIFTY,15-May-2024,49200.0,CE,516.6,604.65,348.8,407.35,407.35,63661,474483.88,122100,67530,06-MAY-2024,
OPTIDX,BANKNIFTY,15-May-2024,49300.0,CE,443.95,550.0,311.0,363.05,363.05,35473,264618.56,75210,23580,06-MAY-2024,
OPTIDX,BANKNIFTY,15-May-2024,49400.0,CE,420.0,497.2,276.1,323.7,323.7,23845,178066.21,66285,15585,06-MAY-2024,
OPTIDX,BANKNIFTY,15-May-2024,49500.0,CE,361.1,446.6,242.05,285.0,285.0,90660,677803.08,311670,139500,06-MAY-2024,
OPTIDX,BANKNIFTY,15-May-2024,49600.0,CE,329.05,404.1,216.4,253.5,253.5,15576,116593.62,55980,16485,06-MAY-2024,
OPTIDX,BANKNIFTY,15-May-2024,49700.0,CE,287.55,362.85,189.0,223.45,223.45,18447,138283.93,37245,6360,06-MAY-2024,
OPTIDX,BANKNIFTY,15-May-2024,49800.0,CE,254.55,322.0,164.25,195.9,195.9,12691,95248.68,51855,19200,06-MAY-2024,
OPTIDX,BANKNIFTY,15-May-2024,49900.0,CE,226.5,288.0,143.1,171.15,171.15,11921,89592.97,45570,18570,06-MAY-2024,
OPTIDX,BANKNIFTY,15-May-2024,50000.0,CE,200.0,254.45,123.45,148.0,148.0,84864,638813.71,256035,48930,06-MAY-2024,
OPTIDX,BANKNIFTY,15-May-2024,50100.0,CE,166.4,224.7,106.85,128.1,128.1,9682,73000.16,18885,4500,06-MAY-2024,
OPTIDX,BANKNIFTY,15-May-2024,50200.0,CE,146.25,197.5,91.75,110.45,110.45,12360,93323.63,40785,10035,06-MAY-2024,
OPTIDX,BANKNIFTY,15-May-2024,50300.0,CE,119.5,174.4,79.15,95.35,95.35,15576,117786.53,45960,27030,06-MAY-2024,
OPTIDX,BANKNIFTY,15-May-2024,50400.0,CE,124.0,152.2,67.5,82.4,82.4,19381,146808.32,51150,1770,06-MAY-2024,
OPTIDX,BANKNIFTY,15-May-2024,50500.0,CE,105.55,134.35,57.7,69.05,69.05,59663,452771.64,198840,36075,06-MAY-2024,
OPTIDX,BANKNIFTY,15-May-2024,50600.0,CE,91.95,117.6,50.0,59.85,59.85,10789,82016.28,23940,15615,06-MAY-2024,
OPTIDX,BANKNIFTY,15-May-2024,50700.0,CE,72.6,102.3,43.1,51.65,51.65,11402,86826.27,27795,9990,06-MAY-2024,
OPTIDX,BANKNIFTY,15-May-2024,50800.0,CE,68.85,88.85,37.45,44.1,44.1,14280,108935.82,21990,9840,06-MAY-2024,
OPTIDX,BANKNIFTY,15-May-2024,50900.0,CE,61.1,77.1,32.3,38.15,38.15,4687,35821.79,15570,3450,06-MAY-2024,
OPTIDX,BANKNIFTY,15-May-2024,51000.0,CE,55.7,67.4,27.7,32.65,32.65,70773,541878.01,210855,12945,06-MAY-2024,
OPTIDX,BANKNIFTY,15-May-2024,51100.0,CE,49.2,58.9,24.3,28.2,28.2,8459,64882.27,19815,15165,06-MAY-2024,
OPTIDX,BANKNIFTY,15-May-2024,51200.0,CE,40.85,50.9,21.9,24.6,24.6,7951,61101.75,14610,6450,06-MAY-2024,
OPTIDX,BANKNIFTY,15-May-2024,51300.0,CE,37.1,45.2,19.85,22.1,22.1,5286,40699.92,8520,3480,06-MAY-2024,
OPTIDX,BANKNIFTY,15-May-2024,51400.0,CE,33.75,39.4,16.6,20.0,20.0,8519,65715.86,16830,6360,06-MAY-2024,
OPTIDX,BANKNIFTY,15-May-2024,51500.0,CE,30.05,35.1,15.75,17.7,17.7,23779,183773.04,114615,3465,06-MAY-2024,
OPTIDX,BANKNIFTY,15-May-2024,51600.0,CE,35.0,35.0,14.5,15.45,15.45,1230,9523.95,5910,2685,06-MAY-2024,
OPTIDX,BANKNIFTY,15-May-2024,51700.0,CE,44.05,44.05,13.5,14.5,14.5,924,7168.13,3090,2610,06-MAY-2024,
OPTIDX,BANKNIFTY,15-May-2024,51800.0,CE,41.0,41.0,12.5,13.5,13.5,2658,20659.14,14760,10350,06-MAY-2024,
OPTIDX,BANKNIFTY,15-May-2024,51900.0,CE,25.2,28.5,12.0,12.65,12.65,371,2889.04,2490,1125,06-MAY-2024,
OPTIDX,BANKNIFTY,15-May-2024,52000.0,CE,20.05,20.8,10.95,12.1,12.1,27991,218388.76,129690,20235,06-MAY-2024,
OPTIDX,BANKNIFTY,15-May-2024,52100.0,CE,16.0,19.25,10.65,11.35,11.35,73,570.62,810,765,06-MAY-2024,
OPTIDX,BANKNIFTY,15-May-2024,52200.0,CE,15.05,16.4,7.3,11.1,11.1,253,1981.42,1605,1605,06-MAY-2024,
OPTIDX,BANKNIFTY,15-May-2024,52300.0,CE,18.45,19.9,9.4,10.55,10.55,745,5845.81,7395,5385,06-MAY-2024,
OPTIDX,BANKNIFTY,15-May-2024,52400.0,CE,14.75,16.1,9.1,10.3,10.3,459,3608.56,2070,570,06-MAY-2024,
OPTIDX,BANKNIFTY,15-May-2024,52500.0,CE,13.25,14.2,7.85,8.9,8.9,14026,110475.1,87795,15930,06-MAY-2024,
OPTIDX,BANKNIFTY,15-May-2024,53000.0,CE,11.05,11.8,6.95,8.1,8.1,13293,105695.75,71250,8205,06-MAY-2024,
OPTIDX,BANKNIFTY,15-May-2024,53500.0,CE,10.7,10.7,6.05,7.0,7.0,8703,69850.89,16200,3300,06-MAY-2024,
OPTIDX,BANKNIFTY,15-May-2024,54000.0,CE,8.9,9.9,5.5,6.3,6.3,1376,11146.91,17070,465,06-MAY-2024,
OPTIDX,BANKNIFTY,15-May-2024,54500.0,CE,8.15,8.15,4.95,5.75,5.75,1372,11217.3,60330,0,06-MAY-2024,
OPTIDX,BANKNIFTY,15-May-2024,55000.0,CE,7.8,7.8,4.7,5.7,5.7,1229,10140.27,33960,5865,06-MAY-2024,
OPTIDX,BANKNIFTY,15-May-2024,55500.0,CE,0.0,0.0,0.0,20.6,0.0,0,0.0,15,0,06-MAY-2024,
OPTIDX,BANKNIFTY,15-May-2024,56000.0,CE,0.0,0.0,0.0,13.3,0.0,0,0.0,0,0,06-MAY-2024,
OPTIDX,BANKNIFTY,15-May-2024,56500.0,CE,0.0,0.0,0.0,8.45,0.0,0,0.0,0,0,06-MAY-2024,
OPTIDX,BANKNIFTY,15-May-2024,57000.0,CE,0.0,0.0,0.0,5.3,0.0,0,0.0,0,0,06-MAY-2024,
OPTIDX,BANKNIFTY,15-May-2024,39500.0,PE,0.0,0.0,0.0,0.05,0.0,0,0.0,0,0,06-MAY-2024,
OPTIDX,BANKNIFTY,15-May-2024,40000.0,PE,0.0,0.0,0.0,0.1,0.0,0,0.0,0,0,06-MAY-2024,
OPTIDX,BANKNIFTY,15-May-2024,40500.0,PE,0.0,0.0,0.0,0.2,0.0,0,0.0,0,0,06-MAY-2024,
OPTIDX,BANKNIFTY,15-May-2024,41000.0,PE,0.0,0.0,0.0,0.4,0.0,0,0.0,0,0,06-MAY-2024,
OPTIDX,BANKNIFTY,15-May-2024,41500.0,PE,0.0,0.0,0.0,0.9,0.0,0,0.0,0,0,06-MAY-2024,
OPTIDX,BANKNIFTY,15-May-2024,42000.0,PE,0.0,0.0,0.0,1.85,0.0,0,0.0,0,0,06-MAY-2024,
OPTIDX,BANKNIFTY,15-May-2024,42500.0,PE,0.0,0.0,0.0,3.65,0.0,0,0.0,0,0,06-MAY-2024,
OPTIDX,BANKNIFTY,15-May-2024,43000.0,PE,0.0,0.0,0.0,8.5,0.0,0,0.0,150,0,06-MAY-2024,
OPTIDX,BANKNIFTY,15-May-2024,43500.0,PE,0.0,0.0,0.0,12.6,0.05,0,0.0,0,0,06-MAY-2024,
OPTIDX,BANKNIFTY,15-May-2024,44000.0,PE,7.0,7.3,5.3,6.35,6.35,2429,16033.8,20430,13515,06-MAY-2024,
OPTIDX,BANKNIFTY,15-May-2024,44100.0,PE,0.0,0.0,0.0,24.6,0.05,0,0.0,0,0,06-MAY-2024,
OPTIDX,BANKNIFTY,15-May-2024,44200.0,PE,0.0,0.0,0.0,27.35,0.1,0,0.0,0,0,06-MAY-2024,
OPTIDX,BANKNIFTY,15-May-2024,44300.0,PE,0.0,0.0,0.0,30.35,0.1,0,0.0,0,0,06-MAY-2024,
OPTIDX,BANKNIFTY,15-May-2024,44400.0,PE,0.0,0.0,0.0,33.65,0.15,0,0.0,0,0,06-MAY-2024,
OPTIDX,BANKNIFTY,15-May-2024,44500.0,PE,8.85,9.6,7.15,7.85,7.85,2389,15949.55,17100,8295,06-MAY-2024,
OPTIDX,BANKNIFTY,15-May-2024,44600.0,PE,0.0,0.0,0.0,21.25,0.25,0,0.0,15,0,06-MAY-2024,
OPTIDX,BANKNIFTY,15-May-2024,44700.0,PE,0.0,0.0,0.0,9.95,0.35,0,0.0,1980,0,06-MAY-2024,
OPTIDX,BANKNIFTY,15-May-2024,44800.0,PE,13.3,13.3,8.3,8.4,8.4,102,685.59,975,225,06-MAY-2024,
OPTIDX,BANKNIFTY,15-May-2024,44900.0,PE,0.0,0.0,0.0,39.85,0.6,0,0.0,45,0,06-MAY-2024,
OPTIDX,BANKNIFTY,15-May-2024,45000.0,PE,11.9,12.85,7.0,10.45,10.45,8893,60042.16,53130,15030,06-MAY-2024,
OPTIDX,BANKNIFTY,15-May-2024,45100.0,PE,13.15,14.55,11.05,11.85,11.85,88,595.48,1230,465,06-MAY-2024,
OPTIDX,BANKNIFTY,15-May-2024,45200.0,PE,0.0,0.0,0.0,72.75,1.25,0,0.0,0,0,06-MAY-2024,
OPTIDX,BANKNIFTY,15-May-2024,45300.0,PE,0.0,0.0,0.0,5.65,1.6,0,0.0,45,0,06-MAY-2024,
OPTIDX,BANKNIFTY,15-May-2024,45400.0,PE,0.0,0.0,0.0,87.0,2.05,0,0.0,0,0,06-MAY-2024,
OPTIDX,BANKNIFTY,15-May-2024,45500.0,PE,16.85,16.85,12.0,13.65,13.65,8468,57812.12,49290,19425,06-MAY-2024,
OPTIDX,BANKNIFTY,15-May-2024,45600.0,PE,0.0,0.0,0.0,103.4,3.25,0,0.0,0,0,06-MAY-2024,
OPTIDX,BANKNIFTY,15-May-2024,45700.0,PE,0.0,0.0,0.0,112.55,4.1,0,0.0,0,0,06-MAY-2024,
OPTIDX,BANKNIFTY,15-May-2024,45800.0,PE,20.0,27.9,14.1,16.95,16.95,495,3402.01,3420,1410,06-MAY-2024,
OPTIDX,BANKNIFTY,15-May-2024,45900.0,PE,0.0,0.0,0.0,132.75,6.35,0,0.0,0,0,06-MAY-2024,
OPTIDX,BANKNIFTY,15-May-2024,46000.0,PE,23.35,26.05,15.95,20.2,20.2,18521,127852.86,114330,13815,06-MAY-2024,
OPTIDX,BANKNIFTY,15-May-2024,46100.0,PE,22.6,28.75,13.7,22.35,22.35,348,2407.61,1230,1230,06-MAY-2024,
OPTIDX,BANKNIFTY,15-May-2024,46200.0,PE,25.0,32.15,20.85,24.2,24.2,4620,32034.64,8490,6630,06-MAY-2024,
OPTIDX,BANKNIFTY,15-May-2024,46300.0,PE,32.6,35.55,23.35,27.1,27.1,2837,19714.95,5715,4560,06-MAY-2024,
OPTIDX,BANKNIFTY,15-May-2024,46400.0,PE,35.95,39.6,25.45,30.2,30.2,4775,33257.31,10380,9075,06-MAY-2024,
OPTIDX,BANKNIFTY,15-May-2024,46500.0,PE,39.0,44.6,27.7,34.4,34.4,31610,220644.47,119250,45585,06-MAY-2024,
OPTIDX,BANKNIFTY,15-May-2024,46600.0,PE,45.75,48.6,30.85,38.05,38.05,1938,13558.01,4275,2835,06-MAY-2024,
OPTIDX,BANKNIFTY,15-May-2024,46700.0,PE,42.35,55.5,34.05,43.25,43.25,3023,21195.74,6150,3705,06-MAY-2024,
OPTIDX,BANKNIFTY,15-May-2024,46800.0,PE,55.95,60.7,37.85,48.2,48.2,3654,25677.71,7770,3900,06-MAY-2024,
OPTIDX,BANKNIFTY,15-May-2024,46900.0,PE,53.0,68.5,42.1,54.15,54.15,3006,21171.79,7530,3495,06-MAY-2024,
OPTIDX,BANKNIFTY,15-May-2024,47000.0,PE,47.0,76.55,46.6,61.15,61.15,37914,267639.85,142110,46050,06-MAY-2024,
OPTIDX,BANKNIFTY,15-May-2024,47100.0,PE,65.0,84.55,52.2,68.5,68.5,3679,26030.67,9060,5205,06-MAY-2024,
OPTIDX,BANKNIFTY,15-May-2024,47200.0,PE,73.3,94.65,57.9,76.8,76.8,6444,45696.22,8820,720,06-MAY-2024,
OPTIDX,BANKNIFTY,15-May-2024,47300.0,PE,79.7,106.15,64.6,86.1,86.1,9182,65263.04,21090,9615,06-MAY-2024,
OPTIDX,BANKNIFTY,15-May-2024,47400.0,PE,85.8,117.05,72.0,97.05,97.05,10768,76711.82,23415,9390,06-MAY-2024,
OPTIDX,BANKNIFTY,15-May-2024,47500.0,PE,107.6,131.65,79.45,109.4,109.4,56450,403073.57,202260,68310,06-MAY-2024,
OPTIDX,BANKNIFTY,15-May-2024,47600.0,PE,104.0,146.2,88.25,121.7,121.7,11949,85524.79,29085,15255,06-MAY-2024,
OPTIDX,BANKNIFTY,15-May-2024,47700.0,PE,103.0,161.05,91.4,136.1,136.1,4819,34574.94,15420,2640,06-MAY-2024,
OPTIDX,BANKNIFTY,15-May-2024,47800.0,PE,102.2,180.4,102.2,151.05,151.05,8689,62495.66,31110,17535,06-MAY-2024,
OPTIDX,BANKNIFTY,15-May-2024,47900.0,PE,121.9,201.5,120.9,169.25,169.25,7220,52051.34,20220,7500,06-MAY-2024,
OPTIDX,BANKNIFTY,15-May-2024,48000.0,PE,177.95,224.1,133.9,189.05,189.05,55352,400035.49,213480,37350,06-MAY-2024,
OPTIDX,BANKNIFTY,15-May-2024,48100.0,PE,176.45,249.15,149.85,210.2,210.2,6538,47364.41,18960,2700,06-MAY-2024,
OPTIDX,BANKNIFTY,15-May-2024,48200.0,PE,250.0,276.35,165.2,235.15,235.15,7997,58084.58,29985,14865,06-MAY-2024,
OPTIDX,BANKNIFTY,15-May-2024,48300.0,PE,219.1,306.9,185.0,260.35,260.35,8125,59172.58,16065,4995,06-MAY-2024,
OPTIDX,BANKNIFTY,15-May-2024,48400.0,PE,244.05,340.95,204.65,289.95,289.95,10041,73318.14,31935,10170,06-MAY-2024,
OPTIDX,BANKNIFTY,15-May-2024,48500.0,PE,337.95,376.55,226.45,321.7,321.7,47500,347758.33,129150,35625,06-MAY-2024,
OPTIDX,BANKNIFTY,15-May-2024,48600.0,PE,352.95,414.45,252.6,355.9,355.9,15825,116167.46,32070,11250,06-MAY-2024,
OPTIDX,BANKNIFTY,15-May-2024,48700.0,PE,335.75,457.55,279.0,394.25,394.25,18897,139118.89,41475,11775,06-MAY-2024,
OPTIDX,BANKNIFTY,15-May-2024,48800.0,PE,384.95,502.0,309.35,434.0,434.0,27836,205510.8,59385,14490,06-MAY-2024,
OPTIDX,BANKNIFTY,15-May-2024,48900.0,PE,421.75,550.0,342.8,479.45,479.45,33425,247514.16,70230,19785,06-MAY-2024,
OPTIDX,BANKNIFTY,15-May-2024,49000.0,PE,492.1,601.9,376.3,522.9,522.9,120224,892526.31,306750,100395,06-MAY-2024,
OPTIDX,BANKNIFTY,15-May-2024,49100.0,PE,536.95,659.5,417.3,575.05,575.05,43388,323052.69,34500,10560,06-MAY-2024,
OPTIDX,BANKNIFTY,15-May-2024,49200.0,PE,550.0,716.65,460.0,627.55,627.55,42534,317551.42,49605,32730,06-MAY-2024,
OPTIDX,BANKNIFTY,15-May-2024,49300.0,PE,625.05,777.1,503.7,685.0,685.0,23524,176147.7,28575,1650,06-MAY-2024,
OPTIDX,BANKNIFTY,15-May-2024,49400.0,PE,684.0,840.0,550.0,745.8,745.8,8594,64547.83,16005,4095,06-MAY-2024,
OPTIDX,BANKNIFTY,15-May-2024,49500.0,PE,711.3,905.0,598.3,805.55,805.55,25753,194001.12,120915,56010,06-MAY-2024,
OPTIDX,BANKNIFTY,15-May-2024,49600.0,PE,828.85,974.4,657.2,870.15,870.15,3239,24485.35,12255,4065,06-MAY-2024,
OPTIDX,BANKNIFTY,15-May-2024,49700.0,PE,725.4,1044.4,714.6,947.25,947.25,991,7514.6,5700,-1740,06-MAY-2024,
OPTIDX,BANKNIFTY,15-May-2024,49800.0,PE,1010.0,1126.0,780.65,1027.55,1027.55,480,3653.91,3435,-660,06-MAY-2024,
OPTIDX,BANKNIFTY,15-May-2024,49900.0,PE,970.7,1200.0,855.95,1092.45,1092.45,265,2024.24,2385,-1260,06-MAY-2024,
OPTIDX,BANKNIFTY,15-May-2024,50000.0,PE,1090.0,1284.75,907.25,1165.2,1165.2,3870,29651.44,16125,1950,06-MAY-2024,
OPTIDX,BANKNIFTY,15-May-2024,50100.0,PE,1248.85,1303.5,1036.55,1232.6,1232.6,215,1652.28,1275,-60,06-MAY-2024,
OPTIDX,BANKNIFTY,15-May-2024,50200.0,PE,1213.85,1325.0,1101.2,1325.0,1379.05,72,555.16,735,525,06-MAY-2024,
OPTIDX,BANKNIFTY,15-May-2024,50300.0,PE,1452.35,1452.35,1344.05,1414.65,1460.25,12,93.03,240,165,06-MAY-2024,
OPTIDX,BANKNIFTY,15-May-2024,50400.0,PE,1531.0,1531.0,1423.1,1423.1,1543.25,13,101.1,420,-165,06-MAY-2024,
OPTIDX,BANKNIFTY,15-May-2024,50500.0,PE,1545.6,1630.05,1323.5,1579.45,1579.45,410,3196.11,2145,90,06-MAY-2024,
OPTIDX,BANKNIFTY,15-May-2024,50600.0,PE,1695.05,1695.05,1620.3,1677.85,1714.05,10,78.39,180,150,06-MAY-2024,
OPTIDX,BANKNIFTY,15-May-2024,50700.0,PE,1785.65,1785.65,1703.65,1761.2,1801.65,11,86.55,135,-165,06-MAY-2024,
OPTIDX,BANKNIFTY,15-May-2024,50800.0,PE,1955.0,1955.0,1829.0,1846.8,1890.55,14,110.57,345,195,06-MAY-2024,
OPTIDX,BANKNIFTY,15-May-2024,50900.0,PE,2079.15,2079.15,1933.75,1974.65,1974.65,7,55.51,120,105,06-MAY-2024,
OPTIDX,BANKNIFTY,15-May-2024,51000.0,PE,1837.0,2082.85,1718.0,2054.1,2054.1,91,722.96,450,270,06-MAY-2024,
OPTIDX,BANKNIFTY,15-May-2024,51100.0,PE,2178.35,2178.35,2163.3,2163.3,2164.1,2,15.98,150,30,06-MAY-2024,
OPTIDX,BANKNIFTY,15-May-2024,51200.0,PE,2264.3,2264.3,2259.6,2259.6,2257.2,2,16.03,105,-30,06-MAY-2024,
OPTIDX,BANKNIFTY,15-May-2024,51300.0,PE,2290.9,2339.75,2290.9,2321.25,2351.15,4,32.16,165,60,06-MAY-2024,
OPTIDX,BANKNIFTY,15-May-2024,51400.0,PE,2347.75,2440.7,2347.75,2433.8,2433.8,10,80.73,270,135,06-MAY-2024,
OPTIDX,BANKNIFTY,15-May-2024,51500.0,PE,2548.1,2548.1,2516.6,2537.75,2537.75,13,105.37,300,195,06-MAY-2024,
OPTIDX,BANKNIFTY,15-May-2024,51600.0,PE,2608.75,2628.45,2608.75,2624.75,2624.75,10,81.33,165,150,06-MAY-2024,
OPTIDX,BANKNIFTY,15-May-2024,51700.0,PE,2726.85,2745.7,2687.45,2712.55,2712.55,11,89.78,195,165,06-MAY-2024,
OPTIDX,BANKNIFTY,15-May-2024,51800.0,PE,2757.55,2827.05,2757.55,2799.05,2799.05,10,81.89,165,150,06-MAY-2024,
OPTIDX,BANKNIFTY,15-May-2024,51900.0,PE,2924.25,2924.25,2884.85,2903.0,2903.0,11,90.42,180,165,06-MAY-2024,
OPTIDX,BANKNIFTY,15-May-2024,52000.0,PE,2966.4,3024.35,2935.7,3019.4,3019.4,13,107.26,195,195,06-MAY-2024,
OPTIDX,BANKNIFTY,15-May-2024,52100.0,PE,3124.1,3124.1,3061.25,3061.25,3123.65,3,24.83,60,45,06-MAY-2024,
OPTIDX,BANKNIFTY,15-May-2024,52200.0,PE,3157.45,3254.9,3157.45,3204.65,3204.65,12,99.72,195,180,06-MAY-2024,
OPTIDX,BANKNIFTY,15-May-2024,52300.0,PE,3311.55,3320.3,3280.6,3300.55,3300.55,11,91.74,195,165,06-MAY-2024,
OPTIDX,BANKNIFTY,15-May-2024,52400.0,PE,3340.15,3440.15,3331.1,3401.25,3401.25,13,108.79,210,195,06-MAY-2024,
OPTIDX,BANKNIFTY,15-May-2024,52500.0,PE,3450.85,3515.35,3450.85,3499.0,3499.0,10,83.99,225,150,06-MAY-2024,
OPTIDX,BANKNIFTY,15-May-2024,53000.0,PE,4033.45,4043.95,4007.85,4024.35,4024.35,4,34.21,75,60,06-MAY-2024,
OPTIDX,BANKNIFTY,15-May-2024,53500.0,PE,4535.25,4535.25,4501.65,4515.55,4515.55,3,26.1,60,45,06-MAY-2024,
OPTIDX,BANKNIFTY,15-May-2024,54000.0,PE,5008.4,5016.7,4975.75,5001.0,5001.0,9,79.65,165,135,06-MAY-2024,
OPTIDX,BANKNIFTY,15-May-2024,54500.0,PE,0.0,0.0,0.0,5191.05,5510.4,0,0.0,0,0,06-MAY-2024,
OPTIDX,BANKNIFTY,15-May-2024,55000.0,PE,0.0,0.0,0.0,5672.05,6009.5,0,0.0,0,0,06-MAY-2024,
OPTIDX,BANKNIFTY,15-May-2024,55500.0,PE,0.0,0.0,0.0,6157.9,6508.6,0,0.0,0,0,06-MAY-2024,
OPTIDX,BANKNIFTY,15-May-2024,56000.0,PE,0.0,0.0,0.0,6647.2,7007.75,0,0.0,0,0,06-MAY-2024,
OPTIDX,BANKNIFTY,15-May-2024,56500.0,PE,0.0,0.0,0.0,7138.95,7506.85,0,0.0,0,0,06-MAY-2024,
OPTIDX,BANKNIFTY,15-May-2024,57000.0,PE,0.0,0.0,0.0,7632.4,8006.0,0,0.0,0,0,06-MAY-2024,
OPTIDX,BANKNIFTY,22-May-2024,39500.0,CE,0.0,0.0,0.0,8259.9,9516.85,0,0.0,0,0,06-MAY-2024,
OPTIDX,BANKNIFTY,22-May-2024,40000.0,CE,0.0,0.0,0.0,7763.8,9018.4,0,0.0,0,0,06-MAY-2024,
OPTIDX,BANKNIFTY,22-May-2024,40500.0,CE,0.0,0.0,0.0,7268.05,8519.95,0,0.0,0,0,06-MAY-2024,
OPTIDX,BANKNIFTY,22-May-2024,41000.0,CE,0.0,0.0,0.0,6773.15,8021.45,0,0.0,0,0,06-MAY-2024,
OPTIDX,BANKNIFTY,22-May-2024,41500.0,CE,0.0,0.0,0.0,6279.55,7523.0,0,0.0,0,0,06-MAY-2024,
OPTIDX,BANKNIFTY,22-May-2024,42000.0,CE,0.0,0.0,0.0,5788.2,7024.55,0,0.0,0,0,06-MAY-2024,
OPTIDX,BANKNIFTY,22-May-2024,42500.0,CE,0.0,0.0,0.0,5300.4,6526.15,0,0.0,0,0,06-MAY-2024,
OPTIDX,BANKNIFTY,22-May-2024,43000.0,CE,0.0,0.0,0.0,4818.1,6027.8,0,0.0,0,0,06-MAY-2024,
OPTIDX,BANKNIFTY,22-May-2024,43500.0,CE,0.0,0.0,0.0,4343.6,5529.7,0,0.0,0,0,06-MAY-2024,
OPTIDX,BANKNIFTY,22-May-2024,44000.0,CE,5087.6,5087.6,5006.4,5009.85,5009.85,5,36.78,90,60,06-MAY-2024,
OPTIDX,BANKNIFTY,22-May-2024,44100.0,CE,4904.35,4909.75,4904.35,4907.05,4907.05,2,14.7,75,30,06-MAY-2024,
OPTIDX,BANKNIFTY,22-May-2024,44200.0,CE,4811.0,4827.75,4808.65,4815.2,4815.2,4,29.4,150,60,06-MAY-2024,
OPTIDX,BANKNIFTY,22-May-2024,44300.0,CE,4702.35,4717.35,4675.8,4696.6,4696.6,3,22.04,45,45,06-MAY-2024,
OPTIDX,BANKNIFTY,22-May-2024,44400.0,CE,4608.15,4613.7,4608.15,4610.95,4610.95,2,14.7,135,30,06-MAY-2024,
OPTIDX,BANKNIFTY,22-May-2024,44500.0,CE,4515.1,4515.1,4512.75,4513.95,4513.95,2,14.7,90,30,06-MAY-2024,
OPTIDX,BANKNIFTY,22-May-2024,44600.0,CE,4418.1,4418.1,4406.65,4406.65,4436.95,2,14.7,30,30,06-MAY-2024,
OPTIDX,BANKNIFTY,22-May-2024,44700.0,CE,4308.25,4312.35,4308.25,4312.35,4312.35,2,14.7,30,30,06-MAY-2024,
OPTIDX,BANKNIFTY,22-May-2024,44800.0,CE,4221.3,4221.3,4210.65,4210.65,4239.35,2,14.7,30,30,06-MAY-2024,
OPTIDX,BANKNIFTY,22-May-2024,44900.0,CE,4118.65,4126.95,4118.65,4126.95,4140.8,2,14.7,30,30,06-MAY-2024,
OPTIDX,BANKNIFTY,22-May-2024,45000.0,CE,4019.3,4028.25,4019.3,4028.25,4042.45,2,14.7,30,30,06-MAY-2024,
OPTIDX,BANKNIFTY,22-May-2024,45100.0,CE,4018.0,4018.0,3930.4,3930.4,3944.25,2,14.72,30,30,06-MAY-2024,
OPTIDX,BANKNIFTY,22-May-2024,45200.0,CE,3919.8,3919.8,3833.45,3845.75,3845.75,10,73.57,150,150,06-MAY-2024,
OPTIDX,BANKNIFTY,22-May-2024,45300.0,CE,3821.7,3821.7,3735.6,3747.0,3747.0,11,80.93,165,165,06-MAY-2024,
OPTIDX,BANKNIFTY,22-May-2024,45400.0,CE,3666.4,3666.4,3637.15,3648.15,3648.15,10,73.57,195,150,06-MAY-2024,
OPTIDX,BANKNIFTY,22-May-2024,45500.0,CE,3625.35,3625.35,3538.25,3551.05,3551.05,10,73.58,180,150,06-MAY-2024,
OPTIDX,BANKNIFTY,22-May-2024,45600.0,CE,3528.15,3528.15,3440.95,3440.95,3457.55,2,14.72,30,30,06-MAY-2024,
OPTIDX,BANKNIFTY,22-May-2024,45700.0,CE,3430.85,3430.85,3344.9,3354.45,3354.45,13,95.66,210,195,06-MAY-2024,
OPTIDX,BANKNIFTY,22-May-2024,45800.0,CE,3332.65,3332.65,3248.1,3259.3,3259.3,12,88.31,180,180,06-MAY-2024,
OPTIDX,BANKNIFTY,22-May-2024,45900.0,CE,3234.65,3237.35,3234.65,3237.35,3170.15,2,14.74,30,30,06-MAY-2024,
OPTIDX,BANKNIFTY,22-May-2024,46000.0,CE,3083.85,3083.85,3055.85,3065.3,3065.3,13,95.67,345,180,06-MAY-2024,
OPTIDX,BANKNIFTY,22-May-2024,46100.0,CE,3042.5,3043.2,2982.85,2982.85,2981.15,3,22.1,75,45,06-MAY-2024,
OPTIDX,BANKNIFTY,22-May-2024,46200.0,CE,2947.6,2951.35,2947.6,2951.35,2887.6,2,14.74,135,30,06-MAY-2024,
OPTIDX,BANKNIFTY,22-May-2024,46300.0,CE,2853.3,2853.3,2777.0,2777.0,2794.7,3,22.1,60,45,06-MAY-2024,
OPTIDX,BANKNIFTY,22-May-2024,46400.0,CE,2663.0,2739.6,2663.0,2739.6,2702.6,2,14.73,30,30,06-MAY-2024,
OPTIDX,BANKNIFTY,22-May-2024,46500.0,CE,2541.75,2547.4,2541.75,2547.4,2611.35,2,14.71,30,30,06-MAY-2024,
OPTIDX,BANKNIFTY,22-May-2024,46600.0,CE,2450.15,2461.1,2450.15,2461.1,2520.95,3,22.07,45,45,06-MAY-2024,
OPTIDX,BANKNIFTY,22-May-2024,46700.0,CE,2363.35,2363.4,2346.9,2346.9,2431.5,3,22.07,45,45,06-MAY-2024,
OPTIDX,BANKNIFTY,22-May-2024,46800.0,CE,2270.8,2270.8,2257.9,2257.9,2343.05,2,14.71,45,30,06-MAY-2024,
OPTIDX,BANKNIFTY,22-May-2024,46900.0,CE,2181.45,2181.9,2169.1,2169.1,2255.7,3,22.08,45,45,06-MAY-2024,
OPTIDX,BANKNIFTY,22-May-2024,47000.0,CE,2300.0,2300.0,1979.5,2183.05,2169.5,14,103.21,1725,60,06-MAY-2024,
OPTIDX,BANKNIFTY,22-May-2024,47100.0,CE,2008.75,2009.65,1995.4,1995.4,2084.55,4,29.46,60,60,06-MAY-2024,
OPTIDX,BANKNIFTY,22-May-2024,47200.0,CE,2238.45,2238.45,2238.45,2238.45,2000.8,60,444.94,900,900,06-MAY-2024,
OPTIDX,BANKNIFTY,22-May-2024,47300.0,CE,1836.35,1837.05,1826.45,1826.45,1918.45,3,22.1,120,45,06-MAY-2024,
OPTIDX,BANKNIFTY,22-May-2024,47400.0,CE,1753.5,1789.55,1753.5,1789.55,1789.55,2,14.75,30,30,06-MAY-2024,
OPTIDX,BANKNIFTY,22-May-2024,47500.0,CE,1975.55,1975.55,1680.7,1680.7,1680.7,7,51.88,1725,-45,06-MAY-2024,
OPTIDX,BANKNIFTY,22-May-2024,47600.0,CE,1888.05,1888.05,1888.05,1888.05,1680.2,1,7.42,105,0,06-MAY-2024,
OPTIDX,BANKNIFTY,22-May-2024,47700.0,CE,1673.95,1673.95,1673.95,1673.95,1603.9,2,14.81,105,0,06-MAY-2024,
OPTIDX,BANKNIFTY,22-May-2024,47800.0,CE,1452.5,1453.05,1452.5,1453.05,1531.1,2,14.77,30,30,06-MAY-2024,
OPTIDX,BANKNIFTY,22-May-2024,47900.0,CE,1449.35,1453.85,1449.35,1452.6,1456.15,3,22.2,375,-45,06-MAY-2024,
OPTIDX,BANKNIFTY,22-May-2024,48000.0,CE,1419.7,1510.0,1164.55,1323.5,1323.5,34,251.51,2700,75,06-MAY-2024,
OPTIDX,BANKNIFTY,22-May-2024,48100.0,CE,1325.6,1364.05,1322.75,1364.05,1315.9,6,44.49,300,0,06-MAY-2024,
OPTIDX,BANKNIFTY,22-May-2024,48200.0,CE,1287.6,1414.1,1133.15,1138.1,1248.6,26,193.0,945,-15,06-MAY-2024,
OPTIDX,BANKNIFTY,22-May-2024,48300.0,CE,0.0,0.0,0.0,1157.0,1183.2,0,0.0,810,0,06-MAY-2024,
OPTIDX,BANKNIFTY,22-May-2024,48400.0,CE,1234.85,1234.85,956.0,956.0,1119.8,4,29.69,120,15,06-MAY-2024,
OPTIDX,BANKNIFTY,22-May-2024,48500.0,CE,1004.35,1198.5,865.0,958.8,958.8,232,1722.33,5865,150,06-MAY-2024,
OPTIDX,BANKNIFTY,22-May-2024,48600.0,CE,953.05,1125.0,815.0,899.9,899.9,36,267.51,420,-105,06-MAY-2024,
OPTIDX,BANKNIFTY,22-May-2024,48700.0,CE,885.0,1064.75,754.4,834.45,834.45,185,1376.06,1155,195,06-MAY-2024,
OPTIDX,BANKNIFTY,22-May-2024,48800.0,CE,830.35,982.2,701.6,775.5,775.5,380,2828.2,2940,600,06-MAY-2024,
OPTIDX,BANKNIFTY,22-May-2024,48900.0,CE,795.0,922.4,637.05,716.75,716.75,581,4327.34,3360,1740,06-MAY-2024,
OPTIDX,BANKNIFTY,22-May-2024,49000.0,CE,733.05,870.9,590.0,663.05,663.05,2796,20855.92,16605,6600,06-MAY-2024,
OPTIDX,BANKNIFTY,22-May-2024,49100.0,CE,674.3,800.55,540.2,610.8,610.8,786,5871.48,3525,1095,06-MAY-2024,
OPTIDX,BANKNIFTY,22-May-2024,49200.0,CE,623.9,748.95,500.0,563.7,563.7,819,6125.2,3270,-30,06-MAY-2024,
OPTIDX,BANKNIFTY,22-May-2024,49300.0,CE,564.95,689.35,458.1,518.25,518.25,364,2723.75,5670,1410,06-MAY-2024,
OPTIDX,BANKNIFTY,22-May-2024,49400.0,CE,519.65,636.25,421.1,468.15,468.15,212,1587.85,2460,690,06-MAY-2024,
OPTIDX,BANKNIFTY,22-May-2024,49500.0,CE,501.55,594.0,377.5,435.3,435.3,1928,14453.4,21810,7245,06-MAY-2024,
OPTIDX,BANKNIFTY,22-May-2024,49600.0,CE,435.3,548.4,359.0,400.55,400.55,119,893.25,3360,540,06-MAY-2024,
OPTIDX,BANKNIFTY,22-May-2024,49700.0,CE,394.65,503.3,304.5,357.65,357.65,165,1240.23,2085,315,06-MAY-2024,
OPTIDX,BANKNIFTY,22-May-2024,49800.0,CE,355.0,447.25,288.45,323.6,323.6,201,1512.81,2835,885,06-MAY-2024,
OPTIDX,BANKNIFTY,22-May-2024,49900.0,CE,325.6,406.0,255.0,289.05,289.05,163,1228.0,1605,180,06-MAY-2024,
OPTIDX,BANKNIFTY,22-May-2024,50000.0,CE,296.4,371.25,224.85,262.7,262.7,3844,29003.63,30150,8640,06-MAY-2024,
OPTIDX,BANKNIFTY,22-May-2024,50100.0,CE,242.85,334.75,196.0,196.0,353.7,45,340.15,825,-30,06-MAY-2024,
OPTIDX,BANKNIFTY,22-May-2024,50200.0,CE,241.0,283.4,241.0,272.8,326.1,3,22.7,675,30,06-MAY-2024,
OPTIDX,BANKNIFTY,22-May-2024,50300.0,CE,230.05,241.6,182.0,197.2,197.2,18,136.37,1815,75,06-MAY-2024,
OPTIDX,BANKNIFTY,22-May-2024,50400.0,CE,0.0,0.0,0.0,278.9,276.15,0,0.0,0,0,06-MAY-2024,
OPTIDX,BANKNIFTY,22-May-2024,50500.0,CE,192.3,218.8,134.05,148.6,148.6,561,4263.88,6930,870,06-MAY-2024,
OPTIDX,BANKNIFTY,22-May-2024,50600.0,CE,242.0,242.0,151.15,151.15,232.2,2,15.23,105,30,06-MAY-2024,
OPTIDX,BANKNIFTY,22-May-2024,50700.0,CE,0.0,0.0,0.0,230.85,212.4,0,0.0,0,0,06-MAY-2024,
OPTIDX,BANKNIFTY,22-May-2024,50800.0,CE,0.0,0.0,0.0,349.3,193.95,0,0.0,30,0,06-MAY-2024,
OPTIDX,BANKNIFTY,22-May-2024,50900.0,CE,0.0,0.0,0.0,202.75,176.85,0,0.0,0,0,06-MAY-2024,
OPTIDX,BANKNIFTY,22-May-2024,51000.0,CE,108.6,139.8,70.7,81.4,81.4,3714,28470.05,27705,14295,06-MAY-2024,
OPTIDX,BANKNIFTY,22-May-2024,51100.0,CE,0.0,0.0,0.0,153.65,146.25,0,0.0,30,0,06-MAY-2024,
OPTIDX,BANKNIFTY,22-May-2024,51200.0,CE,192.25,192.25,157.95,157.95,132.7,2,15.41,30,30,06-MAY-2024,
OPTIDX,BANKNIFTY,22-May-2024,51300.0,CE,0.0,0.0,0.0,155.1,120.2,0,0.0,0,0,06-MAY-2024,
OPTIDX,BANKNIFTY,22-May-2024,51400.0,CE,111.0,111.0,51.75,57.85,108.7,137,1057.98,600,-450,06-MAY-2024,
OPTIDX,BANKNIFTY,22-May-2024,51500.0,CE,60.0,67.85,44.7,46.25,46.25,235,1817.35,2115,1665,06-MAY-2024,
OPTIDX,BANKNIFTY,22-May-2024,51600.0,CE,0.0,0.0,0.0,163.15,88.4,0,0.0,585,0,06-MAY-2024,
OPTIDX,BANKNIFTY,22-May-2024,51700.0,CE,0.0,0.0,0.0,117.3,79.55,0,0.0,0,0,06-MAY-2024,
OPTIDX,BANKNIFTY,22-May-2024,51800.0,CE,106.8,106.8,106.8,106.8,71.45,7,54.5,120,105,06-MAY-2024,
OPTIDX,BANKNIFTY,22-May-2024,51900.0,CE,0.0,0.0,0.0,101.6,64.05,0,0.0,0,0,06-MAY-2024,
OPTIDX,BANKNIFTY,22-May-2024,52000.0,CE,44.9,45.0,27.35,30.55,30.55,812,6337.72,10800,1560,06-MAY-2024,
OPTIDX,BANKNIFTY,22-May-2024,52100.0,CE,46.65,46.65,46.65,46.65,46.65,1,7.82,30,0,06-MAY-2024,
OPTIDX,BANKNIFTY,22-May-2024,52200.0,CE,74.35,74.35,74.35,74.35,45.7,1,7.84,30,15,06-MAY-2024,
OPTIDX,BANKNIFTY,22-May-2024,52300.0,CE,45.0,45.0,37.75,39.65,39.65,10,78.51,195,135,06-MAY-2024,
OPTIDX,BANKNIFTY,22-May-2024,52400.0,CE,59.3,59.3,59.3,59.3,36.2,1,7.86,45,0,06-MAY-2024,
OPTIDX,BANKNIFTY,22-May-2024,52500.0,CE,27.8,34.95,21.2,21.95,21.95,174,1370.95,7500,-495,06-MAY-2024,
OPTIDX,BANKNIFTY,22-May-2024,53000.0,CE,20.0,22.35,16.15,17.9,17.9,281,2234.74,4020,1980,06-MAY-2024,
OPTIDX,BANKNIFTY,22-May-2024,53500.0,CE,15.35,15.35,13.25,13.25,8.9,6,48.16,1515,0,06-MAY-2024,
OPTIDX,BANKNIFTY,22-May-2024,54000.0,CE,16.25,16.25,12.05,13.15,13.15,91,737.28,3345,555,06-MAY-2024,
OPTIDX,BANKNIFTY,22-May-2024,54500.0,CE,13.05,13.05,10.05,10.5,10.5,20,163.53,6255,60,06-MAY-2024,
OPTIDX,BANKNIFTY,22-May-2024,55000.0,CE,18.0,18.0,8.95,10.85,10.85,49,404.33,1695,375,06-MAY-2024,
OPTIDX,BANKNIFTY,22-May-2024,55500.0,CE,0.0,0.0,0.0,8.05,0.45,0,0.0,60,0,06-MAY-2024,
OPTIDX,BANKNIFTY,22-May-2024,56000.0,CE,0.0,0.0,0.0,2.85,0.2,0,0.0,0,0,06-MAY-2024,
OPTIDX,BANKNIFTY,22-May-2024,56500.0,CE,0.0,0.0,0.0,1.75,0.1,0,0.0,0,0,06-MAY-2024,
OPTIDX,BANKNIFTY,22-May-2024,57000.0,CE,0.0,0.0,0.0,1.05,0.05,0,0.0,0,0,06-MAY-2024,
OPTIDX,BANKNIFTY,22-May-2024,39500.0,PE,0.0,0.0,0.0,0.35,0.0,0,0.0,0,0,06-MAY-2024,
OPTIDX,BANKNIFTY,22-May-2024,40000.0,PE,0.0,0.0,0.0,0.75,0.0,0,0.0,0,0,06-MAY-2024,
OPTIDX,BANKNIFTY,22-May-2024,40500.0,PE,0.0,0.0,0.0,1.55,0.0,0,0.0,0,0,06-MAY-2024,
OPTIDX,BANKNIFTY,22-May-2024,41000.0,PE,0.0,0.0,0.0,3.1,0.0,0,0.0,0,0,06-MAY-2024,
OPTIDX,BANKNIFTY,22-May-2024,41500.0,PE,0.0,0.0,0.0,6.05,0.0,0,0.0,0,0,06-MAY-2024,
OPTIDX,BANKNIFTY,22-May-2024,42000.0,PE,0.0,0.0,0.0,11.2,0.05,0,0.0,0,0,06-MAY-2024,
OPTIDX,BANKNIFTY,22-May-2024,42500.0,PE,0.0,0.0,0.0,19.95,0.05,0,0.0,0,0,06-MAY-2024,
OPTIDX,BANKNIFTY,22-May-2024,43000.0,PE,0.0,0.0,0.0,13.0,0.2,0,0.0,15,0,06-MAY-2024,
OPTIDX,BANKNIFTY,22-May-2024,43500.0,PE,0.0,0.0,0.0,56.2,0.55,0,0.0,0,0,06-MAY-2024,
OPTIDX,BANKNIFTY,22-May-2024,44000.0,PE,14.35,16.5,12.0,15.95,15.95,341,2251.24,5955,4500,06-MAY-2024,
OPTIDX,BANKNIFTY,22-May-2024,44100.0,PE,0.0,0.0,0.0,97.35,1.75,0,0.0,0,0,06-MAY-2024,
OPTIDX,BANKNIFTY,22-May-2024,44200.0,PE,0.0,0.0,0.0,106.15,2.1,0,0.0,0,0,06-MAY-2024,
OPTIDX,BANKNIFTY,22-May-2024,44300.0,PE,0.0,0.0,0.0,115.6,2.55,0,0.0,0,0,06-MAY-2024,
OPTIDX,BANKNIFTY,22-May-2024,44400.0,PE,0.0,0.0,0.0,125.7,3.05,0,0.0,0,0,06-MAY-2024,
OPTIDX,BANKNIFTY,22-May-2024,44500.0,PE,0.0,0.0,0.0,47.95,3.7,0,0.0,210,0,06-MAY-2024,
OPTIDX,BANKNIFTY,22-May-2024,44600.0,PE,0.0,0.0,0.0,148.05,4.4,0,0.0,0,0,06-MAY-2024,
OPTIDX,BANKNIFTY,22-May-2024,44700.0,PE,0.0,0.0,0.0,160.4,5.25,0,0.0,0,0,06-MAY-2024,
OPTIDX,BANKNIFTY,22-May-2024,44800.0,PE,0.0,0.0,0.0,173.5,6.2,0,0.0,0,0,06-MAY-2024,
OPTIDX,BANKNIFTY,22-May-2024,44900.0,PE,0.0,0.0,0.0,187.45,7.35,0,0.0,0,0,06-MAY-2024,
OPTIDX,BANKNIFTY,22-May-2024,45000.0,PE,14.4,29.8,14.4,24.1,24.1,285,1924.75,5490,2010,06-MAY-2024,
OPTIDX,BANKNIFTY,22-May-2024,45100.0,PE,0.0,0.0,0.0,30.0,10.2,0,0.0,0,0,06-MAY-2024,
OPTIDX,BANKNIFTY,22-May-2024,45200.0,PE,0.0,0.0,0.0,97.85,11.95,0,0.0,45,0,06-MAY-2024,
OPTIDX,BANKNIFTY,22-May-2024,45300.0,PE,0.0,0.0,0.0,76.5,14.0,0,0.0,30,0,06-MAY-2024,
OPTIDX,BANKNIFTY,22-May-2024,45400.0,PE,0.0,0.0,0.0,84.45,16.3,0,0.0,0,0,06-MAY-2024,
OPTIDX,BANKNIFTY,22-May-2024,45500.0,PE,31.6,39.1,28.2,30.05,30.05,159,1085.97,2640,810,06-MAY-2024,
OPTIDX,BANKNIFTY,22-May-2024,45600.0,PE,35.1,36.0,27.0,27.0,21.95,29,198.5,165,75,06-MAY-2024,
OPTIDX,BANKNIFTY,22-May-2024,45700.0,PE,39.85,39.85,35.85,35.85,25.4,2,13.72,15,15,06-MAY-2024,
OPTIDX,BANKNIFTY,22-May-2024,45800.0,PE,45.15,45.15,45.15,45.15,45.15,6,41.26,465,0,06-MAY-2024,
OPTIDX,BANKNIFTY,22-May-2024,45900.0,PE,48.55,48.55,43.4,43.4,33.6,8,55.13,30,15,06-MAY-2024,
OPTIDX,BANKNIFTY,22-May-2024,46000.0,PE,41.15,69.9,32.35,46.7,46.7,3201,22107.77,21795,18375,06-MAY-2024,
OPTIDX,BANKNIFTY,22-May-2024,46100.0,PE,61.5,64.6,61.5,64.6,44.0,3,20.77,90,45,06-MAY-2024,
OPTIDX,BANKNIFTY,22-May-2024,46200.0,PE,0.0,0.0,0.0,459.2,50.1,0,0.0,0,0,06-MAY-2024,
OPTIDX,BANKNIFTY,22-May-2024,46300.0,PE,76.0,76.0,76.0,76.0,56.95,1,6.95,15,15,06-MAY-2024,
OPTIDX,BANKNIFTY,22-May-2024,46400.0,PE,86.4,86.4,86.4,86.4,64.55,1,6.97,30,15,06-MAY-2024,
OPTIDX,BANKNIFTY,22-May-2024,46500.0,PE,64.4,90.7,51.1,79.15,79.15,86,600.75,1725,255,06-MAY-2024,
OPTIDX,BANKNIFTY,22-May-2024,46600.0,PE,112.6,112.6,112.6,112.6,82.25,1,7.0,1155,0,06-MAY-2024,
OPTIDX,BANKNIFTY,22-May-2024,46700.0,PE,125.0,125.0,125.0,125.0,92.5,1,7.02,60,15,06-MAY-2024,
OPTIDX,BANKNIFTY,22-May-2024,46800.0,PE,0.0,0.0,0.0,108.0,103.8,0,0.0,90,0,06-MAY-2024,
OPTIDX,BANKNIFTY,22-May-2024,46900.0,PE,124.35,124.35,124.35,124.35,116.1,2,14.1,45,0,06-MAY-2024,
OPTIDX,BANKNIFTY,22-May-2024,47000.0,PE,116.45,145.0,87.05,127.25,127.25,1036,7321.89,15990,2940,06-MAY-2024,
OPTIDX,BANKNIFTY,22-May-2024,47100.0,PE,110.0,127.9,91.45,127.9,144.3,6,42.49,135,-60,06-MAY-2024,
OPTIDX,BANKNIFTY,22-May-2024,47200.0,PE,0.0,0.0,0.0,154.65,160.3,0,0.0,30,0,06-MAY-2024,
OPTIDX,BANKNIFTY,22-May-2024,47300.0,PE,168.2,169.0,128.3,128.3,177.65,10,71.18,120,0,06-MAY-2024,
OPTIDX,BANKNIFTY,22-May-2024,47400.0,PE,153.25,213.05,153.25,179.4,196.4,5,35.67,540,60,06-MAY-2024,
OPTIDX,BANKNIFTY,22-May-2024,47500.0,PE,175.0,226.4,148.95,198.4,198.4,865,6187.7,7125,-2340,06-MAY-2024,
OPTIDX,BANKNIFTY,22-May-2024,47600.0,PE,218.45,218.45,196.6,197.15,238.45,3,21.51,15,15,06-MAY-2024,
OPTIDX,BANKNIFTY,22-May-2024,47700.0,PE,194.0,265.0,194.0,229.55,261.85,35,251.56,435,270,06-MAY-2024,
OPTIDX,BANKNIFTY,22-May-2024,47800.0,PE,260.3,290.0,204.75,257.65,257.65,56,403.62,840,240,06-MAY-2024,
OPTIDX,BANKNIFTY,22-May-2024,47900.0,PE,267.95,289.75,236.3,269.9,269.9,66,476.81,1935,-45,06-MAY-2024,
OPTIDX,BANKNIFTY,22-May-2024,48000.0,PE,260.0,344.95,232.45,296.6,296.6,1906,13803.9,34860,9645,06-MAY-2024,
OPTIDX,BANKNIFTY,22-May-2024,48100.0,PE,303.15,348.5,271.15,334.0,334.0,136,987.62,1905,900,06-MAY-2024,
OPTIDX,BANKNIFTY,22-May-2024,48200.0,PE,327.75,400.0,275.6,351.55,351.55,102,742.64,1800,-480,06-MAY-2024,
OPTIDX,BANKNIFTY,22-May-2024,48300.0,PE,300.0,442.35,300.0,382.4,382.4,79,576.63,3135,-225,06-MAY-2024,
OPTIDX,BANKNIFTY,22-May-2024,48400.0,PE,350.0,466.0,316.35,411.8,411.8,175,1281.14,1935,135,06-MAY-2024,
OPTIDX,BANKNIFTY,22-May-2024,48500.0,PE,438.6,511.2,340.0,447.0,447.0,769,5643.29,10035,660,06-MAY-2024,
OPTIDX,BANKNIFTY,22-May-2024,48600.0,PE,444.6,541.6,394.7,481.85,481.85,186,1368.89,1245,75,06-MAY-2024,
OPTIDX,BANKNIFTY,22-May-2024,48700.0,PE,478.95,583.85,395.65,524.8,524.8,531,3918.29,2235,150,06-MAY-2024,
OPTIDX,BANKNIFTY,22-May-2024,48800.0,PE,503.45,630.0,433.0,563.7,563.7,623,4610.96,4380,1290,06-MAY-2024,
OPTIDX,BANKNIFTY,22-May-2024,48900.0,PE,579.4,679.55,475.0,607.25,607.25,1118,8298.54,6585,2055,06-MAY-2024,
OPTIDX,BANKNIFTY,22-May-2024,49000.0,PE,597.6,725.05,504.0,654.65,654.65,2706,20140.92,13635,4665,06-MAY-2024,
OPTIDX,BANKNIFTY,22-May-2024,49100.0,PE,638.9,762.55,547.3,706.0,706.0,544,4060.37,1680,840,06-MAY-2024,
OPTIDX,BANKNIFTY,22-May-2024,49200.0,PE,711.75,832.6,588.8,751.85,751.85,635,4752.15,3480,1800,06-MAY-2024,
OPTIDX,BANKNIFTY,22-May-2024,49300.0,PE,804.2,871.0,640.0,818.65,818.65,202,1516.59,1350,-135,06-MAY-2024,
OPTIDX,BANKNIFTY,22-May-2024,49400.0,PE,798.95,928.0,700.0,876.2,876.2,119,896.52,1830,-285,06-MAY-2024,
OPTIDX,BANKNIFTY,22-May-2024,49500.0,PE,940.25,967.4,731.95,920.6,920.6,394,2975.81,5445,-375,06-MAY-2024,
OPTIDX,BANKNIFTY,22-May-2024,49600.0,PE,968.2,1050.0,800.0,1011.85,1011.85,27,204.69,270,0,06-MAY-2024,
OPTIDX,BANKNIFTY,22-May-2024,49700.0,PE,989.1,1123.95,902.85,1070.65,1070.65,43,326.98,900,225,06-MAY-2024,
OPTIDX,BANKNIFTY,22-May-2024,49800.0,PE,1000.4,1108.1,976.5,1108.1,1198.7,11,83.86,345,-30,06-MAY-2024,
OPTIDX,BANKNIFTY,22-May-2024,49900.0,PE,1068.65,1229.3,955.4,1190.05,1265.4,53,405.57,420,-60,06-MAY-2024,
OPTIDX,BANKNIFTY,22-May-2024,50000.0,PE,1227.95,1333.15,1050.25,1246.7,1246.7,214,1642.49,1920,1200,06-MAY-2024,
OPTIDX,BANKNIFTY,22-May-2024,50100.0,PE,0.0,0.0,0.0,1299.0,1404.25,0,0.0,15,0,06-MAY-2024,
OPTIDX,BANKNIFTY,22-May-2024,50200.0,PE,1376.15,1376.15,1372.1,1374.0,1374.0,6,46.41,90,90,06-MAY-2024,
OPTIDX,BANKNIFTY,22-May-2024,50300.0,PE,1420.75,1420.75,1420.75,1420.75,1552.15,1,7.75,30,15,06-MAY-2024,
OPTIDX,BANKNIFTY,22-May-2024,50400.0,PE,1558.6,1558.6,1558.6,1558.6,1625.8,1,7.79,15,15,06-MAY-2024,
OPTIDX,BANKNIFTY,22-May-2024,50500.0,PE,1462.7,1462.7,1462.7,1462.7,1702.75,1,7.79,45,15,06-MAY-2024,
OPTIDX,BANKNIFTY,22-May-2024,50600.0,PE,1721.7,1721.7,1721.7,1721.7,1781.2,1,7.84,15,15,06-MAY-2024,
OPTIDX,BANKNIFTY,22-May-2024,50700.0,PE,1806.25,1806.25,1734.95,1734.95,1861.1,2,15.74,30,30,06-MAY-2024,
OPTIDX,BANKNIFTY,22-May-2024,50800.0,PE,1879.7,1879.7,1834.6,1834.6,1942.35,3,23.69,150,45,06-MAY-2024,
OPTIDX,BANKNIFTY,22-May-2024,50900.0,PE,1921.85,1921.85,1904.5,1904.5,2024.9,2,15.84,150,30,06-MAY-2024,
OPTIDX,BANKNIFTY,22-May-2024,51000.0,PE,2068.6,2068.6,2049.35,2049.35,2108.75,4,31.83,180,60,06-MAY-2024,
OPTIDX,BANKNIFTY,22-May-2024,51100.0,PE,2121.35,2158.9,2111.55,2140.9,2140.9,10,79.85,270,150,06-MAY-2024,
OPTIDX,BANKNIFTY,22-May-2024,51200.0,PE,2235.3,2235.3,2213.05,2213.05,2279.85,2,16.02,135,30,06-MAY-2024,
OPTIDX,BANKNIFTY,22-May-2024,51300.0,PE,2305.7,2343.3,2305.7,2338.35,2338.35,5,40.22,240,75,06-MAY-2024,
OPTIDX,BANKNIFTY,22-May-2024,51400.0,PE,2398.65,2407.25,2398.65,2407.25,2455.25,2,16.14,30,30,06-MAY-2024,
OPTIDX,BANKNIFTY,22-May-2024,51500.0,PE,2491.9,2511.9,2491.9,2511.9,2544.35,2,16.2,30,30,06-MAY-2024,
OPTIDX,BANKNIFTY,22-May-2024,51600.0,PE,2577.85,2608.35,2577.85,2608.35,2634.35,2,16.25,105,-30,06-MAY-2024,
OPTIDX,BANKNIFTY,22-May-2024,51700.0,PE,2710.15,2710.15,2704.15,2704.15,2725.15,2,16.32,30,30,06-MAY-2024,
OPTIDX,BANKNIFTY,22-May-2024,51800.0,PE,2806.15,2806.9,2806.15,2806.9,2816.75,2,16.38,135,30,06-MAY-2024,
OPTIDX,BANKNIFTY,22-May-2024,51900.0,PE,2894.8,2896.95,2892.9,2896.95,2909.05,3,24.65,60,45,06-MAY-2024,
OPTIDX,BANKNIFTY,22-May-2024,52000.0,PE,2962.85,2992.45,2962.85,2980.8,2980.8,11,90.71,435,165,06-MAY-2024,
OPTIDX,BANKNIFTY,22-May-2024,52100.0,PE,3059.65,3089.3,3059.65,3077.5,3077.5,8,66.21,120,120,06-MAY-2024,
OPTIDX,BANKNIFTY,22-May-2024,52200.0,PE,3157.4,3187.35,3157.4,3174.1,3174.1,7,58.14,195,105,06-MAY-2024,
OPTIDX,BANKNIFTY,22-May-2024,52300.0,PE,3294.0,3294.0,3255.6,3269.6,3269.6,4,33.34,60,60,06-MAY-2024,
OPTIDX,BANKNIFTY,22-May-2024,52400.0,PE,3370.25,3375.4,3370.25,3372.25,3372.25,4,33.46,60,60,06-MAY-2024,
OPTIDX,BANKNIFTY,22-May-2024,52500.0,PE,3468.1,3475.85,3465.3,3470.55,3470.55,14,117.53,210,210,06-MAY-2024,
OPTIDX,BANKNIFTY,22-May-2024,53000.0,PE,3960.8,3974.5,3957.4,3963.05,3963.05,11,93.98,165,165,06-MAY-2024,
OPTIDX,BANKNIFTY,22-May-2024,53500.0,PE,4456.55,4468.0,4456.55,4461.55,4461.55,3,26.08,45,45,06-MAY-2024,
OPTIDX,BANKNIFTY,22-May-2024,54000.0,PE,4952.65,4966.1,4952.65,4957.1,4957.1,4,35.37,120,60,06-MAY-2024,
OPTIDX,BANKNIFTY,22-May-2024,54500.0,PE,0.0,0.0,0.0,5114.15,5439.1,0,0.0,60,0,06-MAY-2024,
OPTIDX,BANKNIFTY,22-May-2024,55000.0,PE,0.0,0.0,0.0,7140.2,5936.45,0,0.0,0,0,06-MAY-2024,
OPTIDX,BANKNIFTY,22-May-2024,55500.0,PE,0.0,0.0,0.0,7633.8,6434.35,0,0.0,0,0,06-MAY-2024,
OPTIDX,BANKNIFTY,22-May-2024,56000.0,PE,0.0,0.0,0.0,8128.5,6932.6,0,0.0,0,0,06-MAY-2024,
OPTIDX,BANKNIFTY,22-May-2024,56500.0,PE,0.0,0.0,0.0,8623.9,7430.95,0,0.0,0,0,06-MAY-2024,
OPTIDX,BANKNIFTY,22-May-2024,57000.0,PE,0.0,0.0,0.0,9119.7,7929.35,0,0.0,0,0,06-MAY-2024,
OPTIDX,BANKNIFTY,29-May-2024,38500.0,CE,0.0,0.0,0.0,10850.0,10565.5,0,0.0,165,0,06-MAY-2024,
OPTIDX,BANKNIFTY,29-May-2024,39000.0,CE,9950.0,9950.0,9930.0,9946.25,9946.25,8,58.73,7410,120,06-MAY-2024,
OPTIDX,BANKNIFTY,29-May-2024,39500.0,CE,0.0,0.0,0.0,8690.0,9569.9,0,0.0,90,0,06-MAY-2024,
OPTIDX,BANKNIFTY,29-May-2024,40000.0,CE,9020.0,9250.0,8841.35,8967.65,8967.65,141,1035.87,47700,1770,06-MAY-2024,
OPTIDX,BANKNIFTY,29-May-2024,40500.0,CE,0.0,0.0,0.0,7800.0,8574.35,0,0.0,180,0,06-MAY-2024,
OPTIDX,BANKNIFTY,29-May-2024,41000.0,CE,0.0,0.0,0.0,8000.0,8076.55,0,0.0,9870,0,06-MAY-2024,
OPTIDX,BANKNIFTY,29-May-2024,41500.0,CE,0.0,0.0,0.0,6736.5,7578.85,0,0.0,3105,0,06-MAY-2024,
OPTIDX,BANKNIFTY,29-May-2024,42000.0,CE,0.0,0.0,0.0,7068.35,7081.2,0,0.0,18900,0,06-MAY-2024,
OPTIDX,BANKNIFTY,29-May-2024,42500.0,CE,0.0,0.0,0.0,6840.1,6583.75,0,0.0,1755,0,06-MAY-2024,
OPTIDX,BANKNIFTY,29-May-2024,43000.0,CE,6100.0,6100.0,5900.0,6000.0,6000.0,21,154.34,24405,165,06-MAY-2024,
OPTIDX,BANKNIFTY,29-May-2024,43100.0,CE,0.0,0.0,0.0,5057.35,5987.45,0,0.0,390,0,06-MAY-2024,
OPTIDX,BANKNIFTY,29-May-2024,43200.0,CE,0.0,0.0,0.0,5800.0,5888.2,0,0.0,210,0,06-MAY-2024,
OPTIDX,BANKNIFTY,29-May-2024,43300.0,CE,0.0,0.0,0.0,4969.0,5789.0,0,0.0,210,0,06-MAY-2024,
OPTIDX,BANKNIFTY,29-May-2024,43400.0,CE,0.0,0.0,0.0,4824.4,5689.85,0,0.0,120,0,06-MAY-2024,
OPTIDX,BANKNIFTY,29-May-2024,43500.0,CE,0.0,0.0,0.0,6578.75,5590.75,0,0.0,2475,0,06-MAY-2024,
OPTIDX,BANKNIFTY,29-May-2024,43600.0,CE,0.0,0.0,0.0,5079.05,5491.7,0,0.0,30,0,06-MAY-2024,
OPTIDX,BANKNIFTY,29-May-2024,43700.0,CE,0.0,0.0,0.0,3699.65,5392.8,0,0.0,30,0,06-MAY-2024,
OPTIDX,BANKNIFTY,29-May-2024,43800.0,CE,0.0,0.0,0.0,5848.0,5293.95,0,0.0,45,0,06-MAY-2024,
OPTIDX,BANKNIFTY,29-May-2024,43900.0,CE,0.0,0.0,0.0,5027.15,5195.2,0,0.0,60,0,06-MAY-2024,
OPTIDX,BANKNIFTY,29-May-2024,44000.0,CE,5241.0,5350.0,4900.25,5028.35,5028.35,83,610.26,47175,570,06-MAY-2024,
OPTIDX,BANKNIFTY,29-May-2024,44100.0,CE,4800.0,4913.1,4800.0,4897.6,4998.05,6,44.09,195,75,06-MAY-2024,
OPTIDX,BANKNIFTY,29-May-2024,44200.0,CE,4816.85,4816.85,4800.9,4800.9,4899.7,5,36.75,45,-30,06-MAY-2024,
OPTIDX,BANKNIFTY,29-May-2024,44300.0,CE,4718.45,4718.45,4702.5,4702.5,4801.5,5,36.76,150,-30,06-MAY-2024,
OPTIDX,BANKNIFTY,29-May-2024,44400.0,CE,4619.4,4619.4,4604.2,4604.2,4703.45,4,29.4,75,60,06-MAY-2024,
OPTIDX,BANKNIFTY,29-May-2024,44500.0,CE,4515.7,4529.9,4515.7,4529.9,4605.6,4,29.41,1125,0,06-MAY-2024,
OPTIDX,BANKNIFTY,29-May-2024,44600.0,CE,4423.3,4423.3,4420.85,4420.85,4508.0,2,14.7,150,0,06-MAY-2024,
OPTIDX,BANKNIFTY,29-May-2024,44700.0,CE,4323.3,4323.55,4309.4,4309.4,4410.65,3,22.05,225,-15,06-MAY-2024,
OPTIDX,BANKNIFTY,29-May-2024,44800.0,CE,4225.95,4226.45,4212.35,4212.35,4313.5,3,22.05,90,-30,06-MAY-2024,
OPTIDX,BANKNIFTY,29-May-2024,44900.0,CE,4129.65,4129.65,4116.5,4116.5,4216.7,3,22.05,360,-45,06-MAY-2024,
OPTIDX,BANKNIFTY,29-May-2024,45000.0,CE,4137.25,4400.0,4013.35,4077.5,4077.5,121,891.9,27390,-300,06-MAY-2024,
OPTIDX,BANKNIFTY,29-May-2024,45100.0,CE,3938.2,3938.4,3922.1,3923.55,4024.0,4,29.41,270,30,06-MAY-2024,
OPTIDX,BANKNIFTY,29-May-2024,45200.0,CE,3842.05,3842.05,3827.1,3827.1,3928.2,4,29.42,375,0,06-MAY-2024,
OPTIDX,BANKNIFTY,29-May-2024,45300.0,CE,3747.85,3747.85,3728.2,3729.8,3832.85,5,36.77,510,-15,06-MAY-2024,
OPTIDX,BANKNIFTY,29-May-2024,45400.0,CE,3652.3,3652.3,3637.4,3637.4,3737.9,3,22.07,840,0,06-MAY-2024,
OPTIDX,BANKNIFTY,29-May-2024,45500.0,CE,3540.05,3550.5,3540.05,3550.5,3643.4,2,14.71,5700,0,06-MAY-2024,
OPTIDX,BANKNIFTY,29-May-2024,45600.0,CE,3447.35,3447.35,3446.0,3446.0,3549.45,2,14.71,540,30,06-MAY-2024,
OPTIDX,BANKNIFTY,29-May-2024,45700.0,CE,3351.1,3351.1,3290.25,3290.25,3456.0,2,14.7,2250,-15,06-MAY-2024,
OPTIDX,BANKNIFTY,29-May-2024,45800.0,CE,3256.0,3284.0,3256.0,3282.3,3363.15,6,44.16,1155,90,06-MAY-2024,
OPTIDX,BANKNIFTY,29-May-2024,45900.0,CE,3164.05,3188.65,3164.05,3188.65,3270.95,5,36.8,1275,0,06-MAY-2024,
OPTIDX,BANKNIFTY,29-May-2024,46000.0,CE,3239.95,3450.0,2975.0,3106.25,3106.25,795,5867.81,70965,-5910,06-MAY-2024,
OPTIDX,BANKNIFTY,29-May-2024,46100.0,CE,2989.55,3028.15,2989.55,3028.15,3088.6,2,14.73,1560,30,06-MAY-2024,
OPTIDX,BANKNIFTY,29-May-2024,46200.0,CE,2897.4,3006.55,2897.4,2992.15,2998.55,4,29.5,2115,60,06-MAY-2024,
OPTIDX,BANKNIFTY,29-May-2024,46300.0,CE,2914.4,2914.4,2899.3,2899.3,2909.3,2,14.76,1275,30,06-MAY-2024,
OPTIDX,BANKNIFTY,29-May-2024,46400.0,CE,2817.05,2842.6,2817.05,2842.6,2820.9,2,14.76,3555,0,06-MAY-2024,
OPTIDX,BANKNIFTY,29-May-2024,46500.0,CE,2725.0,2967.95,2570.8,2720.0,2733.35,69,509.75,33060,15,06-MAY-2024,
OPTIDX,BANKNIFTY,29-May-2024,46600.0,CE,2733.25,2733.25,2600.2,2635.45,2646.8,9,66.5,5085,0,06-MAY-2024,
OPTIDX,BANKNIFTY,29-May-2024,46700.0,CE,2536.6,2546.85,2536.6,2546.85,2561.25,2,14.77,4710,0,06-MAY-2024,
OPTIDX,BANKNIFTY,29-May-2024,46800.0,CE,2363.7,2363.7,2347.5,2350.75,2476.7,7,51.61,3930,-30,06-MAY-2024,
OPTIDX,BANKNIFTY,29-May-2024,46900.0,CE,2553.05,2584.8,2250.0,2300.0,2393.25,7,51.77,5625,0,06-MAY-2024,
OPTIDX,BANKNIFTY,29-May-2024,47000.0,CE,2300.0,2547.15,2100.0,2229.45,2229.45,1073,7938.34,134655,165,06-MAY-2024,
OPTIDX,BANKNIFTY,29-May-2024,47100.0,CE,2223.05,2258.45,2029.8,2101.9,2229.85,19,140.3,5730,-30,06-MAY-2024,
OPTIDX,BANKNIFTY,29-May-2024,47200.0,CE,2151.5,2273.7,1930.45,2050.45,2050.45,170,1257.27,16350,-360,06-MAY-2024,
OPTIDX,BANKNIFTY,29-May-2024,47300.0,CE,2042.75,2252.9,1857.3,1944.05,1944.05,225,1665.4,4335,195,06-MAY-2024,
OPTIDX,BANKNIFTY,29-May-2024,47400.0,CE,2083.7,2149.5,1771.6,1883.75,1883.75,195,1442.75,5700,660,06-MAY-2024,
OPTIDX,BANKNIFTY,29-May-2024,47500.0,CE,1958.95,2098.0,1695.65,1794.65,1794.65,1331,9866.1,77400,-1470,06-MAY-2024,
OPTIDX,BANKNIFTY,29-May-2024,47600.0,CE,1746.65,2080.9,1611.15,1720.65,1720.65,264,1955.63,10275,-180,06-MAY-2024,
OPTIDX,BANKNIFTY,29-May-2024,47700.0,CE,1694.5,1939.95,1548.85,1650.55,1650.55,237,1756.02,10380,-75,06-MAY-2024,
OPTIDX,BANKNIFTY,29-May-2024,47800.0,CE,1598.45,1861.95,1462.1,1569.0,1569.0,252,1868.54,14475,-270,06-MAY-2024,
OPTIDX,BANKNIFTY,29-May-2024,47900.0,CE,1531.6,1750.05,1389.9,1485.9,1485.9,337,2499.07,8595,-615,06-MAY-2024,
OPTIDX,BANKNIFTY,29-May-2024,48000.0,CE,1550.0,1700.0,1313.4,1419.85,1419.85,9565,71040.71,362205,10410,06-MAY-2024,
OPTIDX,BANKNIFTY,29-May-2024,48100.0,CE,1470.45,1614.9,1258.7,1344.55,1344.55,549,4081.72,10245,-30,06-MAY-2024,
OPTIDX,BANKNIFTY,29-May-2024,48200.0,CE,1299.55,1587.8,1183.35,1274.35,1274.35,534,3966.61,12780,405,06-MAY-2024,
OPTIDX,BANKNIFTY,29-May-2024,48300.0,CE,1299.95,1455.65,1116.55,1191.95,1191.95,496,3688.95,19965,-165,06-MAY-2024,
OPTIDX,BANKNIFTY,29-May-2024,48400.0,CE,1179.6,1386.8,1066.6,1133.2,1133.2,383,2851.01,17220,135,06-MAY-2024,
OPTIDX,BANKNIFTY,29-May-2024,48500.0,CE,1160.0,1316.8,980.0,1072.0,1072.0,13273,98881.47,219600,16320,06-MAY-2024,
OPTIDX,BANKNIFTY,29-May-2024,48600.0,CE,1067.95,1271.75,923.6,1009.55,1009.55,991,7386.3,12030,270,06-MAY-2024,
OPTIDX,BANKNIFTY,29-May-2024,48700.0,CE,993.2,1186.9,866.0,949.0,949.0,3324,24784.19,30045,3480,06-MAY-2024,
OPTIDX,BANKNIFTY,29-May-2024,48800.0,CE,968.5,1119.9,805.0,892.55,892.55,5576,41614.0,34320,-6825,06-MAY-2024,
OPTIDX,BANKNIFTY,29-May-2024,48900.0,CE,878.15,1086.45,757.8,837.2,837.2,7210,53843.5,24015,4680,06-MAY-2024,
OPTIDX,BANKNIFTY,29-May-2024,49000.0,CE,900.0,996.2,698.4,774.45,774.45,89171,666800.06,600330,62115,06-MAY-2024,
OPTIDX,BANKNIFTY,29-May-2024,49100.0,CE,824.95,934.9,650.0,730.0,730.0,11553,86483.57,32610,3990,06-MAY-2024,
OPTIDX,BANKNIFTY,29-May-2024,49200.0,CE,742.6,876.55,607.0,677.7,677.7,12654,94824.78,34770,4440,06-MAY-2024,
OPTIDX,BANKNIFTY,29-May-2024,49300.0,CE,701.15,819.3,560.8,631.5,631.5,9275,69567.63,45615,3285,06-MAY-2024,
OPTIDX,BANKNIFTY,29-May-2024,49400.0,CE,634.05,764.6,520.0,583.8,583.8,6402,48059.67,51105,-3060,06-MAY-2024,
OPTIDX,BANKNIFTY,29-May-2024,49500.0,CE,595.0,712.35,477.15,542.4,542.4,54806,411925.6,462735,18540,06-MAY-2024,
OPTIDX,BANKNIFTY,29-May-2024,49600.0,CE,585.0,663.0,443.3,502.0,502.0,5272,39652.78,32760,3675,06-MAY-2024,
OPTIDX,BANKNIFTY,29-May-2024,49700.0,CE,515.45,615.65,405.0,462.7,462.7,3680,27717.61,24330,4575,06-MAY-2024,
OPTIDX,BANKNIFTY,29-May-2024,49800.0,CE,469.3,570.75,374.05,426.65,426.65,3748,28263.13,29250,2805,06-MAY-2024,
OPTIDX,BANKNIFTY,29-May-2024,49900.0,CE,434.4,529.65,343.05,390.55,390.55,3089,23327.99,25395,4590,06-MAY-2024,
OPTIDX,BANKNIFTY,29-May-2024,50000.0,CE,409.85,490.3,310.95,358.85,358.85,53670,405765.81,486615,26190,06-MAY-2024,
OPTIDX,BANKNIFTY,29-May-2024,50100.0,CE,359.05,448.15,286.0,327.5,327.5,2358,17848.39,17085,1065,06-MAY-2024,
OPTIDX,BANKNIFTY,29-May-2024,50200.0,CE,320.45,414.05,260.0,301.35,301.35,2024,15343.77,22560,2895,06-MAY-2024,
OPTIDX,BANKNIFTY,29-May-2024,50300.0,CE,298.15,379.0,237.85,275.2,275.2,1181,8965.65,18810,1935,06-MAY-2024,
OPTIDX,BANKNIFTY,29-May-2024,50400.0,CE,285.3,347.65,217.0,250.35,250.35,856,6506.54,10155,1350,06-MAY-2024,
OPTIDX,BANKNIFTY,29-May-2024,50500.0,CE,265.2,322.9,197.0,227.35,227.35,26286,200126.42,226530,-3435,06-MAY-2024,
OPTIDX,BANKNIFTY,29-May-2024,50600.0,CE,226.6,292.2,182.65,206.25,206.25,1536,11712.35,16215,1890,06-MAY-2024,
OPTIDX,BANKNIFTY,29-May-2024,50700.0,CE,210.0,269.65,163.95,189.25,189.25,2693,20563.98,23325,-7335,06-MAY-2024,
OPTIDX,BANKNIFTY,29-May-2024,50800.0,CE,203.45,246.5,148.0,170.8,170.8,3411,26088.87,19950,9945,06-MAY-2024,
OPTIDX,BANKNIFTY,29-May-2024,50900.0,CE,202.4,221.85,134.9,156.45,156.45,1376,10542.78,12045,2190,06-MAY-2024,
OPTIDX,BANKNIFTY,29-May-2024,51000.0,CE,178.15,205.65,120.6,141.0,141.0,36924,283352.12,348675,9090,06-MAY-2024,
OPTIDX,BANKNIFTY,29-May-2024,51100.0,CE,140.65,186.2,111.5,126.9,126.9,999,7679.9,7335,-330,06-MAY-2024,
OPTIDX,BANKNIFTY,29-May-2024,51200.0,CE,138.7,168.5,100.0,116.6,116.6,1525,11744.81,13845,-1875,06-MAY-2024,
OPTIDX,BANKNIFTY,29-May-2024,51300.0,CE,130.05,157.25,90.65,105.9,105.9,1345,10373.73,14220,4140,06-MAY-2024,
OPTIDX,BANKNIFTY,29-May-2024,51400.0,CE,108.35,139.25,81.3,96.0,96.0,1336,10322.25,11190,-1440,06-MAY-2024,
OPTIDX,BANKNIFTY,29-May-2024,51500.0,CE,107.35,126.55,73.25,85.9,85.9,17942,138865.61,179925,19500,06-MAY-2024,
OPTIDX,BANKNIFTY,29-May-2024,51600.0,CE,110.0,111.55,69.15,78.7,78.7,1008,7815.42,6270,-3210,06-MAY-2024,
OPTIDX,BANKNIFTY,29-May-2024,51700.0,CE,90.05,105.6,63.35,72.65,72.65,5543,43055.36,37035,-11550,06-MAY-2024,
OPTIDX,BANKNIFTY,29-May-2024,51800.0,CE,75.05,92.6,56.85,65.65,65.65,4051,31514.98,41505,29700,06-MAY-2024,
OPTIDX,BANKNIFTY,29-May-2024,51900.0,CE,71.05,86.5,51.95,59.1,59.1,722,5628.33,6180,-315,06-MAY-2024,
OPTIDX,BANKNIFTY,29-May-2024,52000.0,CE,70.0,78.0,45.9,52.7,52.7,25444,198697.77,313500,10560,06-MAY-2024,
OPTIDX,BANKNIFTY,29-May-2024,52100.0,CE,111.85,111.85,111.85,111.85,115.45,1,7.83,15,15,06-MAY-2024,
OPTIDX,BANKNIFTY,29-May-2024,52200.0,CE,49.8,67.4,40.65,44.9,44.9,294,2304.18,2355,1695,06-MAY-2024,
OPTIDX,BANKNIFTY,29-May-2024,52300.0,CE,0.0,0.0,0.0,493.95,97.15,0,0.0,0,0,06-MAY-2024,
OPTIDX,BANKNIFTY,29-May-2024,52400.0,CE,0.0,0.0,0.0,476.7,88.95,0,0.0,0,0,06-MAY-2024,
OPTIDX,BANKNIFTY,29-May-2024,52500.0,CE,48.25,52.15,31.85,34.75,34.75,8708,68630.25,81705,-11145,06-MAY-2024,
OPTIDX,BANKNIFTY,29-May-2024,53000.0,CE,38.45,40.1,25.7,28.35,28.35,10746,85484.38,244245,3270,06-MAY-2024,
OPTIDX,BANKNIFTY,29-May-2024,53500.0,CE,30.7,32.1,21.9,22.8,22.8,1715,13769.67,47205,1230,06-MAY-2024,
OPTIDX,BANKNIFTY,29-May-2024,54000.0,CE,27.5,27.5,19.35,20.3,20.3,2385,19326.52,85365,-8070,06-MAY-2024,
OPTIDX,BANKNIFTY,29-May-2024,54500.0,CE,21.35,21.35,17.6,17.85,17.85,314,2567.82,21795,-780,06-MAY-2024,
OPTIDX,BANKNIFTY,29-May-2024,55000.0,CE,21.9,21.95,15.45,17.7,17.7,3151,26004.35,83790,19620,06-MAY-2024,
OPTIDX,BANKNIFTY,29-May-2024,55500.0,CE,19.9,19.9,14.0,15.25,15.25,627,5221.3,16980,-900,06-MAY-2024,
OPTIDX,BANKNIFTY,29-May-2024,56000.0,CE,18.05,19.3,14.65,15.05,15.05,1308,10990.43,40350,-255,06-MAY-2024,
OPTIDX,BANKNIFTY,29-May-2024,56500.0,CE,16.6,18.15,13.75,14.05,14.05,483,4094.49,34575,1545,06-MAY-2024,
OPTIDX,BANKNIFTY,29-May-2024,57000.0,CE,17.0,17.0,13.7,14.3,14.3,1486,12708.56,19410,8655,06-MAY-2024,
OPTIDX,BANKNIFTY,29-May-2024,38500.0,PE,0.0,0.0,0.0,3.05,0.0,0,0.0,75,0,06-MAY-2024,
OPTIDX,BANKNIFTY,29-May-2024,39000.0,PE,9.8,9.8,6.6,7.6,7.6,309,1808.01,6660,195,06-MAY-2024,
OPTIDX,BANKNIFTY,29-May-2024,39500.0,PE,0.0,0.0,0.0,58.05,0.0,0,0.0,0,0,06-MAY-2024,
OPTIDX,BANKNIFTY,29-May-2024,40000.0,PE,10.0,10.4,8.1,8.65,8.65,819,4915.13,23085,60,06-MAY-2024,
OPTIDX,BANKNIFTY,29-May-2024,40500.0,PE,0.0,0.0,0.0,3.9,0.05,0,0.0,120,0,06-MAY-2024,
OPTIDX,BANKNIFTY,29-May-2024,41000.0,PE,14.6,14.6,10.3,13.4,13.4,748,4601.69,42765,-1560,06-MAY-2024,
OPTIDX,BANKNIFTY,29-May-2024,41500.0,PE,0.0,0.0,0.0,4.85,0.1,0,0.0,1890,0,06-MAY-2024,
OPTIDX,BANKNIFTY,29-May-2024,42000.0,PE,18.0,18.7,16.55,17.2,17.2,1058,6668.16,101310,9705,06-MAY-2024,
OPTIDX,BANKNIFTY,29-May-2024,42500.0,PE,0.0,0.0,0.0,23.0,0.6,0,0.0,4065,0,06-MAY-2024,
OPTIDX,BANKNIFTY,29-May-2024,43000.0,PE,23.1,28.2,19.0,26.7,26.7,4467,28829.68,167085,-1545,06-MAY-2024,
OPTIDX,BANKNIFTY,29-May-2024,43100.0,PE,0.0,0.0,0.0,431.25,1.65,0,0.0,0,0,06-MAY-2024,
OPTIDX,BANKNIFTY,29-May-2024,43200.0,PE,0.0,0.0,0.0,34.45,1.95,0,0.0,1005,0,06-MAY-2024,
OPTIDX,BANKNIFTY,29-May-2024,43300.0,PE,0.0,0.0,0.0,16.2,2.3,0,0.0,870,0,06-MAY-2024,
OPTIDX,BANKNIFTY,29-May-2024,43400.0,PE,0.0,0.0,0.0,492.75,2.7,0,0.0,0,0,06-MAY-2024,
OPTIDX,BANKNIFTY,29-May-2024,43500.0,PE,28.9,32.05,26.25,29.2,29.2,1144,7469.62,63960,1380,06-MAY-2024,
OPTIDX,BANKNIFTY,29-May-2024,43600.0,PE,0.0,0.0,0.0,25.95,3.7,0,0.0,1410,0,06-MAY-2024,
OPTIDX,BANKNIFTY,29-May-2024,43700.0,PE,33.05,36.4,21.85,30.35,4.35,31,203.35,1770,-135,06-MAY-2024,
OPTIDX,BANKNIFTY,29-May-2024,43800.0,PE,0.0,0.0,0.0,53.4,5.05,0,0.0,1515,0,06-MAY-2024,
OPTIDX,BANKNIFTY,29-May-2024,43900.0,PE,0.0,0.0,0.0,46.9,5.85,0,0.0,720,0,06-MAY-2024,
OPTIDX,BANKNIFTY,29-May-2024,44000.0,PE,33.0,36.6,30.0,33.45,33.45,6371,42080.14,241965,-1950,06-MAY-2024,
OPTIDX,BANKNIFTY,29-May-2024,44100.0,PE,0.0,0.0,0.0,35.7,7.8,0,0.0,1095,0,06-MAY-2024,
OPTIDX,BANKNIFTY,29-May-2024,44200.0,PE,0.0,0.0,0.0,35.95,9.0,0,0.0,2790,0,06-MAY-2024,
OPTIDX,BANKNIFTY,29-May-2024,44300.0,PE,33.5,34.6,33.15,34.15,10.35,34,226.1,1155,270,06-MAY-2024,
OPTIDX,BANKNIFTY,29-May-2024,44400.0,PE,36.5,36.5,36.5,36.5,11.9,1,6.66,735,15,06-MAY-2024,
OPTIDX,BANKNIFTY,29-May-2024,44500.0,PE,38.5,41.6,32.65,38.35,38.35,3141,20983.26,77520,3240,06-MAY-2024,
OPTIDX,BANKNIFTY,29-May-2024,44600.0,PE,41.3,43.35,37.85,39.85,39.85,37,247.75,2775,-375,06-MAY-2024,
OPTIDX,BANKNIFTY,29-May-2024,44700.0,PE,40.8,45.65,36.0,41.3,41.3,289,1939.49,3045,-570,06-MAY-2024,
OPTIDX,BANKNIFTY,29-May-2024,44800.0,PE,40.35,51.05,33.6,43.65,43.65,38,255.59,1305,15,06-MAY-2024,
OPTIDX,BANKNIFTY,29-May-2024,44900.0,PE,40.0,51.15,38.35,45.9,45.9,625,4213.68,2325,225,06-MAY-2024,
OPTIDX,BANKNIFTY,29-May-2024,45000.0,PE,47.9,54.7,40.0,49.35,49.35,8992,60759.27,202065,-11580,06-MAY-2024,
OPTIDX,BANKNIFTY,29-May-2024,45100.0,PE,50.55,58.4,42.95,52.1,52.1,1212,8208.35,2010,-330,06-MAY-2024,
OPTIDX,BANKNIFTY,29-May-2024,45200.0,PE,52.6,62.25,44.25,54.85,54.85,589,3998.06,2025,-150,06-MAY-2024,
OPTIDX,BANKNIFTY,29-May-2024,45300.0,PE,54.65,68.85,49.1,59.05,59.05,83,564.7,1590,-420,06-MAY-2024,
OPTIDX,BANKNIFTY,29-May-2024,45400.0,PE,63.6,70.05,45.25,61.2,61.2,1885,12853.57,3375,1185,06-MAY-2024,
OPTIDX,BANKNIFTY,29-May-2024,45500.0,PE,64.6,75.1,50.95,66.2,66.2,10524,71926.0,117300,13320,06-MAY-2024,
OPTIDX,BANKNIFTY,29-May-2024,45600.0,PE,59.15,80.25,56.7,71.1,71.1,417,2856.61,2445,-30,06-MAY-2024,
OPTIDX,BANKNIFTY,29-May-2024,45700.0,PE,67.15,85.75,58.75,75.55,75.55,316,2169.74,4380,-495,06-MAY-2024,
OPTIDX,BANKNIFTY,29-May-2024,45800.0,PE,67.35,91.85,62.0,80.45,80.45,1818,12510.01,13095,8640,06-MAY-2024,
OPTIDX,BANKNIFTY,29-May-2024,45900.0,PE,80.75,98.7,68.95,86.9,86.9,498,3435.02,3645,1365,06-MAY-2024,
OPTIDX,BANKNIFTY,29-May-2024,46000.0,PE,77.15,106.6,70.7,93.4,93.4,20284,140230.93,242415,53700,06-MAY-2024,
OPTIDX,BANKNIFTY,29-May-2024,46100.0,PE,79.45,113.95,77.15,99.35,99.35,735,5093.22,4785,360,06-MAY-2024,
OPTIDX,BANKNIFTY,29-May-2024,46200.0,PE,88.2,120.4,82.9,105.85,105.85,884,6139.4,13785,1065,06-MAY-2024,
OPTIDX,BANKNIFTY,29-May-2024,46300.0,PE,107.05,128.1,87.15,114.15,114.15,690,4803.16,11730,45,06-MAY-2024,
OPTIDX,BANKNIFTY,29-May-2024,46400.0,PE,119.95,139.65,93.65,121.75,121.75,899,6272.42,7830,-450,06-MAY-2024,
OPTIDX,BANKNIFTY,29-May-2024,46500.0,PE,113.95,150.95,101.5,132.15,132.15,12422,86877.43,201555,-18825,06-MAY-2024,
OPTIDX,BANKNIFTY,29-May-2024,46600.0,PE,129.9,158.5,108.65,141.45,141.45,662,4640.63,13905,660,06-MAY-2024,
OPTIDX,BANKNIFTY,29-May-2024,46700.0,PE,149.9,174.25,117.55,153.05,153.05,1382,9710.91,18375,1425,06-MAY-2024,
OPTIDX,BANKNIFTY,29-May-2024,46800.0,PE,148.15,186.05,125.4,164.4,164.4,749,5275.57,29205,-315,06-MAY-2024,
OPTIDX,BANKNIFTY,29-May-2024,46900.0,PE,173.6,199.15,135.0,175.6,175.6,858,6057.2,12405,1185,06-MAY-2024,
OPTIDX,BANKNIFTY,29-May-2024,47000.0,PE,178.5,214.7,144.45,189.75,189.75,40878,289287.02,487485,-15825,06-MAY-2024,
OPTIDX,BANKNIFTY,29-May-2024,47100.0,PE,189.15,228.15,156.2,203.5,203.5,975,6916.1,12315,-1020,06-MAY-2024,
OPTIDX,BANKNIFTY,29-May-2024,47200.0,PE,205.25,243.7,166.35,216.7,216.7,1483,10544.02,22935,3855,06-MAY-2024,
OPTIDX,BANKNIFTY,29-May-2024,47300.0,PE,199.95,262.15,178.2,232.35,232.35,1303,9287.84,14985,-1995,06-MAY-2024,
OPTIDX,BANKNIFTY,29-May-2024,47400.0,PE,233.0,280.75,190.85,250.75,250.75,902,6445.42,15330,-270,06-MAY-2024,
OPTIDX,BANKNIFTY,29-May-2024,47500.0,PE,230.05,302.95,204.8,268.55,268.55,19201,137539.47,228330,-21075,06-MAY-2024,
OPTIDX,BANKNIFTY,29-May-2024,47600.0,PE,281.1,320.1,229.6,288.55,288.55,1090,7826.99,17835,750,06-MAY-2024,
OPTIDX,BANKNIFTY,29-May-2024,47700.0,PE,290.55,345.95,237.8,308.6,308.6,2184,15723.48,36810,-3945,06-MAY-2024,
OPTIDX,BANKNIFTY,29-May-2024,47800.0,PE,321.9,371.4,257.4,330.65,330.65,2395,17283.78,46425,255,06-MAY-2024,
OPTIDX,BANKNIFTY,29-May-2024,47900.0,PE,317.25,396.15,275.0,357.4,357.4,1347,9745.75,28440,45,06-MAY-2024,
OPTIDX,BANKNIFTY,29-May-2024,48000.0,PE,375.3,425.0,292.3,379.7,379.7,39648,287612.07,578115,8415,06-MAY-2024,
OPTIDX,BANKNIFTY,29-May-2024,48100.0,PE,386.35,453.55,316.65,406.4,406.4,1245,9055.47,19380,-630,06-MAY-2024,
OPTIDX,BANKNIFTY,29-May-2024,48200.0,PE,408.6,484.85,338.75,434.5,434.5,1568,11433.18,30900,-615,06-MAY-2024,
OPTIDX,BANKNIFTY,29-May-2024,48300.0,PE,380.0,518.75,360.0,464.65,464.65,2184,15964.84,19680,-825,06-MAY-2024,
OPTIDX,BANKNIFTY,29-May-2024,48400.0,PE,485.1,553.45,386.95,497.15,497.15,3086,22623.59,28155,1410,06-MAY-2024,
OPTIDX,BANKNIFTY,29-May-2024,48500.0,PE,450.05,590.9,412.7,532.15,532.15,29954,220193.33,253740,3840,06-MAY-2024,
OPTIDX,BANKNIFTY,29-May-2024,48600.0,PE,527.75,632.45,443.2,569.9,569.9,6282,46309.87,35040,1830,06-MAY-2024,
OPTIDX,BANKNIFTY,29-May-2024,48700.0,PE,542.95,668.7,476.4,609.2,609.2,5307,39235.5,33870,7920,06-MAY-2024,
OPTIDX,BANKNIFTY,29-May-2024,48800.0,PE,643.9,715.0,509.25,650.35,650.35,7200,53376.51,31905,5610,06-MAY-2024,
OPTIDX,BANKNIFTY,29-May-2024,48900.0,PE,600.0,763.0,546.6,691.3,691.3,11772,87549.53,41940,25200,06-MAY-2024,
OPTIDX,BANKNIFTY,29-May-2024,49000.0,PE,651.0,808.0,580.0,734.2,734.2,93325,695650.26,522075,70155,06-MAY-2024,
OPTIDX,BANKNIFTY,29-May-2024,49100.0,PE,709.5,860.2,623.35,781.3,781.3,12458,93131.3,26595,3030,06-MAY-2024,
OPTIDX,BANKNIFTY,29-May-2024,49200.0,PE,788.95,914.3,663.15,833.3,833.3,15146,113549.33,26520,11535,06-MAY-2024,
OPTIDX,BANKNIFTY,29-May-2024,49300.0,PE,801.95,969.5,708.4,883.3,883.3,9116,68536.05,26745,3450,06-MAY-2024,
OPTIDX,BANKNIFTY,29-May-2024,49400.0,PE,887.65,1022.3,750.0,937.2,937.2,4237,31957.09,27150,-675,06-MAY-2024,
OPTIDX,BANKNIFTY,29-May-2024,49500.0,PE,926.55,1085.65,797.35,995.25,995.25,37274,281926.04,301050,-11115,06-MAY-2024,
OPTIDX,BANKNIFTY,29-May-2024,49600.0,PE,979.0,1136.7,849.15,1056.2,1056.2,3469,26313.9,15660,-630,06-MAY-2024,
OPTIDX,BANKNIFTY,29-May-2024,49700.0,PE,1063.1,1210.0,905.0,1118.8,1118.8,1293,9838.04,8475,1515,06-MAY-2024,
OPTIDX,BANKNIFTY,29-May-2024,49800.0,PE,1112.5,1257.5,964.2,1170.25,1170.25,570,4352.45,9390,435,06-MAY-2024,
OPTIDX,BANKNIFTY,29-May-2024,49900.0,PE,1221.95,1338.15,1002.25,1239.2,1239.2,731,5600.99,22650,1455,06-MAY-2024,
OPTIDX,BANKNIFTY,29-May-2024,50000.0,PE,1220.0,1410.05,1070.0,1305.65,1305.65,13674,105059.13,119400,-4170,06-MAY-2024,
OPTIDX,BANKNIFTY,29-May-2024,50100.0,PE,1331.2,1478.0,1150.0,1376.85,1376.85,483,3724.42,6585,465,06-MAY-2024,
OPTIDX,BANKNIFTY,29-May-2024,50200.0,PE,1425.0,1550.5,1205.2,1452.15,1452.15,472,3653.29,5385,1095,06-MAY-2024,
OPTIDX,BANKNIFTY,29-May-2024,50300.0,PE,1513.75,1623.0,1294.15,1519.25,1519.25,197,1530.45,5775,255,06-MAY-2024,
OPTIDX,BANKNIFTY,29-May-2024,50400.0,PE,1549.75,1714.1,1351.15,1604.45,1604.45,256,1993.45,5220,1005,06-MAY-2024,
OPTIDX,BANKNIFTY,29-May-2024,50500.0,PE,1567.45,1791.55,1401.0,1672.1,1672.1,1003,7834.38,18945,465,06-MAY-2024,
OPTIDX,BANKNIFTY,29-May-2024,50600.0,PE,1574.6,1860.2,1501.1,1756.5,1756.5,123,964.58,5415,255,06-MAY-2024,
OPTIDX,BANKNIFTY,29-May-2024,50700.0,PE,1614.3,1946.35,1590.65,1826.9,1826.9,119,936.24,4470,390,06-MAY-2024,
OPTIDX,BANKNIFTY,29-May-2024,50800.0,PE,1701.8,2001.4,1645.35,1935.35,1935.35,97,765.68,3855,345,06-MAY-2024,
OPTIDX,BANKNIFTY,29-May-2024,50900.0,PE,1982.6,2113.7,1722.75,2001.2,2001.2,198,1568.92,3360,570,06-MAY-2024,
OPTIDX,BANKNIFTY,29-May-2024,51000.0,PE,2020.05,2202.8,1777.3,2084.0,2084.0,808,6421.84,49935,240,06-MAY-2024,
OPTIDX,BANKNIFTY,29-May-2024,51100.0,PE,2134.15,2160.0,1884.3,2159.95,2235.1,75,597.58,3240,150,06-MAY-2024,
OPTIDX,BANKNIFTY,29-May-2024,51200.0,PE,2041.6,2189.25,1971.7,2125.95,2316.2,51,407.52,3315,315,06-MAY-2024,
OPTIDX,BANKNIFTY,29-May-2024,51300.0,PE,2100.35,2190.55,2056.8,2088.9,2398.4,23,184.25,2775,-45,06-MAY-2024,
OPTIDX,BANKNIFTY,29-May-2024,51400.0,PE,2485.55,2485.55,2457.7,2457.7,2481.6,6,48.47,2880,0,06-MAY-2024,
OPTIDX,BANKNIFTY,29-May-2024,51500.0,PE,2498.8,2600.0,2305.0,2570.0,2570.0,28,226.78,5505,45,06-MAY-2024,
OPTIDX,BANKNIFTY,29-May-2024,51600.0,PE,2655.45,2655.45,2645.1,2645.1,2651.05,4,32.54,2580,0,06-MAY-2024,
OPTIDX,BANKNIFTY,29-May-2024,51700.0,PE,2711.3,2711.3,2632.3,2632.3,2737.15,2,16.31,735,15,06-MAY-2024,
OPTIDX,BANKNIFTY,29-May-2024,51800.0,PE,2802.2,2841.4,2802.2,2808.0,2808.0,3,24.57,210,0,06-MAY-2024,
OPTIDX,BANKNIFTY,29-May-2024,51900.0,PE,2895.2,2933.55,2895.2,2923.7,2911.9,3,24.66,195,15,06-MAY-2024,
OPTIDX,BANKNIFTY,29-May-2024,52000.0,PE,2800.0,3070.05,2651.3,2964.4,2964.4,337,2777.91,58170,3285,06-MAY-2024,
OPTIDX,BANKNIFTY,29-May-2024,52100.0,PE,3122.5,3122.5,3108.6,3108.6,3089.85,4,33.12,60,60,06-MAY-2024,
OPTIDX,BANKNIFTY,29-May-2024,52200.0,PE,3217.6,3217.6,3204.2,3204.2,3179.95,4,33.24,60,60,06-MAY-2024,
OPTIDX,BANKNIFTY,29-May-2024,52300.0,PE,3314.7,3314.7,3305.4,3305.4,3270.65,2,16.68,30,30,06-MAY-2024,
OPTIDX,BANKNIFTY,29-May-2024,52400.0,PE,3366.45,3366.45,3357.05,3357.05,3362.05,2,16.72,30,30,06-MAY-2024,
OPTIDX,BANKNIFTY,29-May-2024,52500.0,PE,3424.55,3424.55,3360.35,3380.9,3454.0,10,83.84,1395,30,06-MAY-2024,
OPTIDX,BANKNIFTY,29-May-2024,53000.0,PE,3895.7,4025.0,3640.0,3958.9,3958.9,308,2629.53,32625,885,06-MAY-2024,
OPTIDX,BANKNIFTY,29-May-2024,53500.0,PE,4213.5,4433.9,4213.5,4427.6,4427.6,7,60.72,585,-45,06-MAY-2024,
OPTIDX,BANKNIFTY,29-May-2024,54000.0,PE,4733.65,4926.25,4733.65,4920.15,4920.15,5,44.13,8355,-15,06-MAY-2024,
OPTIDX,BANKNIFTY,29-May-2024,54500.0,PE,0.0,0.0,0.0,4975.0,5374.65,0,0.0,450,0,06-MAY-2024,
OPTIDX,BANKNIFTY,29-May-2024,55000.0,PE,5800.0,6004.1,5765.4,5909.3,5909.3,135,1233.12,12705,1815,06-MAY-2024,
OPTIDX,BANKNIFTY,29-May-2024,55500.0,PE,0.0,0.0,0.0,8452.7,6362.75,0,0.0,0,0,06-MAY-2024,
OPTIDX,BANKNIFTY,29-May-2024,56000.0,PE,0.0,0.0,0.0,7000.0,6859.0,0,0.0,1995,0,06-MAY-2024,
OPTIDX,BANKNIFTY,29-May-2024,56500.0,PE,0.0,0.0,0.0,9404.4,7355.9,0,0.0,0,0,06-MAY-2024,
OPTIDX,BANKNIFTY,29-May-2024,57000.0,PE,0.0,0.0,0.0,9884.45,7853.25,0,0.0,0,0,06-MAY-2024,
OPTIDX,BANKNIFTY,05-Jun-2024,41500.0,CE,0.0,0.0,0.0,8186.9,7634.9,0,0.0,0,0,06-MAY-2024,
OPTIDX,BANKNIFTY,05-Jun-2024,42000.0,CE,0.0,0.0,0.0,7691.1,7138.35,0,0.0,0,0,06-MAY-2024,
OPTIDX,BANKNIFTY,05-Jun-2024,42500.0,CE,0.0,0.0,0.0,7195.95,6642.45,0,0.0,0,0,06-MAY-2024,
OPTIDX,BANKNIFTY,05-Jun-2024,43000.0,CE,0.0,0.0,0.0,6701.95,6147.7,0,0.0,0,0,06-MAY-2024,
OPTIDX,BANKNIFTY,05-Jun-2024,43500.0,CE,0.0,0.0,0.0,6209.85,5654.9,0,0.0,0,0,06-MAY-2024,
OPTIDX,BANKNIFTY,05-Jun-2024,44000.0,CE,0.0,0.0,0.0,5720.65,5165.4,0,0.0,0,0,06-MAY-2024,
OPTIDX,BANKNIFTY,05-Jun-2024,44500.0,CE,0.0,0.0,0.0,5236.0,4681.05,0,0.0,0,0,06-MAY-2024,
OPTIDX,BANKNIFTY,05-Jun-2024,45000.0,CE,0.0,0.0,0.0,4757.85,4204.3,0,0.0,0,0,06-MAY-2024,
OPTIDX,BANKNIFTY,05-Jun-2024,45500.0,CE,0.0,0.0,0.0,4288.75,3738.45,0,0.0,0,0,06-MAY-2024,
OPTIDX,BANKNIFTY,05-Jun-2024,45900.0,CE,0.0,0.0,0.0,3922.0,3376.15,0,0.0,0,0,06-MAY-2024,
OPTIDX,BANKNIFTY,05-Jun-2024,46000.0,CE,0.0,0.0,0.0,3831.75,3287.3,0,0.0,0,0,06-MAY-2024,
OPTIDX,BANKNIFTY,05-Jun-2024,46100.0,CE,0.0,0.0,0.0,3742.1,3199.2,0,0.0,0,0,06-MAY-2024,
OPTIDX,BANKNIFTY,05-Jun-2024,46200.0,CE,0.0,0.0,0.0,3653.1,3111.95,0,0.0,0,0,06-MAY-2024,
OPTIDX,BANKNIFTY,05-Jun-2024,46300.0,CE,0.0,0.0,0.0,3564.75,3025.45,0,0.0,0,0,06-MAY-2024,
OPTIDX,BANKNIFTY,05-Jun-2024,46400.0,CE,0.0,0.0,0.0,3477.15,2939.9,0,0.0,0,0,06-MAY-2024,
OPTIDX,BANKNIFTY,05-Jun-2024,46500.0,CE,0.0,0.0,0.0,3390.3,2855.2,0,0.0,0,0,06-MAY-2024,
OPTIDX,BANKNIFTY,05-Jun-2024,46600.0,CE,0.0,0.0,0.0,3304.2,2771.45,0,0.0,0,0,06-MAY-2024,
OPTIDX,BANKNIFTY,05-Jun-2024,46700.0,CE,0.0,0.0,0.0,3218.9,2688.7,0,0.0,0,0,06-MAY-2024,
OPTIDX,BANKNIFTY,05-Jun-2024,46800.0,CE,0.0,0.0,0.0,3134.45,2607.0,0,0.0,0,0,06-MAY-2024,
OPTIDX,BANKNIFTY,05-Jun-2024,46900.0,CE,0.0,0.0,0.0,3050.85,2526.3,0,0.0,0,0,06-MAY-2024,
OPTIDX,BANKNIFTY,05-Jun-2024,47000.0,CE,0.0,0.0,0.0,2968.15,2446.7,0,0.0,0,0,06-MAY-2024,
OPTIDX,BANKNIFTY,05-Jun-2024,47100.0,CE,0.0,0.0,0.0,2886.35,2368.25,0,0.0,0,0,06-MAY-2024,
OPTIDX,BANKNIFTY,05-Jun-2024,47200.0,CE,0.0,0.0,0.0,2805.55,2290.9,0,0.0,0,0,06-MAY-2024,
OPTIDX,BANKNIFTY,05-Jun-2024,47300.0,CE,0.0,0.0,0.0,2725.7,2214.8,0,0.0,0,0,06-MAY-2024,
OPTIDX,BANKNIFTY,05-Jun-2024,47400.0,CE,0.0,0.0,0.0,2646.85,2139.9,0,0.0,0,0,06-MAY-2024,
OPTIDX,BANKNIFTY,05-Jun-2024,47500.0,CE,0.0,0.0,0.0,2569.05,2067.95,0,0.0,0,0,06-MAY-2024,
OPTIDX,BANKNIFTY,05-Jun-2024,47600.0,CE,0.0,0.0,0.0,2492.3,1993.5,0,0.0,0,0,06-MAY-2024,
OPTIDX,BANKNIFTY,05-Jun-2024,47700.0,CE,0.0,0.0,0.0,2416.7,1922.5,0,0.0,0,0,06-MAY-2024,
OPTIDX,BANKNIFTY,05-Jun-2024,47800.0,CE,0.0,0.0,0.0,2344.05,1852.8,0,0.0,0,0,06-MAY-2024,
OPTIDX,BANKNIFTY,05-Jun-2024,47900.0,CE,0.0,0.0,0.0,2270.45,1784.5,0,0.0,0,0,06-MAY-2024,
OPTIDX,BANKNIFTY,05-Jun-2024,48000.0,CE,0.0,0.0,0.0,2196.15,1717.6,0,0.0,0,0,06-MAY-2024,
OPTIDX,BANKNIFTY,05-Jun-2024,48100.0,CE,0.0,0.0,0.0,2125.2,1652.1,0,0.0,0,0,06-MAY-2024,
OPTIDX,BANKNIFTY,05-Jun-2024,48200.0,CE,0.0,0.0,0.0,2055.4,1588.05,0,0.0,0,0,06-MAY-2024,
OPTIDX,BANKNIFTY,05-Jun-2024,48300.0,CE,0.0,0.0,0.0,1661.5,1525.45,0,0.0,15,0,06-MAY-2024,
OPTIDX,BANKNIFTY,05-Jun-2024,48400.0,CE,0.0,0.0,0.0,1919.65,1464.3,0,0.0,0,0,06-MAY-2024,
OPTIDX,BANKNIFTY,05-Jun-2024,48500.0,CE,0.0,0.0,0.0,1750.0,1404.65,0,0.0,15,0,06-MAY-2024,
OPTIDX,BANKNIFTY,05-Jun-2024,48600.0,CE,0.0,0.0,0.0,1789.0,1346.5,0,0.0,0,0,06-MAY-2024,
OPTIDX,BANKNIFTY,05-Jun-2024,48700.0,CE,0.0,0.0,0.0,1725.6,1289.85,0,0.0,0,0,06-MAY-2024,
OPTIDX,BANKNIFTY,05-Jun-2024,48800.0,CE,1444.25,1474.0,1444.25,1447.25,1234.7,11,82.93,180,135,06-MAY-2024,
OPTIDX,BANKNIFTY,05-Jun-2024,48900.0,CE,1555.0,1555.0,1555.0,1555.0,1181.05,3,22.7,30,0,06-MAY-2024,
OPTIDX,BANKNIFTY,05-Jun-2024,49000.0,CE,1400.0,1600.0,1250.0,1325.85,1325.85,856,6472.62,8760,7350,06-MAY-2024,
OPTIDX,BANKNIFTY,05-Jun-2024,49100.0,CE,1425.65,1483.2,1334.85,1334.85,1078.3,3,22.73,30,30,06-MAY-2024,
OPTIDX,BANKNIFTY,05-Jun-2024,49200.0,CE,0.0,0.0,0.0,1428.85,1029.05,0,0.0,0,0,06-MAY-2024,
OPTIDX,BANKNIFTY,05-Jun-2024,49300.0,CE,0.0,0.0,0.0,1049.8,981.45,0,0.0,15,0,06-MAY-2024,
OPTIDX,BANKNIFTY,05-Jun-2024,49400.0,CE,1203.0,1332.6,1181.6,1207.05,935.4,11,83.61,315,60,06-MAY-2024,
OPTIDX,BANKNIFTY,05-Jun-2024,49500.0,CE,1200.05,1295.65,1020.0,1060.1,1060.1,187,1419.88,2055,1800,06-MAY-2024,
OPTIDX,BANKNIFTY,05-Jun-2024,49600.0,CE,0.0,0.0,0.0,1130.45,847.7,0,0.0,15,0,06-MAY-2024,
OPTIDX,BANKNIFTY,05-Jun-2024,49700.0,CE,0.0,0.0,0.0,1165.95,806.1,0,0.0,0,0,06-MAY-2024,
OPTIDX,BANKNIFTY,05-Jun-2024,49800.0,CE,0.0,0.0,0.0,1117.55,765.95,0,0.0,0,0,06-MAY-2024,
OPTIDX,BANKNIFTY,05-Jun-2024,49900.0,CE,0.0,0.0,0.0,1070.5,727.25,0,0.0,0,0,06-MAY-2024,
OPTIDX,BANKNIFTY,05-Jun-2024,50000.0,CE,940.15,1086.85,828.0,879.55,879.55,3629,27714.27,44985,36885,06-MAY-2024,
OPTIDX,BANKNIFTY,05-Jun-2024,50100.0,CE,0.0,0.0,0.0,980.45,654.1,0,0.0,0,0,06-MAY-2024,
OPTIDX,BANKNIFTY,05-Jun-2024,50200.0,CE,748.65,748.65,748.65,748.65,619.6,1,7.64,60,15,06-MAY-2024,
OPTIDX,BANKNIFTY,05-Jun-2024,50300.0,CE,0.0,0.0,0.0,895.85,586.45,0,0.0,0,0,06-MAY-2024,
OPTIDX,BANKNIFTY,05-Jun-2024,50400.0,CE,0.0,0.0,0.0,855.5,554.7,0,0.0,0,0,06-MAY-2024,
OPTIDX,BANKNIFTY,05-Jun-2024,50500.0,CE,789.95,789.95,650.95,696.35,696.35,71,545.25,3660,270,06-MAY-2024,
OPTIDX,BANKNIFTY,05-Jun-2024,50600.0,CE,0.0,0.0,0.0,778.75,495.0,0,0.0,0,0,06-MAY-2024,
OPTIDX,BANKNIFTY,05-Jun-2024,50700.0,CE,0.0,0.0,0.0,742.35,467.05,0,0.0,0,0,06-MAY-2024,
OPTIDX,BANKNIFTY,05-Jun-2024,50800.0,CE,0.0,0.0,0.0,707.15,440.35,0,0.0,0,0,06-MAY-2024,
OPTIDX,BANKNIFTY,05-Jun-2024,50900.0,CE,0.0,0.0,0.0,673.2,417.0,0,0.0,0,0,06-MAY-2024,
OPTIDX,BANKNIFTY,05-Jun-2024,51000.0,CE,514.85,731.8,508.05,549.8,549.8,1594,12330.74,19950,18720,06-MAY-2024,
OPTIDX,BANKNIFTY,05-Jun-2024,51100.0,CE,0.0,0.0,0.0,609.0,367.75,0,0.0,0,0,06-MAY-2024,
OPTIDX,BANKNIFTY,05-Jun-2024,51200.0,CE,0.0,0.0,0.0,578.65,345.7,0,0.0,0,0,06-MAY-2024,
OPTIDX,BANKNIFTY,05-Jun-2024,51300.0,CE,0.0,0.0,0.0,549.5,324.65,0,0.0,0,0,06-MAY-2024,
OPTIDX,BANKNIFTY,05-Jun-2024,51400.0,CE,0.0,0.0,0.0,521.45,304.65,0,0.0,0,0,06-MAY-2024,
OPTIDX,BANKNIFTY,05-Jun-2024,51500.0,CE,481.35,543.55,401.35,451.5,451.5,53,413.07,255,-210,06-MAY-2024,
OPTIDX,BANKNIFTY,05-Jun-2024,51600.0,CE,0.0,0.0,0.0,468.7,267.65,0,0.0,0,0,06-MAY-2024,
OPTIDX,BANKNIFTY,05-Jun-2024,51700.0,CE,0.0,0.0,0.0,446.3,250.55,0,0.0,0,0,06-MAY-2024,
OPTIDX,BANKNIFTY,05-Jun-2024,51800.0,CE,0.0,0.0,0.0,420.75,234.35,0,0.0,0,0,06-MAY-2024,
OPTIDX,BANKNIFTY,05-Jun-2024,51900.0,CE,0.0,0.0,0.0,398.05,219.05,0,0.0,0,0,06-MAY-2024,
OPTIDX,BANKNIFTY,05-Jun-2024,52000.0,CE,425.0,479.95,334.5,348.85,348.85,214,1680.78,4110,105,06-MAY-2024,
OPTIDX,BANKNIFTY,05-Jun-2024,52100.0,CE,0.0,0.0,0.0,355.6,190.9,0,0.0,0,0,06-MAY-2024,
OPTIDX,BANKNIFTY,05-Jun-2024,52200.0,CE,0.0,0.0,0.0,335.75,177.95,0,0.0,0,0,06-MAY-2024,
OPTIDX,BANKNIFTY,05-Jun-2024,52300.0,CE,0.0,0.0,0.0,316.85,165.8,0,0.0,0,0,06-MAY-2024,
OPTIDX,BANKNIFTY,05-Jun-2024,52400.0,CE,0.0,0.0,0.0,298.75,154.3,0,0.0,0,0,06-MAY-2024,
OPTIDX,BANKNIFTY,05-Jun-2024,52500.0,CE,0.0,0.0,0.0,281.55,143.55,0,0.0,0,0,06-MAY-2024,
OPTIDX,BANKNIFTY,05-Jun-2024,53000.0,CE,180.35,219.95,180.3,180.35,98.65,17,135.64,180,120,06-MAY-2024,
OPTIDX,BANKNIFTY,05-Jun-2024,53500.0,CE,0.0,0.0,0.0,150.05,66.45,0,0.0,0,0,06-MAY-2024,
OPTIDX,BANKNIFTY,05-Jun-2024,54000.0,CE,70.0,70.0,70.0,70.0,43.85,1,8.11,30,0,06-MAY-2024,
OPTIDX,BANKNIFTY,05-Jun-2024,54500.0,CE,0.0,0.0,0.0,74.9,28.35,0,0.0,0,0,06-MAY-2024,
OPTIDX,BANKNIFTY,05-Jun-2024,55000.0,CE,0.0,0.0,0.0,51.6,17.95,0,0.0,0,0,06-MAY-2024,
OPTIDX,BANKNIFTY,05-Jun-2024,55500.0,CE,0.0,0.0,0.0,35.0,11.15,0,0.0,0,0,06-MAY-2024,
OPTIDX,BANKNIFTY,05-Jun-2024,56000.0,CE,0.0,0.0,0.0,23.35,6.8,0,0.0,0,0,06-MAY-2024,
OPTIDX,BANKNIFTY,05-Jun-2024,56500.0,CE,0.0,0.0,0.0,15.35,4.05,0,0.0,0,0,06-MAY-2024,
OPTIDX,BANKNIFTY,05-Jun-2024,57000.0,CE,0.0,0.0,0.0,9.95,2.4,0,0.0,0,0,06-MAY-2024,
OPTIDX,BANKNIFTY,05-Jun-2024,41500.0,PE,0.0,0.0,0.0,0.7,0.5,0,0.0,0,0,06-MAY-2024,
OPTIDX,BANKNIFTY,05-Jun-2024,42000.0,PE,0.0,0.0,0.0,4.4,1.1,0,0.0,45,0,06-MAY-2024,
OPTIDX,BANKNIFTY,05-Jun-2024,42500.0,PE,0.0,0.0,0.0,2.75,2.3,0,0.0,0,0,06-MAY-2024,
OPTIDX,BANKNIFTY,05-Jun-2024,43000.0,PE,0.0,0.0,0.0,5.25,4.65,0,0.0,0,0,06-MAY-2024,
OPTIDX,BANKNIFTY,05-Jun-2024,43500.0,PE,0.0,0.0,0.0,9.65,9.0,0,0.0,0,0,06-MAY-2024,
OPTIDX,BANKNIFTY,05-Jun-2024,44000.0,PE,0.0,0.0,0.0,17.0,16.6,0,0.0,0,0,06-MAY-2024,
OPTIDX,BANKNIFTY,05-Jun-2024,44500.0,PE,0.0,0.0,0.0,28.85,29.35,0,0.0,0,0,06-MAY-2024,
OPTIDX,BANKNIFTY,05-Jun-2024,45000.0,PE,0.0,0.0,0.0,47.2,49.75,0,0.0,0,0,06-MAY-2024,
OPTIDX,BANKNIFTY,05-Jun-2024,45500.0,PE,0.0,0.0,0.0,74.6,81.0,0,0.0,0,0,06-MAY-2024,
OPTIDX,BANKNIFTY,05-Jun-2024,45900.0,PE,0.0,0.0,0.0,105.05,116.4,0,0.0,0,0,06-MAY-2024,
OPTIDX,BANKNIFTY,05-Jun-2024,46000.0,PE,193.9,288.9,193.9,288.9,127.0,1112,7720.87,16635,16635,06-MAY-2024,
OPTIDX,BANKNIFTY,05-Jun-2024,46100.0,PE,0.0,0.0,0.0,123.75,138.3,0,0.0,0,0,06-MAY-2024,
OPTIDX,BANKNIFTY,05-Jun-2024,46200.0,PE,0.0,0.0,0.0,134.05,150.45,0,0.0,0,0,06-MAY-2024,
OPTIDX,BANKNIFTY,05-Jun-2024,46300.0,PE,0.0,0.0,0.0,145.05,163.4,0,0.0,0,0,06-MAY-2024,
OPTIDX,BANKNIFTY,05-Jun-2024,46400.0,PE,0.0,0.0,0.0,156.75,177.25,0,0.0,0,0,06-MAY-2024,
OPTIDX,BANKNIFTY,05-Jun-2024,46500.0,PE,0.0,0.0,0.0,169.2,192.0,0,0.0,0,0,06-MAY-2024,
OPTIDX,BANKNIFTY,05-Jun-2024,46600.0,PE,0.0,0.0,0.0,182.4,207.7,0,0.0,0,0,06-MAY-2024,
OPTIDX,BANKNIFTY,05-Jun-2024,46700.0,PE,0.0,0.0,0.0,196.4,224.35,0,0.0,0,0,06-MAY-2024,
OPTIDX,BANKNIFTY,05-Jun-2024,46800.0,PE,0.0,0.0,0.0,211.25,242.05,0,0.0,0,0,06-MAY-2024,
OPTIDX,BANKNIFTY,05-Jun-2024,46900.0,PE,0.0,0.0,0.0,226.95,260.8,0,0.0,0,0,06-MAY-2024,
OPTIDX,BANKNIFTY,05-Jun-2024,47000.0,PE,550.0,608.65,501.2,532.65,532.65,224,1597.46,5550,1755,06-MAY-2024,
OPTIDX,BANKNIFTY,05-Jun-2024,47100.0,PE,0.0,0.0,0.0,261.05,301.55,0,0.0,0,0,06-MAY-2024,
OPTIDX,BANKNIFTY,05-Jun-2024,47200.0,PE,0.0,0.0,0.0,279.55,323.7,0,0.0,0,0,06-MAY-2024,
OPTIDX,BANKNIFTY,05-Jun-2024,47300.0,PE,0.0,0.0,0.0,299.0,347.0,0,0.0,0,0,06-MAY-2024,
OPTIDX,BANKNIFTY,05-Jun-2024,47400.0,PE,0.0,0.0,0.0,319.45,371.5,0,0.0,0,0,06-MAY-2024,
OPTIDX,BANKNIFTY,05-Jun-2024,47500.0,PE,0.0,0.0,0.0,340.95,398.95,0,0.0,0,0,06-MAY-2024,
OPTIDX,BANKNIFTY,05-Jun-2024,47600.0,PE,0.0,0.0,0.0,363.55,423.95,0,0.0,0,0,06-MAY-2024,
OPTIDX,BANKNIFTY,05-Jun-2024,47700.0,PE,0.0,0.0,0.0,387.2,452.35,0,0.0,0,0,06-MAY-2024,
OPTIDX,BANKNIFTY,05-Jun-2024,47800.0,PE,0.0,0.0,0.0,413.9,482.1,0,0.0,0,0,06-MAY-2024,
OPTIDX,BANKNIFTY,05-Jun-2024,47900.0,PE,0.0,0.0,0.0,439.6,513.25,0,0.0,0,0,06-MAY-2024,
OPTIDX,BANKNIFTY,05-Jun-2024,48000.0,PE,800.0,887.7,727.3,809.9,809.9,1940,14208.75,23055,17130,06-MAY-2024,
OPTIDX,BANKNIFTY,05-Jun-2024,48100.0,PE,0.0,0.0,0.0,492.9,579.7,0,0.0,0,0,06-MAY-2024,
OPTIDX,BANKNIFTY,05-Jun-2024,48200.0,PE,0.0,0.0,0.0,650.0,615.05,0,0.0,15,0,06-MAY-2024,
OPTIDX,BANKNIFTY,05-Jun-2024,48300.0,PE,0.0,0.0,0.0,553.25,651.85,0,0.0,0,0,06-MAY-2024,
OPTIDX,BANKNIFTY,05-Jun-2024,48400.0,PE,0.0,0.0,0.0,906.3,690.15,0,0.0,480,0,06-MAY-2024,
OPTIDX,BANKNIFTY,05-Jun-2024,48500.0,PE,1018.35,1104.4,926.65,961.65,961.65,61,453.1,615,-45,06-MAY-2024,
OPTIDX,BANKNIFTY,05-Jun-2024,48600.0,PE,0.0,0.0,0.0,653.25,771.2,0,0.0,0,0,06-MAY-2024,
OPTIDX,BANKNIFTY,05-Jun-2024,48700.0,PE,0.0,0.0,0.0,689.15,813.95,0,0.0,0,0,06-MAY-2024,
OPTIDX,BANKNIFTY,05-Jun-2024,48800.0,PE,0.0,0.0,0.0,726.4,858.2,0,0.0,0,0,06-MAY-2024,
OPTIDX,BANKNIFTY,05-Jun-2024,48900.0,PE,0.0,0.0,0.0,765.0,904.0,0,0.0,0,0,06-MAY-2024,
OPTIDX,BANKNIFTY,05-Jun-2024,49000.0,PE,1232.5,1273.1,1099.95,1215.85,1215.85,1141,8595.97,13515,11295,06-MAY-2024,
OPTIDX,BANKNIFTY,05-Jun-2024,49100.0,PE,0.0,0.0,0.0,846.25,1000.15,0,0.0,0,0,06-MAY-2024,
OPTIDX,BANKNIFTY,05-Jun-2024,49200.0,PE,0.0,0.0,0.0,1367.2,1050.25,0,0.0,180,0,06-MAY-2024,
OPTIDX,BANKNIFTY,05-Jun-2024,49300.0,PE,0.0,0.0,0.0,932.9,1102.1,0,0.0,0,0,06-MAY-2024,
OPTIDX,BANKNIFTY,05-Jun-2024,49400.0,PE,1551.9,1551.9,1551.9,1551.9,1155.45,1,7.64,180,15,06-MAY-2024,
OPTIDX,BANKNIFTY,05-Jun-2024,49500.0,PE,1507.25,1507.25,1507.25,1507.25,1210.3,2,15.3,1275,30,06-MAY-2024,
OPTIDX,BANKNIFTY,05-Jun-2024,49600.0,PE,0.0,0.0,0.0,1073.2,1266.65,0,0.0,0,0,06-MAY-2024,
OPTIDX,BANKNIFTY,05-Jun-2024,49700.0,PE,0.0,0.0,0.0,1426.7,1324.45,0,0.0,525,0,06-MAY-2024,
OPTIDX,BANKNIFTY,05-Jun-2024,49800.0,PE,0.0,0.0,0.0,1173.4,1383.75,0,0.0,0,0,06-MAY-2024,
OPTIDX,BANKNIFTY,05-Jun-2024,49900.0,PE,0.0,0.0,0.0,1800.0,1444.45,0,0.0,285,0,06-MAY-2024,
OPTIDX,BANKNIFTY,05-Jun-2024,50000.0,PE,0.0,0.0,0.0,1800.0,1506.6,0,0.0,75,0,06-MAY-2024,
OPTIDX,BANKNIFTY,05-Jun-2024,50100.0,PE,0.0,0.0,0.0,1334.25,1570.15,0,0.0,0,0,06-MAY-2024,
OPTIDX,BANKNIFTY,05-Jun-2024,50200.0,PE,0.0,0.0,0.0,1390.55,1635.1,0,0.0,0,0,06-MAY-2024,
OPTIDX,BANKNIFTY,05-Jun-2024,50300.0,PE,0.0,0.0,0.0,1448.2,1701.35,0,0.0,0,0,06-MAY-2024,
OPTIDX,BANKNIFTY,05-Jun-2024,50400.0,PE,0.0,0.0,0.0,1507.2,1769.0,0,0.0,0,0,06-MAY-2024,
OPTIDX,BANKNIFTY,05-Jun-2024,50500.0,PE,0.0,0.0,0.0,1567.5,1837.95,0,0.0,0,0,06-MAY-2024,
OPTIDX,BANKNIFTY,05-Jun-2024,50600.0,PE,0.0,0.0,0.0,1629.05,1908.15,0,0.0,0,0,06-MAY-2024,
OPTIDX,BANKNIFTY,05-Jun-2024,50700.0,PE,0.0,0.0,0.0,1691.9,1979.65,0,0.0,0,0,06-MAY-2024,
OPTIDX,BANKNIFTY,05-Jun-2024,50800.0,PE,0.0,0.0,0.0,1756.05,2052.35,0,0.0,0,0,06-MAY-2024,
OPTIDX,BANKNIFTY,05-Jun-2024,50900.0,PE,0.0,0.0,0.0,1821.4,2128.4,0,0.0,0,0,06-MAY-2024,
OPTIDX,BANKNIFTY,05-Jun-2024,51000.0,PE,0.0,0.0,0.0,1888.0,2203.8,0,0.0,0,0,06-MAY-2024,
OPTIDX,BANKNIFTY,05-Jun-2024,51100.0,PE,0.0,0.0,0.0,1955.8,2278.05,0,0.0,0,0,06-MAY-2024,
OPTIDX,BANKNIFTY,05-Jun-2024,51200.0,PE,0.0,0.0,0.0,2024.75,2355.4,0,0.0,0,0,06-MAY-2024,
OPTIDX,BANKNIFTY,05-Jun-2024,51300.0,PE,0.0,0.0,0.0,2094.9,2433.8,0,0.0,0,0,06-MAY-2024,
OPTIDX,BANKNIFTY,05-Jun-2024,51400.0,PE,0.0,0.0,0.0,2166.15,2513.25,0,0.0,0,0,06-MAY-2024,
OPTIDX,BANKNIFTY,05-Jun-2024,51500.0,PE,0.0,0.0,0.0,2238.55,2593.65,0,0.0,0,0,06-MAY-2024,
OPTIDX,BANKNIFTY,05-Jun-2024,51600.0,PE,0.0,0.0,0.0,2312.05,2675.05,0,0.0,0,0,06-MAY-2024,
OPTIDX,BANKNIFTY,05-Jun-2024,51700.0,PE,0.0,0.0,0.0,2388.9,2757.4,0,0.0,0,0,06-MAY-2024,
OPTIDX,BANKNIFTY,05-Jun-2024,51800.0,PE,0.0,0.0,0.0,2462.7,2840.65,0,0.0,0,0,06-MAY-2024,
OPTIDX,BANKNIFTY,05-Jun-2024,51900.0,PE,0.0,0.0,0.0,2539.3,2924.75,0,0.0,0,0,06-MAY-2024,
OPTIDX,BANKNIFTY,05-Jun-2024,52000.0,PE,0.0,0.0,0.0,2616.85,3009.65,0,0.0,0,0,06-MAY-2024,
OPTIDX,BANKNIFTY,05-Jun-2024,52100.0,PE,0.0,0.0,0.0,2695.4,3095.4,0,0.0,0,0,06-MAY-2024,
OPTIDX,BANKNIFTY,05-Jun-2024,52200.0,PE,0.0,0.0,0.0,2774.9,3181.9,0,0.0,0,0,06-MAY-2024,
OPTIDX,BANKNIFTY,05-Jun-2024,52300.0,PE,0.0,0.0,0.0,2855.25,3269.15,0,0.0,0,0,06-MAY-2024,
OPTIDX,BANKNIFTY,05-Jun-2024,52400.0,PE,0.0,0.0,0.0,2936.5,3357.1,0,0.0,0,0,06-MAY-2024,
OPTIDX,BANKNIFTY,05-Jun-2024,52500.0,PE,0.0,0.0,0.0,3018.6,3445.75,0,0.0,0,0,06-MAY-2024,
OPTIDX,BANKNIFTY,05-Jun-2024,53000.0,PE,0.0,0.0,0.0,3440.8,3898.0,0,0.0,0,0,06-MAY-2024,
OPTIDX,BANKNIFTY,05-Jun-2024,53500.0,PE,0.0,0.0,0.0,3880.1,4362.9,0,0.0,0,0,06-MAY-2024,
OPTIDX,BANKNIFTY,05-Jun-2024,54000.0,PE,0.0,0.0,0.0,4333.45,4837.4,0,0.0,0,0,06-MAY-2024,
OPTIDX,BANKNIFTY,05-Jun-2024,54500.0,PE,0.0,0.0,0.0,4797.95,5319.05,0,0.0,0,0,06-MAY-2024,
OPTIDX,BANKNIFTY,05-Jun-2024,55000.0,PE,0.0,0.0,0.0,5271.2,5805.8,0,0.0,0,0,06-MAY-2024,
OPTIDX,BANKNIFTY,05-Jun-2024,55500.0,PE,0.0,0.0,0.0,5751.1,6296.1,0,0.0,0,0,06-MAY-2024,
OPTIDX,BANKNIFTY,05-Jun-2024,56000.0,PE,0.0,0.0,0.0,6236.0,6788.85,0,0.0,0,0,06-MAY-2024,
OPTIDX,BANKNIFTY,05-Jun-2024,56500.0,PE,0.0,0.0,0.0,6724.5,7283.25,0,0.0,0,0,06-MAY-2024,
OPTIDX,BANKNIFTY,05-Jun-2024,57000.0,PE,0.0,0.0,0.0,7215.6,7778.7,0,0.0,0,0,06-MAY-2024,
OPTIDX,BANKNIFTY,26-Jun-2024,37500.0,CE,0.0,0.0,0.0,11156.6,11774.35,0,0.0,630,0,06-MAY-2024,
OPTIDX,BANKNIFTY,26-Jun-2024,39000.0,CE,0.0,0.0,0.0,10500.0,10289.75,0,0.0,630,0,06-MAY-2024,
OPTIDX,BANKNIFTY,26-Jun-2024,39500.0,CE,0.0,0.0,0.0,8046.95,9795.05,0,0.0,0,0,06-MAY-2024,
OPTIDX,BANKNIFTY,26-Jun-2024,40000.0,CE,0.0,0.0,0.0,9800.0,9300.6,0,0.0,855,0,06-MAY-2024,
OPTIDX,BANKNIFTY,26-Jun-2024,40500.0,CE,0.0,0.0,0.0,7834.1,8806.55,0,0.0,0,0,06-MAY-2024,
OPTIDX,BANKNIFTY,26-Jun-2024,41000.0,CE,0.0,0.0,0.0,6635.85,8313.2,0,0.0,0,0,06-MAY-2024,
OPTIDX,BANKNIFTY,26-Jun-2024,41500.0,CE,0.0,0.0,0.0,6179.0,7820.9,0,0.0,0,0,06-MAY-2024,
OPTIDX,BANKNIFTY,26-Jun-2024,42000.0,CE,0.0,0.0,0.0,6470.0,7330.25,0,0.0,555,0,06-MAY-2024,
OPTIDX,BANKNIFTY,26-Jun-2024,42500.0,CE,0.0,0.0,0.0,5294.25,6842.0,0,0.0,0,0,06-MAY-2024,
OPTIDX,BANKNIFTY,26-Jun-2024,43000.0,CE,0.0,0.0,0.0,5779.85,6357.3,0,0.0,90,0,06-MAY-2024,
OPTIDX,BANKNIFTY,26-Jun-2024,43500.0,CE,0.0,0.0,0.0,5317.6,5877.45,0,0.0,60,0,06-MAY-2024,
OPTIDX,BANKNIFTY,26-Jun-2024,43800.0,CE,0.0,0.0,0.0,4749.1,5592.6,0,0.0,135,0,06-MAY-2024,
OPTIDX,BANKNIFTY,26-Jun-2024,43900.0,CE,0.0,0.0,0.0,5225.85,5498.25,0,0.0,45,0,06-MAY-2024,
OPTIDX,BANKNIFTY,26-Jun-2024,44000.0,CE,0.0,0.0,0.0,5400.0,5404.25,0,0.0,510,0,06-MAY-2024,
OPTIDX,BANKNIFTY,26-Jun-2024,44100.0,CE,0.0,0.0,0.0,3986.6,5310.55,0,0.0,0,0,06-MAY-2024,
OPTIDX,BANKNIFTY,26-Jun-2024,44200.0,CE,0.0,0.0,0.0,3910.25,5217.2,0,0.0,0,0,06-MAY-2024,
OPTIDX,BANKNIFTY,26-Jun-2024,44300.0,CE,0.0,0.0,0.0,4961.6,5124.25,0,0.0,15,0,06-MAY-2024,
OPTIDX,BANKNIFTY,26-Jun-2024,44400.0,CE,5064.7,5069.3,5056.95,5056.95,5031.7,3,22.25,105,45,06-MAY-2024,
OPTIDX,BANKNIFTY,26-Jun-2024,44500.0,CE,4991.0,5025.0,4956.15,5025.0,4939.6,5,37.11,645,0,06-MAY-2024,
OPTIDX,BANKNIFTY,26-Jun-2024,44600.0,CE,4928.5,4928.8,4878.4,4878.4,4847.9,6,44.55,90,90,06-MAY-2024,
OPTIDX,BANKNIFTY,26-Jun-2024,44700.0,CE,4799.65,4844.65,4799.65,4817.5,4756.65,4,29.71,60,60,06-MAY-2024,
OPTIDX,BANKNIFTY,26-Jun-2024,44800.0,CE,4755.9,4755.9,4755.9,4755.9,4665.9,1,7.43,45,15,06-MAY-2024,
OPTIDX,BANKNIFTY,26-Jun-2024,44900.0,CE,4628.35,4649.6,4626.7,4649.6,4575.6,3,22.29,45,45,06-MAY-2024,
OPTIDX,BANKNIFTY,26-Jun-2024,45000.0,CE,4636.4,4692.5,4478.6,4517.0,4517.0,6,44.59,8865,30,06-MAY-2024,
OPTIDX,BANKNIFTY,26-Jun-2024,45100.0,CE,4419.45,4419.45,4419.45,4419.45,4396.65,1,7.42,15,15,06-MAY-2024,
OPTIDX,BANKNIFTY,26-Jun-2024,45200.0,CE,4335.8,4335.8,4335.8,4335.8,4308.0,1,7.43,15,15,06-MAY-2024,
OPTIDX,BANKNIFTY,26-Jun-2024,45300.0,CE,4252.4,4252.4,4252.4,4252.4,4219.9,1,7.43,15,15,06-MAY-2024,
OPTIDX,BANKNIFTY,26-Jun-2024,45400.0,CE,4184.45,4230.2,4102.35,4179.0,4132.45,14,104.07,225,210,06-MAY-2024,
OPTIDX,BANKNIFTY,26-Jun-2024,45500.0,CE,4167.55,4167.55,3994.3,4142.7,4045.6,13,96.74,510,180,06-MAY-2024,
OPTIDX,BANKNIFTY,26-Jun-2024,45600.0,CE,4078.2,4125.75,4046.75,4060.1,3959.4,11,81.95,315,165,06-MAY-2024,
OPTIDX,BANKNIFTY,26-Jun-2024,45700.0,CE,3960.05,4119.95,3890.0,4002.3,3873.85,11,82.06,285,165,06-MAY-2024,
OPTIDX,BANKNIFTY,26-Jun-2024,45800.0,CE,3993.05,4073.7,3855.0,3902.5,3789.0,9,67.13,225,135,06-MAY-2024,
OPTIDX,BANKNIFTY,26-Jun-2024,45900.0,CE,3815.55,3990.4,3749.2,3749.2,3749.2,13,97.0,435,180,06-MAY-2024,
OPTIDX,BANKNIFTY,26-Jun-2024,46000.0,CE,3730.0,3950.0,3600.0,3679.0,3679.0,139,1037.75,9630,855,06-MAY-2024,
OPTIDX,BANKNIFTY,26-Jun-2024,46100.0,CE,3825.25,3825.25,3573.05,3662.55,3538.8,10,74.66,330,150,06-MAY-2024,
OPTIDX,BANKNIFTY,26-Jun-2024,46200.0,CE,3569.85,3686.95,3548.95,3584.3,3456.95,10,74.69,285,150,06-MAY-2024,
OPTIDX,BANKNIFTY,26-Jun-2024,46300.0,CE,3488.0,3699.35,3402.6,3526.85,3375.85,10,74.79,450,135,06-MAY-2024,
OPTIDX,BANKNIFTY,26-Jun-2024,46400.0,CE,3414.55,3554.15,3414.55,3428.15,3295.6,12,89.74,555,135,06-MAY-2024,
OPTIDX,BANKNIFTY,26-Jun-2024,46500.0,CE,3430.0,3551.6,3200.0,3341.75,3216.15,37,277.03,14295,45,06-MAY-2024,
OPTIDX,BANKNIFTY,26-Jun-2024,46600.0,CE,3342.8,3403.4,3218.3,3239.2,3137.6,7,52.39,330,105,06-MAY-2024,
OPTIDX,BANKNIFTY,26-Jun-2024,46700.0,CE,3196.4,3328.9,3112.7,3157.5,3059.95,10,74.82,360,150,06-MAY-2024,
OPTIDX,BANKNIFTY,26-Jun-2024,46800.0,CE,3102.35,3193.15,3048.5,3084.25,2983.15,9,67.39,480,135,06-MAY-2024,
OPTIDX,BANKNIFTY,26-Jun-2024,46900.0,CE,3037.55,3130.9,2952.65,2998.85,2907.3,11,82.39,495,165,06-MAY-2024,
OPTIDX,BANKNIFTY,26-Jun-2024,47000.0,CE,2960.0,3160.0,2849.35,2959.95,2959.95,109,817.15,13335,435,06-MAY-2024,
OPTIDX,BANKNIFTY,26-Jun-2024,47100.0,CE,2876.55,2972.25,2853.3,2867.0,2760.2,11,82.51,300,150,06-MAY-2024,
OPTIDX,BANKNIFTY,26-Jun-2024,47200.0,CE,2850.9,2981.35,2759.4,2781.85,2687.05,13,97.67,315,150,06-MAY-2024,
OPTIDX,BANKNIFTY,26-Jun-2024,47300.0,CE,2865.15,2865.15,2711.1,2712.5,2612.85,9,67.6,195,105,06-MAY-2024,
OPTIDX,BANKNIFTY,26-Jun-2024,47400.0,CE,2773.8,2773.8,2642.65,2642.65,2541.9,6,45.1,735,45,06-MAY-2024,
OPTIDX,BANKNIFTY,26-Jun-2024,47500.0,CE,2750.0,2809.3,2491.6,2593.6,2593.6,34,255.76,77670,150,06-MAY-2024,
OPTIDX,BANKNIFTY,26-Jun-2024,47600.0,CE,2646.5,2705.8,2483.3,2483.3,2483.3,10,75.26,225,105,06-MAY-2024,
OPTIDX,BANKNIFTY,26-Jun-2024,47700.0,CE,2647.2,2647.2,2430.0,2430.0,2335.25,8,60.32,270,90,06-MAY-2024,
OPTIDX,BANKNIFTY,26-Jun-2024,47800.0,CE,2517.3,2590.65,2372.85,2378.25,2268.45,9,67.86,750,45,06-MAY-2024,
OPTIDX,BANKNIFTY,26-Jun-2024,47900.0,CE,2429.75,2492.55,2406.85,2419.3,2202.75,5,37.74,435,75,06-MAY-2024,
OPTIDX,BANKNIFTY,26-Jun-2024,48000.0,CE,2243.2,2467.95,2145.6,2253.4,2253.4,6060,45754.3,936915,300,06-MAY-2024,
OPTIDX,BANKNIFTY,26-Jun-2024,48100.0,CE,2365.95,2365.95,2225.95,2225.95,2074.65,2,15.11,4935,0,06-MAY-2024,
OPTIDX,BANKNIFTY,26-Jun-2024,48200.0,CE,2305.0,2305.0,2220.5,2296.2,2012.25,4,30.28,615,30,06-MAY-2024,
OPTIDX,BANKNIFTY,26-Jun-2024,48300.0,CE,2199.45,2199.45,2063.9,2075.75,1951.0,14,105.88,720,135,06-MAY-2024,
OPTIDX,BANKNIFTY,26-Jun-2024,48400.0,CE,2032.85,2192.55,2032.85,2105.35,1890.85,32,242.47,720,-150,06-MAY-2024,
OPTIDX,BANKNIFTY,26-Jun-2024,48500.0,CE,2000.0,2150.0,1878.2,1962.9,1962.9,1035,7845.43,55305,-1680,06-MAY-2024,
OPTIDX,BANKNIFTY,26-Jun-2024,48600.0,CE,1856.6,2071.15,1856.6,1887.4,1887.4,18,136.51,735,30,06-MAY-2024,
OPTIDX,BANKNIFTY,26-Jun-2024,48700.0,CE,1948.05,1969.85,1823.9,1830.15,1830.15,11,83.47,2265,-45,06-MAY-2024,
OPTIDX,BANKNIFTY,26-Jun-2024,48800.0,CE,1948.7,1978.5,1749.95,1804.0,1804.0,82,623.17,2100,495,06-MAY-2024,
OPTIDX,BANKNIFTY,26-Jun-2024,48900.0,CE,1738.4,1888.0,1691.45,1745.35,1745.35,119,904.26,2790,900,06-MAY-2024,
OPTIDX,BANKNIFTY,26-Jun-2024,49000.0,CE,1707.95,1865.5,1611.05,1700.0,1700.0,4956,37732.14,102570,4605,06-MAY-2024,
OPTIDX,BANKNIFTY,26-Jun-2024,49100.0,CE,1672.95,1804.6,1576.6,1645.9,1645.9,388,2956.46,5145,2340,06-MAY-2024,
OPTIDX,BANKNIFTY,26-Jun-2024,49200.0,CE,1600.0,1751.2,1541.5,1600.15,1600.15,246,1876.53,3225,1425,06-MAY-2024,
OPTIDX,BANKNIFTY,26-Jun-2024,49300.0,CE,1620.0,1682.0,1504.75,1541.85,1541.85,421,3214.25,3000,1995,06-MAY-2024,
OPTIDX,BANKNIFTY,26-Jun-2024,49400.0,CE,1496.45,1635.0,1420.0,1470.0,1470.0,95,726.04,2190,855,06-MAY-2024,
OPTIDX,BANKNIFTY,26-Jun-2024,49500.0,CE,1475.0,1600.0,1375.7,1457.9,1457.9,2379,18201.1,64260,13170,06-MAY-2024,
OPTIDX,BANKNIFTY,26-Jun-2024,49600.0,CE,1435.0,1540.0,1392.2,1392.2,1258.6,48,367.57,1575,150,06-MAY-2024,
OPTIDX,BANKNIFTY,26-Jun-2024,49700.0,CE,1389.15,1478.3,1336.0,1367.8,1367.8,87,666.8,1875,660,06-MAY-2024,
OPTIDX,BANKNIFTY,26-Jun-2024,49800.0,CE,1321.1,1450.0,1252.45,1354.8,1169.3,55,421.82,2310,180,06-MAY-2024,
OPTIDX,BANKNIFTY,26-Jun-2024,49900.0,CE,1310.0,1374.05,1220.0,1269.25,1269.25,46,353.35,1425,345,06-MAY-2024,
OPTIDX,BANKNIFTY,26-Jun-2024,50000.0,CE,1250.05,1364.0,1167.0,1236.5,1236.5,7266,55881.62,155385,17520,06-MAY-2024,
OPTIDX,BANKNIFTY,26-Jun-2024,50100.0,CE,1297.55,1297.55,1135.0,1187.1,1187.1,42,323.28,1500,255,06-MAY-2024,
OPTIDX,BANKNIFTY,26-Jun-2024,50200.0,CE,1190.35,1275.0,1141.1,1149.0,1149.0,44,339.24,1965,300,06-MAY-2024,
OPTIDX,BANKNIFTY,26-Jun-2024,50300.0,CE,1192.95,1209.95,1092.0,1092.4,1092.4,41,316.52,1230,510,06-MAY-2024,
OPTIDX,BANKNIFTY,26-Jun-2024,50400.0,CE,1154.95,1162.95,1057.95,1064.85,1064.85,29,223.93,1425,270,06-MAY-2024,
OPTIDX,BANKNIFTY,26-Jun-2024,50500.0,CE,1066.3,1150.0,994.6,1041.0,1041.0,587,4539.23,24105,1380,06-MAY-2024,
OPTIDX,BANKNIFTY,26-Jun-2024,50600.0,CE,1083.05,1111.0,986.9,986.9,986.9,25,193.74,615,0,06-MAY-2024,
OPTIDX,BANKNIFTY,26-Jun-2024,50700.0,CE,1028.95,1066.85,971.65,971.65,822.4,18,139.7,1080,135,06-MAY-2024,
OPTIDX,BANKNIFTY,26-Jun-2024,50800.0,CE,948.0,1033.85,907.9,922.8,922.8,95,737.7,855,570,06-MAY-2024,
OPTIDX,BANKNIFTY,26-Jun-2024,50900.0,CE,889.25,959.6,889.25,958.1,757.0,4,31.1,165,30,06-MAY-2024,
OPTIDX,BANKNIFTY,26-Jun-2024,51000.0,CE,905.0,974.1,820.0,872.95,872.95,7172,55835.03,136560,6195,06-MAY-2024,
OPTIDX,BANKNIFTY,26-Jun-2024,51100.0,CE,888.25,930.6,824.05,836.0,695.55,9,70.15,1425,105,06-MAY-2024,
OPTIDX,BANKNIFTY,26-Jun-2024,51200.0,CE,842.35,880.85,842.35,880.85,666.3,4,31.23,825,60,06-MAY-2024,
OPTIDX,BANKNIFTY,26-Jun-2024,51300.0,CE,788.4,834.4,788.4,808.35,638.0,10,78.16,1005,75,06-MAY-2024,
OPTIDX,BANKNIFTY,26-Jun-2024,51400.0,CE,783.7,826.3,725.0,776.75,610.65,12,93.94,1200,120,06-MAY-2024,
OPTIDX,BANKNIFTY,26-Jun-2024,51500.0,CE,735.7,809.3,685.0,725.15,725.15,1078,8448.65,13530,-315,06-MAY-2024,
OPTIDX,BANKNIFTY,26-Jun-2024,51600.0,CE,754.1,754.1,648.75,712.5,560.75,72,564.6,1260,870,06-MAY-2024,
OPTIDX,BANKNIFTY,26-Jun-2024,51700.0,CE,698.2,743.0,621.4,687.8,536.3,36,282.83,735,495,06-MAY-2024,
OPTIDX,BANKNIFTY,26-Jun-2024,51800.0,CE,681.25,693.8,627.55,648.0,648.0,66,519.19,1005,840,06-MAY-2024,
OPTIDX,BANKNIFTY,26-Jun-2024,51900.0,CE,671.0,687.2,623.35,639.8,487.9,31,244.36,615,345,06-MAY-2024,
OPTIDX,BANKNIFTY,26-Jun-2024,52000.0,CE,610.55,672.7,560.0,597.9,597.9,4858,38350.81,97605,3960,06-MAY-2024,
OPTIDX,BANKNIFTY,26-Jun-2024,52100.0,CE,596.85,636.2,569.3,570.75,444.55,24,189.74,1170,45,06-MAY-2024,
OPTIDX,BANKNIFTY,26-Jun-2024,52200.0,CE,575.9,609.6,530.9,557.75,557.75,40,316.54,825,210,06-MAY-2024,
OPTIDX,BANKNIFTY,26-Jun-2024,52300.0,CE,543.05,592.35,543.05,547.75,404.3,10,79.28,1110,0,06-MAY-2024,
OPTIDX,BANKNIFTY,26-Jun-2024,52400.0,CE,532.4,547.9,496.15,515.55,515.55,53,420.73,1080,540,06-MAY-2024,
OPTIDX,BANKNIFTY,26-Jun-2024,52500.0,CE,496.0,556.7,463.05,489.5,489.5,1005,7991.07,28950,1275,06-MAY-2024,
OPTIDX,BANKNIFTY,26-Jun-2024,53000.0,CE,424.8,455.2,372.7,399.5,399.5,4280,34296.19,70170,13485,06-MAY-2024,
OPTIDX,BANKNIFTY,26-Jun-2024,53500.0,CE,328.7,372.85,300.15,324.3,324.3,1000,8076.97,8760,-1455,06-MAY-2024,
OPTIDX,BANKNIFTY,26-Jun-2024,54000.0,CE,279.95,306.65,246.1,262.9,262.9,3212,26152.11,42795,8970,06-MAY-2024,
OPTIDX,BANKNIFTY,26-Jun-2024,54500.0,CE,192.0,224.0,182.8,220.6,220.6,116,952.1,2235,-825,06-MAY-2024,
OPTIDX,BANKNIFTY,26-Jun-2024,55000.0,CE,179.05,207.05,163.35,171.6,171.6,1182,9783.59,24795,5625,06-MAY-2024,
OPTIDX,BANKNIFTY,26-Jun-2024,55500.0,CE,143.3,170.1,125.15,137.6,137.6,59,492.52,12870,-345,06-MAY-2024,
OPTIDX,BANKNIFTY,26-Jun-2024,56000.0,CE,125.0,138.0,96.15,116.55,116.55,792,6667.5,11640,4710,06-MAY-2024,
OPTIDX,BANKNIFTY,26-Jun-2024,56500.0,CE,90.85,119.95,90.85,99.95,99.95,479,4067.17,6675,-1350,06-MAY-2024,
OPTIDX,BANKNIFTY,26-Jun-2024,57000.0,CE,92.45,110.95,81.05,88.1,88.1,1486,12724.97,20055,15420,06-MAY-2024,
OPTIDX,BANKNIFTY,26-Jun-2024,37500.0,PE,0.0,0.0,0.0,607.8,0.05,0,0.0,0,0,06-MAY-2024,
OPTIDX,BANKNIFTY,26-Jun-2024,39000.0,PE,0.0,0.0,0.0,3.35,0.3,0,0.0,240,0,06-MAY-2024,
OPTIDX,BANKNIFTY,26-Jun-2024,39500.0,PE,0.0,0.0,0.0,35.1,0.55,0,0.0,0,0,06-MAY-2024,
OPTIDX,BANKNIFTY,26-Jun-2024,40000.0,PE,0.0,0.0,0.0,20.2,1.05,0,0.0,15,0,06-MAY-2024,
OPTIDX,BANKNIFTY,26-Jun-2024,40500.0,PE,0.0,0.0,0.0,77.0,1.95,0,0.0,240,0,06-MAY-2024,
OPTIDX,BANKNIFTY,26-Jun-2024,41000.0,PE,0.0,0.0,0.0,68.35,3.55,0,0.0,630,0,06-MAY-2024,
OPTIDX,BANKNIFTY,26-Jun-2024,41500.0,PE,0.0,0.0,0.0,46.0,6.15,0,0.0,750,0,06-MAY-2024,
OPTIDX,BANKNIFTY,26-Jun-2024,42000.0,PE,79.4,94.55,79.4,91.0,91.0,656,4141.41,87945,1635,06-MAY-2024,
OPTIDX,BANKNIFTY,26-Jun-2024,42500.0,PE,0.0,0.0,0.0,99.35,17.15,0,0.0,14130,0,06-MAY-2024,
OPTIDX,BANKNIFTY,26-Jun-2024,43000.0,PE,114.8,151.0,105.0,132.15,132.15,2173,14057.95,74085,3870,06-MAY-2024,
OPTIDX,BANKNIFTY,26-Jun-2024,43500.0,PE,164.2,182.75,141.55,168.05,168.05,1239,8114.46,93435,3885,06-MAY-2024,
OPTIDX,BANKNIFTY,26-Jun-2024,43800.0,PE,0.0,0.0,0.0,428.85,54.65,0,0.0,0,0,06-MAY-2024,
OPTIDX,BANKNIFTY,26-Jun-2024,43900.0,PE,0.0,0.0,0.0,147.8,59.3,0,0.0,990,0,06-MAY-2024,
OPTIDX,BANKNIFTY,26-Jun-2024,44000.0,PE,220.0,245.0,175.3,209.35,209.35,4063,26939.7,98970,-10590,06-MAY-2024,
OPTIDX,BANKNIFTY,26-Jun-2024,44100.0,PE,0.0,0.0,0.0,202.35,69.55,0,0.0,180,0,06-MAY-2024,
OPTIDX,BANKNIFTY,26-Jun-2024,44200.0,PE,0.0,0.0,0.0,512.0,75.2,0,0.0,0,0,06-MAY-2024,
OPTIDX,BANKNIFTY,26-Jun-2024,44300.0,PE,0.0,0.0,0.0,534.5,81.25,0,0.0,0,0,06-MAY-2024,
OPTIDX,BANKNIFTY,26-Jun-2024,44400.0,PE,0.0,0.0,0.0,241.95,87.7,0,0.0,45,0,06-MAY-2024,
OPTIDX,BANKNIFTY,26-Jun-2024,44500.0,PE,267.5,287.75,220.8,258.6,258.6,1803,12102.39,55470,3255,06-MAY-2024,
OPTIDX,BANKNIFTY,26-Jun-2024,44600.0,PE,0.0,0.0,0.0,608.15,101.85,0,0.0,0,0,06-MAY-2024,
OPTIDX,BANKNIFTY,26-Jun-2024,44700.0,PE,0.0,0.0,0.0,226.45,109.6,0,0.0,15,0,06-MAY-2024,
OPTIDX,BANKNIFTY,26-Jun-2024,44800.0,PE,0.0,0.0,0.0,659.55,117.8,0,0.0,0,0,06-MAY-2024,
OPTIDX,BANKNIFTY,26-Jun-2024,44900.0,PE,0.0,0.0,0.0,267.3,126.5,0,0.0,60,0,06-MAY-2024,
OPTIDX,BANKNIFTY,26-Jun-2024,45000.0,PE,369.05,369.05,276.2,321.85,321.85,5523,37537.61,136245,8340,06-MAY-2024,
OPTIDX,BANKNIFTY,26-Jun-2024,45100.0,PE,0.0,0.0,0.0,740.7,145.55,0,0.0,0,0,06-MAY-2024,
OPTIDX,BANKNIFTY,26-Jun-2024,45200.0,PE,0.0,0.0,0.0,770.05,155.85,0,0.0,0,0,06-MAY-2024,
OPTIDX,BANKNIFTY,26-Jun-2024,45300.0,PE,0.0,0.0,0.0,138.6,166.8,0,0.0,0,0,06-MAY-2024,
OPTIDX,BANKNIFTY,26-Jun-2024,45400.0,PE,0.0,0.0,0.0,831.2,178.3,0,0.0,0,0,06-MAY-2024,
OPTIDX,BANKNIFTY,26-Jun-2024,45500.0,PE,340.0,425.55,340.0,398.85,398.85,2331,16042.5,52335,3000,06-MAY-2024,
OPTIDX,BANKNIFTY,26-Jun-2024,45600.0,PE,0.0,0.0,0.0,256.85,203.2,0,0.0,690,0,06-MAY-2024,
OPTIDX,BANKNIFTY,26-Jun-2024,45700.0,PE,0.0,0.0,0.0,264.25,216.65,0,0.0,1230,0,06-MAY-2024,
OPTIDX,BANKNIFTY,26-Jun-2024,45800.0,PE,0.0,0.0,0.0,283.2,230.8,0,0.0,390,0,06-MAY-2024,
OPTIDX,BANKNIFTY,26-Jun-2024,45900.0,PE,491.7,491.7,413.85,462.6,245.65,65,451.8,2205,405,06-MAY-2024,
OPTIDX,BANKNIFTY,26-Jun-2024,46000.0,PE,452.9,510.0,423.55,485.3,485.3,4890,34080.58,105900,10455,06-MAY-2024,
OPTIDX,BANKNIFTY,26-Jun-2024,46100.0,PE,463.0,522.35,442.3,506.8,506.8,49,342.51,2040,285,06-MAY-2024,
OPTIDX,BANKNIFTY,26-Jun-2024,46200.0,PE,0.0,0.0,0.0,261.8,294.7,0,0.0,285,0,06-MAY-2024,
OPTIDX,BANKNIFTY,26-Jun-2024,46300.0,PE,517.65,554.8,484.8,554.8,312.6,41,287.97,1710,585,06-MAY-2024,
OPTIDX,BANKNIFTY,26-Jun-2024,46400.0,PE,520.2,565.05,501.75,565.05,331.35,60,422.39,1110,510,06-MAY-2024,
OPTIDX,BANKNIFTY,26-Jun-2024,46500.0,PE,560.05,611.85,513.8,585.55,585.55,1215,8575.63,53685,60,06-MAY-2024,
OPTIDX,BANKNIFTY,26-Jun-2024,46600.0,PE,0.0,0.0,0.0,566.8,371.35,0,0.0,1005,0,06-MAY-2024,
OPTIDX,BANKNIFTY,26-Jun-2024,46700.0,PE,613.7,617.9,565.65,617.9,392.65,81,574.62,1755,795,06-MAY-2024,
OPTIDX,BANKNIFTY,26-Jun-2024,46800.0,PE,640.0,692.25,590.25,655.9,655.9,166,1181.71,3015,1635,06-MAY-2024,
OPTIDX,BANKNIFTY,26-Jun-2024,46900.0,PE,616.6,686.5,616.6,683.25,438.0,9,64.19,1515,135,06-MAY-2024,
OPTIDX,BANKNIFTY,26-Jun-2024,47000.0,PE,670.0,744.05,622.65,709.0,709.0,6555,46882.58,202935,19290,06-MAY-2024,
OPTIDX,BANKNIFTY,26-Jun-2024,47100.0,PE,716.95,738.85,716.95,735.25,735.25,12,86.1,1590,120,06-MAY-2024,
OPTIDX,BANKNIFTY,26-Jun-2024,47200.0,PE,705.45,755.3,705.45,755.3,514.7,22,158.16,900,210,06-MAY-2024,
OPTIDX,BANKNIFTY,26-Jun-2024,47300.0,PE,725.6,800.0,700.0,800.0,539.5,5,36.03,495,45,06-MAY-2024,
OPTIDX,BANKNIFTY,26-Jun-2024,47400.0,PE,752.55,850.0,752.55,850.0,567.55,22,159.09,795,150,06-MAY-2024,
OPTIDX,BANKNIFTY,26-Jun-2024,47500.0,PE,802.9,884.0,732.35,843.45,843.45,2252,16321.67,96120,930,06-MAY-2024,
OPTIDX,BANKNIFTY,26-Jun-2024,47600.0,PE,824.55,836.45,800.8,836.45,626.7,9,65.35,780,30,06-MAY-2024,
OPTIDX,BANKNIFTY,26-Jun-2024,47700.0,PE,838.9,941.55,810.3,884.05,884.05,57,414.96,1875,390,06-MAY-2024,
OPTIDX,BANKNIFTY,26-Jun-2024,47800.0,PE,904.45,981.5,849.2,959.0,690.05,55,401.61,1950,75,06-MAY-2024,
OPTIDX,BANKNIFTY,26-Jun-2024,47900.0,PE,939.15,1000.0,890.0,981.2,981.2,12,87.91,2625,45,06-MAY-2024,
OPTIDX,BANKNIFTY,26-Jun-2024,48000.0,PE,909.95,1058.0,877.1,1004.65,1004.65,13531,99390.55,912165,5430,06-MAY-2024,
OPTIDX,BANKNIFTY,26-Jun-2024,48100.0,PE,1006.65,1075.75,958.8,1057.55,1057.55,33,243.22,6210,255,06-MAY-2024,
OPTIDX,BANKNIFTY,26-Jun-2024,48200.0,PE,1051.1,1135.95,944.2,1076.25,1076.25,44,325.22,1620,480,06-MAY-2024,
OPTIDX,BANKNIFTY,26-Jun-2024,48300.0,PE,1013.15,1176.5,986.05,1126.05,1126.05,237,1756.09,2130,1290,06-MAY-2024,
OPTIDX,BANKNIFTY,26-Jun-2024,48400.0,PE,1052.95,1207.95,1052.95,1182.75,906.4,35,260.03,1215,390,06-MAY-2024,
OPTIDX,BANKNIFTY,26-Jun-2024,48500.0,PE,1150.35,1258.65,1050.0,1200.85,1200.85,1473,10975.37,60960,-1140,06-MAY-2024,
OPTIDX,BANKNIFTY,26-Jun-2024,48600.0,PE,1127.5,1291.75,1127.5,1241.25,1241.25,31,231.71,885,30,06-MAY-2024,
OPTIDX,BANKNIFTY,26-Jun-2024,48700.0,PE,1167.1,1335.95,1167.1,1287.7,1287.7,67,502.3,1470,600,06-MAY-2024,
OPTIDX,BANKNIFTY,26-Jun-2024,48800.0,PE,1283.0,1392.1,1211.65,1327.4,1327.4,217,1631.36,1245,150,06-MAY-2024,
OPTIDX,BANKNIFTY,26-Jun-2024,48900.0,PE,1344.75,1441.85,1214.95,1378.7,1378.7,146,1100.34,2400,285,06-MAY-2024,
OPTIDX,BANKNIFTY,26-Jun-2024,49000.0,PE,1356.45,1495.0,1250.0,1424.2,1424.2,6006,45386.75,114855,11415,06-MAY-2024,
OPTIDX,BANKNIFTY,26-Jun-2024,49100.0,PE,1425.75,1508.0,1322.0,1466.95,1466.95,47,356.28,1620,270,06-MAY-2024,
OPTIDX,BANKNIFTY,26-Jun-2024,49200.0,PE,1452.5,1586.45,1348.95,1527.25,1527.25,130,988.3,1725,570,06-MAY-2024,
OPTIDX,BANKNIFTY,26-Jun-2024,49300.0,PE,1516.95,1638.8,1423.15,1565.9,1565.9,241,1836.9,2745,495,06-MAY-2024,
OPTIDX,BANKNIFTY,26-Jun-2024,49400.0,PE,1553.5,1681.0,1455.0,1612.0,1612.0,74,565.41,1920,195,06-MAY-2024,
OPTIDX,BANKNIFTY,26-Jun-2024,49500.0,PE,1572.7,1735.0,1475.0,1670.35,1670.35,1653,12675.22,59175,4500,06-MAY-2024,
OPTIDX,BANKNIFTY,26-Jun-2024,49600.0,PE,1660.0,1791.6,1600.05,1723.05,1723.05,63,484.67,1455,570,06-MAY-2024,
OPTIDX,BANKNIFTY,26-Jun-2024,49700.0,PE,1760.95,1813.0,1602.05,1790.6,1790.6,93,717.96,3165,285,06-MAY-2024,
OPTIDX,BANKNIFTY,26-Jun-2024,49800.0,PE,1693.6,1841.95,1666.85,1828.15,1828.15,67,518.16,3180,165,06-MAY-2024,
OPTIDX,BANKNIFTY,26-Jun-2024,49900.0,PE,1748.25,1904.95,1741.0,1901.6,1901.6,34,263.85,1545,0,06-MAY-2024,
OPTIDX,BANKNIFTY,26-Jun-2024,50000.0,PE,1870.15,2020.0,1737.95,1945.15,1945.15,1673,13025.01,54630,225,06-MAY-2024,
OPTIDX,BANKNIFTY,26-Jun-2024,50100.0,PE,1819.0,2027.25,1819.0,2007.5,1742.2,84,655.44,1455,345,06-MAY-2024,
OPTIDX,BANKNIFTY,26-Jun-2024,50200.0,PE,2000.0,2082.85,1888.05,2065.15,1801.6,17,133.07,915,210,06-MAY-2024,
OPTIDX,BANKNIFTY,26-Jun-2024,50300.0,PE,1963.65,2112.9,1963.65,2112.05,2112.05,9,70.72,840,-90,06-MAY-2024,
OPTIDX,BANKNIFTY,26-Jun-2024,50400.0,PE,2033.0,2244.05,2033.0,2178.8,1923.65,6,47.29,270,-15,06-MAY-2024,
OPTIDX,BANKNIFTY,26-Jun-2024,50500.0,PE,2200.0,2339.15,2049.95,2232.65,2232.65,177,1399.39,3420,660,06-MAY-2024,
OPTIDX,BANKNIFTY,26-Jun-2024,50600.0,PE,2196.5,2279.05,2196.5,2279.05,2049.95,2,15.85,210,0,06-MAY-2024,
OPTIDX,BANKNIFTY,26-Jun-2024,50700.0,PE,2344.6,2392.75,2272.55,2272.55,2114.7,5,39.78,165,75,06-MAY-2024,
OPTIDX,BANKNIFTY,26-Jun-2024,50800.0,PE,2296.6,2493.65,2296.6,2395.2,2180.45,9,71.8,210,30,06-MAY-2024,
OPTIDX,BANKNIFTY,26-Jun-2024,50900.0,PE,2459.35,2487.0,2443.2,2487.0,2247.25,3,24.01,45,15,06-MAY-2024,
OPTIDX,BANKNIFTY,26-Jun-2024,51000.0,PE,2398.4,2647.5,2382.2,2563.9,2563.9,286,2295.67,7020,840,06-MAY-2024,
OPTIDX,BANKNIFTY,26-Jun-2024,51100.0,PE,2444.65,2645.3,2444.65,2645.3,2383.8,6,48.27,165,75,06-MAY-2024,
OPTIDX,BANKNIFTY,26-Jun-2024,51200.0,PE,2620.0,2650.1,2599.3,2650.1,2453.55,3,24.22,90,45,06-MAY-2024,
OPTIDX,BANKNIFTY,26-Jun-2024,51300.0,PE,2762.0,2776.9,2762.0,2776.9,2524.25,2,16.22,165,0,06-MAY-2024,
OPTIDX,BANKNIFTY,26-Jun-2024,51400.0,PE,2818.95,2834.2,2666.8,2834.2,2834.2,6,48.75,165,90,06-MAY-2024,
OPTIDX,BANKNIFTY,26-Jun-2024,51500.0,PE,2681.25,3000.0,2681.25,2933.95,2933.95,11,89.7,780,60,06-MAY-2024,
OPTIDX,BANKNIFTY,26-Jun-2024,51600.0,PE,2937.65,2977.3,2854.2,2977.3,2977.3,6,49.07,210,90,06-MAY-2024,
OPTIDX,BANKNIFTY,26-Jun-2024,51700.0,PE,2872.65,3060.8,2822.2,2845.3,2818.5,8,65.54,285,120,06-MAY-2024,
OPTIDX,BANKNIFTY,26-Jun-2024,51800.0,PE,2930.05,3125.2,2930.05,3117.2,2893.9,6,49.36,225,75,06-MAY-2024,
OPTIDX,BANKNIFTY,26-Jun-2024,51900.0,PE,3113.75,3216.05,3018.95,3216.05,2968.1,4,33.0,225,45,06-MAY-2024,
OPTIDX,BANKNIFTY,26-Jun-2024,52000.0,PE,3272.3,3375.25,3075.0,3275.0,3275.0,33,273.33,6645,0,06-MAY-2024,
OPTIDX,BANKNIFTY,26-Jun-2024,52100.0,PE,3164.95,3354.1,3115.9,3344.05,3122.7,9,74.72,270,105,06-MAY-2024,
OPTIDX,BANKNIFTY,26-Jun-2024,52200.0,PE,3225.2,3366.1,3225.2,3366.1,3201.15,5,41.62,255,45,06-MAY-2024,
OPTIDX,BANKNIFTY,26-Jun-2024,52300.0,PE,3297.3,3505.9,3275.65,3504.2,3504.2,15,125.41,390,225,06-MAY-2024,
OPTIDX,BANKNIFTY,26-Jun-2024,52400.0,PE,3391.4,3587.15,3340.05,3572.3,3360.45,13,108.96,375,150,06-MAY-2024,
OPTIDX,BANKNIFTY,26-Jun-2024,52500.0,PE,3616.3,3767.5,3463.1,3638.1,3638.1,18,151.45,705,165,06-MAY-2024,
OPTIDX,BANKNIFTY,26-Jun-2024,53000.0,PE,3804.25,4150.0,3804.25,4074.05,4074.05,68,581.99,7275,435,06-MAY-2024,
OPTIDX,BANKNIFTY,26-Jun-2024,53500.0,PE,4483.15,4489.5,4330.05,4460.3,4284.55,15,130.28,1560,15,06-MAY-2024,
OPTIDX,BANKNIFTY,26-Jun-2024,54000.0,PE,4914.4,4914.4,4904.6,4905.0,4727.15,3,26.5,105,45,06-MAY-2024,
OPTIDX,BANKNIFTY,26-Jun-2024,54500.0,PE,0.0,0.0,0.0,4976.95,5180.75,0,0.0,45,0,06-MAY-2024,
OPTIDX,BANKNIFTY,26-Jun-2024,55000.0,PE,5750.0,5800.0,5625.0,5800.0,5643.5,14,127.54,1260,180,06-MAY-2024,
OPTIDX,BANKNIFTY,26-Jun-2024,55500.0,PE,0.0,0.0,0.0,5900.95,6113.65,0,0.0,15,0,06-MAY-2024,
OPTIDX,BANKNIFTY,26-Jun-2024,56000.0,PE,0.0,0.0,0.0,8270.75,6589.75,0,0.0,0,0,06-MAY-2024,
OPTIDX,BANKNIFTY,26-Jun-2024,56500.0,PE,0.0,0.0,0.0,8743.95,7070.55,0,0.0,0,0,06-MAY-2024,
OPTIDX,BANKNIFTY,26-Jun-2024,57000.0,PE,0.0,0.0,0.0,9967.6,7555.0,0,0.0,0,0,06-MAY-2024,
OPTIDX,BANKNIFTY,31-Jul-2024,40500.0,CE,0.0,0.0,0.0,8510.15,9098.8,0,0.0,0,0,06-MAY-2024,
OPTIDX,BANKNIFTY,31-Jul-2024,41000.0,CE,0.0,0.0,0.0,8034.1,8614.85,0,0.0,0,0,06-MAY-2024,
OPTIDX,BANKNIFTY,31-Jul-2024,41500.0,CE,0.0,0.0,0.0,7562.75,8133.85,0,0.0,0,0,06-MAY-2024,
OPTIDX,BANKNIFTY,31-Jul-2024,42000.0,CE,0.0,0.0,0.0,7097.1,7656.7,0,0.0,0,0,06-MAY-2024,
OPTIDX,BANKNIFTY,31-Jul-2024,42500.0,CE,0.0,0.0,0.0,5600.0,7184.45,0,0.0,15,0,06-MAY-2024,
OPTIDX,BANKNIFTY,31-Jul-2024,43000.0,CE,0.0,0.0,0.0,6187.9,6718.3,0,0.0,0,0,06-MAY-2024,
OPTIDX,BANKNIFTY,31-Jul-2024,43500.0,CE,0.0,0.0,0.0,5747.1,6259.55,0,0.0,0,0,06-MAY-2024,
OPTIDX,BANKNIFTY,31-Jul-2024,44000.0,CE,0.0,0.0,0.0,5317.35,5809.65,0,0.0,0,0,06-MAY-2024,
OPTIDX,BANKNIFTY,31-Jul-2024,44500.0,CE,0.0,0.0,0.0,4900.2,5370.15,0,0.0,0,0,06-MAY-2024,
OPTIDX,BANKNIFTY,31-Jul-2024,45000.0,CE,0.0,0.0,0.0,4497.05,4942.7,0,0.0,0,0,06-MAY-2024,
OPTIDX,BANKNIFTY,31-Jul-2024,45200.0,CE,0.0,0.0,0.0,4340.05,4775.45,0,0.0,0,0,06-MAY-2024,
OPTIDX,BANKNIFTY,31-Jul-2024,45300.0,CE,0.0,0.0,0.0,4262.5,4692.65,0,0.0,0,0,06-MAY-2024,
OPTIDX,BANKNIFTY,31-Jul-2024,45400.0,CE,0.0,0.0,0.0,4185.6,4610.45,0,0.0,0,0,06-MAY-2024,
OPTIDX,BANKNIFTY,31-Jul-2024,45500.0,CE,0.0,0.0,0.0,4109.4,4528.9,0,0.0,0,0,06-MAY-2024,
OPTIDX,BANKNIFTY,31-Jul-2024,45600.0,CE,0.0,0.0,0.0,4033.8,4447.9,0,0.0,0,0,06-MAY-2024,
OPTIDX,BANKNIFTY,31-Jul-2024,45700.0,CE,0.0,0.0,0.0,3958.95,4367.55,0,0.0,0,0,06-MAY-2024,
OPTIDX,BANKNIFTY,31-Jul-2024,45800.0,CE,0.0,0.0,0.0,3884.75,4287.85,0,0.0,0,0,06-MAY-2024,
OPTIDX,BANKNIFTY,31-Jul-2024,45900.0,CE,0.0,0.0,0.0,3813.1,4208.75,0,0.0,0,0,06-MAY-2024,
OPTIDX,BANKNIFTY,31-Jul-2024,46000.0,CE,0.0,0.0,0.0,3740.15,4130.35,0,0.0,0,0,06-MAY-2024,
OPTIDX,BANKNIFTY,31-Jul-2024,46100.0,CE,0.0,0.0,0.0,3667.95,4052.6,0,0.0,0,0,06-MAY-2024,
OPTIDX,BANKNIFTY,31-Jul-2024,46200.0,CE,0.0,0.0,0.0,3596.45,3975.55,0,0.0,0,0,06-MAY-2024,
OPTIDX,BANKNIFTY,31-Jul-2024,46300.0,CE,0.0,0.0,0.0,3525.75,3899.2,0,0.0,0,0,06-MAY-2024,
OPTIDX,BANKNIFTY,31-Jul-2024,46400.0,CE,0.0,0.0,0.0,3453.9,3823.55,0,0.0,0,0,06-MAY-2024,
OPTIDX,BANKNIFTY,31-Jul-2024,46500.0,CE,0.0,0.0,0.0,3384.8,3748.6,0,0.0,0,0,06-MAY-2024,
OPTIDX,BANKNIFTY,31-Jul-2024,46600.0,CE,0.0,0.0,0.0,3316.5,3674.4,0,0.0,0,0,06-MAY-2024,
OPTIDX,BANKNIFTY,31-Jul-2024,46700.0,CE,0.0,0.0,0.0,3248.95,3602.75,0,0.0,0,0,06-MAY-2024,
OPTIDX,BANKNIFTY,31-Jul-2024,46800.0,CE,0.0,0.0,0.0,3182.2,3529.85,0,0.0,0,0,06-MAY-2024,
OPTIDX,BANKNIFTY,31-Jul-2024,46900.0,CE,0.0,0.0,0.0,3116.2,3457.75,0,0.0,0,0,06-MAY-2024,
OPTIDX,BANKNIFTY,31-Jul-2024,47000.0,CE,0.0,0.0,0.0,3657.5,3386.4,0,0.0,60,0,06-MAY-2024,
OPTIDX,BANKNIFTY,31-Jul-2024,47100.0,CE,0.0,0.0,0.0,2986.6,3313.95,0,0.0,0,0,06-MAY-2024,
OPTIDX,BANKNIFTY,31-Jul-2024,47200.0,CE,0.0,0.0,0.0,2922.95,3244.35,0,0.0,0,0,06-MAY-2024,
OPTIDX,BANKNIFTY,31-Jul-2024,47300.0,CE,0.0,0.0,0.0,2860.15,3175.55,0,0.0,0,0,06-MAY-2024,
OPTIDX,BANKNIFTY,31-Jul-2024,47400.0,CE,0.0,0.0,0.0,2798.15,3107.55,0,0.0,0,0,06-MAY-2024,
OPTIDX,BANKNIFTY,31-Jul-2024,47500.0,CE,0.0,0.0,0.0,2737.0,3040.4,0,0.0,0,0,06-MAY-2024,
OPTIDX,BANKNIFTY,31-Jul-2024,47600.0,CE,0.0,0.0,0.0,2676.6,2974.0,0,0.0,0,0,06-MAY-2024,
OPTIDX,BANKNIFTY,31-Jul-2024,47700.0,CE,0.0,0.0,0.0,2617.05,2908.5,0,0.0,0,0,06-MAY-2024,
OPTIDX,BANKNIFTY,31-Jul-2024,47800.0,CE,0.0,0.0,0.0,2558.35,2843.8,0,0.0,0,0,06-MAY-2024,
OPTIDX,BANKNIFTY,31-Jul-2024,47900.0,CE,0.0,0.0,0.0,2500.45,2779.95,0,0.0,0,0,06-MAY-2024,
OPTIDX,BANKNIFTY,31-Jul-2024,48000.0,CE,2799.95,2800.0,2630.0,2680.95,2680.95,59,448.6,1545,345,06-MAY-2024,
OPTIDX,BANKNIFTY,31-Jul-2024,48100.0,CE,0.0,0.0,0.0,2387.1,2654.8,0,0.0,0,0,06-MAY-2024,
OPTIDX,BANKNIFTY,31-Jul-2024,48200.0,CE,0.0,0.0,0.0,2766.2,2593.5,0,0.0,30,0,06-MAY-2024,
OPTIDX,BANKNIFTY,31-Jul-2024,48300.0,CE,0.0,0.0,0.0,2531.9,2533.05,0,0.0,15,0,06-MAY-2024,
OPTIDX,BANKNIFTY,31-Jul-2024,48400.0,CE,0.0,0.0,0.0,1974.1,2473.45,0,0.0,15,0,06-MAY-2024,
OPTIDX,BANKNIFTY,31-Jul-2024,48500.0,CE,2395.0,2500.0,2292.2,2380.2,2414.75,24,183.36,1950,-60,06-MAY-2024,
OPTIDX,BANKNIFTY,31-Jul-2024,48600.0,CE,0.0,0.0,0.0,2118.4,2356.95,0,0.0,0,0,06-MAY-2024,
OPTIDX,BANKNIFTY,31-Jul-2024,48700.0,CE,0.0,0.0,0.0,2067.15,2299.95,0,0.0,0,0,06-MAY-2024,
OPTIDX,BANKNIFTY,31-Jul-2024,48800.0,CE,2242.0,2242.0,2242.0,2242.0,2242.0,1,7.65,15,15,06-MAY-2024,
OPTIDX,BANKNIFTY,31-Jul-2024,48900.0,CE,2187.85,2187.85,2187.85,2187.85,2187.85,1,7.66,15,15,06-MAY-2024,
OPTIDX,BANKNIFTY,31-Jul-2024,49000.0,CE,2039.6,2250.45,2000.0,2070.0,2070.0,72,552.06,1260,30,06-MAY-2024,
OPTIDX,BANKNIFTY,31-Jul-2024,49100.0,CE,0.0,0.0,0.0,1870.35,2080.9,0,0.0,0,0,06-MAY-2024,
OPTIDX,BANKNIFTY,31-Jul-2024,49200.0,CE,0.0,0.0,0.0,1823.25,2028.35,0,0.0,0,0,06-MAY-2024,
OPTIDX,BANKNIFTY,31-Jul-2024,49300.0,CE,0.0,0.0,0.0,1776.95,1976.65,0,0.0,0,0,06-MAY-2024,
OPTIDX,BANKNIFTY,31-Jul-2024,49400.0,CE,0.0,0.0,0.0,1731.55,1925.85,0,0.0,0,0,06-MAY-2024,
OPTIDX,BANKNIFTY,31-Jul-2024,49500.0,CE,1865.6,1950.0,1740.0,1807.5,1807.5,89,685.4,1455,480,06-MAY-2024,
OPTIDX,BANKNIFTY,31-Jul-2024,49600.0,CE,0.0,0.0,0.0,1643.1,1826.7,0,0.0,0,0,06-MAY-2024,
OPTIDX,BANKNIFTY,31-Jul-2024,49700.0,CE,0.0,0.0,0.0,1600.1,1778.55,0,0.0,0,0,06-MAY-2024,
OPTIDX,BANKNIFTY,31-Jul-2024,49800.0,CE,0.0,0.0,0.0,1557.9,1731.25,0,0.0,0,0,06-MAY-2024,
OPTIDX,BANKNIFTY,31-Jul-2024,49900.0,CE,0.0,0.0,0.0,1516.5,1684.8,0,0.0,0,0,06-MAY-2024,
OPTIDX,BANKNIFTY,31-Jul-2024,50000.0,CE,1586.75,1724.0,1500.0,1583.45,1583.45,154,1192.25,3750,705,06-MAY-2024,
OPTIDX,BANKNIFTY,31-Jul-2024,50100.0,CE,0.0,0.0,0.0,1436.1,1594.55,0,0.0,0,0,06-MAY-2024,
OPTIDX,BANKNIFTY,31-Jul-2024,50200.0,CE,0.0,0.0,0.0,1589.85,1550.75,0,0.0,30,0,06-MAY-2024,
OPTIDX,BANKNIFTY,31-Jul-2024,50300.0,CE,0.0,0.0,0.0,1358.9,1507.75,0,0.0,0,0,06-MAY-2024,
OPTIDX,BANKNIFTY,31-Jul-2024,50400.0,CE,0.0,0.0,0.0,1693.2,1465.65,0,0.0,15,0,06-MAY-2024,
OPTIDX,BANKNIFTY,31-Jul-2024,50500.0,CE,1480.95,1480.95,1480.95,1480.95,1424.35,1,7.79,285,0,06-MAY-2024,
OPTIDX,BANKNIFTY,31-Jul-2024,50600.0,CE,0.0,0.0,0.0,1248.8,1383.95,0,0.0,0,0,06-MAY-2024,
OPTIDX,BANKNIFTY,31-Jul-2024,50700.0,CE,0.0,0.0,0.0,1213.6,1344.35,0,0.0,0,0,06-MAY-2024,
OPTIDX,BANKNIFTY,31-Jul-2024,50800.0,CE,0.0,0.0,0.0,1179.2,1305.55,0,0.0,0,0,06-MAY-2024,
OPTIDX,BANKNIFTY,31-Jul-2024,50900.0,CE,0.0,0.0,0.0,1145.5,1267.6,0,0.0,0,0,06-MAY-2024,
OPTIDX,BANKNIFTY,31-Jul-2024,51000.0,CE,1222.75,1282.85,1150.0,1205.0,1230.5,41,321.16,1920,270,06-MAY-2024,
OPTIDX,BANKNIFTY,31-Jul-2024,51100.0,CE,0.0,0.0,0.0,1080.35,1194.15,0,0.0,0,0,06-MAY-2024,
OPTIDX,BANKNIFTY,31-Jul-2024,51200.0,CE,0.0,0.0,0.0,1048.8,1158.65,0,0.0,0,0,06-MAY-2024,
OPTIDX,BANKNIFTY,31-Jul-2024,51300.0,CE,0.0,0.0,0.0,1018.0,1123.9,0,0.0,0,0,06-MAY-2024,
OPTIDX,BANKNIFTY,31-Jul-2024,51400.0,CE,0.0,0.0,0.0,987.9,1090.0,0,0.0,0,0,06-MAY-2024,
OPTIDX,BANKNIFTY,31-Jul-2024,51500.0,CE,0.0,0.0,0.0,969.1,1056.8,0,0.0,765,0,06-MAY-2024,
OPTIDX,BANKNIFTY,31-Jul-2024,51600.0,CE,0.0,0.0,0.0,929.8,1024.4,0,0.0,0,0,06-MAY-2024,
OPTIDX,BANKNIFTY,31-Jul-2024,51700.0,CE,0.0,0.0,0.0,901.75,992.8,0,0.0,0,0,06-MAY-2024,
OPTIDX,BANKNIFTY,31-Jul-2024,51800.0,CE,0.0,0.0,0.0,874.35,961.9,0,0.0,0,0,06-MAY-2024,
OPTIDX,BANKNIFTY,31-Jul-2024,51900.0,CE,0.0,0.0,0.0,847.65,931.75,0,0.0,0,0,06-MAY-2024,
OPTIDX,BANKNIFTY,31-Jul-2024,52000.0,CE,830.0,918.0,794.5,825.0,825.0,68,539.09,2205,495,06-MAY-2024,
OPTIDX,BANKNIFTY,31-Jul-2024,52100.0,CE,0.0,0.0,0.0,796.1,873.7,0,0.0,0,0,06-MAY-2024,
OPTIDX,BANKNIFTY,31-Jul-2024,52200.0,CE,0.0,0.0,0.0,773.5,845.7,0,0.0,0,0,06-MAY-2024,
OPTIDX,BANKNIFTY,31-Jul-2024,52300.0,CE,0.0,0.0,0.0,749.45,818.45,0,0.0,0,0,06-MAY-2024,
OPTIDX,BANKNIFTY,31-Jul-2024,52400.0,CE,0.0,0.0,0.0,726.05,791.9,0,0.0,0,0,06-MAY-2024,
OPTIDX,BANKNIFTY,31-Jul-2024,52500.0,CE,0.0,0.0,0.0,703.25,766.0,0,0.0,0,0,06-MAY-2024,
OPTIDX,BANKNIFTY,31-Jul-2024,53000.0,CE,630.0,653.0,540.0,588.9,588.9,65,522.68,5070,105,06-MAY-2024,
OPTIDX,BANKNIFTY,31-Jul-2024,53500.0,CE,0.0,0.0,0.0,502.7,543.3,0,0.0,0,0,06-MAY-2024,
OPTIDX,BANKNIFTY,31-Jul-2024,54000.0,CE,360.0,449.2,360.0,402.0,402.0,62,506.0,900,210,06-MAY-2024,
OPTIDX,BANKNIFTY,31-Jul-2024,54500.0,CE,0.0,0.0,0.0,410.65,376.2,0,0.0,15,0,06-MAY-2024,
OPTIDX,BANKNIFTY,31-Jul-2024,55000.0,CE,300.0,324.0,285.8,299.6,299.6,86,713.33,2685,375,06-MAY-2024,
OPTIDX,BANKNIFTY,31-Jul-2024,55500.0,CE,0.0,0.0,0.0,208.05,254.55,0,0.0,45,0,06-MAY-2024,
OPTIDX,BANKNIFTY,31-Jul-2024,56000.0,CE,159.15,194.3,159.15,194.3,194.3,6,50.56,285,30,06-MAY-2024,
OPTIDX,BANKNIFTY,31-Jul-2024,56500.0,CE,187.8,187.8,187.8,187.8,168.4,1,8.5,90,15,06-MAY-2024,
OPTIDX,BANKNIFTY,31-Jul-2024,57000.0,CE,149.0,149.9,129.95,143.55,143.55,43,368.53,870,420,06-MAY-2024,
OPTIDX,BANKNIFTY,31-Jul-2024,40500.0,PE,0.0,0.0,0.0,35.05,15.65,0,0.0,0,0,06-MAY-2024,
OPTIDX,BANKNIFTY,31-Jul-2024,41000.0,PE,0.0,0.0,0.0,49.35,23.2,0,0.0,0,0,06-MAY-2024,
OPTIDX,BANKNIFTY,31-Jul-2024,41500.0,PE,0.0,0.0,0.0,68.3,33.75,0,0.0,0,0,06-MAY-2024,
OPTIDX,BANKNIFTY,31-Jul-2024,42000.0,PE,0.0,0.0,0.0,92.95,48.1,0,0.0,0,0,06-MAY-2024,
OPTIDX,BANKNIFTY,31-Jul-2024,42500.0,PE,0.0,0.0,0.0,124.5,67.35,0,0.0,0,0,06-MAY-2024,
OPTIDX,BANKNIFTY,31-Jul-2024,43000.0,PE,0.0,0.0,0.0,164.35,92.7,0,0.0,0,0,06-MAY-2024,
OPTIDX,BANKNIFTY,31-Jul-2024,43500.0,PE,0.0,0.0,0.0,213.8,125.45,0,0.0,0,0,06-MAY-2024,
OPTIDX,BANKNIFTY,31-Jul-2024,44000.0,PE,250.0,330.95,215.3,269.5,269.5,735,4878.95,6735,3045,06-MAY-2024,
OPTIDX,BANKNIFTY,31-Jul-2024,44500.0,PE,0.0,0.0,0.0,347.5,219.1,0,0.0,0,0,06-MAY-2024,
OPTIDX,BANKNIFTY,31-Jul-2024,45000.0,PE,360.0,405.45,334.65,390.1,390.1,452,3076.03,8940,3120,06-MAY-2024,
OPTIDX,BANKNIFTY,31-Jul-2024,45200.0,PE,0.0,0.0,0.0,473.75,312.5,0,0.0,0,0,06-MAY-2024,
OPTIDX,BANKNIFTY,31-Jul-2024,45300.0,PE,0.0,0.0,0.0,494.3,328.0,0,0.0,0,0,06-MAY-2024,
OPTIDX,BANKNIFTY,31-Jul-2024,45400.0,PE,0.0,0.0,0.0,276.05,344.1,0,0.0,0,0,06-MAY-2024,
OPTIDX,BANKNIFTY,31-Jul-2024,45500.0,PE,0.0,0.0,0.0,537.25,360.85,0,0.0,0,0,06-MAY-2024,
OPTIDX,BANKNIFTY,31-Jul-2024,45600.0,PE,0.0,0.0,0.0,559.75,378.15,0,0.0,0,0,06-MAY-2024,
OPTIDX,BANKNIFTY,31-Jul-2024,45700.0,PE,0.0,0.0,0.0,582.95,396.1,0,0.0,0,0,06-MAY-2024,
OPTIDX,BANKNIFTY,31-Jul-2024,45800.0,PE,0.0,0.0,0.0,606.8,414.7,0,0.0,0,0,06-MAY-2024,
OPTIDX,BANKNIFTY,31-Jul-2024,45900.0,PE,0.0,0.0,0.0,633.2,433.9,0,0.0,0,0,06-MAY-2024,
OPTIDX,BANKNIFTY,31-Jul-2024,46000.0,PE,555.0,587.95,514.4,561.3,561.3,311,2171.3,12900,1740,06-MAY-2024,
OPTIDX,BANKNIFTY,31-Jul-2024,46100.0,PE,0.0,0.0,0.0,684.2,474.35,0,0.0,0,0,06-MAY-2024,
OPTIDX,BANKNIFTY,31-Jul-2024,46200.0,PE,0.0,0.0,0.0,710.75,495.6,0,0.0,0,0,06-MAY-2024,
OPTIDX,BANKNIFTY,31-Jul-2024,46300.0,PE,0.0,0.0,0.0,523.05,517.55,0,0.0,90,0,06-MAY-2024,
OPTIDX,BANKNIFTY,31-Jul-2024,46400.0,PE,0.0,0.0,0.0,764.3,540.2,0,0.0,0,0,06-MAY-2024,
OPTIDX,BANKNIFTY,31-Jul-2024,46500.0,PE,700.0,700.0,690.0,690.0,563.55,58,410.61,1095,870,06-MAY-2024,
OPTIDX,BANKNIFTY,31-Jul-2024,46600.0,PE,0.0,0.0,0.0,823.05,587.65,0,0.0,0,0,06-MAY-2024,
OPTIDX,BANKNIFTY,31-Jul-2024,46700.0,PE,0.0,0.0,0.0,853.55,614.3,0,0.0,0,0,06-MAY-2024,
OPTIDX,BANKNIFTY,31-Jul-2024,46800.0,PE,0.0,0.0,0.0,884.85,639.75,0,0.0,0,0,06-MAY-2024,
OPTIDX,BANKNIFTY,31-Jul-2024,46900.0,PE,0.0,0.0,0.0,916.9,665.9,0,0.0,0,0,06-MAY-2024,
OPTIDX,BANKNIFTY,31-Jul-2024,47000.0,PE,783.8,833.1,714.5,799.85,799.85,323,2314.71,8970,1845,06-MAY-2024,
OPTIDX,BANKNIFTY,31-Jul-2024,47100.0,PE,0.0,0.0,0.0,983.4,718.75,0,0.0,0,0,06-MAY-2024,
OPTIDX,BANKNIFTY,31-Jul-2024,47200.0,PE,0.0,0.0,0.0,950.0,747.45,0,0.0,15,0,06-MAY-2024,
OPTIDX,BANKNIFTY,31-Jul-2024,47300.0,PE,0.0,0.0,0.0,1053.1,776.95,0,0.0,0,0,06-MAY-2024,
OPTIDX,BANKNIFTY,31-Jul-2024,47400.0,PE,0.0,0.0,0.0,1089.15,807.25,0,0.0,0,0,06-MAY-2024,
OPTIDX,BANKNIFTY,31-Jul-2024,47500.0,PE,881.95,910.3,881.95,910.3,910.3,2,14.51,885,0,06-MAY-2024,
OPTIDX,BANKNIFTY,31-Jul-2024,47600.0,PE,0.0,0.0,0.0,1163.75,870.3,0,0.0,0,0,06-MAY-2024,
OPTIDX,BANKNIFTY,31-Jul-2024,47700.0,PE,0.0,0.0,0.0,1202.25,903.1,0,0.0,0,0,06-MAY-2024,
OPTIDX,BANKNIFTY,31-Jul-2024,47800.0,PE,0.0,0.0,0.0,1241.55,936.7,0,0.0,0,0,06-MAY-2024,
OPTIDX,BANKNIFTY,31-Jul-2024,47900.0,PE,0.0,0.0,0.0,1281.75,971.15,0,0.0,0,0,06-MAY-2024,
OPTIDX,BANKNIFTY,31-Jul-2024,48000.0,PE,1090.0,1165.85,1000.0,1116.3,1116.3,260,1914.32,5940,1140,06-MAY-2024,
OPTIDX,BANKNIFTY,31-Jul-2024,48100.0,PE,0.0,0.0,0.0,1364.55,1042.6,0,0.0,0,0,06-MAY-2024,
OPTIDX,BANKNIFTY,31-Jul-2024,48200.0,PE,0.0,0.0,0.0,1407.2,1079.6,0,0.0,0,0,06-MAY-2024,
OPTIDX,BANKNIFTY,31-Jul-2024,48300.0,PE,0.0,0.0,0.0,1304.95,1117.45,0,0.0,15,0,06-MAY-2024,
OPTIDX,BANKNIFTY,31-Jul-2024,48400.0,PE,0.0,0.0,0.0,1495.0,1156.15,0,0.0,0,0,06-MAY-2024,
OPTIDX,BANKNIFTY,31-Jul-2024,48500.0,PE,1172.95,1363.6,1172.95,1305.0,1305.0,85,634.42,4590,45,06-MAY-2024,
OPTIDX,BANKNIFTY,31-Jul-2024,48600.0,PE,0.0,0.0,0.0,1586.1,1236.25,0,0.0,0,0,06-MAY-2024,
OPTIDX,BANKNIFTY,31-Jul-2024,48700.0,PE,0.0,0.0,0.0,1446.45,1277.6,0,0.0,15,0,06-MAY-2024,
OPTIDX,BANKNIFTY,31-Jul-2024,48800.0,PE,0.0,0.0,0.0,1680.6,1319.8,0,0.0,0,0,06-MAY-2024,
OPTIDX,BANKNIFTY,31-Jul-2024,48900.0,PE,0.0,0.0,0.0,1729.05,1362.9,0,0.0,0,0,06-MAY-2024,
OPTIDX,BANKNIFTY,31-Jul-2024,49000.0,PE,1466.1,1594.2,1362.95,1528.35,1528.35,278,2104.61,5910,1020,06-MAY-2024,
OPTIDX,BANKNIFTY,31-Jul-2024,49100.0,PE,0.0,0.0,0.0,1281.65,1451.75,0,0.0,30,0,06-MAY-2024,
OPTIDX,BANKNIFTY,31-Jul-2024,49200.0,PE,0.0,0.0,0.0,1370.2,1497.45,0,0.0,330,0,06-MAY-2024,
OPTIDX,BANKNIFTY,31-Jul-2024,49300.0,PE,1480.6,1661.45,1480.6,1661.45,1544.1,5,38.15,45,-30,06-MAY-2024,
OPTIDX,BANKNIFTY,31-Jul-2024,49400.0,PE,0.0,0.0,0.0,1484.35,1591.6,0,0.0,90,0,06-MAY-2024,
OPTIDX,BANKNIFTY,31-Jul-2024,49500.0,PE,1700.0,1812.05,1595.25,1781.05,1781.05,84,645.23,1830,405,06-MAY-2024,
OPTIDX,BANKNIFTY,31-Jul-2024,49600.0,PE,0.0,0.0,0.0,2091.4,1689.05,0,0.0,0,0,06-MAY-2024,
OPTIDX,BANKNIFTY,31-Jul-2024,49700.0,PE,0.0,0.0,0.0,2146.45,1739.15,0,0.0,0,0,06-MAY-2024,
OPTIDX,BANKNIFTY,31-Jul-2024,49800.0,PE,0.0,0.0,0.0,2202.35,1790.15,0,0.0,0,0,06-MAY-2024,
OPTIDX,BANKNIFTY,31-Jul-2024,49900.0,PE,0.0,0.0,0.0,2259.0,1842.05,0,0.0,0,0,06-MAY-2024,
OPTIDX,BANKNIFTY,31-Jul-2024,50000.0,PE,1943.25,2068.75,1804.4,1967.75,1967.75,89,693.87,4215,240,06-MAY-2024,
OPTIDX,BANKNIFTY,31-Jul-2024,50100.0,PE,0.0,0.0,0.0,2374.7,1948.4,0,0.0,0,0,06-MAY-2024,
OPTIDX,BANKNIFTY,31-Jul-2024,50200.0,PE,0.0,0.0,0.0,2433.75,2002.85,0,0.0,0,0,06-MAY-2024,
OPTIDX,BANKNIFTY,31-Jul-2024,50300.0,PE,0.0,0.0,0.0,2493.6,2058.2,0,0.0,0,0,06-MAY-2024,
OPTIDX,BANKNIFTY,31-Jul-2024,50400.0,PE,0.0,0.0,0.0,2554.2,2114.4,0,0.0,0,0,06-MAY-2024,
OPTIDX,BANKNIFTY,31-Jul-2024,50500.0,PE,0.0,0.0,0.0,1850.0,2171.4,0,0.0,15,0,06-MAY-2024,
OPTIDX,BANKNIFTY,31-Jul-2024,50600.0,PE,0.0,0.0,0.0,2677.7,2229.25,0,0.0,0,0,06-MAY-2024,
OPTIDX,BANKNIFTY,31-Jul-2024,50700.0,PE,0.0,0.0,0.0,2740.6,2287.95,0,0.0,0,0,06-MAY-2024,
OPTIDX,BANKNIFTY,31-Jul-2024,50800.0,PE,0.0,0.0,0.0,2804.2,2347.5,0,0.0,0,0,06-MAY-2024,
OPTIDX,BANKNIFTY,31-Jul-2024,50900.0,PE,0.0,0.0,0.0,2868.6,2407.85,0,0.0,0,0,06-MAY-2024,
OPTIDX,BANKNIFTY,31-Jul-2024,51000.0,PE,2450.0,2536.75,2450.0,2450.0,2469.05,11,88.21,1110,15,06-MAY-2024,
OPTIDX,BANKNIFTY,31-Jul-2024,51100.0,PE,0.0,0.0,0.0,2999.5,2531.0,0,0.0,0,0,06-MAY-2024,
OPTIDX,BANKNIFTY,31-Jul-2024,51200.0,PE,0.0,0.0,0.0,3066.05,2593.8,0,0.0,0,0,06-MAY-2024,
OPTIDX,BANKNIFTY,31-Jul-2024,51300.0,PE,0.0,0.0,0.0,3133.35,2657.35,0,0.0,0,0,06-MAY-2024,
OPTIDX,BANKNIFTY,31-Jul-2024,51400.0,PE,0.0,0.0,0.0,3201.3,2721.75,0,0.0,0,0,06-MAY-2024,
OPTIDX,BANKNIFTY,31-Jul-2024,51500.0,PE,0.0,0.0,0.0,3269.95,2786.85,0,0.0,0,0,06-MAY-2024,
OPTIDX,BANKNIFTY,31-Jul-2024,51600.0,PE,0.0,0.0,0.0,3339.25,2852.8,0,0.0,0,0,06-MAY-2024,
OPTIDX,BANKNIFTY,31-Jul-2024,51700.0,PE,0.0,0.0,0.0,3409.3,2919.45,0,0.0,0,0,06-MAY-2024,
OPTIDX,BANKNIFTY,31-Jul-2024,51800.0,PE,0.0,0.0,0.0,3479.95,2986.85,0,0.0,0,0,06-MAY-2024,
OPTIDX,BANKNIFTY,31-Jul-2024,51900.0,PE,0.0,0.0,0.0,3551.3,3055.05,0,0.0,0,0,06-MAY-2024,
OPTIDX,BANKNIFTY,31-Jul-2024,52000.0,PE,0.0,0.0,0.0,3623.3,3123.95,0,0.0,0,0,06-MAY-2024,
OPTIDX,BANKNIFTY,31-Jul-2024,52100.0,PE,0.0,0.0,0.0,3695.9,3193.55,0,0.0,0,0,06-MAY-2024,
OPTIDX,BANKNIFTY,31-Jul-2024,52200.0,PE,0.0,0.0,0.0,3771.35,3263.9,0,0.0,0,0,06-MAY-2024,
OPTIDX,BANKNIFTY,31-Jul-2024,52300.0,PE,0.0,0.0,0.0,3845.35,3334.9,0,0.0,0,0,06-MAY-2024,
OPTIDX,BANKNIFTY,31-Jul-2024,52400.0,PE,0.0,0.0,0.0,3920.0,3406.65,0,0.0,0,0,06-MAY-2024,
OPTIDX,BANKNIFTY,31-Jul-2024,52500.0,PE,0.0,0.0,0.0,3995.25,3479.05,0,0.0,0,0,06-MAY-2024,
OPTIDX,BANKNIFTY,31-Jul-2024,53000.0,PE,0.0,0.0,0.0,4377.6,3853.85,0,0.0,0,0,06-MAY-2024,
OPTIDX,BANKNIFTY,31-Jul-2024,53500.0,PE,0.0,0.0,0.0,4775.3,4239.4,0,0.0,0,0,06-MAY-2024,
OPTIDX,BANKNIFTY,31-Jul-2024,54000.0,PE,0.0,0.0,0.0,5185.25,4641.0,0,0.0,0,0,06-MAY-2024,
OPTIDX,BANKNIFTY,31-Jul-2024,54500.0,PE,0.0,0.0,0.0,5606.25,5055.3,0,0.0,0,0,06-MAY-2024,
OPTIDX,BANKNIFTY,31-Jul-2024,55000.0,PE,0.0,0.0,0.0,5300.0,5480.95,0,0.0,30,0,06-MAY-2024,
OPTIDX,BANKNIFTY,31-Jul-2024,55500.0,PE,0.0,0.0,0.0,6476.85,5916.65,0,0.0,0,0,06-MAY-2024,
OPTIDX,BANKNIFTY,31-Jul-2024,56000.0,PE,0.0,0.0,0.0,6924.3,6361.25,0,0.0,0,0,06-MAY-2024,
OPTIDX,BANKNIFTY,31-Jul-2024,56500.0,PE,0.0,0.0,0.0,7378.5,6813.5,0,0.0,0,0,06-MAY-2024,
OPTIDX,BANKNIFTY,31-Jul-2024,57000.0,PE,0.0,0.0,0.0,7838.55,7272.45,0,0.0,0,0,06-MAY-2024,
OPTIDX,BANKNIFTY,25-Sep-2024,37500.0,CE,0.0,0.0,0.0,9825.55,12450.0,0,0.0,0,0,06-MAY-2024,
OPTIDX,BANKNIFTY,25-Sep-2024,39000.0,CE,0.0,0.0,0.0,8650.65,11007.8,0,0.0,0,0,06-MAY-2024,
OPTIDX,BANKNIFTY,25-Sep-2024,40500.0,CE,0.0,0.0,0.0,7880.0,9586.0,0,0.0,30,0,06-MAY-2024,
OPTIDX,BANKNIFTY,25-Sep-2024,42000.0,CE,0.0,0.0,0.0,6700.2,8200.85,0,0.0,75,0,06-MAY-2024,
OPTIDX,BANKNIFTY,25-Sep-2024,43500.0,CE,0.0,0.0,0.0,5765.0,6874.55,0,0.0,75,0,06-MAY-2024,
OPTIDX,BANKNIFTY,25-Sep-2024,45000.0,CE,5253.65,5253.85,5253.65,5253.8,5632.95,65,489.97,2880,-975,06-MAY-2024,
OPTIDX,BANKNIFTY,25-Sep-2024,46500.0,CE,0.0,0.0,0.0,4147.6,4503.5,0,0.0,3330,0,06-MAY-2024,
OPTIDX,BANKNIFTY,25-Sep-2024,48000.0,CE,3184.35,3184.35,3100.0,3100.0,3503.0,23,176.41,5430,-105,06-MAY-2024,
OPTIDX,BANKNIFTY,25-Sep-2024,49500.0,CE,2309.85,2509.0,2309.85,2382.35,2382.35,11,85.65,2775,-15,06-MAY-2024,
OPTIDX,BANKNIFTY,25-Sep-2024,51000.0,CE,1623.15,1783.75,1618.9,1647.6,1951.3,15,118.47,5130,-45,06-MAY-2024,
OPTIDX,BANKNIFTY,25-Sep-2024,52500.0,CE,1180.0,1180.0,1032.25,1134.0,1395.45,11,88.47,3210,15,06-MAY-2024,
OPTIDX,BANKNIFTY,25-Sep-2024,54000.0,CE,0.0,0.0,0.0,1482.7,972.2,0,0.0,0,0,06-MAY-2024,
OPTIDX,BANKNIFTY,25-Sep-2024,55500.0,CE,0.0,0.0,0.0,1188.35,656.95,0,0.0,0,0,06-MAY-2024,
OPTIDX,BANKNIFTY,25-Sep-2024,57000.0,CE,0.0,0.0,0.0,946.75,432.6,0,0.0,0,0,06-MAY-2024,
OPTIDX,BANKNIFTY,25-Sep-2024,37500.0,PE,0.0,0.0,0.0,436.85,8.9,0,0.0,0,0,06-MAY-2024,
OPTIDX,BANKNIFTY,25-Sep-2024,39000.0,PE,0.0,0.0,0.0,63.55,24.95,0,0.0,105,0,06-MAY-2024,
OPTIDX,BANKNIFTY,25-Sep-2024,40500.0,PE,0.0,0.0,0.0,951.45,61.25,0,0.0,0,0,06-MAY-2024,
OPTIDX,BANKNIFTY,25-Sep-2024,42000.0,PE,162.4,162.4,162.4,162.4,134.3,1,6.32,1500,0,06-MAY-2024,
OPTIDX,BANKNIFTY,25-Sep-2024,43500.0,PE,0.0,0.0,0.0,1783.7,266.2,0,0.0,0,0,06-MAY-2024,
OPTIDX,BANKNIFTY,25-Sep-2024,45000.0,PE,405.0,450.0,380.0,427.65,427.65,304,2070.37,18975,1860,06-MAY-2024,
OPTIDX,BANKNIFTY,25-Sep-2024,46500.0,PE,665.75,690.0,665.75,690.0,811.45,33,233.47,6540,405,06-MAY-2024,
OPTIDX,BANKNIFTY,25-Sep-2024,48000.0,PE,1092.0,1200.0,1074.95,1183.9,1183.9,442,3255.83,13215,-1935,06-MAY-2024,
OPTIDX,BANKNIFTY,25-Sep-2024,49500.0,PE,0.0,0.0,0.0,4531.5,1876.2,0,0.0,0,0,06-MAY-2024,
OPTIDX,BANKNIFTY,25-Sep-2024,51000.0,PE,2413.45,2580.0,2395.0,2550.0,2550.0,38,304.59,6090,-150,06-MAY-2024,
OPTIDX,BANKNIFTY,25-Sep-2024,52500.0,PE,0.0,0.0,0.0,6409.3,3536.05,0,0.0,0,0,06-MAY-2024,
OPTIDX,BANKNIFTY,25-Sep-2024,54000.0,PE,0.0,0.0,0.0,7455.35,4571.0,0,0.0,0,0,06-MAY-2024,
OPTIDX,BANKNIFTY,25-Sep-2024,55500.0,PE,0.0,0.0,0.0,8557.5,5713.9,0,0.0,0,0,06-MAY-2024,
OPTIDX,BANKNIFTY,25-Sep-2024,57000.0,PE,0.0,0.0,0.0,9712.35,6947.7,0,0.0,0,0,06-MAY-2024,
OPTIDX,BANKNIFTY,24-Dec-2024,37500.0,CE,0.0,0.0,0.0,13762.65,13128.75,0,0.0,0,0,06-MAY-2024,
OPTIDX,BANKNIFTY,24-Dec-2024,39000.0,CE,0.0,0.0,0.0,12453.85,11738.8,0,0.0,0,0,06-MAY-2024,
OPTIDX,BANKNIFTY,24-Dec-2024,40500.0,CE,0.0,0.0,0.0,11185.15,10380.55,0,0.0,0,0,06-MAY-2024,
OPTIDX,BANKNIFTY,24-Dec-2024,42000.0,CE,0.0,0.0,0.0,9966.7,9068.25,0,0.0,0,0,06-MAY-2024,
OPTIDX,BANKNIFTY,24-Dec-2024,43500.0,CE,0.0,0.0,0.0,8808.5,7817.95,0,0.0,0,0,06-MAY-2024,
OPTIDX,BANKNIFTY,24-Dec-2024,45000.0,CE,0.0,0.0,0.0,7719.75,6645.75,0,0.0,0,0,06-MAY-2024,
OPTIDX,BANKNIFTY,24-Dec-2024,46500.0,CE,0.0,0.0,0.0,6708.95,5567.75,0,0.0,0,0,06-MAY-2024,
OPTIDX,BANKNIFTY,24-Dec-2024,48000.0,CE,0.0,0.0,0.0,5778.25,4591.15,0,0.0,0,0,06-MAY-2024,
OPTIDX,BANKNIFTY,24-Dec-2024,49500.0,CE,3200.0,3400.6,3150.0,3163.35,3729.45,7,55.34,2580,-15,06-MAY-2024,
OPTIDX,BANKNIFTY,24-Dec-2024,51000.0,CE,2338.6,2540.0,2300.0,2374.95,2982.65,66,529.32,1560,0,06-MAY-2024,
OPTIDX,BANKNIFTY,24-Dec-2024,52500.0,CE,0.0,0.0,0.0,3513.25,2348.9,0,0.0,0,0,06-MAY-2024,
OPTIDX,BANKNIFTY,24-Dec-2024,54000.0,CE,1250.0,1250.0,1122.8,1129.0,1821.85,69,571.79,5580,-705,06-MAY-2024,
OPTIDX,BANKNIFTY,24-Dec-2024,55500.0,CE,0.0,0.0,0.0,2421.65,1392.25,0,0.0,0,0,06-MAY-2024,
OPTIDX,BANKNIFTY,24-Dec-2024,57000.0,CE,0.0,0.0,0.0,1987.75,1052.0,0,0.0,0,0,06-MAY-2024,
OPTIDX,BANKNIFTY,24-Dec-2024,37500.0,PE,0.0,0.0,0.0,128.05,40.0,0,0.0,0,0,06-MAY-2024,
OPTIDX,BANKNIFTY,24-Dec-2024,39000.0,PE,0.0,0.0,0.0,214.2,82.35,0,0.0,0,0,06-MAY-2024,
OPTIDX,BANKNIFTY,24-Dec-2024,40500.0,PE,0.0,0.0,0.0,340.45,156.35,0,0.0,0,0,06-MAY-2024,
OPTIDX,BANKNIFTY,24-Dec-2024,42000.0,PE,0.0,0.0,0.0,516.95,276.35,0,0.0,0,0,06-MAY-2024,
OPTIDX,BANKNIFTY,24-Dec-2024,43500.0,PE,0.0,0.0,0.0,249.95,458.25,0,0.0,435,0,06-MAY-2024,
OPTIDX,BANKNIFTY,24-Dec-2024,45000.0,PE,530.0,562.0,500.0,550.65,550.65,76,519.11,6420,-60,06-MAY-2024,
OPTIDX,BANKNIFTY,24-Dec-2024,46500.0,PE,760.0,900.0,760.0,889.55,1072.6,35,248.48,3210,195,06-MAY-2024,
OPTIDX,BANKNIFTY,24-Dec-2024,48000.0,PE,1166.0,1272.0,1009.0,1261.35,1261.35,175,1291.68,9165,225,06-MAY-2024,
OPTIDX,BANKNIFTY,24-Dec-2024,49500.0,PE,1700.0,1800.0,1600.0,1785.9,1785.9,127,975.25,4905,15,06-MAY-2024,
OPTIDX,BANKNIFTY,24-Dec-2024,51000.0,PE,0.0,0.0,0.0,3101.75,2784.25,0,0.0,0,0,06-MAY-2024,
OPTIDX,BANKNIFTY,24-Dec-2024,52500.0,PE,0.0,0.0,0.0,3828.25,3582.8,0,0.0,0,0,06-MAY-2024,
OPTIDX,BANKNIFTY,24-Dec-2024,54000.0,PE,0.0,0.0,0.0,4638.15,4488.05,0,0.0,0,0,06-MAY-2024,
OPTIDX,BANKNIFTY,24-Dec-2024,55500.0,PE,0.0,0.0,0.0,5526.6,5490.65,0,0.0,0,0,06-MAY-2024,
OPTIDX,BANKNIFTY,24-Dec-2024,57000.0,PE,0.0,0.0,0.0,6487.6,6582.7,0,0.0,0,0,06-MAY-2024,
OPTIDX,BANKNIFTY,26-Mar-2025,39000.0,CE,0.0,0.0,0.0,10887.1,12482.3,0,0.0,0,0,06-MAY-2024,
OPTIDX,BANKNIFTY,26-Mar-2025,40500.0,CE,0.0,0.0,0.0,9665.7,11177.75,0,0.0,0,0,06-MAY-2024,
OPTIDX,BANKNIFTY,26-Mar-2025,42000.0,CE,0.0,0.0,0.0,8506.0,9920.45,0,0.0,0,0,06-MAY-2024,
OPTIDX,BANKNIFTY,26-Mar-2025,43500.0,CE,0.0,0.0,0.0,7417.9,8722.2,0,0.0,0,0,06-MAY-2024,
OPTIDX,BANKNIFTY,26-Mar-2025,45000.0,CE,0.0,0.0,0.0,6410.5,7594.0,0,0.0,0,0,06-MAY-2024,
OPTIDX,BANKNIFTY,26-Mar-2025,46500.0,CE,0.0,0.0,0.0,5486.65,6546.9,0,0.0,0,0,06-MAY-2024,
OPTIDX,BANKNIFTY,26-Mar-2025,48000.0,CE,0.0,0.0,0.0,4654.6,5583.9,0,0.0,0,0,06-MAY-2024,
OPTIDX,BANKNIFTY,26-Mar-2025,49500.0,CE,0.0,0.0,0.0,3913.25,4716.2,0,0.0,0,0,06-MAY-2024,
OPTIDX,BANKNIFTY,26-Mar-2025,51000.0,CE,0.0,0.0,0.0,3260.75,3943.2,0,0.0,0,0,06-MAY-2024,
OPTIDX,BANKNIFTY,26-Mar-2025,52500.0,CE,0.0,0.0,0.0,2693.85,3263.9,0,0.0,0,0,06-MAY-2024,
OPTIDX,BANKNIFTY,26-Mar-2025,54000.0,CE,0.0,0.0,0.0,2207.0,2675.4,0,0.0,0,0,06-MAY-2024,
OPTIDX,BANKNIFTY,26-Mar-2025,55500.0,CE,0.0,0.0,0.0,1793.65,2172.25,0,0.0,0,0,06-MAY-2024,
OPTIDX,BANKNIFTY,26-Mar-2025,57000.0,CE,0.0,0.0,0.0,1449.35,1747.45,0,0.0,0,0,06-MAY-2024,
OPTIDX,BANKNIFTY,26-Mar-2025,39000.0,PE,0.0,0.0,0.0,312.25,149.7,0,0.0,0,0,06-MAY-2024,
OPTIDX,BANKNIFTY,26-Mar-2025,40500.0,PE,0.0,0.0,0.0,483.55,251.35,0,0.0,0,0,06-MAY-2024,
OPTIDX,BANKNIFTY,26-Mar-2025,42000.0,PE,0.0,0.0,0.0,716.6,400.35,0,0.0,0,0,06-MAY-2024,
OPTIDX,BANKNIFTY,26-Mar-2025,43500.0,PE,0.0,0.0,0.0,1021.2,608.35,0,0.0,0,0,06-MAY-2024,
OPTIDX,BANKNIFTY,26-Mar-2025,45000.0,PE,0.0,0.0,0.0,1406.55,886.4,0,0.0,0,0,06-MAY-2024,
OPTIDX,BANKNIFTY,26-Mar-2025,46500.0,PE,0.0,0.0,0.0,1875.45,1245.55,0,0.0,0,0,06-MAY-2024,
OPTIDX,BANKNIFTY,26-Mar-2025,48000.0,PE,0.0,0.0,0.0,1450.0,1688.85,0,0.0,120,0,06-MAY-2024,
OPTIDX,BANKNIFTY,26-Mar-2025,49500.0,PE,0.0,0.0,0.0,3087.5,2227.35,0,0.0,0,0,06-MAY-2024,
OPTIDX,BANKNIFTY,26-Mar-2025,51000.0,PE,0.0,0.0,0.0,3827.75,2860.6,0,0.0,0,0,06-MAY-2024,
OPTIDX,BANKNIFTY,26-Mar-2025,52500.0,PE,0.0,0.0,0.0,4653.6,3587.55,0,0.0,0,0,06-MAY-2024,
OPTIDX,BANKNIFTY,26-Mar-2025,54000.0,PE,0.0,0.0,0.0,5559.45,4405.35,0,0.0,0,0,06-MAY-2024,
OPTIDX,BANKNIFTY,26-Mar-2025,55500.0,PE,0.0,0.0,0.0,6538.85,5308.45,0,0.0,0,0,06-MAY-2024,
OPTIDX,BANKNIFTY,26-Mar-2025,57000.0,PE,0.0,0.0,0.0,7587.35,6289.95,0,0.0,0,0,06-MAY-2024,
OPTIDX,FINNIFTY,07-May-2024,18400.0,CE,0.0,0.0,0.0,3460.0,3347.25,0,0.0,120,0,06-MAY-2024,
OPTIDX,FINNIFTY,07-May-2024,18500.0,CE,0.0,0.0,0.0,3400.0,3247.3,0,0.0,80,0,06-MAY-2024,
OPTIDX,FINNIFTY,07-May-2024,18600.0,CE,0.0,0.0,0.0,2684.7,3147.3,0,0.0,0,0,06-MAY-2024,
OPTIDX,FINNIFTY,07-May-2024,18700.0,CE,0.0,0.0,0.0,2586.3,3047.3,0,0.0,0,0,06-MAY-2024,
OPTIDX,FINNIFTY,07-May-2024,18800.0,CE,0.0,0.0,0.0,2488.15,2947.35,0,0.0,0,0,06-MAY-2024,
OPTIDX,FINNIFTY,07-May-2024,18900.0,CE,0.0,0.0,0.0,2390.35,2847.35,0,0.0,0,0,06-MAY-2024,
OPTIDX,FINNIFTY,07-May-2024,19000.0,CE,0.0,0.0,0.0,2292.9,2747.4,0,0.0,0,0,06-MAY-2024,
OPTIDX,FINNIFTY,07-May-2024,19100.0,CE,0.0,0.0,0.0,2195.95,2647.4,0,0.0,0,0,06-MAY-2024,
OPTIDX,FINNIFTY,07-May-2024,19200.0,CE,0.0,0.0,0.0,2099.55,2547.4,0,0.0,0,0,06-MAY-2024,
OPTIDX,FINNIFTY,07-May-2024,19300.0,CE,0.0,0.0,0.0,2003.85,2447.45,0,0.0,0,0,06-MAY-2024,
OPTIDX,FINNIFTY,07-May-2024,19400.0,CE,0.0,0.0,0.0,1908.95,2347.45,0,0.0,0,0,06-MAY-2024,
OPTIDX,FINNIFTY,07-May-2024,19500.0,CE,0.0,0.0,0.0,2380.0,2247.5,0,0.0,40,0,06-MAY-2024,
OPTIDX,FINNIFTY,07-May-2024,19600.0,CE,0.0,0.0,0.0,1722.1,2147.5,0,0.0,0,0,06-MAY-2024,
OPTIDX,FINNIFTY,07-May-2024,19650.0,CE,0.0,0.0,0.0,1676.1,2097.5,0,0.0,0,0,06-MAY-2024,
OPTIDX,FINNIFTY,07-May-2024,19700.0,CE,0.0,0.0,0.0,1630.4,2047.5,0,0.0,0,0,06-MAY-2024,
OPTIDX,FINNIFTY,07-May-2024,19750.0,CE,0.0,0.0,0.0,1585.1,1997.5,0,0.0,0,0,06-MAY-2024,
OPTIDX,FINNIFTY,07-May-2024,19800.0,CE,0.0,0.0,0.0,1540.15,1947.55,0,0.0,0,0,06-MAY-2024,
OPTIDX,FINNIFTY,07-May-2024,19850.0,CE,0.0,0.0,0.0,1495.6,1897.55,0,0.0,0,0,06-MAY-2024,
OPTIDX,FINNIFTY,07-May-2024,19900.0,CE,0.0,0.0,0.0,1451.45,1847.55,0,0.0,0,0,06-MAY-2024,
OPTIDX,FINNIFTY,07-May-2024,19950.0,CE,0.0,0.0,0.0,1407.75,1797.55,0,0.0,0,0,06-MAY-2024,
OPTIDX,FINNIFTY,07-May-2024,20000.0,CE,0.0,0.0,0.0,1900.0,1747.55,0,0.0,40,0,06-MAY-2024,
OPTIDX,FINNIFTY,07-May-2024,20050.0,CE,0.0,0.0,0.0,1321.7,1697.6,0,0.0,0,0,06-MAY-2024,
OPTIDX,FINNIFTY,07-May-2024,20100.0,CE,0.0,0.0,0.0,1279.45,1647.6,0,0.0,0,0,06-MAY-2024,
OPTIDX,FINNIFTY,07-May-2024,20150.0,CE,0.0,0.0,0.0,1237.7,1597.6,0,0.0,0,0,06-MAY-2024,
OPTIDX,FINNIFTY,07-May-2024,20200.0,CE,0.0,0.0,0.0,1196.55,1547.6,0,0.0,0,0,06-MAY-2024,
OPTIDX,FINNIFTY,07-May-2024,20250.0,CE,0.0,0.0,0.0,1155.9,1497.6,0,0.0,0,0,06-MAY-2024,
OPTIDX,FINNIFTY,07-May-2024,20300.0,CE,0.0,0.0,0.0,1115.9,1447.65,0,0.0,0,0,06-MAY-2024,
OPTIDX,FINNIFTY,07-May-2024,20350.0,CE,0.0,0.0,0.0,1076.5,1397.65,0,0.0,0,0,06-MAY-2024,
OPTIDX,FINNIFTY,07-May-2024,20400.0,CE,0.0,0.0,0.0,1037.75,1347.65,0,0.0,0,0,06-MAY-2024,
OPTIDX,FINNIFTY,07-May-2024,20450.0,CE,0.0,0.0,0.0,999.6,1297.65,0,0.0,0,0,06-MAY-2024,
OPTIDX,FINNIFTY,07-May-2024,20500.0,CE,0.0,0.0,0.0,1410.2,1247.65,0,0.0,40,0,06-MAY-2024,
OPTIDX,FINNIFTY,07-May-2024,20550.0,CE,0.0,0.0,0.0,926.15,1197.7,0,0.0,0,0,06-MAY-2024,
OPTIDX,FINNIFTY,07-May-2024,20600.0,CE,0.0,0.0,0.0,889.25,1147.7,0,0.0,0,0,06-MAY-2024,
OPTIDX,FINNIFTY,07-May-2024,20650.0,CE,0.0,0.0,0.0,854.0,1097.7,0,0.0,0,0,06-MAY-2024,
OPTIDX,FINNIFTY,07-May-2024,20700.0,CE,0.0,0.0,0.0,819.45,1047.7,0,0.0,0,0,06-MAY-2024,
OPTIDX,FINNIFTY,07-May-2024,20750.0,CE,0.0,0.0,0.0,785.7,997.7,0,0.0,0,0,06-MAY-2024,
OPTIDX,FINNIFTY,07-May-2024,20800.0,CE,0.0,0.0,0.0,1011.0,947.75,0,0.0,40,0,06-MAY-2024,
OPTIDX,FINNIFTY,07-May-2024,20850.0,CE,0.0,0.0,0.0,720.55,897.75,0,0.0,0,0,06-MAY-2024,
OPTIDX,FINNIFTY,07-May-2024,20900.0,CE,0.0,0.0,0.0,689.2,847.75,0,0.0,0,0,06-MAY-2024,
OPTIDX,FINNIFTY,07-May-2024,20950.0,CE,0.0,0.0,0.0,658.6,797.75,0,0.0,0,0,06-MAY-2024,
OPTIDX,FINNIFTY,07-May-2024,21000.0,CE,893.0,903.85,783.3,785.55,785.55,77,671.56,5960,2120,06-MAY-2024,
OPTIDX,FINNIFTY,07-May-2024,21050.0,CE,801.85,855.3,785.85,785.85,697.8,28,244.86,320,320,06-MAY-2024,
OPTIDX,FINNIFTY,07-May-2024,21100.0,CE,0.0,0.0,0.0,960.0,647.8,0,0.0,520,0,06-MAY-2024,
OPTIDX,FINNIFTY,07-May-2024,21150.0,CE,0.0,0.0,0.0,676.05,597.85,0,0.0,120,0,06-MAY-2024,
OPTIDX,FINNIFTY,07-May-2024,21200.0,CE,0.0,0.0,0.0,663.3,548.0,0,0.0,2160,0,06-MAY-2024,
OPTIDX,FINNIFTY,07-May-2024,21250.0,CE,672.35,672.35,541.2,541.3,541.3,949,8294.09,8240,8200,06-MAY-2024,
OPTIDX,FINNIFTY,07-May-2024,21300.0,CE,566.95,619.7,444.85,492.1,492.1,377,3291.17,7320,-5520,06-MAY-2024,
OPTIDX,FINNIFTY,07-May-2024,21350.0,CE,513.35,572.0,379.0,439.85,439.85,215,1878.93,4480,720,06-MAY-2024,
OPTIDX,FINNIFTY,07-May-2024,21400.0,CE,451.0,533.05,347.6,397.85,397.85,862,7524.01,17800,8200,06-MAY-2024,
OPTIDX,FINNIFTY,07-May-2024,21450.0,CE,388.2,482.6,300.95,343.95,343.95,482,4205.34,10160,-480,06-MAY-2024,
OPTIDX,FINNIFTY,07-May-2024,21500.0,CE,368.7,437.0,258.05,299.15,299.15,5358,46774.64,60920,4040,06-MAY-2024,
OPTIDX,FINNIFTY,07-May-2024,21550.0,CE,343.0,392.65,212.15,253.4,253.4,3436,30011.41,26200,12680,06-MAY-2024,
OPTIDX,FINNIFTY,07-May-2024,21600.0,CE,330.9,349.25,169.1,208.7,208.7,22564,197069.63,71080,38920,06-MAY-2024,
OPTIDX,FINNIFTY,07-May-2024,21650.0,CE,258.15,300.8,133.15,167.4,167.4,27865,243437.37,58040,40480,06-MAY-2024,
OPTIDX,FINNIFTY,07-May-2024,21700.0,CE,215.15,264.7,100.0,128.5,128.5,218677,1911600.88,270080,190320,06-MAY-2024,
OPTIDX,FINNIFTY,07-May-2024,21750.0,CE,182.1,227.95,71.75,93.55,93.55,441458,3861304.97,753680,633240,06-MAY-2024,
OPTIDX,FINNIFTY,07-May-2024,21800.0,CE,156.2,182.05,49.8,65.25,65.25,1298523,11374792.82,2062480,1285080,06-MAY-2024,
OPTIDX,FINNIFTY,07-May-2024,21850.0,CE,130.0,148.0,33.85,44.3,44.3,1089504,9557026.46,1201640,878960,06-MAY-2024,
OPTIDX,FINNIFTY,07-May-2024,21900.0,CE,98.0,118.0,22.5,30.0,30.0,1385186,12167820.62,2099440,1270000,06-MAY-2024,
OPTIDX,FINNIFTY,07-May-2024,21950.0,CE,74.85,92.35,15.1,20.1,20.1,920191,8095464.92,1434960,1128320,06-MAY-2024,
OPTIDX,FINNIFTY,07-May-2024,22000.0,CE,65.1,71.0,10.35,13.65,13.65,1491533,13144473.91,3065760,1898480,06-MAY-2024,
OPTIDX,FINNIFTY,07-May-2024,22050.0,CE,50.55,54.95,7.0,9.2,9.2,879595,7765571.19,1660640,1180960,06-MAY-2024,
OPTIDX,FINNIFTY,07-May-2024,22100.0,CE,36.85,42.0,4.9,6.2,6.2,1052795,9313298.17,2602200,1516160,06-MAY-2024,
OPTIDX,FINNIFTY,07-May-2024,22150.0,CE,27.95,31.0,3.4,4.15,4.15,681045,6037205.62,1812960,1226000,06-MAY-2024,
OPTIDX,FINNIFTY,07-May-2024,22200.0,CE,21.0,26.45,2.5,2.9,2.9,1035344,9197559.3,2926040,1765560,06-MAY-2024,
OPTIDX,FINNIFTY,07-May-2024,22250.0,CE,15.0,17.25,1.7,2.05,2.05,584982,5207758.82,1565400,1082240,06-MAY-2024,
OPTIDX,FINNIFTY,07-May-2024,22300.0,CE,10.1,13.7,1.25,1.6,1.6,880171,7852639.17,2745400,1794440,06-MAY-2024,
OPTIDX,FINNIFTY,07-May-2024,22350.0,CE,6.8,10.35,1.0,1.2,1.2,339812,3038398.5,902400,487280,06-MAY-2024,
OPTIDX,FINNIFTY,07-May-2024,22400.0,CE,6.1,7.55,0.9,1.05,1.05,596655,5346611.39,1869280,988400,06-MAY-2024,
OPTIDX,FINNIFTY,07-May-2024,22450.0,CE,5.05,7.0,0.8,0.95,0.95,233819,2099895.55,813560,395080,06-MAY-2024,
OPTIDX,FINNIFTY,07-May-2024,22500.0,CE,2.35,7.9,0.7,0.9,0.9,704637,6342198.14,2826560,1410320,06-MAY-2024,
OPTIDX,FINNIFTY,07-May-2024,22550.0,CE,2.65,5.1,0.6,0.8,0.8,163358,1473579.08,914840,521880,06-MAY-2024,
OPTIDX,FINNIFTY,07-May-2024,22600.0,CE,2.7,3.85,0.55,0.75,0.75,453958,4103967.05,1688160,-454080,06-MAY-2024,
OPTIDX,FINNIFTY,07-May-2024,22650.0,CE,2.25,4.1,0.55,0.75,0.75,75451,683615.35,399280,-51680,06-MAY-2024,
OPTIDX,FINNIFTY,07-May-2024,22700.0,CE,1.2,4.8,0.5,0.75,0.75,267405,2428121.2,1316080,-889800,06-MAY-2024,
OPTIDX,FINNIFTY,07-May-2024,22750.0,CE,1.25,1.95,0.5,0.7,0.7,46272,421088.9,352920,-45080,06-MAY-2024,
OPTIDX,FINNIFTY,07-May-2024,22800.0,CE,1.2,1.4,0.5,0.65,0.65,161951,1477038.34,784600,-361920,06-MAY-2024,
OPTIDX,FINNIFTY,07-May-2024,22850.0,CE,1.45,1.45,0.45,0.65,0.65,44493,406677.88,187520,-68160,06-MAY-2024,
OPTIDX,FINNIFTY,07-May-2024,22900.0,CE,1.2,1.25,0.45,0.6,0.6,108378,992769.78,239720,-363560,06-MAY-2024,
OPTIDX,FINNIFTY,07-May-2024,22950.0,CE,1.45,1.45,0.4,0.55,0.55,21697,199183.31,153760,-48680,06-MAY-2024,
OPTIDX,FINNIFTY,07-May-2024,23000.0,CE,0.95,1.0,0.4,0.55,0.55,135007,1242094.55,1457440,55920,06-MAY-2024,
OPTIDX,FINNIFTY,07-May-2024,23050.0,CE,0.9,1.05,0.35,0.5,0.5,16854,155397.42,125240,-5920,06-MAY-2024,
OPTIDX,FINNIFTY,07-May-2024,23100.0,CE,0.6,0.85,0.35,0.45,0.45,44271,409073.22,188960,-28600,06-MAY-2024,
OPTIDX,FINNIFTY,07-May-2024,23200.0,CE,0.95,0.95,0.35,0.45,0.45,23026,213685.86,99560,-6160,06-MAY-2024,
OPTIDX,FINNIFTY,07-May-2024,23300.0,CE,1.0,1.0,0.35,0.4,0.4,28867,269046.16,218800,28600,06-MAY-2024,
OPTIDX,FINNIFTY,07-May-2024,23400.0,CE,0.75,0.8,0.3,0.35,0.35,21140,197874.12,99040,28520,06-MAY-2024,
OPTIDX,FINNIFTY,07-May-2024,23500.0,CE,1.0,1.0,0.3,0.4,0.4,33914,318798.26,324600,-87080,06-MAY-2024,
OPTIDX,FINNIFTY,07-May-2024,23600.0,CE,0.9,0.9,0.25,0.35,0.35,13270,125271.24,21160,8640,06-MAY-2024,
OPTIDX,FINNIFTY,07-May-2024,23700.0,CE,0.85,0.85,0.3,0.35,0.35,10908,103409.74,29880,16000,06-MAY-2024,
OPTIDX,FINNIFTY,07-May-2024,23800.0,CE,0.55,0.8,0.2,0.3,0.3,9307,88604.28,34720,2360,06-MAY-2024,
OPTIDX,FINNIFTY,07-May-2024,23900.0,CE,0.8,0.95,0.25,0.3,0.3,6376,60955.6,24520,8480,06-MAY-2024,
OPTIDX,FINNIFTY,07-May-2024,24000.0,CE,0.5,0.75,0.25,0.35,0.35,14056,134939.84,51240,-62240,06-MAY-2024,
OPTIDX,FINNIFTY,07-May-2024,24100.0,CE,0.8,0.8,0.2,0.35,0.35,4456,42956.58,50400,34680,06-MAY-2024,
OPTIDX,FINNIFTY,07-May-2024,24200.0,CE,0.7,0.8,0.25,0.35,0.35,4731,45796.86,42040,11600,06-MAY-2024,
OPTIDX,FINNIFTY,07-May-2024,24300.0,CE,0.55,0.7,0.2,0.3,0.3,5516,53616.42,42320,12880,06-MAY-2024,
OPTIDX,FINNIFTY,07-May-2024,24400.0,CE,0.7,0.7,0.15,0.3,0.3,5483,53514.91,34960,21280,06-MAY-2024,
OPTIDX,FINNIFTY,07-May-2024,18400.0,PE,0.35,0.4,0.15,0.2,0.2,1924,14160.84,52720,19880,06-MAY-2024,
OPTIDX,FINNIFTY,07-May-2024,18500.0,PE,0.45,0.45,0.2,0.25,0.25,851,6297.5,26400,3360,06-MAY-2024,
OPTIDX,FINNIFTY,07-May-2024,18600.0,PE,0.45,0.45,0.2,0.2,0.2,1037,7715.42,15120,6800,06-MAY-2024,
OPTIDX,FINNIFTY,07-May-2024,18700.0,PE,0.35,0.55,0.2,0.25,0.25,930,6956.53,8440,-1000,06-MAY-2024,
OPTIDX,FINNIFTY,07-May-2024,18800.0,PE,0.5,0.5,0.2,0.25,0.25,877,6595.16,12240,-1600,06-MAY-2024,
OPTIDX,FINNIFTY,07-May-2024,18900.0,PE,0.45,0.6,0.2,0.25,0.25,661,4997.25,11160,840,06-MAY-2024,
OPTIDX,FINNIFTY,07-May-2024,19000.0,PE,0.45,0.6,0.2,0.25,0.25,2739,20816.78,35640,5520,06-MAY-2024,
OPTIDX,FINNIFTY,07-May-2024,19100.0,PE,0.45,0.8,0.2,0.25,0.25,4283,32722.79,11840,3280,06-MAY-2024,
OPTIDX,FINNIFTY,07-May-2024,19200.0,PE,0.6,0.8,0.2,0.25,0.25,2937,22556.64,17120,3480,06-MAY-2024,
OPTIDX,FINNIFTY,07-May-2024,19300.0,PE,0.35,0.8,0.2,0.25,0.25,3240,25013.31,7280,1960,06-MAY-2024,
OPTIDX,FINNIFTY,07-May-2024,19400.0,PE,0.45,0.75,0.2,0.3,0.3,2597,20153.13,9840,-520,06-MAY-2024,
OPTIDX,FINNIFTY,07-May-2024,19500.0,PE,0.5,0.75,0.2,0.3,0.3,3781,29492.4,29120,16360,06-MAY-2024,
OPTIDX,FINNIFTY,07-May-2024,19600.0,PE,3.3,3.4,0.2,0.25,0.25,6659,52208.58,20840,9400,06-MAY-2024,
OPTIDX,FINNIFTY,07-May-2024,19650.0,PE,0.45,0.55,0.15,0.2,0.2,698,5486.38,4360,-1120,06-MAY-2024,
OPTIDX,FINNIFTY,07-May-2024,19700.0,PE,0.5,3.4,0.25,0.3,0.3,3137,24720.17,7920,3280,06-MAY-2024,
OPTIDX,FINNIFTY,07-May-2024,19750.0,PE,0.5,0.55,0.2,0.25,0.25,629,4969.2,6600,440,06-MAY-2024,
OPTIDX,FINNIFTY,07-May-2024,19800.0,PE,0.35,0.85,0.2,0.25,0.25,5222,41359.13,26400,-9640,06-MAY-2024,
OPTIDX,FINNIFTY,07-May-2024,19850.0,PE,0.45,0.6,0.25,0.3,0.3,1530,12148.44,12880,-1360,06-MAY-2024,
OPTIDX,FINNIFTY,07-May-2024,19900.0,PE,0.45,0.8,0.25,0.3,0.3,4014,31952.11,23160,1640,06-MAY-2024,
OPTIDX,FINNIFTY,07-May-2024,19950.0,PE,0.55,0.6,0.2,0.25,0.25,1384,11044.55,17680,6280,06-MAY-2024,
OPTIDX,FINNIFTY,07-May-2024,20000.0,PE,0.55,0.6,0.2,0.25,0.25,19006,152051.14,122840,-45080,06-MAY-2024,
OPTIDX,FINNIFTY,07-May-2024,20050.0,PE,0.4,0.65,0.25,0.3,0.3,1779,14267.88,17160,3320,06-MAY-2024,
OPTIDX,FINNIFTY,07-May-2024,20100.0,PE,0.55,0.65,0.25,0.3,0.3,5019,40353.67,34440,13040,06-MAY-2024,
OPTIDX,FINNIFTY,07-May-2024,20150.0,PE,0.7,0.75,0.25,0.3,0.3,1789,14419.66,16000,-4880,06-MAY-2024,
OPTIDX,FINNIFTY,07-May-2024,20200.0,PE,0.6,0.7,0.25,0.3,0.3,5720,46218.66,27160,-11920,06-MAY-2024,
OPTIDX,FINNIFTY,07-May-2024,20250.0,PE,0.5,0.75,0.25,0.3,0.3,7497,60727.01,16560,-3760,06-MAY-2024,
OPTIDX,FINNIFTY,07-May-2024,20300.0,PE,0.6,0.75,0.25,0.3,0.3,15250,123832.74,51160,-14760,06-MAY-2024,
OPTIDX,FINNIFTY,07-May-2024,20350.0,PE,0.45,0.8,0.3,0.35,0.35,8909,72520.84,15280,-3240,06-MAY-2024,
OPTIDX,FINNIFTY,07-May-2024,20400.0,PE,0.65,0.7,0.3,0.35,0.35,16487,134537.02,39760,-20320,06-MAY-2024,
OPTIDX,FINNIFTY,07-May-2024,20450.0,PE,0.55,0.75,0.3,0.35,0.35,8770,71740.17,13320,7560,06-MAY-2024,
OPTIDX,FINNIFTY,07-May-2024,20500.0,PE,0.65,0.75,0.35,0.4,0.4,53323,437258.79,250080,-110920,06-MAY-2024,
OPTIDX,FINNIFTY,07-May-2024,20550.0,PE,0.7,0.9,0.3,0.35,0.35,10772,88547.83,20880,6280,06-MAY-2024,
OPTIDX,FINNIFTY,07-May-2024,20600.0,PE,0.55,0.9,0.3,0.4,0.4,24909,205255.36,89960,-28680,06-MAY-2024,
OPTIDX,FINNIFTY,07-May-2024,20650.0,PE,0.95,0.95,0.3,0.45,0.45,10249,84658.75,31280,7000,06-MAY-2024,
OPTIDX,FINNIFTY,07-May-2024,20700.0,PE,0.65,0.95,0.3,0.45,0.45,44125,365364.64,176200,-4080,06-MAY-2024,
OPTIDX,FINNIFTY,07-May-2024,20750.0,PE,0.7,0.8,0.35,0.45,0.45,11524,95651.73,27960,2920,06-MAY-2024,
OPTIDX,FINNIFTY,07-May-2024,20800.0,PE,0.75,0.9,0.35,0.5,0.5,73616,612502.79,309280,43200,06-MAY-2024,
OPTIDX,FINNIFTY,07-May-2024,20850.0,PE,1.05,1.1,0.35,0.6,0.6,32666,272443.04,163800,36320,06-MAY-2024,
OPTIDX,FINNIFTY,07-May-2024,20900.0,PE,1.0,1.3,0.45,0.65,0.65,98158,820629.25,358880,119760,06-MAY-2024,
OPTIDX,FINNIFTY,07-May-2024,20950.0,PE,1.2,1.5,0.45,0.75,0.75,34408,288350.31,95680,38600,06-MAY-2024,
OPTIDX,FINNIFTY,07-May-2024,21000.0,PE,1.1,1.8,0.5,0.8,0.8,432370,3632065.36,998760,-278800,06-MAY-2024,
OPTIDX,FINNIFTY,07-May-2024,21050.0,PE,1.7,2.15,0.65,0.9,0.9,60241,507255.78,328440,225280,06-MAY-2024,
OPTIDX,FINNIFTY,07-May-2024,21100.0,PE,1.85,2.6,0.7,1.0,1.0,242652,2048108.55,966800,689440,06-MAY-2024,
OPTIDX,FINNIFTY,07-May-2024,21150.0,PE,2.35,3.35,0.9,1.15,1.15,142397,1204772.16,458520,322160,06-MAY-2024,
OPTIDX,FINNIFTY,07-May-2024,21200.0,PE,2.4,4.35,1.2,1.45,1.45,409837,3475753.53,2325560,1055680,06-MAY-2024,
OPTIDX,FINNIFTY,07-May-2024,21250.0,PE,3.5,5.7,1.1,1.9,1.9,268291,2280764.48,1023840,634120,06-MAY-2024,
OPTIDX,FINNIFTY,07-May-2024,21300.0,PE,5.15,7.85,2.0,2.65,2.65,698693,5953914.93,2691160,200600,06-MAY-2024,
OPTIDX,FINNIFTY,07-May-2024,21350.0,PE,4.0,10.95,2.6,3.8,3.8,383368,3274747.66,1126640,909400,06-MAY-2024,
OPTIDX,FINNIFTY,07-May-2024,21400.0,PE,7.0,14.9,3.05,5.5,5.5,658386,5637676.81,1643640,1076880,06-MAY-2024,
OPTIDX,FINNIFTY,07-May-2024,21450.0,PE,12.25,20.05,4.7,7.8,7.8,467481,4012787.5,1421320,1153080,06-MAY-2024,
OPTIDX,FINNIFTY,07-May-2024,21500.0,PE,18.0,26.55,7.55,11.15,11.15,975911,8398032.63,1903400,1193040,06-MAY-2024,
OPTIDX,FINNIFTY,07-May-2024,21550.0,PE,23.0,34.9,10.45,15.6,15.6,610855,5269966.55,876000,485280,06-MAY-2024,
OPTIDX,FINNIFTY,07-May-2024,21600.0,PE,13.05,45.5,13.05,21.45,21.45,1028902,8899614.77,2067280,1581400,06-MAY-2024,
OPTIDX,FINNIFTY,07-May-2024,21650.0,PE,14.4,59.1,14.4,29.15,29.15,792252,6871223.28,1146840,877720,06-MAY-2024,
OPTIDX,FINNIFTY,07-May-2024,21700.0,PE,29.0,75.0,23.8,40.5,40.5,1521380,13232079.04,1768760,1349960,06-MAY-2024,
OPTIDX,FINNIFTY,07-May-2024,21750.0,PE,43.5,94.9,33.75,55.55,55.55,1390103,12126322.7,1345680,1032160,06-MAY-2024,
OPTIDX,FINNIFTY,07-May-2024,21800.0,PE,60.75,119.0,44.4,77.45,77.45,1942407,16996502.46,1390680,693280,06-MAY-2024,
OPTIDX,FINNIFTY,07-May-2024,21850.0,PE,99.0,153.0,59.15,106.7,106.7,919485,8070935.26,536600,321640,06-MAY-2024,
OPTIDX,FINNIFTY,07-May-2024,21900.0,PE,109.3,190.7,77.85,141.95,141.95,636110,5602965.35,609560,65280,06-MAY-2024,
OPTIDX,FINNIFTY,07-May-2024,21950.0,PE,111.3,233.05,101.5,182.35,182.35,187156,1654696.29,182200,74200,06-MAY-2024,
OPTIDX,FINNIFTY,07-May-2024,22000.0,PE,166.4,276.25,130.35,226.6,226.6,103375,917575.42,174400,-18840,06-MAY-2024,
OPTIDX,FINNIFTY,07-May-2024,22050.0,PE,190.0,320.55,163.9,270.6,270.6,11867,105734.37,85840,480,06-MAY-2024,
OPTIDX,FINNIFTY,07-May-2024,22100.0,PE,231.4,369.65,201.6,317.35,317.35,13258,118633.97,303160,-13880,06-MAY-2024,
OPTIDX,FINNIFTY,07-May-2024,22150.0,PE,280.0,417.55,245.3,366.15,366.15,2491,22388.42,56120,7280,06-MAY-2024,
OPTIDX,FINNIFTY,07-May-2024,22200.0,PE,351.35,464.45,285.2,413.3,413.3,3088,27864.24,193000,-19600,06-MAY-2024,
OPTIDX,FINNIFTY,07-May-2024,22250.0,PE,419.25,513.0,332.5,461.7,461.7,360,3261.16,42120,2040,06-MAY-2024,
OPTIDX,FINNIFTY,07-May-2024,22300.0,PE,455.0,560.1,381.45,513.35,513.35,252,2294.97,15280,1360,06-MAY-2024,
OPTIDX,FINNIFTY,07-May-2024,22350.0,PE,445.05,564.6,423.6,562.85,562.85,133,1214.19,36200,-200,06-MAY-2024,
OPTIDX,FINNIFTY,07-May-2024,22400.0,PE,555.0,656.75,494.85,611.55,611.55,87,799.04,6160,1080,06-MAY-2024,
OPTIDX,FINNIFTY,07-May-2024,22450.0,PE,535.75,663.65,520.85,663.65,663.65,179,1648.43,4200,160,06-MAY-2024,
OPTIDX,FINNIFTY,07-May-2024,22500.0,PE,599.95,716.2,589.75,711.0,711.0,188,1742.96,4160,2080,06-MAY-2024,
OPTIDX,FINNIFTY,07-May-2024,22550.0,PE,702.75,702.75,655.4,655.4,802.0,2,18.58,40,40,06-MAY-2024,
OPTIDX,FINNIFTY,07-May-2024,22600.0,PE,781.9,805.7,684.15,805.7,805.7,11,102.74,360,-160,06-MAY-2024,
OPTIDX,FINNIFTY,07-May-2024,22650.0,PE,751.75,751.75,735.95,735.95,901.95,2,18.71,0,-80,06-MAY-2024,
OPTIDX,FINNIFTY,07-May-2024,22700.0,PE,0.0,0.0,0.0,841.95,951.95,0,0.0,440,0,06-MAY-2024,
OPTIDX,FINNIFTY,07-May-2024,22750.0,PE,0.0,0.0,0.0,691.5,1001.95,0,0.0,40,0,06-MAY-2024,
OPTIDX,FINNIFTY,07-May-2024,22800.0,PE,0.0,0.0,0.0,950.15,1051.95,0,0.0,280,0,06-MAY-2024,
OPTIDX,FINNIFTY,07-May-2024,22850.0,PE,0.0,0.0,0.0,1597.35,1101.9,0,0.0,0,0,06-MAY-2024,
OPTIDX,FINNIFTY,07-May-2024,22900.0,PE,0.0,0.0,0.0,1642.3,1151.9,0,0.0,0,0,06-MAY-2024,
OPTIDX,FINNIFTY,07-May-2024,22950.0,PE,0.0,0.0,0.0,1687.6,1201.9,0,0.0,0,0,06-MAY-2024,
OPTIDX,FINNIFTY,07-May-2024,23000.0,PE,1219.0,1219.0,1219.0,1219.0,1251.9,1,9.68,280,-40,06-MAY-2024,
OPTIDX,FINNIFTY,07-May-2024,23050.0,PE,0.0,0.0,0.0,1779.0,1301.9,0,0.0,0,0,06-MAY-2024,
OPTIDX,FINNIFTY,07-May-2024,23100.0,PE,0.0,0.0,0.0,1825.15,1351.85,0,0.0,0,0,06-MAY-2024,
OPTIDX,FINNIFTY,07-May-2024,23200.0,PE,0.0,0.0,0.0,1918.15,1451.85,0,0.0,0,0,06-MAY-2024,
OPTIDX,FINNIFTY,07-May-2024,23300.0,PE,0.0,0.0,0.0,2012.1,1551.85,0,0.0,0,0,06-MAY-2024,
OPTIDX,FINNIFTY,07-May-2024,23400.0,PE,0.0,0.0,0.0,2106.8,1651.8,0,0.0,0,0,06-MAY-2024,
OPTIDX,FINNIFTY,07-May-2024,23500.0,PE,0.0,0.0,0.0,2202.2,1751.8,0,0.0,0,0,06-MAY-2024,
OPTIDX,FINNIFTY,07-May-2024,23600.0,PE,0.0,0.0,0.0,2298.2,1851.8,0,0.0,0,0,06-MAY-2024,
OPTIDX,FINNIFTY,07-May-2024,23700.0,PE,0.0,0.0,0.0,2394.75,1951.75,0,0.0,0,0,06-MAY-2024,
OPTIDX,FINNIFTY,07-May-2024,23800.0,PE,0.0,0.0,0.0,2491.75,2051.75,0,0.0,0,0,06-MAY-2024,
OPTIDX,FINNIFTY,07-May-2024,23900.0,PE,0.0,0.0,0.0,2589.1,2151.7,0,0.0,0,0,06-MAY-2024,
OPTIDX,FINNIFTY,07-May-2024,24000.0,PE,0.0,0.0,0.0,2686.8,2251.7,0,0.0,0,0,06-MAY-2024,
OPTIDX,FINNIFTY,07-May-2024,24100.0,PE,0.0,0.0,0.0,2784.75,2351.7,0,0.0,0,0,06-MAY-2024,
OPTIDX,FINNIFTY,07-May-2024,24200.0,PE,0.0,0.0,0.0,2882.95,2451.65,0,0.0,0,0,06-MAY-2024,
OPTIDX,FINNIFTY,07-May-2024,24300.0,PE,0.0,0.0,0.0,2981.35,2551.65,0,0.0,0,0,06-MAY-2024,
OPTIDX,FINNIFTY,07-May-2024,24400.0,PE,0.0,0.0,0.0,3079.95,2651.6,0,0.0,0,0,06-MAY-2024,
OPTIDX,FINNIFTY,14-May-2024,18400.0,CE,0.0,0.0,0.0,3410.65,3372.05,0,0.0,0,0,06-MAY-2024,
OPTIDX,FINNIFTY,14-May-2024,18500.0,CE,0.0,0.0,0.0,3311.5,3272.2,0,0.0,0,0,06-MAY-2024,
OPTIDX,FINNIFTY,14-May-2024,18600.0,CE,0.0,0.0,0.0,3212.35,3172.35,0,0.0,0,0,06-MAY-2024,
OPTIDX,FINNIFTY,14-May-2024,18700.0,CE,0.0,0.0,0.0,3113.25,3072.5,0,0.0,0,0,06-MAY-2024,
OPTIDX,FINNIFTY,14-May-2024,18800.0,CE,0.0,0.0,0.0,3014.3,2972.65,0,0.0,0,0,06-MAY-2024,
OPTIDX,FINNIFTY,14-May-2024,18900.0,CE,0.0,0.0,0.0,2915.4,2872.8,0,0.0,0,0,06-MAY-2024,
OPTIDX,FINNIFTY,14-May-2024,19000.0,CE,0.0,0.0,0.0,2816.6,2772.95,0,0.0,0,0,06-MAY-2024,
OPTIDX,FINNIFTY,14-May-2024,19100.0,CE,0.0,0.0,0.0,2718.0,2673.15,0,0.0,0,0,06-MAY-2024,
OPTIDX,FINNIFTY,14-May-2024,19200.0,CE,0.0,0.0,0.0,2619.65,2573.3,0,0.0,0,0,06-MAY-2024,
OPTIDX,FINNIFTY,14-May-2024,19300.0,CE,0.0,0.0,0.0,2521.5,2473.45,0,0.0,0,0,06-MAY-2024,
OPTIDX,FINNIFTY,14-May-2024,19400.0,CE,0.0,0.0,0.0,2423.7,2373.6,0,0.0,0,0,06-MAY-2024,
OPTIDX,FINNIFTY,14-May-2024,19500.0,CE,0.0,0.0,0.0,2326.3,2273.75,0,0.0,0,0,06-MAY-2024,
OPTIDX,FINNIFTY,14-May-2024,19600.0,CE,0.0,0.0,0.0,2229.35,2173.9,0,0.0,0,0,06-MAY-2024,
OPTIDX,FINNIFTY,14-May-2024,19650.0,CE,0.0,0.0,0.0,2181.1,2124.0,0,0.0,0,0,06-MAY-2024,
OPTIDX,FINNIFTY,14-May-2024,19700.0,CE,0.0,0.0,0.0,2133.0,2074.05,0,0.0,0,0,06-MAY-2024,
OPTIDX,FINNIFTY,14-May-2024,19750.0,CE,0.0,0.0,0.0,2085.05,2024.15,0,0.0,0,0,06-MAY-2024,
OPTIDX,FINNIFTY,14-May-2024,19800.0,CE,0.0,0.0,0.0,2037.3,1974.2,0,0.0,0,0,06-MAY-2024,
OPTIDX,FINNIFTY,14-May-2024,19850.0,CE,0.0,0.0,0.0,1989.75,1924.3,0,0.0,0,0,06-MAY-2024,
OPTIDX,FINNIFTY,14-May-2024,19900.0,CE,0.0,0.0,0.0,1942.4,1874.4,0,0.0,0,0,06-MAY-2024,
OPTIDX,FINNIFTY,14-May-2024,19950.0,CE,0.0,0.0,0.0,1895.25,1824.5,0,0.0,0,0,06-MAY-2024,
OPTIDX,FINNIFTY,14-May-2024,20000.0,CE,0.0,0.0,0.0,1848.4,1774.6,0,0.0,0,0,06-MAY-2024,
OPTIDX,FINNIFTY,14-May-2024,20050.0,CE,0.0,0.0,0.0,1801.8,1724.7,0,0.0,0,0,06-MAY-2024,
OPTIDX,FINNIFTY,14-May-2024,20100.0,CE,0.0,0.0,0.0,1755.45,1674.85,0,0.0,0,0,06-MAY-2024,
OPTIDX,FINNIFTY,14-May-2024,20150.0,CE,0.0,0.0,0.0,1709.45,1625.0,0,0.0,0,0,06-MAY-2024,
OPTIDX,FINNIFTY,14-May-2024,20200.0,CE,0.0,0.0,0.0,1663.75,1575.15,0,0.0,0,0,06-MAY-2024,
OPTIDX,FINNIFTY,14-May-2024,20250.0,CE,0.0,0.0,0.0,1618.35,1525.35,0,0.0,0,0,06-MAY-2024,
OPTIDX,FINNIFTY,14-May-2024,20300.0,CE,0.0,0.0,0.0,1573.35,1475.6,0,0.0,0,0,06-MAY-2024,
OPTIDX,FINNIFTY,14-May-2024,20350.0,CE,0.0,0.0,0.0,1528.75,1425.9,0,0.0,0,0,06-MAY-2024,
OPTIDX,FINNIFTY,14-May-2024,20400.0,CE,0.0,0.0,0.0,1484.5,1376.25,0,0.0,0,0,06-MAY-2024,
OPTIDX,FINNIFTY,14-May-2024,20450.0,CE,0.0,0.0,0.0,1440.7,1326.7,0,0.0,0,0,06-MAY-2024,
OPTIDX,FINNIFTY,14-May-2024,20500.0,CE,0.0,0.0,0.0,1397.35,1277.25,0,0.0,0,0,06-MAY-2024,
OPTIDX,FINNIFTY,14-May-2024,20550.0,CE,0.0,0.0,0.0,1354.5,1227.95,0,0.0,0,0,06-MAY-2024,
OPTIDX,FINNIFTY,14-May-2024,20600.0,CE,0.0,0.0,0.0,1312.1,1178.8,0,0.0,0,0,06-MAY-2024,
OPTIDX,FINNIFTY,14-May-2024,20650.0,CE,0.0,0.0,0.0,1270.25,1129.85,0,0.0,0,0,06-MAY-2024,
OPTIDX,FINNIFTY,14-May-2024,20700.0,CE,0.0,0.0,0.0,1228.9,1081.2,0,0.0,0,0,06-MAY-2024,
OPTIDX,FINNIFTY,14-May-2024,20750.0,CE,0.0,0.0,0.0,1188.1,1032.75,0,0.0,0,0,06-MAY-2024,
OPTIDX,FINNIFTY,14-May-2024,20800.0,CE,0.0,0.0,0.0,1147.9,984.7,0,0.0,0,0,06-MAY-2024,
OPTIDX,FINNIFTY,14-May-2024,20850.0,CE,0.0,0.0,0.0,1108.3,937.05,0,0.0,0,0,06-MAY-2024,
OPTIDX,FINNIFTY,14-May-2024,20900.0,CE,0.0,0.0,0.0,1069.3,889.85,0,0.0,0,0,06-MAY-2024,
OPTIDX,FINNIFTY,14-May-2024,20950.0,CE,0.0,0.0,0.0,1030.95,843.2,0,0.0,0,0,06-MAY-2024,
OPTIDX,FINNIFTY,14-May-2024,21000.0,CE,0.0,0.0,0.0,993.25,797.15,0,0.0,0,0,06-MAY-2024,
OPTIDX,FINNIFTY,14-May-2024,21050.0,CE,0.0,0.0,0.0,957.0,751.85,0,0.0,0,0,06-MAY-2024,
OPTIDX,FINNIFTY,14-May-2024,21100.0,CE,0.0,0.0,0.0,919.7,707.3,0,0.0,0,0,06-MAY-2024,
OPTIDX,FINNIFTY,14-May-2024,21150.0,CE,0.0,0.0,0.0,884.15,663.65,0,0.0,0,0,06-MAY-2024,
OPTIDX,FINNIFTY,14-May-2024,21200.0,CE,0.0,0.0,0.0,849.25,621.0,0,0.0,0,0,06-MAY-2024,
OPTIDX,FINNIFTY,14-May-2024,21250.0,CE,0.0,0.0,0.0,815.15,579.4,0,0.0,0,0,06-MAY-2024,
OPTIDX,FINNIFTY,14-May-2024,21300.0,CE,0.0,0.0,0.0,781.8,538.95,0,0.0,0,0,06-MAY-2024,
OPTIDX,FINNIFTY,14-May-2024,21350.0,CE,522.75,531.05,522.75,531.05,499.75,2,17.5,80,40,06-MAY-2024,
OPTIDX,FINNIFTY,14-May-2024,21400.0,CE,488.85,545.45,422.95,443.25,462.8,23,201.19,200,0,06-MAY-2024,
OPTIDX,FINNIFTY,14-May-2024,21450.0,CE,0.0,0.0,0.0,686.45,425.45,0,0.0,0,0,06-MAY-2024,
OPTIDX,FINNIFTY,14-May-2024,21500.0,CE,437.15,462.9,326.3,367.75,367.75,447,3909.73,9360,9200,06-MAY-2024,
OPTIDX,FINNIFTY,14-May-2024,21550.0,CE,0.0,0.0,0.0,626.85,357.25,0,0.0,0,0,06-MAY-2024,
OPTIDX,FINNIFTY,14-May-2024,21600.0,CE,0.0,0.0,0.0,598.3,325.6,0,0.0,0,0,06-MAY-2024,
OPTIDX,FINNIFTY,14-May-2024,21650.0,CE,0.0,0.0,0.0,459.25,295.6,0,0.0,40,0,06-MAY-2024,
OPTIDX,FINNIFTY,14-May-2024,21700.0,CE,274.75,395.65,213.9,232.9,232.9,2404,21112.44,21600,20360,06-MAY-2024,
OPTIDX,FINNIFTY,14-May-2024,21750.0,CE,271.15,302.0,183.95,204.55,204.55,1184,10403.52,12680,11680,06-MAY-2024,
OPTIDX,FINNIFTY,14-May-2024,21800.0,CE,242.55,273.95,162.4,179.1,179.1,6185,54444.49,53920,48680,06-MAY-2024,
OPTIDX,FINNIFTY,14-May-2024,21850.0,CE,264.4,264.4,141.45,154.75,154.75,805,7096.59,7960,7960,06-MAY-2024,
OPTIDX,FINNIFTY,14-May-2024,21900.0,CE,195.35,219.5,120.7,131.4,131.4,4209,37145.17,50560,38560,06-MAY-2024,
OPTIDX,FINNIFTY,14-May-2024,21950.0,CE,155.0,183.95,106.4,112.45,112.45,630,5564.58,10240,4360,06-MAY-2024,
OPTIDX,FINNIFTY,14-May-2024,22000.0,CE,159.4,170.25,89.95,95.35,95.35,3770,33350.73,63800,43360,06-MAY-2024,
OPTIDX,FINNIFTY,14-May-2024,22050.0,CE,135.0,160.6,77.25,82.15,82.15,418,3704.4,6760,4400,06-MAY-2024,
OPTIDX,FINNIFTY,14-May-2024,22100.0,CE,115.0,133.5,64.8,69.3,69.3,1295,11494.12,22520,18080,06-MAY-2024,
OPTIDX,FINNIFTY,14-May-2024,22150.0,CE,89.85,106.9,55.3,58.4,58.4,88,782.13,1360,1360,06-MAY-2024,
OPTIDX,FINNIFTY,14-May-2024,22200.0,CE,90.25,102.8,46.2,49.55,49.55,975,8684.5,21720,11480,06-MAY-2024,
OPTIDX,FINNIFTY,14-May-2024,22250.0,CE,66.0,77.75,38.05,39.85,39.85,152,1355.93,2160,2120,06-MAY-2024,
OPTIDX,FINNIFTY,14-May-2024,22300.0,CE,62.8,70.2,31.4,34.05,34.05,837,7482.36,9360,3800,06-MAY-2024,
OPTIDX,FINNIFTY,14-May-2024,22350.0,CE,35.3,45.1,28.0,28.8,28.8,26,232.82,800,760,06-MAY-2024,
OPTIDX,FINNIFTY,14-May-2024,22400.0,CE,40.0,49.9,20.0,23.55,23.55,799,7169.26,12520,11600,06-MAY-2024,
OPTIDX,FINNIFTY,14-May-2024,22450.0,CE,0.0,0.0,0.0,236.75,35.1,0,0.0,0,0,06-MAY-2024,
OPTIDX,FINNIFTY,14-May-2024,22500.0,CE,37.5,40.05,11.6,16.95,16.95,2331,21003.32,22120,10760,06-MAY-2024,
OPTIDX,FINNIFTY,14-May-2024,22550.0,CE,32.9,34.6,11.15,14.3,14.3,80,722.32,1000,600,06-MAY-2024,
OPTIDX,FINNIFTY,14-May-2024,22600.0,CE,27.35,29.85,11.1,12.2,12.2,1412,12775.64,15320,10840,06-MAY-2024,
OPTIDX,FINNIFTY,14-May-2024,22650.0,CE,24.9,25.0,9.4,10.3,10.3,151,1368.85,3320,1960,06-MAY-2024,
OPTIDX,FINNIFTY,14-May-2024,22700.0,CE,19.8,21.95,8.2,9.0,9.0,660,5996.04,9240,7200,06-MAY-2024,
OPTIDX,FINNIFTY,14-May-2024,22750.0,CE,17.0,17.2,7.1,7.8,7.8,355,3232.06,3760,2960,06-MAY-2024,
OPTIDX,FINNIFTY,14-May-2024,22800.0,CE,12.3,15.35,6.15,7.05,7.05,1378,12572.73,27880,5560,06-MAY-2024,
OPTIDX,FINNIFTY,14-May-2024,22850.0,CE,10.55,11.15,5.0,5.8,5.8,184,1682.28,1880,-160,06-MAY-2024,
OPTIDX,FINNIFTY,14-May-2024,22900.0,CE,9.1,12.35,4.55,5.6,5.6,438,4013.18,5560,3960,06-MAY-2024,
OPTIDX,FINNIFTY,14-May-2024,22950.0,CE,10.0,10.0,4.25,5.1,5.1,57,523.38,1000,680,06-MAY-2024,
OPTIDX,FINNIFTY,14-May-2024,23000.0,CE,8.4,8.8,3.85,4.65,4.65,1592,14649.56,36800,29080,06-MAY-2024,
OPTIDX,FINNIFTY,14-May-2024,23050.0,CE,7.4,9.9,3.35,3.45,3.45,56,516.43,400,400,06-MAY-2024,
OPTIDX,FINNIFTY,14-May-2024,23100.0,CE,9.9,9.9,3.05,3.7,3.7,369,3410.14,4480,4120,06-MAY-2024,
OPTIDX,FINNIFTY,14-May-2024,23200.0,CE,6.2,6.2,2.4,3.05,3.05,450,4176.6,5520,3840,06-MAY-2024,
OPTIDX,FINNIFTY,14-May-2024,23300.0,CE,3.55,3.95,2.0,2.25,2.25,266,2479.41,3520,2880,06-MAY-2024,
OPTIDX,FINNIFTY,14-May-2024,23400.0,CE,3.05,3.85,1.8,2.15,2.15,283,2649.16,5200,4920,06-MAY-2024,
OPTIDX,FINNIFTY,14-May-2024,23500.0,CE,3.55,4.0,1.85,1.95,1.95,283,2660.44,6960,5960,06-MAY-2024,
OPTIDX,FINNIFTY,14-May-2024,23600.0,CE,2.4,3.4,1.65,1.7,0.2,43,405.95,2320,1160,06-MAY-2024,
OPTIDX,FINNIFTY,14-May-2024,23700.0,CE,2.1,2.35,1.45,1.7,1.7,302,2863.19,4320,3760,06-MAY-2024,
OPTIDX,FINNIFTY,14-May-2024,23800.0,CE,1.95,2.9,1.15,1.6,1.6,433,4122.49,2560,2280,06-MAY-2024,
OPTIDX,FINNIFTY,14-May-2024,23900.0,CE,1.45,2.6,1.45,1.55,1.55,545,5210.59,4800,3920,06-MAY-2024,
OPTIDX,FINNIFTY,14-May-2024,24000.0,CE,1.15,2.45,1.15,1.45,1.45,112,1075.27,2920,1520,06-MAY-2024,
OPTIDX,FINNIFTY,14-May-2024,24100.0,CE,1.95,1.95,1.3,1.35,1.35,78,751.97,2800,1280,06-MAY-2024,
OPTIDX,FINNIFTY,14-May-2024,24200.0,CE,1.25,1.95,1.25,1.35,1.35,112,1084.23,2840,560,06-MAY-2024,
OPTIDX,FINNIFTY,14-May-2024,24300.0,CE,1.55,1.9,1.2,1.55,1.55,37,359.66,2840,320,06-MAY-2024,
OPTIDX,FINNIFTY,14-May-2024,24400.0,CE,1.25,1.95,1.15,1.75,0.0,10,97.6,2520,320,06-MAY-2024,
OPTIDX,FINNIFTY,14-May-2024,18400.0,PE,0.0,0.0,0.0,0.3,0.0,0,0.0,0,0,06-MAY-2024,
OPTIDX,FINNIFTY,14-May-2024,18500.0,PE,0.0,0.0,0.0,0.4,0.0,0,0.0,0,0,06-MAY-2024,
OPTIDX,FINNIFTY,14-May-2024,18600.0,PE,0.0,0.0,0.0,0.6,0.0,0,0.0,0,0,06-MAY-2024,
OPTIDX,FINNIFTY,14-May-2024,18700.0,PE,0.0,0.0,0.0,0.8,0.0,0,0.0,0,0,06-MAY-2024,
OPTIDX,FINNIFTY,14-May-2024,18800.0,PE,0.0,0.0,0.0,1.1,0.0,0,0.0,0,0,06-MAY-2024,
OPTIDX,FINNIFTY,14-May-2024,18900.0,PE,0.0,0.0,0.0,1.5,0.0,0,0.0,0,0,06-MAY-2024,
OPTIDX,FINNIFTY,14-May-2024,19000.0,PE,0.0,0.0,0.0,2.05,0.0,0,0.0,0,0,06-MAY-2024,
OPTIDX,FINNIFTY,14-May-2024,19100.0,PE,0.0,0.0,0.0,2.75,0.0,0,0.0,0,0,06-MAY-2024,
OPTIDX,FINNIFTY,14-May-2024,19200.0,PE,0.0,0.0,0.0,3.7,0.0,0,0.0,0,0,06-MAY-2024,
OPTIDX,FINNIFTY,14-May-2024,19300.0,PE,0.0,0.0,0.0,4.85,0.0,0,0.0,0,0,06-MAY-2024,
OPTIDX,FINNIFTY,14-May-2024,19400.0,PE,0.0,0.0,0.0,6.35,0.0,0,0.0,0,0,06-MAY-2024,
OPTIDX,FINNIFTY,14-May-2024,19500.0,PE,2.6,2.6,2.6,2.6,0.0,1,7.8,40,40,06-MAY-2024,
OPTIDX,FINNIFTY,14-May-2024,19600.0,PE,0.0,0.0,0.0,10.65,0.0,0,0.0,0,0,06-MAY-2024,
OPTIDX,FINNIFTY,14-May-2024,19650.0,PE,0.0,0.0,0.0,12.0,0.05,0,0.0,0,0,06-MAY-2024,
OPTIDX,FINNIFTY,14-May-2024,19700.0,PE,0.0,0.0,0.0,13.55,0.05,0,0.0,0,0,06-MAY-2024,
OPTIDX,FINNIFTY,14-May-2024,19750.0,PE,0.0,0.0,0.0,15.25,0.05,0,0.0,0,0,06-MAY-2024,
OPTIDX,FINNIFTY,14-May-2024,19800.0,PE,0.0,0.0,0.0,17.15,0.05,0,0.0,0,0,06-MAY-2024,
OPTIDX,FINNIFTY,14-May-2024,19850.0,PE,0.0,0.0,0.0,19.25,0.05,0,0.0,0,0,06-MAY-2024,
OPTIDX,FINNIFTY,14-May-2024,19900.0,PE,0.0,0.0,0.0,21.55,0.05,0,0.0,0,0,06-MAY-2024,
OPTIDX,FINNIFTY,14-May-2024,19950.0,PE,0.0,0.0,0.0,24.1,0.1,0,0.0,0,0,06-MAY-2024,
OPTIDX,FINNIFTY,14-May-2024,20000.0,PE,0.0,0.0,0.0,26.9,0.1,0,0.0,0,0,06-MAY-2024,
OPTIDX,FINNIFTY,14-May-2024,20050.0,PE,0.0,0.0,0.0,29.9,0.15,0,0.0,0,0,06-MAY-2024,
OPTIDX,FINNIFTY,14-May-2024,20100.0,PE,0.0,0.0,0.0,33.25,0.2,0,0.0,0,0,06-MAY-2024,
OPTIDX,FINNIFTY,14-May-2024,20150.0,PE,0.0,0.0,0.0,36.85,0.25,0,0.0,0,0,06-MAY-2024,
OPTIDX,FINNIFTY,14-May-2024,20200.0,PE,6.95,8.15,4.25,4.55,4.55,488,3944.12,7440,6280,06-MAY-2024,
OPTIDX,FINNIFTY,14-May-2024,20250.0,PE,0.0,0.0,0.0,45.1,0.45,0,0.0,0,0,06-MAY-2024,
OPTIDX,FINNIFTY,14-May-2024,20300.0,PE,0.0,0.0,0.0,49.75,0.65,0,0.0,0,0,06-MAY-2024,
OPTIDX,FINNIFTY,14-May-2024,20350.0,PE,0.0,0.0,0.0,54.8,0.85,0,0.0,0,0,06-MAY-2024,
OPTIDX,FINNIFTY,14-May-2024,20400.0,PE,0.0,0.0,0.0,60.2,1.15,0,0.0,0,0,06-MAY-2024,
OPTIDX,FINNIFTY,14-May-2024,20450.0,PE,8.0,8.15,4.95,5.95,5.95,460,3764.04,7480,7280,06-MAY-2024,
OPTIDX,FINNIFTY,14-May-2024,20500.0,PE,8.55,9.7,6.5,6.9,6.9,11,90.23,400,400,06-MAY-2024,
OPTIDX,FINNIFTY,14-May-2024,20550.0,PE,0.0,0.0,0.0,79.15,2.6,0,0.0,0,0,06-MAY-2024,
OPTIDX,FINNIFTY,14-May-2024,20600.0,PE,9.95,12.45,8.45,9.0,9.0,40,329.76,760,760,06-MAY-2024,
OPTIDX,FINNIFTY,14-May-2024,20650.0,PE,9.8,13.35,6.6,8.9,8.9,780,6446.27,1720,-3240,06-MAY-2024,
OPTIDX,FINNIFTY,14-May-2024,20700.0,PE,12.55,15.6,8.35,9.7,9.7,742,6147.35,8480,7000,06-MAY-2024,
OPTIDX,FINNIFTY,14-May-2024,20750.0,PE,13.0,15.3,8.6,11.55,11.55,98,813.89,1680,1680,06-MAY-2024,
OPTIDX,FINNIFTY,14-May-2024,20800.0,PE,15.0,17.2,11.8,13.3,13.3,158,1315.45,3840,3840,06-MAY-2024,
OPTIDX,FINNIFTY,14-May-2024,20850.0,PE,0.0,0.0,0.0,130.85,11.25,0,0.0,0,0,06-MAY-2024,
OPTIDX,FINNIFTY,14-May-2024,20900.0,PE,21.95,23.55,12.1,15.9,15.9,765,6401.04,13400,12760,06-MAY-2024,
OPTIDX,FINNIFTY,14-May-2024,20950.0,PE,25.45,25.45,17.6,18.95,18.95,244,2046.78,3600,-880,06-MAY-2024,
OPTIDX,FINNIFTY,14-May-2024,21000.0,PE,27.7,30.95,19.6,21.35,21.35,1573,13228.09,13920,10960,06-MAY-2024,
OPTIDX,FINNIFTY,14-May-2024,21050.0,PE,28.5,28.5,22.6,24.25,25.75,21,177.03,320,-280,06-MAY-2024,
OPTIDX,FINNIFTY,14-May-2024,21100.0,PE,39.5,44.8,24.2,28.0,28.0,660,5578.43,9840,9280,06-MAY-2024,
OPTIDX,FINNIFTY,14-May-2024,21150.0,PE,38.0,42.2,27.8,32.85,32.85,182,1542.29,1320,960,06-MAY-2024,
OPTIDX,FINNIFTY,14-May-2024,21200.0,PE,42.3,48.3,31.35,36.6,36.6,808,6864.54,9480,8120,06-MAY-2024,
OPTIDX,FINNIFTY,14-May-2024,21250.0,PE,55.7,58.4,39.0,43.35,43.35,92,783.67,1760,1040,06-MAY-2024,
OPTIDX,FINNIFTY,14-May-2024,21300.0,PE,53.1,67.55,39.55,49.2,49.2,722,6166.22,5960,4560,06-MAY-2024,
OPTIDX,FINNIFTY,14-May-2024,21350.0,PE,0.0,0.0,0.0,268.3,73.2,0,0.0,0,0,06-MAY-2024,
OPTIDX,FINNIFTY,14-May-2024,21400.0,PE,70.95,91.8,57.25,66.5,66.5,572,4912.54,7200,6920,06-MAY-2024,
OPTIDX,FINNIFTY,14-May-2024,21450.0,PE,0.0,0.0,0.0,304.8,98.7,0,0.0,0,0,06-MAY-2024,
OPTIDX,FINNIFTY,14-May-2024,21500.0,PE,107.9,117.25,77.0,89.2,89.2,2049,17697.0,15840,7160,06-MAY-2024,
OPTIDX,FINNIFTY,14-May-2024,21550.0,PE,130.05,130.05,93.9,104.85,104.85,48,415.88,880,840,06-MAY-2024,
OPTIDX,FINNIFTY,14-May-2024,21600.0,PE,137.8,151.35,99.1,119.35,119.35,1688,14666.01,21040,18680,06-MAY-2024,
OPTIDX,FINNIFTY,14-May-2024,21650.0,PE,0.0,0.0,0.0,387.55,168.6,0,0.0,0,0,06-MAY-2024,
OPTIDX,FINNIFTY,14-May-2024,21700.0,PE,180.0,189.45,128.15,153.25,153.25,2194,19178.01,25480,17960,06-MAY-2024,
OPTIDX,FINNIFTY,14-May-2024,21750.0,PE,187.4,215.75,142.85,174.95,174.95,1360,11926.93,7360,6800,06-MAY-2024,
OPTIDX,FINNIFTY,14-May-2024,21800.0,PE,190.65,233.85,160.95,197.3,197.3,5840,51380.98,51600,40640,06-MAY-2024,
OPTIDX,FINNIFTY,14-May-2024,21850.0,PE,213.0,262.35,183.4,225.6,225.6,684,6037.18,3760,1960,06-MAY-2024,
OPTIDX,FINNIFTY,14-May-2024,21900.0,PE,251.7,291.0,205.15,254.15,254.15,2675,23690.94,26400,22800,06-MAY-2024,
OPTIDX,FINNIFTY,14-May-2024,21950.0,PE,284.7,325.25,239.75,279.35,279.35,217,1929.35,640,-1640,06-MAY-2024,
OPTIDX,FINNIFTY,14-May-2024,22000.0,PE,345.2,359.35,257.85,315.9,315.9,1075,9592.14,10360,5080,06-MAY-2024,
OPTIDX,FINNIFTY,14-May-2024,22050.0,PE,0.0,0.0,0.0,592.45,390.0,0,0.0,0,0,06-MAY-2024,
OPTIDX,FINNIFTY,14-May-2024,22100.0,PE,0.0,0.0,0.0,377.6,425.05,0,0.0,320,0,06-MAY-2024,
OPTIDX,FINNIFTY,14-May-2024,22150.0,PE,0.0,0.0,0.0,434.9,461.6,0,0.0,40,0,06-MAY-2024,
OPTIDX,FINNIFTY,14-May-2024,22200.0,PE,406.2,463.15,406.2,463.15,499.6,3,27.16,360,80,06-MAY-2024,
OPTIDX,FINNIFTY,14-May-2024,22250.0,PE,0.0,0.0,0.0,714.25,538.85,0,0.0,0,0,06-MAY-2024,
OPTIDX,FINNIFTY,14-May-2024,22300.0,PE,0.0,0.0,0.0,746.65,579.25,0,0.0,0,0,06-MAY-2024,
OPTIDX,FINNIFTY,14-May-2024,22350.0,PE,0.0,0.0,0.0,779.75,620.8,0,0.0,0,0,06-MAY-2024,
OPTIDX,FINNIFTY,14-May-2024,22400.0,PE,0.0,0.0,0.0,813.6,663.35,0,0.0,0,0,06-MAY-2024,
OPTIDX,FINNIFTY,14-May-2024,22450.0,PE,0.0,0.0,0.0,848.15,706.85,0,0.0,0,0,06-MAY-2024,
OPTIDX,FINNIFTY,14-May-2024,22500.0,PE,0.0,0.0,0.0,883.45,751.2,0,0.0,0,0,06-MAY-2024,
OPTIDX,FINNIFTY,14-May-2024,22550.0,PE,0.0,0.0,0.0,919.35,796.3,0,0.0,0,0,06-MAY-2024,
OPTIDX,FINNIFTY,14-May-2024,22600.0,PE,0.0,0.0,0.0,777.55,842.1,0,0.0,0,0,06-MAY-2024,
OPTIDX,FINNIFTY,14-May-2024,22650.0,PE,0.0,0.0,0.0,994.25,888.45,0,0.0,0,0,06-MAY-2024,
OPTIDX,FINNIFTY,14-May-2024,22700.0,PE,0.0,0.0,0.0,1031.3,935.4,0,0.0,0,0,06-MAY-2024,
OPTIDX,FINNIFTY,14-May-2024,22750.0,PE,0.0,0.0,0.0,1069.8,982.8,0,0.0,0,0,06-MAY-2024,
OPTIDX,FINNIFTY,14-May-2024,22800.0,PE,0.0,0.0,0.0,1108.85,1030.6,0,0.0,0,0,06-MAY-2024,
OPTIDX,FINNIFTY,14-May-2024,22850.0,PE,0.0,0.0,0.0,1148.5,1078.75,0,0.0,0,0,06-MAY-2024,
OPTIDX,FINNIFTY,14-May-2024,22900.0,PE,0.0,0.0,0.0,1188.65,1127.2,0,0.0,0,0,06-MAY-2024,
OPTIDX,FINNIFTY,14-May-2024,22950.0,PE,0.0,0.0,0.0,1229.35,1175.9,0,0.0,0,0,06-MAY-2024,
OPTIDX,FINNIFTY,14-May-2024,23000.0,PE,0.0,0.0,0.0,1270.6,1224.85,0,0.0,0,0,06-MAY-2024,
OPTIDX,FINNIFTY,14-May-2024,23050.0,PE,0.0,0.0,0.0,1312.25,1273.95,0,0.0,0,0,06-MAY-2024,
OPTIDX,FINNIFTY,14-May-2024,23100.0,PE,0.0,0.0,0.0,1354.45,1323.2,0,0.0,0,0,06-MAY-2024,
OPTIDX,FINNIFTY,14-May-2024,23200.0,PE,0.0,0.0,0.0,1440.1,1422.1,0,0.0,0,0,06-MAY-2024,
OPTIDX,FINNIFTY,14-May-2024,23300.0,PE,0.0,0.0,0.0,1527.35,1521.35,0,0.0,0,0,06-MAY-2024,
OPTIDX,FINNIFTY,14-May-2024,23400.0,PE,0.0,0.0,0.0,1616.1,1620.85,0,0.0,0,0,06-MAY-2024,
OPTIDX,FINNIFTY,14-May-2024,23500.0,PE,0.0,0.0,0.0,1706.25,1720.45,0,0.0,0,0,06-MAY-2024,
OPTIDX,FINNIFTY,14-May-2024,23600.0,PE,0.0,0.0,0.0,1797.55,1820.15,0,0.0,0,0,06-MAY-2024,
OPTIDX,FINNIFTY,14-May-2024,23700.0,PE,0.0,0.0,0.0,1889.95,1919.95,0,0.0,0,0,06-MAY-2024,
OPTIDX,FINNIFTY,14-May-2024,23800.0,PE,0.0,0.0,0.0,1983.3,2019.75,0,0.0,0,0,06-MAY-2024,
OPTIDX,FINNIFTY,14-May-2024,23900.0,PE,0.0,0.0,0.0,2077.5,2119.55,0,0.0,0,0,06-MAY-2024,
OPTIDX,FINNIFTY,14-May-2024,24000.0,PE,0.0,0.0,0.0,2172.45,2219.4,0,0.0,0,0,06-MAY-2024,
OPTIDX,FINNIFTY,14-May-2024,24100.0,PE,0.0,0.0,0.0,2268.05,2319.2,0,0.0,0,0,06-MAY-2024,
OPTIDX,FINNIFTY,14-May-2024,24200.0,PE,0.0,0.0,0.0,2364.25,2419.05,0,0.0,0,0,06-MAY-2024,
OPTIDX,FINNIFTY,14-May-2024,24300.0,PE,0.0,0.0,0.0,2460.9,2518.9,0,0.0,0,0,06-MAY-2024,
OPTIDX,FINNIFTY,14-May-2024,24400.0,PE,0.0,0.0,0.0,2558.0,2618.75,0,0.0,0,0,06-MAY-2024,
OPTIDX,FINNIFTY,21-May-2024,18400.0,CE,0.0,0.0,0.0,2824.95,3396.8,0,0.0,0,0,06-MAY-2024,
OPTIDX,FINNIFTY,21-May-2024,18500.0,CE,0.0,0.0,0.0,2726.15,3297.1,0,0.0,0,0,06-MAY-2024,
OPTIDX,FINNIFTY,21-May-2024,18600.0,CE,0.0,0.0,0.0,2627.5,3197.4,0,0.0,0,0,06-MAY-2024,
OPTIDX,FINNIFTY,21-May-2024,18700.0,CE,0.0,0.0,0.0,2529.05,3097.65,0,0.0,0,0,06-MAY-2024,
OPTIDX,FINNIFTY,21-May-2024,18800.0,CE,0.0,0.0,0.0,2430.9,2997.95,0,0.0,0,0,06-MAY-2024,
OPTIDX,FINNIFTY,21-May-2024,18900.0,CE,0.0,0.0,0.0,2333.05,2898.25,0,0.0,0,0,06-MAY-2024,
OPTIDX,FINNIFTY,21-May-2024,19000.0,CE,0.0,0.0,0.0,2235.6,2798.55,0,0.0,0,0,06-MAY-2024,
OPTIDX,FINNIFTY,21-May-2024,19100.0,CE,0.0,0.0,0.0,2138.7,2698.85,0,0.0,0,0,06-MAY-2024,
OPTIDX,FINNIFTY,21-May-2024,19200.0,CE,0.0,0.0,0.0,2042.35,2599.15,0,0.0,0,0,06-MAY-2024,
OPTIDX,FINNIFTY,21-May-2024,19300.0,CE,0.0,0.0,0.0,1946.7,2499.45,0,0.0,0,0,06-MAY-2024,
OPTIDX,FINNIFTY,21-May-2024,19400.0,CE,0.0,0.0,0.0,1851.9,2399.8,0,0.0,0,0,06-MAY-2024,
OPTIDX,FINNIFTY,21-May-2024,19500.0,CE,0.0,0.0,0.0,1758.05,2300.15,0,0.0,0,0,06-MAY-2024,
OPTIDX,FINNIFTY,21-May-2024,19600.0,CE,0.0,0.0,0.0,1665.35,2200.55,0,0.0,0,0,06-MAY-2024,
OPTIDX,FINNIFTY,21-May-2024,19650.0,CE,0.0,0.0,0.0,1619.5,2150.8,0,0.0,0,0,06-MAY-2024,
OPTIDX,FINNIFTY,21-May-2024,19700.0,CE,0.0,0.0,0.0,1573.95,2101.05,0,0.0,0,0,06-MAY-2024,
OPTIDX,FINNIFTY,21-May-2024,19750.0,CE,0.0,0.0,0.0,1528.8,2051.35,0,0.0,0,0,06-MAY-2024,
OPTIDX,FINNIFTY,21-May-2024,19800.0,CE,0.0,0.0,0.0,1484.0,2001.65,0,0.0,0,0,06-MAY-2024,
OPTIDX,FINNIFTY,21-May-2024,19850.0,CE,0.0,0.0,0.0,1439.65,1952.0,0,0.0,0,0,06-MAY-2024,
OPTIDX,FINNIFTY,21-May-2024,19900.0,CE,0.0,0.0,0.0,1395.7,1902.4,0,0.0,0,0,06-MAY-2024,
OPTIDX,FINNIFTY,21-May-2024,19950.0,CE,0.0,0.0,0.0,1352.25,1852.85,0,0.0,0,0,06-MAY-2024,
OPTIDX,FINNIFTY,21-May-2024,20000.0,CE,0.0,0.0,0.0,1309.25,1803.4,0,0.0,0,0,06-MAY-2024,
OPTIDX,FINNIFTY,21-May-2024,20050.0,CE,0.0,0.0,0.0,1266.8,1754.0,0,0.0,0,0,06-MAY-2024,
OPTIDX,FINNIFTY,21-May-2024,20100.0,CE,0.0,0.0,0.0,1224.85,1704.7,0,0.0,0,0,06-MAY-2024,
OPTIDX,FINNIFTY,21-May-2024,20150.0,CE,0.0,0.0,0.0,1183.45,1655.5,0,0.0,0,0,06-MAY-2024,
OPTIDX,FINNIFTY,21-May-2024,20200.0,CE,0.0,0.0,0.0,1142.6,1606.4,0,0.0,0,0,06-MAY-2024,
OPTIDX,FINNIFTY,21-May-2024,20250.0,CE,0.0,0.0,0.0,1102.4,1557.5,0,0.0,0,0,06-MAY-2024,
OPTIDX,FINNIFTY,21-May-2024,20300.0,CE,0.0,0.0,0.0,1062.8,1508.75,0,0.0,0,0,06-MAY-2024,
OPTIDX,FINNIFTY,21-May-2024,20350.0,CE,0.0,0.0,0.0,1023.85,1460.2,0,0.0,0,0,06-MAY-2024,
OPTIDX,FINNIFTY,21-May-2024,20400.0,CE,0.0,0.0,0.0,985.55,1411.85,0,0.0,0,0,06-MAY-2024,
OPTIDX,FINNIFTY,21-May-2024,20450.0,CE,0.0,0.0,0.0,947.95,1363.75,0,0.0,0,0,06-MAY-2024,
OPTIDX,FINNIFTY,21-May-2024,20500.0,CE,0.0,0.0,0.0,911.8,1315.95,0,0.0,0,0,06-MAY-2024,
OPTIDX,FINNIFTY,21-May-2024,20550.0,CE,0.0,0.0,0.0,874.7,1268.5,0,0.0,0,0,06-MAY-2024,
OPTIDX,FINNIFTY,21-May-2024,20600.0,CE,0.0,0.0,0.0,839.3,1221.35,0,0.0,0,0,06-MAY-2024,
OPTIDX,FINNIFTY,21-May-2024,20650.0,CE,0.0,0.0,0.0,804.7,1174.6,0,0.0,0,0,06-MAY-2024,
OPTIDX,FINNIFTY,21-May-2024,20700.0,CE,0.0,0.0,0.0,770.85,1128.3,0,0.0,0,0,06-MAY-2024,
OPTIDX,FINNIFTY,21-May-2024,20750.0,CE,0.0,0.0,0.0,737.8,1082.5,0,0.0,0,0,06-MAY-2024,
OPTIDX,FINNIFTY,21-May-2024,20800.0,CE,0.0,0.0,0.0,705.55,1037.2,0,0.0,0,0,06-MAY-2024,
OPTIDX,FINNIFTY,21-May-2024,20850.0,CE,0.0,0.0,0.0,674.15,992.45,0,0.0,0,0,06-MAY-2024,
OPTIDX,FINNIFTY,21-May-2024,20900.0,CE,0.0,0.0,0.0,643.55,948.35,0,0.0,0,0,06-MAY-2024,
OPTIDX,FINNIFTY,21-May-2024,20950.0,CE,0.0,0.0,0.0,613.8,904.9,0,0.0,0,0,06-MAY-2024,
OPTIDX,FINNIFTY,21-May-2024,21000.0,CE,0.0,0.0,0.0,584.9,862.2,0,0.0,0,0,06-MAY-2024,
OPTIDX,FINNIFTY,21-May-2024,21050.0,CE,0.0,0.0,0.0,556.85,820.25,0,0.0,0,0,06-MAY-2024,
OPTIDX,FINNIFTY,21-May-2024,21100.0,CE,0.0,0.0,0.0,529.7,779.15,0,0.0,0,0,06-MAY-2024,
OPTIDX,FINNIFTY,21-May-2024,21150.0,CE,0.0,0.0,0.0,503.35,738.9,0,0.0,0,0,06-MAY-2024,
OPTIDX,FINNIFTY,21-May-2024,21200.0,CE,0.0,0.0,0.0,477.9,699.55,0,0.0,0,0,06-MAY-2024,
OPTIDX,FINNIFTY,21-May-2024,21250.0,CE,0.0,0.0,0.0,453.2,661.2,0,0.0,0,0,06-MAY-2024,
OPTIDX,FINNIFTY,21-May-2024,21300.0,CE,0.0,0.0,0.0,429.45,624.65,0,0.0,0,0,06-MAY-2024,
OPTIDX,FINNIFTY,21-May-2024,21350.0,CE,0.0,0.0,0.0,406.6,587.45,0,0.0,0,0,06-MAY-2024,
OPTIDX,FINNIFTY,21-May-2024,21400.0,CE,0.0,0.0,0.0,384.55,552.3,0,0.0,0,0,06-MAY-2024,
OPTIDX,FINNIFTY,21-May-2024,21450.0,CE,0.0,0.0,0.0,363.35,518.3,0,0.0,0,0,06-MAY-2024,
OPTIDX,FINNIFTY,21-May-2024,21500.0,CE,0.0,0.0,0.0,343.0,485.45,0,0.0,0,0,06-MAY-2024,
OPTIDX,FINNIFTY,21-May-2024,21550.0,CE,0.0,0.0,0.0,323.45,453.8,0,0.0,0,0,06-MAY-2024,
OPTIDX,FINNIFTY,21-May-2024,21600.0,CE,0.0,0.0,0.0,304.7,423.35,0,0.0,0,0,06-MAY-2024,
OPTIDX,FINNIFTY,21-May-2024,21650.0,CE,0.0,0.0,0.0,286.8,394.2,0,0.0,0,0,06-MAY-2024,
OPTIDX,FINNIFTY,21-May-2024,21700.0,CE,0.0,0.0,0.0,269.65,366.25,0,0.0,0,0,06-MAY-2024,
OPTIDX,FINNIFTY,21-May-2024,21750.0,CE,0.0,0.0,0.0,253.25,339.6,0,0.0,0,0,06-MAY-2024,
OPTIDX,FINNIFTY,21-May-2024,21800.0,CE,0.0,0.0,0.0,237.65,314.15,0,0.0,0,0,06-MAY-2024,
OPTIDX,FINNIFTY,21-May-2024,21850.0,CE,0.0,0.0,0.0,222.75,290.05,0,0.0,0,0,06-MAY-2024,
OPTIDX,FINNIFTY,21-May-2024,21900.0,CE,0.0,0.0,0.0,208.6,267.2,0,0.0,0,0,06-MAY-2024,
OPTIDX,FINNIFTY,21-May-2024,21950.0,CE,0.0,0.0,0.0,195.15,245.65,0,0.0,0,0,06-MAY-2024,
OPTIDX,FINNIFTY,21-May-2024,22000.0,CE,0.0,0.0,0.0,183.3,225.3,0,0.0,0,0,06-MAY-2024,
OPTIDX,FINNIFTY,21-May-2024,22050.0,CE,0.0,0.0,0.0,329.85,206.15,0,0.0,40,0,06-MAY-2024,
OPTIDX,FINNIFTY,21-May-2024,22100.0,CE,0.0,0.0,0.0,159.0,188.2,0,0.0,0,0,06-MAY-2024,
OPTIDX,FINNIFTY,21-May-2024,22150.0,CE,0.0,0.0,0.0,148.15,171.45,0,0.0,0,0,06-MAY-2024,
OPTIDX,FINNIFTY,21-May-2024,22200.0,CE,0.0,0.0,0.0,137.9,155.8,0,0.0,0,0,06-MAY-2024,
OPTIDX,FINNIFTY,21-May-2024,22250.0,CE,0.0,0.0,0.0,128.25,141.25,0,0.0,0,0,06-MAY-2024,
OPTIDX,FINNIFTY,21-May-2024,22300.0,CE,0.0,0.0,0.0,119.1,127.75,0,0.0,0,0,06-MAY-2024,
OPTIDX,FINNIFTY,21-May-2024,22350.0,CE,0.0,0.0,0.0,110.55,115.45,0,0.0,0,0,06-MAY-2024,
OPTIDX,FINNIFTY,21-May-2024,22400.0,CE,0.0,0.0,0.0,102.45,103.95,0,0.0,0,0,06-MAY-2024,
OPTIDX,FINNIFTY,21-May-2024,22450.0,CE,0.0,0.0,0.0,94.85,93.35,0,0.0,0,0,06-MAY-2024,
OPTIDX,FINNIFTY,21-May-2024,22500.0,CE,0.0,0.0,0.0,87.75,83.65,0,0.0,0,0,06-MAY-2024,
OPTIDX,FINNIFTY,21-May-2024,22550.0,CE,0.0,0.0,0.0,81.1,74.75,0,0.0,0,0,06-MAY-2024,
OPTIDX,FINNIFTY,21-May-2024,22600.0,CE,0.0,0.0,0.0,74.85,66.65,0,0.0,0,0,06-MAY-2024,
OPTIDX,FINNIFTY,21-May-2024,22650.0,CE,0.0,0.0,0.0,69.0,59.25,0,0.0,0,0,06-MAY-2024,
OPTIDX,FINNIFTY,21-May-2024,22700.0,CE,0.0,0.0,0.0,63.6,52.6,0,0.0,0,0,06-MAY-2024,
OPTIDX,FINNIFTY,21-May-2024,22750.0,CE,0.0,0.0,0.0,58.5,46.55,0,0.0,0,0,06-MAY-2024,
OPTIDX,FINNIFTY,21-May-2024,22800.0,CE,0.0,0.0,0.0,53.8,41.05,0,0.0,0,0,06-MAY-2024,
OPTIDX,FINNIFTY,21-May-2024,22850.0,CE,0.0,0.0,0.0,49.4,36.15,0,0.0,0,0,06-MAY-2024,
OPTIDX,FINNIFTY,21-May-2024,22900.0,CE,0.0,0.0,0.0,45.3,31.75,0,0.0,0,0,06-MAY-2024,
OPTIDX,FINNIFTY,21-May-2024,22950.0,CE,48.5,48.5,19.95,19.95,27.8,9,82.72,160,160,06-MAY-2024,
OPTIDX,FINNIFTY,21-May-2024,23000.0,CE,0.0,0.0,0.0,38.0,24.3,0,0.0,0,0,06-MAY-2024,
OPTIDX,FINNIFTY,21-May-2024,23050.0,CE,39.5,39.5,39.5,39.5,21.2,1,9.23,40,40,06-MAY-2024,
OPTIDX,FINNIFTY,21-May-2024,23100.0,CE,0.0,0.0,0.0,10.45,18.4,0,0.0,40,0,06-MAY-2024,
OPTIDX,FINNIFTY,21-May-2024,23200.0,CE,0.0,0.0,0.0,26.4,13.8,0,0.0,0,0,06-MAY-2024,
OPTIDX,FINNIFTY,21-May-2024,23300.0,CE,0.0,0.0,0.0,21.85,10.25,0,0.0,0,0,06-MAY-2024,
OPTIDX,FINNIFTY,21-May-2024,23400.0,CE,0.0,0.0,0.0,18.0,7.55,0,0.0,0,0,06-MAY-2024,
OPTIDX,FINNIFTY,21-May-2024,23500.0,CE,0.0,0.0,0.0,12.1,5.45,0,0.0,320,0,06-MAY-2024,
OPTIDX,FINNIFTY,21-May-2024,23600.0,CE,10.1,10.1,7.95,7.95,3.95,2,18.88,40,40,06-MAY-2024,
OPTIDX,FINNIFTY,21-May-2024,23700.0,CE,0.0,0.0,0.0,9.85,2.8,0,0.0,0,0,06-MAY-2024,
OPTIDX,FINNIFTY,21-May-2024,23800.0,CE,0.0,0.0,0.0,8.0,2.0,0,0.0,0,0,06-MAY-2024,
OPTIDX,FINNIFTY,21-May-2024,23900.0,CE,0.0,0.0,0.0,6.45,1.4,0,0.0,0,0,06-MAY-2024,
OPTIDX,FINNIFTY,21-May-2024,24000.0,CE,0.0,0.0,0.0,6.4,0.95,0,0.0,40,0,06-MAY-2024,
OPTIDX,FINNIFTY,21-May-2024,24100.0,CE,0.0,0.0,0.0,4.2,0.65,0,0.0,0,0,06-MAY-2024,
OPTIDX,FINNIFTY,21-May-2024,24200.0,CE,0.0,0.0,0.0,3.35,0.45,0,0.0,0,0,06-MAY-2024,
OPTIDX,FINNIFTY,21-May-2024,24300.0,CE,0.0,0.0,0.0,2.65,0.3,0,0.0,0,0,06-MAY-2024,
OPTIDX,FINNIFTY,21-May-2024,24400.0,CE,0.0,0.0,0.0,2.1,0.2,0,0.0,0,0,06-MAY-2024,
OPTIDX,FINNIFTY,21-May-2024,18400.0,PE,0.0,0.0,0.0,1.35,0.0,0,0.0,0,0,06-MAY-2024,
OPTIDX,FINNIFTY,21-May-2024,18500.0,PE,0.0,0.0,0.0,1.85,0.0,0,0.0,0,0,06-MAY-2024,
OPTIDX,FINNIFTY,21-May-2024,18600.0,PE,0.0,0.0,0.0,2.55,0.0,0,0.0,0,0,06-MAY-2024,
OPTIDX,FINNIFTY,21-May-2024,18700.0,PE,0.0,0.0,0.0,3.45,0.0,0,0.0,0,0,06-MAY-2024,
OPTIDX,FINNIFTY,21-May-2024,18800.0,PE,0.0,0.0,0.0,4.6,0.0,0,0.0,0,0,06-MAY-2024,
OPTIDX,FINNIFTY,21-May-2024,18900.0,PE,0.0,0.0,0.0,6.05,0.05,0,0.0,0,0,06-MAY-2024,
OPTIDX,FINNIFTY,21-May-2024,19000.0,PE,0.0,0.0,0.0,7.95,0.05,0,0.0,0,0,06-MAY-2024,
OPTIDX,FINNIFTY,21-May-2024,19100.0,PE,0.0,0.0,0.0,10.35,0.05,0,0.0,0,0,06-MAY-2024,
OPTIDX,FINNIFTY,21-May-2024,19200.0,PE,0.0,0.0,0.0,13.3,0.05,0,0.0,0,0,06-MAY-2024,
OPTIDX,FINNIFTY,21-May-2024,19300.0,PE,0.0,0.0,0.0,17.0,0.1,0,0.0,0,0,06-MAY-2024,
OPTIDX,FINNIFTY,21-May-2024,19400.0,PE,0.0,0.0,0.0,21.55,0.15,0,0.0,0,0,06-MAY-2024,
OPTIDX,FINNIFTY,21-May-2024,19500.0,PE,0.0,0.0,0.0,27.0,0.2,0,0.0,0,0,06-MAY-2024,
OPTIDX,FINNIFTY,21-May-2024,19600.0,PE,0.0,0.0,0.0,33.65,0.35,0,0.0,0,0,06-MAY-2024,
OPTIDX,FINNIFTY,21-May-2024,19650.0,PE,0.0,0.0,0.0,37.45,0.4,0,0.0,0,0,06-MAY-2024,
OPTIDX,FINNIFTY,21-May-2024,19700.0,PE,0.0,0.0,0.0,41.55,0.5,0,0.0,0,0,06-MAY-2024,
OPTIDX,FINNIFTY,21-May-2024,19750.0,PE,0.0,0.0,0.0,46.05,0.65,0,0.0,0,0,06-MAY-2024,
OPTIDX,FINNIFTY,21-May-2024,19800.0,PE,0.0,0.0,0.0,50.95,0.85,0,0.0,0,0,06-MAY-2024,
OPTIDX,FINNIFTY,21-May-2024,19850.0,PE,0.0,0.0,0.0,56.25,1.05,0,0.0,0,0,06-MAY-2024,
OPTIDX,FINNIFTY,21-May-2024,19900.0,PE,0.0,0.0,0.0,62.0,1.3,0,0.0,0,0,06-MAY-2024,
OPTIDX,FINNIFTY,21-May-2024,19950.0,PE,0.0,0.0,0.0,68.15,1.6,0,0.0,0,0,06-MAY-2024,
OPTIDX,FINNIFTY,21-May-2024,20000.0,PE,0.0,0.0,0.0,74.85,2.0,0,0.0,0,0,06-MAY-2024,
OPTIDX,FINNIFTY,21-May-2024,20050.0,PE,0.0,0.0,0.0,82.0,2.45,0,0.0,0,0,06-MAY-2024,
OPTIDX,FINNIFTY,21-May-2024,20100.0,PE,0.0,0.0,0.0,89.75,3.0,0,0.0,0,0,06-MAY-2024,
OPTIDX,FINNIFTY,21-May-2024,20150.0,PE,0.0,0.0,0.0,98.0,3.65,0,0.0,0,0,06-MAY-2024,
OPTIDX,FINNIFTY,21-May-2024,20200.0,PE,0.0,0.0,0.0,106.85,4.45,0,0.0,0,0,06-MAY-2024,
OPTIDX,FINNIFTY,21-May-2024,20250.0,PE,0.0,0.0,0.0,116.25,5.4,0,0.0,0,0,06-MAY-2024,
OPTIDX,FINNIFTY,21-May-2024,20300.0,PE,0.0,0.0,0.0,126.35,6.5,0,0.0,0,0,06-MAY-2024,
OPTIDX,FINNIFTY,21-May-2024,20350.0,PE,0.0,0.0,0.0,137.05,7.8,0,0.0,0,0,06-MAY-2024,
OPTIDX,FINNIFTY,21-May-2024,20400.0,PE,0.0,0.0,0.0,148.4,9.3,0,0.0,0,0,06-MAY-2024,
OPTIDX,FINNIFTY,21-May-2024,20450.0,PE,0.0,0.0,0.0,160.5,11.1,0,0.0,0,0,06-MAY-2024,
OPTIDX,FINNIFTY,21-May-2024,20500.0,PE,0.0,0.0,0.0,174.0,13.15,0,0.0,0,0,06-MAY-2024,
OPTIDX,FINNIFTY,21-May-2024,20550.0,PE,0.0,0.0,0.0,186.6,15.5,0,0.0,0,0,06-MAY-2024,
OPTIDX,FINNIFTY,21-May-2024,20600.0,PE,0.0,0.0,0.0,200.85,18.2,0,0.0,0,0,06-MAY-2024,
OPTIDX,FINNIFTY,21-May-2024,20650.0,PE,0.0,0.0,0.0,215.9,21.35,0,0.0,0,0,06-MAY-2024,
OPTIDX,FINNIFTY,21-May-2024,20700.0,PE,0.0,0.0,0.0,231.7,24.9,0,0.0,0,0,06-MAY-2024,
OPTIDX,FINNIFTY,21-May-2024,20750.0,PE,0.0,0.0,0.0,248.3,28.9,0,0.0,0,0,06-MAY-2024,
OPTIDX,FINNIFTY,21-May-2024,20800.0,PE,0.0,0.0,0.0,265.7,33.5,0,0.0,0,0,06-MAY-2024,
OPTIDX,FINNIFTY,21-May-2024,20850.0,PE,0.0,0.0,0.0,283.95,38.6,0,0.0,0,0,06-MAY-2024,
OPTIDX,FINNIFTY,21-May-2024,20900.0,PE,0.0,0.0,0.0,303.05,44.35,0,0.0,0,0,06-MAY-2024,
OPTIDX,FINNIFTY,21-May-2024,20950.0,PE,0.0,0.0,0.0,322.95,50.75,0,0.0,0,0,06-MAY-2024,
OPTIDX,FINNIFTY,21-May-2024,21000.0,PE,0.0,0.0,0.0,343.75,57.9,0,0.0,0,0,06-MAY-2024,
OPTIDX,FINNIFTY,21-May-2024,21050.0,PE,0.0,0.0,0.0,365.35,65.85,0,0.0,0,0,06-MAY-2024,
OPTIDX,FINNIFTY,21-May-2024,21100.0,PE,0.0,0.0,0.0,387.8,74.55,0,0.0,0,0,06-MAY-2024,
OPTIDX,FINNIFTY,21-May-2024,21150.0,PE,0.0,0.0,0.0,411.15,84.15,0,0.0,0,0,06-MAY-2024,
OPTIDX,FINNIFTY,21-May-2024,21200.0,PE,0.0,0.0,0.0,435.35,94.7,0,0.0,0,0,06-MAY-2024,
OPTIDX,FINNIFTY,21-May-2024,21250.0,PE,0.0,0.0,0.0,109.45,106.2,0,0.0,40,0,06-MAY-2024,
OPTIDX,FINNIFTY,21-May-2024,21300.0,PE,0.0,0.0,0.0,486.25,119.5,0,0.0,0,0,06-MAY-2024,
OPTIDX,FINNIFTY,21-May-2024,21350.0,PE,0.0,0.0,0.0,513.05,132.2,0,0.0,0,0,06-MAY-2024,
OPTIDX,FINNIFTY,21-May-2024,21400.0,PE,0.0,0.0,0.0,540.65,146.85,0,0.0,0,0,06-MAY-2024,
OPTIDX,FINNIFTY,21-May-2024,21450.0,PE,0.0,0.0,0.0,569.15,162.7,0,0.0,0,0,06-MAY-2024,
OPTIDX,FINNIFTY,21-May-2024,21500.0,PE,0.0,0.0,0.0,598.45,179.7,0,0.0,0,0,06-MAY-2024,
OPTIDX,FINNIFTY,21-May-2024,21550.0,PE,0.0,0.0,0.0,628.55,197.9,0,0.0,0,0,06-MAY-2024,
OPTIDX,FINNIFTY,21-May-2024,21600.0,PE,0.0,0.0,0.0,659.5,217.35,0,0.0,0,0,06-MAY-2024,
OPTIDX,FINNIFTY,21-May-2024,21650.0,PE,0.0,0.0,0.0,691.2,238.05,0,0.0,0,0,06-MAY-2024,
OPTIDX,FINNIFTY,21-May-2024,21700.0,PE,0.0,0.0,0.0,723.75,259.95,0,0.0,0,0,06-MAY-2024,
OPTIDX,FINNIFTY,21-May-2024,21750.0,PE,0.0,0.0,0.0,757.0,283.15,0,0.0,0,0,06-MAY-2024,
OPTIDX,FINNIFTY,21-May-2024,21800.0,PE,321.8,321.8,289.6,289.6,307.55,2,17.68,40,40,06-MAY-2024,
OPTIDX,FINNIFTY,21-May-2024,21850.0,PE,350.0,350.0,202.0,202.0,333.3,3,26.52,160,0,06-MAY-2024,
OPTIDX,FINNIFTY,21-May-2024,21900.0,PE,0.0,0.0,0.0,861.35,360.35,0,0.0,0,0,06-MAY-2024,
OPTIDX,FINNIFTY,21-May-2024,21950.0,PE,0.0,0.0,0.0,897.55,388.6,0,0.0,0,0,06-MAY-2024,
OPTIDX,FINNIFTY,21-May-2024,22000.0,PE,0.0,0.0,0.0,935.35,418.1,0,0.0,0,0,06-MAY-2024,
OPTIDX,FINNIFTY,21-May-2024,22050.0,PE,0.0,0.0,0.0,973.05,448.85,0,0.0,0,0,06-MAY-2024,
OPTIDX,FINNIFTY,21-May-2024,22100.0,PE,0.0,0.0,0.0,1010.4,480.75,0,0.0,0,0,06-MAY-2024,
OPTIDX,FINNIFTY,21-May-2024,22150.0,PE,0.0,0.0,0.0,1049.2,513.85,0,0.0,0,0,06-MAY-2024,
OPTIDX,FINNIFTY,21-May-2024,22200.0,PE,0.0,0.0,0.0,1088.6,548.05,0,0.0,0,0,06-MAY-2024,
OPTIDX,FINNIFTY,21-May-2024,22250.0,PE,0.0,0.0,0.0,1128.6,583.35,0,0.0,0,0,06-MAY-2024,
OPTIDX,FINNIFTY,21-May-2024,22300.0,PE,0.0,0.0,0.0,1169.15,619.75,0,0.0,0,0,06-MAY-2024,
OPTIDX,FINNIFTY,21-May-2024,22350.0,PE,0.0,0.0,0.0,1210.2,657.25,0,0.0,0,0,06-MAY-2024,
OPTIDX,FINNIFTY,21-May-2024,22400.0,PE,0.0,0.0,0.0,1251.8,695.6,0,0.0,0,0,06-MAY-2024,
OPTIDX,FINNIFTY,21-May-2024,22450.0,PE,0.0,0.0,0.0,1293.9,734.9,0,0.0,0,0,06-MAY-2024,
OPTIDX,FINNIFTY,21-May-2024,22500.0,PE,0.0,0.0,0.0,1336.45,775.0,0,0.0,0,0,06-MAY-2024,
OPTIDX,FINNIFTY,21-May-2024,22550.0,PE,0.0,0.0,0.0,1379.45,816.0,0,0.0,0,0,06-MAY-2024,
OPTIDX,FINNIFTY,21-May-2024,22600.0,PE,0.0,0.0,0.0,1422.85,857.75,0,0.0,0,0,06-MAY-2024,
OPTIDX,FINNIFTY,21-May-2024,22650.0,PE,0.0,0.0,0.0,1466.7,900.25,0,0.0,0,0,06-MAY-2024,
OPTIDX,FINNIFTY,21-May-2024,22700.0,PE,0.0,0.0,0.0,1510.9,943.4,0,0.0,0,0,06-MAY-2024,
OPTIDX,FINNIFTY,21-May-2024,22750.0,PE,0.0,0.0,0.0,1555.5,987.2,0,0.0,0,0,06-MAY-2024,
OPTIDX,FINNIFTY,21-May-2024,22800.0,PE,0.0,0.0,0.0,1600.45,1031.6,0,0.0,0,0,06-MAY-2024,
OPTIDX,FINNIFTY,21-May-2024,22850.0,PE,0.0,0.0,0.0,1645.7,1076.55,0,0.0,0,0,06-MAY-2024,
OPTIDX,FINNIFTY,21-May-2024,22900.0,PE,0.0,0.0,0.0,1691.25,1122.0,0,0.0,0,0,06-MAY-2024,
OPTIDX,FINNIFTY,21-May-2024,22950.0,PE,0.0,0.0,0.0,1737.15,1167.9,0,0.0,0,0,06-MAY-2024,
OPTIDX,FINNIFTY,21-May-2024,23000.0,PE,0.0,0.0,0.0,1783.3,1214.25,0,0.0,0,0,06-MAY-2024,
OPTIDX,FINNIFTY,21-May-2024,23050.0,PE,0.0,0.0,0.0,1829.7,1261.0,0,0.0,0,0,06-MAY-2024,
OPTIDX,FINNIFTY,21-May-2024,23100.0,PE,0.0,0.0,0.0,1876.35,1308.05,0,0.0,0,0,06-MAY-2024,
OPTIDX,FINNIFTY,21-May-2024,23200.0,PE,0.0,0.0,0.0,1970.35,1403.15,0,0.0,0,0,06-MAY-2024,
OPTIDX,FINNIFTY,21-May-2024,23300.0,PE,0.0,0.0,0.0,2065.15,1499.35,0,0.0,0,0,06-MAY-2024,
OPTIDX,FINNIFTY,21-May-2024,23400.0,PE,0.0,0.0,0.0,2160.65,1596.3,0,0.0,0,0,06-MAY-2024,
OPTIDX,FINNIFTY,21-May-2024,23500.0,PE,0.0,0.0,0.0,2256.75,1694.0,0,0.0,0,0,06-MAY-2024,
OPTIDX,FINNIFTY,21-May-2024,23600.0,PE,0.0,0.0,0.0,2353.35,1792.15,0,0.0,0,0,06-MAY-2024,
OPTIDX,FINNIFTY,21-May-2024,23700.0,PE,0.0,0.0,0.0,2450.45,1890.75,0,0.0,0,0,06-MAY-2024,
OPTIDX,FINNIFTY,21-May-2024,23800.0,PE,0.0,0.0,0.0,2547.9,1989.65,0,0.0,0,0,06-MAY-2024,
OPTIDX,FINNIFTY,21-May-2024,23900.0,PE,0.0,0.0,0.0,2645.7,2088.75,0,0.0,0,0,06-MAY-2024,
OPTIDX,FINNIFTY,21-May-2024,24000.0,PE,0.0,0.0,0.0,2743.75,2188.05,0,0.0,0,0,06-MAY-2024,
OPTIDX,FINNIFTY,21-May-2024,24100.0,PE,0.0,0.0,0.0,2842.05,2287.45,0,0.0,0,0,06-MAY-2024,
OPTIDX,FINNIFTY,21-May-2024,24200.0,PE,0.0,0.0,0.0,2940.55,2386.95,0,0.0,0,0,06-MAY-2024,
OPTIDX,FINNIFTY,21-May-2024,24300.0,PE,0.0,0.0,0.0,3039.2,2486.5,0,0.0,0,0,06-MAY-2024,
OPTIDX,FINNIFTY,21-May-2024,24400.0,PE,0.0,0.0,0.0,3137.95,2586.1,0,0.0,0,0,06-MAY-2024,
OPTIDX,FINNIFTY,28-May-2024,17500.0,CE,0.0,0.0,0.0,3388.0,4317.7,0,0.0,0,0,06-MAY-2024,
OPTIDX,FINNIFTY,28-May-2024,18000.0,CE,0.0,0.0,0.0,2917.15,3819.85,0,0.0,0,0,06-MAY-2024,
OPTIDX,FINNIFTY,28-May-2024,18300.0,CE,0.0,0.0,0.0,2642.2,3521.1,0,0.0,0,0,06-MAY-2024,
OPTIDX,FINNIFTY,28-May-2024,18400.0,CE,0.0,0.0,0.0,2552.2,3421.55,0,0.0,0,0,06-MAY-2024,
OPTIDX,FINNIFTY,28-May-2024,18500.0,CE,0.0,0.0,0.0,2463.05,3321.95,0,0.0,0,0,06-MAY-2024,
OPTIDX,FINNIFTY,28-May-2024,18600.0,CE,0.0,0.0,0.0,2374.95,3222.4,0,0.0,0,0,06-MAY-2024,
OPTIDX,FINNIFTY,28-May-2024,18700.0,CE,0.0,0.0,0.0,2287.9,3122.85,0,0.0,0,0,06-MAY-2024,
OPTIDX,FINNIFTY,28-May-2024,18800.0,CE,0.0,0.0,0.0,2201.95,3023.25,0,0.0,0,0,06-MAY-2024,
OPTIDX,FINNIFTY,28-May-2024,18900.0,CE,0.0,0.0,0.0,2117.25,2923.75,0,0.0,0,0,06-MAY-2024,
OPTIDX,FINNIFTY,28-May-2024,19000.0,CE,0.0,0.0,0.0,2033.8,2824.2,0,0.0,0,0,06-MAY-2024,
OPTIDX,FINNIFTY,28-May-2024,19100.0,CE,0.0,0.0,0.0,1951.7,2724.75,0,0.0,0,0,06-MAY-2024,
OPTIDX,FINNIFTY,28-May-2024,19200.0,CE,0.0,0.0,0.0,1871.0,2625.3,0,0.0,0,0,06-MAY-2024,
OPTIDX,FINNIFTY,28-May-2024,19300.0,CE,0.0,0.0,0.0,1791.8,2525.9,0,0.0,0,0,06-MAY-2024,
OPTIDX,FINNIFTY,28-May-2024,19400.0,CE,0.0,0.0,0.0,1714.1,2426.6,0,0.0,0,0,06-MAY-2024,
OPTIDX,FINNIFTY,28-May-2024,19500.0,CE,0.0,0.0,0.0,1638.05,2327.45,0,0.0,0,0,06-MAY-2024,
OPTIDX,FINNIFTY,28-May-2024,19600.0,CE,0.0,0.0,0.0,1563.7,2228.45,0,0.0,0,0,06-MAY-2024,
OPTIDX,FINNIFTY,28-May-2024,19700.0,CE,0.0,0.0,0.0,1491.7,2129.7,0,0.0,0,0,06-MAY-2024,
OPTIDX,FINNIFTY,28-May-2024,19800.0,CE,0.0,0.0,0.0,1419.9,2031.2,0,0.0,0,0,06-MAY-2024,
OPTIDX,FINNIFTY,28-May-2024,19900.0,CE,0.0,0.0,0.0,1350.9,1933.1,0,0.0,0,0,06-MAY-2024,
OPTIDX,FINNIFTY,28-May-2024,20000.0,CE,0.0,0.0,0.0,1283.8,1835.5,0,0.0,0,0,06-MAY-2024,
OPTIDX,FINNIFTY,28-May-2024,20100.0,CE,0.0,0.0,0.0,1218.65,1738.55,0,0.0,0,0,06-MAY-2024,
OPTIDX,FINNIFTY,28-May-2024,20200.0,CE,0.0,0.0,0.0,1155.4,1642.35,0,0.0,0,0,06-MAY-2024,
OPTIDX,FINNIFTY,28-May-2024,20300.0,CE,0.0,0.0,0.0,1094.15,1547.1,0,0.0,0,0,06-MAY-2024,
OPTIDX,FINNIFTY,28-May-2024,20400.0,CE,0.0,0.0,0.0,1034.95,1453.0,0,0.0,0,0,06-MAY-2024,
OPTIDX,FINNIFTY,28-May-2024,20500.0,CE,0.0,0.0,0.0,977.75,1360.25,0,0.0,0,0,06-MAY-2024,
OPTIDX,FINNIFTY,28-May-2024,20550.0,CE,0.0,0.0,0.0,1439.1,1314.45,0,0.0,0,0,06-MAY-2024,
OPTIDX,FINNIFTY,28-May-2024,20600.0,CE,0.0,0.0,0.0,922.6,1269.1,0,0.0,0,0,06-MAY-2024,
OPTIDX,FINNIFTY,28-May-2024,20650.0,CE,0.0,0.0,0.0,1349.5,1224.2,0,0.0,0,0,06-MAY-2024,
OPTIDX,FINNIFTY,28-May-2024,20700.0,CE,0.0,0.0,0.0,869.55,1179.8,0,0.0,0,0,06-MAY-2024,
OPTIDX,FINNIFTY,28-May-2024,20750.0,CE,0.0,0.0,0.0,1261.7,1135.95,0,0.0,0,0,06-MAY-2024,
OPTIDX,FINNIFTY,28-May-2024,20800.0,CE,0.0,0.0,0.0,818.5,1092.65,0,0.0,0,0,06-MAY-2024,
OPTIDX,FINNIFTY,28-May-2024,20850.0,CE,0.0,0.0,0.0,1175.95,1049.95,0,0.0,0,0,06-MAY-2024,
OPTIDX,FINNIFTY,28-May-2024,20900.0,CE,0.0,0.0,0.0,769.4,1007.85,0,0.0,0,0,06-MAY-2024,
OPTIDX,FINNIFTY,28-May-2024,20950.0,CE,0.0,0.0,0.0,1092.5,966.45,0,0.0,0,0,06-MAY-2024,
OPTIDX,FINNIFTY,28-May-2024,21000.0,CE,0.0,0.0,0.0,722.45,925.8,0,0.0,0,0,06-MAY-2024,
OPTIDX,FINNIFTY,28-May-2024,21050.0,CE,0.0,0.0,0.0,1011.55,885.85,0,0.0,0,0,06-MAY-2024,
OPTIDX,FINNIFTY,28-May-2024,21100.0,CE,0.0,0.0,0.0,869.0,846.65,0,0.0,80,0,06-MAY-2024,
OPTIDX,FINNIFTY,28-May-2024,21150.0,CE,0.0,0.0,0.0,933.3,808.25,0,0.0,0,0,06-MAY-2024,
OPTIDX,FINNIFTY,28-May-2024,21200.0,CE,0.0,0.0,0.0,634.6,771.6,0,0.0,0,0,06-MAY-2024,
OPTIDX,FINNIFTY,28-May-2024,21250.0,CE,0.0,0.0,0.0,858.75,733.9,0,0.0,0,0,06-MAY-2024,
OPTIDX,FINNIFTY,28-May-2024,21300.0,CE,767.55,767.55,767.55,767.55,698.15,1,8.82,200,0,06-MAY-2024,
OPTIDX,FINNIFTY,28-May-2024,21350.0,CE,0.0,0.0,0.0,785.55,663.3,0,0.0,0,0,06-MAY-2024,
OPTIDX,FINNIFTY,28-May-2024,21400.0,CE,0.0,0.0,0.0,656.3,629.4,0,0.0,440,0,06-MAY-2024,
OPTIDX,FINNIFTY,28-May-2024,21450.0,CE,0.0,0.0,0.0,716.65,596.5,0,0.0,0,0,06-MAY-2024,
OPTIDX,FINNIFTY,28-May-2024,21500.0,CE,533.0,533.05,533.0,533.05,564.55,13,114.57,120,-520,06-MAY-2024,
OPTIDX,FINNIFTY,28-May-2024,21550.0,CE,0.0,0.0,0.0,651.15,533.6,0,0.0,0,0,06-MAY-2024,
OPTIDX,FINNIFTY,28-May-2024,21600.0,CE,0.0,0.0,0.0,541.5,503.7,0,0.0,80,0,06-MAY-2024,
OPTIDX,FINNIFTY,28-May-2024,21650.0,CE,0.0,0.0,0.0,589.25,474.8,0,0.0,0,0,06-MAY-2024,
OPTIDX,FINNIFTY,28-May-2024,21700.0,CE,0.0,0.0,0.0,448.9,447.0,0,0.0,0,0,06-MAY-2024,
OPTIDX,FINNIFTY,28-May-2024,21750.0,CE,0.0,0.0,0.0,530.95,420.2,0,0.0,0,0,06-MAY-2024,
OPTIDX,FINNIFTY,28-May-2024,21800.0,CE,455.55,455.55,335.7,335.7,335.7,5,44.35,80,40,06-MAY-2024,
OPTIDX,FINNIFTY,28-May-2024,21850.0,CE,0.0,0.0,0.0,476.4,369.65,0,0.0,0,0,06-MAY-2024,
OPTIDX,FINNIFTY,28-May-2024,21900.0,CE,350.0,368.55,287.25,287.25,346.0,28,249.05,960,320,06-MAY-2024,
OPTIDX,FINNIFTY,28-May-2024,21950.0,CE,0.0,0.0,0.0,425.45,323.4,0,0.0,0,0,06-MAY-2024,
OPTIDX,FINNIFTY,28-May-2024,22000.0,CE,260.2,320.9,250.75,270.45,270.45,35,312.11,5880,80,06-MAY-2024,
OPTIDX,FINNIFTY,28-May-2024,22050.0,CE,0.0,0.0,0.0,382.15,281.3,0,0.0,40,0,06-MAY-2024,
OPTIDX,FINNIFTY,28-May-2024,22100.0,CE,235.0,235.0,235.0,235.0,261.75,22,196.54,200,-160,06-MAY-2024,
OPTIDX,FINNIFTY,28-May-2024,22150.0,CE,0.0,0.0,0.0,334.9,243.15,0,0.0,0,0,06-MAY-2024,
OPTIDX,FINNIFTY,28-May-2024,22200.0,CE,0.0,0.0,0.0,308.65,225.6,0,0.0,0,0,06-MAY-2024,
OPTIDX,FINNIFTY,28-May-2024,22250.0,CE,0.0,0.0,0.0,295.05,208.95,0,0.0,0,0,06-MAY-2024,
OPTIDX,FINNIFTY,28-May-2024,22300.0,CE,0.0,0.0,0.0,284.0,193.25,0,0.0,240,0,06-MAY-2024,
OPTIDX,FINNIFTY,28-May-2024,22350.0,CE,0.0,0.0,0.0,258.75,178.45,0,0.0,0,0,06-MAY-2024,
OPTIDX,FINNIFTY,28-May-2024,22400.0,CE,0.0,0.0,0.0,150.0,164.5,0,0.0,240,0,06-MAY-2024,
OPTIDX,FINNIFTY,28-May-2024,22450.0,CE,0.0,0.0,0.0,225.8,151.4,0,0.0,0,0,06-MAY-2024,
OPTIDX,FINNIFTY,28-May-2024,22500.0,CE,0.0,0.0,0.0,100.0,139.35,0,0.0,1160,0,06-MAY-2024,
OPTIDX,FINNIFTY,28-May-2024,22550.0,CE,0.0,0.0,0.0,196.1,127.85,0,0.0,0,0,06-MAY-2024,
OPTIDX,FINNIFTY,28-May-2024,22600.0,CE,0.0,0.0,0.0,222.7,117.15,0,0.0,0,0,06-MAY-2024,
OPTIDX,FINNIFTY,28-May-2024,22650.0,CE,0.0,0.0,0.0,170.45,107.2,0,0.0,0,0,06-MAY-2024,
OPTIDX,FINNIFTY,28-May-2024,22700.0,CE,128.0,128.0,128.0,128.0,97.9,2,18.26,720,40,06-MAY-2024,
OPTIDX,FINNIFTY,28-May-2024,22750.0,CE,0.0,0.0,0.0,146.0,89.25,0,0.0,0,0,06-MAY-2024,
OPTIDX,FINNIFTY,28-May-2024,22800.0,CE,0.0,0.0,0.0,70.0,81.25,0,0.0,280,0,06-MAY-2024,
OPTIDX,FINNIFTY,28-May-2024,22850.0,CE,0.0,0.0,0.0,125.0,73.85,0,0.0,0,0,06-MAY-2024,
OPTIDX,FINNIFTY,28-May-2024,22900.0,CE,0.0,0.0,0.0,172.35,67.0,0,0.0,0,0,06-MAY-2024,
OPTIDX,FINNIFTY,28-May-2024,22950.0,CE,0.0,0.0,0.0,106.45,60.7,0,0.0,0,0,06-MAY-2024,
OPTIDX,FINNIFTY,28-May-2024,23000.0,CE,0.0,0.0,0.0,157.85,54.9,0,0.0,0,0,06-MAY-2024,
OPTIDX,FINNIFTY,28-May-2024,23050.0,CE,0.0,0.0,0.0,90.25,49.6,0,0.0,0,0,06-MAY-2024,
OPTIDX,FINNIFTY,28-May-2024,23100.0,CE,0.0,0.0,0.0,144.4,44.7,0,0.0,0,0,06-MAY-2024,
OPTIDX,FINNIFTY,28-May-2024,23200.0,CE,0.0,0.0,0.0,59.95,36.15,0,0.0,160,0,06-MAY-2024,
OPTIDX,FINNIFTY,28-May-2024,23300.0,CE,44.0,44.0,26.0,26.4,29.0,6,55.99,160,80,06-MAY-2024,
OPTIDX,FINNIFTY,28-May-2024,23400.0,CE,0.0,0.0,0.0,109.7,23.15,0,0.0,0,0,06-MAY-2024,
OPTIDX,FINNIFTY,28-May-2024,23500.0,CE,0.0,0.0,0.0,46.7,18.35,0,0.0,80,0,06-MAY-2024,
OPTIDX,FINNIFTY,28-May-2024,23600.0,CE,0.0,0.0,0.0,35.9,14.45,0,0.0,40,0,06-MAY-2024,
OPTIDX,FINNIFTY,28-May-2024,23700.0,CE,0.0,0.0,0.0,26.9,11.3,0,0.0,80,0,06-MAY-2024,
OPTIDX,FINNIFTY,28-May-2024,23800.0,CE,0.0,0.0,0.0,74.75,8.8,0,0.0,0,0,06-MAY-2024,
OPTIDX,FINNIFTY,28-May-2024,23900.0,CE,0.0,0.0,0.0,67.7,6.8,0,0.0,0,0,06-MAY-2024,
OPTIDX,FINNIFTY,28-May-2024,24000.0,CE,9.7,12.55,9.7,12.55,12.55,3,28.81,1840,40,06-MAY-2024,
OPTIDX,FINNIFTY,28-May-2024,24100.0,CE,0.0,0.0,0.0,55.35,3.95,0,0.0,0,0,06-MAY-2024,
OPTIDX,FINNIFTY,28-May-2024,24200.0,CE,0.0,0.0,0.0,50.0,3.0,0,0.0,0,0,06-MAY-2024,
OPTIDX,FINNIFTY,28-May-2024,24300.0,CE,0.0,0.0,0.0,45.05,2.25,0,0.0,0,0,06-MAY-2024,
OPTIDX,FINNIFTY,28-May-2024,24400.0,CE,0.0,0.0,0.0,40.6,1.7,0,0.0,0,0,06-MAY-2024,
OPTIDX,FINNIFTY,28-May-2024,24500.0,CE,0.0,0.0,0.0,5.4,1.25,0,0.0,360,0,06-MAY-2024,
OPTIDX,FINNIFTY,28-May-2024,25000.0,CE,0.0,0.0,0.0,21.15,0.25,0,0.0,0,0,06-MAY-2024,
OPTIDX,FINNIFTY,28-May-2024,17500.0,PE,0.0,0.0,0.0,16.9,0.0,0,0.0,0,0,06-MAY-2024,
OPTIDX,FINNIFTY,28-May-2024,18000.0,PE,0.0,0.0,0.0,37.0,0.0,0,0.0,0,0,06-MAY-2024,
OPTIDX,FINNIFTY,28-May-2024,18300.0,PE,0.0,0.0,0.0,56.55,0.0,0,0.0,0,0,06-MAY-2024,
OPTIDX,FINNIFTY,28-May-2024,18400.0,PE,0.0,0.0,0.0,64.7,0.05,0,0.0,0,0,06-MAY-2024,
OPTIDX,FINNIFTY,28-May-2024,18500.0,PE,0.0,0.0,0.0,73.8,0.05,0,0.0,0,0,06-MAY-2024,
OPTIDX,FINNIFTY,28-May-2024,18600.0,PE,0.0,0.0,0.0,83.85,0.05,0,0.0,0,0,06-MAY-2024,
OPTIDX,FINNIFTY,28-May-2024,18700.0,PE,0.0,0.0,0.0,95.0,0.05,0,0.0,0,0,06-MAY-2024,
OPTIDX,FINNIFTY,28-May-2024,18800.0,PE,0.0,0.0,0.0,107.25,0.1,0,0.0,0,0,06-MAY-2024,
OPTIDX,FINNIFTY,28-May-2024,18900.0,PE,0.0,0.0,0.0,120.7,0.1,0,0.0,0,0,06-MAY-2024,
OPTIDX,FINNIFTY,28-May-2024,19000.0,PE,0.0,0.0,0.0,135.4,0.2,0,0.0,0,0,06-MAY-2024,
OPTIDX,FINNIFTY,28-May-2024,19100.0,PE,0.0,0.0,0.0,151.5,0.25,0,0.0,0,0,06-MAY-2024,
OPTIDX,FINNIFTY,28-May-2024,19200.0,PE,0.0,0.0,0.0,169.0,0.4,0,0.0,0,0,06-MAY-2024,
OPTIDX,FINNIFTY,28-May-2024,19300.0,PE,0.0,0.0,0.0,187.95,0.6,0,0.0,0,0,06-MAY-2024,
OPTIDX,FINNIFTY,28-May-2024,19400.0,PE,0.0,0.0,0.0,208.5,0.9,0,0.0,0,0,06-MAY-2024,
OPTIDX,FINNIFTY,28-May-2024,19500.0,PE,0.0,0.0,0.0,230.6,1.3,0,0.0,0,0,06-MAY-2024,
OPTIDX,FINNIFTY,28-May-2024,19600.0,PE,0.0,0.0,0.0,254.45,1.9,0,0.0,0,0,06-MAY-2024,
OPTIDX,FINNIFTY,28-May-2024,19700.0,PE,0.0,0.0,0.0,280.6,2.7,0,0.0,0,0,06-MAY-2024,
OPTIDX,FINNIFTY,28-May-2024,19800.0,PE,0.0,0.0,0.0,307.0,3.8,0,0.0,0,0,06-MAY-2024,
OPTIDX,FINNIFTY,28-May-2024,19900.0,PE,0.0,0.0,0.0,336.2,5.3,0,0.0,0,0,06-MAY-2024,
OPTIDX,FINNIFTY,28-May-2024,20000.0,PE,0.0,0.0,0.0,367.25,7.25,0,0.0,0,0,06-MAY-2024,
OPTIDX,FINNIFTY,28-May-2024,20100.0,PE,0.0,0.0,0.0,400.25,9.85,0,0.0,0,0,06-MAY-2024,
OPTIDX,FINNIFTY,28-May-2024,20200.0,PE,0.0,0.0,0.0,435.25,13.25,0,0.0,0,0,06-MAY-2024,
OPTIDX,FINNIFTY,28-May-2024,20300.0,PE,0.0,0.0,0.0,472.15,17.55,0,0.0,0,0,06-MAY-2024,
OPTIDX,FINNIFTY,28-May-2024,20400.0,PE,32.1,32.1,32.0,32.0,23.0,3,24.51,240,80,06-MAY-2024,
OPTIDX,FINNIFTY,28-May-2024,20500.0,PE,0.0,0.0,0.0,552.15,29.85,0,0.0,0,0,06-MAY-2024,
OPTIDX,FINNIFTY,28-May-2024,20550.0,PE,0.0,0.0,0.0,40.9,33.85,0,0.0,0,0,06-MAY-2024,
OPTIDX,FINNIFTY,28-May-2024,20600.0,PE,0.0,0.0,0.0,595.15,38.3,0,0.0,0,0,06-MAY-2024,
OPTIDX,FINNIFTY,28-May-2024,20650.0,PE,0.0,0.0,0.0,50.8,43.2,0,0.0,0,0,06-MAY-2024,
OPTIDX,FINNIFTY,28-May-2024,20700.0,PE,0.0,0.0,0.0,640.25,48.55,0,0.0,0,0,06-MAY-2024,
OPTIDX,FINNIFTY,28-May-2024,20750.0,PE,0.0,0.0,0.0,62.45,54.5,0,0.0,0,0,06-MAY-2024,
OPTIDX,FINNIFTY,28-May-2024,20800.0,PE,0.0,0.0,0.0,86.0,61.0,0,0.0,280,0,06-MAY-2024,
OPTIDX,FINNIFTY,28-May-2024,20850.0,PE,0.0,0.0,0.0,76.2,68.05,0,0.0,0,0,06-MAY-2024,
OPTIDX,FINNIFTY,28-May-2024,20900.0,PE,0.0,0.0,0.0,736.5,75.8,0,0.0,0,0,06-MAY-2024,
OPTIDX,FINNIFTY,28-May-2024,20950.0,PE,0.0,0.0,0.0,92.2,84.2,0,0.0,0,0,06-MAY-2024,
OPTIDX,FINNIFTY,28-May-2024,21000.0,PE,98.25,98.25,98.25,98.25,93.3,1,8.43,360,0,06-MAY-2024,
OPTIDX,FINNIFTY,28-May-2024,21050.0,PE,0.0,0.0,0.0,104.25,103.1,0,0.0,160,0,06-MAY-2024,
OPTIDX,FINNIFTY,28-May-2024,21100.0,PE,0.0,0.0,0.0,840.95,113.75,0,0.0,0,0,06-MAY-2024,
OPTIDX,FINNIFTY,28-May-2024,21150.0,PE,0.0,0.0,0.0,131.95,125.15,0,0.0,0,0,06-MAY-2024,
OPTIDX,FINNIFTY,28-May-2024,21200.0,PE,127.4,127.4,127.4,127.4,138.25,3,25.59,40,0,06-MAY-2024,
OPTIDX,FINNIFTY,28-May-2024,21250.0,PE,0.0,0.0,0.0,156.9,150.35,0,0.0,0,0,06-MAY-2024,
OPTIDX,FINNIFTY,28-May-2024,21300.0,PE,0.0,0.0,0.0,953.45,164.4,0,0.0,0,0,06-MAY-2024,
OPTIDX,FINNIFTY,28-May-2024,21350.0,PE,182.15,182.15,182.15,182.15,179.35,3,25.83,120,120,06-MAY-2024,
OPTIDX,FINNIFTY,28-May-2024,21400.0,PE,0.0,0.0,0.0,145.0,195.2,0,0.0,440,0,06-MAY-2024,
OPTIDX,FINNIFTY,28-May-2024,21450.0,PE,0.0,0.0,0.0,213.75,212.1,0,0.0,0,0,06-MAY-2024,
OPTIDX,FINNIFTY,28-May-2024,21500.0,PE,230.75,230.75,219.0,220.0,229.95,5,43.44,440,40,06-MAY-2024,
OPTIDX,FINNIFTY,28-May-2024,21550.0,PE,0.0,0.0,0.0,247.75,248.8,0,0.0,0,0,06-MAY-2024,
OPTIDX,FINNIFTY,28-May-2024,21600.0,PE,267.75,267.75,267.75,267.75,268.65,1,8.74,80,0,06-MAY-2024,
OPTIDX,FINNIFTY,28-May-2024,21650.0,PE,0.0,0.0,0.0,285.3,289.6,0,0.0,0,0,06-MAY-2024,
OPTIDX,FINNIFTY,28-May-2024,21700.0,PE,210.05,210.05,210.05,210.05,311.55,1,8.76,200,0,06-MAY-2024,
OPTIDX,FINNIFTY,28-May-2024,21750.0,PE,330.45,330.45,330.45,330.45,334.55,4,35.32,80,0,06-MAY-2024,
OPTIDX,FINNIFTY,28-May-2024,21800.0,PE,330.0,358.4,255.15,325.0,325.0,38,336.14,1280,80,06-MAY-2024,
OPTIDX,FINNIFTY,28-May-2024,21850.0,PE,0.0,0.0,0.0,371.4,383.6,0,0.0,0,0,06-MAY-2024,
OPTIDX,FINNIFTY,28-May-2024,21900.0,PE,0.0,0.0,0.0,1336.3,409.7,0,0.0,0,0,06-MAY-2024,
OPTIDX,FINNIFTY,28-May-2024,21950.0,PE,0.0,0.0,0.0,419.95,436.9,0,0.0,0,0,06-MAY-2024,
OPTIDX,FINNIFTY,28-May-2024,22000.0,PE,454.0,454.0,454.0,454.0,465.1,2,17.96,360,-40,06-MAY-2024,
OPTIDX,FINNIFTY,28-May-2024,22050.0,PE,0.0,0.0,0.0,472.3,494.35,0,0.0,0,0,06-MAY-2024,
OPTIDX,FINNIFTY,28-May-2024,22100.0,PE,459.6,459.6,459.6,459.6,459.6,1,9.02,40,0,06-MAY-2024,
OPTIDX,FINNIFTY,28-May-2024,22150.0,PE,0.0,0.0,0.0,528.35,555.8,0,0.0,0,0,06-MAY-2024,
OPTIDX,FINNIFTY,28-May-2024,22200.0,PE,0.0,0.0,0.0,1552.1,588.0,0,0.0,0,0,06-MAY-2024,
OPTIDX,FINNIFTY,28-May-2024,22250.0,PE,0.0,0.0,0.0,588.0,621.15,0,0.0,0,0,06-MAY-2024,
OPTIDX,FINNIFTY,28-May-2024,22300.0,PE,0.0,0.0,0.0,1626.95,655.25,0,0.0,0,0,06-MAY-2024,
OPTIDX,FINNIFTY,28-May-2024,22350.0,PE,0.0,0.0,0.0,651.15,690.25,0,0.0,0,0,06-MAY-2024,
OPTIDX,FINNIFTY,28-May-2024,22400.0,PE,0.0,0.0,0.0,1702.4,726.1,0,0.0,0,0,06-MAY-2024,
OPTIDX,FINNIFTY,28-May-2024,22450.0,PE,0.0,0.0,0.0,717.7,762.8,0,0.0,0,0,06-MAY-2024,
OPTIDX,FINNIFTY,28-May-2024,22500.0,PE,0.0,0.0,0.0,1779.95,800.5,0,0.0,0,0,06-MAY-2024,
OPTIDX,FINNIFTY,28-May-2024,22550.0,PE,0.0,0.0,0.0,787.5,838.8,0,0.0,0,0,06-MAY-2024,
OPTIDX,FINNIFTY,28-May-2024,22600.0,PE,0.0,0.0,0.0,1858.9,877.9,0,0.0,0,0,06-MAY-2024,
OPTIDX,FINNIFTY,28-May-2024,22650.0,PE,0.0,0.0,0.0,861.3,917.7,0,0.0,0,0,06-MAY-2024,
OPTIDX,FINNIFTY,28-May-2024,22700.0,PE,0.0,0.0,0.0,1939.1,958.2,0,0.0,0,0,06-MAY-2024,
OPTIDX,FINNIFTY,28-May-2024,22750.0,PE,0.0,0.0,0.0,936.35,999.35,0,0.0,0,0,06-MAY-2024,
OPTIDX,FINNIFTY,28-May-2024,22800.0,PE,0.0,0.0,0.0,2020.5,1041.15,0,0.0,0,0,06-MAY-2024,
OPTIDX,FINNIFTY,28-May-2024,22850.0,PE,0.0,0.0,0.0,1014.8,1083.55,0,0.0,0,0,06-MAY-2024,
OPTIDX,FINNIFTY,28-May-2024,22900.0,PE,0.0,0.0,0.0,2103.1,1126.5,0,0.0,0,0,06-MAY-2024,
OPTIDX,FINNIFTY,28-May-2024,22950.0,PE,0.0,0.0,0.0,1095.8,1169.95,0,0.0,0,0,06-MAY-2024,
OPTIDX,FINNIFTY,28-May-2024,23000.0,PE,0.0,0.0,0.0,2186.75,1213.95,0,0.0,0,0,06-MAY-2024,
OPTIDX,FINNIFTY,28-May-2024,23050.0,PE,0.0,0.0,0.0,1179.05,1258.4,0,0.0,0,0,06-MAY-2024,
OPTIDX,FINNIFTY,28-May-2024,23100.0,PE,0.0,0.0,0.0,2271.5,1303.3,0,0.0,0,0,06-MAY-2024,
OPTIDX,FINNIFTY,28-May-2024,23200.0,PE,0.0,0.0,0.0,2357.2,1394.35,0,0.0,0,0,06-MAY-2024,
OPTIDX,FINNIFTY,28-May-2024,23300.0,PE,0.0,0.0,0.0,2443.8,1486.8,0,0.0,0,0,06-MAY-2024,
OPTIDX,FINNIFTY,28-May-2024,23400.0,PE,0.0,0.0,0.0,2531.35,1580.5,0,0.0,0,0,06-MAY-2024,
OPTIDX,FINNIFTY,28-May-2024,23500.0,PE,0.0,0.0,0.0,2619.65,1675.3,0,0.0,0,0,06-MAY-2024,
OPTIDX,FINNIFTY,28-May-2024,23600.0,PE,0.0,0.0,0.0,2708.8,1770.95,0,0.0,0,0,06-MAY-2024,
OPTIDX,FINNIFTY,28-May-2024,23700.0,PE,0.0,0.0,0.0,2798.6,1867.4,0,0.0,0,0,06-MAY-2024,
OPTIDX,FINNIFTY,28-May-2024,23800.0,PE,0.0,0.0,0.0,2889.1,1964.45,0,0.0,0,0,06-MAY-2024,
OPTIDX,FINNIFTY,28-May-2024,23900.0,PE,0.0,0.0,0.0,2980.25,2062.0,0,0.0,0,0,06-MAY-2024,
OPTIDX,FINNIFTY,28-May-2024,24000.0,PE,0.0,0.0,0.0,3072.0,2160.0,0,0.0,0,0,06-MAY-2024,
OPTIDX,FINNIFTY,28-May-2024,24100.0,PE,0.0,0.0,0.0,3164.3,2258.35,0,0.0,0,0,06-MAY-2024,
OPTIDX,FINNIFTY,28-May-2024,24200.0,PE,0.0,0.0,0.0,3257.05,2357.0,0,0.0,0,0,06-MAY-2024,
OPTIDX,FINNIFTY,28-May-2024,24300.0,PE,0.0,0.0,0.0,3350.35,2455.8,0,0.0,0,0,06-MAY-2024,
OPTIDX,FINNIFTY,28-May-2024,24400.0,PE,0.0,0.0,0.0,3444.05,2554.8,0,0.0,0,0,06-MAY-2024,
OPTIDX,FINNIFTY,28-May-2024,24500.0,PE,0.0,0.0,0.0,3538.15,2653.95,0,0.0,0,0,06-MAY-2024,
OPTIDX,FINNIFTY,28-May-2024,25000.0,PE,0.0,0.0,0.0,4013.7,3150.85,0,0.0,0,0,06-MAY-2024,
OPTIDX,FINNIFTY,04-Jun-2024,18800.0,CE,0.0,0.0,0.0,2696.45,3048.8,0,0.0,0,0,06-MAY-2024,
OPTIDX,FINNIFTY,04-Jun-2024,18900.0,CE,0.0,0.0,0.0,2598.8,2949.5,0,0.0,0,0,06-MAY-2024,
OPTIDX,FINNIFTY,04-Jun-2024,19000.0,CE,0.0,0.0,0.0,2501.5,2850.25,0,0.0,0,0,06-MAY-2024,
OPTIDX,FINNIFTY,04-Jun-2024,19100.0,CE,0.0,0.0,0.0,2404.65,2751.15,0,0.0,0,0,06-MAY-2024,
OPTIDX,FINNIFTY,04-Jun-2024,19200.0,CE,0.0,0.0,0.0,2308.3,2652.1,0,0.0,0,0,06-MAY-2024,
OPTIDX,FINNIFTY,04-Jun-2024,19300.0,CE,0.0,0.0,0.0,2212.55,2553.25,0,0.0,0,0,06-MAY-2024,
OPTIDX,FINNIFTY,04-Jun-2024,19400.0,CE,0.0,0.0,0.0,2117.55,2454.55,0,0.0,0,0,06-MAY-2024,
OPTIDX,FINNIFTY,04-Jun-2024,19500.0,CE,0.0,0.0,0.0,2023.35,2356.15,0,0.0,0,0,06-MAY-2024,
OPTIDX,FINNIFTY,04-Jun-2024,19600.0,CE,0.0,0.0,0.0,1930.05,2258.0,0,0.0,0,0,06-MAY-2024,
OPTIDX,FINNIFTY,04-Jun-2024,19700.0,CE,0.0,0.0,0.0,1837.85,2160.25,0,0.0,0,0,06-MAY-2024,
OPTIDX,FINNIFTY,04-Jun-2024,19800.0,CE,0.0,0.0,0.0,1746.8,2063.0,0,0.0,0,0,06-MAY-2024,
OPTIDX,FINNIFTY,04-Jun-2024,19900.0,CE,0.0,0.0,0.0,1657.1,1966.35,0,0.0,0,0,06-MAY-2024,
OPTIDX,FINNIFTY,04-Jun-2024,20000.0,CE,0.0,0.0,0.0,1568.9,1870.4,0,0.0,0,0,06-MAY-2024,
OPTIDX,FINNIFTY,04-Jun-2024,20100.0,CE,0.0,0.0,0.0,1482.35,1775.25,0,0.0,0,0,06-MAY-2024,
OPTIDX,FINNIFTY,04-Jun-2024,20150.0,CE,0.0,0.0,0.0,1439.7,1728.05,0,0.0,0,0,06-MAY-2024,
OPTIDX,FINNIFTY,04-Jun-2024,20200.0,CE,0.0,0.0,0.0,1397.55,1681.15,0,0.0,0,0,06-MAY-2024,
OPTIDX,FINNIFTY,04-Jun-2024,20250.0,CE,0.0,0.0,0.0,1355.85,1634.5,0,0.0,0,0,06-MAY-2024,
OPTIDX,FINNIFTY,04-Jun-2024,20300.0,CE,0.0,0.0,0.0,1314.65,1588.2,0,0.0,0,0,06-MAY-2024,
OPTIDX,FINNIFTY,04-Jun-2024,20350.0,CE,0.0,0.0,0.0,1274.0,1542.2,0,0.0,0,0,06-MAY-2024,
OPTIDX,FINNIFTY,04-Jun-2024,20400.0,CE,0.0,0.0,0.0,1233.9,1496.55,0,0.0,0,0,06-MAY-2024,
OPTIDX,FINNIFTY,04-Jun-2024,20450.0,CE,0.0,0.0,0.0,1194.3,1451.3,0,0.0,0,0,06-MAY-2024,
OPTIDX,FINNIFTY,04-Jun-2024,20500.0,CE,0.0,0.0,0.0,1155.35,1406.45,0,0.0,0,0,06-MAY-2024,
OPTIDX,FINNIFTY,04-Jun-2024,20550.0,CE,0.0,0.0,0.0,1116.95,1362.05,0,0.0,0,0,06-MAY-2024,
OPTIDX,FINNIFTY,04-Jun-2024,20600.0,CE,0.0,0.0,0.0,1079.15,1318.1,0,0.0,0,0,06-MAY-2024,
OPTIDX,FINNIFTY,04-Jun-2024,20650.0,CE,0.0,0.0,0.0,1042.8,1274.65,0,0.0,0,0,06-MAY-2024,
OPTIDX,FINNIFTY,04-Jun-2024,20700.0,CE,0.0,0.0,0.0,1006.2,1231.7,0,0.0,0,0,06-MAY-2024,
OPTIDX,FINNIFTY,04-Jun-2024,20750.0,CE,0.0,0.0,0.0,969.45,1189.3,0,0.0,0,0,06-MAY-2024,
OPTIDX,FINNIFTY,04-Jun-2024,20800.0,CE,0.0,0.0,0.0,934.25,1147.45,0,0.0,0,0,06-MAY-2024,
OPTIDX,FINNIFTY,04-Jun-2024,20850.0,CE,0.0,0.0,0.0,899.8,1106.2,0,0.0,0,0,06-MAY-2024,
OPTIDX,FINNIFTY,04-Jun-2024,20900.0,CE,0.0,0.0,0.0,866.0,1065.55,0,0.0,0,0,06-MAY-2024,
OPTIDX,FINNIFTY,04-Jun-2024,20950.0,CE,0.0,0.0,0.0,832.9,1025.55,0,0.0,0,0,06-MAY-2024,
OPTIDX,FINNIFTY,04-Jun-2024,21000.0,CE,0.0,0.0,0.0,800.55,986.25,0,0.0,0,0,06-MAY-2024,
OPTIDX,FINNIFTY,04-Jun-2024,21050.0,CE,0.0,0.0,0.0,768.95,947.6,0,0.0,0,0,06-MAY-2024,
OPTIDX,FINNIFTY,04-Jun-2024,21100.0,CE,0.0,0.0,0.0,738.05,909.7,0,0.0,0,0,06-MAY-2024,
OPTIDX,FINNIFTY,04-Jun-2024,21150.0,CE,0.0,0.0,0.0,707.95,873.3,0,0.0,0,0,06-MAY-2024,
OPTIDX,FINNIFTY,04-Jun-2024,21200.0,CE,0.0,0.0,0.0,678.55,835.95,0,0.0,0,0,06-MAY-2024,
OPTIDX,FINNIFTY,04-Jun-2024,21250.0,CE,0.0,0.0,0.0,649.95,800.35,0,0.0,0,0,06-MAY-2024,
OPTIDX,FINNIFTY,04-Jun-2024,21300.0,CE,0.0,0.0,0.0,622.1,765.5,0,0.0,0,0,06-MAY-2024,
OPTIDX,FINNIFTY,04-Jun-2024,21350.0,CE,0.0,0.0,0.0,595.0,731.55,0,0.0,0,0,06-MAY-2024,
OPTIDX,FINNIFTY,04-Jun-2024,21400.0,CE,0.0,0.0,0.0,568.65,698.4,0,0.0,0,0,06-MAY-2024,
OPTIDX,FINNIFTY,04-Jun-2024,21450.0,CE,0.0,0.0,0.0,543.1,666.1,0,0.0,0,0,06-MAY-2024,
OPTIDX,FINNIFTY,04-Jun-2024,21500.0,CE,0.0,0.0,0.0,518.2,634.7,0,0.0,0,0,06-MAY-2024,
OPTIDX,FINNIFTY,04-Jun-2024,21550.0,CE,0.0,0.0,0.0,494.2,604.15,0,0.0,0,0,06-MAY-2024,
OPTIDX,FINNIFTY,04-Jun-2024,21600.0,CE,0.0,0.0,0.0,470.95,574.55,0,0.0,0,0,06-MAY-2024,
OPTIDX,FINNIFTY,04-Jun-2024,21650.0,CE,0.0,0.0,0.0,448.4,545.8,0,0.0,0,0,06-MAY-2024,
OPTIDX,FINNIFTY,04-Jun-2024,21700.0,CE,0.0,0.0,0.0,426.65,517.95,0,0.0,0,0,06-MAY-2024,
OPTIDX,FINNIFTY,04-Jun-2024,21750.0,CE,0.0,0.0,0.0,405.65,491.0,0,0.0,0,0,06-MAY-2024,
OPTIDX,FINNIFTY,04-Jun-2024,21800.0,CE,0.0,0.0,0.0,385.4,465.0,0,0.0,0,0,06-MAY-2024,
OPTIDX,FINNIFTY,04-Jun-2024,21850.0,CE,0.0,0.0,0.0,365.85,439.8,0,0.0,0,0,06-MAY-2024,
OPTIDX,FINNIFTY,04-Jun-2024,21900.0,CE,0.0,0.0,0.0,498.65,415.6,0,0.0,40,0,06-MAY-2024,
OPTIDX,FINNIFTY,04-Jun-2024,21950.0,CE,0.0,0.0,0.0,328.95,392.35,0,0.0,0,0,06-MAY-2024,
OPTIDX,FINNIFTY,04-Jun-2024,22000.0,CE,461.0,461.0,461.0,461.0,369.95,2,17.96,20920,0,06-MAY-2024,
OPTIDX,FINNIFTY,04-Jun-2024,22050.0,CE,0.0,0.0,0.0,294.85,348.45,0,0.0,0,0,06-MAY-2024,
OPTIDX,FINNIFTY,04-Jun-2024,22100.0,CE,0.0,0.0,0.0,278.8,327.85,0,0.0,0,0,06-MAY-2024,
OPTIDX,FINNIFTY,04-Jun-2024,22150.0,CE,0.0,0.0,0.0,263.45,308.15,0,0.0,0,0,06-MAY-2024,
OPTIDX,FINNIFTY,04-Jun-2024,22200.0,CE,0.0,0.0,0.0,248.7,289.25,0,0.0,0,0,06-MAY-2024,
OPTIDX,FINNIFTY,04-Jun-2024,22250.0,CE,0.0,0.0,0.0,234.65,271.25,0,0.0,0,0,06-MAY-2024,
OPTIDX,FINNIFTY,04-Jun-2024,22300.0,CE,0.0,0.0,0.0,221.2,254.05,0,0.0,0,0,06-MAY-2024,
OPTIDX,FINNIFTY,04-Jun-2024,22350.0,CE,0.0,0.0,0.0,209.25,237.7,0,0.0,0,0,06-MAY-2024,
OPTIDX,FINNIFTY,04-Jun-2024,22400.0,CE,0.0,0.0,0.0,197.1,222.15,0,0.0,0,0,06-MAY-2024,
OPTIDX,FINNIFTY,04-Jun-2024,22450.0,CE,0.0,0.0,0.0,184.65,207.35,0,0.0,0,0,06-MAY-2024,
OPTIDX,FINNIFTY,04-Jun-2024,22500.0,CE,0.0,0.0,0.0,173.5,193.3,0,0.0,0,0,06-MAY-2024,
OPTIDX,FINNIFTY,04-Jun-2024,22550.0,CE,0.0,0.0,0.0,162.95,180.05,0,0.0,0,0,06-MAY-2024,
OPTIDX,FINNIFTY,04-Jun-2024,22600.0,CE,0.0,0.0,0.0,152.85,168.45,0,0.0,0,0,06-MAY-2024,
OPTIDX,FINNIFTY,04-Jun-2024,22650.0,CE,0.0,0.0,0.0,143.3,155.8,0,0.0,0,0,06-MAY-2024,
OPTIDX,FINNIFTY,04-Jun-2024,22700.0,CE,0.0,0.0,0.0,134.25,144.6,0,0.0,0,0,06-MAY-2024,
OPTIDX,FINNIFTY,04-Jun-2024,22750.0,CE,0.0,0.0,0.0,125.65,134.05,0,0.0,0,0,06-MAY-2024,
OPTIDX,FINNIFTY,04-Jun-2024,22800.0,CE,0.0,0.0,0.0,166.2,124.15,0,0.0,120,0,06-MAY-2024,
OPTIDX,FINNIFTY,04-Jun-2024,22850.0,CE,0.0,0.0,0.0,109.85,114.8,0,0.0,0,0,06-MAY-2024,
OPTIDX,FINNIFTY,04-Jun-2024,22900.0,CE,0.0,0.0,0.0,102.55,106.05,0,0.0,0,0,06-MAY-2024,
OPTIDX,FINNIFTY,04-Jun-2024,22950.0,CE,0.0,0.0,0.0,95.7,97.85,0,0.0,0,0,06-MAY-2024,
OPTIDX,FINNIFTY,04-Jun-2024,23000.0,CE,0.0,0.0,0.0,91.25,90.2,0,0.0,280,0,06-MAY-2024,
OPTIDX,FINNIFTY,04-Jun-2024,23050.0,CE,0.0,0.0,0.0,83.1,83.0,0,0.0,0,0,06-MAY-2024,
OPTIDX,FINNIFTY,04-Jun-2024,23100.0,CE,0.0,0.0,0.0,77.35,76.3,0,0.0,0,0,06-MAY-2024,
OPTIDX,FINNIFTY,04-Jun-2024,23200.0,CE,0.0,0.0,0.0,66.85,64.25,0,0.0,0,0,06-MAY-2024,
OPTIDX,FINNIFTY,04-Jun-2024,23300.0,CE,0.0,0.0,0.0,53.95,53.85,0,0.0,40,0,06-MAY-2024,
OPTIDX,FINNIFTY,04-Jun-2024,23400.0,CE,0.0,0.0,0.0,49.4,44.95,0,0.0,0,0,06-MAY-2024,
OPTIDX,FINNIFTY,04-Jun-2024,23500.0,CE,0.0,0.0,0.0,42.3,37.3,0,0.0,0,0,06-MAY-2024,
OPTIDX,FINNIFTY,04-Jun-2024,23600.0,CE,0.0,0.0,0.0,36.1,30.8,0,0.0,0,0,06-MAY-2024,
OPTIDX,FINNIFTY,04-Jun-2024,23700.0,CE,0.0,0.0,0.0,30.7,25.35,0,0.0,0,0,06-MAY-2024,
OPTIDX,FINNIFTY,04-Jun-2024,23800.0,CE,0.0,0.0,0.0,26.0,20.7,0,0.0,0,0,06-MAY-2024,
OPTIDX,FINNIFTY,04-Jun-2024,23900.0,CE,0.0,0.0,0.0,21.95,16.85,0,0.0,0,0,06-MAY-2024,
OPTIDX,FINNIFTY,04-Jun-2024,24000.0,CE,0.0,0.0,0.0,21.4,13.65,0,0.0,120,0,06-MAY-2024,
OPTIDX,FINNIFTY,04-Jun-2024,24100.0,CE,0.0,0.0,0.0,33.9,11.0,0,0.0,80,0,06-MAY-2024,
OPTIDX,FINNIFTY,04-Jun-2024,24200.0,CE,0.0,0.0,0.0,13.0,8.85,0,0.0,0,0,06-MAY-2024,
OPTIDX,FINNIFTY,04-Jun-2024,24300.0,CE,0.0,0.0,0.0,10.85,7.05,0,0.0,0,0,06-MAY-2024,
OPTIDX,FINNIFTY,04-Jun-2024,24400.0,CE,0.0,0.0,0.0,9.05,5.6,0,0.0,0,0,06-MAY-2024,
OPTIDX,FINNIFTY,04-Jun-2024,18800.0,PE,0.0,0.0,0.0,5.2,0.35,0,0.0,0,0,06-MAY-2024,
OPTIDX,FINNIFTY,04-Jun-2024,18900.0,PE,0.0,0.0,0.0,6.7,0.5,0,0.0,0,0,06-MAY-2024,
OPTIDX,FINNIFTY,04-Jun-2024,19000.0,PE,0.0,0.0,0.0,8.6,0.75,0,0.0,0,0,06-MAY-2024,
OPTIDX,FINNIFTY,04-Jun-2024,19100.0,PE,0.0,0.0,0.0,10.9,1.05,0,0.0,0,0,06-MAY-2024,
OPTIDX,FINNIFTY,04-Jun-2024,19200.0,PE,0.0,0.0,0.0,13.7,1.45,0,0.0,0,0,06-MAY-2024,
OPTIDX,FINNIFTY,04-Jun-2024,19300.0,PE,0.0,0.0,0.0,17.15,2.05,0,0.0,0,0,06-MAY-2024,
OPTIDX,FINNIFTY,04-Jun-2024,19400.0,PE,0.0,0.0,0.0,21.3,2.8,0,0.0,0,0,06-MAY-2024,
OPTIDX,FINNIFTY,04-Jun-2024,19500.0,PE,0.0,0.0,0.0,26.25,3.8,0,0.0,0,0,06-MAY-2024,
OPTIDX,FINNIFTY,04-Jun-2024,19600.0,PE,0.0,0.0,0.0,32.15,5.15,0,0.0,0,0,06-MAY-2024,
OPTIDX,FINNIFTY,04-Jun-2024,19700.0,PE,0.0,0.0,0.0,39.05,6.85,0,0.0,0,0,06-MAY-2024,
OPTIDX,FINNIFTY,04-Jun-2024,19800.0,PE,0.0,0.0,0.0,47.2,9.05,0,0.0,0,0,06-MAY-2024,
OPTIDX,FINNIFTY,04-Jun-2024,19900.0,PE,0.0,0.0,0.0,56.7,11.8,0,0.0,0,0,06-MAY-2024,
OPTIDX,FINNIFTY,04-Jun-2024,20000.0,PE,0.0,0.0,0.0,67.65,15.3,0,0.0,0,0,06-MAY-2024,
OPTIDX,FINNIFTY,04-Jun-2024,20100.0,PE,0.0,0.0,0.0,80.25,19.6,0,0.0,0,0,06-MAY-2024,
OPTIDX,FINNIFTY,04-Jun-2024,20150.0,PE,0.0,0.0,0.0,87.2,22.15,0,0.0,0,0,06-MAY-2024,
OPTIDX,FINNIFTY,04-Jun-2024,20200.0,PE,0.0,0.0,0.0,94.6,24.95,0,0.0,0,0,06-MAY-2024,
OPTIDX,FINNIFTY,04-Jun-2024,20250.0,PE,0.0,0.0,0.0,102.5,28.0,0,0.0,0,0,06-MAY-2024,
OPTIDX,FINNIFTY,04-Jun-2024,20300.0,PE,0.0,0.0,0.0,110.9,31.4,0,0.0,0,0,06-MAY-2024,
OPTIDX,FINNIFTY,04-Jun-2024,20350.0,PE,0.0,0.0,0.0,119.8,35.15,0,0.0,0,0,06-MAY-2024,
OPTIDX,FINNIFTY,04-Jun-2024,20400.0,PE,0.0,0.0,0.0,129.3,39.25,0,0.0,0,0,06-MAY-2024,
OPTIDX,FINNIFTY,04-Jun-2024,20450.0,PE,0.0,0.0,0.0,139.3,43.7,0,0.0,0,0,06-MAY-2024,
OPTIDX,FINNIFTY,04-Jun-2024,20500.0,PE,0.0,0.0,0.0,149.9,48.6,0,0.0,0,0,06-MAY-2024,
OPTIDX,FINNIFTY,04-Jun-2024,20550.0,PE,0.0,0.0,0.0,161.1,53.9,0,0.0,0,0,06-MAY-2024,
OPTIDX,FINNIFTY,04-Jun-2024,20600.0,PE,0.0,0.0,0.0,172.9,59.7,0,0.0,0,0,06-MAY-2024,
OPTIDX,FINNIFTY,04-Jun-2024,20650.0,PE,0.0,0.0,0.0,186.1,65.95,0,0.0,0,0,06-MAY-2024,
OPTIDX,FINNIFTY,04-Jun-2024,20700.0,PE,0.0,0.0,0.0,199.05,72.7,0,0.0,0,0,06-MAY-2024,
OPTIDX,FINNIFTY,04-Jun-2024,20750.0,PE,0.0,0.0,0.0,211.9,80.0,0,0.0,0,0,06-MAY-2024,
OPTIDX,FINNIFTY,04-Jun-2024,20800.0,PE,0.0,0.0,0.0,226.3,87.9,0,0.0,0,0,06-MAY-2024,
OPTIDX,FINNIFTY,04-Jun-2024,20850.0,PE,0.0,0.0,0.0,241.4,96.35,0,0.0,0,0,06-MAY-2024,
OPTIDX,FINNIFTY,04-Jun-2024,20900.0,PE,0.0,0.0,0.0,257.2,105.45,0,0.0,0,0,06-MAY-2024,
OPTIDX,FINNIFTY,04-Jun-2024,20950.0,PE,0.0,0.0,0.0,273.7,115.2,0,0.0,0,0,06-MAY-2024,
OPTIDX,FINNIFTY,04-Jun-2024,21000.0,PE,0.0,0.0,0.0,290.95,125.55,0,0.0,0,0,06-MAY-2024,
OPTIDX,FINNIFTY,04-Jun-2024,21050.0,PE,0.0,0.0,0.0,308.9,136.65,0,0.0,0,0,06-MAY-2024,
OPTIDX,FINNIFTY,04-Jun-2024,21100.0,PE,0.0,0.0,0.0,327.6,148.45,0,0.0,0,0,06-MAY-2024,
OPTIDX,FINNIFTY,04-Jun-2024,21150.0,PE,0.0,0.0,0.0,347.05,161.8,0,0.0,0,0,06-MAY-2024,
OPTIDX,FINNIFTY,04-Jun-2024,21200.0,PE,0.0,0.0,0.0,367.25,174.15,0,0.0,0,0,06-MAY-2024,
OPTIDX,FINNIFTY,04-Jun-2024,21250.0,PE,0.0,0.0,0.0,388.25,188.25,0,0.0,0,0,06-MAY-2024,
OPTIDX,FINNIFTY,04-Jun-2024,21300.0,PE,0.0,0.0,0.0,409.95,203.2,0,0.0,0,0,06-MAY-2024,
OPTIDX,FINNIFTY,04-Jun-2024,21350.0,PE,0.0,0.0,0.0,432.45,218.95,0,0.0,0,0,06-MAY-2024,
OPTIDX,FINNIFTY,04-Jun-2024,21400.0,PE,0.0,0.0,0.0,455.7,235.5,0,0.0,0,0,06-MAY-2024,
OPTIDX,FINNIFTY,04-Jun-2024,21450.0,PE,0.0,0.0,0.0,479.7,252.95,0,0.0,0,0,06-MAY-2024,
OPTIDX,FINNIFTY,04-Jun-2024,21500.0,PE,0.0,0.0,0.0,504.45,271.25,0,0.0,0,0,06-MAY-2024,
OPTIDX,FINNIFTY,04-Jun-2024,21550.0,PE,0.0,0.0,0.0,530.0,290.45,0,0.0,0,0,06-MAY-2024,
OPTIDX,FINNIFTY,04-Jun-2024,21600.0,PE,0.0,0.0,0.0,556.3,310.5,0,0.0,0,0,06-MAY-2024,
OPTIDX,FINNIFTY,04-Jun-2024,21650.0,PE,0.0,0.0,0.0,583.35,331.5,0,0.0,0,0,06-MAY-2024,
OPTIDX,FINNIFTY,04-Jun-2024,21700.0,PE,0.0,0.0,0.0,611.2,353.4,0,0.0,0,0,06-MAY-2024,
OPTIDX,FINNIFTY,04-Jun-2024,21750.0,PE,0.0,0.0,0.0,639.8,376.2,0,0.0,0,0,06-MAY-2024,
OPTIDX,FINNIFTY,04-Jun-2024,21800.0,PE,0.0,0.0,0.0,669.1,399.9,0,0.0,0,0,06-MAY-2024,
OPTIDX,FINNIFTY,04-Jun-2024,21850.0,PE,0.0,0.0,0.0,699.15,424.4,0,0.0,0,0,06-MAY-2024,
OPTIDX,FINNIFTY,04-Jun-2024,21900.0,PE,0.0,0.0,0.0,729.9,449.95,0,0.0,0,0,06-MAY-2024,
OPTIDX,FINNIFTY,04-Jun-2024,21950.0,PE,0.0,0.0,0.0,761.4,476.4,0,0.0,0,0,06-MAY-2024,
OPTIDX,FINNIFTY,04-Jun-2024,22000.0,PE,0.0,0.0,0.0,793.55,503.7,0,0.0,0,0,06-MAY-2024,
OPTIDX,FINNIFTY,04-Jun-2024,22050.0,PE,0.0,0.0,0.0,826.45,531.95,0,0.0,0,0,06-MAY-2024,
OPTIDX,FINNIFTY,04-Jun-2024,22100.0,PE,0.0,0.0,0.0,860.0,561.05,0,0.0,0,0,06-MAY-2024,
OPTIDX,FINNIFTY,04-Jun-2024,22150.0,PE,0.0,0.0,0.0,894.2,591.05,0,0.0,0,0,06-MAY-2024,
OPTIDX,FINNIFTY,04-Jun-2024,22200.0,PE,0.0,0.0,0.0,929.1,621.9,0,0.0,0,0,06-MAY-2024,
OPTIDX,FINNIFTY,04-Jun-2024,22250.0,PE,0.0,0.0,0.0,964.6,653.6,0,0.0,0,0,06-MAY-2024,
OPTIDX,FINNIFTY,04-Jun-2024,22300.0,PE,0.0,0.0,0.0,1000.7,686.15,0,0.0,0,0,06-MAY-2024,
OPTIDX,FINNIFTY,04-Jun-2024,22350.0,PE,0.0,0.0,0.0,1038.35,719.5,0,0.0,0,0,06-MAY-2024,
OPTIDX,FINNIFTY,04-Jun-2024,22400.0,PE,0.0,0.0,0.0,1075.8,753.65,0,0.0,0,0,06-MAY-2024,
OPTIDX,FINNIFTY,04-Jun-2024,22450.0,PE,0.0,0.0,0.0,1112.9,788.6,0,0.0,0,0,06-MAY-2024,
OPTIDX,FINNIFTY,04-Jun-2024,22500.0,PE,0.0,0.0,0.0,1151.35,824.3,0,0.0,0,0,06-MAY-2024,
OPTIDX,FINNIFTY,04-Jun-2024,22550.0,PE,0.0,0.0,0.0,1190.35,860.75,0,0.0,0,0,06-MAY-2024,
OPTIDX,FINNIFTY,04-Jun-2024,22600.0,PE,0.0,0.0,0.0,1229.9,898.9,0,0.0,0,0,06-MAY-2024,
OPTIDX,FINNIFTY,04-Jun-2024,22650.0,PE,0.0,0.0,0.0,1269.9,935.95,0,0.0,0,0,06-MAY-2024,
OPTIDX,FINNIFTY,04-Jun-2024,22700.0,PE,0.0,0.0,0.0,1310.45,974.45,0,0.0,0,0,06-MAY-2024,
OPTIDX,FINNIFTY,04-Jun-2024,22750.0,PE,0.0,0.0,0.0,1351.45,1013.65,0,0.0,0,0,06-MAY-2024,
OPTIDX,FINNIFTY,04-Jun-2024,22800.0,PE,0.0,0.0,0.0,1392.9,1053.45,0,0.0,0,0,06-MAY-2024,
OPTIDX,FINNIFTY,04-Jun-2024,22850.0,PE,0.0,0.0,0.0,1434.75,1093.85,0,0.0,0,0,06-MAY-2024,
OPTIDX,FINNIFTY,04-Jun-2024,22900.0,PE,0.0,0.0,0.0,1477.05,1134.8,0,0.0,0,0,06-MAY-2024,
OPTIDX,FINNIFTY,04-Jun-2024,22950.0,PE,0.0,0.0,0.0,1519.8,1176.35,0,0.0,0,0,06-MAY-2024,
OPTIDX,FINNIFTY,04-Jun-2024,23000.0,PE,0.0,0.0,0.0,1562.85,1218.35,0,0.0,0,0,06-MAY-2024,
OPTIDX,FINNIFTY,04-Jun-2024,23050.0,PE,0.0,0.0,0.0,1606.35,1260.9,0,0.0,0,0,06-MAY-2024,
OPTIDX,FINNIFTY,04-Jun-2024,23100.0,PE,0.0,0.0,0.0,1650.15,1303.95,0,0.0,0,0,06-MAY-2024,
OPTIDX,FINNIFTY,04-Jun-2024,23200.0,PE,0.0,0.0,0.0,1738.85,1391.35,0,0.0,0,0,06-MAY-2024,
OPTIDX,FINNIFTY,04-Jun-2024,23300.0,PE,0.0,0.0,0.0,1828.75,1480.4,0,0.0,0,0,06-MAY-2024,
OPTIDX,FINNIFTY,04-Jun-2024,23400.0,PE,0.0,0.0,0.0,1919.75,1570.9,0,0.0,0,0,06-MAY-2024,
OPTIDX,FINNIFTY,04-Jun-2024,23500.0,PE,0.0,0.0,0.0,2011.8,1662.7,0,0.0,0,0,06-MAY-2024,
OPTIDX,FINNIFTY,04-Jun-2024,23600.0,PE,0.0,0.0,0.0,2104.75,1755.65,0,0.0,0,0,06-MAY-2024,
OPTIDX,FINNIFTY,04-Jun-2024,23700.0,PE,0.0,0.0,0.0,2198.5,1849.6,0,0.0,0,0,06-MAY-2024,
OPTIDX,FINNIFTY,04-Jun-2024,23800.0,PE,0.0,0.0,0.0,2293.0,1944.45,0,0.0,0,0,06-MAY-2024,
OPTIDX,FINNIFTY,04-Jun-2024,23900.0,PE,0.0,0.0,0.0,2388.1,2040.05,0,0.0,0,0,06-MAY-2024,
OPTIDX,FINNIFTY,04-Jun-2024,24000.0,PE,0.0,0.0,0.0,2483.8,2136.3,0,0.0,0,0,06-MAY-2024,
OPTIDX,FINNIFTY,04-Jun-2024,24100.0,PE,0.0,0.0,0.0,2580.0,2233.1,0,0.0,0,0,06-MAY-2024,
OPTIDX,FINNIFTY,04-Jun-2024,24200.0,PE,0.0,0.0,0.0,2676.65,2330.35,0,0.0,0,0,06-MAY-2024,
OPTIDX,FINNIFTY,04-Jun-2024,24300.0,PE,0.0,0.0,0.0,2773.65,2428.0,0,0.0,0,0,06-MAY-2024,
OPTIDX,FINNIFTY,04-Jun-2024,24400.0,PE,0.0,0.0,0.0,2871.0,2526.0,0,0.0,0,0,06-MAY-2024,
OPTIDX,FINNIFTY,25-Jun-2024,17500.0,CE,0.0,0.0,0.0,3539.1,4417.2,0,0.0,0,0,06-MAY-2024,
OPTIDX,FINNIFTY,25-Jun-2024,18000.0,CE,0.0,0.0,0.0,3063.4,3922.5,0,0.0,0,0,06-MAY-2024,
OPTIDX,FINNIFTY,25-Jun-2024,18500.0,CE,0.0,0.0,0.0,2601.6,3428.85,0,0.0,0,0,06-MAY-2024,
OPTIDX,FINNIFTY,25-Jun-2024,18700.0,CE,0.0,0.0,0.0,2422.45,3232.05,0,0.0,0,0,06-MAY-2024,
OPTIDX,FINNIFTY,25-Jun-2024,18800.0,CE,0.0,0.0,0.0,2334.35,3133.9,0,0.0,0,0,06-MAY-2024,
OPTIDX,FINNIFTY,25-Jun-2024,18900.0,CE,0.0,0.0,0.0,2247.35,3035.95,0,0.0,0,0,06-MAY-2024,
OPTIDX,FINNIFTY,25-Jun-2024,19000.0,CE,0.0,0.0,0.0,2161.5,2938.25,0,0.0,0,0,06-MAY-2024,
OPTIDX,FINNIFTY,25-Jun-2024,19100.0,CE,0.0,0.0,0.0,2076.85,2840.85,0,0.0,0,0,06-MAY-2024,
OPTIDX,FINNIFTY,25-Jun-2024,19200.0,CE,0.0,0.0,0.0,1993.5,2743.8,0,0.0,0,0,06-MAY-2024,
OPTIDX,FINNIFTY,25-Jun-2024,19300.0,CE,0.0,0.0,0.0,1911.5,2647.15,0,0.0,0,0,06-MAY-2024,
OPTIDX,FINNIFTY,25-Jun-2024,19400.0,CE,0.0,0.0,0.0,1831.0,2551.0,0,0.0,0,0,06-MAY-2024,
OPTIDX,FINNIFTY,25-Jun-2024,19500.0,CE,0.0,0.0,0.0,1751.95,2455.4,0,0.0,0,0,06-MAY-2024,
OPTIDX,FINNIFTY,25-Jun-2024,19600.0,CE,0.0,0.0,0.0,1674.5,2360.4,0,0.0,0,0,06-MAY-2024,
OPTIDX,FINNIFTY,25-Jun-2024,19700.0,CE,0.0,0.0,0.0,1598.7,2266.15,0,0.0,0,0,06-MAY-2024,
OPTIDX,FINNIFTY,25-Jun-2024,19800.0,CE,0.0,0.0,0.0,1525.4,2172.75,0,0.0,0,0,06-MAY-2024,
OPTIDX,FINNIFTY,25-Jun-2024,19900.0,CE,0.0,0.0,0.0,1452.95,2080.2,0,0.0,0,0,06-MAY-2024,
OPTIDX,FINNIFTY,25-Jun-2024,20000.0,CE,0.0,0.0,0.0,1381.5,1988.7,0,0.0,0,0,06-MAY-2024,
OPTIDX,FINNIFTY,25-Jun-2024,20100.0,CE,0.0,0.0,0.0,1312.9,1898.35,0,0.0,0,0,06-MAY-2024,
OPTIDX,FINNIFTY,25-Jun-2024,20200.0,CE,0.0,0.0,0.0,1246.25,1809.25,0,0.0,0,0,06-MAY-2024,
OPTIDX,FINNIFTY,25-Jun-2024,20300.0,CE,0.0,0.0,0.0,1181.55,1721.55,0,0.0,0,0,06-MAY-2024,
OPTIDX,FINNIFTY,25-Jun-2024,20400.0,CE,0.0,0.0,0.0,1118.85,1635.3,0,0.0,0,0,06-MAY-2024,
OPTIDX,FINNIFTY,25-Jun-2024,20500.0,CE,0.0,0.0,0.0,1058.15,1550.7,0,0.0,0,0,06-MAY-2024,
OPTIDX,FINNIFTY,25-Jun-2024,20600.0,CE,0.0,0.0,0.0,999.5,1467.85,0,0.0,0,0,06-MAY-2024,
OPTIDX,FINNIFTY,25-Jun-2024,20700.0,CE,0.0,0.0,0.0,942.95,1386.85,0,0.0,0,0,06-MAY-2024,
OPTIDX,FINNIFTY,25-Jun-2024,20800.0,CE,0.0,0.0,0.0,888.5,1307.85,0,0.0,0,0,06-MAY-2024,
OPTIDX,FINNIFTY,25-Jun-2024,20900.0,CE,0.0,0.0,0.0,836.1,1230.95,0,0.0,0,0,06-MAY-2024,
OPTIDX,FINNIFTY,25-Jun-2024,21000.0,CE,0.0,0.0,0.0,785.8,1157.1,0,0.0,0,0,06-MAY-2024,
OPTIDX,FINNIFTY,25-Jun-2024,21100.0,CE,0.0,0.0,0.0,737.45,1083.65,0,0.0,0,0,06-MAY-2024,
OPTIDX,FINNIFTY,25-Jun-2024,21200.0,CE,0.0,0.0,0.0,691.3,1013.75,0,0.0,0,0,06-MAY-2024,
OPTIDX,FINNIFTY,25-Jun-2024,21300.0,CE,0.0,0.0,0.0,647.2,946.3,0,0.0,0,0,06-MAY-2024,
OPTIDX,FINNIFTY,25-Jun-2024,21400.0,CE,0.0,0.0,0.0,605.1,881.5,0,0.0,0,0,06-MAY-2024,
OPTIDX,FINNIFTY,25-Jun-2024,21500.0,CE,0.0,0.0,0.0,565.0,819.3,0,0.0,0,0,06-MAY-2024,
OPTIDX,FINNIFTY,25-Jun-2024,21600.0,CE,0.0,0.0,0.0,526.9,759.75,0,0.0,0,0,06-MAY-2024,
OPTIDX,FINNIFTY,25-Jun-2024,21700.0,CE,0.0,0.0,0.0,731.5,703.0,0,0.0,0,0,06-MAY-2024,
OPTIDX,FINNIFTY,25-Jun-2024,21800.0,CE,0.0,0.0,0.0,456.4,648.95,0,0.0,0,0,06-MAY-2024,
OPTIDX,FINNIFTY,25-Jun-2024,21900.0,CE,0.0,0.0,0.0,423.9,597.65,0,0.0,0,0,06-MAY-2024,
OPTIDX,FINNIFTY,25-Jun-2024,22000.0,CE,0.0,0.0,0.0,393.2,549.05,0,0.0,0,0,06-MAY-2024,
OPTIDX,FINNIFTY,25-Jun-2024,22100.0,CE,0.0,0.0,0.0,364.3,503.25,0,0.0,0,0,06-MAY-2024,
OPTIDX,FINNIFTY,25-Jun-2024,22200.0,CE,0.0,0.0,0.0,337.0,460.2,0,0.0,0,0,06-MAY-2024,
OPTIDX,FINNIFTY,25-Jun-2024,22300.0,CE,0.0,0.0,0.0,312.3,419.75,0,0.0,0,0,06-MAY-2024,
OPTIDX,FINNIFTY,25-Jun-2024,22400.0,CE,0.0,0.0,0.0,288.4,381.95,0,0.0,0,0,06-MAY-2024,
OPTIDX,FINNIFTY,25-Jun-2024,22500.0,CE,0.0,0.0,0.0,265.15,346.7,0,0.0,0,0,06-MAY-2024,
OPTIDX,FINNIFTY,25-Jun-2024,22600.0,CE,0.0,0.0,0.0,244.05,313.95,0,0.0,0,0,06-MAY-2024,
OPTIDX,FINNIFTY,25-Jun-2024,22700.0,CE,0.0,0.0,0.0,224.35,283.55,0,0.0,0,0,06-MAY-2024,
OPTIDX,FINNIFTY,25-Jun-2024,22800.0,CE,0.0,0.0,0.0,206.0,255.45,0,0.0,0,0,06-MAY-2024,
OPTIDX,FINNIFTY,25-Jun-2024,22900.0,CE,0.0,0.0,0.0,188.85,230.55,0,0.0,0,0,06-MAY-2024,
OPTIDX,FINNIFTY,25-Jun-2024,23000.0,CE,0.0,0.0,0.0,183.0,206.05,0,0.0,40,0,06-MAY-2024,
OPTIDX,FINNIFTY,25-Jun-2024,23100.0,CE,0.0,0.0,0.0,158.15,184.3,0,0.0,0,0,06-MAY-2024,
OPTIDX,FINNIFTY,25-Jun-2024,23200.0,CE,0.0,0.0,0.0,144.45,164.4,0,0.0,0,0,06-MAY-2024,
OPTIDX,FINNIFTY,25-Jun-2024,23300.0,CE,0.0,0.0,0.0,131.75,146.3,0,0.0,0,0,06-MAY-2024,
OPTIDX,FINNIFTY,25-Jun-2024,23400.0,CE,0.0,0.0,0.0,120.0,129.85,0,0.0,0,0,06-MAY-2024,
OPTIDX,FINNIFTY,25-Jun-2024,23500.0,CE,0.0,0.0,0.0,109.2,114.95,0,0.0,0,0,06-MAY-2024,
OPTIDX,FINNIFTY,25-Jun-2024,23600.0,CE,0.0,0.0,0.0,99.2,101.5,0,0.0,0,0,06-MAY-2024,
OPTIDX,FINNIFTY,25-Jun-2024,23700.0,CE,0.0,0.0,0.0,90.05,89.4,0,0.0,0,0,06-MAY-2024,
OPTIDX,FINNIFTY,25-Jun-2024,23800.0,CE,0.0,0.0,0.0,81.6,78.55,0,0.0,0,0,06-MAY-2024,
OPTIDX,FINNIFTY,25-Jun-2024,23900.0,CE,0.0,0.0,0.0,73.85,68.85,0,0.0,0,0,06-MAY-2024,
OPTIDX,FINNIFTY,25-Jun-2024,24000.0,CE,0.0,0.0,0.0,92.0,60.2,0,0.0,40,0,06-MAY-2024,
OPTIDX,FINNIFTY,25-Jun-2024,24500.0,CE,0.0,0.0,0.0,30.0,29.55,0,0.0,360,0,06-MAY-2024,
OPTIDX,FINNIFTY,25-Jun-2024,25000.0,CE,18.6,18.6,18.6,18.6,13.65,1,10.0,80,0,06-MAY-2024,
OPTIDX,FINNIFTY,25-Jun-2024,17500.0,PE,0.0,0.0,0.0,11.55,0.1,0,0.0,0,0,06-MAY-2024,
OPTIDX,FINNIFTY,25-Jun-2024,18000.0,PE,0.0,0.0,0.0,26.6,0.45,0,0.0,0,0,06-MAY-2024,
OPTIDX,FINNIFTY,25-Jun-2024,18500.0,PE,0.0,0.0,0.0,55.65,1.8,0,0.0,0,0,06-MAY-2024,
OPTIDX,FINNIFTY,25-Jun-2024,18700.0,PE,0.0,0.0,0.0,72.85,3.05,0,0.0,0,0,06-MAY-2024,
OPTIDX,FINNIFTY,25-Jun-2024,18800.0,PE,0.0,0.0,0.0,82.9,3.9,0,0.0,0,0,06-MAY-2024,
OPTIDX,FINNIFTY,25-Jun-2024,18900.0,PE,0.0,0.0,0.0,94.05,4.95,0,0.0,0,0,06-MAY-2024,
OPTIDX,FINNIFTY,25-Jun-2024,19000.0,PE,0.0,0.0,0.0,106.35,6.25,0,0.0,0,0,06-MAY-2024,
OPTIDX,FINNIFTY,25-Jun-2024,19100.0,PE,0.0,0.0,0.0,119.85,7.9,0,0.0,0,0,06-MAY-2024,
OPTIDX,FINNIFTY,25-Jun-2024,19200.0,PE,0.0,0.0,0.0,134.7,9.85,0,0.0,0,0,06-MAY-2024,
OPTIDX,FINNIFTY,25-Jun-2024,19300.0,PE,0.0,0.0,0.0,150.85,12.2,0,0.0,0,0,06-MAY-2024,
OPTIDX,FINNIFTY,25-Jun-2024,19400.0,PE,0.0,0.0,0.0,168.5,15.05,0,0.0,0,0,06-MAY-2024,
OPTIDX,FINNIFTY,25-Jun-2024,19500.0,PE,0.0,0.0,0.0,187.65,18.45,0,0.0,0,0,06-MAY-2024,
OPTIDX,FINNIFTY,25-Jun-2024,19600.0,PE,0.0,0.0,0.0,208.35,22.5,0,0.0,0,0,06-MAY-2024,
OPTIDX,FINNIFTY,25-Jun-2024,19700.0,PE,0.0,0.0,0.0,230.7,27.25,0,0.0,0,0,06-MAY-2024,
OPTIDX,FINNIFTY,25-Jun-2024,19800.0,PE,0.0,0.0,0.0,255.55,32.8,0,0.0,0,0,06-MAY-2024,
OPTIDX,FINNIFTY,25-Jun-2024,19900.0,PE,0.0,0.0,0.0,281.25,39.3,0,0.0,0,0,06-MAY-2024,
OPTIDX,FINNIFTY,25-Jun-2024,20000.0,PE,0.0,0.0,0.0,308.0,46.85,0,0.0,0,0,06-MAY-2024,
OPTIDX,FINNIFTY,25-Jun-2024,20100.0,PE,0.0,0.0,0.0,337.55,55.5,0,0.0,0,0,06-MAY-2024,
OPTIDX,FINNIFTY,25-Jun-2024,20200.0,PE,0.0,0.0,0.0,369.05,65.4,0,0.0,0,0,06-MAY-2024,
OPTIDX,FINNIFTY,25-Jun-2024,20300.0,PE,0.0,0.0,0.0,402.5,76.7,0,0.0,0,0,06-MAY-2024,
OPTIDX,FINNIFTY,25-Jun-2024,20400.0,PE,0.0,0.0,0.0,437.95,89.45,0,0.0,0,0,06-MAY-2024,
OPTIDX,FINNIFTY,25-Jun-2024,20500.0,PE,0.0,0.0,0.0,475.45,103.85,0,0.0,0,0,06-MAY-2024,
OPTIDX,FINNIFTY,25-Jun-2024,20600.0,PE,0.0,0.0,0.0,515.0,120.0,0,0.0,0,0,06-MAY-2024,
OPTIDX,FINNIFTY,25-Jun-2024,20700.0,PE,0.0,0.0,0.0,556.6,138.05,0,0.0,0,0,06-MAY-2024,
OPTIDX,FINNIFTY,25-Jun-2024,20800.0,PE,0.0,0.0,0.0,600.25,158.05,0,0.0,0,0,06-MAY-2024,
OPTIDX,FINNIFTY,25-Jun-2024,20900.0,PE,0.0,0.0,0.0,646.05,180.15,0,0.0,0,0,06-MAY-2024,
OPTIDX,FINNIFTY,25-Jun-2024,21000.0,PE,0.0,0.0,0.0,693.9,205.3,0,0.0,0,0,06-MAY-2024,
OPTIDX,FINNIFTY,25-Jun-2024,21100.0,PE,0.0,0.0,0.0,743.75,230.9,0,0.0,0,0,06-MAY-2024,
OPTIDX,FINNIFTY,25-Jun-2024,21200.0,PE,0.0,0.0,0.0,795.75,259.95,0,0.0,0,0,06-MAY-2024,
OPTIDX,FINNIFTY,25-Jun-2024,21300.0,PE,0.0,0.0,0.0,849.8,291.55,0,0.0,0,0,06-MAY-2024,
OPTIDX,FINNIFTY,25-Jun-2024,21400.0,PE,0.0,0.0,0.0,905.85,325.7,0,0.0,0,0,06-MAY-2024,
OPTIDX,FINNIFTY,25-Jun-2024,21500.0,PE,0.0,0.0,0.0,963.95,362.5,0,0.0,0,0,06-MAY-2024,
OPTIDX,FINNIFTY,25-Jun-2024,21600.0,PE,0.0,0.0,0.0,1023.95,402.0,0,0.0,0,0,06-MAY-2024,
OPTIDX,FINNIFTY,25-Jun-2024,21700.0,PE,0.0,0.0,0.0,1085.95,444.25,0,0.0,0,0,06-MAY-2024,
OPTIDX,FINNIFTY,25-Jun-2024,21800.0,PE,0.0,0.0,0.0,1149.8,489.2,0,0.0,0,0,06-MAY-2024,
OPTIDX,FINNIFTY,25-Jun-2024,21900.0,PE,0.0,0.0,0.0,1215.45,536.95,0,0.0,0,0,06-MAY-2024,
OPTIDX,FINNIFTY,25-Jun-2024,22000.0,PE,0.0,0.0,0.0,1282.95,587.35,0,0.0,0,0,06-MAY-2024,
OPTIDX,FINNIFTY,25-Jun-2024,22100.0,PE,0.0,0.0,0.0,1352.15,640.55,0,0.0,0,0,06-MAY-2024,
OPTIDX,FINNIFTY,25-Jun-2024,22200.0,PE,0.0,0.0,0.0,1423.1,696.5,0,0.0,0,0,06-MAY-2024,
OPTIDX,FINNIFTY,25-Jun-2024,22300.0,PE,0.0,0.0,0.0,1496.5,755.1,0,0.0,0,0,06-MAY-2024,
OPTIDX,FINNIFTY,25-Jun-2024,22400.0,PE,0.0,0.0,0.0,1570.8,816.3,0,0.0,0,0,06-MAY-2024,
OPTIDX,FINNIFTY,25-Jun-2024,22500.0,PE,0.0,0.0,0.0,1645.7,880.05,0,0.0,0,0,06-MAY-2024,
OPTIDX,FINNIFTY,25-Jun-2024,22600.0,PE,0.0,0.0,0.0,1722.75,946.3,0,0.0,0,0,06-MAY-2024,
OPTIDX,FINNIFTY,25-Jun-2024,22700.0,PE,0.0,0.0,0.0,1801.25,1014.9,0,0.0,0,0,06-MAY-2024,
OPTIDX,FINNIFTY,25-Jun-2024,22800.0,PE,0.0,0.0,0.0,1881.0,1085.8,0,0.0,0,0,06-MAY-2024,
OPTIDX,FINNIFTY,25-Jun-2024,22900.0,PE,0.0,0.0,0.0,1962.05,1159.9,0,0.0,0,0,06-MAY-2024,
OPTIDX,FINNIFTY,25-Jun-2024,23000.0,PE,0.0,0.0,0.0,2044.3,1234.45,0,0.0,0,0,06-MAY-2024,
OPTIDX,FINNIFTY,25-Jun-2024,23100.0,PE,0.0,0.0,0.0,2127.65,1311.7,0,0.0,0,0,06-MAY-2024,
OPTIDX,FINNIFTY,25-Jun-2024,23200.0,PE,0.0,0.0,0.0,2212.1,1390.8,0,0.0,0,0,06-MAY-2024,
OPTIDX,FINNIFTY,25-Jun-2024,23300.0,PE,0.0,0.0,0.0,2297.6,1471.7,0,0.0,0,0,06-MAY-2024,
OPTIDX,FINNIFTY,25-Jun-2024,23400.0,PE,0.0,0.0,0.0,2384.0,1554.25,0,0.0,0,0,06-MAY-2024,
OPTIDX,FINNIFTY,25-Jun-2024,23500.0,PE,0.0,0.0,0.0,2471.35,1638.4,0,0.0,0,0,06-MAY-2024,
OPTIDX,FINNIFTY,25-Jun-2024,23600.0,PE,0.0,0.0,0.0,2559.55,1723.95,0,0.0,0,0,06-MAY-2024,
OPTIDX,FINNIFTY,25-Jun-2024,23700.0,PE,0.0,0.0,0.0,2648.5,1810.85,0,0.0,0,0,06-MAY-2024,
OPTIDX,FINNIFTY,25-Jun-2024,23800.0,PE,0.0,0.0,0.0,2738.25,1899.0,0,0.0,0,0,06-MAY-2024,
OPTIDX,FINNIFTY,25-Jun-2024,23900.0,PE,0.0,0.0,0.0,2828.65,1988.3,0,0.0,0,0,06-MAY-2024,
OPTIDX,FINNIFTY,25-Jun-2024,24000.0,PE,0.0,0.0,0.0,2919.75,2078.65,0,0.0,0,0,06-MAY-2024,
OPTIDX,FINNIFTY,25-Jun-2024,24500.0,PE,0.0,0.0,0.0,3383.35,2543.1,0,0.0,0,0,06-MAY-2024,
OPTIDX,FINNIFTY,25-Jun-2024,25000.0,PE,0.0,0.0,0.0,3857.35,3022.2,0,0.0,0,0,06-MAY-2024,
OPTIDX,FINNIFTY,30-Jul-2024,19000.0,CE,0.0,0.0,0.0,3207.3,3088.65,0,0.0,0,0,06-MAY-2024,
OPTIDX,FINNIFTY,30-Jul-2024,19500.0,CE,0.0,0.0,0.0,2744.4,2625.3,0,0.0,0,0,06-MAY-2024,
OPTIDX,FINNIFTY,30-Jul-2024,19800.0,CE,0.0,0.0,0.0,2475.9,2356.95,0,0.0,0,0,06-MAY-2024,
OPTIDX,FINNIFTY,30-Jul-2024,19900.0,CE,0.0,0.0,0.0,2388.3,2269.55,0,0.0,0,0,06-MAY-2024,
OPTIDX,FINNIFTY,30-Jul-2024,20000.0,CE,0.0,0.0,0.0,2301.75,2183.25,0,0.0,0,0,06-MAY-2024,
OPTIDX,FINNIFTY,30-Jul-2024,20100.0,CE,0.0,0.0,0.0,2216.35,2098.15,0,0.0,0,0,06-MAY-2024,
OPTIDX,FINNIFTY,30-Jul-2024,20200.0,CE,0.0,0.0,0.0,2132.15,2014.3,0,0.0,0,0,06-MAY-2024,
OPTIDX,FINNIFTY,30-Jul-2024,20300.0,CE,0.0,0.0,0.0,2049.25,1931.85,0,0.0,0,0,06-MAY-2024,
OPTIDX,FINNIFTY,30-Jul-2024,20400.0,CE,0.0,0.0,0.0,1967.65,1850.8,0,0.0,0,0,06-MAY-2024,
OPTIDX,FINNIFTY,30-Jul-2024,20500.0,CE,0.0,0.0,0.0,1887.5,1771.25,0,0.0,0,0,06-MAY-2024,
OPTIDX,FINNIFTY,30-Jul-2024,20600.0,CE,0.0,0.0,0.0,1808.75,1693.25,0,0.0,0,0,06-MAY-2024,
OPTIDX,FINNIFTY,30-Jul-2024,20700.0,CE,0.0,0.0,0.0,1731.6,1616.9,0,0.0,0,0,06-MAY-2024,
OPTIDX,FINNIFTY,30-Jul-2024,20800.0,CE,0.0,0.0,0.0,1656.0,1542.25,0,0.0,0,0,06-MAY-2024,
OPTIDX,FINNIFTY,30-Jul-2024,20900.0,CE,0.0,0.0,0.0,1582.85,1470.0,0,0.0,0,0,06-MAY-2024,
OPTIDX,FINNIFTY,30-Jul-2024,21000.0,CE,0.0,0.0,0.0,1510.45,1397.9,0,0.0,0,0,06-MAY-2024,
OPTIDX,FINNIFTY,30-Jul-2024,21100.0,CE,0.0,0.0,0.0,1439.0,1328.7,0,0.0,0,0,06-MAY-2024,
OPTIDX,FINNIFTY,30-Jul-2024,21200.0,CE,0.0,0.0,0.0,1370.35,1261.4,0,0.0,0,0,06-MAY-2024,
OPTIDX,FINNIFTY,30-Jul-2024,21300.0,CE,0.0,0.0,0.0,1303.55,1196.05,0,0.0,0,0,06-MAY-2024,
OPTIDX,FINNIFTY,30-Jul-2024,21400.0,CE,0.0,0.0,0.0,1238.6,1132.7,0,0.0,0,0,06-MAY-2024,
OPTIDX,FINNIFTY,30-Jul-2024,21500.0,CE,0.0,0.0,0.0,1175.55,1071.4,0,0.0,0,0,06-MAY-2024,
OPTIDX,FINNIFTY,30-Jul-2024,21600.0,CE,0.0,0.0,0.0,1114.5,1012.15,0,0.0,0,0,06-MAY-2024,
OPTIDX,FINNIFTY,30-Jul-2024,21700.0,CE,0.0,0.0,0.0,1055.4,954.95,0,0.0,0,0,06-MAY-2024,
OPTIDX,FINNIFTY,30-Jul-2024,21800.0,CE,0.0,0.0,0.0,998.25,899.8,0,0.0,0,0,06-MAY-2024,
OPTIDX,FINNIFTY,30-Jul-2024,21900.0,CE,0.0,0.0,0.0,943.15,846.8,0,0.0,0,0,06-MAY-2024,
OPTIDX,FINNIFTY,30-Jul-2024,22000.0,CE,0.0,0.0,0.0,890.0,795.85,0,0.0,0,0,06-MAY-2024,
OPTIDX,FINNIFTY,30-Jul-2024,22100.0,CE,0.0,0.0,0.0,838.9,746.95,0,0.0,0,0,06-MAY-2024,
OPTIDX,FINNIFTY,30-Jul-2024,22200.0,CE,0.0,0.0,0.0,789.65,700.2,0,0.0,0,0,06-MAY-2024,
OPTIDX,FINNIFTY,30-Jul-2024,22300.0,CE,0.0,0.0,0.0,742.55,655.5,0,0.0,0,0,06-MAY-2024,
OPTIDX,FINNIFTY,30-Jul-2024,22400.0,CE,0.0,0.0,0.0,697.4,612.8,0,0.0,0,0,06-MAY-2024,
OPTIDX,FINNIFTY,30-Jul-2024,22500.0,CE,0.0,0.0,0.0,654.2,572.2,0,0.0,0,0,06-MAY-2024,
OPTIDX,FINNIFTY,30-Jul-2024,22600.0,CE,0.0,0.0,0.0,612.95,533.5,0,0.0,0,0,06-MAY-2024,
OPTIDX,FINNIFTY,30-Jul-2024,22700.0,CE,0.0,0.0,0.0,573.55,496.8,0,0.0,0,0,06-MAY-2024,
OPTIDX,FINNIFTY,30-Jul-2024,22800.0,CE,0.0,0.0,0.0,536.1,462.0,0,0.0,0,0,06-MAY-2024,
OPTIDX,FINNIFTY,30-Jul-2024,22900.0,CE,0.0,0.0,0.0,500.45,429.05,0,0.0,0,0,06-MAY-2024,
OPTIDX,FINNIFTY,30-Jul-2024,23000.0,CE,0.0,0.0,0.0,466.6,397.9,0,0.0,0,0,06-MAY-2024,
OPTIDX,FINNIFTY,30-Jul-2024,23100.0,CE,0.0,0.0,0.0,434.55,368.55,0,0.0,0,0,06-MAY-2024,
OPTIDX,FINNIFTY,30-Jul-2024,23200.0,CE,0.0,0.0,0.0,404.15,340.9,0,0.0,0,0,06-MAY-2024,
OPTIDX,FINNIFTY,30-Jul-2024,23300.0,CE,0.0,0.0,0.0,375.45,314.85,0,0.0,0,0,06-MAY-2024,
OPTIDX,FINNIFTY,30-Jul-2024,23400.0,CE,0.0,0.0,0.0,348.35,291.55,0,0.0,0,0,06-MAY-2024,
OPTIDX,FINNIFTY,30-Jul-2024,23500.0,CE,0.0,0.0,0.0,323.8,267.9,0,0.0,0,0,06-MAY-2024,
OPTIDX,FINNIFTY,30-Jul-2024,23600.0,CE,0.0,0.0,0.0,299.95,246.5,0,0.0,0,0,06-MAY-2024,
OPTIDX,FINNIFTY,30-Jul-2024,23700.0,CE,0.0,0.0,0.0,276.6,226.5,0,0.0,0,0,06-MAY-2024,
OPTIDX,FINNIFTY,30-Jul-2024,23800.0,CE,0.0,0.0,0.0,255.45,207.85,0,0.0,0,0,06-MAY-2024,
OPTIDX,FINNIFTY,30-Jul-2024,23900.0,CE,0.0,0.0,0.0,235.6,190.5,0,0.0,0,0,06-MAY-2024,
OPTIDX,FINNIFTY,30-Jul-2024,24000.0,CE,0.0,0.0,0.0,217.05,174.35,0,0.0,0,0,06-MAY-2024,
OPTIDX,FINNIFTY,30-Jul-2024,24500.0,CE,0.0,0.0,0.0,141.45,109.75,0,0.0,0,0,06-MAY-2024,
OPTIDX,FINNIFTY,30-Jul-2024,25000.0,CE,82.4,82.4,74.15,74.15,66.8,4,25.07,0,0,06-MAY-2024,
OPTIDX,FINNIFTY,30-Jul-2024,19000.0,PE,0.0,0.0,0.0,27.25,26.0,0,0.0,0,0,06-MAY-2024,
OPTIDX,FINNIFTY,30-Jul-2024,19500.0,PE,0.0,0.0,0.0,55.4,54.25,0,0.0,0,0,06-MAY-2024,
OPTIDX,FINNIFTY,30-Jul-2024,19800.0,PE,0.0,0.0,0.0,81.5,80.85,0,0.0,0,0,06-MAY-2024,
OPTIDX,FINNIFTY,30-Jul-2024,19900.0,PE,0.0,0.0,0.0,92.15,91.75,0,0.0,0,0,06-MAY-2024,
OPTIDX,FINNIFTY,30-Jul-2024,20000.0,PE,0.0,0.0,0.0,103.85,103.8,0,0.0,0,0,06-MAY-2024,
OPTIDX,FINNIFTY,30-Jul-2024,20100.0,PE,0.0,0.0,0.0,116.65,117.0,0,0.0,0,0,06-MAY-2024,
OPTIDX,FINNIFTY,30-Jul-2024,20200.0,PE,0.0,0.0,0.0,130.7,131.5,0,0.0,0,0,06-MAY-2024,
OPTIDX,FINNIFTY,30-Jul-2024,20300.0,PE,0.0,0.0,0.0,145.95,147.35,0,0.0,0,0,06-MAY-2024,
OPTIDX,FINNIFTY,30-Jul-2024,20400.0,PE,0.0,0.0,0.0,162.6,164.65,0,0.0,0,0,06-MAY-2024,
OPTIDX,FINNIFTY,30-Jul-2024,20500.0,PE,0.0,0.0,0.0,180.65,183.4,0,0.0,0,0,06-MAY-2024,
OPTIDX,FINNIFTY,30-Jul-2024,20600.0,PE,0.0,0.0,0.0,200.15,203.75,0,0.0,0,0,06-MAY-2024,
OPTIDX,FINNIFTY,30-Jul-2024,20700.0,PE,0.0,0.0,0.0,221.15,225.7,0,0.0,0,0,06-MAY-2024,
OPTIDX,FINNIFTY,30-Jul-2024,20800.0,PE,0.0,0.0,0.0,243.8,249.35,0,0.0,0,0,06-MAY-2024,
OPTIDX,FINNIFTY,30-Jul-2024,20900.0,PE,0.0,0.0,0.0,268.9,275.45,0,0.0,0,0,06-MAY-2024,
OPTIDX,FINNIFTY,30-Jul-2024,21000.0,PE,0.0,0.0,0.0,294.7,301.7,0,0.0,0,0,06-MAY-2024,
OPTIDX,FINNIFTY,30-Jul-2024,21100.0,PE,0.0,0.0,0.0,321.45,330.8,0,0.0,0,0,06-MAY-2024,
OPTIDX,FINNIFTY,30-Jul-2024,21200.0,PE,0.0,0.0,0.0,351.0,361.8,0,0.0,0,0,06-MAY-2024,
OPTIDX,FINNIFTY,30-Jul-2024,21300.0,PE,0.0,0.0,0.0,382.4,394.8,0,0.0,0,0,06-MAY-2024,
OPTIDX,FINNIFTY,30-Jul-2024,21400.0,PE,0.0,0.0,0.0,415.7,429.75,0,0.0,0,0,06-MAY-2024,
OPTIDX,FINNIFTY,30-Jul-2024,21500.0,PE,0.0,0.0,0.0,450.9,466.75,0,0.0,0,0,06-MAY-2024,
OPTIDX,FINNIFTY,30-Jul-2024,21600.0,PE,0.0,0.0,0.0,488.05,505.8,0,0.0,0,0,06-MAY-2024,
OPTIDX,FINNIFTY,30-Jul-2024,21700.0,PE,0.0,0.0,0.0,527.15,546.95,0,0.0,0,0,06-MAY-2024,
OPTIDX,FINNIFTY,30-Jul-2024,21800.0,PE,0.0,0.0,0.0,568.2,590.15,0,0.0,0,0,06-MAY-2024,
OPTIDX,FINNIFTY,30-Jul-2024,21900.0,PE,0.0,0.0,0.0,611.3,635.45,0,0.0,0,0,06-MAY-2024,
OPTIDX,FINNIFTY,30-Jul-2024,22000.0,PE,0.0,0.0,0.0,656.4,682.85,0,0.0,0,0,06-MAY-2024,
OPTIDX,FINNIFTY,30-Jul-2024,22100.0,PE,0.0,0.0,0.0,703.5,732.25,0,0.0,0,0,06-MAY-2024,
OPTIDX,FINNIFTY,30-Jul-2024,22200.0,PE,0.0,0.0,0.0,752.5,783.8,0,0.0,0,0,06-MAY-2024,
OPTIDX,FINNIFTY,30-Jul-2024,22300.0,PE,0.0,0.0,0.0,803.6,837.4,0,0.0,0,0,06-MAY-2024,
OPTIDX,FINNIFTY,30-Jul-2024,22400.0,PE,0.0,0.0,0.0,856.65,893.1,0,0.0,0,0,06-MAY-2024,
OPTIDX,FINNIFTY,30-Jul-2024,22500.0,PE,0.0,0.0,0.0,911.65,950.75,0,0.0,0,0,06-MAY-2024,
OPTIDX,FINNIFTY,30-Jul-2024,22600.0,PE,0.0,0.0,0.0,968.6,1010.4,0,0.0,0,0,06-MAY-2024,
OPTIDX,FINNIFTY,30-Jul-2024,22700.0,PE,0.0,0.0,0.0,1027.5,1072.05,0,0.0,0,0,06-MAY-2024,
OPTIDX,FINNIFTY,30-Jul-2024,22800.0,PE,0.0,0.0,0.0,1088.2,1135.55,0,0.0,0,0,06-MAY-2024,
OPTIDX,FINNIFTY,30-Jul-2024,22900.0,PE,0.0,0.0,0.0,1150.8,1200.9,0,0.0,0,0,06-MAY-2024,
OPTIDX,FINNIFTY,30-Jul-2024,23000.0,PE,0.0,0.0,0.0,1215.15,1268.1,0,0.0,0,0,06-MAY-2024,
OPTIDX,FINNIFTY,30-Jul-2024,23100.0,PE,0.0,0.0,0.0,1281.3,1337.05,0,0.0,0,0,06-MAY-2024,
OPTIDX,FINNIFTY,30-Jul-2024,23200.0,PE,0.0,0.0,0.0,1349.15,1407.7,0,0.0,0,0,06-MAY-2024,
OPTIDX,FINNIFTY,30-Jul-2024,23300.0,PE,0.0,0.0,0.0,1418.65,1480.0,0,0.0,0,0,06-MAY-2024,
OPTIDX,FINNIFTY,30-Jul-2024,23400.0,PE,0.0,0.0,0.0,1489.8,1555.0,0,0.0,0,0,06-MAY-2024,
OPTIDX,FINNIFTY,30-Jul-2024,23500.0,PE,0.0,0.0,0.0,1563.4,1629.7,0,0.0,0,0,06-MAY-2024,
OPTIDX,FINNIFTY,30-Jul-2024,23600.0,PE,0.0,0.0,0.0,1637.8,1706.65,0,0.0,0,0,06-MAY-2024,
OPTIDX,FINNIFTY,30-Jul-2024,23700.0,PE,0.0,0.0,0.0,1712.65,1784.95,0,0.0,0,0,06-MAY-2024,
OPTIDX,FINNIFTY,30-Jul-2024,23800.0,PE,0.0,0.0,0.0,1789.7,1864.65,0,0.0,0,0,06-MAY-2024,
OPTIDX,FINNIFTY,30-Jul-2024,23900.0,PE,0.0,0.0,0.0,1868.1,1945.6,0,0.0,0,0,06-MAY-2024,
OPTIDX,FINNIFTY,30-Jul-2024,24000.0,PE,0.0,0.0,0.0,1947.75,2027.75,0,0.0,0,0,06-MAY-2024,
OPTIDX,FINNIFTY,30-Jul-2024,24500.0,PE,0.0,0.0,0.0,2363.25,2454.75,0,0.0,0,0,06-MAY-2024,
OPTIDX,FINNIFTY,30-Jul-2024,25000.0,PE,0.0,0.0,0.0,2802.35,2903.45,0,0.0,0,0,06-MAY-2024,
OPTIDX,MIDCPNIFTY,06-May-2024,9200.0,CE,0.0,0.0,0.0,1556.2,11044.7,0,0.0,0,0,06-MAY-2024,
OPTIDX,MIDCPNIFTY,06-May-2024,9300.0,CE,0.0,0.0,0.0,1457.6,11044.7,0,0.0,0,0,06-MAY-2024,
OPTIDX,MIDCPNIFTY,06-May-2024,9400.0,CE,0.0,0.0,0.0,1359.45,11044.7,0,0.0,0,0,06-MAY-2024,
OPTIDX,MIDCPNIFTY,06-May-2024,9500.0,CE,0.0,0.0,0.0,1261.95,11044.7,0,0.0,0,0,06-MAY-2024,
OPTIDX,MIDCPNIFTY,06-May-2024,9600.0,CE,0.0,0.0,0.0,1165.35,11044.7,0,0.0,0,0,06-MAY-2024,
OPTIDX,MIDCPNIFTY,06-May-2024,9700.0,CE,0.0,0.0,0.0,1070.0,11044.7,0,0.0,0,0,06-MAY-2024,
OPTIDX,MIDCPNIFTY,06-May-2024,9800.0,CE,0.0,0.0,0.0,976.25,11044.7,0,0.0,0,0,06-MAY-2024,
OPTIDX,MIDCPNIFTY,06-May-2024,9900.0,CE,0.0,0.0,0.0,884.65,11044.7,0,0.0,0,0,06-MAY-2024,
OPTIDX,MIDCPNIFTY,06-May-2024,9925.0,CE,0.0,0.0,0.0,862.15,11044.7,0,0.0,0,0,06-MAY-2024,
OPTIDX,MIDCPNIFTY,06-May-2024,9950.0,CE,0.0,0.0,0.0,839.85,11044.7,0,0.0,0,0,06-MAY-2024,
OPTIDX,MIDCPNIFTY,06-May-2024,9975.0,CE,0.0,0.0,0.0,817.7,11044.7,0,0.0,0,0,06-MAY-2024,
OPTIDX,MIDCPNIFTY,06-May-2024,10000.0,CE,1049.0,1049.0,1049.0,1049.0,11044.7,1,8.28,0,-75,06-MAY-2024,
OPTIDX,MIDCPNIFTY,06-May-2024,10025.0,CE,0.0,0.0,0.0,774.0,11044.7,0,0.0,0,0,06-MAY-2024,
OPTIDX,MIDCPNIFTY,06-May-2024,10050.0,CE,0.0,0.0,0.0,752.45,11044.7,0,0.0,0,0,06-MAY-2024,
OPTIDX,MIDCPNIFTY,06-May-2024,10075.0,CE,0.0,0.0,0.0,731.15,11044.7,0,0.0,0,0,06-MAY-2024,
OPTIDX,MIDCPNIFTY,06-May-2024,10100.0,CE,0.0,0.0,0.0,710.05,11044.7,0,0.0,0,0,06-MAY-2024,
OPTIDX,MIDCPNIFTY,06-May-2024,10125.0,CE,0.0,0.0,0.0,689.2,11044.7,0,0.0,0,0,06-MAY-2024,
OPTIDX,MIDCPNIFTY,06-May-2024,10150.0,CE,0.0,0.0,0.0,668.6,11044.7,0,0.0,0,0,06-MAY-2024,
OPTIDX,MIDCPNIFTY,06-May-2024,10175.0,CE,0.0,0.0,0.0,648.25,11044.7,0,0.0,0,0,06-MAY-2024,
OPTIDX,MIDCPNIFTY,06-May-2024,10200.0,CE,0.0,0.0,0.0,628.15,11044.7,0,0.0,0,0,06-MAY-2024,
OPTIDX,MIDCPNIFTY,06-May-2024,10225.0,CE,0.0,0.0,0.0,608.35,11044.7,0,0.0,0,0,06-MAY-2024,
OPTIDX,MIDCPNIFTY,06-May-2024,10250.0,CE,0.0,0.0,0.0,588.85,11044.7,0,0.0,0,0,06-MAY-2024,
OPTIDX,MIDCPNIFTY,06-May-2024,10275.0,CE,0.0,0.0,0.0,569.6,11044.7,0,0.0,0,0,06-MAY-2024,
OPTIDX,MIDCPNIFTY,06-May-2024,10300.0,CE,0.0,0.0,0.0,550.7,11044.7,0,0.0,0,0,06-MAY-2024,
OPTIDX,MIDCPNIFTY,06-May-2024,10325.0,CE,0.0,0.0,0.0,532.45,11044.7,0,0.0,0,0,06-MAY-2024,
OPTIDX,MIDCPNIFTY,06-May-2024,10350.0,CE,0.0,0.0,0.0,514.1,11044.7,0,0.0,0,0,06-MAY-2024,
OPTIDX,MIDCPNIFTY,06-May-2024,10375.0,CE,0.0,0.0,0.0,495.65,11044.7,0,0.0,0,0,06-MAY-2024,
OPTIDX,MIDCPNIFTY,06-May-2024,10400.0,CE,0.0,0.0,0.0,478.05,11044.7,0,0.0,0,0,06-MAY-2024,
OPTIDX,MIDCPNIFTY,06-May-2024,10425.0,CE,636.55,637.0,588.8,588.8,11044.7,6,49.74,75,75,06-MAY-2024,
OPTIDX,MIDCPNIFTY,06-May-2024,10450.0,CE,0.0,0.0,0.0,443.75,11044.7,0,0.0,0,0,06-MAY-2024,
OPTIDX,MIDCPNIFTY,06-May-2024,10475.0,CE,0.0,0.0,0.0,427.15,11044.7,0,0.0,0,0,06-MAY-2024,
OPTIDX,MIDCPNIFTY,06-May-2024,10500.0,CE,568.1,568.1,544.95,546.65,11044.7,8,66.29,2775,-75,06-MAY-2024,
OPTIDX,MIDCPNIFTY,06-May-2024,10525.0,CE,0.0,0.0,0.0,395.0,11044.7,0,0.0,0,0,06-MAY-2024,
OPTIDX,MIDCPNIFTY,06-May-2024,10550.0,CE,0.0,0.0,0.0,333.5,11044.7,0,0.0,0,0,06-MAY-2024,
OPTIDX,MIDCPNIFTY,06-May-2024,10575.0,CE,0.0,0.0,0.0,364.3,11044.7,0,0.0,0,0,06-MAY-2024,
OPTIDX,MIDCPNIFTY,06-May-2024,10600.0,CE,489.8,508.35,460.5,468.75,11044.7,4,33.24,525,150,06-MAY-2024,
OPTIDX,MIDCPNIFTY,06-May-2024,10625.0,CE,0.0,0.0,0.0,335.05,11044.7,0,0.0,0,0,06-MAY-2024,
OPTIDX,MIDCPNIFTY,06-May-2024,10650.0,CE,0.0,0.0,0.0,321.0,11044.7,0,0.0,0,0,06-MAY-2024,
OPTIDX,MIDCPNIFTY,06-May-2024,10675.0,CE,385.4,385.4,360.1,360.1,11044.7,2,16.57,75,75,06-MAY-2024,
OPTIDX,MIDCPNIFTY,06-May-2024,10700.0,CE,400.0,400.65,332.2,346.0,11044.7,355,2945.37,7425,-9450,06-MAY-2024,
OPTIDX,MIDCPNIFTY,06-May-2024,10725.0,CE,329.6,340.15,302.85,313.45,11044.7,10,82.85,675,600,06-MAY-2024,
OPTIDX,MIDCPNIFTY,06-May-2024,10750.0,CE,330.0,348.8,291.2,296.15,11044.7,173,1435.75,6075,150,06-MAY-2024,
OPTIDX,MIDCPNIFTY,06-May-2024,10775.0,CE,320.0,320.0,259.7,271.2,11044.7,76,630.32,2925,825,06-MAY-2024,
OPTIDX,MIDCPNIFTY,06-May-2024,10800.0,CE,300.0,301.05,230.55,248.15,11044.7,1473,12220.32,12300,-6750,06-MAY-2024,
OPTIDX,MIDCPNIFTY,06-May-2024,10825.0,CE,259.0,259.0,207.75,220.95,11044.7,248,2056.29,6225,3675,06-MAY-2024,
OPTIDX,MIDCPNIFTY,06-May-2024,10850.0,CE,247.65,251.1,188.45,199.45,11044.7,618,5125.9,10275,4125,06-MAY-2024,
OPTIDX,MIDCPNIFTY,06-May-2024,10875.0,CE,220.45,225.35,162.0,172.2,11044.7,617,5118.7,9825,4800,06-MAY-2024,
OPTIDX,MIDCPNIFTY,06-May-2024,10900.0,CE,200.05,203.0,138.1,147.4,11044.7,8031,66639.94,84975,12150,06-MAY-2024,
OPTIDX,MIDCPNIFTY,06-May-2024,10925.0,CE,166.85,179.6,114.4,122.55,11044.7,4231,35084.55,35400,19575,06-MAY-2024,
OPTIDX,MIDCPNIFTY,06-May-2024,10950.0,CE,155.0,157.7,90.05,97.85,11044.7,29202,242172.26,164850,115575,06-MAY-2024,
OPTIDX,MIDCPNIFTY,06-May-2024,10975.0,CE,125.0,132.0,66.6,73.05,11044.7,59086,490112.58,177675,127650,06-MAY-2024,
OPTIDX,MIDCPNIFTY,06-May-2024,11000.0,CE,99.95,113.2,43.9,48.15,11044.7,628264,5211484.52,980100,550575,06-MAY-2024,
OPTIDX,MIDCPNIFTY,06-May-2024,11025.0,CE,82.0,90.3,18.95,22.95,11044.7,1456396,12076922.03,2455050,2230575,06-MAY-2024,
OPTIDX,MIDCPNIFTY,06-May-2024,11050.0,CE,70.1,72.45,0.05,1.6,11044.7,9218300,76462921.64,10320675,9595200,06-MAY-2024,
OPTIDX,MIDCPNIFTY,06-May-2024,11075.0,CE,53.95,53.95,0.05,0.15,11044.7,7293779,60619927.32,6944025,6086775,06-MAY-2024,
OPTIDX,MIDCPNIFTY,06-May-2024,11100.0,CE,44.9,44.9,0.05,0.1,11044.7,5594619,46601717.8,6858225,4531200,06-MAY-2024,
OPTIDX,MIDCPNIFTY,06-May-2024,11125.0,CE,33.3,40.75,0.05,0.1,11044.7,2582801,21558872.56,3619425,2745450,06-MAY-2024,
OPTIDX,MIDCPNIFTY,06-May-2024,11150.0,CE,24.0,24.0,0.05,0.1,11044.7,2681829,22433416.36,4811400,2872425,06-MAY-2024,
OPTIDX,MIDCPNIFTY,06-May-2024,11175.0,CE,16.6,16.6,0.05,0.1,11044.7,1479410,12401978.46,2302875,1349850,06-MAY-2024,
OPTIDX,MIDCPNIFTY,06-May-2024,11200.0,CE,9.45,10.85,0.05,0.1,11044.7,1946690,16354837.61,3451275,1035075,06-MAY-2024,
OPTIDX,MIDCPNIFTY,06-May-2024,11225.0,CE,7.15,7.8,0.05,0.1,11044.7,789795,6649975.09,1677000,744900,06-MAY-2024,
OPTIDX,MIDCPNIFTY,06-May-2024,11250.0,CE,3.5,5.9,0.05,0.1,11044.7,1013198,8549651.36,2820600,1416450,06-MAY-2024,
OPTIDX,MIDCPNIFTY,06-May-2024,11275.0,CE,3.55,4.15,0.05,0.05,11044.7,717095,6064334.65,3246300,2457525,06-MAY-2024,
OPTIDX,MIDCPNIFTY,06-May-2024,11300.0,CE,4.35,4.4,0.05,0.05,11044.7,940411,7970438.66,3647550,1885275,06-MAY-2024,
OPTIDX,MIDCPNIFTY,06-May-2024,11325.0,CE,1.85,2.25,0.05,0.05,11044.7,403268,3425402.56,1970775,1331325,06-MAY-2024,
OPTIDX,MIDCPNIFTY,06-May-2024,11350.0,CE,1.5,3.0,0.05,0.05,11044.7,490687,4177099.35,2517750,1395675,06-MAY-2024,
OPTIDX,MIDCPNIFTY,06-May-2024,11375.0,CE,1.0,1.25,0.05,0.05,11044.7,210993,1800074.42,1145325,524250,06-MAY-2024,
OPTIDX,MIDCPNIFTY,06-May-2024,11400.0,CE,0.9,0.9,0.05,0.05,11044.7,388817,3324445.47,2221500,1141725,06-MAY-2024,
OPTIDX,MIDCPNIFTY,06-May-2024,11425.0,CE,0.3,0.7,0.05,0.05,11044.7,119965,1027966.96,881775,399975,06-MAY-2024,
OPTIDX,MIDCPNIFTY,06-May-2024,11450.0,CE,0.25,0.55,0.05,0.05,11044.7,152192,1306967.69,903225,48600,06-MAY-2024,
OPTIDX,MIDCPNIFTY,06-May-2024,11475.0,CE,0.3,0.5,0.05,0.05,11044.7,69433,597565.7,572250,213075,06-MAY-2024,
OPTIDX,MIDCPNIFTY,06-May-2024,11500.0,CE,0.3,0.65,0.05,0.05,11044.7,214213,1847607.86,2600400,-244575,06-MAY-2024,
OPTIDX,MIDCPNIFTY,06-May-2024,11525.0,CE,0.3,0.45,0.05,0.05,11044.7,47397,409691.54,620700,375150,06-MAY-2024,
OPTIDX,MIDCPNIFTY,06-May-2024,11550.0,CE,0.3,0.4,0.05,0.05,11044.7,54937,475896.21,1133700,484950,06-MAY-2024,
OPTIDX,MIDCPNIFTY,06-May-2024,11575.0,CE,0.15,0.3,0.05,0.05,11044.7,15819,137329.69,245025,50025,06-MAY-2024,
OPTIDX,MIDCPNIFTY,06-May-2024,11600.0,CE,0.15,0.2,0.05,0.05,11044.7,60234,524040.13,1130475,37350,06-MAY-2024,
OPTIDX,MIDCPNIFTY,06-May-2024,11625.0,CE,0.1,0.2,0.05,0.05,11044.7,10063,87737.43,114450,-8925,06-MAY-2024,
OPTIDX,MIDCPNIFTY,06-May-2024,11650.0,CE,0.1,0.2,0.05,0.05,11044.7,9282,81102.06,199800,64950,06-MAY-2024,
OPTIDX,MIDCPNIFTY,06-May-2024,11675.0,CE,0.05,0.15,0.05,0.05,11044.7,4689,41058.29,62850,28125,06-MAY-2024,
OPTIDX,MIDCPNIFTY,06-May-2024,11700.0,CE,0.05,0.15,0.05,0.05,11044.7,30592,268446.52,575175,245175,06-MAY-2024,
OPTIDX,MIDCPNIFTY,06-May-2024,11725.0,CE,0.1,0.2,0.05,0.05,11044.7,2333,20515.95,86400,19350,06-MAY-2024,
OPTIDX,MIDCPNIFTY,06-May-2024,11750.0,CE,0.05,0.15,0.05,0.05,11044.7,4691,41339.69,97575,1575,06-MAY-2024,
OPTIDX,MIDCPNIFTY,06-May-2024,11775.0,CE,0.1,0.2,0.05,0.05,11044.7,2048,18086.5,56100,-8325,06-MAY-2024,
OPTIDX,MIDCPNIFTY,06-May-2024,11800.0,CE,0.2,0.2,0.05,0.05,11044.7,15000,132750.65,251250,-130800,06-MAY-2024,
OPTIDX,MIDCPNIFTY,06-May-2024,11825.0,CE,0.1,0.1,0.05,0.05,11044.7,150,1330.31,17775,1125,06-MAY-2024,
OPTIDX,MIDCPNIFTY,06-May-2024,11850.0,CE,0.1,0.1,0.05,0.05,11044.7,1292,11482.71,38100,12825,06-MAY-2024,
OPTIDX,MIDCPNIFTY,06-May-2024,11875.0,CE,0.2,0.2,0.05,0.05,11044.7,759,6759.87,31800,29850,06-MAY-2024,
OPTIDX,MIDCPNIFTY,06-May-2024,11900.0,CE,0.05,0.1,0.05,0.05,11044.7,3816,34057.94,176700,112275,06-MAY-2024,
OPTIDX,MIDCPNIFTY,06-May-2024,12000.0,CE,0.15,0.15,0.05,0.05,11044.7,10232,92088.43,337275,-63525,06-MAY-2024,
OPTIDX,MIDCPNIFTY,06-May-2024,12100.0,CE,0.1,0.1,0.05,0.05,11044.7,681,6180.1,88875,9750,06-MAY-2024,
OPTIDX,MIDCPNIFTY,06-May-2024,12200.0,CE,0.1,0.1,0.05,0.05,11044.7,377,3449.56,143175,-4800,06-MAY-2024,
OPTIDX,MIDCPNIFTY,06-May-2024,12300.0,CE,0.05,0.05,0.05,0.05,11044.7,356,3284.11,15300,4575,06-MAY-2024,
OPTIDX,MIDCPNIFTY,06-May-2024,12400.0,CE,0.1,0.1,0.05,0.05,11044.7,451,4194.31,29475,12000,06-MAY-2024,
OPTIDX,MIDCPNIFTY,06-May-2024,12500.0,CE,0.05,0.1,0.05,0.05,11044.7,499,4678.14,43950,18750,06-MAY-2024,
OPTIDX,MIDCPNIFTY,06-May-2024,12600.0,CE,0.05,0.1,0.05,0.05,11044.7,1471,13901.0,72675,47400,06-MAY-2024,
OPTIDX,MIDCPNIFTY,06-May-2024,9200.0,PE,0.1,0.1,0.05,0.05,11044.7,1484,10239.65,104325,100500,06-MAY-2024,
OPTIDX,MIDCPNIFTY,06-May-2024,9300.0,PE,0.05,0.1,0.05,0.05,11044.7,274,1911.16,14850,7725,06-MAY-2024,
OPTIDX,MIDCPNIFTY,06-May-2024,9400.0,PE,0.05,0.1,0.05,0.05,11044.7,137,965.85,11250,750,06-MAY-2024,
OPTIDX,MIDCPNIFTY,06-May-2024,9500.0,PE,0.05,0.05,0.05,0.05,11044.7,179,1275.38,13350,6525,06-MAY-2024,
OPTIDX,MIDCPNIFTY,06-May-2024,9600.0,PE,0.05,0.05,0.05,0.05,11044.7,95,684.0,8925,6300,06-MAY-2024,
OPTIDX,MIDCPNIFTY,06-May-2024,9700.0,PE,0.1,0.1,0.05,0.05,11044.7,54,392.85,6525,3750,06-MAY-2024,
OPTIDX,MIDCPNIFTY,06-May-2024,9800.0,PE,0.1,0.1,0.05,0.05,11044.7,128,940.8,7725,1800,06-MAY-2024,
OPTIDX,MIDCPNIFTY,06-May-2024,9900.0,PE,0.05,0.1,0.05,0.05,11044.7,182,1351.35,7275,-225,06-MAY-2024,
OPTIDX,MIDCPNIFTY,06-May-2024,9925.0,PE,0.0,0.0,0.0,0.1,11044.7,0,0.0,375,0,06-MAY-2024,
OPTIDX,MIDCPNIFTY,06-May-2024,9950.0,PE,0.05,0.1,0.05,0.05,11044.7,171,1276.09,5025,3000,06-MAY-2024,
OPTIDX,MIDCPNIFTY,06-May-2024,9975.0,PE,0.05,0.05,0.05,0.05,11044.7,63,471.32,2100,-4500,06-MAY-2024,
OPTIDX,MIDCPNIFTY,06-May-2024,10000.0,PE,0.05,0.1,0.05,0.05,11044.7,5336,40020.2,233025,-19875,06-MAY-2024,
OPTIDX,MIDCPNIFTY,06-May-2024,10025.0,PE,0.05,0.1,0.05,0.05,11044.7,123,924.81,4725,-1275,06-MAY-2024,
OPTIDX,MIDCPNIFTY,06-May-2024,10050.0,PE,0.1,0.1,0.05,0.05,11044.7,225,1695.94,7650,-3900,06-MAY-2024,
OPTIDX,MIDCPNIFTY,06-May-2024,10075.0,PE,0.05,0.1,0.05,0.05,11044.7,222,1677.49,6525,-6600,06-MAY-2024,
OPTIDX,MIDCPNIFTY,06-May-2024,10100.0,PE,0.1,0.1,0.05,0.05,11044.7,2589,19611.82,65250,-32475,06-MAY-2024,
OPTIDX,MIDCPNIFTY,06-May-2024,10125.0,PE,0.05,0.05,0.05,0.05,11044.7,150,1139.06,4500,-2700,06-MAY-2024,
OPTIDX,MIDCPNIFTY,06-May-2024,10150.0,PE,0.1,0.1,0.05,0.05,11044.7,919,6995.93,27375,22050,06-MAY-2024,
OPTIDX,MIDCPNIFTY,06-May-2024,10175.0,PE,0.05,0.1,0.05,0.05,11044.7,1841,14049.21,40500,825,06-MAY-2024,
OPTIDX,MIDCPNIFTY,06-May-2024,10200.0,PE,0.1,0.1,0.05,0.05,11044.7,4020,30753.2,103350,-50925,06-MAY-2024,
OPTIDX,MIDCPNIFTY,06-May-2024,10225.0,PE,0.05,0.1,0.05,0.05,11044.7,145,1111.97,9000,-3675,06-MAY-2024,
OPTIDX,MIDCPNIFTY,06-May-2024,10250.0,PE,0.1,0.1,0.05,0.05,11044.7,1106,8502.43,46725,42075,06-MAY-2024,
OPTIDX,MIDCPNIFTY,06-May-2024,10275.0,PE,0.1,0.1,0.05,0.05,11044.7,376,2897.56,11475,825,06-MAY-2024,
OPTIDX,MIDCPNIFTY,06-May-2024,10300.0,PE,0.1,0.1,0.05,0.05,11044.7,10544,81452.89,423600,-30900,06-MAY-2024,
OPTIDX,MIDCPNIFTY,06-May-2024,10325.0,PE,0.1,0.15,0.05,0.05,11044.7,481,3724.76,18525,-1200,06-MAY-2024,
OPTIDX,MIDCPNIFTY,06-May-2024,10350.0,PE,0.15,0.15,0.05,0.05,11044.7,2366,18366.2,52800,19875,06-MAY-2024,
OPTIDX,MIDCPNIFTY,06-May-2024,10375.0,PE,0.15,0.15,0.05,0.05,11044.7,669,5205.68,22350,7575,06-MAY-2024,
OPTIDX,MIDCPNIFTY,06-May-2024,10400.0,PE,0.05,0.15,0.05,0.05,11044.7,11788,91947.01,199650,5850,06-MAY-2024,
OPTIDX,MIDCPNIFTY,06-May-2024,10425.0,PE,0.1,0.15,0.05,0.05,11044.7,1513,11829.83,57075,43800,06-MAY-2024,
OPTIDX,MIDCPNIFTY,06-May-2024,10450.0,PE,0.1,0.2,0.05,0.05,11044.7,7255,56861.51,78975,-11175,06-MAY-2024,
OPTIDX,MIDCPNIFTY,06-May-2024,10475.0,PE,0.1,0.15,0.05,0.05,11044.7,2734,21479.11,67950,44025,06-MAY-2024,
OPTIDX,MIDCPNIFTY,06-May-2024,10500.0,PE,0.15,0.15,0.05,0.05,11044.7,63257,498152.95,946125,-217725,06-MAY-2024,
OPTIDX,MIDCPNIFTY,06-May-2024,10525.0,PE,0.25,0.25,0.05,0.05,11044.7,14030,110750.02,481875,451200,06-MAY-2024,
OPTIDX,MIDCPNIFTY,06-May-2024,10550.0,PE,0.25,0.25,0.05,0.05,11044.7,24252,191895.49,392550,225600,06-MAY-2024,
OPTIDX,MIDCPNIFTY,06-May-2024,10575.0,PE,0.35,0.4,0.05,0.05,11044.7,20797,164947.47,585975,506700,06-MAY-2024,
OPTIDX,MIDCPNIFTY,06-May-2024,10600.0,PE,0.25,0.25,0.05,0.1,11044.7,99865,793933.5,1471800,446625,06-MAY-2024,
OPTIDX,MIDCPNIFTY,06-May-2024,10625.0,PE,0.3,0.3,0.05,0.05,11044.7,36093,287618.51,508500,295500,06-MAY-2024,
OPTIDX,MIDCPNIFTY,06-May-2024,10650.0,PE,0.6,0.6,0.05,0.05,11044.7,105339,841405.06,624000,225600,06-MAY-2024,
OPTIDX,MIDCPNIFTY,06-May-2024,10675.0,PE,0.25,0.4,0.05,0.05,11044.7,238482,1909370.53,743550,499350,06-MAY-2024,
OPTIDX,MIDCPNIFTY,06-May-2024,10700.0,PE,0.4,0.5,0.05,0.05,11044.7,710638,5702974.71,3016725,2145150,06-MAY-2024,
OPTIDX,MIDCPNIFTY,06-May-2024,10725.0,PE,2.5,2.5,0.05,0.05,11044.7,457238,3677982.19,1575300,1207875,06-MAY-2024,
OPTIDX,MIDCPNIFTY,06-May-2024,10750.0,PE,1.05,2.0,0.05,0.05,11044.7,782975,6312933.86,2523675,1797000,06-MAY-2024,
OPTIDX,MIDCPNIFTY,06-May-2024,10775.0,PE,0.8,5.0,0.05,0.05,11044.7,561450,4537411.43,1565925,1198350,06-MAY-2024,
OPTIDX,MIDCPNIFTY,06-May-2024,10800.0,PE,1.05,4.3,0.05,0.05,11044.7,1283867,10399968.34,4302525,2950125,06-MAY-2024,
OPTIDX,MIDCPNIFTY,06-May-2024,10825.0,PE,3.45,6.0,0.05,0.05,11044.7,740261,6010485.64,1896975,1528950,06-MAY-2024,
OPTIDX,MIDCPNIFTY,06-May-2024,10850.0,PE,2.6,5.4,0.05,0.1,11044.7,982974,7999805.35,2058750,1185825,06-MAY-2024,
OPTIDX,MIDCPNIFTY,06-May-2024,10875.0,PE,3.7,6.7,0.05,0.1,11044.7,981466,8006193.36,1260975,823275,06-MAY-2024,
OPTIDX,MIDCPNIFTY,06-May-2024,10900.0,PE,5.0,8.5,0.05,0.1,11044.7,1870766,15296193.2,2869275,1583325,06-MAY-2024,
OPTIDX,MIDCPNIFTY,06-May-2024,10925.0,PE,7.0,14.9,0.05,0.1,11044.7,1667421,13665512.51,1274625,917625,06-MAY-2024,
OPTIDX,MIDCPNIFTY,06-May-2024,10950.0,PE,7.7,12.2,0.05,0.1,11044.7,2766773,22728607.83,2141250,1273650,06-MAY-2024,
OPTIDX,MIDCPNIFTY,06-May-2024,10975.0,PE,9.7,19.0,0.05,0.1,11044.7,2721245,22407327.55,1729650,1274700,06-MAY-2024,
OPTIDX,MIDCPNIFTY,06-May-2024,11000.0,PE,10.0,18.0,0.05,0.15,11044.7,5236022,43218601.45,5417025,3870000,06-MAY-2024,
OPTIDX,MIDCPNIFTY,06-May-2024,11025.0,PE,26.3,26.3,0.05,0.35,11044.7,5842643,48336277.93,5332950,4898475,06-MAY-2024,
OPTIDX,MIDCPNIFTY,06-May-2024,11050.0,PE,27.0,32.8,0.5,2.9,11044.7,12590923,104429654.68,8550450,7744275,06-MAY-2024,
OPTIDX,MIDCPNIFTY,06-May-2024,11075.0,PE,23.15,49.1,14.0,26.95,11044.7,3882078,32317536.68,2417400,1842975,06-MAY-2024,
OPTIDX,MIDCPNIFTY,06-May-2024,11100.0,PE,30.05,77.0,22.65,51.95,11044.7,2137778,17864491.93,1952925,546900,06-MAY-2024,
OPTIDX,MIDCPNIFTY,06-May-2024,11125.0,PE,48.55,98.25,39.15,77.2,11044.7,420210,3525564.1,383700,46350,06-MAY-2024,
OPTIDX,MIDCPNIFTY,06-May-2024,11150.0,PE,63.5,120.2,59.0,102.75,11044.7,317912,2678588.07,484200,-108750,06-MAY-2024,
OPTIDX,MIDCPNIFTY,06-May-2024,11175.0,PE,75.05,148.0,75.05,127.85,11044.7,49503,418857.16,177450,3150,06-MAY-2024,
OPTIDX,MIDCPNIFTY,06-May-2024,11200.0,PE,100.0,169.7,100.0,152.7,11044.7,53745,456774.45,209025,-28725,06-MAY-2024,
OPTIDX,MIDCPNIFTY,06-May-2024,11225.0,PE,137.9,196.25,126.7,177.15,11044.7,4273,36478.69,63450,6975,06-MAY-2024,
OPTIDX,MIDCPNIFTY,06-May-2024,11250.0,PE,158.75,224.8,150.55,202.7,11044.7,3469,29737.56,80700,6150,06-MAY-2024,
OPTIDX,MIDCPNIFTY,06-May-2024,11275.0,PE,183.1,250.25,175.0,227.45,11044.7,911,7850.44,29775,8025,06-MAY-2024,
OPTIDX,MIDCPNIFTY,06-May-2024,11300.0,PE,197.0,269.4,197.0,253.7,11044.7,2975,25727.33,55725,-5175,06-MAY-2024,
OPTIDX,MIDCPNIFTY,06-May-2024,11325.0,PE,223.5,295.2,223.5,277.4,11044.7,749,6503.55,18525,2925,06-MAY-2024,
OPTIDX,MIDCPNIFTY,06-May-2024,11350.0,PE,257.25,321.4,250.05,302.9,11044.7,259,2260.52,11100,-375,06-MAY-2024,
OPTIDX,MIDCPNIFTY,06-May-2024,11375.0,PE,310.3,347.85,290.6,328.6,11044.7,842,7377.37,4725,4275,06-MAY-2024,
OPTIDX,MIDCPNIFTY,06-May-2024,11400.0,PE,309.0,381.25,308.0,352.65,11044.7,144,1268.25,2775,-1800,06-MAY-2024,
OPTIDX,MIDCPNIFTY,06-May-2024,11425.0,PE,0.0,0.0,0.0,713.15,11044.7,0,0.0,0,0,06-MAY-2024,
OPTIDX,MIDCPNIFTY,06-May-2024,11450.0,PE,0.0,0.0,0.0,734.15,11044.7,0,0.0,0,0,06-MAY-2024,
OPTIDX,MIDCPNIFTY,06-May-2024,11475.0,PE,0.0,0.0,0.0,755.35,11044.7,0,0.0,0,0,06-MAY-2024,
OPTIDX,MIDCPNIFTY,06-May-2024,11500.0,PE,400.0,469.95,400.0,452.5,11044.7,178,1594.34,1575,-975,06-MAY-2024,
OPTIDX,MIDCPNIFTY,06-May-2024,11525.0,PE,0.0,0.0,0.0,798.35,11044.7,0,0.0,0,0,06-MAY-2024,
OPTIDX,MIDCPNIFTY,06-May-2024,11550.0,PE,0.0,0.0,0.0,387.35,11044.7,0,0.0,150,0,06-MAY-2024,
OPTIDX,MIDCPNIFTY,06-May-2024,11575.0,PE,0.0,0.0,0.0,842.1,11044.7,0,0.0,0,0,06-MAY-2024,
OPTIDX,MIDCPNIFTY,06-May-2024,11600.0,PE,0.0,0.0,0.0,864.2,11044.7,0,0.0,0,0,06-MAY-2024,
OPTIDX,MIDCPNIFTY,06-May-2024,11625.0,PE,0.0,0.0,0.0,886.5,11044.7,0,0.0,0,0,06-MAY-2024,
OPTIDX,MIDCPNIFTY,06-May-2024,11650.0,PE,0.0,0.0,0.0,908.95,11044.7,0,0.0,0,0,06-MAY-2024,
OPTIDX,MIDCPNIFTY,06-May-2024,11675.0,PE,0.0,0.0,0.0,931.5,11044.7,0,0.0,0,0,06-MAY-2024,
OPTIDX,MIDCPNIFTY,06-May-2024,11700.0,PE,0.0,0.0,0.0,954.2,11044.7,0,0.0,0,0,06-MAY-2024,
OPTIDX,MIDCPNIFTY,06-May-2024,11725.0,PE,0.0,0.0,0.0,977.05,11044.7,0,0.0,0,0,06-MAY-2024,
OPTIDX,MIDCPNIFTY,06-May-2024,11750.0,PE,0.0,0.0,0.0,1000.05,11044.7,0,0.0,0,0,06-MAY-2024,
OPTIDX,MIDCPNIFTY,06-May-2024,11775.0,PE,0.0,0.0,0.0,1023.1,11044.7,0,0.0,0,0,06-MAY-2024,
OPTIDX,MIDCPNIFTY,06-May-2024,11800.0,PE,0.0,0.0,0.0,1046.35,11044.7,0,0.0,0,0,06-MAY-2024,
OPTIDX,MIDCPNIFTY,06-May-2024,11825.0,PE,0.0,0.0,0.0,1069.65,11044.7,0,0.0,0,0,06-MAY-2024,
OPTIDX,MIDCPNIFTY,06-May-2024,11850.0,PE,0.0,0.0,0.0,1093.05,11044.7,0,0.0,0,0,06-MAY-2024,
OPTIDX,MIDCPNIFTY,06-May-2024,11875.0,PE,0.0,0.0,0.0,1116.55,11044.7,0,0.0,0,0,06-MAY-2024,
OPTIDX,MIDCPNIFTY,06-May-2024,11900.0,PE,0.0,0.0,0.0,1140.15,11044.7,0,0.0,0,0,06-MAY-2024,
OPTIDX,MIDCPNIFTY,06-May-2024,12000.0,PE,946.0,952.0,946.0,951.2,11044.7,4,38.84,225,75,06-MAY-2024,
OPTIDX,MIDCPNIFTY,06-May-2024,12100.0,PE,0.0,0.0,0.0,1331.55,11044.7,0,0.0,0,0,06-MAY-2024,
OPTIDX,MIDCPNIFTY,06-May-2024,12200.0,PE,0.0,0.0,0.0,1428.6,11044.7,0,0.0,0,0,06-MAY-2024,
OPTIDX,MIDCPNIFTY,06-May-2024,12300.0,PE,0.0,0.0,0.0,1526.3,11044.7,0,0.0,0,0,06-MAY-2024,
OPTIDX,MIDCPNIFTY,06-May-2024,12400.0,PE,0.0,0.0,0.0,1624.45,11044.7,0,0.0,0,0,06-MAY-2024,
OPTIDX,MIDCPNIFTY,06-May-2024,12500.0,PE,0.0,0.0,0.0,1722.9,11044.7,0,0.0,0,0,06-MAY-2024,
OPTIDX,MIDCPNIFTY,06-May-2024,12600.0,PE,0.0,0.0,0.0,1821.65,11044.7,0,0.0,0,0,06-MAY-2024,
OPTIDX,MIDCPNIFTY,13-May-2024,9200.0,CE,0.0,0.0,0.0,1731.0,1857.1,0,0.0,0,0,06-MAY-2024,
OPTIDX,MIDCPNIFTY,13-May-2024,9300.0,CE,0.0,0.0,0.0,1632.0,1757.25,0,0.0,0,0,06-MAY-2024,
OPTIDX,MIDCPNIFTY,13-May-2024,9400.0,CE,0.0,0.0,0.0,1533.25,1657.4,0,0.0,0,0,06-MAY-2024,
OPTIDX,MIDCPNIFTY,13-May-2024,9500.0,CE,0.0,0.0,0.0,1434.8,1557.5,0,0.0,0,0,06-MAY-2024,
OPTIDX,MIDCPNIFTY,13-May-2024,9600.0,CE,0.0,0.0,0.0,1336.85,1457.65,0,0.0,0,0,06-MAY-2024,
OPTIDX,MIDCPNIFTY,13-May-2024,9700.0,CE,0.0,0.0,0.0,1239.65,1357.8,0,0.0,0,0,06-MAY-2024,
OPTIDX,MIDCPNIFTY,13-May-2024,9800.0,CE,0.0,0.0,0.0,1143.45,1257.9,0,0.0,0,0,06-MAY-2024,
OPTIDX,MIDCPNIFTY,13-May-2024,9900.0,CE,0.0,0.0,0.0,1048.6,1158.05,0,0.0,0,0,06-MAY-2024,
OPTIDX,MIDCPNIFTY,13-May-2024,9925.0,CE,0.0,0.0,0.0,1025.15,1133.1,0,0.0,0,0,06-MAY-2024,
OPTIDX,MIDCPNIFTY,13-May-2024,9950.0,CE,0.0,0.0,0.0,1001.85,1108.15,0,0.0,0,0,06-MAY-2024,
OPTIDX,MIDCPNIFTY,13-May-2024,9975.0,CE,0.0,0.0,0.0,978.65,1083.15,0,0.0,0,0,06-MAY-2024,
OPTIDX,MIDCPNIFTY,13-May-2024,10000.0,CE,0.0,0.0,0.0,955.6,1058.2,0,0.0,0,0,06-MAY-2024,
OPTIDX,MIDCPNIFTY,13-May-2024,10025.0,CE,0.0,0.0,0.0,932.65,1033.25,0,0.0,0,0,06-MAY-2024,
OPTIDX,MIDCPNIFTY,13-May-2024,10050.0,CE,0.0,0.0,0.0,909.9,1008.25,0,0.0,0,0,06-MAY-2024,
OPTIDX,MIDCPNIFTY,13-May-2024,10075.0,CE,0.0,0.0,0.0,887.25,983.3,0,0.0,0,0,06-MAY-2024,
OPTIDX,MIDCPNIFTY,13-May-2024,10100.0,CE,0.0,0.0,0.0,864.8,958.35,0,0.0,0,0,06-MAY-2024,
OPTIDX,MIDCPNIFTY,13-May-2024,10125.0,CE,0.0,0.0,0.0,842.55,933.4,0,0.0,0,0,06-MAY-2024,
OPTIDX,MIDCPNIFTY,13-May-2024,10150.0,CE,0.0,0.0,0.0,820.45,908.45,0,0.0,0,0,06-MAY-2024,
OPTIDX,MIDCPNIFTY,13-May-2024,10175.0,CE,0.0,0.0,0.0,798.55,883.5,0,0.0,0,0,06-MAY-2024,
OPTIDX,MIDCPNIFTY,13-May-2024,10200.0,CE,838.0,845.0,838.0,845.0,858.55,2,16.56,150,150,06-MAY-2024,
OPTIDX,MIDCPNIFTY,13-May-2024,10225.0,CE,0.0,0.0,0.0,755.4,833.6,0,0.0,0,0,06-MAY-2024,
OPTIDX,MIDCPNIFTY,13-May-2024,10250.0,CE,0.0,0.0,0.0,734.1,808.7,0,0.0,0,0,06-MAY-2024,
OPTIDX,MIDCPNIFTY,13-May-2024,10275.0,CE,0.0,0.0,0.0,713.1,783.8,0,0.0,0,0,06-MAY-2024,
OPTIDX,MIDCPNIFTY,13-May-2024,10300.0,CE,0.0,0.0,0.0,692.3,758.9,0,0.0,0,0,06-MAY-2024,
OPTIDX,MIDCPNIFTY,13-May-2024,10325.0,CE,0.0,0.0,0.0,671.75,734.05,0,0.0,0,0,06-MAY-2024,
OPTIDX,MIDCPNIFTY,13-May-2024,10350.0,CE,0.0,0.0,0.0,651.45,709.2,0,0.0,0,0,06-MAY-2024,
OPTIDX,MIDCPNIFTY,13-May-2024,10375.0,CE,0.0,0.0,0.0,631.45,684.4,0,0.0,0,0,06-MAY-2024,
OPTIDX,MIDCPNIFTY,13-May-2024,10400.0,CE,0.0,0.0,0.0,611.7,659.7,0,0.0,0,0,06-MAY-2024,
OPTIDX,MIDCPNIFTY,13-May-2024,10425.0,CE,0.0,0.0,0.0,592.2,635.0,0,0.0,0,0,06-MAY-2024,
OPTIDX,MIDCPNIFTY,13-May-2024,10450.0,CE,0.0,0.0,0.0,573.05,610.4,0,0.0,0,0,06-MAY-2024,
OPTIDX,MIDCPNIFTY,13-May-2024,10475.0,CE,0.0,0.0,0.0,554.15,585.9,0,0.0,0,0,06-MAY-2024,
OPTIDX,MIDCPNIFTY,13-May-2024,10500.0,CE,580.0,583.0,555.0,560.0,560.0,21,174.37,1575,1575,06-MAY-2024,
OPTIDX,MIDCPNIFTY,13-May-2024,10525.0,CE,0.0,0.0,0.0,517.65,537.25,0,0.0,0,0,06-MAY-2024,
OPTIDX,MIDCPNIFTY,13-May-2024,10550.0,CE,0.0,0.0,0.0,499.3,513.15,0,0.0,0,0,06-MAY-2024,
OPTIDX,MIDCPNIFTY,13-May-2024,10575.0,CE,0.0,0.0,0.0,481.65,489.25,0,0.0,0,0,06-MAY-2024,
OPTIDX,MIDCPNIFTY,13-May-2024,10600.0,CE,0.0,0.0,0.0,464.4,465.55,0,0.0,0,0,06-MAY-2024,
OPTIDX,MIDCPNIFTY,13-May-2024,10625.0,CE,0.0,0.0,0.0,447.45,442.1,0,0.0,0,0,06-MAY-2024,
OPTIDX,MIDCPNIFTY,13-May-2024,10650.0,CE,0.0,0.0,0.0,430.9,418.95,0,0.0,0,0,06-MAY-2024,
OPTIDX,MIDCPNIFTY,13-May-2024,10675.0,CE,0.0,0.0,0.0,414.65,396.1,0,0.0,0,0,06-MAY-2024,
OPTIDX,MIDCPNIFTY,13-May-2024,10700.0,CE,375.0,375.0,357.3,359.15,359.15,27,224.09,2025,2025,06-MAY-2024,
OPTIDX,MIDCPNIFTY,13-May-2024,10725.0,CE,0.0,0.0,0.0,196.35,351.55,0,0.0,0,0,06-MAY-2024,
OPTIDX,MIDCPNIFTY,13-May-2024,10750.0,CE,0.0,0.0,0.0,368.1,329.95,0,0.0,0,0,06-MAY-2024,
OPTIDX,MIDCPNIFTY,13-May-2024,10775.0,CE,0.0,0.0,0.0,353.3,308.85,0,0.0,0,0,06-MAY-2024,
OPTIDX,MIDCPNIFTY,13-May-2024,10800.0,CE,302.9,316.45,280.0,292.95,292.95,179,1489.92,9075,9075,06-MAY-2024,
OPTIDX,MIDCPNIFTY,13-May-2024,10825.0,CE,0.0,0.0,0.0,324.8,268.3,0,0.0,0,0,06-MAY-2024,
OPTIDX,MIDCPNIFTY,13-May-2024,10850.0,CE,0.0,0.0,0.0,191.0,248.95,0,0.0,75,0,06-MAY-2024,
OPTIDX,MIDCPNIFTY,13-May-2024,10875.0,CE,0.0,0.0,0.0,297.8,230.25,0,0.0,0,0,06-MAY-2024,
OPTIDX,MIDCPNIFTY,13-May-2024,10900.0,CE,284.95,284.95,200.0,208.8,208.8,305,2544.81,12675,10050,06-MAY-2024,
OPTIDX,MIDCPNIFTY,13-May-2024,10925.0,CE,0.0,0.0,0.0,272.3,195.05,0,0.0,0,0,06-MAY-2024,
OPTIDX,MIDCPNIFTY,13-May-2024,10950.0,CE,189.45,189.45,165.9,171.15,171.15,96,800.73,3600,3600,06-MAY-2024,
OPTIDX,MIDCPNIFTY,13-May-2024,10975.0,CE,164.6,174.45,148.0,156.15,156.15,132,1102.39,5325,2250,06-MAY-2024,
OPTIDX,MIDCPNIFTY,13-May-2024,11000.0,CE,195.45,195.45,130.0,138.7,138.7,6804,56878.44,204225,124800,06-MAY-2024,
OPTIDX,MIDCPNIFTY,13-May-2024,11025.0,CE,168.4,168.4,115.35,122.35,122.35,1695,14175.82,22350,16800,06-MAY-2024,
OPTIDX,MIDCPNIFTY,13-May-2024,11050.0,CE,153.25,156.5,100.6,107.45,107.45,11600,97115.36,177000,139425,06-MAY-2024,
OPTIDX,MIDCPNIFTY,13-May-2024,11075.0,CE,141.9,157.4,85.5,94.6,94.6,5310,44510.8,60150,50625,06-MAY-2024,
OPTIDX,MIDCPNIFTY,13-May-2024,11100.0,CE,131.05,137.6,75.0,81.7,81.7,22693,190459.8,429000,281325,06-MAY-2024,
OPTIDX,MIDCPNIFTY,13-May-2024,11125.0,CE,127.0,129.7,64.6,69.65,69.65,3092,25989.16,42300,26700,06-MAY-2024,
OPTIDX,MIDCPNIFTY,13-May-2024,11150.0,CE,121.4,125.15,54.35,59.3,59.3,7376,62083.23,160050,129900,06-MAY-2024,
OPTIDX,MIDCPNIFTY,13-May-2024,11175.0,CE,88.75,88.75,44.4,49.3,49.3,2827,23816.18,21300,17250,06-MAY-2024,
OPTIDX,MIDCPNIFTY,13-May-2024,11200.0,CE,84.75,84.75,38.2,42.15,42.15,13452,113504.58,279300,199875,06-MAY-2024,
OPTIDX,MIDCPNIFTY,13-May-2024,11225.0,CE,71.2,71.2,32.1,34.85,34.85,1238,10458.65,17475,15675,06-MAY-2024,
OPTIDX,MIDCPNIFTY,13-May-2024,11250.0,CE,54.4,56.55,26.5,29.35,29.35,4929,41712.26,106200,87300,06-MAY-2024,
OPTIDX,MIDCPNIFTY,13-May-2024,11275.0,CE,47.2,47.3,21.55,23.85,23.85,1969,16690.53,19275,16425,06-MAY-2024,
OPTIDX,MIDCPNIFTY,13-May-2024,11300.0,CE,45.05,51.0,17.85,19.75,19.75,12772,108466.81,188850,82500,06-MAY-2024,
OPTIDX,MIDCPNIFTY,13-May-2024,11325.0,CE,33.7,42.2,14.55,16.45,16.45,1531,13024.99,12975,6900,06-MAY-2024,
OPTIDX,MIDCPNIFTY,13-May-2024,11350.0,CE,30.95,30.95,11.4,13.3,13.3,6546,55790.08,224625,209250,06-MAY-2024,
OPTIDX,MIDCPNIFTY,13-May-2024,11375.0,CE,23.8,23.8,9.15,10.75,10.75,1681,14355.44,27675,14325,06-MAY-2024,
OPTIDX,MIDCPNIFTY,13-May-2024,11400.0,CE,29.0,29.0,7.15,8.8,8.8,18784,160746.04,318600,204450,06-MAY-2024,
OPTIDX,MIDCPNIFTY,13-May-2024,11425.0,CE,15.95,16.45,5.45,7.15,7.15,1844,15811.79,33075,29175,06-MAY-2024,
OPTIDX,MIDCPNIFTY,13-May-2024,11450.0,CE,14.2,14.3,4.3,5.75,5.75,11743,100896.06,264975,222000,06-MAY-2024,
OPTIDX,MIDCPNIFTY,13-May-2024,11475.0,CE,15.1,15.1,3.35,4.65,4.65,4325,37238.08,65100,50175,06-MAY-2024,
OPTIDX,MIDCPNIFTY,13-May-2024,11500.0,CE,12.45,16.85,2.9,4.15,4.15,22686,195745.5,448425,306600,06-MAY-2024,
OPTIDX,MIDCPNIFTY,13-May-2024,11525.0,CE,8.5,8.5,2.45,3.5,3.5,1394,12053.08,10500,9300,06-MAY-2024,
OPTIDX,MIDCPNIFTY,13-May-2024,11550.0,CE,6.75,6.75,2.05,3.25,3.25,3668,31782.2,54300,43275,06-MAY-2024,
OPTIDX,MIDCPNIFTY,13-May-2024,11575.0,CE,2.95,3.55,1.8,2.8,2.8,605,5253.38,4050,4050,06-MAY-2024,
OPTIDX,MIDCPNIFTY,13-May-2024,11600.0,CE,3.7,5.75,1.35,2.55,2.55,13835,120387.93,355275,158100,06-MAY-2024,
OPTIDX,MIDCPNIFTY,13-May-2024,11625.0,CE,1.7,2.65,1.7,2.2,2.2,706,6156.57,14400,14400,06-MAY-2024,
OPTIDX,MIDCPNIFTY,13-May-2024,11650.0,CE,3.0,3.05,1.1,2.15,2.15,2138,18683.56,18450,14850,06-MAY-2024,
OPTIDX,MIDCPNIFTY,13-May-2024,11675.0,CE,1.25,2.3,1.2,2.0,2.0,93,814.45,2325,2325,06-MAY-2024,
OPTIDX,MIDCPNIFTY,13-May-2024,11700.0,CE,2.5,3.9,1.15,1.85,1.85,8066,70788.83,235425,176925,06-MAY-2024,
OPTIDX,MIDCPNIFTY,13-May-2024,11725.0,CE,1.05,2.0,1.05,1.6,1.6,90,791.53,1050,1050,06-MAY-2024,
OPTIDX,MIDCPNIFTY,13-May-2024,11750.0,CE,2.0,2.0,1.15,1.55,1.55,1057,9315.95,4275,3900,06-MAY-2024,
OPTIDX,MIDCPNIFTY,13-May-2024,11775.0,CE,1.0,1.7,0.95,1.45,1.45,63,556.43,675,675,06-MAY-2024,
OPTIDX,MIDCPNIFTY,13-May-2024,11800.0,CE,2.1,2.45,1.05,1.45,1.45,4523,40033.58,112125,68775,06-MAY-2024,
OPTIDX,MIDCPNIFTY,13-May-2024,11825.0,CE,0.95,1.55,0.95,1.45,1.45,36,319.3,750,750,06-MAY-2024,
OPTIDX,MIDCPNIFTY,13-May-2024,11850.0,CE,0.95,1.45,0.95,1.25,1.25,109,968.83,1575,1575,06-MAY-2024,
OPTIDX,MIDCPNIFTY,13-May-2024,11875.0,CE,1.0,1.5,0.9,1.25,1.25,36,320.65,675,675,06-MAY-2024,
OPTIDX,MIDCPNIFTY,13-May-2024,11900.0,CE,2.0,2.05,0.85,1.15,1.15,2242,20011.85,38175,-9825,06-MAY-2024,
OPTIDX,MIDCPNIFTY,13-May-2024,12000.0,CE,1.65,1.75,0.75,1.15,1.15,6208,55877.06,272100,262575,06-MAY-2024,
OPTIDX,MIDCPNIFTY,13-May-2024,12100.0,CE,1.25,1.25,0.65,1.0,1.0,305,2768.08,5925,3825,06-MAY-2024,
OPTIDX,MIDCPNIFTY,13-May-2024,12200.0,CE,0.55,1.2,0.55,0.9,0.9,260,2379.16,6000,5100,06-MAY-2024,
OPTIDX,MIDCPNIFTY,13-May-2024,12300.0,CE,1.2,1.2,0.7,0.85,0.85,18,166.06,1200,525,06-MAY-2024,
OPTIDX,MIDCPNIFTY,13-May-2024,12400.0,CE,0.8,0.95,0.65,0.75,0.75,53,492.93,3225,2025,06-MAY-2024,
OPTIDX,MIDCPNIFTY,13-May-2024,12500.0,CE,0.8,0.9,0.65,0.7,0.7,31,290.64,1425,675,06-MAY-2024,
OPTIDX,MIDCPNIFTY,13-May-2024,12600.0,CE,1.0,1.15,0.6,0.65,0.65,24,226.81,375,-450,06-MAY-2024,
OPTIDX,MIDCPNIFTY,13-May-2024,9200.0,PE,0.0,0.0,0.0,0.4,0.0,0,0.0,0,0,06-MAY-2024,
OPTIDX,MIDCPNIFTY,13-May-2024,9300.0,PE,0.0,0.0,0.0,0.7,0.0,0,0.0,0,0,06-MAY-2024,
OPTIDX,MIDCPNIFTY,13-May-2024,9400.0,PE,0.0,0.0,0.0,1.25,0.0,0,0.0,0,0,06-MAY-2024,
OPTIDX,MIDCPNIFTY,13-May-2024,9500.0,PE,0.4,1.4,0.4,0.55,0.0,50,356.28,75,75,06-MAY-2024,
OPTIDX,MIDCPNIFTY,13-May-2024,9600.0,PE,0.0,0.0,0.0,2.45,0.0,0,0.0,750,0,06-MAY-2024,
OPTIDX,MIDCPNIFTY,13-May-2024,9700.0,PE,1.45,1.6,1.05,1.15,1.15,37,269.2,2325,825,06-MAY-2024,
OPTIDX,MIDCPNIFTY,13-May-2024,9800.0,PE,2.25,2.5,0.8,1.55,1.55,217,1595.18,3150,2175,06-MAY-2024,
OPTIDX,MIDCPNIFTY,13-May-2024,9900.0,PE,2.7,2.7,0.75,1.8,1.8,323,2398.68,7875,5625,06-MAY-2024,
OPTIDX,MIDCPNIFTY,13-May-2024,9925.0,PE,0.0,0.0,0.0,14.55,0.0,0,0.0,0,0,06-MAY-2024,
OPTIDX,MIDCPNIFTY,13-May-2024,9950.0,PE,2.0,2.45,1.55,2.15,2.15,194,1448.03,2700,2700,06-MAY-2024,
OPTIDX,MIDCPNIFTY,13-May-2024,9975.0,PE,0.0,0.0,0.0,17.65,0.0,0,0.0,0,0,06-MAY-2024,
OPTIDX,MIDCPNIFTY,13-May-2024,10000.0,PE,3.25,4.1,1.2,2.05,2.05,11164,83746.38,336450,45450,06-MAY-2024,
OPTIDX,MIDCPNIFTY,13-May-2024,10025.0,PE,0.0,0.0,0.0,21.3,0.05,0,0.0,0,0,06-MAY-2024,
OPTIDX,MIDCPNIFTY,13-May-2024,10050.0,PE,1.75,2.45,1.5,2.2,2.2,214,1613.36,3750,3750,06-MAY-2024,
OPTIDX,MIDCPNIFTY,13-May-2024,10075.0,PE,0.0,0.0,0.0,25.6,0.05,0,0.0,0,0,06-MAY-2024,
OPTIDX,MIDCPNIFTY,13-May-2024,10100.0,PE,3.2,3.25,1.6,2.4,2.4,1534,11622.78,16275,16275,06-MAY-2024,
OPTIDX,MIDCPNIFTY,13-May-2024,10125.0,PE,0.0,0.0,0.0,30.5,0.05,0,0.0,0,0,06-MAY-2024,
OPTIDX,MIDCPNIFTY,13-May-2024,10150.0,PE,3.3,3.3,2.0,2.65,2.65,976,7431.65,6450,6450,06-MAY-2024,
OPTIDX,MIDCPNIFTY,13-May-2024,10175.0,PE,0.0,0.0,0.0,36.2,0.1,0,0.0,0,0,06-MAY-2024,
OPTIDX,MIDCPNIFTY,13-May-2024,10200.0,PE,3.45,3.45,2.35,2.8,2.8,2479,18969.48,63750,63675,06-MAY-2024,
OPTIDX,MIDCPNIFTY,13-May-2024,10225.0,PE,0.0,0.0,0.0,42.65,0.15,0,0.0,0,0,06-MAY-2024,
OPTIDX,MIDCPNIFTY,13-May-2024,10250.0,PE,0.0,0.0,0.0,46.2,0.2,0,0.0,0,0,06-MAY-2024,
OPTIDX,MIDCPNIFTY,13-May-2024,10275.0,PE,0.0,0.0,0.0,50.0,0.25,0,0.0,0,0,06-MAY-2024,
OPTIDX,MIDCPNIFTY,13-May-2024,10300.0,PE,8.25,12.0,3.0,3.55,3.55,12445,96188.51,225075,207900,06-MAY-2024,
OPTIDX,MIDCPNIFTY,13-May-2024,10325.0,PE,0.0,0.0,0.0,58.35,0.45,0,0.0,0,0,06-MAY-2024,
OPTIDX,MIDCPNIFTY,13-May-2024,10350.0,PE,0.0,0.0,0.0,62.85,0.55,0,0.0,0,0,06-MAY-2024,
OPTIDX,MIDCPNIFTY,13-May-2024,10375.0,PE,0.0,0.0,0.0,67.65,0.75,0,0.0,0,0,06-MAY-2024,
OPTIDX,MIDCPNIFTY,13-May-2024,10400.0,PE,15.9,23.8,4.5,5.45,5.45,22432,175093.3,660525,482025,06-MAY-2024,
OPTIDX,MIDCPNIFTY,13-May-2024,10425.0,PE,5.5,6.6,5.2,6.2,6.2,145,1134.39,3075,3075,06-MAY-2024,
OPTIDX,MIDCPNIFTY,13-May-2024,10450.0,PE,7.05,8.6,5.75,6.75,6.75,5707,44758.99,296250,296250,06-MAY-2024,
OPTIDX,MIDCPNIFTY,13-May-2024,10475.0,PE,12.05,12.4,6.7,7.8,7.8,85,668.32,750,750,06-MAY-2024,
OPTIDX,MIDCPNIFTY,13-May-2024,10500.0,PE,22.05,24.85,7.5,8.7,8.7,27123,213853.42,410625,-128325,06-MAY-2024,
OPTIDX,MIDCPNIFTY,13-May-2024,10525.0,PE,16.0,18.3,8.65,9.6,9.6,717,5665.62,17250,17250,06-MAY-2024,
OPTIDX,MIDCPNIFTY,13-May-2024,10550.0,PE,19.25,21.95,9.6,11.2,11.2,1289,10211.92,22500,22500,06-MAY-2024,
OPTIDX,MIDCPNIFTY,13-May-2024,10575.0,PE,20.75,22.65,10.9,12.6,12.6,1026,8148.16,23925,23925,06-MAY-2024,
OPTIDX,MIDCPNIFTY,13-May-2024,10600.0,PE,25.8,29.95,11.05,14.15,14.15,22424,178596.53,561525,433125,06-MAY-2024,
OPTIDX,MIDCPNIFTY,13-May-2024,10625.0,PE,20.25,28.0,13.8,15.8,15.8,912,7280.59,16425,16425,06-MAY-2024,
OPTIDX,MIDCPNIFTY,13-May-2024,10650.0,PE,22.2,30.6,15.25,17.6,17.6,3800,30406.85,134325,134325,06-MAY-2024,
OPTIDX,MIDCPNIFTY,13-May-2024,10675.0,PE,22.85,32.65,17.25,20.55,20.55,883,7085.41,15375,15375,06-MAY-2024,
OPTIDX,MIDCPNIFTY,13-May-2024,10700.0,PE,30.1,39.25,19.1,21.95,21.95,17355,139630.76,238425,-79350,06-MAY-2024,
OPTIDX,MIDCPNIFTY,13-May-2024,10725.0,PE,38.7,43.5,21.5,24.35,24.35,974,7855.87,23325,15900,06-MAY-2024,
OPTIDX,MIDCPNIFTY,13-May-2024,10750.0,PE,32.9,42.75,23.6,27.55,27.55,2282,18453.48,27600,25950,06-MAY-2024,
OPTIDX,MIDCPNIFTY,13-May-2024,10775.0,PE,37.3,45.2,27.0,30.75,30.75,461,3737.85,4350,3525,06-MAY-2024,
OPTIDX,MIDCPNIFTY,13-May-2024,10800.0,PE,59.0,59.95,30.2,34.85,34.85,15517,126155.77,492450,352800,06-MAY-2024,
OPTIDX,MIDCPNIFTY,13-May-2024,10825.0,PE,37.85,54.05,34.05,38.9,38.9,988,8053.24,12000,12000,06-MAY-2024,
OPTIDX,MIDCPNIFTY,13-May-2024,10850.0,PE,55.0,58.95,37.9,43.05,43.05,3453,28220.38,78000,75000,06-MAY-2024,
OPTIDX,MIDCPNIFTY,13-May-2024,10875.0,PE,43.25,63.45,42.55,49.55,49.55,1246,10210.41,31125,30225,06-MAY-2024,
OPTIDX,MIDCPNIFTY,13-May-2024,10900.0,PE,70.0,70.0,46.9,53.5,53.5,8840,72647.8,174375,77250,06-MAY-2024,
OPTIDX,MIDCPNIFTY,13-May-2024,10925.0,PE,94.15,94.15,51.55,58.55,58.55,1318,10861.13,17700,15375,06-MAY-2024,
OPTIDX,MIDCPNIFTY,13-May-2024,10950.0,PE,80.0,81.35,56.0,67.2,67.2,2926,24185.04,43725,36600,06-MAY-2024,
OPTIDX,MIDCPNIFTY,13-May-2024,10975.0,PE,90.0,90.0,65.0,75.15,75.15,2411,19985.85,42375,41100,06-MAY-2024,
OPTIDX,MIDCPNIFTY,13-May-2024,11000.0,PE,95.0,96.55,67.4,82.0,82.0,19479,161943.81,494325,339825,06-MAY-2024,
OPTIDX,MIDCPNIFTY,13-May-2024,11025.0,PE,109.7,109.7,74.05,92.6,92.6,2656,22150.96,37425,33600,06-MAY-2024,
OPTIDX,MIDCPNIFTY,13-May-2024,11050.0,PE,128.5,128.5,82.3,102.5,102.5,12811,107172.88,192525,147375,06-MAY-2024,
OPTIDX,MIDCPNIFTY,13-May-2024,11075.0,PE,112.9,127.3,91.0,111.95,111.95,4074,34182.65,37425,29550,06-MAY-2024,
OPTIDX,MIDCPNIFTY,13-May-2024,11100.0,PE,130.0,139.7,100.85,125.0,125.0,16703,140586.46,296325,167025,06-MAY-2024,
OPTIDX,MIDCPNIFTY,13-May-2024,11125.0,PE,167.1,167.1,112.1,139.9,139.9,835,7053.11,15750,11925,06-MAY-2024,
OPTIDX,MIDCPNIFTY,13-May-2024,11150.0,PE,160.0,174.5,123.95,152.85,152.85,2576,21832.2,38475,22725,06-MAY-2024,
OPTIDX,MIDCPNIFTY,13-May-2024,11175.0,PE,189.2,194.05,138.65,170.15,170.15,166,1411.7,4950,3300,06-MAY-2024,
OPTIDX,MIDCPNIFTY,13-May-2024,11200.0,PE,222.1,222.1,151.2,187.8,187.8,2120,18091.93,73575,8850,06-MAY-2024,
OPTIDX,MIDCPNIFTY,13-May-2024,11225.0,PE,0.0,0.0,0.0,430.2,217.8,0,0.0,0,0,06-MAY-2024,
OPTIDX,MIDCPNIFTY,13-May-2024,11250.0,PE,249.75,249.75,208.2,216.75,216.75,53,456.02,1350,1350,06-MAY-2024,
OPTIDX,MIDCPNIFTY,13-May-2024,11275.0,PE,254.25,254.25,229.75,240.75,240.75,29,250.53,600,225,06-MAY-2024,
OPTIDX,MIDCPNIFTY,13-May-2024,11300.0,PE,289.95,289.95,219.85,263.7,263.7,743,6444.21,10575,5250,06-MAY-2024,
OPTIDX,MIDCPNIFTY,13-May-2024,11325.0,PE,0.0,0.0,0.0,499.65,294.8,0,0.0,0,0,06-MAY-2024,
OPTIDX,MIDCPNIFTY,13-May-2024,11350.0,PE,0.0,0.0,0.0,517.75,315.55,0,0.0,0,0,06-MAY-2024,
OPTIDX,MIDCPNIFTY,13-May-2024,11375.0,PE,0.0,0.0,0.0,536.65,336.75,0,0.0,0,0,06-MAY-2024,
OPTIDX,MIDCPNIFTY,13-May-2024,11400.0,PE,0.0,0.0,0.0,555.45,358.45,0,0.0,0,0,06-MAY-2024,
OPTIDX,MIDCPNIFTY,13-May-2024,11425.0,PE,0.0,0.0,0.0,574.0,380.55,0,0.0,0,0,06-MAY-2024,
OPTIDX,MIDCPNIFTY,13-May-2024,11450.0,PE,0.0,0.0,0.0,593.25,403.05,0,0.0,0,0,06-MAY-2024,
OPTIDX,MIDCPNIFTY,13-May-2024,11475.0,PE,0.0,0.0,0.0,612.8,425.85,0,0.0,0,0,06-MAY-2024,
OPTIDX,MIDCPNIFTY,13-May-2024,11500.0,PE,0.0,0.0,0.0,632.55,449.0,0,0.0,0,0,06-MAY-2024,
OPTIDX,MIDCPNIFTY,13-May-2024,11525.0,PE,0.0,0.0,0.0,652.6,472.4,0,0.0,0,0,06-MAY-2024,
OPTIDX,MIDCPNIFTY,13-May-2024,11550.0,PE,0.0,0.0,0.0,672.85,496.0,0,0.0,0,0,06-MAY-2024,
OPTIDX,MIDCPNIFTY,13-May-2024,11575.0,PE,0.0,0.0,0.0,693.35,519.85,0,0.0,0,0,06-MAY-2024,
OPTIDX,MIDCPNIFTY,13-May-2024,11600.0,PE,0.0,0.0,0.0,714.05,543.9,0,0.0,0,0,06-MAY-2024,
OPTIDX,MIDCPNIFTY,13-May-2024,11625.0,PE,0.0,0.0,0.0,735.0,568.05,0,0.0,0,0,06-MAY-2024,
OPTIDX,MIDCPNIFTY,13-May-2024,11650.0,PE,0.0,0.0,0.0,756.15,592.4,0,0.0,0,0,06-MAY-2024,
OPTIDX,MIDCPNIFTY,13-May-2024,11675.0,PE,0.0,0.0,0.0,777.45,616.8,0,0.0,0,0,06-MAY-2024,
OPTIDX,MIDCPNIFTY,13-May-2024,11700.0,PE,0.0,0.0,0.0,799.0,641.35,0,0.0,0,0,06-MAY-2024,
OPTIDX,MIDCPNIFTY,13-May-2024,11725.0,PE,0.0,0.0,0.0,820.7,665.95,0,0.0,0,0,06-MAY-2024,
OPTIDX,MIDCPNIFTY,13-May-2024,11750.0,PE,0.0,0.0,0.0,842.6,690.6,0,0.0,0,0,06-MAY-2024,
OPTIDX,MIDCPNIFTY,13-May-2024,11775.0,PE,0.0,0.0,0.0,864.65,715.35,0,0.0,0,0,06-MAY-2024,
OPTIDX,MIDCPNIFTY,13-May-2024,11800.0,PE,0.0,0.0,0.0,886.85,740.1,0,0.0,0,0,06-MAY-2024,
OPTIDX,MIDCPNIFTY,13-May-2024,11825.0,PE,0.0,0.0,0.0,909.2,764.95,0,0.0,0,0,06-MAY-2024,
OPTIDX,MIDCPNIFTY,13-May-2024,11850.0,PE,0.0,0.0,0.0,931.75,789.8,0,0.0,0,0,06-MAY-2024,
OPTIDX,MIDCPNIFTY,13-May-2024,11875.0,PE,0.0,0.0,0.0,954.4,814.65,0,0.0,0,0,06-MAY-2024,
OPTIDX,MIDCPNIFTY,13-May-2024,11900.0,PE,0.0,0.0,0.0,977.15,839.55,0,0.0,0,0,06-MAY-2024,
OPTIDX,MIDCPNIFTY,13-May-2024,12000.0,PE,946.0,946.0,942.0,942.0,939.25,2,19.41,150,150,06-MAY-2024,
OPTIDX,MIDCPNIFTY,13-May-2024,12100.0,PE,0.0,0.0,0.0,1163.5,1039.05,0,0.0,0,0,06-MAY-2024,
OPTIDX,MIDCPNIFTY,13-May-2024,12200.0,PE,0.0,0.0,0.0,1258.85,1138.9,0,0.0,0,0,06-MAY-2024,
OPTIDX,MIDCPNIFTY,13-May-2024,12300.0,PE,0.0,0.0,0.0,1355.15,1238.75,0,0.0,0,0,06-MAY-2024,
OPTIDX,MIDCPNIFTY,13-May-2024,12400.0,PE,0.0,0.0,0.0,1452.3,1338.6,0,0.0,0,0,06-MAY-2024,
OPTIDX,MIDCPNIFTY,13-May-2024,12500.0,PE,0.0,0.0,0.0,1550.05,1438.5,0,0.0,0,0,06-MAY-2024,
OPTIDX,MIDCPNIFTY,13-May-2024,12600.0,PE,0.0,0.0,0.0,1648.2,1538.35,0,0.0,0,0,06-MAY-2024,
OPTIDX,MIDCPNIFTY,17-May-2024,9200.0,CE,0.0,0.0,0.0,1660.05,1864.2,0,0.0,0,0,06-MAY-2024,
OPTIDX,MIDCPNIFTY,17-May-2024,9300.0,CE,0.0,0.0,0.0,1560.95,1764.4,0,0.0,0,0,06-MAY-2024,
OPTIDX,MIDCPNIFTY,17-May-2024,9400.0,CE,0.0,0.0,0.0,1462.1,1664.6,0,0.0,0,0,06-MAY-2024,
OPTIDX,MIDCPNIFTY,17-May-2024,9500.0,CE,0.0,0.0,0.0,1363.6,1564.85,0,0.0,0,0,06-MAY-2024,
OPTIDX,MIDCPNIFTY,17-May-2024,9600.0,CE,0.0,0.0,0.0,1265.55,1465.05,0,0.0,0,0,06-MAY-2024,
OPTIDX,MIDCPNIFTY,17-May-2024,9700.0,CE,0.0,0.0,0.0,1168.3,1365.25,0,0.0,0,0,06-MAY-2024,
OPTIDX,MIDCPNIFTY,17-May-2024,9800.0,CE,0.0,0.0,0.0,1072.1,1265.45,0,0.0,0,0,06-MAY-2024,
OPTIDX,MIDCPNIFTY,17-May-2024,9900.0,CE,0.0,0.0,0.0,977.45,1165.7,0,0.0,0,0,06-MAY-2024,
OPTIDX,MIDCPNIFTY,17-May-2024,9925.0,CE,0.0,0.0,0.0,954.05,1140.75,0,0.0,0,0,06-MAY-2024,
OPTIDX,MIDCPNIFTY,17-May-2024,9950.0,CE,0.0,0.0,0.0,930.8,1115.85,0,0.0,0,0,06-MAY-2024,
OPTIDX,MIDCPNIFTY,17-May-2024,9975.0,CE,0.0,0.0,0.0,907.65,1090.9,0,0.0,0,0,06-MAY-2024,
OPTIDX,MIDCPNIFTY,17-May-2024,10000.0,CE,0.0,0.0,0.0,884.7,1066.0,0,0.0,0,0,06-MAY-2024,
OPTIDX,MIDCPNIFTY,17-May-2024,10025.0,CE,0.0,0.0,0.0,861.9,1041.05,0,0.0,0,0,06-MAY-2024,
OPTIDX,MIDCPNIFTY,17-May-2024,10050.0,CE,0.0,0.0,0.0,839.25,1016.15,0,0.0,0,0,06-MAY-2024,
OPTIDX,MIDCPNIFTY,17-May-2024,10075.0,CE,0.0,0.0,0.0,816.75,991.25,0,0.0,0,0,06-MAY-2024,
OPTIDX,MIDCPNIFTY,17-May-2024,10100.0,CE,0.0,0.0,0.0,794.5,966.4,0,0.0,0,0,06-MAY-2024,
OPTIDX,MIDCPNIFTY,17-May-2024,10125.0,CE,0.0,0.0,0.0,772.4,941.55,0,0.0,0,0,06-MAY-2024,
OPTIDX,MIDCPNIFTY,17-May-2024,10150.0,CE,0.0,0.0,0.0,750.5,916.7,0,0.0,0,0,06-MAY-2024,
OPTIDX,MIDCPNIFTY,17-May-2024,10175.0,CE,0.0,0.0,0.0,728.85,891.85,0,0.0,0,0,06-MAY-2024,
OPTIDX,MIDCPNIFTY,17-May-2024,10200.0,CE,0.0,0.0,0.0,707.4,867.1,0,0.0,0,0,06-MAY-2024,
OPTIDX,MIDCPNIFTY,17-May-2024,10225.0,CE,0.0,0.0,0.0,686.2,842.35,0,0.0,0,0,06-MAY-2024,
OPTIDX,MIDCPNIFTY,17-May-2024,10250.0,CE,0.0,0.0,0.0,665.25,817.65,0,0.0,0,0,06-MAY-2024,
OPTIDX,MIDCPNIFTY,17-May-2024,10275.0,CE,0.0,0.0,0.0,644.55,793.0,0,0.0,0,0,06-MAY-2024,
OPTIDX,MIDCPNIFTY,17-May-2024,10300.0,CE,0.0,0.0,0.0,624.1,768.4,0,0.0,0,0,06-MAY-2024,
OPTIDX,MIDCPNIFTY,17-May-2024,10325.0,CE,0.0,0.0,0.0,603.95,743.85,0,0.0,0,0,06-MAY-2024,
OPTIDX,MIDCPNIFTY,17-May-2024,10350.0,CE,0.0,0.0,0.0,584.05,719.45,0,0.0,0,0,06-MAY-2024,
OPTIDX,MIDCPNIFTY,17-May-2024,10375.0,CE,0.0,0.0,0.0,564.5,695.1,0,0.0,0,0,06-MAY-2024,
OPTIDX,MIDCPNIFTY,17-May-2024,10400.0,CE,0.0,0.0,0.0,545.2,670.85,0,0.0,0,0,06-MAY-2024,
OPTIDX,MIDCPNIFTY,17-May-2024,10425.0,CE,0.0,0.0,0.0,526.25,646.75,0,0.0,0,0,06-MAY-2024,
OPTIDX,MIDCPNIFTY,17-May-2024,10450.0,CE,0.0,0.0,0.0,508.0,622.8,0,0.0,0,0,06-MAY-2024,
OPTIDX,MIDCPNIFTY,17-May-2024,10475.0,CE,0.0,0.0,0.0,489.65,599.0,0,0.0,0,0,06-MAY-2024,
OPTIDX,MIDCPNIFTY,17-May-2024,10500.0,CE,0.0,0.0,0.0,471.2,575.4,0,0.0,0,0,06-MAY-2024,
OPTIDX,MIDCPNIFTY,17-May-2024,10525.0,CE,0.0,0.0,0.0,453.6,552.0,0,0.0,0,0,06-MAY-2024,
OPTIDX,MIDCPNIFTY,17-May-2024,10550.0,CE,0.0,0.0,0.0,341.75,528.85,0,0.0,75,0,06-MAY-2024,
OPTIDX,MIDCPNIFTY,17-May-2024,10575.0,CE,0.0,0.0,0.0,419.45,505.9,0,0.0,0,0,06-MAY-2024,
OPTIDX,MIDCPNIFTY,17-May-2024,10600.0,CE,0.0,0.0,0.0,402.9,483.3,0,0.0,0,0,06-MAY-2024,
OPTIDX,MIDCPNIFTY,17-May-2024,10625.0,CE,0.0,0.0,0.0,386.75,460.95,0,0.0,0,0,06-MAY-2024,
OPTIDX,MIDCPNIFTY,17-May-2024,10650.0,CE,0.0,0.0,0.0,370.95,439.0,0,0.0,0,0,06-MAY-2024,
OPTIDX,MIDCPNIFTY,17-May-2024,10675.0,CE,0.0,0.0,0.0,355.55,417.35,0,0.0,0,0,06-MAY-2024,
OPTIDX,MIDCPNIFTY,17-May-2024,10700.0,CE,0.0,0.0,0.0,340.5,396.15,0,0.0,0,0,06-MAY-2024,
OPTIDX,MIDCPNIFTY,17-May-2024,10725.0,CE,0.0,0.0,0.0,325.9,375.35,0,0.0,0,0,06-MAY-2024,
OPTIDX,MIDCPNIFTY,17-May-2024,10750.0,CE,0.0,0.0,0.0,311.65,354.95,0,0.0,0,0,06-MAY-2024,
OPTIDX,MIDCPNIFTY,17-May-2024,10775.0,CE,0.0,0.0,0.0,297.8,335.1,0,0.0,0,0,06-MAY-2024,
OPTIDX,MIDCPNIFTY,17-May-2024,10800.0,CE,0.0,0.0,0.0,284.35,315.75,0,0.0,0,0,06-MAY-2024,
OPTIDX,MIDCPNIFTY,17-May-2024,10825.0,CE,0.0,0.0,0.0,271.3,297.3,0,0.0,0,0,06-MAY-2024,
OPTIDX,MIDCPNIFTY,17-May-2024,10850.0,CE,0.0,0.0,0.0,258.65,278.55,0,0.0,0,0,06-MAY-2024,
OPTIDX,MIDCPNIFTY,17-May-2024,10875.0,CE,0.0,0.0,0.0,246.35,260.9,0,0.0,0,0,06-MAY-2024,
OPTIDX,MIDCPNIFTY,17-May-2024,10900.0,CE,0.0,0.0,0.0,234.5,243.8,0,0.0,0,0,06-MAY-2024,
OPTIDX,MIDCPNIFTY,17-May-2024,10925.0,CE,0.0,0.0,0.0,223.05,227.35,0,0.0,0,0,06-MAY-2024,
OPTIDX,MIDCPNIFTY,17-May-2024,10950.0,CE,0.0,0.0,0.0,211.95,211.55,0,0.0,0,0,06-MAY-2024,
OPTIDX,MIDCPNIFTY,17-May-2024,10975.0,CE,0.0,0.0,0.0,201.25,196.35,0,0.0,0,0,06-MAY-2024,
OPTIDX,MIDCPNIFTY,17-May-2024,11000.0,CE,0.0,0.0,0.0,190.95,181.9,0,0.0,0,0,06-MAY-2024,
OPTIDX,MIDCPNIFTY,17-May-2024,11025.0,CE,0.0,0.0,0.0,260.6,168.05,0,0.0,75,0,06-MAY-2024,
OPTIDX,MIDCPNIFTY,17-May-2024,11050.0,CE,0.0,0.0,0.0,171.45,154.9,0,0.0,0,0,06-MAY-2024,
OPTIDX,MIDCPNIFTY,17-May-2024,11075.0,CE,0.0,0.0,0.0,194.85,142.4,0,0.0,75,0,06-MAY-2024,
OPTIDX,MIDCPNIFTY,17-May-2024,11100.0,CE,0.0,0.0,0.0,153.45,130.65,0,0.0,0,0,06-MAY-2024,
OPTIDX,MIDCPNIFTY,17-May-2024,11125.0,CE,0.0,0.0,0.0,145.0,119.5,0,0.0,0,0,06-MAY-2024,
OPTIDX,MIDCPNIFTY,17-May-2024,11150.0,CE,146.1,146.1,146.1,146.1,109.05,1,8.47,75,75,06-MAY-2024,
OPTIDX,MIDCPNIFTY,17-May-2024,11175.0,CE,0.0,0.0,0.0,174.3,99.3,0,0.0,75,0,06-MAY-2024,
OPTIDX,MIDCPNIFTY,17-May-2024,11200.0,CE,124.35,125.0,124.35,125.0,90.15,2,16.98,150,75,06-MAY-2024,
OPTIDX,MIDCPNIFTY,17-May-2024,11225.0,CE,0.0,0.0,0.0,114.6,81.6,0,0.0,0,0,06-MAY-2024,
OPTIDX,MIDCPNIFTY,17-May-2024,11250.0,CE,0.0,0.0,0.0,107.8,73.7,0,0.0,0,0,06-MAY-2024,
OPTIDX,MIDCPNIFTY,17-May-2024,11275.0,CE,82.4,82.4,82.4,82.4,66.4,1,8.51,0,-75,06-MAY-2024,
OPTIDX,MIDCPNIFTY,17-May-2024,11300.0,CE,0.0,0.0,0.0,95.7,59.6,0,0.0,0,0,06-MAY-2024,
OPTIDX,MIDCPNIFTY,17-May-2024,11325.0,CE,0.0,0.0,0.0,89.45,53.45,0,0.0,0,0,06-MAY-2024,
OPTIDX,MIDCPNIFTY,17-May-2024,11350.0,CE,0.0,0.0,0.0,83.9,47.75,0,0.0,0,0,06-MAY-2024,
OPTIDX,MIDCPNIFTY,17-May-2024,11375.0,CE,0.0,0.0,0.0,78.6,42.55,0,0.0,0,0,06-MAY-2024,
OPTIDX,MIDCPNIFTY,17-May-2024,11400.0,CE,0.0,0.0,0.0,73.6,37.8,0,0.0,0,0,06-MAY-2024,
OPTIDX,MIDCPNIFTY,17-May-2024,11425.0,CE,0.0,0.0,0.0,68.85,33.5,0,0.0,0,0,06-MAY-2024,
OPTIDX,MIDCPNIFTY,17-May-2024,11450.0,CE,0.0,0.0,0.0,64.35,29.6,0,0.0,0,0,06-MAY-2024,
OPTIDX,MIDCPNIFTY,17-May-2024,11475.0,CE,0.0,0.0,0.0,60.1,26.05,0,0.0,0,0,06-MAY-2024,
OPTIDX,MIDCPNIFTY,17-May-2024,11500.0,CE,30.0,30.0,15.2,18.1,18.1,4,34.56,225,225,06-MAY-2024,
OPTIDX,MIDCPNIFTY,17-May-2024,11525.0,CE,0.0,0.0,0.0,52.25,20.05,0,0.0,0,0,06-MAY-2024,
OPTIDX,MIDCPNIFTY,17-May-2024,11550.0,CE,0.0,0.0,0.0,48.65,17.5,0,0.0,0,0,06-MAY-2024,
OPTIDX,MIDCPNIFTY,17-May-2024,11575.0,CE,0.0,0.0,0.0,39.4,15.25,0,0.0,75,0,06-MAY-2024,
OPTIDX,MIDCPNIFTY,17-May-2024,11600.0,CE,0.0,0.0,0.0,42.1,13.25,0,0.0,0,0,06-MAY-2024,
OPTIDX,MIDCPNIFTY,17-May-2024,11625.0,CE,0.0,0.0,0.0,39.1,11.45,0,0.0,0,0,06-MAY-2024,
OPTIDX,MIDCPNIFTY,17-May-2024,11650.0,CE,0.0,0.0,0.0,36.3,9.9,0,0.0,0,0,06-MAY-2024,
OPTIDX,MIDCPNIFTY,17-May-2024,11675.0,CE,0.0,0.0,0.0,33.65,8.5,0,0.0,0,0,06-MAY-2024,
OPTIDX,MIDCPNIFTY,17-May-2024,11700.0,CE,6.0,6.15,5.25,5.8,5.8,118,1035.94,7050,7050,06-MAY-2024,
OPTIDX,MIDCPNIFTY,17-May-2024,11725.0,CE,0.0,0.0,0.0,28.85,6.25,0,0.0,0,0,06-MAY-2024,
OPTIDX,MIDCPNIFTY,17-May-2024,11750.0,CE,0.0,0.0,0.0,26.7,5.3,0,0.0,0,0,06-MAY-2024,
OPTIDX,MIDCPNIFTY,17-May-2024,11775.0,CE,0.0,0.0,0.0,24.65,4.55,0,0.0,0,0,06-MAY-2024,
OPTIDX,MIDCPNIFTY,17-May-2024,11800.0,CE,0.0,0.0,0.0,22.8,3.85,0,0.0,0,0,06-MAY-2024,
OPTIDX,MIDCPNIFTY,17-May-2024,11825.0,CE,0.0,0.0,0.0,21.0,3.25,0,0.0,0,0,06-MAY-2024,
OPTIDX,MIDCPNIFTY,17-May-2024,11850.0,CE,0.0,0.0,0.0,19.35,2.75,0,0.0,0,0,06-MAY-2024,
OPTIDX,MIDCPNIFTY,17-May-2024,11875.0,CE,0.0,0.0,0.0,17.85,2.3,0,0.0,0,0,06-MAY-2024,
OPTIDX,MIDCPNIFTY,17-May-2024,11900.0,CE,0.0,0.0,0.0,16.4,1.95,0,0.0,0,0,06-MAY-2024,
OPTIDX,MIDCPNIFTY,17-May-2024,12000.0,CE,0.0,0.0,0.0,11.65,0.95,0,0.0,0,0,06-MAY-2024,
OPTIDX,MIDCPNIFTY,17-May-2024,12100.0,CE,0.0,0.0,0.0,8.15,0.45,0,0.0,0,0,06-MAY-2024,
OPTIDX,MIDCPNIFTY,17-May-2024,12200.0,CE,0.0,0.0,0.0,5.65,0.2,0,0.0,0,0,06-MAY-2024,
OPTIDX,MIDCPNIFTY,17-May-2024,12300.0,CE,0.0,0.0,0.0,3.85,0.1,0,0.0,0,0,06-MAY-2024,
OPTIDX,MIDCPNIFTY,17-May-2024,12400.0,CE,0.0,0.0,0.0,2.6,0.05,0,0.0,0,0,06-MAY-2024,
OPTIDX,MIDCPNIFTY,17-May-2024,12500.0,CE,0.0,0.0,0.0,1.75,0.05,0,0.0,0,0,06-MAY-2024,
OPTIDX,MIDCPNIFTY,17-May-2024,12600.0,CE,0.0,0.0,0.0,1.15,0.0,0,0.0,0,0,06-MAY-2024,
OPTIDX,MIDCPNIFTY,17-May-2024,9200.0,PE,0.0,0.0,0.0,0.35,0.0,0,0.0,0,0,06-MAY-2024,
OPTIDX,MIDCPNIFTY,17-May-2024,9300.0,PE,0.0,0.0,0.0,0.65,0.0,0,0.0,0,0,06-MAY-2024,
OPTIDX,MIDCPNIFTY,17-May-2024,9400.0,PE,0.0,0.0,0.0,1.1,0.0,0,0.0,0,0,06-MAY-2024,
OPTIDX,MIDCPNIFTY,17-May-2024,9500.0,PE,0.0,0.0,0.0,1.95,0.0,0,0.0,0,0,06-MAY-2024,
OPTIDX,MIDCPNIFTY,17-May-2024,9600.0,PE,0.0,0.0,0.0,3.3,0.0,0,0.0,0,0,06-MAY-2024,
OPTIDX,MIDCPNIFTY,17-May-2024,9700.0,PE,0.0,0.0,0.0,5.4,0.0,0,0.0,0,0,06-MAY-2024,
OPTIDX,MIDCPNIFTY,17-May-2024,9800.0,PE,0.0,0.0,0.0,8.6,0.05,0,0.0,0,0,06-MAY-2024,
OPTIDX,MIDCPNIFTY,17-May-2024,9900.0,PE,0.0,0.0,0.0,13.25,0.05,0,0.0,0,0,06-MAY-2024,
OPTIDX,MIDCPNIFTY,17-May-2024,9925.0,PE,0.0,0.0,0.0,14.7,0.05,0,0.0,0,0,06-MAY-2024,
OPTIDX,MIDCPNIFTY,17-May-2024,9950.0,PE,0.0,0.0,0.0,16.3,0.1,0,0.0,0,0,06-MAY-2024,
OPTIDX,MIDCPNIFTY,17-May-2024,9975.0,PE,0.0,0.0,0.0,18.0,0.1,0,0.0,0,0,06-MAY-2024,
OPTIDX,MIDCPNIFTY,17-May-2024,10000.0,PE,0.0,0.0,0.0,19.9,0.1,0,0.0,0,0,06-MAY-2024,
OPTIDX,MIDCPNIFTY,17-May-2024,10025.0,PE,0.0,0.0,0.0,21.9,0.15,0,0.0,0,0,06-MAY-2024,
OPTIDX,MIDCPNIFTY,17-May-2024,10050.0,PE,0.0,0.0,0.0,24.1,0.2,0,0.0,0,0,06-MAY-2024,
OPTIDX,MIDCPNIFTY,17-May-2024,10075.0,PE,0.0,0.0,0.0,26.5,0.25,0,0.0,0,0,06-MAY-2024,
OPTIDX,MIDCPNIFTY,17-May-2024,10100.0,PE,0.0,0.0,0.0,29.05,0.3,0,0.0,0,0,06-MAY-2024,
OPTIDX,MIDCPNIFTY,17-May-2024,10125.0,PE,0.0,0.0,0.0,31.8,0.4,0,0.0,0,0,06-MAY-2024,
OPTIDX,MIDCPNIFTY,17-May-2024,10150.0,PE,0.0,0.0,0.0,34.75,0.5,0,0.0,0,0,06-MAY-2024,
OPTIDX,MIDCPNIFTY,17-May-2024,10175.0,PE,0.0,0.0,0.0,37.9,0.65,0,0.0,0,0,06-MAY-2024,
OPTIDX,MIDCPNIFTY,17-May-2024,10200.0,PE,0.0,0.0,0.0,41.3,0.8,0,0.0,0,0,06-MAY-2024,
OPTIDX,MIDCPNIFTY,17-May-2024,10225.0,PE,0.0,0.0,0.0,44.95,1.0,0,0.0,0,0,06-MAY-2024,
OPTIDX,MIDCPNIFTY,17-May-2024,10250.0,PE,0.0,0.0,0.0,48.85,1.25,0,0.0,0,0,06-MAY-2024,
OPTIDX,MIDCPNIFTY,17-May-2024,10275.0,PE,0.0,0.0,0.0,53.0,1.55,0,0.0,0,0,06-MAY-2024,
OPTIDX,MIDCPNIFTY,17-May-2024,10300.0,PE,0.0,0.0,0.0,57.4,1.9,0,0.0,0,0,06-MAY-2024,
OPTIDX,MIDCPNIFTY,17-May-2024,10325.0,PE,0.0,0.0,0.0,62.05,2.3,0,0.0,0,0,06-MAY-2024,
OPTIDX,MIDCPNIFTY,17-May-2024,10350.0,PE,0.0,0.0,0.0,67.0,2.8,0,0.0,0,0,06-MAY-2024,
OPTIDX,MIDCPNIFTY,17-May-2024,10375.0,PE,0.0,0.0,0.0,72.3,3.45,0,0.0,0,0,06-MAY-2024,
OPTIDX,MIDCPNIFTY,17-May-2024,10400.0,PE,0.0,0.0,0.0,77.85,4.15,0,0.0,0,0,06-MAY-2024,
OPTIDX,MIDCPNIFTY,17-May-2024,10425.0,PE,0.0,0.0,0.0,83.7,5.0,0,0.0,0,0,06-MAY-2024,
OPTIDX,MIDCPNIFTY,17-May-2024,10450.0,PE,0.0,0.0,0.0,23.0,6.0,0,0.0,225,0,06-MAY-2024,
OPTIDX,MIDCPNIFTY,17-May-2024,10475.0,PE,0.0,0.0,0.0,96.8,7.15,0,0.0,0,0,06-MAY-2024,
OPTIDX,MIDCPNIFTY,17-May-2024,10500.0,PE,20.0,22.0,19.0,20.55,20.55,336,2651.3,20250,20250,06-MAY-2024,
OPTIDX,MIDCPNIFTY,17-May-2024,10525.0,PE,0.0,0.0,0.0,110.45,10.05,0,0.0,0,0,06-MAY-2024,
OPTIDX,MIDCPNIFTY,17-May-2024,10550.0,PE,0.0,0.0,0.0,73.4,11.8,0,0.0,75,0,06-MAY-2024,
OPTIDX,MIDCPNIFTY,17-May-2024,10575.0,PE,0.0,0.0,0.0,125.95,13.85,0,0.0,0,0,06-MAY-2024,
OPTIDX,MIDCPNIFTY,17-May-2024,10600.0,PE,0.0,0.0,0.0,134.25,16.15,0,0.0,0,0,06-MAY-2024,
OPTIDX,MIDCPNIFTY,17-May-2024,10625.0,PE,0.0,0.0,0.0,142.95,18.8,0,0.0,0,0,06-MAY-2024,
OPTIDX,MIDCPNIFTY,17-May-2024,10650.0,PE,0.0,0.0,0.0,152.0,21.75,0,0.0,0,0,06-MAY-2024,
OPTIDX,MIDCPNIFTY,17-May-2024,10675.0,PE,0.0,0.0,0.0,161.45,25.05,0,0.0,0,0,06-MAY-2024,
OPTIDX,MIDCPNIFTY,17-May-2024,10700.0,PE,0.0,0.0,0.0,171.25,28.8,0,0.0,0,0,06-MAY-2024,
OPTIDX,MIDCPNIFTY,17-May-2024,10725.0,PE,0.0,0.0,0.0,181.45,32.95,0,0.0,0,0,06-MAY-2024,
OPTIDX,MIDCPNIFTY,17-May-2024,10750.0,PE,0.0,0.0,0.0,192.05,37.5,0,0.0,0,0,06-MAY-2024,
OPTIDX,MIDCPNIFTY,17-May-2024,10775.0,PE,0.0,0.0,0.0,203.05,42.6,0,0.0,0,0,06-MAY-2024,
OPTIDX,MIDCPNIFTY,17-May-2024,10800.0,PE,0.0,0.0,0.0,73.0,48.15,0,0.0,150,0,06-MAY-2024,
OPTIDX,MIDCPNIFTY,17-May-2024,10825.0,PE,0.0,0.0,0.0,226.25,54.7,0,0.0,0,0,06-MAY-2024,
OPTIDX,MIDCPNIFTY,17-May-2024,10850.0,PE,0.0,0.0,0.0,238.45,60.9,0,0.0,0,0,06-MAY-2024,
OPTIDX,MIDCPNIFTY,17-May-2024,10875.0,PE,0.0,0.0,0.0,180.0,68.15,0,0.0,75,0,06-MAY-2024,
OPTIDX,MIDCPNIFTY,17-May-2024,10900.0,PE,0.0,0.0,0.0,263.95,76.05,0,0.0,0,0,06-MAY-2024,
OPTIDX,MIDCPNIFTY,17-May-2024,10925.0,PE,0.0,0.0,0.0,277.35,84.5,0,0.0,0,0,06-MAY-2024,
OPTIDX,MIDCPNIFTY,17-May-2024,10950.0,PE,0.0,0.0,0.0,291.1,93.65,0,0.0,0,0,06-MAY-2024,
OPTIDX,MIDCPNIFTY,17-May-2024,10975.0,PE,0.0,0.0,0.0,126.05,103.45,0,0.0,75,0,06-MAY-2024,
OPTIDX,MIDCPNIFTY,17-May-2024,11000.0,PE,128.1,128.1,128.1,128.1,113.9,2,16.69,150,150,06-MAY-2024,
OPTIDX,MIDCPNIFTY,17-May-2024,11025.0,PE,0.0,0.0,0.0,334.7,125.05,0,0.0,0,0,06-MAY-2024,
OPTIDX,MIDCPNIFTY,17-May-2024,11050.0,PE,0.0,0.0,0.0,182.65,136.85,0,0.0,75,0,06-MAY-2024,
OPTIDX,MIDCPNIFTY,17-May-2024,11075.0,PE,0.0,0.0,0.0,365.6,149.25,0,0.0,0,0,06-MAY-2024,
OPTIDX,MIDCPNIFTY,17-May-2024,11100.0,PE,0.0,0.0,0.0,142.75,162.45,0,0.0,0,0,06-MAY-2024,
OPTIDX,MIDCPNIFTY,17-May-2024,11125.0,PE,0.0,0.0,0.0,398.0,176.25,0,0.0,0,0,06-MAY-2024,
OPTIDX,MIDCPNIFTY,17-May-2024,11150.0,PE,175.55,175.6,175.55,175.6,175.6,2,16.98,300,75,06-MAY-2024,
OPTIDX,MIDCPNIFTY,17-May-2024,11175.0,PE,0.0,0.0,0.0,431.8,205.95,0,0.0,0,0,06-MAY-2024,
OPTIDX,MIDCPNIFTY,17-May-2024,11200.0,PE,0.0,0.0,0.0,172.95,221.75,0,0.0,300,0,06-MAY-2024,
OPTIDX,MIDCPNIFTY,17-May-2024,11225.0,PE,0.0,0.0,0.0,467.0,238.15,0,0.0,0,0,06-MAY-2024,
OPTIDX,MIDCPNIFTY,17-May-2024,11250.0,PE,0.0,0.0,0.0,485.05,255.2,0,0.0,0,0,06-MAY-2024,
OPTIDX,MIDCPNIFTY,17-May-2024,11275.0,PE,0.0,0.0,0.0,503.45,272.8,0,0.0,0,0,06-MAY-2024,
OPTIDX,MIDCPNIFTY,17-May-2024,11300.0,PE,0.0,0.0,0.0,522.65,291.0,0,0.0,0,0,06-MAY-2024,
OPTIDX,MIDCPNIFTY,17-May-2024,11325.0,PE,0.0,0.0,0.0,541.2,309.8,0,0.0,0,0,06-MAY-2024,
OPTIDX,MIDCPNIFTY,17-May-2024,11350.0,PE,0.0,0.0,0.0,560.5,329.05,0,0.0,0,0,06-MAY-2024,
OPTIDX,MIDCPNIFTY,17-May-2024,11375.0,PE,0.0,0.0,0.0,580.05,348.8,0,0.0,0,0,06-MAY-2024,
OPTIDX,MIDCPNIFTY,17-May-2024,11400.0,PE,0.0,0.0,0.0,599.85,369.0,0,0.0,0,0,06-MAY-2024,
OPTIDX,MIDCPNIFTY,17-May-2024,11425.0,PE,0.0,0.0,0.0,619.95,389.6,0,0.0,0,0,06-MAY-2024,
OPTIDX,MIDCPNIFTY,17-May-2024,11450.0,PE,0.0,0.0,0.0,640.3,410.65,0,0.0,0,0,06-MAY-2024,
OPTIDX,MIDCPNIFTY,17-May-2024,11475.0,PE,0.0,0.0,0.0,660.85,432.1,0,0.0,0,0,06-MAY-2024,
OPTIDX,MIDCPNIFTY,17-May-2024,11500.0,PE,0.0,0.0,0.0,681.7,453.85,0,0.0,0,0,06-MAY-2024,
OPTIDX,MIDCPNIFTY,17-May-2024,11525.0,PE,0.0,0.0,0.0,702.7,475.95,0,0.0,0,0,06-MAY-2024,
OPTIDX,MIDCPNIFTY,17-May-2024,11550.0,PE,0.0,0.0,0.0,724.0,498.35,0,0.0,0,0,06-MAY-2024,
OPTIDX,MIDCPNIFTY,17-May-2024,11575.0,PE,0.0,0.0,0.0,745.45,521.05,0,0.0,0,0,06-MAY-2024,
OPTIDX,MIDCPNIFTY,17-May-2024,11600.0,PE,0.0,0.0,0.0,767.1,544.0,0,0.0,0,0,06-MAY-2024,
OPTIDX,MIDCPNIFTY,17-May-2024,11625.0,PE,0.0,0.0,0.0,788.95,567.15,0,0.0,0,0,06-MAY-2024,
OPTIDX,MIDCPNIFTY,17-May-2024,11650.0,PE,0.0,0.0,0.0,810.95,590.5,0,0.0,0,0,06-MAY-2024,
OPTIDX,MIDCPNIFTY,17-May-2024,11675.0,PE,0.0,0.0,0.0,833.15,614.1,0,0.0,0,0,06-MAY-2024,
OPTIDX,MIDCPNIFTY,17-May-2024,11700.0,PE,0.0,0.0,0.0,855.55,637.85,0,0.0,0,0,06-MAY-2024,
OPTIDX,MIDCPNIFTY,17-May-2024,11725.0,PE,0.0,0.0,0.0,878.05,661.7,0,0.0,0,0,06-MAY-2024,
OPTIDX,MIDCPNIFTY,17-May-2024,11750.0,PE,0.0,0.0,0.0,900.75,685.75,0,0.0,0,0,06-MAY-2024,
OPTIDX,MIDCPNIFTY,17-May-2024,11775.0,PE,0.0,0.0,0.0,923.55,709.9,0,0.0,0,0,06-MAY-2024,
OPTIDX,MIDCPNIFTY,17-May-2024,11800.0,PE,0.0,0.0,0.0,946.5,734.15,0,0.0,0,0,06-MAY-2024,
OPTIDX,MIDCPNIFTY,17-May-2024,11825.0,PE,0.0,0.0,0.0,969.55,758.5,0,0.0,0,0,06-MAY-2024,
OPTIDX,MIDCPNIFTY,17-May-2024,11850.0,PE,0.0,0.0,0.0,992.75,782.95,0,0.0,0,0,06-MAY-2024,
OPTIDX,MIDCPNIFTY,17-May-2024,11875.0,PE,0.0,0.0,0.0,1016.1,807.45,0,0.0,0,0,06-MAY-2024,
OPTIDX,MIDCPNIFTY,17-May-2024,11900.0,PE,0.0,0.0,0.0,1039.5,832.05,0,0.0,0,0,06-MAY-2024,
OPTIDX,MIDCPNIFTY,17-May-2024,12000.0,PE,0.0,0.0,0.0,1134.1,930.85,0,0.0,0,0,06-MAY-2024,
OPTIDX,MIDCPNIFTY,17-May-2024,12100.0,PE,0.0,0.0,0.0,1230.0,1030.15,0,0.0,0,0,06-MAY-2024,
OPTIDX,MIDCPNIFTY,17-May-2024,12200.0,PE,0.0,0.0,0.0,1326.85,1129.7,0,0.0,0,0,06-MAY-2024,
OPTIDX,MIDCPNIFTY,17-May-2024,12300.0,PE,0.0,0.0,0.0,1424.4,1229.35,0,0.0,0,0,06-MAY-2024,
OPTIDX,MIDCPNIFTY,17-May-2024,12400.0,PE,0.0,0.0,0.0,1522.5,1329.1,0,0.0,0,0,06-MAY-2024,
OPTIDX,MIDCPNIFTY,17-May-2024,12500.0,PE,0.0,0.0,0.0,1621.0,1428.9,0,0.0,0,0,06-MAY-2024,
OPTIDX,MIDCPNIFTY,17-May-2024,12600.0,PE,0.0,0.0,0.0,1719.75,1528.65,0,0.0,0,0,06-MAY-2024,
OPTIDX,MIDCPNIFTY,27-May-2024,8600.0,CE,0.0,0.0,0.0,2561.55,2479.45,0,0.0,0,0,06-MAY-2024,
OPTIDX,MIDCPNIFTY,27-May-2024,8700.0,CE,0.0,0.0,0.0,2463.75,2379.85,0,0.0,0,0,06-MAY-2024,
OPTIDX,MIDCPNIFTY,27-May-2024,8800.0,CE,0.0,0.0,0.0,2366.1,2280.25,0,0.0,0,0,06-MAY-2024,
OPTIDX,MIDCPNIFTY,27-May-2024,8900.0,CE,0.0,0.0,0.0,2268.7,2180.65,0,0.0,0,0,06-MAY-2024,
OPTIDX,MIDCPNIFTY,27-May-2024,9000.0,CE,0.0,0.0,0.0,2171.6,2081.05,0,0.0,0,0,06-MAY-2024,
OPTIDX,MIDCPNIFTY,27-May-2024,9100.0,CE,0.0,0.0,0.0,2074.85,1981.45,0,0.0,0,0,06-MAY-2024,
OPTIDX,MIDCPNIFTY,27-May-2024,9200.0,CE,0.0,0.0,0.0,1978.6,1881.85,0,0.0,0,0,06-MAY-2024,
OPTIDX,MIDCPNIFTY,27-May-2024,9300.0,CE,0.0,0.0,0.0,1882.9,1782.25,0,0.0,0,0,06-MAY-2024,
OPTIDX,MIDCPNIFTY,27-May-2024,9400.0,CE,0.0,0.0,0.0,1787.95,1682.7,0,0.0,0,0,06-MAY-2024,
OPTIDX,MIDCPNIFTY,27-May-2024,9425.0,CE,0.0,0.0,0.0,1516.6,1657.8,0,0.0,0,0,06-MAY-2024,
OPTIDX,MIDCPNIFTY,27-May-2024,9450.0,CE,0.0,0.0,0.0,1493.6,1632.9,0,0.0,0,0,06-MAY-2024,
OPTIDX,MIDCPNIFTY,27-May-2024,9475.0,CE,0.0,0.0,0.0,1470.75,1608.0,0,0.0,0,0,06-MAY-2024,
OPTIDX,MIDCPNIFTY,27-May-2024,9500.0,CE,0.0,0.0,0.0,1693.9,1583.1,0,0.0,0,0,06-MAY-2024,
OPTIDX,MIDCPNIFTY,27-May-2024,9525.0,CE,0.0,0.0,0.0,1670.55,1558.2,0,0.0,0,0,06-MAY-2024,
OPTIDX,MIDCPNIFTY,27-May-2024,9550.0,CE,0.0,0.0,0.0,1647.25,1533.35,0,0.0,0,0,06-MAY-2024,
OPTIDX,MIDCPNIFTY,27-May-2024,9575.0,CE,0.0,0.0,0.0,1624.0,1508.45,0,0.0,0,0,06-MAY-2024,
OPTIDX,MIDCPNIFTY,27-May-2024,9600.0,CE,0.0,0.0,0.0,1600.9,1483.55,0,0.0,0,0,06-MAY-2024,
OPTIDX,MIDCPNIFTY,27-May-2024,9625.0,CE,0.0,0.0,0.0,1577.8,1458.7,0,0.0,0,0,06-MAY-2024,
OPTIDX,MIDCPNIFTY,27-May-2024,9650.0,CE,0.0,0.0,0.0,1554.85,1433.85,0,0.0,0,0,06-MAY-2024,
OPTIDX,MIDCPNIFTY,27-May-2024,9675.0,CE,0.0,0.0,0.0,1531.95,1408.95,0,0.0,0,0,06-MAY-2024,
OPTIDX,MIDCPNIFTY,27-May-2024,9700.0,CE,0.0,0.0,0.0,1509.1,1384.1,0,0.0,0,0,06-MAY-2024,
OPTIDX,MIDCPNIFTY,27-May-2024,9725.0,CE,0.0,0.0,0.0,1486.4,1359.25,0,0.0,0,0,06-MAY-2024,
OPTIDX,MIDCPNIFTY,27-May-2024,9750.0,CE,0.0,0.0,0.0,1463.75,1334.4,0,0.0,0,0,06-MAY-2024,
OPTIDX,MIDCPNIFTY,27-May-2024,9775.0,CE,0.0,0.0,0.0,1441.25,1309.6,0,0.0,0,0,06-MAY-2024,
OPTIDX,MIDCPNIFTY,27-May-2024,9800.0,CE,0.0,0.0,0.0,1418.8,1284.8,0,0.0,0,0,06-MAY-2024,
OPTIDX,MIDCPNIFTY,27-May-2024,9825.0,CE,0.0,0.0,0.0,1396.5,1260.0,0,0.0,0,0,06-MAY-2024,
OPTIDX,MIDCPNIFTY,27-May-2024,9850.0,CE,0.0,0.0,0.0,1374.25,1235.2,0,0.0,0,0,06-MAY-2024,
OPTIDX,MIDCPNIFTY,27-May-2024,9875.0,CE,0.0,0.0,0.0,1352.15,1210.45,0,0.0,0,0,06-MAY-2024,
OPTIDX,MIDCPNIFTY,27-May-2024,9900.0,CE,0.0,0.0,0.0,1330.2,1185.7,0,0.0,0,0,06-MAY-2024,
OPTIDX,MIDCPNIFTY,27-May-2024,9925.0,CE,0.0,0.0,0.0,1308.3,1161.0,0,0.0,0,0,06-MAY-2024,
OPTIDX,MIDCPNIFTY,27-May-2024,9950.0,CE,0.0,0.0,0.0,1286.55,1136.3,0,0.0,0,0,06-MAY-2024,
OPTIDX,MIDCPNIFTY,27-May-2024,9975.0,CE,0.0,0.0,0.0,1264.95,1111.65,0,0.0,0,0,06-MAY-2024,
OPTIDX,MIDCPNIFTY,27-May-2024,10000.0,CE,0.0,0.0,0.0,1243.45,1087.05,0,0.0,0,0,06-MAY-2024,
OPTIDX,MIDCPNIFTY,27-May-2024,10025.0,CE,0.0,0.0,0.0,1222.1,1062.5,0,0.0,0,0,06-MAY-2024,
OPTIDX,MIDCPNIFTY,27-May-2024,10050.0,CE,0.0,0.0,0.0,1200.85,1038.0,0,0.0,0,0,06-MAY-2024,
OPTIDX,MIDCPNIFTY,27-May-2024,10075.0,CE,0.0,0.0,0.0,1179.75,1013.55,0,0.0,0,0,06-MAY-2024,
OPTIDX,MIDCPNIFTY,27-May-2024,10100.0,CE,0.0,0.0,0.0,1158.8,989.15,0,0.0,0,0,06-MAY-2024,
OPTIDX,MIDCPNIFTY,27-May-2024,10125.0,CE,0.0,0.0,0.0,1138.05,964.8,0,0.0,0,0,06-MAY-2024,
OPTIDX,MIDCPNIFTY,27-May-2024,10150.0,CE,0.0,0.0,0.0,1117.4,940.55,0,0.0,0,0,06-MAY-2024,
OPTIDX,MIDCPNIFTY,27-May-2024,10175.0,CE,0.0,0.0,0.0,1096.9,916.4,0,0.0,0,0,06-MAY-2024,
OPTIDX,MIDCPNIFTY,27-May-2024,10200.0,CE,0.0,0.0,0.0,1076.55,892.35,0,0.0,0,0,06-MAY-2024,
OPTIDX,MIDCPNIFTY,27-May-2024,10225.0,CE,0.0,0.0,0.0,1056.4,868.4,0,0.0,0,0,06-MAY-2024,
OPTIDX,MIDCPNIFTY,27-May-2024,10250.0,CE,0.0,0.0,0.0,1036.4,844.55,0,0.0,0,0,06-MAY-2024,
OPTIDX,MIDCPNIFTY,27-May-2024,10275.0,CE,0.0,0.0,0.0,1016.55,820.85,0,0.0,0,0,06-MAY-2024,
OPTIDX,MIDCPNIFTY,27-May-2024,10300.0,CE,0.0,0.0,0.0,996.85,797.25,0,0.0,0,0,06-MAY-2024,
OPTIDX,MIDCPNIFTY,27-May-2024,10325.0,CE,0.0,0.0,0.0,977.4,773.8,0,0.0,0,0,06-MAY-2024,
OPTIDX,MIDCPNIFTY,27-May-2024,10350.0,CE,0.0,0.0,0.0,958.05,750.55,0,0.0,0,0,06-MAY-2024,
OPTIDX,MIDCPNIFTY,27-May-2024,10375.0,CE,0.0,0.0,0.0,938.95,727.45,0,0.0,0,0,06-MAY-2024,
OPTIDX,MIDCPNIFTY,27-May-2024,10400.0,CE,0.0,0.0,0.0,920.0,704.55,0,0.0,0,0,06-MAY-2024,
OPTIDX,MIDCPNIFTY,27-May-2024,10425.0,CE,0.0,0.0,0.0,901.2,681.85,0,0.0,0,0,06-MAY-2024,
OPTIDX,MIDCPNIFTY,27-May-2024,10450.0,CE,0.0,0.0,0.0,882.65,659.35,0,0.0,0,0,06-MAY-2024,
OPTIDX,MIDCPNIFTY,27-May-2024,10475.0,CE,0.0,0.0,0.0,864.7,637.1,0,0.0,0,0,06-MAY-2024,
OPTIDX,MIDCPNIFTY,27-May-2024,10500.0,CE,0.0,0.0,0.0,846.45,615.05,0,0.0,0,0,06-MAY-2024,
OPTIDX,MIDCPNIFTY,27-May-2024,10525.0,CE,0.0,0.0,0.0,828.45,593.3,0,0.0,0,0,06-MAY-2024,
OPTIDX,MIDCPNIFTY,27-May-2024,10550.0,CE,0.0,0.0,0.0,810.6,571.8,0,0.0,0,0,06-MAY-2024,
OPTIDX,MIDCPNIFTY,27-May-2024,10575.0,CE,0.0,0.0,0.0,792.55,550.65,0,0.0,0,0,06-MAY-2024,
OPTIDX,MIDCPNIFTY,27-May-2024,10600.0,CE,0.0,0.0,0.0,775.2,529.75,0,0.0,0,0,06-MAY-2024,
OPTIDX,MIDCPNIFTY,27-May-2024,10625.0,CE,0.0,0.0,0.0,758.05,509.15,0,0.0,0,0,06-MAY-2024,
OPTIDX,MIDCPNIFTY,27-May-2024,10650.0,CE,0.0,0.0,0.0,741.1,488.95,0,0.0,0,0,06-MAY-2024,
OPTIDX,MIDCPNIFTY,27-May-2024,10675.0,CE,0.0,0.0,0.0,724.35,469.05,0,0.0,0,0,06-MAY-2024,
OPTIDX,MIDCPNIFTY,27-May-2024,10700.0,CE,0.0,0.0,0.0,707.85,449.55,0,0.0,0,0,06-MAY-2024,
OPTIDX,MIDCPNIFTY,27-May-2024,10725.0,CE,0.0,0.0,0.0,691.55,430.4,0,0.0,0,0,06-MAY-2024,
OPTIDX,MIDCPNIFTY,27-May-2024,10750.0,CE,0.0,0.0,0.0,675.45,412.1,0,0.0,0,0,06-MAY-2024,
OPTIDX,MIDCPNIFTY,27-May-2024,10775.0,CE,0.0,0.0,0.0,659.6,393.25,0,0.0,0,0,06-MAY-2024,
OPTIDX,MIDCPNIFTY,27-May-2024,10800.0,CE,410.0,410.0,410.0,410.0,375.35,10,84.07,750,675,06-MAY-2024,
OPTIDX,MIDCPNIFTY,27-May-2024,10825.0,CE,0.0,0.0,0.0,628.55,357.85,0,0.0,0,0,06-MAY-2024,
OPTIDX,MIDCPNIFTY,27-May-2024,10850.0,CE,0.0,0.0,0.0,613.35,340.8,0,0.0,0,0,06-MAY-2024,
OPTIDX,MIDCPNIFTY,27-May-2024,10875.0,CE,0.0,0.0,0.0,230.9,324.25,0,0.0,0,0,06-MAY-2024,
OPTIDX,MIDCPNIFTY,27-May-2024,10900.0,CE,0.0,0.0,0.0,583.65,308.1,0,0.0,0,0,06-MAY-2024,
OPTIDX,MIDCPNIFTY,27-May-2024,10925.0,CE,0.0,0.0,0.0,569.1,292.45,0,0.0,0,0,06-MAY-2024,
OPTIDX,MIDCPNIFTY,27-May-2024,10950.0,CE,0.0,0.0,0.0,554.85,277.25,0,0.0,0,0,06-MAY-2024,
OPTIDX,MIDCPNIFTY,27-May-2024,10975.0,CE,0.0,0.0,0.0,540.75,262.55,0,0.0,0,0,06-MAY-2024,
OPTIDX,MIDCPNIFTY,27-May-2024,11000.0,CE,262.05,275.05,201.0,230.25,230.25,109,918.69,9825,5400,06-MAY-2024,
OPTIDX,MIDCPNIFTY,27-May-2024,11025.0,CE,0.0,0.0,0.0,300.0,234.6,0,0.0,225,0,06-MAY-2024,
OPTIDX,MIDCPNIFTY,27-May-2024,11050.0,CE,0.0,0.0,0.0,500.0,221.35,0,0.0,0,0,06-MAY-2024,
OPTIDX,MIDCPNIFTY,27-May-2024,11075.0,CE,248.85,248.85,248.85,248.85,208.6,4,33.97,300,300,06-MAY-2024,
OPTIDX,MIDCPNIFTY,27-May-2024,11100.0,CE,223.85,263.95,177.95,197.7,197.7,8,67.9,750,450,06-MAY-2024,
OPTIDX,MIDCPNIFTY,27-May-2024,11125.0,CE,0.0,0.0,0.0,461.25,184.55,0,0.0,0,0,06-MAY-2024,
OPTIDX,MIDCPNIFTY,27-May-2024,11150.0,CE,0.0,0.0,0.0,225.0,173.25,0,0.0,225,0,06-MAY-2024,
OPTIDX,MIDCPNIFTY,27-May-2024,11175.0,CE,0.0,0.0,0.0,436.55,162.45,0,0.0,0,0,06-MAY-2024,
OPTIDX,MIDCPNIFTY,27-May-2024,11200.0,CE,0.0,0.0,0.0,424.55,152.1,0,0.0,0,0,06-MAY-2024,
OPTIDX,MIDCPNIFTY,27-May-2024,11225.0,CE,0.0,0.0,0.0,412.8,142.25,0,0.0,0,0,06-MAY-2024,
OPTIDX,MIDCPNIFTY,27-May-2024,11250.0,CE,0.0,0.0,0.0,401.25,132.85,0,0.0,0,0,06-MAY-2024,
OPTIDX,MIDCPNIFTY,27-May-2024,11275.0,CE,0.0,0.0,0.0,389.95,123.95,0,0.0,0,0,06-MAY-2024,
OPTIDX,MIDCPNIFTY,27-May-2024,11300.0,CE,135.25,135.25,135.25,135.25,115.45,1,8.57,150,75,06-MAY-2024,
OPTIDX,MIDCPNIFTY,27-May-2024,11325.0,CE,0.0,0.0,0.0,368.0,107.4,0,0.0,0,0,06-MAY-2024,
OPTIDX,MIDCPNIFTY,27-May-2024,11350.0,CE,0.0,0.0,0.0,357.35,99.75,0,0.0,0,0,06-MAY-2024,
OPTIDX,MIDCPNIFTY,27-May-2024,11375.0,CE,0.0,0.0,0.0,346.95,92.55,0,0.0,0,0,06-MAY-2024,
OPTIDX,MIDCPNIFTY,27-May-2024,11400.0,CE,0.0,0.0,0.0,336.75,85.75,0,0.0,0,0,06-MAY-2024,
OPTIDX,MIDCPNIFTY,27-May-2024,11425.0,CE,0.0,0.0,0.0,326.75,79.85,0,0.0,0,0,06-MAY-2024,
OPTIDX,MIDCPNIFTY,27-May-2024,11450.0,CE,0.0,0.0,0.0,317.0,73.4,0,0.0,0,0,06-MAY-2024,
OPTIDX,MIDCPNIFTY,27-May-2024,11475.0,CE,0.0,0.0,0.0,307.45,67.75,0,0.0,0,0,06-MAY-2024,
OPTIDX,MIDCPNIFTY,27-May-2024,11500.0,CE,0.0,0.0,0.0,298.1,62.45,0,0.0,0,0,06-MAY-2024,
OPTIDX,MIDCPNIFTY,27-May-2024,11525.0,CE,0.0,0.0,0.0,289.0,57.45,0,0.0,0,0,06-MAY-2024,
OPTIDX,MIDCPNIFTY,27-May-2024,11550.0,CE,0.0,0.0,0.0,280.1,52.8,0,0.0,0,0,06-MAY-2024,
OPTIDX,MIDCPNIFTY,27-May-2024,11575.0,CE,0.0,0.0,0.0,271.35,48.45,0,0.0,0,0,06-MAY-2024,
OPTIDX,MIDCPNIFTY,27-May-2024,11600.0,CE,0.0,0.0,0.0,262.85,44.4,0,0.0,0,0,06-MAY-2024,
OPTIDX,MIDCPNIFTY,27-May-2024,11625.0,CE,0.0,0.0,0.0,254.55,40.65,0,0.0,0,0,06-MAY-2024,
OPTIDX,MIDCPNIFTY,27-May-2024,11650.0,CE,0.0,0.0,0.0,246.45,37.15,0,0.0,0,0,06-MAY-2024,
OPTIDX,MIDCPNIFTY,27-May-2024,11675.0,CE,0.0,0.0,0.0,238.55,33.9,0,0.0,0,0,06-MAY-2024,
OPTIDX,MIDCPNIFTY,27-May-2024,11700.0,CE,0.0,0.0,0.0,230.85,30.9,0,0.0,0,0,06-MAY-2024,
OPTIDX,MIDCPNIFTY,27-May-2024,11725.0,CE,0.0,0.0,0.0,223.35,28.1,0,0.0,0,0,06-MAY-2024,
OPTIDX,MIDCPNIFTY,27-May-2024,11750.0,CE,0.0,0.0,0.0,216.05,25.55,0,0.0,0,0,06-MAY-2024,
OPTIDX,MIDCPNIFTY,27-May-2024,11775.0,CE,0.0,0.0,0.0,208.9,23.2,0,0.0,0,0,06-MAY-2024,
OPTIDX,MIDCPNIFTY,27-May-2024,11800.0,CE,0.0,0.0,0.0,201.95,21.0,0,0.0,0,0,06-MAY-2024,
OPTIDX,MIDCPNIFTY,27-May-2024,11825.0,CE,0.0,0.0,0.0,195.2,19.0,0,0.0,0,0,06-MAY-2024,
OPTIDX,MIDCPNIFTY,27-May-2024,11850.0,CE,0.0,0.0,0.0,188.6,17.15,0,0.0,0,0,06-MAY-2024,
OPTIDX,MIDCPNIFTY,27-May-2024,11875.0,CE,0.0,0.0,0.0,182.2,15.5,0,0.0,0,0,06-MAY-2024,
OPTIDX,MIDCPNIFTY,27-May-2024,11900.0,CE,0.0,0.0,0.0,176.45,13.95,0,0.0,0,0,06-MAY-2024,
OPTIDX,MIDCPNIFTY,27-May-2024,12000.0,CE,0.0,0.0,0.0,7.0,9.05,0,0.0,2775,0,06-MAY-2024,
OPTIDX,MIDCPNIFTY,27-May-2024,12100.0,CE,0.0,0.0,0.0,132.2,5.75,0,0.0,0,0,06-MAY-2024,
OPTIDX,MIDCPNIFTY,27-May-2024,12200.0,CE,0.0,0.0,0.0,113.85,3.6,0,0.0,0,0,06-MAY-2024,
OPTIDX,MIDCPNIFTY,27-May-2024,12300.0,CE,0.0,0.0,0.0,97.7,2.2,0,0.0,0,0,06-MAY-2024,
OPTIDX,MIDCPNIFTY,27-May-2024,12400.0,CE,0.0,0.0,0.0,83.5,1.3,0,0.0,0,0,06-MAY-2024,
OPTIDX,MIDCPNIFTY,27-May-2024,12500.0,CE,0.0,0.0,0.0,71.05,0.75,0,0.0,0,0,06-MAY-2024,
OPTIDX,MIDCPNIFTY,27-May-2024,12600.0,CE,0.0,0.0,0.0,60.25,0.45,0,0.0,0,0,06-MAY-2024,
OPTIDX,MIDCPNIFTY,27-May-2024,8600.0,PE,0.0,0.0,0.0,0.8,0.0,0,0.0,0,0,06-MAY-2024,
OPTIDX,MIDCPNIFTY,27-May-2024,8700.0,PE,0.0,0.0,0.0,1.2,0.0,0,0.0,0,0,06-MAY-2024,
OPTIDX,MIDCPNIFTY,27-May-2024,8800.0,PE,0.0,0.0,0.0,1.75,0.0,0,0.0,0,0,06-MAY-2024,
OPTIDX,MIDCPNIFTY,27-May-2024,8900.0,PE,0.0,0.0,0.0,2.55,0.0,0,0.0,0,0,06-MAY-2024,
OPTIDX,MIDCPNIFTY,27-May-2024,9000.0,PE,0.0,0.0,0.0,3.6,0.0,0,0.0,0,0,06-MAY-2024,
OPTIDX,MIDCPNIFTY,27-May-2024,9100.0,PE,0.0,0.0,0.0,5.05,0.0,0,0.0,0,0,06-MAY-2024,
OPTIDX,MIDCPNIFTY,27-May-2024,9200.0,PE,0.0,0.0,0.0,6.95,0.0,0,0.0,0,0,06-MAY-2024,
OPTIDX,MIDCPNIFTY,27-May-2024,9300.0,PE,0.0,0.0,0.0,9.45,0.05,0,0.0,0,0,06-MAY-2024,
OPTIDX,MIDCPNIFTY,27-May-2024,9400.0,PE,0.0,0.0,0.0,12.7,0.05,0,0.0,0,0,06-MAY-2024,
OPTIDX,MIDCPNIFTY,27-May-2024,9425.0,PE,0.0,0.0,0.0,22.8,0.05,0,0.0,0,0,06-MAY-2024,
OPTIDX,MIDCPNIFTY,27-May-2024,9450.0,PE,0.0,0.0,0.0,24.4,0.05,0,0.0,0,0,06-MAY-2024,
OPTIDX,MIDCPNIFTY,27-May-2024,9475.0,PE,0.0,0.0,0.0,26.05,0.05,0,0.0,0,0,06-MAY-2024,
OPTIDX,MIDCPNIFTY,27-May-2024,9500.0,PE,0.0,0.0,0.0,16.8,0.05,0,0.0,0,0,06-MAY-2024,
OPTIDX,MIDCPNIFTY,27-May-2024,9525.0,PE,0.0,0.0,0.0,18.0,0.05,0,0.0,0,0,06-MAY-2024,
OPTIDX,MIDCPNIFTY,27-May-2024,9550.0,PE,0.0,0.0,0.0,19.25,0.1,0,0.0,0,0,06-MAY-2024,
OPTIDX,MIDCPNIFTY,27-May-2024,9575.0,PE,0.0,0.0,0.0,20.6,0.1,0,0.0,0,0,06-MAY-2024,
OPTIDX,MIDCPNIFTY,27-May-2024,9600.0,PE,0.0,0.0,0.0,22.0,0.1,0,0.0,0,0,06-MAY-2024,
OPTIDX,MIDCPNIFTY,27-May-2024,9625.0,PE,0.0,0.0,0.0,23.45,0.15,0,0.0,0,0,06-MAY-2024,
OPTIDX,MIDCPNIFTY,27-May-2024,9650.0,PE,0.0,0.0,0.0,25.0,0.2,0,0.0,0,0,06-MAY-2024,
OPTIDX,MIDCPNIFTY,27-May-2024,9675.0,PE,0.0,0.0,0.0,26.65,0.2,0,0.0,0,0,06-MAY-2024,
OPTIDX,MIDCPNIFTY,27-May-2024,9700.0,PE,0.0,0.0,0.0,28.4,0.25,0,0.0,0,0,06-MAY-2024,
OPTIDX,MIDCPNIFTY,27-May-2024,9725.0,PE,0.0,0.0,0.0,30.2,0.3,0,0.0,0,0,06-MAY-2024,
OPTIDX,MIDCPNIFTY,27-May-2024,9750.0,PE,0.0,0.0,0.0,32.15,0.35,0,0.0,0,0,06-MAY-2024,
OPTIDX,MIDCPNIFTY,27-May-2024,9775.0,PE,0.0,0.0,0.0,34.15,0.45,0,0.0,0,0,06-MAY-2024,
OPTIDX,MIDCPNIFTY,27-May-2024,9800.0,PE,0.0,0.0,0.0,36.3,0.5,0,0.0,0,0,06-MAY-2024,
OPTIDX,MIDCPNIFTY,27-May-2024,9825.0,PE,0.0,0.0,0.0,38.5,0.6,0,0.0,0,0,06-MAY-2024,
OPTIDX,MIDCPNIFTY,27-May-2024,9850.0,PE,0.0,0.0,0.0,40.85,0.75,0,0.0,0,0,06-MAY-2024,
OPTIDX,MIDCPNIFTY,27-May-2024,9875.0,PE,0.0,0.0,0.0,43.25,0.85,0,0.0,0,0,06-MAY-2024,
OPTIDX,MIDCPNIFTY,27-May-2024,9900.0,PE,0.0,0.0,0.0,45.8,1.05,0,0.0,0,0,06-MAY-2024,
OPTIDX,MIDCPNIFTY,27-May-2024,9925.0,PE,0.0,0.0,0.0,48.5,1.2,0,0.0,0,0,06-MAY-2024,
OPTIDX,MIDCPNIFTY,27-May-2024,9950.0,PE,0.0,0.0,0.0,51.3,1.45,0,0.0,0,0,06-MAY-2024,
OPTIDX,MIDCPNIFTY,27-May-2024,9975.0,PE,0.0,0.0,0.0,54.2,1.7,0,0.0,0,0,06-MAY-2024,
OPTIDX,MIDCPNIFTY,27-May-2024,10000.0,PE,0.0,0.0,0.0,57.25,2.0,0,0.0,0,0,06-MAY-2024,
OPTIDX,MIDCPNIFTY,27-May-2024,10025.0,PE,0.0,0.0,0.0,60.45,2.35,0,0.0,0,0,06-MAY-2024,
OPTIDX,MIDCPNIFTY,27-May-2024,10050.0,PE,0.0,0.0,0.0,63.75,2.7,0,0.0,0,0,06-MAY-2024,
OPTIDX,MIDCPNIFTY,27-May-2024,10075.0,PE,0.0,0.0,0.0,67.25,3.15,0,0.0,0,0,06-MAY-2024,
OPTIDX,MIDCPNIFTY,27-May-2024,10100.0,PE,0.0,0.0,0.0,70.85,3.65,0,0.0,0,0,06-MAY-2024,
OPTIDX,MIDCPNIFTY,27-May-2024,10125.0,PE,0.0,0.0,0.0,74.6,4.25,0,0.0,0,0,06-MAY-2024,
OPTIDX,MIDCPNIFTY,27-May-2024,10150.0,PE,0.0,0.0,0.0,78.5,4.9,0,0.0,0,0,06-MAY-2024,
OPTIDX,MIDCPNIFTY,27-May-2024,10175.0,PE,0.0,0.0,0.0,40.35,5.65,0,0.0,525,0,06-MAY-2024,
OPTIDX,MIDCPNIFTY,27-May-2024,10200.0,PE,0.0,0.0,0.0,86.75,6.5,0,0.0,0,0,06-MAY-2024,
OPTIDX,MIDCPNIFTY,27-May-2024,10225.0,PE,0.0,0.0,0.0,91.1,7.4,0,0.0,0,0,06-MAY-2024,
OPTIDX,MIDCPNIFTY,27-May-2024,10250.0,PE,0.0,0.0,0.0,95.65,8.5,0,0.0,0,0,06-MAY-2024,
OPTIDX,MIDCPNIFTY,27-May-2024,10275.0,PE,0.0,0.0,0.0,100.35,9.65,0,0.0,0,0,06-MAY-2024,
OPTIDX,MIDCPNIFTY,27-May-2024,10300.0,PE,0.0,0.0,0.0,105.25,11.0,0,0.0,0,0,06-MAY-2024,
OPTIDX,MIDCPNIFTY,27-May-2024,10325.0,PE,0.0,0.0,0.0,110.3,12.45,0,0.0,0,0,06-MAY-2024,
OPTIDX,MIDCPNIFTY,27-May-2024,10350.0,PE,0.0,0.0,0.0,115.55,14.05,0,0.0,0,0,06-MAY-2024,
OPTIDX,MIDCPNIFTY,27-May-2024,10375.0,PE,0.0,0.0,0.0,120.95,15.85,0,0.0,0,0,06-MAY-2024,
OPTIDX,MIDCPNIFTY,27-May-2024,10400.0,PE,0.0,0.0,0.0,126.55,17.85,0,0.0,0,0,06-MAY-2024,
OPTIDX,MIDCPNIFTY,27-May-2024,10425.0,PE,0.0,0.0,0.0,132.3,20.05,0,0.0,0,0,06-MAY-2024,
OPTIDX,MIDCPNIFTY,27-May-2024,10450.0,PE,0.0,0.0,0.0,138.3,22.45,0,0.0,0,0,06-MAY-2024,
OPTIDX,MIDCPNIFTY,27-May-2024,10475.0,PE,0.0,0.0,0.0,144.85,25.1,0,0.0,0,0,06-MAY-2024,
OPTIDX,MIDCPNIFTY,27-May-2024,10500.0,PE,0.0,0.0,0.0,151.2,28.0,0,0.0,0,0,06-MAY-2024,
OPTIDX,MIDCPNIFTY,27-May-2024,10525.0,PE,0.0,0.0,0.0,157.7,31.1,0,0.0,0,0,06-MAY-2024,
OPTIDX,MIDCPNIFTY,27-May-2024,10550.0,PE,0.0,0.0,0.0,52.15,34.55,0,0.0,450,0,06-MAY-2024,
OPTIDX,MIDCPNIFTY,27-May-2024,10575.0,PE,0.0,0.0,0.0,170.95,38.25,0,0.0,0,0,06-MAY-2024,
OPTIDX,MIDCPNIFTY,27-May-2024,10600.0,PE,0.0,0.0,0.0,178.1,42.25,0,0.0,0,0,06-MAY-2024,
OPTIDX,MIDCPNIFTY,27-May-2024,10625.0,PE,0.0,0.0,0.0,185.5,46.6,0,0.0,0,0,06-MAY-2024,
OPTIDX,MIDCPNIFTY,27-May-2024,10650.0,PE,0.0,0.0,0.0,193.1,51.25,0,0.0,0,0,06-MAY-2024,
OPTIDX,MIDCPNIFTY,27-May-2024,10675.0,PE,0.0,0.0,0.0,46.8,56.25,0,0.0,75,0,06-MAY-2024,
OPTIDX,MIDCPNIFTY,27-May-2024,10700.0,PE,70.0,70.0,70.0,70.0,61.65,1,8.07,75,0,06-MAY-2024,
OPTIDX,MIDCPNIFTY,27-May-2024,10725.0,PE,0.0,0.0,0.0,217.2,67.4,0,0.0,0,0,06-MAY-2024,
OPTIDX,MIDCPNIFTY,27-May-2024,10750.0,PE,0.0,0.0,0.0,225.65,74.0,0,0.0,0,0,06-MAY-2024,
OPTIDX,MIDCPNIFTY,27-May-2024,10775.0,PE,0.0,0.0,0.0,234.35,80.05,0,0.0,0,0,06-MAY-2024,
OPTIDX,MIDCPNIFTY,27-May-2024,10800.0,PE,0.0,0.0,0.0,243.25,87.05,0,0.0,0,0,06-MAY-2024,
OPTIDX,MIDCPNIFTY,27-May-2024,10825.0,PE,0.0,0.0,0.0,252.35,94.45,0,0.0,0,0,06-MAY-2024,
OPTIDX,MIDCPNIFTY,27-May-2024,10850.0,PE,0.0,0.0,0.0,261.7,102.3,0,0.0,0,0,06-MAY-2024,
OPTIDX,MIDCPNIFTY,27-May-2024,10875.0,PE,0.0,0.0,0.0,271.3,110.65,0,0.0,0,0,06-MAY-2024,
OPTIDX,MIDCPNIFTY,27-May-2024,10900.0,PE,135.0,135.0,135.0,135.0,135.0,4,33.1,600,300,06-MAY-2024,
OPTIDX,MIDCPNIFTY,27-May-2024,10925.0,PE,0.0,0.0,0.0,291.1,128.65,0,0.0,0,0,06-MAY-2024,
OPTIDX,MIDCPNIFTY,27-May-2024,10950.0,PE,0.0,0.0,0.0,154.55,138.35,0,0.0,75,0,06-MAY-2024,
OPTIDX,MIDCPNIFTY,27-May-2024,10975.0,PE,0.0,0.0,0.0,311.85,148.55,0,0.0,0,0,06-MAY-2024,
OPTIDX,MIDCPNIFTY,27-May-2024,11000.0,PE,151.0,180.75,151.0,166.6,166.6,156,1306.72,18075,4950,06-MAY-2024,
OPTIDX,MIDCPNIFTY,27-May-2024,11025.0,PE,175.0,175.0,175.0,175.0,170.4,1,8.4,75,75,06-MAY-2024,
OPTIDX,MIDCPNIFTY,27-May-2024,11050.0,PE,0.0,0.0,0.0,344.7,182.05,0,0.0,0,0,06-MAY-2024,
OPTIDX,MIDCPNIFTY,27-May-2024,11075.0,PE,0.0,0.0,0.0,356.1,194.2,0,0.0,0,0,06-MAY-2024,
OPTIDX,MIDCPNIFTY,27-May-2024,11100.0,PE,0.0,0.0,0.0,367.75,206.8,0,0.0,0,0,06-MAY-2024,
OPTIDX,MIDCPNIFTY,27-May-2024,11125.0,PE,221.0,221.0,221.0,221.0,219.9,4,34.03,225,225,06-MAY-2024,
OPTIDX,MIDCPNIFTY,27-May-2024,11150.0,PE,234.35,234.35,234.35,234.35,233.55,1,8.53,150,75,06-MAY-2024,
OPTIDX,MIDCPNIFTY,27-May-2024,11175.0,PE,0.0,0.0,0.0,404.0,247.65,0,0.0,0,0,06-MAY-2024,
OPTIDX,MIDCPNIFTY,27-May-2024,11200.0,PE,0.0,0.0,0.0,416.55,262.2,0,0.0,0,0,06-MAY-2024,
OPTIDX,MIDCPNIFTY,27-May-2024,11225.0,PE,0.0,0.0,0.0,429.35,277.25,0,0.0,0,0,06-MAY-2024,
OPTIDX,MIDCPNIFTY,27-May-2024,11250.0,PE,0.0,0.0,0.0,442.35,292.75,0,0.0,0,0,06-MAY-2024,
OPTIDX,MIDCPNIFTY,27-May-2024,11275.0,PE,0.0,0.0,0.0,455.6,308.7,0,0.0,0,0,06-MAY-2024,
OPTIDX,MIDCPNIFTY,27-May-2024,11300.0,PE,0.0,0.0,0.0,469.05,325.15,0,0.0,0,0,06-MAY-2024,
OPTIDX,MIDCPNIFTY,27-May-2024,11325.0,PE,0.0,0.0,0.0,482.75,342.0,0,0.0,0,0,06-MAY-2024,
OPTIDX,MIDCPNIFTY,27-May-2024,11350.0,PE,0.0,0.0,0.0,496.65,359.25,0,0.0,0,0,06-MAY-2024,
OPTIDX,MIDCPNIFTY,27-May-2024,11375.0,PE,0.0,0.0,0.0,510.75,376.95,0,0.0,0,0,06-MAY-2024,
OPTIDX,MIDCPNIFTY,27-May-2024,11400.0,PE,0.0,0.0,0.0,525.1,395.05,0,0.0,0,0,06-MAY-2024,
OPTIDX,MIDCPNIFTY,27-May-2024,11425.0,PE,0.0,0.0,0.0,539.7,414.0,0,0.0,0,0,06-MAY-2024,
OPTIDX,MIDCPNIFTY,27-May-2024,11450.0,PE,0.0,0.0,0.0,554.45,432.5,0,0.0,0,0,06-MAY-2024,
OPTIDX,MIDCPNIFTY,27-May-2024,11475.0,PE,0.0,0.0,0.0,569.45,451.75,0,0.0,0,0,06-MAY-2024,
OPTIDX,MIDCPNIFTY,27-May-2024,11500.0,PE,0.0,0.0,0.0,584.65,471.3,0,0.0,0,0,06-MAY-2024,
OPTIDX,MIDCPNIFTY,27-May-2024,11525.0,PE,0.0,0.0,0.0,600.1,491.25,0,0.0,0,0,06-MAY-2024,
OPTIDX,MIDCPNIFTY,27-May-2024,11550.0,PE,0.0,0.0,0.0,615.7,511.5,0,0.0,0,0,06-MAY-2024,
OPTIDX,MIDCPNIFTY,27-May-2024,11575.0,PE,0.0,0.0,0.0,631.55,532.05,0,0.0,0,0,06-MAY-2024,
OPTIDX,MIDCPNIFTY,27-May-2024,11600.0,PE,0.0,0.0,0.0,647.6,552.9,0,0.0,0,0,06-MAY-2024,
OPTIDX,MIDCPNIFTY,27-May-2024,11625.0,PE,0.0,0.0,0.0,663.85,574.0,0,0.0,0,0,06-MAY-2024,
OPTIDX,MIDCPNIFTY,27-May-2024,11650.0,PE,0.0,0.0,0.0,680.3,595.4,0,0.0,0,0,06-MAY-2024,
OPTIDX,MIDCPNIFTY,27-May-2024,11675.0,PE,0.0,0.0,0.0,696.95,617.05,0,0.0,0,0,06-MAY-2024,
OPTIDX,MIDCPNIFTY,27-May-2024,11700.0,PE,0.0,0.0,0.0,713.8,638.95,0,0.0,0,0,06-MAY-2024,
OPTIDX,MIDCPNIFTY,27-May-2024,11725.0,PE,0.0,0.0,0.0,730.8,661.1,0,0.0,0,0,06-MAY-2024,
OPTIDX,MIDCPNIFTY,27-May-2024,11750.0,PE,0.0,0.0,0.0,748.05,683.4,0,0.0,0,0,06-MAY-2024,
OPTIDX,MIDCPNIFTY,27-May-2024,11775.0,PE,0.0,0.0,0.0,765.45,705.95,0,0.0,0,0,06-MAY-2024,
OPTIDX,MIDCPNIFTY,27-May-2024,11800.0,PE,0.0,0.0,0.0,783.05,728.65,0,0.0,0,0,06-MAY-2024,
OPTIDX,MIDCPNIFTY,27-May-2024,11825.0,PE,0.0,0.0,0.0,800.85,751.55,0,0.0,0,0,06-MAY-2024,
OPTIDX,MIDCPNIFTY,27-May-2024,11850.0,PE,0.0,0.0,0.0,818.8,774.65,0,0.0,0,0,06-MAY-2024,
OPTIDX,MIDCPNIFTY,27-May-2024,11875.0,PE,0.0,0.0,0.0,836.95,797.85,0,0.0,0,0,06-MAY-2024,
OPTIDX,MIDCPNIFTY,27-May-2024,11900.0,PE,0.0,0.0,0.0,855.75,821.2,0,0.0,0,0,06-MAY-2024,
OPTIDX,MIDCPNIFTY,27-May-2024,12000.0,PE,0.0,0.0,0.0,930.35,915.95,0,0.0,0,0,06-MAY-2024,
OPTIDX,MIDCPNIFTY,27-May-2024,12100.0,PE,0.0,0.0,0.0,1007.85,1012.2,0,0.0,0,0,06-MAY-2024,
OPTIDX,MIDCPNIFTY,27-May-2024,12200.0,PE,0.0,0.0,0.0,1087.7,1109.65,0,0.0,0,0,06-MAY-2024,
OPTIDX,MIDCPNIFTY,27-May-2024,12300.0,PE,0.0,0.0,0.0,1169.7,1207.85,0,0.0,0,0,06-MAY-2024,
OPTIDX,MIDCPNIFTY,27-May-2024,12400.0,PE,0.0,0.0,0.0,1253.65,1306.55,0,0.0,0,0,06-MAY-2024,
OPTIDX,MIDCPNIFTY,27-May-2024,12500.0,PE,0.0,0.0,0.0,1339.45,1405.6,0,0.0,0,0,06-MAY-2024,
OPTIDX,MIDCPNIFTY,27-May-2024,12600.0,PE,0.0,0.0,0.0,1426.8,1504.9,0,0.0,0,0,06-MAY-2024,
OPTIDX,MIDCPNIFTY,03-Jun-2024,9200.0,CE,0.0,0.0,0.0,1579.75,1894.2,0,0.0,0,0,06-MAY-2024,
OPTIDX,MIDCPNIFTY,03-Jun-2024,9300.0,CE,0.0,0.0,0.0,1481.65,1794.8,0,0.0,0,0,06-MAY-2024,
OPTIDX,MIDCPNIFTY,03-Jun-2024,9400.0,CE,0.0,0.0,0.0,1384.1,1695.4,0,0.0,0,0,06-MAY-2024,
OPTIDX,MIDCPNIFTY,03-Jun-2024,9500.0,CE,0.0,0.0,0.0,1287.3,1596.05,0,0.0,0,0,06-MAY-2024,
OPTIDX,MIDCPNIFTY,03-Jun-2024,9600.0,CE,0.0,0.0,0.0,1191.55,1496.85,0,0.0,0,0,06-MAY-2024,
OPTIDX,MIDCPNIFTY,03-Jun-2024,9700.0,CE,0.0,0.0,0.0,1097.15,1397.8,0,0.0,0,0,06-MAY-2024,
OPTIDX,MIDCPNIFTY,03-Jun-2024,9800.0,CE,0.0,0.0,0.0,1004.55,1299.1,0,0.0,0,0,06-MAY-2024,
OPTIDX,MIDCPNIFTY,03-Jun-2024,9900.0,CE,0.0,0.0,0.0,914.15,1200.85,0,0.0,0,0,06-MAY-2024,
OPTIDX,MIDCPNIFTY,03-Jun-2024,9950.0,CE,0.0,0.0,0.0,869.9,1152.05,0,0.0,0,0,06-MAY-2024,
OPTIDX,MIDCPNIFTY,03-Jun-2024,9975.0,CE,0.0,0.0,0.0,848.05,1127.7,0,0.0,0,0,06-MAY-2024,
OPTIDX,MIDCPNIFTY,03-Jun-2024,10000.0,CE,0.0,0.0,0.0,826.4,1103.45,0,0.0,0,0,06-MAY-2024,
OPTIDX,MIDCPNIFTY,03-Jun-2024,10025.0,CE,0.0,0.0,0.0,804.95,1079.25,0,0.0,0,0,06-MAY-2024,
OPTIDX,MIDCPNIFTY,03-Jun-2024,10050.0,CE,0.0,0.0,0.0,783.7,1055.1,0,0.0,0,0,06-MAY-2024,
OPTIDX,MIDCPNIFTY,03-Jun-2024,10075.0,CE,0.0,0.0,0.0,762.7,1031.05,0,0.0,0,0,06-MAY-2024,
OPTIDX,MIDCPNIFTY,03-Jun-2024,10100.0,CE,0.0,0.0,0.0,741.85,1007.1,0,0.0,0,0,06-MAY-2024,
OPTIDX,MIDCPNIFTY,03-Jun-2024,10125.0,CE,0.0,0.0,0.0,721.3,983.25,0,0.0,0,0,06-MAY-2024,
OPTIDX,MIDCPNIFTY,03-Jun-2024,10150.0,CE,0.0,0.0,0.0,700.95,959.5,0,0.0,0,0,06-MAY-2024,
OPTIDX,MIDCPNIFTY,03-Jun-2024,10175.0,CE,0.0,0.0,0.0,680.85,935.85,0,0.0,0,0,06-MAY-2024,
OPTIDX,MIDCPNIFTY,03-Jun-2024,10200.0,CE,0.0,0.0,0.0,661.0,912.35,0,0.0,0,0,06-MAY-2024,
OPTIDX,MIDCPNIFTY,03-Jun-2024,10225.0,CE,0.0,0.0,0.0,641.45,888.95,0,0.0,0,0,06-MAY-2024,
OPTIDX,MIDCPNIFTY,03-Jun-2024,10250.0,CE,0.0,0.0,0.0,622.15,865.75,0,0.0,0,0,06-MAY-2024,
OPTIDX,MIDCPNIFTY,03-Jun-2024,10275.0,CE,0.0,0.0,0.0,603.1,842.65,0,0.0,0,0,06-MAY-2024,
OPTIDX,MIDCPNIFTY,03-Jun-2024,10300.0,CE,0.0,0.0,0.0,584.35,819.7,0,0.0,0,0,06-MAY-2024,
OPTIDX,MIDCPNIFTY,03-Jun-2024,10325.0,CE,0.0,0.0,0.0,566.3,796.95,0,0.0,0,0,06-MAY-2024,
OPTIDX,MIDCPNIFTY,03-Jun-2024,10350.0,CE,0.0,0.0,0.0,548.05,774.4,0,0.0,0,0,06-MAY-2024,
OPTIDX,MIDCPNIFTY,03-Jun-2024,10375.0,CE,0.0,0.0,0.0,529.75,752.0,0,0.0,0,0,06-MAY-2024,
OPTIDX,MIDCPNIFTY,03-Jun-2024,10400.0,CE,0.0,0.0,0.0,512.2,729.85,0,0.0,0,0,06-MAY-2024,
OPTIDX,MIDCPNIFTY,03-Jun-2024,10425.0,CE,0.0,0.0,0.0,495.0,707.85,0,0.0,0,0,06-MAY-2024,
OPTIDX,MIDCPNIFTY,03-Jun-2024,10450.0,CE,0.0,0.0,0.0,478.1,686.15,0,0.0,0,0,06-MAY-2024,
OPTIDX,MIDCPNIFTY,03-Jun-2024,10475.0,CE,0.0,0.0,0.0,461.5,664.65,0,0.0,0,0,06-MAY-2024,
OPTIDX,MIDCPNIFTY,03-Jun-2024,10500.0,CE,0.0,0.0,0.0,445.25,643.4,0,0.0,0,0,06-MAY-2024,
OPTIDX,MIDCPNIFTY,03-Jun-2024,10525.0,CE,0.0,0.0,0.0,429.3,622.4,0,0.0,0,0,06-MAY-2024,
OPTIDX,MIDCPNIFTY,03-Jun-2024,10550.0,CE,0.0,0.0,0.0,413.7,601.7,0,0.0,0,0,06-MAY-2024,
OPTIDX,MIDCPNIFTY,03-Jun-2024,10575.0,CE,0.0,0.0,0.0,398.45,581.25,0,0.0,0,0,06-MAY-2024,
OPTIDX,MIDCPNIFTY,03-Jun-2024,10600.0,CE,0.0,0.0,0.0,383.55,561.15,0,0.0,0,0,06-MAY-2024,
OPTIDX,MIDCPNIFTY,03-Jun-2024,10625.0,CE,0.0,0.0,0.0,369.0,541.3,0,0.0,0,0,06-MAY-2024,
OPTIDX,MIDCPNIFTY,03-Jun-2024,10650.0,CE,0.0,0.0,0.0,354.75,521.8,0,0.0,0,0,06-MAY-2024,
OPTIDX,MIDCPNIFTY,03-Jun-2024,10675.0,CE,0.0,0.0,0.0,340.9,502.6,0,0.0,0,0,06-MAY-2024,
OPTIDX,MIDCPNIFTY,03-Jun-2024,10700.0,CE,0.0,0.0,0.0,327.4,483.8,0,0.0,0,0,06-MAY-2024,
OPTIDX,MIDCPNIFTY,03-Jun-2024,10725.0,CE,0.0,0.0,0.0,314.2,465.7,0,0.0,0,0,06-MAY-2024,
OPTIDX,MIDCPNIFTY,03-Jun-2024,10750.0,CE,0.0,0.0,0.0,301.4,447.05,0,0.0,0,0,06-MAY-2024,
OPTIDX,MIDCPNIFTY,03-Jun-2024,10775.0,CE,0.0,0.0,0.0,288.85,429.3,0,0.0,0,0,06-MAY-2024,
OPTIDX,MIDCPNIFTY,03-Jun-2024,10800.0,CE,0.0,0.0,0.0,276.75,411.9,0,0.0,0,0,06-MAY-2024,
OPTIDX,MIDCPNIFTY,03-Jun-2024,10825.0,CE,0.0,0.0,0.0,264.95,394.9,0,0.0,0,0,06-MAY-2024,
OPTIDX,MIDCPNIFTY,03-Jun-2024,10850.0,CE,0.0,0.0,0.0,253.55,378.3,0,0.0,0,0,06-MAY-2024,
OPTIDX,MIDCPNIFTY,03-Jun-2024,10875.0,CE,0.0,0.0,0.0,242.45,362.1,0,0.0,0,0,06-MAY-2024,
OPTIDX,MIDCPNIFTY,03-Jun-2024,10900.0,CE,0.0,0.0,0.0,231.7,346.3,0,0.0,0,0,06-MAY-2024,
OPTIDX,MIDCPNIFTY,03-Jun-2024,10925.0,CE,0.0,0.0,0.0,221.3,330.9,0,0.0,0,0,06-MAY-2024,
OPTIDX,MIDCPNIFTY,03-Jun-2024,10950.0,CE,0.0,0.0,0.0,211.25,315.9,0,0.0,0,0,06-MAY-2024,
OPTIDX,MIDCPNIFTY,03-Jun-2024,10975.0,CE,0.0,0.0,0.0,201.5,301.3,0,0.0,0,0,06-MAY-2024,
OPTIDX,MIDCPNIFTY,03-Jun-2024,11000.0,CE,0.0,0.0,0.0,192.1,287.15,0,0.0,0,0,06-MAY-2024,
OPTIDX,MIDCPNIFTY,03-Jun-2024,11025.0,CE,316.9,318.0,316.9,318.0,273.45,11,93.57,825,825,06-MAY-2024,
OPTIDX,MIDCPNIFTY,03-Jun-2024,11050.0,CE,0.0,0.0,0.0,174.25,260.15,0,0.0,0,0,06-MAY-2024,
OPTIDX,MIDCPNIFTY,03-Jun-2024,11075.0,CE,0.0,0.0,0.0,165.8,247.25,0,0.0,0,0,06-MAY-2024,
OPTIDX,MIDCPNIFTY,03-Jun-2024,11100.0,CE,0.0,0.0,0.0,157.65,234.75,0,0.0,0,0,06-MAY-2024,
OPTIDX,MIDCPNIFTY,03-Jun-2024,11125.0,CE,0.0,0.0,0.0,149.8,222.7,0,0.0,0,0,06-MAY-2024,
OPTIDX,MIDCPNIFTY,03-Jun-2024,11150.0,CE,0.0,0.0,0.0,142.25,211.1,0,0.0,0,0,06-MAY-2024,
OPTIDX,MIDCPNIFTY,03-Jun-2024,11175.0,CE,0.0,0.0,0.0,135.0,199.9,0,0.0,0,0,06-MAY-2024,
OPTIDX,MIDCPNIFTY,03-Jun-2024,11200.0,CE,0.0,0.0,0.0,128.05,189.15,0,0.0,0,0,06-MAY-2024,
OPTIDX,MIDCPNIFTY,03-Jun-2024,11225.0,CE,0.0,0.0,0.0,121.35,178.75,0,0.0,0,0,06-MAY-2024,
OPTIDX,MIDCPNIFTY,03-Jun-2024,11250.0,CE,0.0,0.0,0.0,115.45,168.8,0,0.0,0,0,06-MAY-2024,
OPTIDX,MIDCPNIFTY,03-Jun-2024,11275.0,CE,0.0,0.0,0.0,109.35,159.25,0,0.0,0,0,06-MAY-2024,
OPTIDX,MIDCPNIFTY,03-Jun-2024,11300.0,CE,0.0,0.0,0.0,103.1,150.1,0,0.0,0,0,06-MAY-2024,
OPTIDX,MIDCPNIFTY,03-Jun-2024,11325.0,CE,0.0,0.0,0.0,97.45,141.3,0,0.0,0,0,06-MAY-2024,
OPTIDX,MIDCPNIFTY,03-Jun-2024,11350.0,CE,0.0,0.0,0.0,92.1,132.95,0,0.0,0,0,06-MAY-2024,
OPTIDX,MIDCPNIFTY,03-Jun-2024,11375.0,CE,0.0,0.0,0.0,86.95,124.95,0,0.0,0,0,06-MAY-2024,
OPTIDX,MIDCPNIFTY,03-Jun-2024,11400.0,CE,0.0,0.0,0.0,150.4,117.3,0,0.0,75,0,06-MAY-2024,
OPTIDX,MIDCPNIFTY,03-Jun-2024,11425.0,CE,0.0,0.0,0.0,77.4,110.0,0,0.0,0,0,06-MAY-2024,
OPTIDX,MIDCPNIFTY,03-Jun-2024,11450.0,CE,0.0,0.0,0.0,72.95,103.05,0,0.0,0,0,06-MAY-2024,
OPTIDX,MIDCPNIFTY,03-Jun-2024,11475.0,CE,0.0,0.0,0.0,68.7,96.45,0,0.0,0,0,06-MAY-2024,
OPTIDX,MIDCPNIFTY,03-Jun-2024,11500.0,CE,0.0,0.0,0.0,64.65,90.7,0,0.0,0,0,06-MAY-2024,
OPTIDX,MIDCPNIFTY,03-Jun-2024,11525.0,CE,0.0,0.0,0.0,60.85,84.4,0,0.0,0,0,06-MAY-2024,
OPTIDX,MIDCPNIFTY,03-Jun-2024,11550.0,CE,0.0,0.0,0.0,57.2,78.75,0,0.0,0,0,06-MAY-2024,
OPTIDX,MIDCPNIFTY,03-Jun-2024,11575.0,CE,0.0,0.0,0.0,53.7,73.45,0,0.0,0,0,06-MAY-2024,
OPTIDX,MIDCPNIFTY,03-Jun-2024,11600.0,CE,0.0,0.0,0.0,50.45,68.4,0,0.0,0,0,06-MAY-2024,
OPTIDX,MIDCPNIFTY,03-Jun-2024,11625.0,CE,0.0,0.0,0.0,47.3,63.65,0,0.0,0,0,06-MAY-2024,
OPTIDX,MIDCPNIFTY,03-Jun-2024,11650.0,CE,0.0,0.0,0.0,44.35,59.2,0,0.0,0,0,06-MAY-2024,
OPTIDX,MIDCPNIFTY,03-Jun-2024,11675.0,CE,0.0,0.0,0.0,41.55,54.95,0,0.0,0,0,06-MAY-2024,
OPTIDX,MIDCPNIFTY,03-Jun-2024,11700.0,CE,0.0,0.0,0.0,38.9,51.0,0,0.0,0,0,06-MAY-2024,
OPTIDX,MIDCPNIFTY,03-Jun-2024,11725.0,CE,0.0,0.0,0.0,36.4,47.25,0,0.0,0,0,06-MAY-2024,
OPTIDX,MIDCPNIFTY,03-Jun-2024,11750.0,CE,0.0,0.0,0.0,34.05,43.75,0,0.0,0,0,06-MAY-2024,
OPTIDX,MIDCPNIFTY,03-Jun-2024,11775.0,CE,0.0,0.0,0.0,31.85,40.45,0,0.0,0,0,06-MAY-2024,
OPTIDX,MIDCPNIFTY,03-Jun-2024,11800.0,CE,0.0,0.0,0.0,29.75,37.4,0,0.0,0,0,06-MAY-2024,
OPTIDX,MIDCPNIFTY,03-Jun-2024,11825.0,CE,0.0,0.0,0.0,27.75,34.5,0,0.0,0,0,06-MAY-2024,
OPTIDX,MIDCPNIFTY,03-Jun-2024,11850.0,CE,0.0,0.0,0.0,25.9,31.8,0,0.0,0,0,06-MAY-2024,
OPTIDX,MIDCPNIFTY,03-Jun-2024,11875.0,CE,0.0,0.0,0.0,24.1,29.3,0,0.0,0,0,06-MAY-2024,
OPTIDX,MIDCPNIFTY,03-Jun-2024,11900.0,CE,0.0,0.0,0.0,22.45,26.95,0,0.0,0,0,06-MAY-2024,
OPTIDX,MIDCPNIFTY,03-Jun-2024,12000.0,CE,0.0,0.0,0.0,16.8,19.15,0,0.0,0,0,06-MAY-2024,
OPTIDX,MIDCPNIFTY,03-Jun-2024,12100.0,CE,0.0,0.0,0.0,12.45,13.35,0,0.0,0,0,06-MAY-2024,
OPTIDX,MIDCPNIFTY,03-Jun-2024,12200.0,CE,0.0,0.0,0.0,9.15,9.2,0,0.0,0,0,06-MAY-2024,
OPTIDX,MIDCPNIFTY,03-Jun-2024,12300.0,CE,0.0,0.0,0.0,10.4,6.2,0,0.0,150,0,06-MAY-2024,
OPTIDX,MIDCPNIFTY,03-Jun-2024,12400.0,CE,0.0,0.0,0.0,4.75,4.15,0,0.0,0,0,06-MAY-2024,
OPTIDX,MIDCPNIFTY,03-Jun-2024,12500.0,CE,0.0,0.0,0.0,3.4,2.7,0,0.0,0,0,06-MAY-2024,
OPTIDX,MIDCPNIFTY,03-Jun-2024,12600.0,CE,0.0,0.0,0.0,2.4,1.75,0,0.0,0,0,06-MAY-2024,
OPTIDX,MIDCPNIFTY,03-Jun-2024,9200.0,PE,0.0,0.0,0.0,1.65,0.05,0,0.0,0,0,06-MAY-2024,
OPTIDX,MIDCPNIFTY,03-Jun-2024,9300.0,PE,0.0,0.0,0.0,2.7,0.05,0,0.0,0,0,06-MAY-2024,
OPTIDX,MIDCPNIFTY,03-Jun-2024,9400.0,PE,0.0,0.0,0.0,4.3,0.15,0,0.0,0,0,06-MAY-2024,
OPTIDX,MIDCPNIFTY,03-Jun-2024,9500.0,PE,0.0,0.0,0.0,6.7,0.25,0,0.0,0,0,06-MAY-2024,
OPTIDX,MIDCPNIFTY,03-Jun-2024,9600.0,PE,0.0,0.0,0.0,10.1,0.5,0,0.0,0,0,06-MAY-2024,
OPTIDX,MIDCPNIFTY,03-Jun-2024,9700.0,PE,0.0,0.0,0.0,14.9,0.95,0,0.0,0,0,06-MAY-2024,
OPTIDX,MIDCPNIFTY,03-Jun-2024,9800.0,PE,0.0,0.0,0.0,21.45,1.65,0,0.0,0,0,06-MAY-2024,
OPTIDX,MIDCPNIFTY,03-Jun-2024,9900.0,PE,0.0,0.0,0.0,30.2,2.95,0,0.0,0,0,06-MAY-2024,
OPTIDX,MIDCPNIFTY,03-Jun-2024,9950.0,PE,0.0,0.0,0.0,35.55,3.8,0,0.0,0,0,06-MAY-2024,
OPTIDX,MIDCPNIFTY,03-Jun-2024,9975.0,PE,0.0,0.0,0.0,38.5,4.35,0,0.0,0,0,06-MAY-2024,
OPTIDX,MIDCPNIFTY,03-Jun-2024,10000.0,PE,0.0,0.0,0.0,41.6,4.95,0,0.0,0,0,06-MAY-2024,
OPTIDX,MIDCPNIFTY,03-Jun-2024,10025.0,PE,0.0,0.0,0.0,44.95,5.6,0,0.0,0,0,06-MAY-2024,
OPTIDX,MIDCPNIFTY,03-Jun-2024,10050.0,PE,0.0,0.0,0.0,48.5,6.35,0,0.0,0,0,06-MAY-2024,
OPTIDX,MIDCPNIFTY,03-Jun-2024,10075.0,PE,0.0,0.0,0.0,52.25,7.15,0,0.0,0,0,06-MAY-2024,
OPTIDX,MIDCPNIFTY,03-Jun-2024,10100.0,PE,0.0,0.0,0.0,56.25,8.1,0,0.0,0,0,06-MAY-2024,
OPTIDX,MIDCPNIFTY,03-Jun-2024,10125.0,PE,0.0,0.0,0.0,60.45,9.1,0,0.0,0,0,06-MAY-2024,
OPTIDX,MIDCPNIFTY,03-Jun-2024,10150.0,PE,0.0,0.0,0.0,64.9,10.2,0,0.0,0,0,06-MAY-2024,
OPTIDX,MIDCPNIFTY,03-Jun-2024,10175.0,PE,0.0,0.0,0.0,69.6,11.45,0,0.0,0,0,06-MAY-2024,
OPTIDX,MIDCPNIFTY,03-Jun-2024,10200.0,PE,0.0,0.0,0.0,74.55,12.8,0,0.0,0,0,06-MAY-2024,
OPTIDX,MIDCPNIFTY,03-Jun-2024,10225.0,PE,0.0,0.0,0.0,79.8,14.3,0,0.0,0,0,06-MAY-2024,
OPTIDX,MIDCPNIFTY,03-Jun-2024,10250.0,PE,0.0,0.0,0.0,85.25,15.9,0,0.0,0,0,06-MAY-2024,
OPTIDX,MIDCPNIFTY,03-Jun-2024,10275.0,PE,0.0,0.0,0.0,91.05,17.7,0,0.0,0,0,06-MAY-2024,
OPTIDX,MIDCPNIFTY,03-Jun-2024,10300.0,PE,0.0,0.0,0.0,97.05,19.6,0,0.0,0,0,06-MAY-2024,
OPTIDX,MIDCPNIFTY,03-Jun-2024,10325.0,PE,0.0,0.0,0.0,103.8,21.7,0,0.0,0,0,06-MAY-2024,
OPTIDX,MIDCPNIFTY,03-Jun-2024,10350.0,PE,0.0,0.0,0.0,110.35,24.0,0,0.0,0,0,06-MAY-2024,
OPTIDX,MIDCPNIFTY,03-Jun-2024,10375.0,PE,0.0,0.0,0.0,116.85,26.5,0,0.0,0,0,06-MAY-2024,
OPTIDX,MIDCPNIFTY,03-Jun-2024,10400.0,PE,0.0,0.0,0.0,124.1,29.2,0,0.0,0,0,06-MAY-2024,
OPTIDX,MIDCPNIFTY,03-Jun-2024,10425.0,PE,0.0,0.0,0.0,131.65,32.1,0,0.0,0,0,06-MAY-2024,
OPTIDX,MIDCPNIFTY,03-Jun-2024,10450.0,PE,0.0,0.0,0.0,139.55,35.25,0,0.0,0,0,06-MAY-2024,
OPTIDX,MIDCPNIFTY,03-Jun-2024,10475.0,PE,0.0,0.0,0.0,147.75,38.6,0,0.0,0,0,06-MAY-2024,
OPTIDX,MIDCPNIFTY,03-Jun-2024,10500.0,PE,0.0,0.0,0.0,156.25,42.2,0,0.0,0,0,06-MAY-2024,
OPTIDX,MIDCPNIFTY,03-Jun-2024,10525.0,PE,0.0,0.0,0.0,165.15,46.1,0,0.0,0,0,06-MAY-2024,
OPTIDX,MIDCPNIFTY,03-Jun-2024,10550.0,PE,0.0,0.0,0.0,174.35,50.25,0,0.0,0,0,06-MAY-2024,
OPTIDX,MIDCPNIFTY,03-Jun-2024,10575.0,PE,0.0,0.0,0.0,183.9,54.7,0,0.0,0,0,06-MAY-2024,
OPTIDX,MIDCPNIFTY,03-Jun-2024,10600.0,PE,0.0,0.0,0.0,193.75,59.45,0,0.0,0,0,06-MAY-2024,
OPTIDX,MIDCPNIFTY,03-Jun-2024,10625.0,PE,0.0,0.0,0.0,204.0,64.45,0,0.0,0,0,06-MAY-2024,
OPTIDX,MIDCPNIFTY,03-Jun-2024,10650.0,PE,0.0,0.0,0.0,214.55,69.8,0,0.0,0,0,06-MAY-2024,
OPTIDX,MIDCPNIFTY,03-Jun-2024,10675.0,PE,0.0,0.0,0.0,225.5,75.5,0,0.0,0,0,06-MAY-2024,
OPTIDX,MIDCPNIFTY,03-Jun-2024,10700.0,PE,0.0,0.0,0.0,236.75,81.55,0,0.0,0,0,06-MAY-2024,
OPTIDX,MIDCPNIFTY,03-Jun-2024,10725.0,PE,0.0,0.0,0.0,248.35,88.3,0,0.0,0,0,06-MAY-2024,
OPTIDX,MIDCPNIFTY,03-Jun-2024,10750.0,PE,0.0,0.0,0.0,260.35,94.55,0,0.0,0,0,06-MAY-2024,
OPTIDX,MIDCPNIFTY,03-Jun-2024,10775.0,PE,0.0,0.0,0.0,272.6,101.65,0,0.0,0,0,06-MAY-2024,
OPTIDX,MIDCPNIFTY,03-Jun-2024,10800.0,PE,0.0,0.0,0.0,285.3,109.15,0,0.0,0,0,06-MAY-2024,
OPTIDX,MIDCPNIFTY,03-Jun-2024,10825.0,PE,0.0,0.0,0.0,298.3,117.0,0,0.0,0,0,06-MAY-2024,
OPTIDX,MIDCPNIFTY,03-Jun-2024,10850.0,PE,0.0,0.0,0.0,311.65,125.25,0,0.0,0,0,06-MAY-2024,
OPTIDX,MIDCPNIFTY,03-Jun-2024,10875.0,PE,0.0,0.0,0.0,325.35,133.9,0,0.0,0,0,06-MAY-2024,
OPTIDX,MIDCPNIFTY,03-Jun-2024,10900.0,PE,0.0,0.0,0.0,339.4,142.95,0,0.0,0,0,06-MAY-2024,
OPTIDX,MIDCPNIFTY,03-Jun-2024,10925.0,PE,0.0,0.0,0.0,121.55,152.4,0,0.0,75,0,06-MAY-2024,
OPTIDX,MIDCPNIFTY,03-Jun-2024,10950.0,PE,0.0,0.0,0.0,368.5,162.3,0,0.0,0,0,06-MAY-2024,
OPTIDX,MIDCPNIFTY,03-Jun-2024,10975.0,PE,0.0,0.0,0.0,383.55,172.6,0,0.0,0,0,06-MAY-2024,
OPTIDX,MIDCPNIFTY,03-Jun-2024,11000.0,PE,0.0,0.0,0.0,398.95,183.3,0,0.0,0,0,06-MAY-2024,
OPTIDX,MIDCPNIFTY,03-Jun-2024,11025.0,PE,0.0,0.0,0.0,414.65,194.45,0,0.0,0,0,06-MAY-2024,
OPTIDX,MIDCPNIFTY,03-Jun-2024,11050.0,PE,0.0,0.0,0.0,430.65,206.0,0,0.0,0,0,06-MAY-2024,
OPTIDX,MIDCPNIFTY,03-Jun-2024,11075.0,PE,0.0,0.0,0.0,447.0,218.0,0,0.0,0,0,06-MAY-2024,
OPTIDX,MIDCPNIFTY,03-Jun-2024,11100.0,PE,0.0,0.0,0.0,463.65,230.35,0,0.0,0,0,06-MAY-2024,
OPTIDX,MIDCPNIFTY,03-Jun-2024,11125.0,PE,0.0,0.0,0.0,480.6,243.2,0,0.0,0,0,06-MAY-2024,
OPTIDX,MIDCPNIFTY,03-Jun-2024,11150.0,PE,0.0,0.0,0.0,497.85,256.45,0,0.0,0,0,06-MAY-2024,
OPTIDX,MIDCPNIFTY,03-Jun-2024,11175.0,PE,0.0,0.0,0.0,515.4,270.1,0,0.0,0,0,06-MAY-2024,
OPTIDX,MIDCPNIFTY,03-Jun-2024,11200.0,PE,0.0,0.0,0.0,533.25,284.2,0,0.0,0,0,06-MAY-2024,
OPTIDX,MIDCPNIFTY,03-Jun-2024,11225.0,PE,0.0,0.0,0.0,551.35,298.7,0,0.0,0,0,06-MAY-2024,
OPTIDX,MIDCPNIFTY,03-Jun-2024,11250.0,PE,0.0,0.0,0.0,570.2,313.6,0,0.0,0,0,06-MAY-2024,
OPTIDX,MIDCPNIFTY,03-Jun-2024,11275.0,PE,0.0,0.0,0.0,588.9,328.9,0,0.0,0,0,06-MAY-2024,
OPTIDX,MIDCPNIFTY,03-Jun-2024,11300.0,PE,0.0,0.0,0.0,607.45,344.6,0,0.0,0,0,06-MAY-2024,
OPTIDX,MIDCPNIFTY,03-Jun-2024,11325.0,PE,0.0,0.0,0.0,626.6,360.7,0,0.0,0,0,06-MAY-2024,
OPTIDX,MIDCPNIFTY,03-Jun-2024,11350.0,PE,0.0,0.0,0.0,646.05,377.2,0,0.0,0,0,06-MAY-2024,
OPTIDX,MIDCPNIFTY,03-Jun-2024,11375.0,PE,0.0,0.0,0.0,665.7,394.05,0,0.0,0,0,06-MAY-2024,
OPTIDX,MIDCPNIFTY,03-Jun-2024,11400.0,PE,0.0,0.0,0.0,685.6,411.25,0,0.0,0,0,06-MAY-2024,
OPTIDX,MIDCPNIFTY,03-Jun-2024,11425.0,PE,0.0,0.0,0.0,705.7,428.85,0,0.0,0,0,06-MAY-2024,
OPTIDX,MIDCPNIFTY,03-Jun-2024,11450.0,PE,0.0,0.0,0.0,726.05,446.8,0,0.0,0,0,06-MAY-2024,
OPTIDX,MIDCPNIFTY,03-Jun-2024,11475.0,PE,0.0,0.0,0.0,746.6,465.05,0,0.0,0,0,06-MAY-2024,
OPTIDX,MIDCPNIFTY,03-Jun-2024,11500.0,PE,0.0,0.0,0.0,767.35,484.15,0,0.0,0,0,06-MAY-2024,
OPTIDX,MIDCPNIFTY,03-Jun-2024,11525.0,PE,0.0,0.0,0.0,788.3,502.7,0,0.0,0,0,06-MAY-2024,
OPTIDX,MIDCPNIFTY,03-Jun-2024,11550.0,PE,0.0,0.0,0.0,809.45,521.95,0,0.0,0,0,06-MAY-2024,
OPTIDX,MIDCPNIFTY,03-Jun-2024,11575.0,PE,0.0,0.0,0.0,830.8,541.5,0,0.0,0,0,06-MAY-2024,
OPTIDX,MIDCPNIFTY,03-Jun-2024,11600.0,PE,0.0,0.0,0.0,852.3,561.3,0,0.0,0,0,06-MAY-2024,
OPTIDX,MIDCPNIFTY,03-Jun-2024,11625.0,PE,0.0,0.0,0.0,873.95,581.45,0,0.0,0,0,06-MAY-2024,
OPTIDX,MIDCPNIFTY,03-Jun-2024,11650.0,PE,0.0,0.0,0.0,895.8,601.8,0,0.0,0,0,06-MAY-2024,
OPTIDX,MIDCPNIFTY,03-Jun-2024,11675.0,PE,0.0,0.0,0.0,917.8,622.45,0,0.0,0,0,06-MAY-2024,
OPTIDX,MIDCPNIFTY,03-Jun-2024,11700.0,PE,0.0,0.0,0.0,939.95,643.35,0,0.0,0,0,06-MAY-2024,
OPTIDX,MIDCPNIFTY,03-Jun-2024,11725.0,PE,0.0,0.0,0.0,962.25,664.5,0,0.0,0,0,06-MAY-2024,
OPTIDX,MIDCPNIFTY,03-Jun-2024,11750.0,PE,0.0,0.0,0.0,984.65,685.85,0,0.0,0,0,06-MAY-2024,
OPTIDX,MIDCPNIFTY,03-Jun-2024,11775.0,PE,0.0,0.0,0.0,1007.2,707.45,0,0.0,0,0,06-MAY-2024,
OPTIDX,MIDCPNIFTY,03-Jun-2024,11800.0,PE,0.0,0.0,0.0,1029.9,729.2,0,0.0,0,0,06-MAY-2024,
OPTIDX,MIDCPNIFTY,03-Jun-2024,11825.0,PE,0.0,0.0,0.0,1052.7,751.2,0,0.0,0,0,06-MAY-2024,
OPTIDX,MIDCPNIFTY,03-Jun-2024,11850.0,PE,0.0,0.0,0.0,1075.65,773.4,0,0.0,0,0,06-MAY-2024,
OPTIDX,MIDCPNIFTY,03-Jun-2024,11875.0,PE,0.0,0.0,0.0,1098.65,795.75,0,0.0,0,0,06-MAY-2024,
OPTIDX,MIDCPNIFTY,03-Jun-2024,11900.0,PE,0.0,0.0,0.0,1121.8,818.25,0,0.0,0,0,06-MAY-2024,
OPTIDX,MIDCPNIFTY,03-Jun-2024,12000.0,PE,0.0,0.0,0.0,1215.3,909.9,0,0.0,0,0,06-MAY-2024,
OPTIDX,MIDCPNIFTY,03-Jun-2024,12100.0,PE,0.0,0.0,0.0,1310.15,1003.6,0,0.0,0,0,06-MAY-2024,
OPTIDX,MIDCPNIFTY,03-Jun-2024,12200.0,PE,0.0,0.0,0.0,1405.95,1098.85,0,0.0,0,0,06-MAY-2024,
OPTIDX,MIDCPNIFTY,03-Jun-2024,12300.0,PE,0.0,0.0,0.0,1502.65,1195.35,0,0.0,0,0,06-MAY-2024,
OPTIDX,MIDCPNIFTY,03-Jun-2024,12400.0,PE,0.0,0.0,0.0,1599.95,1292.75,0,0.0,0,0,06-MAY-2024,
OPTIDX,MIDCPNIFTY,03-Jun-2024,12500.0,PE,0.0,0.0,0.0,1697.75,1390.8,0,0.0,0,0,06-MAY-2024,
OPTIDX,MIDCPNIFTY,03-Jun-2024,12600.0,PE,0.0,0.0,0.0,1795.9,1489.3,0,0.0,0,0,06-MAY-2024,
OPTIDX,MIDCPNIFTY,24-Jun-2024,8900.0,CE,0.0,0.0,0.0,1680.95,2231.25,0,0.0,0,0,06-MAY-2024,
OPTIDX,MIDCPNIFTY,24-Jun-2024,9000.0,CE,0.0,0.0,0.0,1587.65,2132.35,0,0.0,0,0,06-MAY-2024,
OPTIDX,MIDCPNIFTY,24-Jun-2024,9100.0,CE,0.0,0.0,0.0,1495.6,2033.45,0,0.0,0,0,06-MAY-2024,
OPTIDX,MIDCPNIFTY,24-Jun-2024,9200.0,CE,0.0,0.0,0.0,1404.95,1934.7,0,0.0,0,0,06-MAY-2024,
OPTIDX,MIDCPNIFTY,24-Jun-2024,9300.0,CE,0.0,0.0,0.0,1316.0,1836.05,0,0.0,0,0,06-MAY-2024,
OPTIDX,MIDCPNIFTY,24-Jun-2024,9400.0,CE,0.0,0.0,0.0,1228.95,1737.7,0,0.0,0,0,06-MAY-2024,
OPTIDX,MIDCPNIFTY,24-Jun-2024,9500.0,CE,0.0,0.0,0.0,1144.05,1639.65,0,0.0,0,0,06-MAY-2024,
OPTIDX,MIDCPNIFTY,24-Jun-2024,9600.0,CE,0.0,0.0,0.0,1061.55,1542.05,0,0.0,0,0,06-MAY-2024,
OPTIDX,MIDCPNIFTY,24-Jun-2024,9650.0,CE,0.0,0.0,0.0,1021.25,1493.45,0,0.0,0,0,06-MAY-2024,
OPTIDX,MIDCPNIFTY,24-Jun-2024,9675.0,CE,0.0,0.0,0.0,1001.35,1469.25,0,0.0,0,0,06-MAY-2024,
OPTIDX,MIDCPNIFTY,24-Jun-2024,9700.0,CE,0.0,0.0,0.0,981.6,1445.1,0,0.0,0,0,06-MAY-2024,
OPTIDX,MIDCPNIFTY,24-Jun-2024,9725.0,CE,0.0,0.0,0.0,962.05,1420.95,0,0.0,0,0,06-MAY-2024,
OPTIDX,MIDCPNIFTY,24-Jun-2024,9750.0,CE,0.0,0.0,0.0,942.7,1396.9,0,0.0,0,0,06-MAY-2024,
OPTIDX,MIDCPNIFTY,24-Jun-2024,9775.0,CE,0.0,0.0,0.0,923.55,1372.9,0,0.0,0,0,06-MAY-2024,
OPTIDX,MIDCPNIFTY,24-Jun-2024,9800.0,CE,0.0,0.0,0.0,904.55,1349.0,0,0.0,0,0,06-MAY-2024,
OPTIDX,MIDCPNIFTY,24-Jun-2024,9825.0,CE,0.0,0.0,0.0,885.75,1325.15,0,0.0,0,0,06-MAY-2024,
OPTIDX,MIDCPNIFTY,24-Jun-2024,9850.0,CE,0.0,0.0,0.0,867.15,1301.35,0,0.0,0,0,06-MAY-2024,
OPTIDX,MIDCPNIFTY,24-Jun-2024,9875.0,CE,0.0,0.0,0.0,849.15,1277.65,0,0.0,0,0,06-MAY-2024,
OPTIDX,MIDCPNIFTY,24-Jun-2024,9900.0,CE,0.0,0.0,0.0,830.9,1254.0,0,0.0,0,0,06-MAY-2024,
OPTIDX,MIDCPNIFTY,24-Jun-2024,9925.0,CE,0.0,0.0,0.0,812.85,1230.5,0,0.0,0,0,06-MAY-2024,
OPTIDX,MIDCPNIFTY,24-Jun-2024,9950.0,CE,0.0,0.0,0.0,795.0,1207.05,0,0.0,0,0,06-MAY-2024,
OPTIDX,MIDCPNIFTY,24-Jun-2024,9975.0,CE,0.0,0.0,0.0,777.0,1183.7,0,0.0,0,0,06-MAY-2024,
OPTIDX,MIDCPNIFTY,24-Jun-2024,10000.0,CE,0.0,0.0,0.0,759.6,1160.45,0,0.0,0,0,06-MAY-2024,
OPTIDX,MIDCPNIFTY,24-Jun-2024,10025.0,CE,0.0,0.0,0.0,742.45,1137.3,0,0.0,0,0,06-MAY-2024,
OPTIDX,MIDCPNIFTY,24-Jun-2024,10050.0,CE,0.0,0.0,0.0,725.5,1114.3,0,0.0,0,0,06-MAY-2024,
OPTIDX,MIDCPNIFTY,24-Jun-2024,10075.0,CE,0.0,0.0,0.0,708.8,1091.4,0,0.0,0,0,06-MAY-2024,
OPTIDX,MIDCPNIFTY,24-Jun-2024,10100.0,CE,0.0,0.0,0.0,692.3,1068.65,0,0.0,0,0,06-MAY-2024,
OPTIDX,MIDCPNIFTY,24-Jun-2024,10125.0,CE,0.0,0.0,0.0,676.0,1046.05,0,0.0,0,0,06-MAY-2024,
OPTIDX,MIDCPNIFTY,24-Jun-2024,10150.0,CE,0.0,0.0,0.0,659.95,1023.55,0,0.0,0,0,06-MAY-2024,
OPTIDX,MIDCPNIFTY,24-Jun-2024,10175.0,CE,0.0,0.0,0.0,644.1,1001.2,0,0.0,0,0,06-MAY-2024,
OPTIDX,MIDCPNIFTY,24-Jun-2024,10200.0,CE,0.0,0.0,0.0,628.5,979.0,0,0.0,0,0,06-MAY-2024,
OPTIDX,MIDCPNIFTY,24-Jun-2024,10225.0,CE,0.0,0.0,0.0,613.15,957.0,0,0.0,0,0,06-MAY-2024,
OPTIDX,MIDCPNIFTY,24-Jun-2024,10250.0,CE,0.0,0.0,0.0,598.0,935.1,0,0.0,0,0,06-MAY-2024,
OPTIDX,MIDCPNIFTY,24-Jun-2024,10275.0,CE,0.0,0.0,0.0,583.05,913.45,0,0.0,0,0,06-MAY-2024,
OPTIDX,MIDCPNIFTY,24-Jun-2024,10300.0,CE,0.0,0.0,0.0,568.4,891.9,0,0.0,0,0,06-MAY-2024,
OPTIDX,MIDCPNIFTY,24-Jun-2024,10325.0,CE,0.0,0.0,0.0,553.95,870.6,0,0.0,0,0,06-MAY-2024,
OPTIDX,MIDCPNIFTY,24-Jun-2024,10350.0,CE,0.0,0.0,0.0,539.7,849.45,0,0.0,0,0,06-MAY-2024,
OPTIDX,MIDCPNIFTY,24-Jun-2024,10375.0,CE,0.0,0.0,0.0,525.75,828.55,0,0.0,0,0,06-MAY-2024,
OPTIDX,MIDCPNIFTY,24-Jun-2024,10400.0,CE,0.0,0.0,0.0,512.0,807.8,0,0.0,0,0,06-MAY-2024,
OPTIDX,MIDCPNIFTY,24-Jun-2024,10425.0,CE,0.0,0.0,0.0,498.45,787.3,0,0.0,0,0,06-MAY-2024,
OPTIDX,MIDCPNIFTY,24-Jun-2024,10450.0,CE,0.0,0.0,0.0,485.2,767.0,0,0.0,0,0,06-MAY-2024,
OPTIDX,MIDCPNIFTY,24-Jun-2024,10475.0,CE,0.0,0.0,0.0,472.15,746.95,0,0.0,0,0,06-MAY-2024,
OPTIDX,MIDCPNIFTY,24-Jun-2024,10500.0,CE,0.0,0.0,0.0,459.35,727.1,0,0.0,0,0,06-MAY-2024,
OPTIDX,MIDCPNIFTY,24-Jun-2024,10525.0,CE,0.0,0.0,0.0,446.75,707.5,0,0.0,0,0,06-MAY-2024,
OPTIDX,MIDCPNIFTY,24-Jun-2024,10550.0,CE,0.0,0.0,0.0,434.4,688.15,0,0.0,0,0,06-MAY-2024,
OPTIDX,MIDCPNIFTY,24-Jun-2024,10575.0,CE,0.0,0.0,0.0,422.3,669.05,0,0.0,0,0,06-MAY-2024,
OPTIDX,MIDCPNIFTY,24-Jun-2024,10600.0,CE,0.0,0.0,0.0,410.4,650.2,0,0.0,0,0,06-MAY-2024,
OPTIDX,MIDCPNIFTY,24-Jun-2024,10625.0,CE,0.0,0.0,0.0,398.75,632.0,0,0.0,0,0,06-MAY-2024,
OPTIDX,MIDCPNIFTY,24-Jun-2024,10650.0,CE,0.0,0.0,0.0,387.35,613.65,0,0.0,0,0,06-MAY-2024,
OPTIDX,MIDCPNIFTY,24-Jun-2024,10675.0,CE,0.0,0.0,0.0,376.15,595.1,0,0.0,0,0,06-MAY-2024,
OPTIDX,MIDCPNIFTY,24-Jun-2024,10700.0,CE,0.0,0.0,0.0,365.2,577.35,0,0.0,0,0,06-MAY-2024,
OPTIDX,MIDCPNIFTY,24-Jun-2024,10725.0,CE,0.0,0.0,0.0,354.5,559.85,0,0.0,0,0,06-MAY-2024,
OPTIDX,MIDCPNIFTY,24-Jun-2024,10750.0,CE,0.0,0.0,0.0,344.0,542.65,0,0.0,0,0,06-MAY-2024,
OPTIDX,MIDCPNIFTY,24-Jun-2024,10775.0,CE,0.0,0.0,0.0,550.0,525.75,0,0.0,0,0,06-MAY-2024,
OPTIDX,MIDCPNIFTY,24-Jun-2024,10800.0,CE,0.0,0.0,0.0,421.7,509.15,0,0.0,0,0,06-MAY-2024,
OPTIDX,MIDCPNIFTY,24-Jun-2024,10825.0,CE,0.0,0.0,0.0,309.05,492.85,0,0.0,0,0,06-MAY-2024,
OPTIDX,MIDCPNIFTY,24-Jun-2024,10850.0,CE,0.0,0.0,0.0,304.25,476.85,0,0.0,0,0,06-MAY-2024,
OPTIDX,MIDCPNIFTY,24-Jun-2024,10875.0,CE,0.0,0.0,0.0,294.85,461.15,0,0.0,0,0,06-MAY-2024,
OPTIDX,MIDCPNIFTY,24-Jun-2024,10900.0,CE,0.0,0.0,0.0,285.7,445.75,0,0.0,0,0,06-MAY-2024,
OPTIDX,MIDCPNIFTY,24-Jun-2024,10925.0,CE,0.0,0.0,0.0,276.75,430.65,0,0.0,0,0,06-MAY-2024,
OPTIDX,MIDCPNIFTY,24-Jun-2024,10950.0,CE,0.0,0.0,0.0,268.0,415.9,0,0.0,0,0,06-MAY-2024,
OPTIDX,MIDCPNIFTY,24-Jun-2024,10975.0,CE,0.0,0.0,0.0,259.45,401.45,0,0.0,0,0,06-MAY-2024,
OPTIDX,MIDCPNIFTY,24-Jun-2024,11000.0,CE,0.0,0.0,0.0,251.15,387.3,0,0.0,0,0,06-MAY-2024,
OPTIDX,MIDCPNIFTY,24-Jun-2024,11025.0,CE,0.0,0.0,0.0,243.0,373.5,0,0.0,0,0,06-MAY-2024,
OPTIDX,MIDCPNIFTY,24-Jun-2024,11050.0,CE,0.0,0.0,0.0,235.1,359.95,0,0.0,0,0,06-MAY-2024,
OPTIDX,MIDCPNIFTY,24-Jun-2024,11075.0,CE,0.0,0.0,0.0,227.35,346.8,0,0.0,0,0,06-MAY-2024,
OPTIDX,MIDCPNIFTY,24-Jun-2024,11100.0,CE,0.0,0.0,0.0,219.85,333.9,0,0.0,0,0,06-MAY-2024,
OPTIDX,MIDCPNIFTY,24-Jun-2024,11125.0,CE,0.0,0.0,0.0,227.3,321.35,0,0.0,0,0,06-MAY-2024,
OPTIDX,MIDCPNIFTY,24-Jun-2024,11150.0,CE,0.0,0.0,0.0,296.7,309.1,0,0.0,225,0,06-MAY-2024,
OPTIDX,MIDCPNIFTY,24-Jun-2024,11175.0,CE,0.0,0.0,0.0,252.5,297.2,0,0.0,0,0,06-MAY-2024,
OPTIDX,MIDCPNIFTY,24-Jun-2024,11200.0,CE,0.0,0.0,0.0,191.65,285.6,0,0.0,0,0,06-MAY-2024,
OPTIDX,MIDCPNIFTY,24-Jun-2024,11225.0,CE,0.0,0.0,0.0,185.05,274.3,0,0.0,0,0,06-MAY-2024,
OPTIDX,MIDCPNIFTY,24-Jun-2024,11250.0,CE,0.0,0.0,0.0,178.65,263.35,0,0.0,0,0,06-MAY-2024,
OPTIDX,MIDCPNIFTY,24-Jun-2024,11275.0,CE,0.0,0.0,0.0,172.9,252.65,0,0.0,0,0,06-MAY-2024,
OPTIDX,MIDCPNIFTY,24-Jun-2024,11300.0,CE,0.0,0.0,0.0,166.9,242.3,0,0.0,0,0,06-MAY-2024,
OPTIDX,MIDCPNIFTY,24-Jun-2024,11325.0,CE,0.0,0.0,0.0,161.05,232.25,0,0.0,0,0,06-MAY-2024,
OPTIDX,MIDCPNIFTY,24-Jun-2024,11350.0,CE,0.0,0.0,0.0,155.4,222.5,0,0.0,0,0,06-MAY-2024,
OPTIDX,MIDCPNIFTY,24-Jun-2024,11375.0,CE,0.0,0.0,0.0,149.45,213.1,0,0.0,0,0,06-MAY-2024,
OPTIDX,MIDCPNIFTY,24-Jun-2024,11400.0,CE,0.0,0.0,0.0,144.1,203.95,0,0.0,0,0,06-MAY-2024,
OPTIDX,MIDCPNIFTY,24-Jun-2024,11425.0,CE,0.0,0.0,0.0,138.85,195.05,0,0.0,0,0,06-MAY-2024,
OPTIDX,MIDCPNIFTY,24-Jun-2024,11450.0,CE,0.0,0.0,0.0,133.8,186.5,0,0.0,0,0,06-MAY-2024,
OPTIDX,MIDCPNIFTY,24-Jun-2024,11475.0,CE,0.0,0.0,0.0,128.9,178.2,0,0.0,0,0,06-MAY-2024,
OPTIDX,MIDCPNIFTY,24-Jun-2024,11500.0,CE,0.0,0.0,0.0,124.1,170.2,0,0.0,0,0,06-MAY-2024,
OPTIDX,MIDCPNIFTY,24-Jun-2024,11525.0,CE,0.0,0.0,0.0,119.5,162.45,0,0.0,0,0,06-MAY-2024,
OPTIDX,MIDCPNIFTY,24-Jun-2024,11550.0,CE,0.0,0.0,0.0,115.05,155.0,0,0.0,0,0,06-MAY-2024,
OPTIDX,MIDCPNIFTY,24-Jun-2024,11575.0,CE,0.0,0.0,0.0,110.7,147.8,0,0.0,0,0,06-MAY-2024,
OPTIDX,MIDCPNIFTY,24-Jun-2024,11600.0,CE,0.0,0.0,0.0,106.5,140.85,0,0.0,0,0,06-MAY-2024,
OPTIDX,MIDCPNIFTY,24-Jun-2024,11625.0,CE,0.0,0.0,0.0,102.45,134.2,0,0.0,0,0,06-MAY-2024,
OPTIDX,MIDCPNIFTY,24-Jun-2024,11650.0,CE,0.0,0.0,0.0,98.5,127.75,0,0.0,0,0,06-MAY-2024,
OPTIDX,MIDCPNIFTY,24-Jun-2024,11675.0,CE,0.0,0.0,0.0,94.7,122.1,0,0.0,0,0,06-MAY-2024,
OPTIDX,MIDCPNIFTY,24-Jun-2024,11700.0,CE,0.0,0.0,0.0,91.0,116.2,0,0.0,0,0,06-MAY-2024,
OPTIDX,MIDCPNIFTY,24-Jun-2024,11725.0,CE,0.0,0.0,0.0,87.45,110.05,0,0.0,0,0,06-MAY-2024,
OPTIDX,MIDCPNIFTY,24-Jun-2024,11750.0,CE,0.0,0.0,0.0,84.0,104.55,0,0.0,0,0,06-MAY-2024,
OPTIDX,MIDCPNIFTY,24-Jun-2024,11775.0,CE,0.0,0.0,0.0,80.7,99.3,0,0.0,0,0,06-MAY-2024,
OPTIDX,MIDCPNIFTY,24-Jun-2024,11800.0,CE,0.0,0.0,0.0,77.45,94.25,0,0.0,0,0,06-MAY-2024,
OPTIDX,MIDCPNIFTY,24-Jun-2024,11825.0,CE,0.0,0.0,0.0,74.35,89.4,0,0.0,0,0,06-MAY-2024,
OPTIDX,MIDCPNIFTY,24-Jun-2024,11850.0,CE,0.0,0.0,0.0,71.35,84.8,0,0.0,0,0,06-MAY-2024,
OPTIDX,MIDCPNIFTY,24-Jun-2024,11875.0,CE,0.0,0.0,0.0,68.45,80.35,0,0.0,0,0,06-MAY-2024,
OPTIDX,MIDCPNIFTY,24-Jun-2024,11900.0,CE,0.0,0.0,0.0,65.65,76.1,0,0.0,0,0,06-MAY-2024,
OPTIDX,MIDCPNIFTY,24-Jun-2024,12000.0,CE,0.0,0.0,0.0,55.45,60.9,0,0.0,0,0,06-MAY-2024,
OPTIDX,MIDCPNIFTY,24-Jun-2024,12100.0,CE,0.0,0.0,0.0,46.65,48.35,0,0.0,0,0,06-MAY-2024,
OPTIDX,MIDCPNIFTY,24-Jun-2024,12200.0,CE,0.0,0.0,0.0,39.1,38.05,0,0.0,0,0,06-MAY-2024,
OPTIDX,MIDCPNIFTY,24-Jun-2024,12300.0,CE,0.0,0.0,0.0,32.65,29.7,0,0.0,0,0,06-MAY-2024,
OPTIDX,MIDCPNIFTY,24-Jun-2024,12400.0,CE,0.0,0.0,0.0,27.15,23.0,0,0.0,0,0,06-MAY-2024,
OPTIDX,MIDCPNIFTY,24-Jun-2024,12500.0,CE,0.0,0.0,0.0,22.5,17.65,0,0.0,0,0,06-MAY-2024,
OPTIDX,MIDCPNIFTY,24-Jun-2024,12600.0,CE,0.0,0.0,0.0,18.55,13.45,0,0.0,0,0,06-MAY-2024,
OPTIDX,MIDCPNIFTY,24-Jun-2024,8900.0,PE,0.0,0.0,0.0,15.1,0.15,0,0.0,0,0,06-MAY-2024,
OPTIDX,MIDCPNIFTY,24-Jun-2024,9000.0,PE,0.0,0.0,0.0,19.95,0.25,0,0.0,0,0,06-MAY-2024,
OPTIDX,MIDCPNIFTY,24-Jun-2024,9100.0,PE,0.0,0.0,0.0,26.05,0.4,0,0.0,0,0,06-MAY-2024,
OPTIDX,MIDCPNIFTY,24-Jun-2024,9200.0,PE,0.0,0.0,0.0,33.55,0.65,0,0.0,0,0,06-MAY-2024,
OPTIDX,MIDCPNIFTY,24-Jun-2024,9300.0,PE,0.0,0.0,0.0,42.75,1.05,0,0.0,0,0,06-MAY-2024,
OPTIDX,MIDCPNIFTY,24-Jun-2024,9400.0,PE,0.0,0.0,0.0,53.9,1.7,0,0.0,0,0,06-MAY-2024,
OPTIDX,MIDCPNIFTY,24-Jun-2024,9500.0,PE,0.0,0.0,0.0,67.15,2.65,0,0.0,0,0,06-MAY-2024,
OPTIDX,MIDCPNIFTY,24-Jun-2024,9600.0,PE,0.0,0.0,0.0,82.75,4.1,0,0.0,0,0,06-MAY-2024,
OPTIDX,MIDCPNIFTY,24-Jun-2024,9650.0,PE,0.0,0.0,0.0,91.55,5.05,0,0.0,0,0,06-MAY-2024,
OPTIDX,MIDCPNIFTY,24-Jun-2024,9675.0,PE,0.0,0.0,0.0,96.2,5.6,0,0.0,0,0,06-MAY-2024,
OPTIDX,MIDCPNIFTY,24-Jun-2024,9700.0,PE,0.0,0.0,0.0,101.0,6.2,0,0.0,0,0,06-MAY-2024,
OPTIDX,MIDCPNIFTY,24-Jun-2024,9725.0,PE,0.0,0.0,0.0,106.0,6.8,0,0.0,0,0,06-MAY-2024,
OPTIDX,MIDCPNIFTY,24-Jun-2024,9750.0,PE,0.0,0.0,0.0,111.2,7.5,0,0.0,0,0,06-MAY-2024,
OPTIDX,MIDCPNIFTY,24-Jun-2024,9775.0,PE,0.0,0.0,0.0,116.55,8.3,0,0.0,0,0,06-MAY-2024,
OPTIDX,MIDCPNIFTY,24-Jun-2024,9800.0,PE,0.0,0.0,0.0,122.1,9.1,0,0.0,0,0,06-MAY-2024,
OPTIDX,MIDCPNIFTY,24-Jun-2024,9825.0,PE,0.0,0.0,0.0,127.85,10.0,0,0.0,0,0,06-MAY-2024,
OPTIDX,MIDCPNIFTY,24-Jun-2024,9850.0,PE,0.0,0.0,0.0,133.8,11.0,0,0.0,0,0,06-MAY-2024,
OPTIDX,MIDCPNIFTY,24-Jun-2024,9875.0,PE,0.0,0.0,0.0,140.3,12.05,0,0.0,0,0,06-MAY-2024,
OPTIDX,MIDCPNIFTY,24-Jun-2024,9900.0,PE,0.0,0.0,0.0,146.6,13.15,0,0.0,0,0,06-MAY-2024,
OPTIDX,MIDCPNIFTY,24-Jun-2024,9925.0,PE,0.0,0.0,0.0,153.1,14.4,0,0.0,0,0,06-MAY-2024,
OPTIDX,MIDCPNIFTY,24-Jun-2024,9950.0,PE,0.0,0.0,0.0,159.8,15.7,0,0.0,0,0,06-MAY-2024,
OPTIDX,MIDCPNIFTY,24-Jun-2024,9975.0,PE,0.0,0.0,0.0,166.3,17.1,0,0.0,0,0,06-MAY-2024,
OPTIDX,MIDCPNIFTY,24-Jun-2024,10000.0,PE,0.0,0.0,0.0,173.5,18.65,0,0.0,0,0,06-MAY-2024,
OPTIDX,MIDCPNIFTY,24-Jun-2024,10025.0,PE,0.0,0.0,0.0,180.85,20.25,0,0.0,0,0,06-MAY-2024,
OPTIDX,MIDCPNIFTY,24-Jun-2024,10050.0,PE,0.0,0.0,0.0,188.45,22.0,0,0.0,0,0,06-MAY-2024,
OPTIDX,MIDCPNIFTY,24-Jun-2024,10075.0,PE,0.0,0.0,0.0,196.3,23.85,0,0.0,0,0,06-MAY-2024,
OPTIDX,MIDCPNIFTY,24-Jun-2024,10100.0,PE,0.0,0.0,0.0,204.3,25.85,0,0.0,0,0,06-MAY-2024,
OPTIDX,MIDCPNIFTY,24-Jun-2024,10125.0,PE,0.0,0.0,0.0,212.6,28.0,0,0.0,0,0,06-MAY-2024,
OPTIDX,MIDCPNIFTY,24-Jun-2024,10150.0,PE,0.0,0.0,0.0,221.05,30.25,0,0.0,0,0,06-MAY-2024,
OPTIDX,MIDCPNIFTY,24-Jun-2024,10175.0,PE,0.0,0.0,0.0,229.75,32.7,0,0.0,0,0,06-MAY-2024,
OPTIDX,MIDCPNIFTY,24-Jun-2024,10200.0,PE,0.0,0.0,0.0,238.7,35.25,0,0.0,0,0,06-MAY-2024,
OPTIDX,MIDCPNIFTY,24-Jun-2024,10225.0,PE,0.0,0.0,0.0,247.85,38.0,0,0.0,0,0,06-MAY-2024,
OPTIDX,MIDCPNIFTY,24-Jun-2024,10250.0,PE,0.0,0.0,0.0,257.25,40.85,0,0.0,0,0,06-MAY-2024,
OPTIDX,MIDCPNIFTY,24-Jun-2024,10275.0,PE,0.0,0.0,0.0,266.9,43.95,0,0.0,0,0,06-MAY-2024,
OPTIDX,MIDCPNIFTY,24-Jun-2024,10300.0,PE,0.0,0.0,0.0,276.75,47.2,0,0.0,0,0,06-MAY-2024,
OPTIDX,MIDCPNIFTY,24-Jun-2024,10325.0,PE,0.0,0.0,0.0,286.85,50.6,0,0.0,0,0,06-MAY-2024,
OPTIDX,MIDCPNIFTY,24-Jun-2024,10350.0,PE,0.0,0.0,0.0,297.15,54.25,0,0.0,0,0,06-MAY-2024,
OPTIDX,MIDCPNIFTY,24-Jun-2024,10375.0,PE,0.0,0.0,0.0,307.7,58.05,0,0.0,0,0,06-MAY-2024,
OPTIDX,MIDCPNIFTY,24-Jun-2024,10400.0,PE,0.0,0.0,0.0,318.5,62.1,0,0.0,0,0,06-MAY-2024,
OPTIDX,MIDCPNIFTY,24-Jun-2024,10425.0,PE,0.0,0.0,0.0,329.55,66.35,0,0.0,0,0,06-MAY-2024,
OPTIDX,MIDCPNIFTY,24-Jun-2024,10450.0,PE,0.0,0.0,0.0,340.8,70.8,0,0.0,0,0,06-MAY-2024,
OPTIDX,MIDCPNIFTY,24-Jun-2024,10475.0,PE,0.0,0.0,0.0,352.3,75.5,0,0.0,0,0,06-MAY-2024,
OPTIDX,MIDCPNIFTY,24-Jun-2024,10500.0,PE,0.0,0.0,0.0,364.0,80.4,0,0.0,0,0,06-MAY-2024,
OPTIDX,MIDCPNIFTY,24-Jun-2024,10525.0,PE,0.0,0.0,0.0,376.0,85.6,0,0.0,0,0,06-MAY-2024,
OPTIDX,MIDCPNIFTY,24-Jun-2024,10550.0,PE,0.0,0.0,0.0,388.15,91.0,0,0.0,0,0,06-MAY-2024,
OPTIDX,MIDCPNIFTY,24-Jun-2024,10575.0,PE,0.0,0.0,0.0,400.55,96.65,0,0.0,0,0,06-MAY-2024,
OPTIDX,MIDCPNIFTY,24-Jun-2024,10600.0,PE,0.0,0.0,0.0,413.25,102.55,0,0.0,0,0,06-MAY-2024,
OPTIDX,MIDCPNIFTY,24-Jun-2024,10625.0,PE,0.0,0.0,0.0,426.15,109.15,0,0.0,0,0,06-MAY-2024,
OPTIDX,MIDCPNIFTY,24-Jun-2024,10650.0,PE,0.0,0.0,0.0,439.25,115.5,0,0.0,0,0,06-MAY-2024,
OPTIDX,MIDCPNIFTY,24-Jun-2024,10675.0,PE,0.0,0.0,0.0,452.65,121.75,0,0.0,0,0,06-MAY-2024,
OPTIDX,MIDCPNIFTY,24-Jun-2024,10700.0,PE,0.0,0.0,0.0,466.2,128.7,0,0.0,0,0,06-MAY-2024,
OPTIDX,MIDCPNIFTY,24-Jun-2024,10725.0,PE,0.0,0.0,0.0,480.05,136.0,0,0.0,0,0,06-MAY-2024,
OPTIDX,MIDCPNIFTY,24-Jun-2024,10750.0,PE,0.0,0.0,0.0,494.1,143.55,0,0.0,0,0,06-MAY-2024,
OPTIDX,MIDCPNIFTY,24-Jun-2024,10775.0,PE,0.0,0.0,0.0,508.35,151.4,0,0.0,0,0,06-MAY-2024,
OPTIDX,MIDCPNIFTY,24-Jun-2024,10800.0,PE,0.0,0.0,0.0,522.85,159.55,0,0.0,0,0,06-MAY-2024,
OPTIDX,MIDCPNIFTY,24-Jun-2024,10825.0,PE,0.0,0.0,0.0,537.55,168.0,0,0.0,0,0,06-MAY-2024,
OPTIDX,MIDCPNIFTY,24-Jun-2024,10850.0,PE,0.0,0.0,0.0,552.5,176.75,0,0.0,0,0,06-MAY-2024,
OPTIDX,MIDCPNIFTY,24-Jun-2024,10875.0,PE,0.0,0.0,0.0,567.65,185.8,0,0.0,0,0,06-MAY-2024,
OPTIDX,MIDCPNIFTY,24-Jun-2024,10900.0,PE,0.0,0.0,0.0,583.0,195.2,0,0.0,0,0,06-MAY-2024,
OPTIDX,MIDCPNIFTY,24-Jun-2024,10925.0,PE,0.0,0.0,0.0,598.6,204.85,0,0.0,0,0,06-MAY-2024,
OPTIDX,MIDCPNIFTY,24-Jun-2024,10950.0,PE,0.0,0.0,0.0,614.4,214.85,0,0.0,0,0,06-MAY-2024,
OPTIDX,MIDCPNIFTY,24-Jun-2024,10975.0,PE,0.0,0.0,0.0,630.4,225.15,0,0.0,0,0,06-MAY-2024,
OPTIDX,MIDCPNIFTY,24-Jun-2024,11000.0,PE,0.0,0.0,0.0,646.6,235.75,0,0.0,0,0,06-MAY-2024,
OPTIDX,MIDCPNIFTY,24-Jun-2024,11025.0,PE,0.0,0.0,0.0,663.0,246.7,0,0.0,0,0,06-MAY-2024,
OPTIDX,MIDCPNIFTY,24-Jun-2024,11050.0,PE,0.0,0.0,0.0,679.65,257.95,0,0.0,0,0,06-MAY-2024,
OPTIDX,MIDCPNIFTY,24-Jun-2024,11075.0,PE,0.0,0.0,0.0,696.45,269.55,0,0.0,0,0,06-MAY-2024,
OPTIDX,MIDCPNIFTY,24-Jun-2024,11100.0,PE,0.0,0.0,0.0,713.45,281.4,0,0.0,0,0,06-MAY-2024,
OPTIDX,MIDCPNIFTY,24-Jun-2024,11125.0,PE,0.0,0.0,0.0,730.7,293.6,0,0.0,0,0,06-MAY-2024,
OPTIDX,MIDCPNIFTY,24-Jun-2024,11150.0,PE,0.0,0.0,0.0,748.1,306.1,0,0.0,0,0,06-MAY-2024,
OPTIDX,MIDCPNIFTY,24-Jun-2024,11175.0,PE,0.0,0.0,0.0,765.65,318.95,0,0.0,0,0,06-MAY-2024,
OPTIDX,MIDCPNIFTY,24-Jun-2024,11200.0,PE,0.0,0.0,0.0,783.45,332.1,0,0.0,0,0,06-MAY-2024,
OPTIDX,MIDCPNIFTY,24-Jun-2024,11225.0,PE,0.0,0.0,0.0,801.4,345.6,0,0.0,0,0,06-MAY-2024,
OPTIDX,MIDCPNIFTY,24-Jun-2024,11250.0,PE,0.0,0.0,0.0,819.55,359.35,0,0.0,0,0,06-MAY-2024,
OPTIDX,MIDCPNIFTY,24-Jun-2024,11275.0,PE,0.0,0.0,0.0,838.35,373.45,0,0.0,0,0,06-MAY-2024,
OPTIDX,MIDCPNIFTY,24-Jun-2024,11300.0,PE,0.0,0.0,0.0,856.85,387.85,0,0.0,0,0,06-MAY-2024,
OPTIDX,MIDCPNIFTY,24-Jun-2024,11325.0,PE,0.0,0.0,0.0,875.55,402.6,0,0.0,0,0,06-MAY-2024,
OPTIDX,MIDCPNIFTY,24-Jun-2024,11350.0,PE,0.0,0.0,0.0,894.4,417.6,0,0.0,0,0,06-MAY-2024,
OPTIDX,MIDCPNIFTY,24-Jun-2024,11375.0,PE,0.0,0.0,0.0,913.05,432.9,0,0.0,0,0,06-MAY-2024,
OPTIDX,MIDCPNIFTY,24-Jun-2024,11400.0,PE,0.0,0.0,0.0,932.2,448.5,0,0.0,0,0,06-MAY-2024,
OPTIDX,MIDCPNIFTY,24-Jun-2024,11425.0,PE,0.0,0.0,0.0,951.5,464.4,0,0.0,0,0,06-MAY-2024,
OPTIDX,MIDCPNIFTY,24-Jun-2024,11450.0,PE,0.0,0.0,0.0,971.0,480.6,0,0.0,0,0,06-MAY-2024,
OPTIDX,MIDCPNIFTY,24-Jun-2024,11475.0,PE,0.0,0.0,0.0,990.6,497.05,0,0.0,0,0,06-MAY-2024,
OPTIDX,MIDCPNIFTY,24-Jun-2024,11500.0,PE,0.0,0.0,0.0,1010.4,513.8,0,0.0,0,0,06-MAY-2024,
OPTIDX,MIDCPNIFTY,24-Jun-2024,11525.0,PE,0.0,0.0,0.0,1030.3,530.85,0,0.0,0,0,06-MAY-2024,
OPTIDX,MIDCPNIFTY,24-Jun-2024,11550.0,PE,0.0,0.0,0.0,1050.4,548.15,0,0.0,0,0,06-MAY-2024,
OPTIDX,MIDCPNIFTY,24-Jun-2024,11575.0,PE,0.0,0.0,0.0,1070.6,565.7,0,0.0,0,0,06-MAY-2024,
OPTIDX,MIDCPNIFTY,24-Jun-2024,11600.0,PE,0.0,0.0,0.0,1090.95,583.5,0,0.0,0,0,06-MAY-2024,
OPTIDX,MIDCPNIFTY,24-Jun-2024,11625.0,PE,0.0,0.0,0.0,1111.4,601.6,0,0.0,0,0,06-MAY-2024,
OPTIDX,MIDCPNIFTY,24-Jun-2024,11650.0,PE,0.0,0.0,0.0,1132.0,619.9,0,0.0,0,0,06-MAY-2024,
OPTIDX,MIDCPNIFTY,24-Jun-2024,11675.0,PE,0.0,0.0,0.0,1152.75,639.0,0,0.0,0,0,06-MAY-2024,
OPTIDX,MIDCPNIFTY,24-Jun-2024,11700.0,PE,0.0,0.0,0.0,1173.6,657.85,0,0.0,0,0,06-MAY-2024,
OPTIDX,MIDCPNIFTY,24-Jun-2024,11725.0,PE,0.0,0.0,0.0,1194.6,676.45,0,0.0,0,0,06-MAY-2024,
OPTIDX,MIDCPNIFTY,24-Jun-2024,11750.0,PE,0.0,0.0,0.0,1215.65,695.75,0,0.0,0,0,06-MAY-2024,
OPTIDX,MIDCPNIFTY,24-Jun-2024,11775.0,PE,0.0,0.0,0.0,1236.9,715.25,0,0.0,0,0,06-MAY-2024,
OPTIDX,MIDCPNIFTY,24-Jun-2024,11800.0,PE,0.0,0.0,0.0,1258.2,734.95,0,0.0,0,0,06-MAY-2024,
OPTIDX,MIDCPNIFTY,24-Jun-2024,11825.0,PE,0.0,0.0,0.0,1279.65,754.85,0,0.0,0,0,06-MAY-2024,
OPTIDX,MIDCPNIFTY,24-Jun-2024,11850.0,PE,0.0,0.0,0.0,1301.2,775.0,0,0.0,0,0,06-MAY-2024,
OPTIDX,MIDCPNIFTY,24-Jun-2024,11875.0,PE,0.0,0.0,0.0,1322.85,795.3,0,0.0,0,0,06-MAY-2024,
OPTIDX,MIDCPNIFTY,24-Jun-2024,11900.0,PE,0.0,0.0,0.0,1344.6,815.8,0,0.0,0,0,06-MAY-2024,
OPTIDX,MIDCPNIFTY,24-Jun-2024,12000.0,PE,0.0,0.0,0.0,1432.55,899.65,0,0.0,0,0,06-MAY-2024,
OPTIDX,MIDCPNIFTY,24-Jun-2024,12100.0,PE,0.0,0.0,0.0,1521.9,986.15,0,0.0,0,0,06-MAY-2024,
OPTIDX,MIDCPNIFTY,24-Jun-2024,12200.0,PE,0.0,0.0,0.0,1612.5,1074.85,0,0.0,0,0,06-MAY-2024,
OPTIDX,MIDCPNIFTY,24-Jun-2024,12300.0,PE,0.0,0.0,0.0,1704.2,1165.55,0,0.0,0,0,06-MAY-2024,
OPTIDX,MIDCPNIFTY,24-Jun-2024,12400.0,PE,0.0,0.0,0.0,1796.85,1257.85,0,0.0,0,0,06-MAY-2024,
OPTIDX,MIDCPNIFTY,24-Jun-2024,12500.0,PE,0.0,0.0,0.0,1890.35,1351.55,0,0.0,0,0,06-MAY-2024,
OPTIDX,MIDCPNIFTY,24-Jun-2024,12600.0,PE,0.0,0.0,0.0,1984.6,1446.35,0,0.0,0,0,06-MAY-2024,
OPTIDX,MIDCPNIFTY,29-Jul-2024,9500.0,CE,0.0,0.0,0.0,1727.2,1714.65,0,0.0,0,0,06-MAY-2024,
OPTIDX,MIDCPNIFTY,29-Jul-2024,9600.0,CE,0.0,0.0,0.0,1633.9,1620.5,0,0.0,0,0,06-MAY-2024,
OPTIDX,MIDCPNIFTY,29-Jul-2024,9700.0,CE,0.0,0.0,0.0,1541.8,1527.4,0,0.0,0,0,06-MAY-2024,
OPTIDX,MIDCPNIFTY,29-Jul-2024,9800.0,CE,0.0,0.0,0.0,1451.05,1435.65,0,0.0,0,0,06-MAY-2024,
OPTIDX,MIDCPNIFTY,29-Jul-2024,9900.0,CE,0.0,0.0,0.0,1361.95,1345.45,0,0.0,0,0,06-MAY-2024,
OPTIDX,MIDCPNIFTY,29-Jul-2024,10000.0,CE,0.0,0.0,0.0,1274.65,1257.05,0,0.0,0,0,06-MAY-2024,
OPTIDX,MIDCPNIFTY,29-Jul-2024,10100.0,CE,0.0,0.0,0.0,1189.4,1170.65,0,0.0,0,0,06-MAY-2024,
OPTIDX,MIDCPNIFTY,29-Jul-2024,10200.0,CE,0.0,0.0,0.0,1106.4,1086.5,0,0.0,0,0,06-MAY-2024,
OPTIDX,MIDCPNIFTY,29-Jul-2024,10300.0,CE,0.0,0.0,0.0,1025.95,1004.9,0,0.0,0,0,06-MAY-2024,
OPTIDX,MIDCPNIFTY,29-Jul-2024,10325.0,CE,0.0,0.0,0.0,1006.25,984.95,0,0.0,0,0,06-MAY-2024,
OPTIDX,MIDCPNIFTY,29-Jul-2024,10350.0,CE,0.0,0.0,0.0,986.7,965.15,0,0.0,0,0,06-MAY-2024,
OPTIDX,MIDCPNIFTY,29-Jul-2024,10375.0,CE,0.0,0.0,0.0,967.35,945.5,0,0.0,0,0,06-MAY-2024,
OPTIDX,MIDCPNIFTY,29-Jul-2024,10400.0,CE,0.0,0.0,0.0,948.2,926.1,0,0.0,0,0,06-MAY-2024,
OPTIDX,MIDCPNIFTY,29-Jul-2024,10425.0,CE,0.0,0.0,0.0,929.2,906.85,0,0.0,0,0,06-MAY-2024,
OPTIDX,MIDCPNIFTY,29-Jul-2024,10450.0,CE,0.0,0.0,0.0,910.4,887.75,0,0.0,0,0,06-MAY-2024,
OPTIDX,MIDCPNIFTY,29-Jul-2024,10475.0,CE,0.0,0.0,0.0,891.8,868.9,0,0.0,0,0,06-MAY-2024,
OPTIDX,MIDCPNIFTY,29-Jul-2024,10500.0,CE,0.0,0.0,0.0,873.35,850.25,0,0.0,0,0,06-MAY-2024,
OPTIDX,MIDCPNIFTY,29-Jul-2024,10525.0,CE,0.0,0.0,0.0,855.5,831.75,0,0.0,0,0,06-MAY-2024,
OPTIDX,MIDCPNIFTY,29-Jul-2024,10550.0,CE,0.0,0.0,0.0,837.45,813.9,0,0.0,0,0,06-MAY-2024,
OPTIDX,MIDCPNIFTY,29-Jul-2024,10575.0,CE,0.0,0.0,0.0,819.6,795.8,0,0.0,0,0,06-MAY-2024,
OPTIDX,MIDCPNIFTY,29-Jul-2024,10600.0,CE,0.0,0.0,0.0,801.45,777.9,0,0.0,0,0,06-MAY-2024,
OPTIDX,MIDCPNIFTY,29-Jul-2024,10625.0,CE,0.0,0.0,0.0,784.05,759.8,0,0.0,0,0,06-MAY-2024,
OPTIDX,MIDCPNIFTY,29-Jul-2024,10650.0,CE,0.0,0.0,0.0,766.85,742.4,0,0.0,0,0,06-MAY-2024,
OPTIDX,MIDCPNIFTY,29-Jul-2024,10675.0,CE,0.0,0.0,0.0,749.85,725.2,0,0.0,0,0,06-MAY-2024,
OPTIDX,MIDCPNIFTY,29-Jul-2024,10700.0,CE,0.0,0.0,0.0,733.05,708.25,0,0.0,0,0,06-MAY-2024,
OPTIDX,MIDCPNIFTY,29-Jul-2024,10725.0,CE,0.0,0.0,0.0,716.45,691.5,0,0.0,0,0,06-MAY-2024,
OPTIDX,MIDCPNIFTY,29-Jul-2024,10750.0,CE,0.0,0.0,0.0,700.1,674.95,0,0.0,0,0,06-MAY-2024,
OPTIDX,MIDCPNIFTY,29-Jul-2024,10775.0,CE,0.0,0.0,0.0,683.95,658.65,0,0.0,0,0,06-MAY-2024,
OPTIDX,MIDCPNIFTY,29-Jul-2024,10800.0,CE,0.0,0.0,0.0,668.0,642.6,0,0.0,0,0,06-MAY-2024,
OPTIDX,MIDCPNIFTY,29-Jul-2024,10825.0,CE,0.0,0.0,0.0,652.3,626.75,0,0.0,0,0,06-MAY-2024,
OPTIDX,MIDCPNIFTY,29-Jul-2024,10850.0,CE,0.0,0.0,0.0,636.8,611.15,0,0.0,0,0,06-MAY-2024,
OPTIDX,MIDCPNIFTY,29-Jul-2024,10875.0,CE,0.0,0.0,0.0,621.55,595.8,0,0.0,0,0,06-MAY-2024,
OPTIDX,MIDCPNIFTY,29-Jul-2024,10900.0,CE,0.0,0.0,0.0,606.5,580.65,0,0.0,0,0,06-MAY-2024,
OPTIDX,MIDCPNIFTY,29-Jul-2024,10925.0,CE,0.0,0.0,0.0,591.7,565.75,0,0.0,0,0,06-MAY-2024,
OPTIDX,MIDCPNIFTY,29-Jul-2024,10950.0,CE,0.0,0.0,0.0,577.1,551.1,0,0.0,0,0,06-MAY-2024,
OPTIDX,MIDCPNIFTY,29-Jul-2024,10975.0,CE,0.0,0.0,0.0,562.75,536.7,0,0.0,0,0,06-MAY-2024,
OPTIDX,MIDCPNIFTY,29-Jul-2024,11000.0,CE,0.0,0.0,0.0,548.65,522.5,0,0.0,0,0,06-MAY-2024,
OPTIDX,MIDCPNIFTY,29-Jul-2024,11025.0,CE,0.0,0.0,0.0,534.7,508.55,0,0.0,0,0,06-MAY-2024,
OPTIDX,MIDCPNIFTY,29-Jul-2024,11050.0,CE,0.0,0.0,0.0,521.05,494.85,0,0.0,0,0,06-MAY-2024,
OPTIDX,MIDCPNIFTY,29-Jul-2024,11075.0,CE,0.0,0.0,0.0,507.6,481.4,0,0.0,0,0,06-MAY-2024,
OPTIDX,MIDCPNIFTY,29-Jul-2024,11100.0,CE,0.0,0.0,0.0,494.4,468.15,0,0.0,0,0,06-MAY-2024,
OPTIDX,MIDCPNIFTY,29-Jul-2024,11125.0,CE,0.0,0.0,0.0,481.4,455.2,0,0.0,0,0,06-MAY-2024,
OPTIDX,MIDCPNIFTY,29-Jul-2024,11150.0,CE,0.0,0.0,0.0,468.6,442.45,0,0.0,0,0,06-MAY-2024,
OPTIDX,MIDCPNIFTY,29-Jul-2024,11175.0,CE,0.0,0.0,0.0,456.1,429.95,0,0.0,0,0,06-MAY-2024,
OPTIDX,MIDCPNIFTY,29-Jul-2024,11200.0,CE,0.0,0.0,0.0,443.75,417.65,0,0.0,0,0,06-MAY-2024,
OPTIDX,MIDCPNIFTY,29-Jul-2024,11225.0,CE,0.0,0.0,0.0,431.65,405.6,0,0.0,0,0,06-MAY-2024,
OPTIDX,MIDCPNIFTY,29-Jul-2024,11250.0,CE,0.0,0.0,0.0,419.8,393.85,0,0.0,0,0,06-MAY-2024,
OPTIDX,MIDCPNIFTY,29-Jul-2024,11275.0,CE,0.0,0.0,0.0,408.2,382.3,0,0.0,0,0,06-MAY-2024,
OPTIDX,MIDCPNIFTY,29-Jul-2024,11300.0,CE,0.0,0.0,0.0,396.75,370.95,0,0.0,0,0,06-MAY-2024,
OPTIDX,MIDCPNIFTY,29-Jul-2024,11325.0,CE,0.0,0.0,0.0,385.6,359.9,0,0.0,0,0,06-MAY-2024,
OPTIDX,MIDCPNIFTY,29-Jul-2024,11350.0,CE,0.0,0.0,0.0,374.65,349.05,0,0.0,0,0,06-MAY-2024,
OPTIDX,MIDCPNIFTY,29-Jul-2024,11375.0,CE,0.0,0.0,0.0,363.9,338.45,0,0.0,0,0,06-MAY-2024,
OPTIDX,MIDCPNIFTY,29-Jul-2024,11400.0,CE,0.0,0.0,0.0,353.4,328.1,0,0.0,0,0,06-MAY-2024,
OPTIDX,MIDCPNIFTY,29-Jul-2024,11425.0,CE,0.0,0.0,0.0,343.1,317.95,0,0.0,0,0,06-MAY-2024,
OPTIDX,MIDCPNIFTY,29-Jul-2024,11450.0,CE,0.0,0.0,0.0,333.05,308.05,0,0.0,0,0,06-MAY-2024,
OPTIDX,MIDCPNIFTY,29-Jul-2024,11475.0,CE,0.0,0.0,0.0,323.2,298.35,0,0.0,0,0,06-MAY-2024,
OPTIDX,MIDCPNIFTY,29-Jul-2024,11500.0,CE,0.0,0.0,0.0,313.55,288.9,0,0.0,0,0,06-MAY-2024,
OPTIDX,MIDCPNIFTY,29-Jul-2024,11525.0,CE,0.0,0.0,0.0,304.1,279.65,0,0.0,0,0,06-MAY-2024,
OPTIDX,MIDCPNIFTY,29-Jul-2024,11550.0,CE,0.0,0.0,0.0,294.9,270.6,0,0.0,0,0,06-MAY-2024,
OPTIDX,MIDCPNIFTY,29-Jul-2024,11575.0,CE,0.0,0.0,0.0,285.85,261.8,0,0.0,0,0,06-MAY-2024,
OPTIDX,MIDCPNIFTY,29-Jul-2024,11600.0,CE,0.0,0.0,0.0,277.05,253.25,0,0.0,0,0,06-MAY-2024,
OPTIDX,MIDCPNIFTY,29-Jul-2024,11625.0,CE,0.0,0.0,0.0,268.45,244.85,0,0.0,0,0,06-MAY-2024,
OPTIDX,MIDCPNIFTY,29-Jul-2024,11650.0,CE,0.0,0.0,0.0,260.1,236.7,0,0.0,0,0,06-MAY-2024,
OPTIDX,MIDCPNIFTY,29-Jul-2024,11675.0,CE,0.0,0.0,0.0,251.9,228.75,0,0.0,0,0,06-MAY-2024,
OPTIDX,MIDCPNIFTY,29-Jul-2024,11700.0,CE,0.0,0.0,0.0,243.9,221.0,0,0.0,0,0,06-MAY-2024,
OPTIDX,MIDCPNIFTY,29-Jul-2024,11725.0,CE,0.0,0.0,0.0,236.1,213.45,0,0.0,0,0,06-MAY-2024,
OPTIDX,MIDCPNIFTY,29-Jul-2024,11750.0,CE,0.0,0.0,0.0,228.45,206.1,0,0.0,0,0,06-MAY-2024,
OPTIDX,MIDCPNIFTY,29-Jul-2024,11775.0,CE,0.0,0.0,0.0,221.05,198.95,0,0.0,0,0,06-MAY-2024,
OPTIDX,MIDCPNIFTY,29-Jul-2024,11800.0,CE,0.0,0.0,0.0,213.85,192.0,0,0.0,0,0,06-MAY-2024,
OPTIDX,MIDCPNIFTY,29-Jul-2024,11825.0,CE,0.0,0.0,0.0,206.8,185.25,0,0.0,0,0,06-MAY-2024,
OPTIDX,MIDCPNIFTY,29-Jul-2024,11850.0,CE,0.0,0.0,0.0,199.9,178.7,0,0.0,0,0,06-MAY-2024,
OPTIDX,MIDCPNIFTY,29-Jul-2024,11875.0,CE,0.0,0.0,0.0,193.25,172.3,0,0.0,0,0,06-MAY-2024,
OPTIDX,MIDCPNIFTY,29-Jul-2024,11900.0,CE,0.0,0.0,0.0,186.75,166.6,0,0.0,0,0,06-MAY-2024,
OPTIDX,MIDCPNIFTY,29-Jul-2024,12000.0,CE,0.0,0.0,0.0,163.05,143.25,0,0.0,0,0,06-MAY-2024,
OPTIDX,MIDCPNIFTY,29-Jul-2024,12100.0,CE,0.0,0.0,0.0,140.95,122.85,0,0.0,0,0,06-MAY-2024,
OPTIDX,MIDCPNIFTY,29-Jul-2024,12200.0,CE,0.0,0.0,0.0,121.7,104.9,0,0.0,0,0,06-MAY-2024,
OPTIDX,MIDCPNIFTY,29-Jul-2024,12300.0,CE,0.0,0.0,0.0,104.65,89.2,0,0.0,0,0,06-MAY-2024,
OPTIDX,MIDCPNIFTY,29-Jul-2024,12400.0,CE,0.0,0.0,0.0,89.65,75.5,0,0.0,0,0,06-MAY-2024,
OPTIDX,MIDCPNIFTY,29-Jul-2024,12500.0,CE,0.0,0.0,0.0,76.55,63.6,0,0.0,0,0,06-MAY-2024,
OPTIDX,MIDCPNIFTY,29-Jul-2024,12600.0,CE,0.0,0.0,0.0,65.05,53.4,0,0.0,0,0,06-MAY-2024,
OPTIDX,MIDCPNIFTY,29-Jul-2024,9500.0,PE,0.0,0.0,0.0,15.75,12.35,0,0.0,0,0,06-MAY-2024,
OPTIDX,MIDCPNIFTY,29-Jul-2024,9600.0,PE,0.0,0.0,0.0,20.65,16.5,0,0.0,0,0,06-MAY-2024,
OPTIDX,MIDCPNIFTY,29-Jul-2024,9700.0,PE,0.0,0.0,0.0,26.75,21.75,0,0.0,0,0,06-MAY-2024,
OPTIDX,MIDCPNIFTY,29-Jul-2024,9800.0,PE,0.0,0.0,0.0,34.2,28.35,0,0.0,0,0,06-MAY-2024,
OPTIDX,MIDCPNIFTY,29-Jul-2024,9900.0,PE,0.0,0.0,0.0,43.3,36.5,0,0.0,0,0,06-MAY-2024,
OPTIDX,MIDCPNIFTY,29-Jul-2024,10000.0,PE,0.0,0.0,0.0,54.2,46.4,0,0.0,0,0,06-MAY-2024,
OPTIDX,MIDCPNIFTY,29-Jul-2024,10100.0,PE,0.0,0.0,0.0,67.15,58.35,0,0.0,0,0,06-MAY-2024,
OPTIDX,MIDCPNIFTY,29-Jul-2024,10200.0,PE,0.0,0.0,0.0,82.35,72.6,0,0.0,0,0,06-MAY-2024,
OPTIDX,MIDCPNIFTY,29-Jul-2024,10300.0,PE,0.0,0.0,0.0,100.1,89.3,0,0.0,0,0,06-MAY-2024,
OPTIDX,MIDCPNIFTY,29-Jul-2024,10325.0,PE,0.0,0.0,0.0,104.95,93.95,0,0.0,0,0,06-MAY-2024,
OPTIDX,MIDCPNIFTY,29-Jul-2024,10350.0,PE,0.0,0.0,0.0,109.95,98.7,0,0.0,0,0,06-MAY-2024,
OPTIDX,MIDCPNIFTY,29-Jul-2024,10375.0,PE,0.0,0.0,0.0,115.15,103.7,0,0.0,0,0,06-MAY-2024,
OPTIDX,MIDCPNIFTY,29-Jul-2024,10400.0,PE,0.0,0.0,0.0,120.55,108.8,0,0.0,0,0,06-MAY-2024,
OPTIDX,MIDCPNIFTY,29-Jul-2024,10425.0,PE,0.0,0.0,0.0,126.1,114.15,0,0.0,0,0,06-MAY-2024,
OPTIDX,MIDCPNIFTY,29-Jul-2024,10450.0,PE,0.0,0.0,0.0,131.85,119.7,0,0.0,0,0,06-MAY-2024,
OPTIDX,MIDCPNIFTY,29-Jul-2024,10475.0,PE,0.0,0.0,0.0,137.75,125.4,0,0.0,0,0,06-MAY-2024,
OPTIDX,MIDCPNIFTY,29-Jul-2024,10500.0,PE,0.0,0.0,0.0,143.9,131.35,0,0.0,0,0,06-MAY-2024,
OPTIDX,MIDCPNIFTY,29-Jul-2024,10525.0,PE,0.0,0.0,0.0,150.6,137.45,0,0.0,0,0,06-MAY-2024,
OPTIDX,MIDCPNIFTY,29-Jul-2024,10550.0,PE,0.0,0.0,0.0,157.05,144.15,0,0.0,0,0,06-MAY-2024,
OPTIDX,MIDCPNIFTY,29-Jul-2024,10575.0,PE,0.0,0.0,0.0,163.75,150.65,0,0.0,0,0,06-MAY-2024,
OPTIDX,MIDCPNIFTY,29-Jul-2024,10600.0,PE,0.0,0.0,0.0,170.2,157.35,0,0.0,0,0,06-MAY-2024,
OPTIDX,MIDCPNIFTY,29-Jul-2024,10625.0,PE,0.0,0.0,0.0,177.3,163.85,0,0.0,0,0,06-MAY-2024,
OPTIDX,MIDCPNIFTY,29-Jul-2024,10650.0,PE,0.0,0.0,0.0,184.65,171.0,0,0.0,0,0,06-MAY-2024,
OPTIDX,MIDCPNIFTY,29-Jul-2024,10675.0,PE,0.0,0.0,0.0,192.2,178.4,0,0.0,0,0,06-MAY-2024,
OPTIDX,MIDCPNIFTY,29-Jul-2024,10700.0,PE,0.0,0.0,0.0,199.95,186.0,0,0.0,0,0,06-MAY-2024,
OPTIDX,MIDCPNIFTY,29-Jul-2024,10725.0,PE,0.0,0.0,0.0,207.95,193.85,0,0.0,0,0,06-MAY-2024,
OPTIDX,MIDCPNIFTY,29-Jul-2024,10750.0,PE,0.0,0.0,0.0,216.1,201.9,0,0.0,0,0,06-MAY-2024,
OPTIDX,MIDCPNIFTY,29-Jul-2024,10775.0,PE,0.0,0.0,0.0,224.5,210.2,0,0.0,0,0,06-MAY-2024,
OPTIDX,MIDCPNIFTY,29-Jul-2024,10800.0,PE,0.0,0.0,0.0,233.15,218.7,0,0.0,0,0,06-MAY-2024,
OPTIDX,MIDCPNIFTY,29-Jul-2024,10825.0,PE,0.0,0.0,0.0,242.0,227.45,0,0.0,0,0,06-MAY-2024,
OPTIDX,MIDCPNIFTY,29-Jul-2024,10850.0,PE,0.0,0.0,0.0,251.05,236.45,0,0.0,0,0,06-MAY-2024,
OPTIDX,MIDCPNIFTY,29-Jul-2024,10875.0,PE,0.0,0.0,0.0,260.35,245.65,0,0.0,0,0,06-MAY-2024,
OPTIDX,MIDCPNIFTY,29-Jul-2024,10900.0,PE,0.0,0.0,0.0,269.85,255.1,0,0.0,0,0,06-MAY-2024,
OPTIDX,MIDCPNIFTY,29-Jul-2024,10925.0,PE,0.0,0.0,0.0,279.55,264.8,0,0.0,0,0,06-MAY-2024,
OPTIDX,MIDCPNIFTY,29-Jul-2024,10950.0,PE,0.0,0.0,0.0,289.55,274.7,0,0.0,0,0,06-MAY-2024,
OPTIDX,MIDCPNIFTY,29-Jul-2024,10975.0,PE,0.0,0.0,0.0,299.7,284.9,0,0.0,0,0,06-MAY-2024,
OPTIDX,MIDCPNIFTY,29-Jul-2024,11000.0,PE,0.0,0.0,0.0,310.15,295.3,0,0.0,0,0,06-MAY-2024,
OPTIDX,MIDCPNIFTY,29-Jul-2024,11025.0,PE,0.0,0.0,0.0,320.8,305.9,0,0.0,0,0,06-MAY-2024,
OPTIDX,MIDCPNIFTY,29-Jul-2024,11050.0,PE,0.0,0.0,0.0,331.65,316.8,0,0.0,0,0,06-MAY-2024,
OPTIDX,MIDCPNIFTY,29-Jul-2024,11075.0,PE,0.0,0.0,0.0,342.75,327.95,0,0.0,0,0,06-MAY-2024,
OPTIDX,MIDCPNIFTY,29-Jul-2024,11100.0,PE,0.0,0.0,0.0,354.1,339.3,0,0.0,0,0,06-MAY-2024,
OPTIDX,MIDCPNIFTY,29-Jul-2024,11125.0,PE,0.0,0.0,0.0,365.65,350.9,0,0.0,0,0,06-MAY-2024,
OPTIDX,MIDCPNIFTY,29-Jul-2024,11150.0,PE,0.0,0.0,0.0,377.45,362.75,0,0.0,0,0,06-MAY-2024,
OPTIDX,MIDCPNIFTY,29-Jul-2024,11175.0,PE,0.0,0.0,0.0,389.45,374.8,0,0.0,0,0,06-MAY-2024,
OPTIDX,MIDCPNIFTY,29-Jul-2024,11200.0,PE,0.0,0.0,0.0,401.65,387.1,0,0.0,0,0,06-MAY-2024,
OPTIDX,MIDCPNIFTY,29-Jul-2024,11225.0,PE,0.0,0.0,0.0,414.1,399.65,0,0.0,0,0,06-MAY-2024,
OPTIDX,MIDCPNIFTY,29-Jul-2024,11250.0,PE,0.0,0.0,0.0,426.8,412.45,0,0.0,0,0,06-MAY-2024,
OPTIDX,MIDCPNIFTY,29-Jul-2024,11275.0,PE,0.0,0.0,0.0,439.75,425.5,0,0.0,0,0,06-MAY-2024,
OPTIDX,MIDCPNIFTY,29-Jul-2024,11300.0,PE,0.0,0.0,0.0,452.85,438.8,0,0.0,0,0,06-MAY-2024,
OPTIDX,MIDCPNIFTY,29-Jul-2024,11325.0,PE,0.0,0.0,0.0,466.25,452.3,0,0.0,0,0,06-MAY-2024,
OPTIDX,MIDCPNIFTY,29-Jul-2024,11350.0,PE,0.0,0.0,0.0,479.85,466.05,0,0.0,0,0,06-MAY-2024,
OPTIDX,MIDCPNIFTY,29-Jul-2024,11375.0,PE,0.0,0.0,0.0,493.65,480.05,0,0.0,0,0,06-MAY-2024,
OPTIDX,MIDCPNIFTY,29-Jul-2024,11400.0,PE,0.0,0.0,0.0,507.7,494.25,0,0.0,0,0,06-MAY-2024,
OPTIDX,MIDCPNIFTY,29-Jul-2024,11425.0,PE,0.0,0.0,0.0,521.95,508.7,0,0.0,0,0,06-MAY-2024,
OPTIDX,MIDCPNIFTY,29-Jul-2024,11450.0,PE,0.0,0.0,0.0,536.45,523.35,0,0.0,0,0,06-MAY-2024,
OPTIDX,MIDCPNIFTY,29-Jul-2024,11475.0,PE,0.0,0.0,0.0,551.1,538.25,0,0.0,0,0,06-MAY-2024,
OPTIDX,MIDCPNIFTY,29-Jul-2024,11500.0,PE,0.0,0.0,0.0,566.05,553.35,0,0.0,0,0,06-MAY-2024,
OPTIDX,MIDCPNIFTY,29-Jul-2024,11525.0,PE,0.0,0.0,0.0,581.15,568.7,0,0.0,0,0,06-MAY-2024,
OPTIDX,MIDCPNIFTY,29-Jul-2024,11550.0,PE,0.0,0.0,0.0,596.5,584.3,0,0.0,0,0,06-MAY-2024,
OPTIDX,MIDCPNIFTY,29-Jul-2024,11575.0,PE,0.0,0.0,0.0,612.0,600.05,0,0.0,0,0,06-MAY-2024,
OPTIDX,MIDCPNIFTY,29-Jul-2024,11600.0,PE,0.0,0.0,0.0,627.75,616.05,0,0.0,0,0,06-MAY-2024,
OPTIDX,MIDCPNIFTY,29-Jul-2024,11625.0,PE,0.0,0.0,0.0,643.7,632.3,0,0.0,0,0,06-MAY-2024,
OPTIDX,MIDCPNIFTY,29-Jul-2024,11650.0,PE,0.0,0.0,0.0,659.85,648.7,0,0.0,0,0,06-MAY-2024,
OPTIDX,MIDCPNIFTY,29-Jul-2024,11675.0,PE,0.0,0.0,0.0,676.2,665.35,0,0.0,0,0,06-MAY-2024,
OPTIDX,MIDCPNIFTY,29-Jul-2024,11700.0,PE,0.0,0.0,0.0,692.75,682.2,0,0.0,0,0,06-MAY-2024,
OPTIDX,MIDCPNIFTY,29-Jul-2024,11725.0,PE,0.0,0.0,0.0,709.5,699.2,0,0.0,0,0,06-MAY-2024,
OPTIDX,MIDCPNIFTY,29-Jul-2024,11750.0,PE,0.0,0.0,0.0,726.45,716.45,0,0.0,0,0,06-MAY-2024,
OPTIDX,MIDCPNIFTY,29-Jul-2024,11775.0,PE,0.0,0.0,0.0,743.6,733.9,0,0.0,0,0,06-MAY-2024,
OPTIDX,MIDCPNIFTY,29-Jul-2024,11800.0,PE,0.0,0.0,0.0,760.9,751.55,0,0.0,0,0,06-MAY-2024,
OPTIDX,MIDCPNIFTY,29-Jul-2024,11825.0,PE,0.0,0.0,0.0,778.4,769.35,0,0.0,0,0,06-MAY-2024,
OPTIDX,MIDCPNIFTY,29-Jul-2024,11850.0,PE,0.0,0.0,0.0,796.1,787.35,0,0.0,0,0,06-MAY-2024,
OPTIDX,MIDCPNIFTY,29-Jul-2024,11875.0,PE,0.0,0.0,0.0,813.95,805.55,0,0.0,0,0,06-MAY-2024,
OPTIDX,MIDCPNIFTY,29-Jul-2024,11900.0,PE,0.0,0.0,0.0,832.0,824.45,0,0.0,0,0,06-MAY-2024,
OPTIDX,MIDCPNIFTY,29-Jul-2024,12000.0,PE,0.0,0.0,0.0,906.5,899.4,0,0.0,0,0,06-MAY-2024,
OPTIDX,MIDCPNIFTY,29-Jul-2024,12100.0,PE,0.0,0.0,0.0,982.65,977.4,0,0.0,0,0,06-MAY-2024,
OPTIDX,MIDCPNIFTY,29-Jul-2024,12200.0,PE,0.0,0.0,0.0,1061.55,1057.75,0,0.0,0,0,06-MAY-2024,
OPTIDX,MIDCPNIFTY,29-Jul-2024,12300.0,PE,0.0,0.0,0.0,1142.75,1140.4,0,0.0,0,0,06-MAY-2024,
OPTIDX,MIDCPNIFTY,29-Jul-2024,12400.0,PE,0.0,0.0,0.0,1225.95,1225.05,0,0.0,0,0,06-MAY-2024,
OPTIDX,MIDCPNIFTY,29-Jul-2024,12500.0,PE,0.0,0.0,0.0,1311.0,1311.5,0,0.0,0,0,06-MAY-2024,
OPTIDX,MIDCPNIFTY,29-Jul-2024,12600.0,PE,0.0,0.0,0.0,1397.7,1399.65,0,0.0,0,0,06-MAY-2024,
OPTIDX,NIFTY,09-May-2024,20250.0,CE,0.0,0.0,0.0,2440.0,2204.4,0,0.0,325,0,06-MAY-2024,
OPTIDX,NIFTY,09-May-2024,20300.0,CE,0.0,0.0,0.0,2411.6,2154.45,0,0.0,3300,0,06-MAY-2024,
OPTIDX,NIFTY,09-May-2024,20350.0,CE,0.0,0.0,0.0,2239.3,2104.5,0,0.0,300,0,06-MAY-2024,
OPTIDX,NIFTY,09-May-2024,20400.0,CE,0.0,0.0,0.0,2216.85,2054.5,0,0.0,300,0,06-MAY-2024,
OPTIDX,NIFTY,09-May-2024,20450.0,CE,2100.7,2100.7,1993.85,1993.85,2004.55,2,11.24,275,0,06-MAY-2024,
OPTIDX,NIFTY,09-May-2024,20500.0,CE,2033.3,2033.3,1967.6,1972.75,1972.75,345,1938.28,8725,-6550,06-MAY-2024,
OPTIDX,NIFTY,09-May-2024,20550.0,CE,1949.65,1949.65,1911.8,1911.8,1911.8,2,11.24,3725,0,06-MAY-2024,
OPTIDX,NIFTY,09-May-2024,20600.0,CE,0.0,0.0,0.0,2120.0,1854.6,0,0.0,600,0,06-MAY-2024,
OPTIDX,NIFTY,09-May-2024,20650.0,CE,0.0,0.0,0.0,2070.0,1804.65,0,0.0,750,0,06-MAY-2024,
OPTIDX,NIFTY,09-May-2024,20700.0,CE,1683.05,1775.0,1683.05,1774.4,1774.4,58,325.82,3400,-350,06-MAY-2024,
OPTIDX,NIFTY,09-May-2024,20750.0,CE,0.0,0.0,0.0,1950.05,1704.7,0,0.0,1400,0,06-MAY-2024,
OPTIDX,NIFTY,09-May-2024,20800.0,CE,0.0,0.0,0.0,1929.65,1654.75,0,0.0,6225,0,06-MAY-2024,
OPTIDX,NIFTY,09-May-2024,20850.0,CE,0.0,0.0,0.0,1850.0,1604.75,0,0.0,1550,0,06-MAY-2024,
OPTIDX,NIFTY,09-May-2024,20900.0,CE,1653.35,1653.35,1570.5,1571.7,1554.8,6,33.72,2400,25,06-MAY-2024,
OPTIDX,NIFTY,09-May-2024,20950.0,CE,1584.45,1584.45,1584.45,1584.45,1504.8,1,5.63,475,25,06-MAY-2024,
OPTIDX,NIFTY,09-May-2024,21000.0,CE,1553.9,1560.0,1460.0,1468.35,1468.35,109,612.81,29625,-1150,06-MAY-2024,
OPTIDX,NIFTY,09-May-2024,21050.0,CE,0.0,0.0,0.0,1715.0,1404.9,0,0.0,550,0,06-MAY-2024,
OPTIDX,NIFTY,09-May-2024,21100.0,CE,1510.0,1510.0,1400.0,1400.0,1354.9,10,56.41,1375,25,06-MAY-2024,
OPTIDX,NIFTY,09-May-2024,21150.0,CE,0.0,0.0,0.0,1590.0,1304.95,0,0.0,700,0,06-MAY-2024,
OPTIDX,NIFTY,09-May-2024,21200.0,CE,1400.0,1412.0,1400.0,1412.0,1254.95,12,67.81,1200,250,06-MAY-2024,
OPTIDX,NIFTY,09-May-2024,21250.0,CE,1290.9,1290.9,1209.75,1209.8,1205.0,12,67.47,725,75,06-MAY-2024,
OPTIDX,NIFTY,09-May-2024,21300.0,CE,1220.0,1250.0,1180.0,1250.0,1155.05,9,50.63,4625,-200,06-MAY-2024,
OPTIDX,NIFTY,09-May-2024,21350.0,CE,0.0,0.0,0.0,1378.4,1105.05,0,0.0,4700,0,06-MAY-2024,
OPTIDX,NIFTY,09-May-2024,21400.0,CE,1090.0,1090.0,1090.0,1090.0,1055.1,6,33.73,2025,-150,06-MAY-2024,
OPTIDX,NIFTY,09-May-2024,21450.0,CE,1051.25,1079.7,1034.9,1034.9,1005.1,4,22.5,425,25,06-MAY-2024,
OPTIDX,NIFTY,09-May-2024,21500.0,CE,1063.0,1120.0,935.0,969.5,969.5,689,3875.26,120000,-5650,06-MAY-2024,
OPTIDX,NIFTY,09-May-2024,21550.0,CE,999.7,999.7,913.95,918.8,905.25,15,84.31,125,-25,06-MAY-2024,
OPTIDX,NIFTY,09-May-2024,21600.0,CE,917.0,957.45,835.15,866.75,866.75,68,382.31,7375,-200,06-MAY-2024,
OPTIDX,NIFTY,09-May-2024,21650.0,CE,868.55,895.35,819.0,824.8,824.8,23,129.39,450,150,06-MAY-2024,
OPTIDX,NIFTY,09-May-2024,21700.0,CE,865.0,920.0,737.35,778.1,778.1,222,1248.82,14825,-275,06-MAY-2024,
OPTIDX,NIFTY,09-May-2024,21750.0,CE,810.0,863.4,682.0,722.4,722.4,77,433.51,2425,200,06-MAY-2024,
OPTIDX,NIFTY,09-May-2024,21800.0,CE,774.95,821.0,641.0,674.55,674.55,1391,7830.2,25550,-475,06-MAY-2024,
OPTIDX,NIFTY,09-May-2024,21850.0,CE,778.55,778.55,594.05,611.55,611.55,251,1411.59,8475,1125,06-MAY-2024,
OPTIDX,NIFTY,09-May-2024,21900.0,CE,657.1,724.9,540.6,575.25,575.25,1266,7122.35,39375,2550,06-MAY-2024,
OPTIDX,NIFTY,09-May-2024,21950.0,CE,597.9,669.9,493.3,532.0,532.0,540,3037.02,4425,1950,06-MAY-2024,
OPTIDX,NIFTY,09-May-2024,22000.0,CE,600.0,630.45,445.0,482.65,482.65,53751,302684.84,441425,-93125,06-MAY-2024,
OPTIDX,NIFTY,09-May-2024,22050.0,CE,527.25,580.0,400.6,434.1,434.1,7907,44503.55,39400,22350,06-MAY-2024,
OPTIDX,NIFTY,09-May-2024,22100.0,CE,498.95,531.4,357.25,390.5,390.5,27526,155004.51,165800,57050,06-MAY-2024,
OPTIDX,NIFTY,09-May-2024,22150.0,CE,445.0,487.9,316.65,345.95,345.95,19883,112000.94,92300,35675,06-MAY-2024,
OPTIDX,NIFTY,09-May-2024,22200.0,CE,418.95,443.0,277.3,305.9,305.9,107937,608165.22,344125,61700,06-MAY-2024,
OPTIDX,NIFTY,09-May-2024,22250.0,CE,356.95,395.65,238.05,265.55,265.55,60082,338673.91,144175,59925,06-MAY-2024,
OPTIDX,NIFTY,09-May-2024,22300.0,CE,269.0,354.75,203.85,229.45,229.45,336902,1900115.38,589025,91950,06-MAY-2024,
OPTIDX,NIFTY,09-May-2024,22350.0,CE,269.05,313.8,171.35,194.75,194.75,278872,1573603.86,499850,107275,06-MAY-2024,
OPTIDX,NIFTY,09-May-2024,22400.0,CE,240.0,274.15,142.2,163.85,163.85,1695653,9575678.34,1606875,94350,06-MAY-2024,
OPTIDX,NIFTY,09-May-2024,22450.0,CE,194.95,237.6,116.7,135.7,135.7,2085486,11787262.3,1521425,694200,06-MAY-2024,
OPTIDX,NIFTY,09-May-2024,22500.0,CE,160.0,202.85,94.2,110.5,110.5,5519796,31238430.2,5588975,1542900,06-MAY-2024,
OPTIDX,NIFTY,09-May-2024,22550.0,CE,150.0,171.5,74.85,89.0,89.0,2651161,15022583.92,2327800,795575,06-MAY-2024,
OPTIDX,NIFTY,09-May-2024,22600.0,CE,111.0,143.0,58.7,70.35,70.35,4116459,23354414.99,6100925,1792175,06-MAY-2024,
OPTIDX,NIFTY,09-May-2024,22650.0,CE,98.95,118.0,45.65,55.05,55.05,1937979,11009827.76,3054325,993200,06-MAY-2024,
OPTIDX,NIFTY,09-May-2024,22700.0,CE,75.0,95.7,34.9,42.55,42.55,3158868,17972902.22,7205850,984250,06-MAY-2024,
OPTIDX,NIFTY,09-May-2024,22750.0,CE,66.4,76.55,26.5,32.45,32.45,1588500,9052564.97,3275075,451700,06-MAY-2024,
OPTIDX,NIFTY,09-May-2024,22800.0,CE,45.05,60.45,20.15,24.5,24.5,2892783,16514325.9,8447075,1474700,06-MAY-2024,
OPTIDX,NIFTY,09-May-2024,22850.0,CE,37.05,47.15,14.9,18.3,18.3,1332562,7620819.27,2955025,318675,06-MAY-2024,
OPTIDX,NIFTY,09-May-2024,22900.0,CE,30.0,36.0,10.95,13.2,13.2,1983110,11362844.14,5237550,1205525,06-MAY-2024,
OPTIDX,NIFTY,09-May-2024,22950.0,CE,24.55,27.25,8.15,9.7,9.7,1151533,6610996.22,2402200,958625,06-MAY-2024,
OPTIDX,NIFTY,09-May-2024,23000.0,CE,18.0,24.95,6.25,7.25,7.25,2369809,13632666.81,9156125,2767600,06-MAY-2024,
OPTIDX,NIFTY,09-May-2024,23050.0,CE,12.4,15.0,4.85,5.45,5.45,1037600,5981191.75,2397375,923950,06-MAY-2024,
OPTIDX,NIFTY,09-May-2024,23100.0,CE,10.15,11.45,3.75,4.1,4.1,1516949,8762655.02,5610025,1768950,06-MAY-2024,
OPTIDX,NIFTY,09-May-2024,23150.0,CE,7.05,8.85,2.95,3.3,3.3,975499,5646875.03,2547075,160975,06-MAY-2024,
OPTIDX,NIFTY,09-May-2024,23200.0,CE,5.9,7.0,2.5,2.7,2.7,1352396,7845191.36,5223450,1488775,06-MAY-2024,
OPTIDX,NIFTY,09-May-2024,23250.0,CE,3.7,5.45,2.15,2.4,2.4,549586,3194892.78,1793900,488100,06-MAY-2024,
OPTIDX,NIFTY,09-May-2024,23300.0,CE,3.8,5.3,1.85,2.0,2.0,1060417,6177599.51,4411400,122575,06-MAY-2024,
OPTIDX,NIFTY,09-May-2024,23350.0,CE,3.8,4.1,1.7,1.9,1.9,369009,2154293.67,1235800,-280400,06-MAY-2024,
OPTIDX,NIFTY,09-May-2024,23400.0,CE,2.95,3.4,1.5,1.75,1.75,581466,3401861.82,2912875,-432625,06-MAY-2024,
OPTIDX,NIFTY,09-May-2024,23450.0,CE,2.9,3.5,1.4,1.6,1.6,389024,2280831.96,858225,-585825,06-MAY-2024,
OPTIDX,NIFTY,09-May-2024,23500.0,CE,2.95,3.0,1.4,1.6,1.6,1041836,6121253.1,6683600,-72725,06-MAY-2024,
OPTIDX,NIFTY,09-May-2024,23550.0,CE,2.8,2.85,1.4,1.6,1.6,229235,1349721.26,1619050,-1200,06-MAY-2024,
OPTIDX,NIFTY,09-May-2024,23600.0,CE,1.8,2.4,1.3,1.5,1.5,303054,1788138.78,1814025,-114475,06-MAY-2024,
OPTIDX,NIFTY,09-May-2024,23650.0,CE,1.8,4.65,1.25,1.45,1.45,86075,508952.13,446100,-8375,06-MAY-2024,
OPTIDX,NIFTY,09-May-2024,23700.0,CE,2.5,2.5,1.2,1.4,1.4,227107,1345694.22,1348825,-18025,06-MAY-2024,
OPTIDX,NIFTY,09-May-2024,23750.0,CE,2.0,2.3,1.15,1.4,1.4,93581,555671.23,421600,5800,06-MAY-2024,
OPTIDX,NIFTY,09-May-2024,23800.0,CE,1.9,1.9,1.05,1.35,1.35,402187,2393142.51,1385075,263000,06-MAY-2024,
OPTIDX,NIFTY,09-May-2024,23850.0,CE,1.6,2.1,1.15,1.4,1.4,84616,504552.41,352875,-16425,06-MAY-2024,
OPTIDX,NIFTY,09-May-2024,23900.0,CE,1.45,2.2,1.05,1.3,1.3,147209,879620.65,537600,6350,06-MAY-2024,
OPTIDX,NIFTY,09-May-2024,23950.0,CE,2.05,2.05,1.1,1.3,1.3,42119,252200.93,200300,3125,06-MAY-2024,
OPTIDX,NIFTY,09-May-2024,24000.0,CE,1.8,1.8,0.95,1.25,1.25,558312,3350041.65,3090525,-327450,06-MAY-2024,
OPTIDX,NIFTY,09-May-2024,24050.0,CE,1.8,1.8,1.0,1.25,1.25,62788,377531.62,291275,-39950,06-MAY-2024,
OPTIDX,NIFTY,09-May-2024,24100.0,CE,1.65,1.85,0.95,1.25,1.25,90075,542728.57,502750,7200,06-MAY-2024,
OPTIDX,NIFTY,09-May-2024,24150.0,CE,2.05,2.05,0.95,1.25,1.25,44992,271652.22,331975,2400,06-MAY-2024,
OPTIDX,NIFTY,09-May-2024,24200.0,CE,1.5,1.5,0.95,1.25,1.25,115408,698251.45,824900,36075,06-MAY-2024,
OPTIDX,NIFTY,09-May-2024,24250.0,CE,1.2,1.75,1.0,1.2,1.2,19706,119473.49,267650,-13200,06-MAY-2024,
OPTIDX,NIFTY,09-May-2024,24300.0,CE,1.65,1.8,0.85,1.25,1.25,51819,314815.86,819800,16425,06-MAY-2024,
OPTIDX,NIFTY,09-May-2024,24350.0,CE,1.75,1.75,0.9,1.2,1.2,30189,183784.13,211700,-28100,06-MAY-2024,
OPTIDX,NIFTY,09-May-2024,24400.0,CE,2.0,2.0,0.95,1.2,1.2,82737,504719.85,993625,-77625,06-MAY-2024,
OPTIDX,NIFTY,09-May-2024,24450.0,CE,1.75,1.8,0.95,1.25,1.25,48541,296721.33,732475,-71900,06-MAY-2024,
OPTIDX,NIFTY,09-May-2024,24500.0,CE,1.35,1.4,0.9,1.2,1.2,418957,2566228.93,4618100,207025,06-MAY-2024,
OPTIDX,NIFTY,09-May-2024,20250.0,PE,0.7,0.8,0.45,0.45,0.45,265127,1342242.58,2873100,102825,06-MAY-2024,
OPTIDX,NIFTY,09-May-2024,20300.0,PE,0.75,0.75,0.45,0.5,0.5,53331,270662.61,1683100,32650,06-MAY-2024,
OPTIDX,NIFTY,09-May-2024,20350.0,PE,0.75,0.75,0.45,0.5,0.5,24631,125313.93,226175,-33225,06-MAY-2024,
OPTIDX,NIFTY,09-May-2024,20400.0,PE,0.75,0.8,0.45,0.55,0.55,8916,45473.13,112275,2025,06-MAY-2024,
OPTIDX,NIFTY,09-May-2024,20450.0,PE,0.65,0.8,0.45,0.55,0.55,7953,40661.07,47925,-3725,06-MAY-2024,
OPTIDX,NIFTY,09-May-2024,20500.0,PE,0.95,0.95,0.5,0.55,0.55,109434,560868.98,1406925,-93325,06-MAY-2024,
OPTIDX,NIFTY,09-May-2024,20550.0,PE,0.95,0.95,0.4,0.55,0.55,6245,32084.84,71675,8750,06-MAY-2024,
OPTIDX,NIFTY,09-May-2024,20600.0,PE,0.9,1.0,0.5,0.55,0.55,31787,163709.42,170750,-38500,06-MAY-2024,
OPTIDX,NIFTY,09-May-2024,20650.0,PE,0.8,1.0,0.55,0.6,0.6,13319,68762.03,51275,-8475,06-MAY-2024,
OPTIDX,NIFTY,09-May-2024,20700.0,PE,0.9,1.15,0.55,0.6,0.6,32476,168070.4,83000,-14075,06-MAY-2024,
OPTIDX,NIFTY,09-May-2024,20750.0,PE,1.2,1.25,0.55,0.65,0.65,19492,101119.21,66650,7600,06-MAY-2024,
OPTIDX,NIFTY,09-May-2024,20800.0,PE,1.1,1.35,0.65,0.75,0.75,109927,571647.88,910475,-30775,06-MAY-2024,
OPTIDX,NIFTY,09-May-2024,20850.0,PE,1.1,1.3,0.6,0.7,0.7,61192,318978.09,72225,-32200,06-MAY-2024,
OPTIDX,NIFTY,09-May-2024,20900.0,PE,1.15,1.4,0.65,0.75,0.75,134365,702091.92,146600,-27750,06-MAY-2024,
OPTIDX,NIFTY,09-May-2024,20950.0,PE,1.45,1.55,0.8,0.9,0.9,53724,281394.62,74450,-36650,06-MAY-2024,
OPTIDX,NIFTY,09-May-2024,21000.0,PE,1.3,1.5,0.75,0.85,0.85,568915,2986962.73,2284300,-82275,06-MAY-2024,
OPTIDX,NIFTY,09-May-2024,21050.0,PE,1.5,1.75,0.75,0.9,0.9,72650,382342.96,92675,18375,06-MAY-2024,
OPTIDX,NIFTY,09-May-2024,21100.0,PE,1.4,1.8,0.85,0.9,0.9,298315,1573701.83,753025,275900,06-MAY-2024,
OPTIDX,NIFTY,09-May-2024,21150.0,PE,1.7,4.65,1.0,1.05,1.05,77278,408634.25,182750,5750,06-MAY-2024,
OPTIDX,NIFTY,09-May-2024,21200.0,PE,1.65,2.0,0.95,1.05,1.05,222111,1177265.03,592350,-41325,06-MAY-2024,
OPTIDX,NIFTY,09-May-2024,21250.0,PE,1.5,2.25,1.0,1.1,1.1,115331,612739.74,154825,-5825,06-MAY-2024,
OPTIDX,NIFTY,09-May-2024,21300.0,PE,1.6,2.25,1.05,1.15,1.15,328331,1748485.7,1034725,201525,06-MAY-2024,
OPTIDX,NIFTY,09-May-2024,21350.0,PE,2.0,3.5,1.15,1.25,1.25,84758,452432.14,327775,1200,06-MAY-2024,
OPTIDX,NIFTY,09-May-2024,21400.0,PE,1.95,2.8,1.25,1.4,1.4,280840,1502621.16,1012450,54700,06-MAY-2024,
OPTIDX,NIFTY,09-May-2024,21450.0,PE,1.2,3.25,1.2,1.5,1.5,152790,819419.63,379450,-93775,06-MAY-2024,
OPTIDX,NIFTY,09-May-2024,21500.0,PE,3.0,3.8,1.5,1.75,1.75,972096,5225590.24,3671825,133450,06-MAY-2024,
OPTIDX,NIFTY,09-May-2024,21550.0,PE,2.75,4.25,1.4,1.75,1.75,211408,1139098.44,469125,125275,06-MAY-2024,
OPTIDX,NIFTY,09-May-2024,21600.0,PE,2.3,4.85,1.6,2.0,2.0,604517,3264830.25,1724075,577850,06-MAY-2024,
OPTIDX,NIFTY,09-May-2024,21650.0,PE,3.25,5.7,1.9,2.45,2.45,383024,2073445.21,783850,188450,06-MAY-2024,
OPTIDX,NIFTY,09-May-2024,21700.0,PE,4.0,7.0,2.25,2.95,2.95,626397,3398845.99,2713200,931225,06-MAY-2024,
OPTIDX,NIFTY,09-May-2024,21750.0,PE,4.0,8.2,2.75,3.65,3.65,406479,2210721.01,757025,250450,06-MAY-2024,
OPTIDX,NIFTY,09-May-2024,21800.0,PE,4.05,9.85,3.4,4.45,4.45,1109738,6049652.37,3915700,-8400,06-MAY-2024,
OPTIDX,NIFTY,09-May-2024,21850.0,PE,8.5,12.4,3.6,5.65,5.65,572462,3128123.81,1760825,1085350,06-MAY-2024,
OPTIDX,NIFTY,09-May-2024,21900.0,PE,7.5,15.45,4.8,7.4,7.4,1077297,5900682.92,3246425,548250,06-MAY-2024,
OPTIDX,NIFTY,09-May-2024,21950.0,PE,9.0,19.15,4.7,9.8,9.8,806847,4429964.2,1353300,377650,06-MAY-2024,
OPTIDX,NIFTY,09-May-2024,22000.0,PE,12.5,24.0,2.75,12.9,12.9,2760451,15193010.36,6245400,695625,06-MAY-2024,
OPTIDX,NIFTY,09-May-2024,22050.0,PE,18.65,29.5,6.55,16.95,16.95,815428,4498941.03,1218950,134700,06-MAY-2024,
OPTIDX,NIFTY,09-May-2024,22100.0,PE,21.85,36.75,12.35,22.15,22.15,1578730,8732019.06,2778300,354225,06-MAY-2024,
OPTIDX,NIFTY,09-May-2024,22150.0,PE,25.2,45.45,15.25,28.75,28.75,963859,5344789.54,930450,14450,06-MAY-2024,
OPTIDX,NIFTY,09-May-2024,22200.0,PE,28.25,55.35,19.25,37.15,37.15,2181514,12128674.26,2774500,142250,06-MAY-2024,
OPTIDX,NIFTY,09-May-2024,22250.0,PE,25.0,68.35,15.8,47.5,47.5,1276454,7115845.06,1004875,269000,06-MAY-2024,
OPTIDX,NIFTY,09-May-2024,22300.0,PE,43.85,83.4,32.0,60.4,60.4,2944402,16459617.02,3250825,870525,06-MAY-2024,
OPTIDX,NIFTY,09-May-2024,22350.0,PE,52.0,101.55,40.35,76.3,76.3,1882794,10555726.44,1231275,119150,06-MAY-2024,
OPTIDX,NIFTY,09-May-2024,22400.0,PE,71.0,122.05,50.95,95.05,95.05,4903778,27575826.87,3292750,885425,06-MAY-2024,
OPTIDX,NIFTY,09-May-2024,22450.0,PE,85.0,146.0,63.9,117.1,117.1,3786205,21358066.68,1633000,388575,06-MAY-2024,
OPTIDX,NIFTY,09-May-2024,22500.0,PE,114.0,172.5,79.0,141.8,141.8,6186757,35004438.0,3973875,324475,06-MAY-2024,
OPTIDX,NIFTY,09-May-2024,22550.0,PE,104.0,202.3,97.55,170.05,170.05,2034600,11547584.47,895550,89375,06-MAY-2024,
OPTIDX,NIFTY,09-May-2024,22600.0,PE,184.0,235.0,115.7,201.65,201.65,2095669,11935473.73,2357075,527950,06-MAY-2024,
OPTIDX,NIFTY,09-May-2024,22650.0,PE,161.1,271.75,143.4,236.4,236.4,440219,2515938.84,669600,-13500,06-MAY-2024,
OPTIDX,NIFTY,09-May-2024,22700.0,PE,247.65,309.0,171.2,273.9,273.9,564248,3236600.18,1343375,-226850,06-MAY-2024,
OPTIDX,NIFTY,09-May-2024,22750.0,PE,203.2,350.1,202.9,313.9,313.9,105906,609827.7,716675,9725,06-MAY-2024,
OPTIDX,NIFTY,09-May-2024,22800.0,PE,284.7,393.0,236.15,355.0,355.0,224670,1298832.2,825100,-4000,06-MAY-2024,
OPTIDX,NIFTY,09-May-2024,22850.0,PE,307.25,438.5,274.0,399.85,399.85,42011,243795.64,392725,6025,06-MAY-2024,
OPTIDX,NIFTY,09-May-2024,22900.0,PE,335.05,482.15,312.3,443.2,443.2,54585,318055.84,398375,11175,06-MAY-2024,
OPTIDX,NIFTY,09-May-2024,22950.0,PE,395.15,530.0,354.75,489.6,489.6,10712,62656.26,236775,6325,06-MAY-2024,
OPTIDX,NIFTY,09-May-2024,23000.0,PE,445.55,577.75,395.55,537.75,537.75,45354,266300.53,398175,-35200,06-MAY-2024,
OPTIDX,NIFTY,09-May-2024,23050.0,PE,482.75,626.05,444.4,585.1,585.1,1108,6538.76,169100,6075,06-MAY-2024,
OPTIDX,NIFTY,09-May-2024,23100.0,PE,559.35,673.2,492.35,634.75,634.75,2343,13874.81,144800,-12375,06-MAY-2024,
OPTIDX,NIFTY,09-May-2024,23150.0,PE,599.5,717.95,538.65,685.75,685.75,205,1218.74,29175,-225,06-MAY-2024,
OPTIDX,NIFTY,09-May-2024,23200.0,PE,630.0,767.0,588.25,731.35,731.35,770,4597.45,62825,-2575,06-MAY-2024,
OPTIDX,NIFTY,09-May-2024,23250.0,PE,749.75,798.05,700.15,764.5,794.2,33,197.98,4100,-150,06-MAY-2024,
OPTIDX,NIFTY,09-May-2024,23300.0,PE,734.2,873.0,683.0,838.45,838.45,251,1511.88,11250,-1025,06-MAY-2024,
OPTIDX,NIFTY,09-May-2024,23350.0,PE,810.7,884.7,737.05,884.7,893.95,22,132.92,525,-25,06-MAY-2024,
OPTIDX,NIFTY,09-May-2024,23400.0,PE,770.8,951.95,770.8,922.6,943.85,21,127.57,5875,100,06-MAY-2024,
OPTIDX,NIFTY,09-May-2024,23450.0,PE,856.95,1003.8,856.95,982.35,982.35,28,170.79,425,125,06-MAY-2024,
OPTIDX,NIFTY,09-May-2024,23500.0,PE,910.0,1069.0,881.0,1032.6,1032.6,435,2661.76,14050,-3450,06-MAY-2024,
OPTIDX,NIFTY,09-May-2024,23550.0,PE,1015.2,1078.85,1015.2,1062.15,1062.15,11,67.61,1000,125,06-MAY-2024,
OPTIDX,NIFTY,09-May-2024,23600.0,PE,1089.85,1151.05,1089.85,1126.4,1143.7,7,43.26,1500,75,06-MAY-2024,
OPTIDX,NIFTY,09-May-2024,23650.0,PE,1170.0,1170.0,1104.4,1155.45,1193.65,6,37.16,825,0,06-MAY-2024,
OPTIDX,NIFTY,09-May-2024,23700.0,PE,1136.8,1230.05,1121.75,1222.05,1222.05,20,124.4,900,175,06-MAY-2024,
OPTIDX,NIFTY,09-May-2024,23750.0,PE,1252.95,1281.75,1252.95,1271.95,1293.6,3,18.76,375,25,06-MAY-2024,
OPTIDX,NIFTY,09-May-2024,23800.0,PE,1356.0,1356.0,1356.0,1356.0,1356.0,1,6.28,900,25,06-MAY-2024,
OPTIDX,NIFTY,09-May-2024,23850.0,PE,0.0,0.0,0.0,1156.25,1393.55,0,0.0,675,0,06-MAY-2024,
OPTIDX,NIFTY,09-May-2024,23900.0,PE,1380.4,1440.0,1380.4,1440.0,1440.0,5,31.63,325,50,06-MAY-2024,
OPTIDX,NIFTY,09-May-2024,23950.0,PE,0.0,0.0,0.0,1282.75,1493.5,0,0.0,350,0,06-MAY-2024,
OPTIDX,NIFTY,09-May-2024,24000.0,PE,1440.0,1532.3,1440.0,1529.75,1529.75,42,267.78,23525,-300,06-MAY-2024,
OPTIDX,NIFTY,09-May-2024,24050.0,PE,1600.85,1600.85,1474.95,1474.95,1593.45,6,38.38,225,75,06-MAY-2024,
OPTIDX,NIFTY,09-May-2024,24100.0,PE,0.0,0.0,0.0,1431.0,1643.4,0,0.0,300,0,06-MAY-2024,
OPTIDX,NIFTY,09-May-2024,24150.0,PE,0.0,0.0,0.0,1479.1,1693.35,0,0.0,150,0,06-MAY-2024,
OPTIDX,NIFTY,09-May-2024,24200.0,PE,1590.0,1747.5,1558.35,1581.6,1743.35,5,32.3,325,25,06-MAY-2024,
OPTIDX,NIFTY,09-May-2024,24250.0,PE,0.0,0.0,0.0,1578.85,1793.3,0,0.0,150,0,06-MAY-2024,
OPTIDX,NIFTY,09-May-2024,24300.0,PE,0.0,0.0,0.0,1629.15,1843.3,0,0.0,300,0,06-MAY-2024,
OPTIDX,NIFTY,09-May-2024,24350.0,PE,1923.55,1923.55,1737.05,1737.05,1893.25,2,13.09,300,0,06-MAY-2024,
OPTIDX,NIFTY,09-May-2024,24400.0,PE,0.0,0.0,0.0,1728.75,1943.25,0,0.0,300,0,06-MAY-2024,
OPTIDX,NIFTY,09-May-2024,24450.0,PE,0.0,0.0,0.0,1964.75,1993.2,0,0.0,675,0,06-MAY-2024,
OPTIDX,NIFTY,09-May-2024,24500.0,PE,0.0,0.0,0.0,2030.0,2043.15,0,0.0,350,0,06-MAY-2024,
OPTIDX,NIFTY,16-May-2024,20250.0,CE,2245.8,2272.25,2245.8,2259.85,2259.85,20,112.54,500,500,06-MAY-2024,
OPTIDX,NIFTY,16-May-2024,20300.0,CE,2196.0,2222.5,2196.0,2211.0,2211.0,30,168.83,750,750,06-MAY-2024,
OPTIDX,NIFTY,16-May-2024,20350.0,CE,2169.75,2172.7,2146.65,2163.3,2163.3,20,112.56,500,500,06-MAY-2024,
OPTIDX,NIFTY,16-May-2024,20400.0,CE,2119.95,2122.9,2087.15,2112.9,2112.9,20,112.56,500,500,06-MAY-2024,
OPTIDX,NIFTY,16-May-2024,20450.0,CE,2056.05,2073.15,2046.65,2061.5,2061.5,20,112.55,500,500,06-MAY-2024,
OPTIDX,NIFTY,16-May-2024,20500.0,CE,2019.5,2023.35,1990.5,1999.15,1999.15,322,1811.2,7450,7350,06-MAY-2024,
OPTIDX,NIFTY,16-May-2024,20550.0,CE,1963.25,1973.6,1945.6,1962.65,1962.65,22,123.82,550,550,06-MAY-2024,
OPTIDX,NIFTY,16-May-2024,20600.0,CE,1943.2,1943.2,1913.95,1914.3,1914.3,12,67.55,300,300,06-MAY-2024,
OPTIDX,NIFTY,16-May-2024,20650.0,CE,1868.65,1871.2,1857.1,1858.3,1832.45,20,112.57,500,500,06-MAY-2024,
OPTIDX,NIFTY,16-May-2024,20700.0,CE,1843.95,1843.95,1800.0,1800.0,1800.0,46,258.77,1150,1150,06-MAY-2024,
OPTIDX,NIFTY,16-May-2024,20750.0,CE,1795.8,1795.8,1795.8,1795.8,1732.7,2,11.27,50,50,06-MAY-2024,
OPTIDX,NIFTY,16-May-2024,20800.0,CE,1720.65,1720.65,1720.65,1720.65,1682.8,2,11.26,100,50,06-MAY-2024,
OPTIDX,NIFTY,16-May-2024,20850.0,CE,1669.2,1669.2,1669.2,1669.2,1632.95,2,11.25,50,50,06-MAY-2024,
OPTIDX,NIFTY,16-May-2024,20900.0,CE,1620.0,1620.0,1620.0,1620.0,1583.1,2,11.26,50,50,06-MAY-2024,
OPTIDX,NIFTY,16-May-2024,20950.0,CE,1570.0,1570.0,1570.0,1570.0,1533.25,2,11.26,50,50,06-MAY-2024,
OPTIDX,NIFTY,16-May-2024,21000.0,CE,1523.0,1530.0,1475.0,1502.85,1502.85,43,241.99,1225,1075,06-MAY-2024,
OPTIDX,NIFTY,16-May-2024,21050.0,CE,1470.8,1472.55,1466.75,1466.95,1433.65,10,56.29,250,250,06-MAY-2024,
OPTIDX,NIFTY,16-May-2024,21100.0,CE,1416.6,1416.6,1416.6,1416.6,1383.9,1,5.62,25,25,06-MAY-2024,
OPTIDX,NIFTY,16-May-2024,21150.0,CE,1371.4,1396.1,1371.4,1395.05,1334.2,6,33.8,150,150,06-MAY-2024,
OPTIDX,NIFTY,16-May-2024,21200.0,CE,1322.3,1322.3,1322.3,1322.3,1284.6,2,11.26,50,50,06-MAY-2024,
OPTIDX,NIFTY,16-May-2024,21250.0,CE,1274.45,1298.9,1273.9,1298.9,1235.05,6,33.8,150,150,06-MAY-2024,
OPTIDX,NIFTY,16-May-2024,21300.0,CE,1224.7,1251.7,1224.7,1248.55,1185.65,7,39.45,175,175,06-MAY-2024,
OPTIDX,NIFTY,16-May-2024,21350.0,CE,1175.65,1202.0,1175.65,1200.6,1136.4,11,62.0,275,275,06-MAY-2024,
OPTIDX,NIFTY,16-May-2024,21400.0,CE,1111.2,1151.7,1111.2,1151.7,1087.3,14,78.88,350,350,06-MAY-2024,
OPTIDX,NIFTY,16-May-2024,21450.0,CE,1077.15,1077.15,1077.15,1077.15,1038.45,1,5.63,25,25,06-MAY-2024,
OPTIDX,NIFTY,16-May-2024,21500.0,CE,1100.0,1141.0,990.0,1015.35,1015.35,116,653.27,3625,2700,06-MAY-2024,
OPTIDX,NIFTY,16-May-2024,21550.0,CE,965.0,985.0,965.0,985.0,941.65,4,22.52,100,50,06-MAY-2024,
OPTIDX,NIFTY,16-May-2024,21600.0,CE,960.0,1006.95,896.7,896.7,893.85,12,67.6,600,250,06-MAY-2024,
OPTIDX,NIFTY,16-May-2024,21650.0,CE,886.7,886.7,886.7,886.7,846.45,1,5.63,75,25,06-MAY-2024,
OPTIDX,NIFTY,16-May-2024,21700.0,CE,850.2,850.2,828.2,829.2,829.2,18,101.39,575,450,06-MAY-2024,
OPTIDX,NIFTY,16-May-2024,21750.0,CE,815.0,815.0,810.0,815.0,753.45,6,33.84,275,125,06-MAY-2024,
OPTIDX,NIFTY,16-May-2024,21800.0,CE,744.9,799.9,729.55,760.35,708.0,65,366.49,1875,1125,06-MAY-2024,
OPTIDX,NIFTY,16-May-2024,21850.0,CE,785.0,785.0,681.65,694.75,694.75,46,259.54,5525,-100,06-MAY-2024,
OPTIDX,NIFTY,16-May-2024,21900.0,CE,717.0,717.0,645.95,649.85,649.85,51,287.71,1725,700,06-MAY-2024,
OPTIDX,NIFTY,16-May-2024,21950.0,CE,605.45,608.1,578.7,584.3,577.05,11,61.99,1375,125,06-MAY-2024,
OPTIDX,NIFTY,16-May-2024,22000.0,CE,625.0,680.0,530.45,555.5,555.5,5878,33194.2,78800,24450,06-MAY-2024,
OPTIDX,NIFTY,16-May-2024,22050.0,CE,599.95,621.6,492.6,517.4,517.4,304,1716.24,1675,1475,06-MAY-2024,
OPTIDX,NIFTY,16-May-2024,22100.0,CE,559.05,588.05,450.45,477.3,477.3,1210,6833.43,20750,13675,06-MAY-2024,
OPTIDX,NIFTY,16-May-2024,22150.0,CE,507.3,546.75,413.4,440.55,440.55,582,3290.54,6225,4725,06-MAY-2024,
OPTIDX,NIFTY,16-May-2024,22200.0,CE,471.55,506.4,374.5,400.85,400.85,4377,24755.05,28325,3225,06-MAY-2024,
OPTIDX,NIFTY,16-May-2024,22250.0,CE,430.55,467.1,340.9,363.8,363.8,1141,6457.52,14800,7325,06-MAY-2024,
OPTIDX,NIFTY,16-May-2024,22300.0,CE,399.75,427.05,305.0,329.15,329.15,7619,43148.48,45775,10825,06-MAY-2024,
OPTIDX,NIFTY,16-May-2024,22350.0,CE,330.0,389.15,273.1,295.35,295.35,5934,33636.03,17325,-11825,06-MAY-2024,
OPTIDX,NIFTY,16-May-2024,22400.0,CE,315.0,355.0,243.0,263.9,263.9,52870,299777.59,376450,122900,06-MAY-2024,
OPTIDX,NIFTY,16-May-2024,22450.0,CE,290.0,320.0,214.35,234.9,234.9,26599,150973.73,107025,55375,06-MAY-2024,
OPTIDX,NIFTY,16-May-2024,22500.0,CE,261.65,286.8,188.65,206.45,206.45,133226,756913.03,619925,154675,06-MAY-2024,
OPTIDX,NIFTY,16-May-2024,22550.0,CE,232.05,256.3,164.5,180.7,180.7,33601,191135.33,103050,52800,06-MAY-2024,
OPTIDX,NIFTY,16-May-2024,22600.0,CE,205.0,226.0,141.5,155.65,155.65,92124,524597.24,457025,8000,06-MAY-2024,
OPTIDX,NIFTY,16-May-2024,22650.0,CE,177.5,199.2,122.0,134.5,134.5,23196,132242.42,121275,42350,06-MAY-2024,
OPTIDX,NIFTY,16-May-2024,22700.0,CE,160.1,174.3,103.0,114.5,114.5,74260,423878.42,426375,56650,06-MAY-2024,
OPTIDX,NIFTY,16-May-2024,22750.0,CE,132.25,150.8,87.1,96.9,96.9,24593,140561.93,124025,17700,06-MAY-2024,
OPTIDX,NIFTY,16-May-2024,22800.0,CE,125.0,129.9,73.0,81.45,81.45,80015,457985.7,479350,106850,06-MAY-2024,
OPTIDX,NIFTY,16-May-2024,22850.0,CE,97.3,110.6,60.6,67.75,67.75,26376,151208.43,98025,31475,06-MAY-2024,
OPTIDX,NIFTY,16-May-2024,22900.0,CE,79.95,93.1,49.6,56.2,56.2,54246,311454.16,294000,97575,06-MAY-2024,
OPTIDX,NIFTY,16-May-2024,22950.0,CE,66.65,77.6,40.8,46.0,46.0,21086,121267.16,109725,43625,06-MAY-2024,
OPTIDX,NIFTY,16-May-2024,23000.0,CE,56.7,64.7,33.4,37.55,37.55,106200,611829.73,707725,214950,06-MAY-2024,
OPTIDX,NIFTY,16-May-2024,23050.0,CE,45.5,53.4,26.8,30.3,30.3,24533,141599.26,131975,58300,06-MAY-2024,
OPTIDX,NIFTY,16-May-2024,23100.0,CE,40.0,43.8,21.4,24.4,24.4,79032,456977.56,534775,251500,06-MAY-2024,
OPTIDX,NIFTY,16-May-2024,23150.0,CE,30.05,35.35,17.0,19.1,19.1,33849,196095.58,244775,109875,06-MAY-2024,
OPTIDX,NIFTY,16-May-2024,23200.0,CE,24.4,30.0,13.9,15.6,15.6,45228,262534.67,451600,65875,06-MAY-2024,
OPTIDX,NIFTY,16-May-2024,23250.0,CE,21.05,23.4,11.15,12.55,12.55,21268,123697.11,113550,17400,06-MAY-2024,
OPTIDX,NIFTY,16-May-2024,23300.0,CE,15.65,18.6,9.15,10.15,10.15,57609,335756.18,369050,37850,06-MAY-2024,
OPTIDX,NIFTY,16-May-2024,23350.0,CE,15.1,15.15,7.65,8.0,8.0,16571,96774.54,143650,85525,06-MAY-2024,
OPTIDX,NIFTY,16-May-2024,23400.0,CE,18.75,18.85,6.35,6.75,6.75,25333,148252.21,169650,20450,06-MAY-2024,
OPTIDX,NIFTY,16-May-2024,23450.0,CE,8.95,10.0,5.3,5.5,5.5,11988,70299.96,76225,23775,06-MAY-2024,
OPTIDX,NIFTY,16-May-2024,23500.0,CE,8.85,9.1,4.8,5.05,5.05,42291,248525.67,385350,67825,06-MAY-2024,
OPTIDX,NIFTY,16-May-2024,23550.0,CE,7.5,7.95,4.2,4.35,4.35,3907,23007.48,23150,5300,06-MAY-2024,
OPTIDX,NIFTY,16-May-2024,23600.0,CE,6.15,7.45,3.6,3.8,3.8,10485,61872.9,115275,4775,06-MAY-2024,
OPTIDX,NIFTY,16-May-2024,23650.0,CE,5.75,6.4,3.3,3.65,3.65,1535,9077.26,24725,1525,06-MAY-2024,
OPTIDX,NIFTY,16-May-2024,23700.0,CE,5.7,9.8,3.0,3.3,3.3,6100,36148.36,46475,-6950,06-MAY-2024,
OPTIDX,NIFTY,16-May-2024,23750.0,CE,4.75,8.15,2.8,3.2,3.2,1193,7084.5,10475,5125,06-MAY-2024,
OPTIDX,NIFTY,16-May-2024,23800.0,CE,4.25,4.4,2.7,3.05,3.05,3607,21464.51,49325,12300,06-MAY-2024,
OPTIDX,NIFTY,16-May-2024,23850.0,CE,4.05,4.05,2.75,3.15,3.15,665,3965.56,9300,7750,06-MAY-2024,
OPTIDX,NIFTY,16-May-2024,23900.0,CE,4.3,4.3,2.4,3.0,3.0,1870,11174.65,19275,-50,06-MAY-2024,
OPTIDX,NIFTY,16-May-2024,23950.0,CE,3.85,5.85,2.7,3.0,3.0,228,1365.32,2450,-750,06-MAY-2024,
OPTIDX,NIFTY,16-May-2024,24000.0,CE,3.9,3.95,2.45,2.85,2.85,6100,36604.39,94550,24050,06-MAY-2024,
OPTIDX,NIFTY,16-May-2024,24050.0,CE,3.45,4.35,2.55,2.85,2.85,69,414.91,1475,-125,06-MAY-2024,
OPTIDX,NIFTY,16-May-2024,24100.0,CE,3.4,4.6,2.2,2.55,2.55,547,3296.06,5875,1550,06-MAY-2024,
OPTIDX,NIFTY,16-May-2024,24150.0,CE,2.85,2.85,2.5,2.5,0.2,65,392.48,300,-1450,06-MAY-2024,
OPTIDX,NIFTY,16-May-2024,24200.0,CE,3.2,4.4,2.3,2.65,2.65,1238,7490.7,13625,7825,06-MAY-2024,
OPTIDX,NIFTY,16-May-2024,24250.0,CE,3.0,3.8,2.15,2.7,2.7,112,679.08,3450,1150,06-MAY-2024,
OPTIDX,NIFTY,16-May-2024,24300.0,CE,3.1,3.25,2.0,2.6,2.6,395,2399.87,8500,-975,06-MAY-2024,
OPTIDX,NIFTY,16-May-2024,24350.0,CE,2.4,3.15,2.3,2.6,0.05,72,438.34,7200,250,06-MAY-2024,
OPTIDX,NIFTY,16-May-2024,24400.0,CE,3.1,3.25,2.15,2.5,2.5,392,2391.44,22950,1275,06-MAY-2024,
OPTIDX,NIFTY,16-May-2024,24450.0,CE,2.9,5.6,2.3,2.65,2.65,425,2598.13,13450,5075,06-MAY-2024,
OPTIDX,NIFTY,16-May-2024,24500.0,CE,2.95,2.95,2.0,2.4,2.4,6427,39369.03,101625,45300,06-MAY-2024,
OPTIDX,NIFTY,16-May-2024,20250.0,PE,2.45,4.8,1.65,1.85,1.85,1583,8014.84,11700,6700,06-MAY-2024,
OPTIDX,NIFTY,16-May-2024,20300.0,PE,2.6,2.8,1.8,2.8,0.0,35,177.64,625,625,06-MAY-2024,
OPTIDX,NIFTY,16-May-2024,20350.0,PE,2.6,2.65,1.95,2.1,2.1,98,498.63,925,925,06-MAY-2024,
OPTIDX,NIFTY,16-May-2024,20400.0,PE,2.3,3.0,1.95,2.1,2.1,271,1382.25,825,825,06-MAY-2024,
OPTIDX,NIFTY,16-May-2024,20450.0,PE,2.25,2.8,2.15,2.8,0.0,64,327.24,1525,1525,06-MAY-2024,
OPTIDX,NIFTY,16-May-2024,20500.0,PE,2.45,3.25,2.05,2.25,2.25,2846,14587.54,85175,16675,06-MAY-2024,
OPTIDX,NIFTY,16-May-2024,20550.0,PE,2.35,3.1,2.1,2.25,2.25,56,287.73,525,525,06-MAY-2024,
OPTIDX,NIFTY,16-May-2024,20600.0,PE,2.5,3.4,2.2,2.45,2.45,507,2611.39,3150,3150,06-MAY-2024,
OPTIDX,NIFTY,16-May-2024,20650.0,PE,2.4,2.45,2.4,2.45,2.45,4,20.65,100,100,06-MAY-2024,
OPTIDX,NIFTY,16-May-2024,20700.0,PE,2.6,2.6,2.6,2.6,2.6,1,5.17,25,25,06-MAY-2024,
OPTIDX,NIFTY,16-May-2024,20750.0,PE,0.0,0.0,0.0,4.45,0.05,0,0.0,0,0,06-MAY-2024,
OPTIDX,NIFTY,16-May-2024,20800.0,PE,0.0,0.0,0.0,5.2,0.1,0,0.0,0,0,06-MAY-2024,
OPTIDX,NIFTY,16-May-2024,20850.0,PE,0.0,0.0,0.0,6.05,0.1,0,0.0,0,0,06-MAY-2024,
OPTIDX,NIFTY,16-May-2024,20900.0,PE,3.3,3.85,3.05,3.4,3.4,278,1452.78,4550,4350,06-MAY-2024,
OPTIDX,NIFTY,16-May-2024,20950.0,PE,3.4,3.4,3.4,3.4,3.4,11,57.62,125,-275,06-MAY-2024,
OPTIDX,NIFTY,16-May-2024,21000.0,PE,4.65,5.65,3.5,4.0,4.0,11465,60204.21,178450,28650,06-MAY-2024,
OPTIDX,NIFTY,16-May-2024,21050.0,PE,5.9,7.75,3.35,4.2,4.2,651,3426.68,3850,2150,06-MAY-2024,
OPTIDX,NIFTY,16-May-2024,21100.0,PE,5.25,6.75,4.05,4.3,4.3,2578,13602.38,16275,15125,06-MAY-2024,
OPTIDX,NIFTY,16-May-2024,21150.0,PE,4.75,5.05,4.5,4.85,4.85,158,835.61,2725,2350,06-MAY-2024,
OPTIDX,NIFTY,16-May-2024,21200.0,PE,6.0,8.1,4.85,5.25,5.25,4200,22266.29,34950,19025,06-MAY-2024,
OPTIDX,NIFTY,16-May-2024,21250.0,PE,6.4,9.05,5.35,5.95,5.95,1908,10139.58,11975,7525,06-MAY-2024,
OPTIDX,NIFTY,16-May-2024,21300.0,PE,6.8,9.95,4.7,7.05,7.05,7911,42141.31,80550,24700,06-MAY-2024,
OPTIDX,NIFTY,16-May-2024,21350.0,PE,6.65,11.2,5.5,7.55,7.55,3570,19062.32,37075,30025,06-MAY-2024,
OPTIDX,NIFTY,16-May-2024,21400.0,PE,7.8,12.65,5.65,9.35,9.35,15680,83926.57,114475,60125,06-MAY-2024,
OPTIDX,NIFTY,16-May-2024,21450.0,PE,8.4,16.9,7.35,10.7,10.7,2709,14534.58,14975,11375,06-MAY-2024,
OPTIDX,NIFTY,16-May-2024,21500.0,PE,8.8,16.95,6.9,12.8,12.8,20745,111570.19,270025,69975,06-MAY-2024,
OPTIDX,NIFTY,16-May-2024,21550.0,PE,9.8,19.0,9.75,14.65,14.65,3133,16890.37,30375,15525,06-MAY-2024,
OPTIDX,NIFTY,16-May-2024,21600.0,PE,9.8,22.2,9.0,17.35,17.35,31591,170728.63,210825,108850,06-MAY-2024,
OPTIDX,NIFTY,16-May-2024,21650.0,PE,10.4,25.0,10.4,19.65,19.65,4672,25309.56,27075,4650,06-MAY-2024,
OPTIDX,NIFTY,16-May-2024,21700.0,PE,14.8,29.6,11.35,22.95,22.95,28385,154153.11,246825,90750,06-MAY-2024,
OPTIDX,NIFTY,16-May-2024,21750.0,PE,20.0,33.3,14.85,26.25,26.25,10912,59404.68,140275,98225,06-MAY-2024,
OPTIDX,NIFTY,16-May-2024,21800.0,PE,22.0,38.7,19.3,30.8,30.8,40791,222623.98,399750,102200,06-MAY-2024,
OPTIDX,NIFTY,16-May-2024,21850.0,PE,29.75,44.15,22.45,36.1,36.1,7996,43747.5,68100,20000,06-MAY-2024,
OPTIDX,NIFTY,16-May-2024,21900.0,PE,27.5,51.55,25.4,41.65,41.65,38867,213188.02,228650,109100,06-MAY-2024,
OPTIDX,NIFTY,16-May-2024,21950.0,PE,30.75,58.4,29.6,47.95,47.95,14450,79459.75,76975,45400,06-MAY-2024,
OPTIDX,NIFTY,16-May-2024,22000.0,PE,50.0,66.8,34.15,55.4,55.4,93158,513574.9,807200,375250,06-MAY-2024,
OPTIDX,NIFTY,16-May-2024,22050.0,PE,45.65,75.7,39.5,63.5,63.5,13755,76030.29,71975,32900,06-MAY-2024,
OPTIDX,NIFTY,16-May-2024,22100.0,PE,65.0,87.0,45.65,72.55,72.55,44982,249319.45,337875,146775,06-MAY-2024,
OPTIDX,NIFTY,16-May-2024,22150.0,PE,68.35,97.85,52.4,82.8,82.8,18296,101664.19,59475,19225,06-MAY-2024,
OPTIDX,NIFTY,16-May-2024,22200.0,PE,67.05,110.9,60.0,94.25,94.25,77261,430512.63,488100,84275,06-MAY-2024,
OPTIDX,NIFTY,16-May-2024,22250.0,PE,76.15,125.15,69.45,107.7,107.7,23796,132961.01,70650,20575,06-MAY-2024,
OPTIDX,NIFTY,16-May-2024,22300.0,PE,95.0,142.35,78.9,122.1,122.1,58637,328586.31,294350,68725,06-MAY-2024,
OPTIDX,NIFTY,16-May-2024,22350.0,PE,125.0,160.05,92.5,139.35,139.35,21179,119031.93,59725,13450,06-MAY-2024,
OPTIDX,NIFTY,16-May-2024,22400.0,PE,119.25,180.45,105.2,156.45,156.45,94099,530520.13,439000,199875,06-MAY-2024,
OPTIDX,NIFTY,16-May-2024,22450.0,PE,157.0,202.1,120.6,176.9,176.9,41207,233009.44,99700,45900,06-MAY-2024,
OPTIDX,NIFTY,16-May-2024,22500.0,PE,150.0,225.7,137.65,199.5,199.5,140892,799094.8,661000,162975,06-MAY-2024,
OPTIDX,NIFTY,16-May-2024,22550.0,PE,186.95,248.7,156.1,221.95,221.95,32560,185242.02,55775,13875,06-MAY-2024,
OPTIDX,NIFTY,16-May-2024,22600.0,PE,199.75,275.85,176.6,248.15,248.15,65924,376215.61,330450,-22950,06-MAY-2024,
OPTIDX,NIFTY,16-May-2024,22650.0,PE,210.15,305.4,199.5,276.05,276.05,13612,77902.95,52400,20375,06-MAY-2024,
OPTIDX,NIFTY,16-May-2024,22700.0,PE,240.05,337.0,224.65,305.65,305.65,22071,126830.78,178175,450,06-MAY-2024,
OPTIDX,NIFTY,16-May-2024,22750.0,PE,270.0,368.35,251.75,340.2,340.2,3941,22716.31,28800,-250,06-MAY-2024,
OPTIDX,NIFTY,16-May-2024,22800.0,PE,300.0,404.0,280.5,372.35,372.35,10881,62988.17,91025,-6900,06-MAY-2024,
OPTIDX,NIFTY,16-May-2024,22850.0,PE,331.95,440.45,312.4,407.25,407.25,1826,10605.93,12675,-275,06-MAY-2024,
OPTIDX,NIFTY,16-May-2024,22900.0,PE,373.0,478.7,344.9,444.7,444.7,2264,13197.72,38700,1850,06-MAY-2024,
OPTIDX,NIFTY,16-May-2024,22950.0,PE,398.95,520.5,381.65,485.75,485.75,714,4178.86,3600,-350,06-MAY-2024,
OPTIDX,NIFTY,16-May-2024,23000.0,PE,441.05,563.5,416.0,526.65,526.65,7300,42892.28,45325,4300,06-MAY-2024,
OPTIDX,NIFTY,16-May-2024,23050.0,PE,489.15,596.3,463.25,568.45,568.45,198,1167.79,1925,1125,06-MAY-2024,
OPTIDX,NIFTY,16-May-2024,23100.0,PE,523.0,651.15,496.65,611.9,611.9,501,2966.03,5625,3875,06-MAY-2024,
OPTIDX,NIFTY,16-May-2024,23150.0,PE,554.7,680.0,553.4,666.35,666.35,21,124.84,1325,350,06-MAY-2024,
OPTIDX,NIFTY,16-May-2024,23200.0,PE,691.15,709.15,632.05,699.35,699.35,67,399.78,4450,650,06-MAY-2024,
OPTIDX,NIFTY,16-May-2024,23250.0,PE,732.0,742.95,726.7,742.95,781.85,3,17.98,350,25,06-MAY-2024,
OPTIDX,NIFTY,16-May-2024,23300.0,PE,788.0,825.0,788.0,825.0,828.2,2,12.05,975,-25,06-MAY-2024,
OPTIDX,NIFTY,16-May-2024,23350.0,PE,0.0,0.0,0.0,661.3,875.15,0,0.0,0,0,06-MAY-2024,
OPTIDX,NIFTY,16-May-2024,23400.0,PE,790.75,908.95,790.75,880.0,922.55,32,194.09,1475,125,06-MAY-2024,
OPTIDX,NIFTY,16-May-2024,23450.0,PE,928.35,944.75,928.35,940.9,940.9,12,73.17,300,300,06-MAY-2024,
OPTIDX,NIFTY,16-May-2024,23500.0,PE,978.65,979.65,977.8,978.0,1018.65,12,73.43,350,300,06-MAY-2024,
OPTIDX,NIFTY,16-May-2024,23550.0,PE,1047.4,1049.15,1047.0,1048.85,1067.2,9,55.34,225,225,06-MAY-2024,
OPTIDX,NIFTY,16-May-2024,23600.0,PE,1090.9,1096.0,1090.9,1096.0,1116.0,2,12.34,50,50,06-MAY-2024,
OPTIDX,NIFTY,16-May-2024,23650.0,PE,1146.2,1146.2,1145.65,1145.65,1165.0,3,18.59,75,75,06-MAY-2024,
OPTIDX,NIFTY,16-May-2024,23700.0,PE,1195.75,1195.75,1158.55,1163.65,1214.2,12,74.6,300,300,06-MAY-2024,
OPTIDX,NIFTY,16-May-2024,23750.0,PE,1245.3,1245.4,1245.3,1245.4,1263.55,3,18.74,75,75,06-MAY-2024,
OPTIDX,NIFTY,16-May-2024,23800.0,PE,1294.5,1294.5,1285.25,1286.45,1286.45,9,56.44,225,225,06-MAY-2024,
OPTIDX,NIFTY,16-May-2024,23850.0,PE,1346.4,1346.4,1346.4,1346.4,1362.55,1,6.29,25,25,06-MAY-2024,
OPTIDX,NIFTY,16-May-2024,23900.0,PE,1394.8,1394.8,1394.8,1394.8,1412.2,1,6.32,25,25,06-MAY-2024,
OPTIDX,NIFTY,16-May-2024,23950.0,PE,1440.75,1444.5,1440.75,1444.5,1461.9,2,12.69,50,50,06-MAY-2024,
OPTIDX,NIFTY,16-May-2024,24000.0,PE,1489.9,1489.9,1489.9,1489.9,1511.6,2,12.74,50,50,06-MAY-2024,
OPTIDX,NIFTY,16-May-2024,24050.0,PE,1524.75,1524.75,1524.75,1524.75,1561.4,1,6.39,25,25,06-MAY-2024,
OPTIDX,NIFTY,16-May-2024,24100.0,PE,1576.15,1580.9,1573.55,1577.65,1611.2,22,141.22,550,550,06-MAY-2024,
OPTIDX,NIFTY,16-May-2024,24150.0,PE,1625.2,1630.7,1623.35,1625.2,1661.05,22,141.77,550,550,06-MAY-2024,
OPTIDX,NIFTY,16-May-2024,24200.0,PE,1675.75,1677.9,1668.9,1672.55,1710.9,20,129.37,500,500,06-MAY-2024,
OPTIDX,NIFTY,16-May-2024,24250.0,PE,1724.8,1735.25,1722.4,1735.2,1760.75,22,142.88,550,550,06-MAY-2024,
OPTIDX,NIFTY,16-May-2024,24300.0,PE,1777.6,1777.6,1774.55,1774.55,1810.65,6,39.11,150,150,06-MAY-2024,
OPTIDX,NIFTY,16-May-2024,24350.0,PE,1828.45,1828.45,1821.9,1822.5,1860.5,6,39.26,150,150,06-MAY-2024,
OPTIDX,NIFTY,16-May-2024,24400.0,PE,1871.7,1884.75,1871.7,1884.75,1910.4,6,39.41,150,150,06-MAY-2024,
OPTIDX,NIFTY,16-May-2024,24450.0,PE,1921.55,1946.6,1921.55,1945.4,1945.4,10,65.97,250,250,06-MAY-2024,
OPTIDX,NIFTY,16-May-2024,24500.0,PE,1971.25,1996.3,1971.25,1992.85,1992.85,8,52.97,300,200,06-MAY-2024,
OPTIDX,NIFTY,23-May-2024,20250.0,CE,0.0,0.0,0.0,1894.65,2258.95,0,0.0,0,0,06-MAY-2024,
OPTIDX,NIFTY,23-May-2024,20300.0,CE,0.0,0.0,0.0,1846.25,2209.15,0,0.0,0,0,06-MAY-2024,
OPTIDX,NIFTY,23-May-2024,20350.0,CE,0.0,0.0,0.0,2120.0,2159.35,0,0.0,100,0,06-MAY-2024,
OPTIDX,NIFTY,23-May-2024,20400.0,CE,0.0,0.0,0.0,1750.0,2109.55,0,0.0,0,0,06-MAY-2024,
OPTIDX,NIFTY,23-May-2024,20450.0,CE,0.0,0.0,0.0,1702.2,2059.75,0,0.0,0,0,06-MAY-2024,
OPTIDX,NIFTY,23-May-2024,20500.0,CE,0.0,0.0,0.0,1654.6,2009.95,0,0.0,0,0,06-MAY-2024,
OPTIDX,NIFTY,23-May-2024,20550.0,CE,0.0,0.0,0.0,1607.25,1960.2,0,0.0,0,0,06-MAY-2024,
OPTIDX,NIFTY,23-May-2024,20600.0,CE,0.0,0.0,0.0,1895.0,1910.45,0,0.0,150,0,06-MAY-2024,
OPTIDX,NIFTY,23-May-2024,20650.0,CE,0.0,0.0,0.0,1850.0,1860.7,0,0.0,50,0,06-MAY-2024,
OPTIDX,NIFTY,23-May-2024,20700.0,CE,0.0,0.0,0.0,1467.0,1811.05,0,0.0,0,0,06-MAY-2024,
OPTIDX,NIFTY,23-May-2024,20750.0,CE,0.0,0.0,0.0,1420.9,1761.4,0,0.0,0,0,06-MAY-2024,
OPTIDX,NIFTY,23-May-2024,20800.0,CE,0.0,0.0,0.0,1375.2,1711.8,0,0.0,0,0,06-MAY-2024,
OPTIDX,NIFTY,23-May-2024,20850.0,CE,0.0,0.0,0.0,1329.9,1662.25,0,0.0,0,0,06-MAY-2024,
OPTIDX,NIFTY,23-May-2024,20900.0,CE,0.0,0.0,0.0,1285.0,1612.75,0,0.0,0,0,06-MAY-2024,
OPTIDX,NIFTY,23-May-2024,20950.0,CE,0.0,0.0,0.0,1240.65,1563.4,0,0.0,0,0,06-MAY-2024,
OPTIDX,NIFTY,23-May-2024,21000.0,CE,0.0,0.0,0.0,1196.75,1514.1,0,0.0,0,0,06-MAY-2024,
OPTIDX,NIFTY,23-May-2024,21050.0,CE,0.0,0.0,0.0,1153.35,1464.95,0,0.0,0,0,06-MAY-2024,
OPTIDX,NIFTY,23-May-2024,21100.0,CE,0.0,0.0,0.0,1110.55,1415.95,0,0.0,0,0,06-MAY-2024,
OPTIDX,NIFTY,23-May-2024,21150.0,CE,0.0,0.0,0.0,1068.35,1367.1,0,0.0,0,0,06-MAY-2024,
OPTIDX,NIFTY,23-May-2024,21200.0,CE,0.0,0.0,0.0,1026.8,1318.5,0,0.0,0,0,06-MAY-2024,
OPTIDX,NIFTY,23-May-2024,21250.0,CE,0.0,0.0,0.0,985.85,1270.1,0,0.0,0,0,06-MAY-2024,
OPTIDX,NIFTY,23-May-2024,21300.0,CE,0.0,0.0,0.0,945.65,1221.95,0,0.0,0,0,06-MAY-2024,
OPTIDX,NIFTY,23-May-2024,21350.0,CE,0.0,0.0,0.0,906.15,1174.15,0,0.0,0,0,06-MAY-2024,
OPTIDX,NIFTY,23-May-2024,21400.0,CE,0.0,0.0,0.0,867.35,1126.65,0,0.0,0,0,06-MAY-2024,
OPTIDX,NIFTY,23-May-2024,21450.0,CE,0.0,0.0,0.0,829.4,1079.6,0,0.0,0,0,06-MAY-2024,
OPTIDX,NIFTY,23-May-2024,21500.0,CE,0.0,0.0,0.0,793.05,1032.95,0,0.0,0,0,06-MAY-2024,
OPTIDX,NIFTY,23-May-2024,21550.0,CE,0.0,0.0,0.0,755.7,986.85,0,0.0,0,0,06-MAY-2024,
OPTIDX,NIFTY,23-May-2024,21600.0,CE,0.0,0.0,0.0,720.25,941.25,0,0.0,0,0,06-MAY-2024,
OPTIDX,NIFTY,23-May-2024,21650.0,CE,995.6,995.6,995.6,995.6,896.3,1,5.66,25,0,06-MAY-2024,
OPTIDX,NIFTY,23-May-2024,21700.0,CE,0.0,0.0,0.0,652.0,852.0,0,0.0,0,0,06-MAY-2024,
OPTIDX,NIFTY,23-May-2024,21750.0,CE,0.0,0.0,0.0,619.25,808.45,0,0.0,0,0,06-MAY-2024,
OPTIDX,NIFTY,23-May-2024,21800.0,CE,850.0,850.35,767.0,767.0,765.75,16,90.52,6300,300,06-MAY-2024,
OPTIDX,NIFTY,23-May-2024,21850.0,CE,0.0,0.0,0.0,556.65,723.85,0,0.0,0,0,06-MAY-2024,
OPTIDX,NIFTY,23-May-2024,21900.0,CE,770.0,810.0,677.95,705.35,705.35,285,1612.92,6825,2025,06-MAY-2024,
OPTIDX,NIFTY,23-May-2024,21950.0,CE,0.0,0.0,0.0,672.25,642.95,0,0.0,25,0,06-MAY-2024,
OPTIDX,NIFTY,23-May-2024,22000.0,CE,677.25,712.1,600.0,622.85,622.85,328,1856.99,5300,1275,06-MAY-2024,
OPTIDX,NIFTY,23-May-2024,22050.0,CE,651.0,651.0,568.7,584.85,584.85,55,311.36,850,825,06-MAY-2024,
OPTIDX,NIFTY,23-May-2024,22100.0,CE,603.8,626.1,520.25,546.4,546.4,403,2284.27,7925,2650,06-MAY-2024,
OPTIDX,NIFTY,23-May-2024,22150.0,CE,506.3,506.3,495.1,500.45,500.45,4,22.65,2225,25,06-MAY-2024,
OPTIDX,NIFTY,23-May-2024,22200.0,CE,523.8,558.9,450.0,475.95,475.95,430,2439.23,8625,850,06-MAY-2024,
OPTIDX,NIFTY,23-May-2024,22250.0,CE,488.0,528.85,425.85,439.55,439.55,26,147.59,550,125,06-MAY-2024,
OPTIDX,NIFTY,23-May-2024,22300.0,CE,456.2,486.45,383.7,402.25,402.25,892,5065.62,10125,2450,06-MAY-2024,
OPTIDX,NIFTY,23-May-2024,22350.0,CE,408.4,436.65,346.1,369.75,369.75,251,1426.71,1600,475,06-MAY-2024,
OPTIDX,NIFTY,23-May-2024,22400.0,CE,376.75,413.0,319.95,339.4,339.4,1669,9494.74,23725,3775,06-MAY-2024,
OPTIDX,NIFTY,23-May-2024,22450.0,CE,348.0,380.0,290.05,308.75,308.75,1864,10611.67,10300,4175,06-MAY-2024,
OPTIDX,NIFTY,23-May-2024,22500.0,CE,315.85,346.45,263.0,279.8,279.8,5038,28715.75,105325,3600,06-MAY-2024,
OPTIDX,NIFTY,23-May-2024,22550.0,CE,275.0,318.75,240.0,252.9,252.9,771,4399.33,8375,2575,06-MAY-2024,
OPTIDX,NIFTY,23-May-2024,22600.0,CE,232.55,287.3,212.8,227.5,227.5,5000,28551.0,64350,13775,06-MAY-2024,
OPTIDX,NIFTY,23-May-2024,22650.0,CE,232.05,257.95,190.0,202.9,202.9,780,4460.18,9475,2275,06-MAY-2024,
OPTIDX,NIFTY,23-May-2024,22700.0,CE,200.0,231.0,167.95,179.9,179.9,1888,10804.94,28000,5175,06-MAY-2024,
OPTIDX,NIFTY,23-May-2024,22750.0,CE,189.1,208.0,147.35,158.2,158.2,765,4385.13,14900,4925,06-MAY-2024,
OPTIDX,NIFTY,23-May-2024,22800.0,CE,177.1,185.0,130.0,139.3,139.3,2870,16468.51,42875,6075,06-MAY-2024,
OPTIDX,NIFTY,23-May-2024,22850.0,CE,145.0,160.0,112.0,121.1,121.1,654,3757.27,7225,4475,06-MAY-2024,
OPTIDX,NIFTY,23-May-2024,22900.0,CE,129.3,143.0,96.1,103.95,103.95,2039,11729.68,30875,11025,06-MAY-2024,
OPTIDX,NIFTY,23-May-2024,22950.0,CE,108.55,120.0,84.0,89.45,89.45,478,2753.99,5050,3300,06-MAY-2024,
OPTIDX,NIFTY,23-May-2024,23000.0,CE,95.95,107.05,70.45,75.9,75.9,8511,49118.99,86875,21150,06-MAY-2024,
OPTIDX,NIFTY,23-May-2024,23050.0,CE,79.3,89.5,59.4,63.7,63.7,431,2491.3,3750,1150,06-MAY-2024,
OPTIDX,NIFTY,23-May-2024,23100.0,CE,68.0,76.5,49.45,53.8,53.8,9754,56473.0,118975,33625,06-MAY-2024,
OPTIDX,NIFTY,23-May-2024,23150.0,CE,56.9,65.0,41.9,45.45,45.45,314,1821.11,4525,2075,06-MAY-2024,
OPTIDX,NIFTY,23-May-2024,23200.0,CE,47.3,55.25,35.0,37.75,37.75,6291,36553.33,59775,33600,06-MAY-2024,
OPTIDX,NIFTY,23-May-2024,23250.0,CE,40.6,49.55,29.4,31.4,31.4,1613,9389.86,23575,19375,06-MAY-2024,
OPTIDX,NIFTY,23-May-2024,23300.0,CE,33.3,38.25,23.8,25.65,25.65,8071,47072.06,98550,24375,06-MAY-2024,
OPTIDX,NIFTY,23-May-2024,23350.0,CE,27.95,30.0,20.15,22.05,22.05,566,3307.38,12200,6300,06-MAY-2024,
OPTIDX,NIFTY,23-May-2024,23400.0,CE,24.95,27.0,16.5,17.9,17.9,2715,15896.32,35050,11200,06-MAY-2024,
OPTIDX,NIFTY,23-May-2024,23450.0,CE,20.0,23.8,10.65,15.05,15.05,929,5450.17,4775,3450,06-MAY-2024,
OPTIDX,NIFTY,23-May-2024,23500.0,CE,16.4,19.0,11.95,13.05,13.05,8231,48387.54,102150,-8725,06-MAY-2024,
OPTIDX,NIFTY,23-May-2024,23550.0,CE,13.85,14.85,11.05,11.75,11.75,75,441.8,1975,1025,06-MAY-2024,
OPTIDX,NIFTY,23-May-2024,23600.0,CE,13.75,14.65,8.8,10.05,10.05,1651,9745.61,11625,2025,06-MAY-2024,
OPTIDX,NIFTY,23-May-2024,23650.0,CE,13.5,13.5,7.9,8.55,8.55,162,958.23,2350,1600,06-MAY-2024,
OPTIDX,NIFTY,23-May-2024,23700.0,CE,11.15,11.15,7.25,8.0,8.0,1888,11190.49,26350,-10850,06-MAY-2024,
OPTIDX,NIFTY,23-May-2024,23750.0,CE,10.55,10.55,7.3,7.3,7.3,74,439.53,1125,50,06-MAY-2024,
OPTIDX,NIFTY,23-May-2024,23800.0,CE,9.2,9.25,6.4,7.3,7.3,426,2535.47,9475,-675,06-MAY-2024,
OPTIDX,NIFTY,23-May-2024,23850.0,CE,9.25,9.3,6.35,7.15,7.15,52,310.15,1825,400,06-MAY-2024,
OPTIDX,NIFTY,23-May-2024,23900.0,CE,8.75,8.75,5.1,6.05,6.05,269,1607.72,3400,-800,06-MAY-2024,
OPTIDX,NIFTY,23-May-2024,23950.0,CE,11.7,11.7,6.0,6.55,6.55,59,353.36,2300,875,06-MAY-2024,
OPTIDX,NIFTY,23-May-2024,24000.0,CE,7.3,7.3,5.3,5.9,5.9,1469,8816.23,40925,2075,06-MAY-2024,
OPTIDX,NIFTY,23-May-2024,24050.0,CE,5.85,6.85,4.8,5.15,5.15,322,1936.44,2200,-4150,06-MAY-2024,
OPTIDX,NIFTY,23-May-2024,24100.0,CE,7.35,7.35,4.95,5.3,5.3,522,3145.9,11125,-200,06-MAY-2024,
OPTIDX,NIFTY,23-May-2024,24150.0,CE,0.0,0.0,0.0,6.7,2.85,0,0.0,1350,0,06-MAY-2024,
OPTIDX,NIFTY,23-May-2024,24200.0,CE,6.25,6.3,4.5,4.6,4.6,25,151.28,3100,0,06-MAY-2024,
OPTIDX,NIFTY,23-May-2024,24250.0,CE,5.5,5.95,4.2,5.3,5.3,154,933.82,3375,-700,06-MAY-2024,
OPTIDX,NIFTY,23-May-2024,24300.0,CE,6.2,6.2,4.2,5.1,5.1,55,334.19,9200,-50,06-MAY-2024,
OPTIDX,NIFTY,23-May-2024,24350.0,CE,5.0,6.45,4.85,5.65,5.65,49,298.35,1300,725,06-MAY-2024,
OPTIDX,NIFTY,23-May-2024,24400.0,CE,4.85,5.25,4.0,4.4,4.4,174,1061.6,5375,2500,06-MAY-2024,
OPTIDX,NIFTY,23-May-2024,20250.0,PE,0.0,0.0,0.0,7.95,0.05,0,0.0,0,0,06-MAY-2024,
OPTIDX,NIFTY,23-May-2024,20300.0,PE,0.0,0.0,0.0,9.2,0.1,0,0.0,0,0,06-MAY-2024,
OPTIDX,NIFTY,23-May-2024,20350.0,PE,0.0,0.0,0.0,3.35,0.1,0,0.0,25,0,06-MAY-2024,
OPTIDX,NIFTY,23-May-2024,20400.0,PE,0.0,0.0,0.0,12.25,0.15,0,0.0,0,0,06-MAY-2024,
OPTIDX,NIFTY,23-May-2024,20450.0,PE,0.0,0.0,0.0,14.05,0.2,0,0.0,0,0,06-MAY-2024,
OPTIDX,NIFTY,23-May-2024,20500.0,PE,5.0,6.75,4.25,5.75,5.75,402,2060.83,12600,2800,06-MAY-2024,
OPTIDX,NIFTY,23-May-2024,20550.0,PE,0.0,0.0,0.0,18.45,0.3,0,0.0,0,0,06-MAY-2024,
OPTIDX,NIFTY,23-May-2024,20600.0,PE,0.0,0.0,0.0,21.05,0.4,0,0.0,0,0,06-MAY-2024,
OPTIDX,NIFTY,23-May-2024,20650.0,PE,0.0,0.0,0.0,23.9,0.5,0,0.0,0,0,06-MAY-2024,
OPTIDX,NIFTY,23-May-2024,20700.0,PE,0.0,0.0,0.0,27.15,0.65,0,0.0,0,0,06-MAY-2024,
OPTIDX,NIFTY,23-May-2024,20750.0,PE,0.0,0.0,0.0,30.7,0.85,0,0.0,0,0,06-MAY-2024,
OPTIDX,NIFTY,23-May-2024,20800.0,PE,0.0,0.0,0.0,34.65,1.1,0,0.0,0,0,06-MAY-2024,
OPTIDX,NIFTY,23-May-2024,20850.0,PE,0.0,0.0,0.0,39.0,1.4,0,0.0,0,0,06-MAY-2024,
OPTIDX,NIFTY,23-May-2024,20900.0,PE,0.0,0.0,0.0,43.8,1.75,0,0.0,0,0,06-MAY-2024,
OPTIDX,NIFTY,23-May-2024,20950.0,PE,0.0,0.0,0.0,49.05,2.2,0,0.0,0,0,06-MAY-2024,
OPTIDX,NIFTY,23-May-2024,21000.0,PE,6.8,12.5,6.65,10.15,10.15,2435,12789.65,62725,1275,06-MAY-2024,
OPTIDX,NIFTY,23-May-2024,21050.0,PE,0.0,0.0,0.0,61.1,3.45,0,0.0,0,0,06-MAY-2024,
OPTIDX,NIFTY,23-May-2024,21100.0,PE,9.5,16.45,9.5,11.85,11.85,279,1472.59,7475,2600,06-MAY-2024,
OPTIDX,NIFTY,23-May-2024,21150.0,PE,11.1,16.15,11.1,14.1,14.1,25,132.27,500,500,06-MAY-2024,
OPTIDX,NIFTY,23-May-2024,21200.0,PE,16.5,19.0,12.85,15.9,15.9,329,1745.0,7875,1875,06-MAY-2024,
OPTIDX,NIFTY,23-May-2024,21250.0,PE,18.55,21.1,16.05,18.75,18.75,96,510.45,1475,1275,06-MAY-2024,
OPTIDX,NIFTY,23-May-2024,21300.0,PE,15.35,24.05,15.15,21.4,21.4,804,4285.51,34575,2050,06-MAY-2024,
OPTIDX,NIFTY,23-May-2024,21350.0,PE,20.0,26.9,18.65,22.75,22.75,221,1180.89,2575,2525,06-MAY-2024,
OPTIDX,NIFTY,23-May-2024,21400.0,PE,20.0,30.8,16.75,26.55,26.55,583,3122.76,16875,5900,06-MAY-2024,
OPTIDX,NIFTY,23-May-2024,21450.0,PE,20.95,33.9,20.9,27.95,27.95,250,1342.3,3275,2200,06-MAY-2024,
OPTIDX,NIFTY,23-May-2024,21500.0,PE,26.0,38.65,21.7,33.15,33.15,1344,7234.38,89725,6600,06-MAY-2024,
OPTIDX,NIFTY,23-May-2024,21550.0,PE,27.25,41.6,24.4,36.6,36.6,501,2703.38,3200,2225,06-MAY-2024,
OPTIDX,NIFTY,23-May-2024,21600.0,PE,28.7,46.8,26.5,40.05,40.05,2485,13442.06,49425,13725,06-MAY-2024,
OPTIDX,NIFTY,23-May-2024,21650.0,PE,34.75,52.6,33.8,44.7,44.7,505,2738.58,8175,7625,06-MAY-2024,
OPTIDX,NIFTY,23-May-2024,21700.0,PE,36.2,57.2,30.1,49.55,49.55,3124,16985.1,38550,13675,06-MAY-2024,
OPTIDX,NIFTY,23-May-2024,21750.0,PE,45.3,63.8,42.65,55.45,55.45,340,1853.3,4875,1975,06-MAY-2024,
OPTIDX,NIFTY,23-May-2024,21800.0,PE,47.75,69.65,41.1,60.15,60.15,3467,18943.73,96125,18050,06-MAY-2024,
OPTIDX,NIFTY,23-May-2024,21850.0,PE,52.95,78.9,44.15,67.95,67.95,247,1353.37,3700,1825,06-MAY-2024,
OPTIDX,NIFTY,23-May-2024,21900.0,PE,55.8,93.35,50.5,77.5,77.5,2505,13761.24,30450,17550,06-MAY-2024,
OPTIDX,NIFTY,23-May-2024,21950.0,PE,65.25,96.6,59.7,84.85,84.85,308,1696.27,2925,2100,06-MAY-2024,
OPTIDX,NIFTY,23-May-2024,22000.0,PE,70.0,109.0,64.15,95.2,95.2,7688,42454.8,96575,18250,06-MAY-2024,
OPTIDX,NIFTY,23-May-2024,22050.0,PE,84.65,115.0,78.95,104.25,104.25,64,354.37,1875,325,06-MAY-2024,
OPTIDX,NIFTY,23-May-2024,22100.0,PE,87.15,132.55,81.0,114.95,114.95,2999,16652.9,31000,16950,06-MAY-2024,
OPTIDX,NIFTY,23-May-2024,22150.0,PE,96.35,145.05,94.15,128.3,128.3,161,896.58,2450,75,06-MAY-2024,
OPTIDX,NIFTY,23-May-2024,22200.0,PE,103.2,158.9,101.0,141.85,141.85,2354,13142.35,34575,5025,06-MAY-2024,
OPTIDX,NIFTY,23-May-2024,22250.0,PE,124.5,175.85,113.65,155.85,155.85,461,2582.06,4300,1450,06-MAY-2024,
OPTIDX,NIFTY,23-May-2024,22300.0,PE,135.0,194.1,124.7,173.1,173.1,3440,19322.4,47725,-9400,06-MAY-2024,
OPTIDX,NIFTY,23-May-2024,22350.0,PE,153.95,210.7,140.9,192.45,192.45,600,3380.52,5750,1600,06-MAY-2024,
OPTIDX,NIFTY,23-May-2024,22400.0,PE,162.0,232.75,155.0,208.35,208.35,6173,34883.77,40275,17275,06-MAY-2024,
OPTIDX,NIFTY,23-May-2024,22450.0,PE,188.65,252.25,171.4,227.15,227.15,1357,7691.57,6425,4900,06-MAY-2024,
OPTIDX,NIFTY,23-May-2024,22500.0,PE,190.15,275.35,185.5,249.3,249.3,4940,28080.76,107050,11425,06-MAY-2024,
OPTIDX,NIFTY,23-May-2024,22550.0,PE,201.95,294.4,201.95,272.65,272.65,1018,5802.65,8450,5700,06-MAY-2024,
OPTIDX,NIFTY,23-May-2024,22600.0,PE,242.85,323.2,222.65,292.6,292.6,2908,16630.98,38350,-1900,06-MAY-2024,
OPTIDX,NIFTY,23-May-2024,22650.0,PE,272.5,348.95,248.0,318.1,318.1,419,2403.87,4025,2250,06-MAY-2024,
OPTIDX,NIFTY,23-May-2024,22700.0,PE,351.45,377.7,271.0,346.75,346.75,1488,8567.21,10050,650,06-MAY-2024,
OPTIDX,NIFTY,23-May-2024,22750.0,PE,318.55,400.85,288.0,375.4,375.4,442,2553.92,3250,-775,06-MAY-2024,
OPTIDX,NIFTY,23-May-2024,22800.0,PE,349.85,437.2,322.3,406.1,406.1,444,2573.58,11900,1900,06-MAY-2024,
OPTIDX,NIFTY,23-May-2024,22850.0,PE,377.2,469.65,350.0,439.45,439.45,313,1820.84,2625,850,06-MAY-2024,
OPTIDX,NIFTY,23-May-2024,22900.0,PE,413.3,503.5,412.8,469.1,469.1,301,1757.54,2100,-575,06-MAY-2024,
OPTIDX,NIFTY,23-May-2024,22950.0,PE,0.0,0.0,0.0,491.1,546.4,0,0.0,475,0,06-MAY-2024,
OPTIDX,NIFTY,23-May-2024,23000.0,PE,483.55,576.9,444.45,545.35,545.35,739,4345.71,16375,-2250,06-MAY-2024,
OPTIDX,NIFTY,23-May-2024,23050.0,PE,0.0,0.0,0.0,996.45,622.25,0,0.0,0,0,06-MAY-2024,
OPTIDX,NIFTY,23-May-2024,23100.0,PE,565.0,655.2,555.8,615.55,615.55,199,1179.76,14825,-375,06-MAY-2024,
OPTIDX,NIFTY,23-May-2024,23150.0,PE,0.0,0.0,0.0,1079.05,702.1,0,0.0,0,0,06-MAY-2024,
OPTIDX,NIFTY,23-May-2024,23200.0,PE,675.4,739.1,644.25,705.35,705.35,77,460.07,1900,100,06-MAY-2024,
OPTIDX,NIFTY,23-May-2024,23250.0,PE,0.0,0.0,0.0,1163.95,785.6,0,0.0,0,0,06-MAY-2024,
OPTIDX,NIFTY,23-May-2024,23300.0,PE,0.0,0.0,0.0,541.6,828.55,0,0.0,25,0,06-MAY-2024,
OPTIDX,NIFTY,23-May-2024,23350.0,PE,0.0,0.0,0.0,1250.9,872.25,0,0.0,0,0,06-MAY-2024,
OPTIDX,NIFTY,23-May-2024,23400.0,PE,0.0,0.0,0.0,1295.1,916.65,0,0.0,0,0,06-MAY-2024,
OPTIDX,NIFTY,23-May-2024,23450.0,PE,0.0,0.0,0.0,1339.7,961.65,0,0.0,0,0,06-MAY-2024,
OPTIDX,NIFTY,23-May-2024,23500.0,PE,940.0,943.6,920.55,938.1,1007.2,10,61.09,275,75,06-MAY-2024,
OPTIDX,NIFTY,23-May-2024,23550.0,PE,0.0,0.0,0.0,1430.15,1053.3,0,0.0,0,0,06-MAY-2024,
OPTIDX,NIFTY,23-May-2024,23600.0,PE,0.0,0.0,0.0,1475.9,1099.8,0,0.0,0,0,06-MAY-2024,
OPTIDX,NIFTY,23-May-2024,23650.0,PE,0.0,0.0,0.0,1521.95,1146.75,0,0.0,0,0,06-MAY-2024,
OPTIDX,NIFTY,23-May-2024,23700.0,PE,0.0,0.0,0.0,1568.35,1194.1,0,0.0,0,0,06-MAY-2024,
OPTIDX,NIFTY,23-May-2024,23750.0,PE,0.0,0.0,0.0,1615.05,1241.75,0,0.0,0,0,06-MAY-2024,
OPTIDX,NIFTY,23-May-2024,23800.0,PE,0.0,0.0,0.0,1662.0,1289.75,0,0.0,0,0,06-MAY-2024,
OPTIDX,NIFTY,23-May-2024,23850.0,PE,0.0,0.0,0.0,1709.2,1337.95,0,0.0,0,0,06-MAY-2024,
OPTIDX,NIFTY,23-May-2024,23900.0,PE,0.0,0.0,0.0,1756.65,1386.4,0,0.0,0,0,06-MAY-2024,
OPTIDX,NIFTY,23-May-2024,23950.0,PE,0.0,0.0,0.0,1804.3,1435.05,0,0.0,0,0,06-MAY-2024,
OPTIDX,NIFTY,23-May-2024,24000.0,PE,0.0,0.0,0.0,1852.1,1483.9,0,0.0,0,0,06-MAY-2024,
OPTIDX,NIFTY,23-May-2024,24050.0,PE,0.0,0.0,0.0,1900.1,1532.85,0,0.0,0,0,06-MAY-2024,
OPTIDX,NIFTY,23-May-2024,24100.0,PE,0.0,0.0,0.0,1948.3,1582.0,0,0.0,0,0,06-MAY-2024,
OPTIDX,NIFTY,23-May-2024,24150.0,PE,0.0,0.0,0.0,1996.6,1631.2,0,0.0,0,0,06-MAY-2024,
OPTIDX,NIFTY,23-May-2024,24200.0,PE,0.0,0.0,0.0,2045.1,1680.55,0,0.0,0,0,06-MAY-2024,
OPTIDX,NIFTY,23-May-2024,24250.0,PE,0.0,0.0,0.0,2093.65,1729.95,0,0.0,0,0,06-MAY-2024,
OPTIDX,NIFTY,23-May-2024,24300.0,PE,0.0,0.0,0.0,2142.35,1779.45,0,0.0,0,0,06-MAY-2024,
OPTIDX,NIFTY,23-May-2024,24350.0,PE,0.0,0.0,0.0,2191.15,1829.0,0,0.0,0,0,06-MAY-2024,
OPTIDX,NIFTY,23-May-2024,24400.0,PE,0.0,0.0,0.0,2240.05,1878.6,0,0.0,0,0,06-MAY-2024,
OPTIDX,NIFTY,30-May-2024,20050.0,CE,2574.4,2574.4,2487.35,2494.45,2494.45,26,146.6,31375,-275,06-MAY-2024,
OPTIDX,NIFTY,30-May-2024,20100.0,CE,2498.0,2529.05,2420.0,2436.35,2435.6,24,135.27,255275,-150,06-MAY-2024,
OPTIDX,NIFTY,30-May-2024,20150.0,CE,2407.25,2407.25,2407.25,2407.25,2385.9,2,11.27,500,50,06-MAY-2024,
OPTIDX,NIFTY,30-May-2024,20200.0,CE,2345.3,2345.3,2340.9,2340.9,2336.15,16,90.17,31425,0,06-MAY-2024,
OPTIDX,NIFTY,30-May-2024,20250.0,CE,2308.95,2308.95,2308.95,2308.95,2286.5,2,11.27,1000,50,06-MAY-2024,
OPTIDX,NIFTY,30-May-2024,20300.0,CE,2278.0,2278.0,2242.45,2242.45,2236.8,17,95.82,6525,-25,06-MAY-2024,
OPTIDX,NIFTY,30-May-2024,20350.0,CE,2192.9,2192.9,2192.9,2192.9,2187.15,2,11.27,500,50,06-MAY-2024,
OPTIDX,NIFTY,30-May-2024,20400.0,CE,2150.0,2150.0,2120.0,2140.0,2140.0,19,107.08,14850,25,06-MAY-2024,
OPTIDX,NIFTY,30-May-2024,20450.0,CE,2112.75,2113.75,2112.75,2113.75,2087.95,4,22.56,450,100,06-MAY-2024,
OPTIDX,NIFTY,30-May-2024,20500.0,CE,2125.0,2170.0,2007.0,2044.25,2044.25,2156,12162.63,661100,43275,06-MAY-2024,
OPTIDX,NIFTY,30-May-2024,20550.0,CE,1997.5,1997.5,1997.5,1997.5,1988.9,2,11.27,575,50,06-MAY-2024,
OPTIDX,NIFTY,30-May-2024,20600.0,CE,1953.1,1953.1,1952.25,1952.25,1939.5,4,22.55,8425,0,06-MAY-2024,
OPTIDX,NIFTY,30-May-2024,20650.0,CE,1900.2,1900.2,1900.2,1900.2,1890.1,2,11.27,550,50,06-MAY-2024,
OPTIDX,NIFTY,30-May-2024,20700.0,CE,1940.1,1953.2,1855.0,1855.0,1855.0,19,107.27,6575,175,06-MAY-2024,
OPTIDX,NIFTY,30-May-2024,20750.0,CE,1895.8,1895.8,1895.8,1895.8,1791.6,1,5.66,500,0,06-MAY-2024,
OPTIDX,NIFTY,30-May-2024,20800.0,CE,1760.35,1760.45,1755.9,1755.9,1742.5,16,90.23,46050,0,06-MAY-2024,
OPTIDX,NIFTY,30-May-2024,20850.0,CE,1712.85,1712.85,1708.45,1708.45,1693.5,14,78.96,750,350,06-MAY-2024,
OPTIDX,NIFTY,30-May-2024,20900.0,CE,1664.9,1664.9,1660.55,1660.9,1644.7,14,78.96,12975,0,06-MAY-2024,
OPTIDX,NIFTY,30-May-2024,20950.0,CE,1617.35,1617.35,1612.95,1612.95,1596.0,16,90.26,850,200,06-MAY-2024,
OPTIDX,NIFTY,30-May-2024,21000.0,CE,1661.9,1690.0,1531.0,1564.4,1564.4,3249,18349.5,558100,46925,06-MAY-2024,
OPTIDX,NIFTY,30-May-2024,21050.0,CE,1522.9,1522.9,1518.5,1518.5,1499.2,16,90.28,850,400,06-MAY-2024,
OPTIDX,NIFTY,30-May-2024,21100.0,CE,1475.45,1475.65,1470.95,1470.95,1451.1,16,90.29,9975,0,06-MAY-2024,
OPTIDX,NIFTY,30-May-2024,21150.0,CE,1428.1,1428.1,1424.05,1424.05,1403.3,14,79.01,600,300,06-MAY-2024,
OPTIDX,NIFTY,30-May-2024,21200.0,CE,1440.0,1500.0,1360.0,1360.0,1355.8,69,390.87,29125,1600,06-MAY-2024,
OPTIDX,NIFTY,30-May-2024,21250.0,CE,1317.85,1318.15,1317.85,1318.15,1308.6,2,11.28,1050,50,06-MAY-2024,
OPTIDX,NIFTY,30-May-2024,21300.0,CE,1380.25,1380.3,1253.95,1294.55,1294.55,14,79.14,11950,-25,06-MAY-2024,
OPTIDX,NIFTY,30-May-2024,21350.0,CE,1241.2,1258.8,1236.85,1258.8,1258.8,5,28.24,700,100,06-MAY-2024,
OPTIDX,NIFTY,30-May-2024,21400.0,CE,1253.95,1253.95,1197.0,1198.0,1198.0,21,118.69,25500,100,06-MAY-2024,
OPTIDX,NIFTY,30-May-2024,21450.0,CE,1141.8,1160.0,1139.75,1152.4,1123.75,8,45.19,1200,0,06-MAY-2024,
OPTIDX,NIFTY,30-May-2024,21500.0,CE,1179.25,1220.0,1075.0,1101.9,1101.9,1489,8421.39,323200,3975,06-MAY-2024,
OPTIDX,NIFTY,30-May-2024,21550.0,CE,1126.45,1126.45,1126.45,1126.45,1034.2,8,45.35,3650,0,06-MAY-2024,
OPTIDX,NIFTY,30-May-2024,21600.0,CE,1099.75,1133.95,992.0,1019.2,1019.2,289,1634.61,82375,50,06-MAY-2024,
OPTIDX,NIFTY,30-May-2024,21650.0,CE,973.05,973.25,969.35,969.35,947.1,12,67.86,6850,-300,06-MAY-2024,
OPTIDX,NIFTY,30-May-2024,21700.0,CE,1000.0,1040.0,911.85,929.3,929.3,312,1769.09,93850,275,06-MAY-2024,
OPTIDX,NIFTY,30-May-2024,21750.0,CE,896.1,899.4,877.25,890.7,862.75,19,107.54,7600,-75,06-MAY-2024,
OPTIDX,NIFTY,30-May-2024,21800.0,CE,922.15,950.15,818.45,844.3,844.3,455,2578.57,256300,1325,06-MAY-2024,
OPTIDX,NIFTY,30-May-2024,21850.0,CE,828.75,854.6,772.75,801.4,801.4,53,300.33,12975,-250,06-MAY-2024,
OPTIDX,NIFTY,30-May-2024,21900.0,CE,837.3,861.9,738.1,763.35,763.35,989,5607.79,197900,-2550,06-MAY-2024,
OPTIDX,NIFTY,30-May-2024,21950.0,CE,787.6,787.6,707.2,715.4,703.75,63,357.56,10000,-225,06-MAY-2024,
OPTIDX,NIFTY,30-May-2024,22000.0,CE,750.05,783.0,656.75,681.3,681.3,14196,80616.49,1146700,-4450,06-MAY-2024,
OPTIDX,NIFTY,30-May-2024,22050.0,CE,704.45,734.0,600.05,636.35,636.35,171,970.78,23900,-2075,06-MAY-2024,
OPTIDX,NIFTY,30-May-2024,22100.0,CE,662.8,701.0,584.85,605.25,605.25,1128,6409.87,209025,1800,06-MAY-2024,
OPTIDX,NIFTY,30-May-2024,22150.0,CE,626.45,660.0,549.25,569.35,569.35,435,2473.08,17250,350,06-MAY-2024,
OPTIDX,NIFTY,30-May-2024,22200.0,CE,620.0,625.0,511.0,531.7,531.7,5942,33813.94,502600,4425,06-MAY-2024,
OPTIDX,NIFTY,30-May-2024,22250.0,CE,550.0,585.0,479.35,501.5,501.5,946,5385.2,15025,500,06-MAY-2024,
OPTIDX,NIFTY,30-May-2024,22300.0,CE,518.05,547.0,444.0,464.15,464.15,8236,46918.58,332825,-12075,06-MAY-2024,
OPTIDX,NIFTY,30-May-2024,22350.0,CE,480.0,511.0,413.4,434.7,434.7,2599,14815.73,33100,-875,06-MAY-2024,
OPTIDX,NIFTY,30-May-2024,22400.0,CE,450.0,476.0,381.65,399.2,399.2,29864,170360.91,419800,-9125,06-MAY-2024,
OPTIDX,NIFTY,30-May-2024,22450.0,CE,424.95,442.0,350.85,368.55,368.55,9389,53597.93,88325,-2475,06-MAY-2024,
OPTIDX,NIFTY,30-May-2024,22500.0,CE,440.0,440.0,322.0,338.0,338.0,118071,674759.95,2562750,275950,06-MAY-2024,
OPTIDX,NIFTY,30-May-2024,22550.0,CE,355.9,379.0,296.0,310.45,310.45,8260,47254.68,76175,12950,06-MAY-2024,
OPTIDX,NIFTY,30-May-2024,22600.0,CE,335.0,349.75,270.4,284.7,284.7,79119,453024.29,1416950,204250,06-MAY-2024,
OPTIDX,NIFTY,30-May-2024,22650.0,CE,300.0,318.65,246.55,258.9,258.9,6444,36933.86,100950,-2500,06-MAY-2024,
OPTIDX,NIFTY,30-May-2024,22700.0,CE,262.0,292.75,222.3,235.1,235.1,84648,485741.01,1319500,70250,06-MAY-2024,
OPTIDX,NIFTY,30-May-2024,22750.0,CE,247.0,263.35,200.0,210.9,210.9,8795,50523.51,216750,3425,06-MAY-2024,
OPTIDX,NIFTY,30-May-2024,22800.0,CE,214.9,239.65,178.75,189.15,189.15,72386,416326.9,1130075,67425,06-MAY-2024,
OPTIDX,NIFTY,30-May-2024,22850.0,CE,200.0,215.0,160.0,168.65,168.65,5146,29631.79,75925,475,06-MAY-2024,
OPTIDX,NIFTY,30-May-2024,22900.0,CE,158.55,193.0,141.55,150.3,150.3,24868,143396.25,486300,15775,06-MAY-2024,
OPTIDX,NIFTY,30-May-2024,22950.0,CE,137.7,172.6,124.6,131.95,131.95,8793,50757.87,131800,63750,06-MAY-2024,
OPTIDX,NIFTY,30-May-2024,23000.0,CE,119.0,153.75,109.45,116.6,116.6,115219,666185.75,2442850,18475,06-MAY-2024,
OPTIDX,NIFTY,30-May-2024,23050.0,CE,118.0,135.0,95.45,101.6,101.6,6049,35025.67,83650,17650,06-MAY-2024,
OPTIDX,NIFTY,30-May-2024,23100.0,CE,107.5,119.0,83.05,88.6,88.6,29533,171250.86,680500,69950,06-MAY-2024,
OPTIDX,NIFTY,30-May-2024,23150.0,CE,90.0,103.75,71.85,76.25,76.25,4822,28009.31,88975,700,06-MAY-2024,
OPTIDX,NIFTY,30-May-2024,23200.0,CE,80.9,90.45,61.55,65.6,65.6,47225,274751.37,1244075,147125,06-MAY-2024,
OPTIDX,NIFTY,30-May-2024,23250.0,CE,63.15,78.85,52.75,56.3,56.3,13385,78003.2,135650,-56400,06-MAY-2024,
OPTIDX,NIFTY,30-May-2024,23300.0,CE,60.55,67.9,45.0,48.3,48.3,49832,290943.38,995375,148500,06-MAY-2024,
OPTIDX,NIFTY,30-May-2024,23350.0,CE,53.85,58.25,38.2,40.95,40.95,15664,91616.38,117625,1775,06-MAY-2024,
OPTIDX,NIFTY,30-May-2024,23400.0,CE,44.05,49.35,32.25,34.9,34.9,63295,370885.1,980025,51250,06-MAY-2024,
OPTIDX,NIFTY,30-May-2024,23450.0,CE,38.0,42.25,27.8,29.9,29.9,11788,69205.11,103575,17300,06-MAY-2024,
OPTIDX,NIFTY,30-May-2024,23500.0,CE,50.0,50.0,23.6,25.75,25.75,110565,650342.05,2769950,192975,06-MAY-2024,
OPTIDX,NIFTY,30-May-2024,23550.0,CE,28.45,30.5,20.1,21.8,21.8,13653,80464.38,79250,-2925,06-MAY-2024,
OPTIDX,NIFTY,30-May-2024,23600.0,CE,23.9,25.3,16.5,18.5,18.5,80944,477968.13,784775,-180025,06-MAY-2024,
OPTIDX,NIFTY,30-May-2024,23650.0,CE,19.6,21.75,15.45,16.65,16.65,11253,66582.88,98525,-15475,06-MAY-2024,
OPTIDX,NIFTY,30-May-2024,23700.0,CE,33.0,33.0,12.85,14.1,14.1,39516,234277.07,676475,-29725,06-MAY-2024,
OPTIDX,NIFTY,30-May-2024,23750.0,CE,14.25,15.55,11.45,13.35,13.35,7525,44704.89,48825,-1225,06-MAY-2024,
OPTIDX,NIFTY,30-May-2024,23800.0,CE,13.05,14.9,9.85,11.5,11.5,27462,163476.54,661775,-52275,06-MAY-2024,
OPTIDX,NIFTY,30-May-2024,23850.0,CE,11.6,12.45,9.8,11.45,11.45,951,5672.92,15425,925,06-MAY-2024,
OPTIDX,NIFTY,30-May-2024,23900.0,CE,12.95,12.95,8.85,10.75,10.75,18489,110518.79,163175,-99625,06-MAY-2024,
OPTIDX,NIFTY,30-May-2024,23950.0,CE,10.4,17.15,9.15,10.55,10.55,1316,7882.85,32725,12325,06-MAY-2024,
OPTIDX,NIFTY,30-May-2024,24000.0,CE,11.2,11.2,9.2,10.2,10.2,51266,307722.57,2149850,23000,06-MAY-2024,
OPTIDX,NIFTY,30-May-2024,24050.0,CE,9.1,10.0,7.85,9.3,9.3,136,818.0,19400,400,06-MAY-2024,
OPTIDX,NIFTY,30-May-2024,24100.0,CE,10.45,10.45,7.85,8.7,8.7,6409,38627.63,131625,-17425,06-MAY-2024,
OPTIDX,NIFTY,30-May-2024,24150.0,CE,7.0,9.5,6.3,8.6,8.6,226,1364.93,7200,-1750,06-MAY-2024,
OPTIDX,NIFTY,30-May-2024,24200.0,CE,8.95,8.95,6.6,8.25,8.25,8649,52343.57,320375,-2625,06-MAY-2024,
OPTIDX,NIFTY,30-May-2024,24250.0,CE,8.1,9.15,7.3,8.2,8.2,1332,8077.86,96925,-925,06-MAY-2024,
OPTIDX,NIFTY,30-May-2024,24300.0,CE,5.75,9.0,5.75,7.35,7.35,5035,30596.25,115500,-6075,06-MAY-2024,
OPTIDX,NIFTY,30-May-2024,24350.0,CE,8.2,8.2,6.9,7.4,7.4,198,1205.68,6425,825,06-MAY-2024,
OPTIDX,NIFTY,30-May-2024,24400.0,CE,6.85,7.95,5.95,6.7,6.7,3924,23942.82,53175,8175,06-MAY-2024,
OPTIDX,NIFTY,30-May-2024,24450.0,CE,7.25,7.25,4.8,6.15,6.15,163,996.59,8875,275,06-MAY-2024,
OPTIDX,NIFTY,30-May-2024,24500.0,CE,6.4,6.95,5.2,5.95,5.95,12876,78883.63,867225,60250,06-MAY-2024,
OPTIDX,NIFTY,30-May-2024,20050.0,PE,6.35,8.5,5.2,5.95,5.95,1270,6367.8,118200,2275,06-MAY-2024,
OPTIDX,NIFTY,30-May-2024,20100.0,PE,5.85,7.0,5.05,6.2,6.2,8394,42192.48,843575,9150,06-MAY-2024,
OPTIDX,NIFTY,30-May-2024,20150.0,PE,6.75,7.75,4.5,6.15,6.15,161,811.28,9825,-225,06-MAY-2024,
OPTIDX,NIFTY,30-May-2024,20200.0,PE,6.95,8.7,6.5,7.4,7.4,3524,17802.67,187475,-2350,06-MAY-2024,
OPTIDX,NIFTY,30-May-2024,20250.0,PE,6.5,9.25,6.15,7.6,7.6,438,2218.17,39300,-25,06-MAY-2024,
OPTIDX,NIFTY,30-May-2024,20300.0,PE,7.25,8.95,6.5,7.5,7.5,5966,30288.77,186050,7775,06-MAY-2024,
OPTIDX,NIFTY,30-May-2024,20350.0,PE,7.8,10.65,6.95,8.55,8.55,484,2463.34,6350,-400,06-MAY-2024,
OPTIDX,NIFTY,30-May-2024,20400.0,PE,8.95,10.75,7.25,9.05,9.05,5642,28786.78,144475,-13025,06-MAY-2024,
OPTIDX,NIFTY,30-May-2024,20450.0,PE,9.6,11.45,7.75,10.45,0.95,273,1396.35,4725,-1350,06-MAY-2024,
OPTIDX,NIFTY,30-May-2024,20500.0,PE,11.5,13.05,8.55,10.95,10.95,24956,127967.35,1566800,68050,06-MAY-2024,
OPTIDX,NIFTY,30-May-2024,20550.0,PE,12.05,13.5,10.25,10.75,10.75,93,478.07,25775,-275,06-MAY-2024,
OPTIDX,NIFTY,30-May-2024,20600.0,PE,11.0,15.1,7.6,12.5,12.5,6480,33392.18,159500,23750,06-MAY-2024,
OPTIDX,NIFTY,30-May-2024,20650.0,PE,12.55,16.5,12.05,14.25,14.25,89,459.79,33125,-300,06-MAY-2024,
OPTIDX,NIFTY,30-May-2024,20700.0,PE,14.2,18.1,10.3,15.15,15.15,5026,26028.46,209425,32975,06-MAY-2024,
OPTIDX,NIFTY,30-May-2024,20750.0,PE,18.95,19.7,12.9,16.3,16.3,445,2310.25,28825,2175,06-MAY-2024,
OPTIDX,NIFTY,30-May-2024,20800.0,PE,13.55,21.75,13.45,18.1,18.1,14400,74943.7,391100,26375,06-MAY-2024,
OPTIDX,NIFTY,30-May-2024,20850.0,PE,17.05,23.45,15.6,20.35,20.35,604,3151.39,13400,-1375,06-MAY-2024,
OPTIDX,NIFTY,30-May-2024,20900.0,PE,16.8,25.5,16.35,21.8,21.8,14068,73581.08,336975,20450,06-MAY-2024,
OPTIDX,NIFTY,30-May-2024,20950.0,PE,19.55,27.55,17.75,23.25,23.25,2431,12746.04,33675,-3900,06-MAY-2024,
OPTIDX,NIFTY,30-May-2024,21000.0,PE,22.0,31.85,20.15,27.45,27.45,73070,384106.15,3345150,72625,06-MAY-2024,
OPTIDX,NIFTY,30-May-2024,21050.0,PE,27.25,33.2,21.2,28.55,28.55,645,3398.74,25875,25,06-MAY-2024,
OPTIDX,NIFTY,30-May-2024,21100.0,PE,28.15,36.1,22.8,31.05,31.05,10694,56490.13,354900,-32350,06-MAY-2024,
OPTIDX,NIFTY,30-May-2024,21150.0,PE,27.7,38.5,24.15,32.7,32.7,1310,6937.03,45475,-3475,06-MAY-2024,
OPTIDX,NIFTY,30-May-2024,21200.0,PE,27.45,41.3,25.2,36.2,36.2,36230,192335.19,854625,-136500,06-MAY-2024,
OPTIDX,NIFTY,30-May-2024,21250.0,PE,30.25,44.25,27.6,40.1,40.1,1832,9749.21,41375,900,06-MAY-2024,
OPTIDX,NIFTY,30-May-2024,21300.0,PE,32.4,47.85,29.2,43.05,43.05,24136,128763.66,811200,51350,06-MAY-2024,
OPTIDX,NIFTY,30-May-2024,21350.0,PE,43.45,51.5,32.2,45.75,45.75,2604,13926.77,36975,375,06-MAY-2024,
OPTIDX,NIFTY,30-May-2024,21400.0,PE,35.95,55.6,34.8,48.6,48.6,31792,170461.16,968050,138675,06-MAY-2024,
OPTIDX,NIFTY,30-May-2024,21450.0,PE,47.8,60.15,38.4,52.8,52.8,2958,15898.8,127700,3850,06-MAY-2024,
OPTIDX,NIFTY,30-May-2024,21500.0,PE,48.0,67.5,42.0,59.55,59.55,64576,347999.03,3438475,176375,06-MAY-2024,
OPTIDX,NIFTY,30-May-2024,21550.0,PE,49.7,71.95,45.85,63.45,63.45,3137,16948.35,80150,100,06-MAY-2024,
OPTIDX,NIFTY,30-May-2024,21600.0,PE,50.0,78.0,47.2,69.4,69.4,30121,163163.7,873100,96850,06-MAY-2024,
OPTIDX,NIFTY,30-May-2024,21650.0,PE,60.2,84.2,54.3,75.25,75.25,2235,12136.33,41500,2175,06-MAY-2024,
OPTIDX,NIFTY,30-May-2024,21700.0,PE,60.0,91.25,58.05,80.95,80.95,25995,141522.97,1034150,10950,06-MAY-2024,
OPTIDX,NIFTY,30-May-2024,21750.0,PE,66.7,98.45,64.25,88.2,88.2,3209,17515.05,83600,1050,06-MAY-2024,
OPTIDX,NIFTY,30-May-2024,21800.0,PE,75.05,107.35,68.25,95.65,95.65,36035,197202.3,1344075,-102200,06-MAY-2024,
OPTIDX,NIFTY,30-May-2024,21850.0,PE,72.1,116.6,72.1,104.65,104.65,4038,22156.53,63875,2850,06-MAY-2024,
OPTIDX,NIFTY,30-May-2024,21900.0,PE,87.45,126.0,82.45,114.8,114.8,20276,111553.42,948850,10000,06-MAY-2024,
OPTIDX,NIFTY,30-May-2024,21950.0,PE,94.5,135.65,89.85,122.4,122.4,6212,34270.49,120550,-9275,06-MAY-2024,
OPTIDX,NIFTY,30-May-2024,22000.0,PE,112.65,148.0,86.0,133.55,133.55,101100,559276.64,3502325,41425,06-MAY-2024,
OPTIDX,NIFTY,30-May-2024,22050.0,PE,135.4,160.0,105.9,133.45,133.45,2993,16600.49,56550,400,06-MAY-2024,
OPTIDX,NIFTY,30-May-2024,22100.0,PE,125.05,173.9,116.15,157.9,157.9,26937,149852.1,755300,39525,06-MAY-2024,
OPTIDX,NIFTY,30-May-2024,22150.0,PE,129.55,187.15,127.1,169.7,169.7,3243,18089.3,63700,10700,06-MAY-2024,
OPTIDX,NIFTY,30-May-2024,22200.0,PE,132.8,202.25,131.8,183.5,183.5,33508,187417.83,1117225,77200,06-MAY-2024,
OPTIDX,NIFTY,30-May-2024,22250.0,PE,152.55,216.15,149.4,197.1,197.1,5461,30628.46,82175,5775,06-MAY-2024,
OPTIDX,NIFTY,30-May-2024,22300.0,PE,120.0,233.75,120.0,213.8,213.8,31986,179952.71,879450,4975,06-MAY-2024,
OPTIDX,NIFTY,30-May-2024,22350.0,PE,206.6,251.45,175.85,228.75,228.75,5526,31181.61,45650,-1175,06-MAY-2024,
OPTIDX,NIFTY,30-May-2024,22400.0,PE,167.65,272.0,167.65,247.55,247.55,60799,344098.29,753475,34275,06-MAY-2024,
OPTIDX,NIFTY,30-May-2024,22450.0,PE,240.0,291.65,205.75,267.05,267.05,13078,74238.94,103900,350,06-MAY-2024,
OPTIDX,NIFTY,30-May-2024,22500.0,PE,280.0,311.65,221.35,286.65,286.65,168815,961049.27,2947700,208100,06-MAY-2024,
OPTIDX,NIFTY,30-May-2024,22550.0,PE,260.45,334.5,241.1,307.65,307.65,8527,48698.47,96975,11200,06-MAY-2024,
OPTIDX,NIFTY,30-May-2024,22600.0,PE,279.0,359.0,260.15,333.8,333.8,98419,563886.6,2130150,275275,06-MAY-2024,
OPTIDX,NIFTY,30-May-2024,22650.0,PE,307.0,382.45,280.6,354.8,354.8,5672,32592.93,118225,-150,06-MAY-2024,
OPTIDX,NIFTY,30-May-2024,22700.0,PE,334.0,410.3,303.0,381.6,381.6,72149,415881.41,1595300,-239150,06-MAY-2024,
OPTIDX,NIFTY,30-May-2024,22750.0,PE,359.95,435.05,326.0,407.95,407.95,3766,21783.96,84875,-2625,06-MAY-2024,
OPTIDX,NIFTY,30-May-2024,22800.0,PE,368.55,466.0,349.2,436.55,436.55,31825,184637.76,686350,109800,06-MAY-2024,
OPTIDX,NIFTY,30-May-2024,22850.0,PE,398.95,494.9,377.4,463.4,463.4,1776,10334.17,28025,-7725,06-MAY-2024,
OPTIDX,NIFTY,30-May-2024,22900.0,PE,424.55,528.45,404.0,499.5,499.5,6215,36292.98,200775,-14425,06-MAY-2024,
OPTIDX,NIFTY,30-May-2024,22950.0,PE,463.55,561.45,435.3,528.25,528.25,850,4983.85,28075,-550,06-MAY-2024,
OPTIDX,NIFTY,30-May-2024,23000.0,PE,499.85,593.45,460.0,560.9,560.9,31434,184956.97,1409275,-79375,06-MAY-2024,
OPTIDX,NIFTY,30-May-2024,23050.0,PE,526.9,625.3,495.0,590.2,590.2,260,1534.74,23950,1450,06-MAY-2024,
OPTIDX,NIFTY,30-May-2024,23100.0,PE,547.65,666.05,530.0,630.35,630.35,683,4049.3,46400,-300,06-MAY-2024,
OPTIDX,NIFTY,30-May-2024,23150.0,PE,597.95,693.15,561.75,670.65,670.65,269,1599.26,19800,2350,06-MAY-2024,
OPTIDX,NIFTY,30-May-2024,23200.0,PE,620.1,736.9,599.3,705.9,705.9,474,2830.12,51900,650,06-MAY-2024,
OPTIDX,NIFTY,30-May-2024,23250.0,PE,671.15,782.2,639.5,751.05,751.05,182,1090.84,17725,900,06-MAY-2024,
OPTIDX,NIFTY,30-May-2024,23300.0,PE,702.05,820.0,679.7,790.4,790.4,111,667.71,28800,-250,06-MAY-2024,
OPTIDX,NIFTY,30-May-2024,23350.0,PE,756.85,840.0,752.05,840.0,875.45,17,102.53,12300,125,06-MAY-2024,
OPTIDX,NIFTY,30-May-2024,23400.0,PE,795.7,898.0,785.0,862.0,917.4,31,187.81,19475,-75,06-MAY-2024,
OPTIDX,NIFTY,30-May-2024,23450.0,PE,809.0,944.8,809.0,899.95,959.95,11,66.92,9050,75,06-MAY-2024,
OPTIDX,NIFTY,30-May-2024,23500.0,PE,900.0,1000.0,839.15,961.95,961.95,3313,20236.65,393700,18025,06-MAY-2024,
OPTIDX,NIFTY,30-May-2024,23550.0,PE,1009.0,1010.0,972.85,975.85,1047.05,17,104.25,3950,275,06-MAY-2024,
OPTIDX,NIFTY,30-May-2024,23600.0,PE,959.1,1050.0,959.1,1045.7,1045.7,16,98.4,8025,75,06-MAY-2024,
OPTIDX,NIFTY,30-May-2024,23650.0,PE,1104.55,1108.4,1104.55,1108.35,1136.3,10,61.89,1375,200,06-MAY-2024,
OPTIDX,NIFTY,30-May-2024,23700.0,PE,1051.45,1188.35,1048.2,1188.35,1181.65,29,179.76,5125,200,06-MAY-2024,
OPTIDX,NIFTY,30-May-2024,23750.0,PE,1163.2,1163.2,1163.2,1163.2,1227.5,8,49.82,700,0,06-MAY-2024,
OPTIDX,NIFTY,30-May-2024,23800.0,PE,1146.25,1260.5,1146.25,1237.15,1237.15,13,81.28,3300,25,06-MAY-2024,
OPTIDX,NIFTY,30-May-2024,23850.0,PE,1306.1,1309.95,1287.6,1301.8,1301.8,22,138.33,1250,550,06-MAY-2024,
OPTIDX,NIFTY,30-May-2024,23900.0,PE,1351.9,1362.5,1346.65,1352.75,1352.75,18,113.63,975,350,06-MAY-2024,
OPTIDX,NIFTY,30-May-2024,23950.0,PE,1393.25,1400.9,1393.25,1396.5,1396.5,22,139.4,1025,550,06-MAY-2024,
OPTIDX,NIFTY,30-May-2024,24000.0,PE,1345.15,1485.55,1309.5,1447.0,1447.0,1992,12654.36,480475,1350,06-MAY-2024,
OPTIDX,NIFTY,30-May-2024,24050.0,PE,1491.9,1498.45,1491.55,1494.35,1494.35,20,127.72,1250,500,06-MAY-2024,
OPTIDX,NIFTY,30-May-2024,24100.0,PE,1544.25,1544.25,1544.25,1544.25,1557.75,1,6.41,1125,-25,06-MAY-2024,
OPTIDX,NIFTY,30-May-2024,24150.0,PE,1596.95,1596.95,1573.15,1587.55,1587.55,22,141.55,950,550,06-MAY-2024,
OPTIDX,NIFTY,30-May-2024,24200.0,PE,1646.35,1646.35,1624.85,1632.65,1632.65,26,167.91,2100,-125,06-MAY-2024,
OPTIDX,NIFTY,30-May-2024,24250.0,PE,1600.0,1690.7,1600.0,1679.7,1679.7,23,149.07,2375,525,06-MAY-2024,
OPTIDX,NIFTY,30-May-2024,24300.0,PE,1742.05,1742.05,1737.3,1739.0,1739.0,16,104.15,775,225,06-MAY-2024,
OPTIDX,NIFTY,30-May-2024,24350.0,PE,1789.35,1789.35,1770.55,1778.2,1778.2,22,143.7,600,550,06-MAY-2024,
OPTIDX,NIFTY,30-May-2024,24400.0,PE,1819.55,1834.25,1819.55,1830.9,1830.9,16,104.92,4775,-250,06-MAY-2024,
OPTIDX,NIFTY,30-May-2024,24450.0,PE,1887.4,1888.45,1868.8,1879.45,1879.45,28,184.3,1000,600,06-MAY-2024,
OPTIDX,NIFTY,30-May-2024,24500.0,PE,1833.8,1968.25,1805.0,1935.55,1935.55,2354,15546.81,303300,3700,06-MAY-2024,
OPTIDX,NIFTY,06-Jun-2024,20750.0,CE,0.0,0.0,0.0,2048.75,1827.45,0,0.0,0,0,06-MAY-2024,
OPTIDX,NIFTY,06-Jun-2024,20800.0,CE,0.0,0.0,0.0,2000.05,1778.95,0,0.0,0,0,06-MAY-2024,
OPTIDX,NIFTY,06-Jun-2024,20850.0,CE,0.0,0.0,0.0,1951.45,1730.6,0,0.0,0,0,06-MAY-2024,
OPTIDX,NIFTY,06-Jun-2024,20900.0,CE,0.0,0.0,0.0,1903.05,1682.45,0,0.0,0,0,06-MAY-2024,
OPTIDX,NIFTY,06-Jun-2024,20950.0,CE,0.0,0.0,0.0,1854.75,1634.5,0,0.0,0,0,06-MAY-2024,
OPTIDX,NIFTY,06-Jun-2024,21000.0,CE,0.0,0.0,0.0,1806.65,1586.8,0,0.0,0,0,06-MAY-2024,
OPTIDX,NIFTY,06-Jun-2024,21050.0,CE,0.0,0.0,0.0,1758.8,1539.35,0,0.0,0,0,06-MAY-2024,
OPTIDX,NIFTY,06-Jun-2024,21100.0,CE,0.0,0.0,0.0,1711.1,1492.2,0,0.0,0,0,06-MAY-2024,
OPTIDX,NIFTY,06-Jun-2024,21150.0,CE,0.0,0.0,0.0,1663.65,1445.35,0,0.0,0,0,06-MAY-2024,
OPTIDX,NIFTY,06-Jun-2024,21200.0,CE,0.0,0.0,0.0,1616.5,1398.85,0,0.0,0,0,06-MAY-2024,
OPTIDX,NIFTY,06-Jun-2024,21250.0,CE,0.0,0.0,0.0,1569.6,1352.7,0,0.0,0,0,06-MAY-2024,
OPTIDX,NIFTY,06-Jun-2024,21300.0,CE,0.0,0.0,0.0,1523.0,1306.95,0,0.0,0,0,06-MAY-2024,
OPTIDX,NIFTY,06-Jun-2024,21350.0,CE,0.0,0.0,0.0,1476.75,1261.6,0,0.0,0,0,06-MAY-2024,
OPTIDX,NIFTY,06-Jun-2024,21400.0,CE,0.0,0.0,0.0,1430.85,1216.75,0,0.0,0,0,06-MAY-2024,
OPTIDX,NIFTY,06-Jun-2024,21450.0,CE,0.0,0.0,0.0,1385.35,1172.4,0,0.0,0,0,06-MAY-2024,
OPTIDX,NIFTY,06-Jun-2024,21500.0,CE,0.0,0.0,0.0,1340.25,1128.55,0,0.0,0,0,06-MAY-2024,
OPTIDX,NIFTY,06-Jun-2024,21550.0,CE,0.0,0.0,0.0,1295.55,1085.3,0,0.0,0,0,06-MAY-2024,
OPTIDX,NIFTY,06-Jun-2024,21600.0,CE,0.0,0.0,0.0,1251.4,1042.6,0,0.0,0,0,06-MAY-2024,
OPTIDX,NIFTY,06-Jun-2024,21650.0,CE,0.0,0.0,0.0,1207.7,1000.6,0,0.0,0,0,06-MAY-2024,
OPTIDX,NIFTY,06-Jun-2024,21700.0,CE,0.0,0.0,0.0,1164.55,959.25,0,0.0,0,0,06-MAY-2024,
OPTIDX,NIFTY,06-Jun-2024,21750.0,CE,0.0,0.0,0.0,1121.95,918.55,0,0.0,0,0,06-MAY-2024,
OPTIDX,NIFTY,06-Jun-2024,21800.0,CE,0.0,0.0,0.0,1079.95,878.65,0,0.0,0,0,06-MAY-2024,
OPTIDX,NIFTY,06-Jun-2024,21850.0,CE,0.0,0.0,0.0,1038.55,839.5,0,0.0,0,0,06-MAY-2024,
OPTIDX,NIFTY,06-Jun-2024,21900.0,CE,0.0,0.0,0.0,997.8,801.2,0,0.0,0,0,06-MAY-2024,
OPTIDX,NIFTY,06-Jun-2024,21950.0,CE,0.0,0.0,0.0,957.75,764.55,0,0.0,0,0,06-MAY-2024,
OPTIDX,NIFTY,06-Jun-2024,22000.0,CE,915.0,915.0,890.0,890.0,726.9,13,74.44,325,325,06-MAY-2024,
OPTIDX,NIFTY,06-Jun-2024,22050.0,CE,0.0,0.0,0.0,879.8,691.2,0,0.0,0,0,06-MAY-2024,
OPTIDX,NIFTY,06-Jun-2024,22100.0,CE,0.0,0.0,0.0,842.0,656.4,0,0.0,0,0,06-MAY-2024,
OPTIDX,NIFTY,06-Jun-2024,22150.0,CE,0.0,0.0,0.0,805.75,622.6,0,0.0,0,0,06-MAY-2024,
OPTIDX,NIFTY,06-Jun-2024,22200.0,CE,795.0,826.25,750.55,752.75,752.75,330,1894.51,5225,5225,06-MAY-2024,
OPTIDX,NIFTY,06-Jun-2024,22250.0,CE,0.0,0.0,0.0,733.2,557.85,0,0.0,0,0,06-MAY-2024,
OPTIDX,NIFTY,06-Jun-2024,22300.0,CE,0.0,0.0,0.0,698.7,527.0,0,0.0,0,0,06-MAY-2024,
OPTIDX,NIFTY,06-Jun-2024,22350.0,CE,0.0,0.0,0.0,665.1,497.2,0,0.0,0,0,06-MAY-2024,
OPTIDX,NIFTY,06-Jun-2024,22400.0,CE,687.05,687.05,605.0,615.85,615.85,17,97.98,200,175,06-MAY-2024,
OPTIDX,NIFTY,06-Jun-2024,22450.0,CE,643.55,687.7,580.0,604.25,604.25,40,230.64,850,400,06-MAY-2024,
OPTIDX,NIFTY,06-Jun-2024,22500.0,CE,610.0,650.0,550.0,565.3,565.3,692,3993.18,11025,8925,06-MAY-2024,
OPTIDX,NIFTY,06-Jun-2024,22550.0,CE,0.0,0.0,0.0,539.95,388.35,0,0.0,0,0,06-MAY-2024,
OPTIDX,NIFTY,06-Jun-2024,22600.0,CE,0.0,0.0,0.0,511.0,363.65,0,0.0,0,0,06-MAY-2024,
OPTIDX,NIFTY,06-Jun-2024,22650.0,CE,506.65,506.65,506.65,506.65,340.15,1,5.78,25,0,06-MAY-2024,
OPTIDX,NIFTY,06-Jun-2024,22700.0,CE,465.45,490.0,434.55,438.7,438.7,29,167.85,550,450,06-MAY-2024,
OPTIDX,NIFTY,06-Jun-2024,22750.0,CE,454.95,485.4,436.85,450.0,296.25,5,29.0,100,25,06-MAY-2024,
OPTIDX,NIFTY,06-Jun-2024,22800.0,CE,0.0,0.0,0.0,405.0,275.8,0,0.0,0,0,06-MAY-2024,
OPTIDX,NIFTY,06-Jun-2024,22850.0,CE,0.0,0.0,0.0,380.95,256.45,0,0.0,0,0,06-MAY-2024,
OPTIDX,NIFTY,06-Jun-2024,22900.0,CE,0.0,0.0,0.0,357.9,238.0,0,0.0,0,0,06-MAY-2024,
OPTIDX,NIFTY,06-Jun-2024,22950.0,CE,0.0,0.0,0.0,335.8,220.6,0,0.0,0,0,06-MAY-2024,
OPTIDX,NIFTY,06-Jun-2024,23000.0,CE,335.05,390.0,307.35,320.2,320.2,2295,13388.81,35075,26175,06-MAY-2024,
OPTIDX,NIFTY,06-Jun-2024,23050.0,CE,0.0,0.0,0.0,294.45,188.6,0,0.0,0,0,06-MAY-2024,
OPTIDX,NIFTY,06-Jun-2024,23100.0,CE,300.0,354.95,271.05,276.85,276.85,20,117.02,750,125,06-MAY-2024,
OPTIDX,NIFTY,06-Jun-2024,23150.0,CE,190.1,190.1,190.1,190.1,160.2,2,11.67,50,50,06-MAY-2024,
OPTIDX,NIFTY,06-Jun-2024,23200.0,CE,0.0,0.0,0.0,239.4,148.25,0,0.0,0,0,06-MAY-2024,
OPTIDX,NIFTY,06-Jun-2024,23250.0,CE,0.0,0.0,0.0,222.85,135.35,0,0.0,0,0,06-MAY-2024,
OPTIDX,NIFTY,06-Jun-2024,23300.0,CE,0.0,0.0,0.0,207.2,124.05,0,0.0,0,0,06-MAY-2024,
OPTIDX,NIFTY,06-Jun-2024,23350.0,CE,0.0,0.0,0.0,192.35,113.55,0,0.0,0,0,06-MAY-2024,
OPTIDX,NIFTY,06-Jun-2024,23400.0,CE,0.0,0.0,0.0,178.3,103.7,0,0.0,0,0,06-MAY-2024,
OPTIDX,NIFTY,06-Jun-2024,23450.0,CE,0.0,0.0,0.0,165.1,94.6,0,0.0,0,0,06-MAY-2024,
OPTIDX,NIFTY,06-Jun-2024,23500.0,CE,194.2,247.55,152.0,161.6,161.6,2686,15893.37,40475,39900,06-MAY-2024,
OPTIDX,NIFTY,06-Jun-2024,23550.0,CE,0.0,0.0,0.0,141.1,78.3,0,0.0,0,0,06-MAY-2024,
OPTIDX,NIFTY,06-Jun-2024,23600.0,CE,0.0,0.0,0.0,137.3,71.05,0,0.0,50,0,06-MAY-2024,
OPTIDX,NIFTY,06-Jun-2024,23650.0,CE,0.0,0.0,0.0,119.8,64.4,0,0.0,0,0,06-MAY-2024,
OPTIDX,NIFTY,06-Jun-2024,23700.0,CE,0.0,0.0,0.0,110.2,58.25,0,0.0,0,0,06-MAY-2024,
OPTIDX,NIFTY,06-Jun-2024,23750.0,CE,0.0,0.0,0.0,101.2,52.6,0,0.0,0,0,06-MAY-2024,
OPTIDX,NIFTY,06-Jun-2024,23800.0,CE,0.0,0.0,0.0,100.0,47.4,0,0.0,25,0,06-MAY-2024,
OPTIDX,NIFTY,06-Jun-2024,23850.0,CE,0.0,0.0,0.0,84.95,42.65,0,0.0,0,0,06-MAY-2024,
OPTIDX,NIFTY,06-Jun-2024,23900.0,CE,0.0,0.0,0.0,77.7,38.3,0,0.0,0,0,06-MAY-2024,
OPTIDX,NIFTY,06-Jun-2024,23950.0,CE,0.0,0.0,0.0,70.95,34.35,0,0.0,0,0,06-MAY-2024,
OPTIDX,NIFTY,06-Jun-2024,24000.0,CE,124.5,128.2,80.7,83.6,83.6,2046,12328.12,47150,26400,06-MAY-2024,
OPTIDX,NIFTY,06-Jun-2024,24050.0,CE,0.0,0.0,0.0,58.9,27.5,0,0.0,0,0,06-MAY-2024,
OPTIDX,NIFTY,06-Jun-2024,24100.0,CE,0.0,0.0,0.0,53.55,24.55,0,0.0,0,0,06-MAY-2024,
OPTIDX,NIFTY,06-Jun-2024,24150.0,CE,0.0,0.0,0.0,48.6,21.85,0,0.0,0,0,06-MAY-2024,
OPTIDX,NIFTY,06-Jun-2024,24200.0,CE,0.0,0.0,0.0,44.05,19.45,0,0.0,0,0,06-MAY-2024,
OPTIDX,NIFTY,06-Jun-2024,24250.0,CE,0.0,0.0,0.0,39.9,17.25,0,0.0,0,0,06-MAY-2024,
OPTIDX,NIFTY,06-Jun-2024,24300.0,CE,0.0,0.0,0.0,36.05,15.3,0,0.0,0,0,06-MAY-2024,
OPTIDX,NIFTY,06-Jun-2024,24350.0,CE,0.0,0.0,0.0,32.55,13.5,0,0.0,0,0,06-MAY-2024,
OPTIDX,NIFTY,06-Jun-2024,24400.0,CE,67.0,80.0,54.85,54.85,54.85,283,1730.96,5750,2225,06-MAY-2024,
OPTIDX,NIFTY,06-Jun-2024,20750.0,PE,0.0,0.0,0.0,5.8,7.0,0,0.0,0,0,06-MAY-2024,
OPTIDX,NIFTY,06-Jun-2024,20800.0,PE,19.85,19.85,19.85,19.85,8.2,1,5.2,25,25,06-MAY-2024,
OPTIDX,NIFTY,06-Jun-2024,20850.0,PE,0.0,0.0,0.0,7.8,9.55,0,0.0,0,0,06-MAY-2024,
OPTIDX,NIFTY,06-Jun-2024,20900.0,PE,0.0,0.0,0.0,9.05,11.1,0,0.0,0,0,06-MAY-2024,
OPTIDX,NIFTY,06-Jun-2024,20950.0,PE,0.0,0.0,0.0,10.4,12.85,0,0.0,0,0,06-MAY-2024,
OPTIDX,NIFTY,06-Jun-2024,21000.0,PE,0.0,0.0,0.0,12.0,14.85,0,0.0,0,0,06-MAY-2024,
OPTIDX,NIFTY,06-Jun-2024,21050.0,PE,0.0,0.0,0.0,13.75,17.1,0,0.0,0,0,06-MAY-2024,
OPTIDX,NIFTY,06-Jun-2024,21100.0,PE,0.0,0.0,0.0,15.7,19.6,0,0.0,0,0,06-MAY-2024,
OPTIDX,NIFTY,06-Jun-2024,21150.0,PE,0.0,0.0,0.0,17.95,22.45,0,0.0,0,0,06-MAY-2024,
OPTIDX,NIFTY,06-Jun-2024,21200.0,PE,0.0,0.0,0.0,20.4,25.65,0,0.0,0,0,06-MAY-2024,
OPTIDX,NIFTY,06-Jun-2024,21250.0,PE,0.0,0.0,0.0,23.15,29.2,0,0.0,0,0,06-MAY-2024,
OPTIDX,NIFTY,06-Jun-2024,21300.0,PE,0.0,0.0,0.0,26.2,33.1,0,0.0,0,0,06-MAY-2024,
OPTIDX,NIFTY,06-Jun-2024,21350.0,PE,0.0,0.0,0.0,29.6,37.5,0,0.0,0,0,06-MAY-2024,
OPTIDX,NIFTY,06-Jun-2024,21400.0,PE,130.8,177.0,125.0,151.2,151.2,446,2403.03,8925,7925,06-MAY-2024,
OPTIDX,NIFTY,06-Jun-2024,21450.0,PE,0.0,0.0,0.0,37.5,47.65,0,0.0,0,0,06-MAY-2024,
OPTIDX,NIFTY,06-Jun-2024,21500.0,PE,0.0,0.0,0.0,42.05,53.5,0,0.0,0,0,06-MAY-2024,
OPTIDX,NIFTY,06-Jun-2024,21550.0,PE,0.0,0.0,0.0,47.05,59.95,0,0.0,0,0,06-MAY-2024,
OPTIDX,NIFTY,06-Jun-2024,21600.0,PE,0.0,0.0,0.0,52.5,66.95,0,0.0,0,0,06-MAY-2024,
OPTIDX,NIFTY,06-Jun-2024,21650.0,PE,0.0,0.0,0.0,65.65,74.65,0,0.0,25,0,06-MAY-2024,
OPTIDX,NIFTY,06-Jun-2024,21700.0,PE,0.0,0.0,0.0,64.95,82.95,0,0.0,0,0,06-MAY-2024,
OPTIDX,NIFTY,06-Jun-2024,21750.0,PE,0.0,0.0,0.0,72.0,92.0,0,0.0,0,0,06-MAY-2024,
OPTIDX,NIFTY,06-Jun-2024,21800.0,PE,159.35,199.7,159.35,199.7,199.7,13,71.48,850,300,06-MAY-2024,
OPTIDX,NIFTY,06-Jun-2024,21850.0,PE,0.0,0.0,0.0,87.95,112.3,0,0.0,0,0,06-MAY-2024,
OPTIDX,NIFTY,06-Jun-2024,21900.0,PE,0.0,0.0,0.0,96.85,123.7,0,0.0,0,0,06-MAY-2024,
OPTIDX,NIFTY,06-Jun-2024,21950.0,PE,0.0,0.0,0.0,106.45,136.75,0,0.0,0,0,06-MAY-2024,
OPTIDX,NIFTY,06-Jun-2024,22000.0,PE,297.75,337.45,263.35,293.05,293.05,3463,19305.38,53725,52950,06-MAY-2024,
OPTIDX,NIFTY,06-Jun-2024,22050.0,PE,0.0,0.0,0.0,127.8,162.75,0,0.0,0,0,06-MAY-2024,
OPTIDX,NIFTY,06-Jun-2024,22100.0,PE,180.05,180.05,180.05,180.05,177.65,14,77.98,350,350,06-MAY-2024,
OPTIDX,NIFTY,06-Jun-2024,22150.0,PE,0.0,0.0,0.0,153.05,193.55,0,0.0,0,0,06-MAY-2024,
OPTIDX,NIFTY,06-Jun-2024,22200.0,PE,212.05,212.05,212.05,212.05,210.35,1,5.6,25,25,06-MAY-2024,
OPTIDX,NIFTY,06-Jun-2024,22250.0,PE,0.0,0.0,0.0,179.8,228.2,0,0.0,0,0,06-MAY-2024,
OPTIDX,NIFTY,06-Jun-2024,22300.0,PE,222.65,410.55,222.65,397.05,397.05,6,33.97,50,50,06-MAY-2024,
OPTIDX,NIFTY,06-Jun-2024,22350.0,PE,0.0,0.0,0.0,211.0,266.9,0,0.0,0,0,06-MAY-2024,
OPTIDX,NIFTY,06-Jun-2024,22400.0,PE,0.0,0.0,0.0,227.95,287.8,0,0.0,0,0,06-MAY-2024,
OPTIDX,NIFTY,06-Jun-2024,22450.0,PE,0.0,0.0,0.0,245.85,309.75,0,0.0,0,0,06-MAY-2024,
OPTIDX,NIFTY,06-Jun-2024,22500.0,PE,435.05,496.95,408.05,471.85,471.85,1590,9129.4,24675,16150,06-MAY-2024,
OPTIDX,NIFTY,06-Jun-2024,22550.0,PE,0.0,0.0,0.0,284.45,356.85,0,0.0,0,0,06-MAY-2024,
OPTIDX,NIFTY,06-Jun-2024,22600.0,PE,0.0,0.0,0.0,305.15,381.85,0,0.0,0,0,06-MAY-2024,
OPTIDX,NIFTY,06-Jun-2024,22650.0,PE,480.0,530.0,480.0,530.0,408.05,3,17.36,100,75,06-MAY-2024,
OPTIDX,NIFTY,06-Jun-2024,22700.0,PE,0.0,0.0,0.0,349.55,435.25,0,0.0,0,0,06-MAY-2024,
OPTIDX,NIFTY,06-Jun-2024,22750.0,PE,0.0,0.0,0.0,373.2,463.5,0,0.0,0,0,06-MAY-2024,
OPTIDX,NIFTY,06-Jun-2024,22800.0,PE,0.0,0.0,0.0,397.75,492.8,0,0.0,0,0,06-MAY-2024,
OPTIDX,NIFTY,06-Jun-2024,22850.0,PE,0.0,0.0,0.0,423.35,523.05,0,0.0,0,0,06-MAY-2024,
OPTIDX,NIFTY,06-Jun-2024,22900.0,PE,0.0,0.0,0.0,449.95,554.35,0,0.0,0,0,06-MAY-2024,
OPTIDX,NIFTY,06-Jun-2024,22950.0,PE,0.0,0.0,0.0,477.5,586.6,0,0.0,0,0,06-MAY-2024,
OPTIDX,NIFTY,06-Jun-2024,23000.0,PE,610.15,740.0,610.15,706.9,619.85,96,568.54,2300,1350,06-MAY-2024,
OPTIDX,NIFTY,06-Jun-2024,23050.0,PE,0.0,0.0,0.0,535.45,654.0,0,0.0,0,0,06-MAY-2024,
OPTIDX,NIFTY,06-Jun-2024,23100.0,PE,0.0,0.0,0.0,565.85,689.05,0,0.0,0,0,06-MAY-2024,
OPTIDX,NIFTY,06-Jun-2024,23150.0,PE,0.0,0.0,0.0,597.15,725.0,0,0.0,0,0,06-MAY-2024,
OPTIDX,NIFTY,06-Jun-2024,23200.0,PE,0.0,0.0,0.0,629.4,762.75,0,0.0,0,0,06-MAY-2024,
OPTIDX,NIFTY,06-Jun-2024,23250.0,PE,0.0,0.0,0.0,662.5,799.55,0,0.0,0,0,06-MAY-2024,
OPTIDX,NIFTY,06-Jun-2024,23300.0,PE,0.0,0.0,0.0,696.45,837.95,0,0.0,0,0,06-MAY-2024,
OPTIDX,NIFTY,06-Jun-2024,23350.0,PE,0.0,0.0,0.0,731.25,877.1,0,0.0,0,0,06-MAY-2024,
OPTIDX,NIFTY,06-Jun-2024,23400.0,PE,0.0,0.0,0.0,766.9,917.0,0,0.0,0,0,06-MAY-2024,
OPTIDX,NIFTY,06-Jun-2024,23450.0,PE,0.0,0.0,0.0,803.3,957.55,0,0.0,0,0,06-MAY-2024,
OPTIDX,NIFTY,06-Jun-2024,23500.0,PE,0.0,0.0,0.0,841.55,998.8,0,0.0,0,0,06-MAY-2024,
OPTIDX,NIFTY,06-Jun-2024,23550.0,PE,0.0,0.0,0.0,878.65,1040.65,0,0.0,0,0,06-MAY-2024,
OPTIDX,NIFTY,06-Jun-2024,23600.0,PE,0.0,0.0,0.0,917.3,1083.1,0,0.0,0,0,06-MAY-2024,
OPTIDX,NIFTY,06-Jun-2024,23650.0,PE,0.0,0.0,0.0,956.65,1126.1,0,0.0,0,0,06-MAY-2024,
OPTIDX,NIFTY,06-Jun-2024,23700.0,PE,0.0,0.0,0.0,996.65,1169.65,0,0.0,0,0,06-MAY-2024,
OPTIDX,NIFTY,06-Jun-2024,23750.0,PE,0.0,0.0,0.0,1037.3,1213.7,0,0.0,0,0,06-MAY-2024,
OPTIDX,NIFTY,06-Jun-2024,23800.0,PE,0.0,0.0,0.0,1078.55,1258.2,0,0.0,0,0,06-MAY-2024,
OPTIDX,NIFTY,06-Jun-2024,23850.0,PE,0.0,0.0,0.0,1120.4,1303.15,0,0.0,0,0,06-MAY-2024,
OPTIDX,NIFTY,06-Jun-2024,23900.0,PE,0.0,0.0,0.0,1162.75,1348.5,0,0.0,0,0,06-MAY-2024,
OPTIDX,NIFTY,06-Jun-2024,23950.0,PE,0.0,0.0,0.0,1205.65,1394.25,0,0.0,0,0,06-MAY-2024,
OPTIDX,NIFTY,06-Jun-2024,24000.0,PE,0.0,0.0,0.0,1249.05,1440.35,0,0.0,0,0,06-MAY-2024,
OPTIDX,NIFTY,06-Jun-2024,24050.0,PE,0.0,0.0,0.0,1292.9,1486.75,0,0.0,0,0,06-MAY-2024,
OPTIDX,NIFTY,06-Jun-2024,24100.0,PE,0.0,0.0,0.0,1337.2,1533.5,0,0.0,0,0,06-MAY-2024,
OPTIDX,NIFTY,06-Jun-2024,24150.0,PE,0.0,0.0,0.0,1381.95,1580.5,0,0.0,0,0,06-MAY-2024,
OPTIDX,NIFTY,06-Jun-2024,24200.0,PE,0.0,0.0,0.0,1427.05,1627.75,0,0.0,0,0,06-MAY-2024,
OPTIDX,NIFTY,06-Jun-2024,24250.0,PE,0.0,0.0,0.0,1472.5,1675.25,0,0.0,0,0,06-MAY-2024,
OPTIDX,NIFTY,06-Jun-2024,24300.0,PE,0.0,0.0,0.0,1518.35,1723.0,0,0.0,0,0,06-MAY-2024,
OPTIDX,NIFTY,06-Jun-2024,24350.0,PE,0.0,0.0,0.0,1564.5,1770.95,0,0.0,0,0,06-MAY-2024,
OPTIDX,NIFTY,06-Jun-2024,24400.0,PE,0.0,0.0,0.0,1610.9,1819.05,0,0.0,0,0,06-MAY-2024,
OPTIDX,NIFTY,27-Jun-2024,15000.0,CE,7473.0,7473.0,7473.0,7473.0,7473.0,1,5.61,402525,25,06-MAY-2024,
OPTIDX,NIFTY,27-Jun-2024,16000.0,CE,0.0,0.0,0.0,2666.1,6607.6,0,0.0,0,0,06-MAY-2024,
OPTIDX,NIFTY,27-Jun-2024,17000.0,CE,0.0,0.0,0.0,5443.1,5617.9,0,0.0,20725,0,06-MAY-2024,
OPTIDX,NIFTY,27-Jun-2024,18000.0,CE,4701.0,4710.0,4565.45,4596.3,4596.3,555,3138.96,534125,-8075,06-MAY-2024,
OPTIDX,NIFTY,27-Jun-2024,18500.0,CE,4180.0,4200.0,4180.0,4200.0,4133.35,136,771.45,7375,3400,06-MAY-2024,
OPTIDX,NIFTY,27-Jun-2024,19000.0,CE,3625.0,3710.35,3594.6,3628.35,3628.35,452,2558.67,435750,3700,06-MAY-2024,
OPTIDX,NIFTY,27-Jun-2024,20000.0,CE,2722.1,2815.6,2666.4,2692.55,2692.55,324,1840.19,575200,-1700,06-MAY-2024,
OPTIDX,NIFTY,27-Jun-2024,20250.0,CE,2461.25,2461.25,2461.25,2461.25,2408.8,2,11.35,400,50,06-MAY-2024,
OPTIDX,NIFTY,27-Jun-2024,20300.0,CE,2414.2,2414.2,2414.2,2414.2,2360.35,2,11.35,100,50,06-MAY-2024,
OPTIDX,NIFTY,27-Jun-2024,20350.0,CE,2370.35,2370.35,2370.35,2370.35,2311.95,2,11.36,400,50,06-MAY-2024,
OPTIDX,NIFTY,27-Jun-2024,20400.0,CE,2323.6,2323.6,2323.6,2323.6,2263.75,2,11.36,300,50,06-MAY-2024,
OPTIDX,NIFTY,27-Jun-2024,20450.0,CE,2279.85,2279.85,2279.85,2279.85,2215.65,2,11.36,350,50,06-MAY-2024,
OPTIDX,NIFTY,27-Jun-2024,20500.0,CE,2350.0,2350.0,2202.0,2230.85,2167.7,12,68.28,4150,0,06-MAY-2024,
OPTIDX,NIFTY,27-Jun-2024,20550.0,CE,2189.15,2189.15,2189.15,2189.15,2119.9,2,11.36,50,50,06-MAY-2024,
OPTIDX,NIFTY,27-Jun-2024,20600.0,CE,2146.0,2146.0,2146.0,2146.0,2072.3,2,11.37,300,50,06-MAY-2024,
OPTIDX,NIFTY,27-Jun-2024,20650.0,CE,2122.4,2122.4,2122.4,2122.4,2024.85,2,11.38,400,50,06-MAY-2024,
OPTIDX,NIFTY,27-Jun-2024,20700.0,CE,2057.6,2057.6,2057.6,2057.6,1977.65,2,11.37,250,50,06-MAY-2024,
OPTIDX,NIFTY,27-Jun-2024,20750.0,CE,2047.25,2047.25,2047.25,2047.25,1930.7,2,11.39,350,50,06-MAY-2024,
OPTIDX,NIFTY,27-Jun-2024,20800.0,CE,2031.3,2031.3,1993.7,1993.7,1883.95,8,45.64,550,-100,06-MAY-2024,
OPTIDX,NIFTY,27-Jun-2024,20850.0,CE,1928.15,1928.15,1928.15,1928.15,1837.45,2,11.38,400,50,06-MAY-2024,
OPTIDX,NIFTY,27-Jun-2024,20900.0,CE,1915.0,1915.0,1905.0,1905.0,1791.2,4,22.81,1050,100,06-MAY-2024,
OPTIDX,NIFTY,27-Jun-2024,20950.0,CE,1873.25,1873.25,1873.25,1873.25,1745.3,1,5.7,175,25,06-MAY-2024,
OPTIDX,NIFTY,27-Jun-2024,21000.0,CE,1890.0,1900.0,1775.0,1798.3,1798.3,703,4013.08,514050,3375,06-MAY-2024,
OPTIDX,NIFTY,27-Jun-2024,21050.0,CE,1768.35,1768.6,1768.2,1768.2,1654.35,6,34.22,400,150,06-MAY-2024,
OPTIDX,NIFTY,27-Jun-2024,21100.0,CE,1741.1,1741.1,1741.1,1741.1,1609.4,2,11.42,425,0,06-MAY-2024,
OPTIDX,NIFTY,27-Jun-2024,21150.0,CE,1696.6,1696.6,1671.35,1671.35,1564.85,3,17.12,450,75,06-MAY-2024,
OPTIDX,NIFTY,27-Jun-2024,21200.0,CE,1644.05,1644.05,1644.05,1644.05,1520.65,1,5.71,575,0,06-MAY-2024,
OPTIDX,NIFTY,27-Jun-2024,21250.0,CE,1647.7,1647.7,1583.05,1583.05,1476.85,4,22.87,375,25,06-MAY-2024,
OPTIDX,NIFTY,27-Jun-2024,21300.0,CE,1552.15,1554.75,1551.5,1553.5,1433.5,8,45.7,925,200,06-MAY-2024,
OPTIDX,NIFTY,27-Jun-2024,21350.0,CE,1524.6,1524.6,1505.45,1505.45,1390.6,3,17.15,575,75,06-MAY-2024,
OPTIDX,NIFTY,27-Jun-2024,21400.0,CE,1502.6,1502.6,1502.6,1502.6,1348.2,2,11.45,1050,0,06-MAY-2024,
OPTIDX,NIFTY,27-Jun-2024,21450.0,CE,1433.6,1447.9,1409.2,1428.55,1428.55,4,22.88,375,0,06-MAY-2024,
OPTIDX,NIFTY,27-Jun-2024,21500.0,CE,1471.4,1490.0,1369.3,1388.4,1388.4,266,1523.31,58800,3950,06-MAY-2024,
OPTIDX,NIFTY,27-Jun-2024,21550.0,CE,1353.45,1356.65,1353.45,1356.65,1223.95,3,17.17,150,0,06-MAY-2024,
OPTIDX,NIFTY,27-Jun-2024,21600.0,CE,1341.2,1372.9,1327.5,1329.95,1183.6,13,74.57,1700,50,06-MAY-2024,
OPTIDX,NIFTY,27-Jun-2024,21650.0,CE,1296.65,1296.65,1276.95,1276.95,1143.85,2,11.46,175,25,06-MAY-2024,
OPTIDX,NIFTY,27-Jun-2024,21700.0,CE,1305.65,1305.65,1248.7,1249.35,1249.35,10,57.39,4275,175,06-MAY-2024,
OPTIDX,NIFTY,27-Jun-2024,21750.0,CE,1234.6,1234.6,1234.6,1234.6,1066.15,1,5.74,550,25,06-MAY-2024,
OPTIDX,NIFTY,27-Jun-2024,21800.0,CE,1235.7,1235.7,1140.0,1171.8,1028.2,18,103.4,37675,-175,06-MAY-2024,
OPTIDX,NIFTY,27-Jun-2024,21850.0,CE,1134.5,1134.5,1134.5,1134.5,991.85,2,11.49,700,50,06-MAY-2024,
OPTIDX,NIFTY,27-Jun-2024,21900.0,CE,1155.0,1155.0,1090.0,1104.25,1104.25,43,247.46,15925,850,06-MAY-2024,
OPTIDX,NIFTY,27-Jun-2024,21950.0,CE,1064.55,1064.65,1064.55,1064.65,918.3,4,23.01,700,0,06-MAY-2024,
OPTIDX,NIFTY,27-Jun-2024,22000.0,CE,1075.05,1120.0,1005.0,1030.75,1030.75,6920,39898.01,1284550,56850,06-MAY-2024,
OPTIDX,NIFTY,27-Jun-2024,22050.0,CE,1032.0,1032.0,995.55,999.0,999.0,6,34.57,775,125,06-MAY-2024,
OPTIDX,NIFTY,27-Jun-2024,22100.0,CE,972.95,1026.95,950.0,950.0,950.0,53,305.92,21000,575,06-MAY-2024,
OPTIDX,NIFTY,27-Jun-2024,22150.0,CE,931.5,935.95,931.35,935.95,781.95,14,80.79,850,-50,06-MAY-2024,
OPTIDX,NIFTY,27-Jun-2024,22200.0,CE,961.0,972.05,876.0,900.1,900.1,174,1006.27,45950,1800,06-MAY-2024,
OPTIDX,NIFTY,27-Jun-2024,22250.0,CE,937.0,937.0,849.0,855.0,855.0,15,86.82,1850,-50,06-MAY-2024,
OPTIDX,NIFTY,27-Jun-2024,22300.0,CE,878.75,907.45,807.95,833.05,833.05,765,4429.71,31850,1800,06-MAY-2024,
OPTIDX,NIFTY,27-Jun-2024,22350.0,CE,813.0,861.35,807.0,807.95,657.8,14,81.11,3500,50,06-MAY-2024,
OPTIDX,NIFTY,27-Jun-2024,22400.0,CE,783.35,840.9,750.0,772.15,772.15,1370,7942.86,91275,250,06-MAY-2024,
OPTIDX,NIFTY,27-Jun-2024,22450.0,CE,767.1,794.65,725.0,743.05,743.05,332,1925.9,7475,3925,06-MAY-2024,
OPTIDX,NIFTY,27-Jun-2024,22500.0,CE,735.0,789.85,693.15,714.0,714.0,13253,76988.72,506100,41725,06-MAY-2024,
OPTIDX,NIFTY,27-Jun-2024,22550.0,CE,718.15,758.25,675.0,690.85,690.85,458,2663.18,11075,3650,06-MAY-2024,
OPTIDX,NIFTY,27-Jun-2024,22600.0,CE,702.95,721.8,639.95,657.55,657.55,2760,16063.2,90400,-3850,06-MAY-2024,
OPTIDX,NIFTY,27-Jun-2024,22650.0,CE,662.3,670.0,615.55,627.35,627.35,107,623.13,7375,450,06-MAY-2024,
OPTIDX,NIFTY,27-Jun-2024,22700.0,CE,646.7,661.4,583.3,602.1,602.1,4287,24992.88,181300,5000,06-MAY-2024,
OPTIDX,NIFTY,27-Jun-2024,22750.0,CE,606.75,643.0,574.0,574.15,574.15,60,350.19,7600,300,06-MAY-2024,
OPTIDX,NIFTY,27-Jun-2024,22800.0,CE,592.7,609.65,536.95,554.25,554.25,3553,20760.06,109675,8525,06-MAY-2024,
OPTIDX,NIFTY,27-Jun-2024,22850.0,CE,560.0,566.05,530.0,532.85,532.85,142,830.76,2975,-150,06-MAY-2024,
OPTIDX,NIFTY,27-Jun-2024,22900.0,CE,538.65,559.0,489.4,505.2,505.2,1139,6669.56,55800,625,06-MAY-2024,
OPTIDX,NIFTY,27-Jun-2024,22950.0,CE,514.55,514.55,479.85,481.15,481.15,192,1125.45,1950,300,06-MAY-2024,
OPTIDX,NIFTY,27-Jun-2024,23000.0,CE,500.9,513.0,445.0,460.75,460.75,22990,134932.9,1569000,69175,06-MAY-2024,
OPTIDX,NIFTY,27-Jun-2024,23050.0,CE,461.85,483.8,433.85,436.25,436.25,96,563.92,2150,-975,06-MAY-2024,
OPTIDX,NIFTY,27-Jun-2024,23100.0,CE,446.1,463.15,404.45,416.9,416.9,1033,6076.71,36525,1350,06-MAY-2024,
OPTIDX,NIFTY,27-Jun-2024,23150.0,CE,422.2,422.9,403.4,404.8,288.55,24,141.37,925,-100,06-MAY-2024,
OPTIDX,NIFTY,27-Jun-2024,23200.0,CE,400.0,421.95,362.5,375.4,375.4,3659,21574.45,106775,33450,06-MAY-2024,
OPTIDX,NIFTY,27-Jun-2024,23250.0,CE,366.35,381.15,346.05,363.75,256.25,35,206.64,5675,-250,06-MAY-2024,
OPTIDX,NIFTY,27-Jun-2024,23300.0,CE,365.55,382.4,330.0,340.9,340.9,1423,8414.53,50050,1225,06-MAY-2024,
OPTIDX,NIFTY,27-Jun-2024,23350.0,CE,349.25,349.25,323.45,323.45,323.45,69,408.6,3500,75,06-MAY-2024,
OPTIDX,NIFTY,27-Jun-2024,23400.0,CE,334.5,346.0,296.4,307.0,307.0,1652,9795.66,39850,-3400,06-MAY-2024,
OPTIDX,NIFTY,27-Jun-2024,23450.0,CE,316.1,322.1,290.0,290.0,290.0,81,481.1,3750,200,06-MAY-2024,
OPTIDX,NIFTY,27-Jun-2024,23500.0,CE,320.0,320.0,267.8,276.8,276.8,12919,76825.82,604225,13250,06-MAY-2024,
OPTIDX,NIFTY,27-Jun-2024,23550.0,CE,265.35,282.55,248.5,263.75,263.75,78,464.54,4725,-725,06-MAY-2024,
OPTIDX,NIFTY,27-Jun-2024,23600.0,CE,265.0,283.3,237.2,246.5,246.5,1442,8600.19,56825,9600,06-MAY-2024,
OPTIDX,NIFTY,27-Jun-2024,23650.0,CE,239.8,253.55,237.25,240.0,154.0,80,477.83,5500,750,06-MAY-2024,
OPTIDX,NIFTY,27-Jun-2024,23700.0,CE,239.55,249.0,212.55,219.8,219.8,1543,9229.66,76775,-3700,06-MAY-2024,
OPTIDX,NIFTY,27-Jun-2024,23750.0,CE,203.6,225.35,203.6,204.0,134.3,18,107.84,3650,100,06-MAY-2024,
OPTIDX,NIFTY,27-Jun-2024,23800.0,CE,210.0,235.0,185.7,196.95,196.95,1733,10398.95,63875,4050,06-MAY-2024,
OPTIDX,NIFTY,27-Jun-2024,23850.0,CE,197.75,199.4,182.2,182.2,116.75,21,126.21,2175,25,06-MAY-2024,
OPTIDX,NIFTY,27-Jun-2024,23900.0,CE,185.65,196.65,167.4,174.25,174.25,1049,6314.62,34675,2100,06-MAY-2024,
OPTIDX,NIFTY,27-Jun-2024,23950.0,CE,168.0,179.8,160.05,164.4,164.4,189,1139.69,7300,-2050,06-MAY-2024,
OPTIDX,NIFTY,27-Jun-2024,24000.0,CE,172.95,179.95,149.45,155.95,155.95,33874,204621.89,1975125,27900,06-MAY-2024,
OPTIDX,NIFTY,27-Jun-2024,24050.0,CE,157.35,159.65,140.5,146.05,146.05,178,1076.85,8625,50,06-MAY-2024,
OPTIDX,NIFTY,27-Jun-2024,24100.0,CE,141.2,156.0,131.65,136.65,136.65,990,5999.63,31200,375,06-MAY-2024,
OPTIDX,NIFTY,27-Jun-2024,24150.0,CE,139.65,141.55,130.15,130.7,74.95,91,552.46,2775,1100,06-MAY-2024,
OPTIDX,NIFTY,27-Jun-2024,24200.0,CE,121.2,138.15,117.5,120.7,120.7,2290,13926.98,191100,1200,06-MAY-2024,
OPTIDX,NIFTY,27-Jun-2024,24250.0,CE,121.5,129.05,112.5,113.65,113.65,199,1212.31,31875,450,06-MAY-2024,
OPTIDX,NIFTY,27-Jun-2024,24300.0,CE,110.0,120.7,101.95,105.65,105.65,2495,15226.89,158550,1275,06-MAY-2024,
OPTIDX,NIFTY,27-Jun-2024,24350.0,CE,107.15,109.35,98.25,98.25,54.75,53,324.01,6275,-150,06-MAY-2024,
OPTIDX,NIFTY,27-Jun-2024,24400.0,CE,100.65,109.25,92.5,96.2,96.2,1568,9604.44,44525,9850,06-MAY-2024,
OPTIDX,NIFTY,27-Jun-2024,24450.0,CE,96.45,103.55,86.95,87.0,87.0,58,355.81,6325,-875,06-MAY-2024,
OPTIDX,NIFTY,27-Jun-2024,24500.0,CE,85.0,96.9,82.45,85.7,85.7,13081,80414.91,493300,8725,06-MAY-2024,
OPTIDX,NIFTY,27-Jun-2024,25000.0,CE,51.65,55.9,48.0,49.35,49.35,14406,90220.46,1572600,34775,06-MAY-2024,
OPTIDX,NIFTY,27-Jun-2024,26000.0,CE,19.35,22.9,15.15,16.7,16.7,11194,72810.94,794200,96425,06-MAY-2024,
OPTIDX,NIFTY,27-Jun-2024,27000.0,CE,10.8,13.3,10.0,10.35,10.35,2123,14336.16,219050,17175,06-MAY-2024,
OPTIDX,NIFTY,27-Jun-2024,14000.0,PE,0.0,0.0,0.0,3.05,0.0,0,0.0,8300,0,06-MAY-2024,
OPTIDX,NIFTY,27-Jun-2024,15000.0,PE,5.3,7.95,3.9,6.15,6.15,321,1204.17,247800,800,06-MAY-2024,
OPTIDX,NIFTY,27-Jun-2024,16000.0,PE,5.95,6.0,5.9,6.0,0.0,37,148.05,55850,-150,06-MAY-2024,
OPTIDX,NIFTY,27-Jun-2024,17000.0,PE,9.8,12.25,9.8,11.3,11.3,1333,5668.98,224300,14150,06-MAY-2024,
OPTIDX,NIFTY,27-Jun-2024,18000.0,PE,15.15,16.65,13.25,15.9,15.9,3087,13903.78,795800,25375,06-MAY-2024,
OPTIDX,NIFTY,27-Jun-2024,19000.0,PE,27.8,32.1,26.25,30.15,30.15,6931,32973.42,929125,-13775,06-MAY-2024,
OPTIDX,NIFTY,27-Jun-2024,20000.0,PE,69.0,72.7,55.2,65.65,65.65,17091,85726.39,2537425,-8825,06-MAY-2024,
OPTIDX,NIFTY,27-Jun-2024,20250.0,PE,0.0,0.0,0.0,33.95,7.45,0,0.0,0,0,06-MAY-2024,
OPTIDX,NIFTY,27-Jun-2024,20300.0,PE,18.65,18.65,18.65,18.65,8.45,2,10.15,350,50,06-MAY-2024,
OPTIDX,NIFTY,27-Jun-2024,20350.0,PE,0.0,0.0,0.0,40.0,9.6,0,0.0,0,0,06-MAY-2024,
OPTIDX,NIFTY,27-Jun-2024,20400.0,PE,0.0,0.0,0.0,43.3,10.85,0,0.0,0,0,06-MAY-2024,
OPTIDX,NIFTY,27-Jun-2024,20450.0,PE,0.0,0.0,0.0,46.9,12.2,0,0.0,0,0,06-MAY-2024,
OPTIDX,NIFTY,27-Jun-2024,20500.0,PE,102.05,110.2,86.5,101.35,101.35,14300,73639.47,617725,67700,06-MAY-2024,
OPTIDX,NIFTY,27-Jun-2024,20550.0,PE,0.0,0.0,0.0,54.7,15.45,0,0.0,0,0,06-MAY-2024,
OPTIDX,NIFTY,27-Jun-2024,20600.0,PE,102.8,119.6,95.8,110.15,110.15,1152,5963.42,378600,5575,06-MAY-2024,
OPTIDX,NIFTY,27-Jun-2024,20650.0,PE,0.0,0.0,0.0,82.65,19.4,0,0.0,950,0,06-MAY-2024,
OPTIDX,NIFTY,27-Jun-2024,20700.0,PE,109.9,129.0,103.05,120.1,120.1,1740,9053.49,280175,3675,06-MAY-2024,
OPTIDX,NIFTY,27-Jun-2024,20750.0,PE,0.0,0.0,0.0,67.45,24.15,0,0.0,4150,0,06-MAY-2024,
OPTIDX,NIFTY,27-Jun-2024,20800.0,PE,119.1,141.7,113.15,130.75,130.75,2447,12801.18,301550,2925,06-MAY-2024,
OPTIDX,NIFTY,27-Jun-2024,20850.0,PE,0.0,0.0,0.0,157.4,29.9,0,0.0,2700,0,06-MAY-2024,
OPTIDX,NIFTY,27-Jun-2024,20900.0,PE,132.25,155.35,125.1,144.35,144.35,2518,13243.82,281300,350,06-MAY-2024,
OPTIDX,NIFTY,27-Jun-2024,20950.0,PE,0.0,0.0,0.0,189.4,36.7,0,0.0,6850,0,06-MAY-2024,
OPTIDX,NIFTY,27-Jun-2024,21000.0,PE,162.1,173.75,141.0,160.35,160.35,37348,197542.72,3048100,22800,06-MAY-2024,
OPTIDX,NIFTY,27-Jun-2024,21050.0,PE,70.0,70.0,70.0,70.0,44.75,2,10.56,3300,50,06-MAY-2024,
OPTIDX,NIFTY,27-Jun-2024,21100.0,PE,157.25,185.65,152.9,171.8,171.8,2506,13322.7,191825,-300,06-MAY-2024,
OPTIDX,NIFTY,27-Jun-2024,21150.0,PE,68.55,102.05,68.55,102.05,54.2,8,42.48,12275,175,06-MAY-2024,
OPTIDX,NIFTY,27-Jun-2024,21200.0,PE,170.05,202.75,166.05,187.05,187.05,2626,14036.75,216050,8025,06-MAY-2024,
OPTIDX,NIFTY,27-Jun-2024,21250.0,PE,0.0,0.0,0.0,110.0,65.2,0,0.0,2000,0,06-MAY-2024,
OPTIDX,NIFTY,27-Jun-2024,21300.0,PE,185.85,221.2,181.8,203.85,203.85,1680,9029.14,159850,-3900,06-MAY-2024,
OPTIDX,NIFTY,27-Jun-2024,21350.0,PE,0.0,0.0,0.0,172.2,77.9,0,0.0,2900,0,06-MAY-2024,
OPTIDX,NIFTY,27-Jun-2024,21400.0,PE,206.3,240.55,199.85,224.35,224.35,1066,5760.58,143300,925,06-MAY-2024,
OPTIDX,NIFTY,27-Jun-2024,21450.0,PE,139.1,139.1,139.1,139.1,92.55,4,21.58,2875,100,06-MAY-2024,
OPTIDX,NIFTY,27-Jun-2024,21500.0,PE,230.25,264.55,220.0,248.35,248.35,16711,90833.94,1217750,32475,06-MAY-2024,
OPTIDX,NIFTY,27-Jun-2024,21550.0,PE,235.75,274.7,234.35,258.7,258.7,461,2512.45,6650,-650,06-MAY-2024,
OPTIDX,NIFTY,27-Jun-2024,21600.0,PE,262.65,285.0,236.6,269.15,269.15,1575,8608.59,90075,250,06-MAY-2024,
OPTIDX,NIFTY,27-Jun-2024,21650.0,PE,0.0,0.0,0.0,215.35,128.05,0,0.0,1575,0,06-MAY-2024,
OPTIDX,NIFTY,27-Jun-2024,21700.0,PE,254.7,308.35,254.7,291.4,291.4,1260,6924.02,90800,-1800,06-MAY-2024,
OPTIDX,NIFTY,27-Jun-2024,21750.0,PE,277.0,314.5,277.0,304.0,304.0,115,633.83,5375,-75,06-MAY-2024,
OPTIDX,NIFTY,27-Jun-2024,21800.0,PE,293.2,335.4,270.0,316.5,316.5,3193,17645.33,170050,14625,06-MAY-2024,
OPTIDX,NIFTY,27-Jun-2024,21850.0,PE,0.0,0.0,0.0,247.3,174.0,0,0.0,5025,0,06-MAY-2024,
OPTIDX,NIFTY,27-Jun-2024,21900.0,PE,319.6,358.9,303.6,343.8,343.8,1372,7625.84,71575,-175,06-MAY-2024,
OPTIDX,NIFTY,27-Jun-2024,21950.0,PE,334.45,364.2,316.05,363.9,363.9,17,94.73,3475,125,06-MAY-2024,
OPTIDX,NIFTY,27-Jun-2024,22000.0,PE,350.75,395.0,332.7,376.75,376.75,29950,167477.97,3243250,109750,06-MAY-2024,
OPTIDX,NIFTY,27-Jun-2024,22050.0,PE,358.5,402.9,358.5,390.55,390.55,177,992.28,9625,2025,06-MAY-2024,
OPTIDX,NIFTY,27-Jun-2024,22100.0,PE,369.25,420.55,358.0,405.15,405.15,1409,7923.23,50750,-1900,06-MAY-2024,
OPTIDX,NIFTY,27-Jun-2024,22150.0,PE,418.35,432.0,387.8,422.25,422.25,265,1494.32,5725,1450,06-MAY-2024,
OPTIDX,NIFTY,27-Jun-2024,22200.0,PE,398.25,454.95,386.8,439.6,439.6,3333,18857.67,122525,26125,06-MAY-2024,
OPTIDX,NIFTY,27-Jun-2024,22250.0,PE,434.25,464.9,418.45,454.55,454.55,245,1389.79,5350,-525,06-MAY-2024,
OPTIDX,NIFTY,27-Jun-2024,22300.0,PE,421.75,490.5,418.5,474.05,474.05,1783,10145.07,104300,3925,06-MAY-2024,
OPTIDX,NIFTY,27-Jun-2024,22350.0,PE,443.7,500.15,432.5,493.45,493.45,831,4741.25,7450,1725,06-MAY-2024,
OPTIDX,NIFTY,27-Jun-2024,22400.0,PE,459.35,529.05,448.4,508.6,508.6,2676,15317.27,115350,3825,06-MAY-2024,
OPTIDX,NIFTY,27-Jun-2024,22450.0,PE,478.95,550.8,470.55,530.5,530.5,511,2934.52,16750,5400,06-MAY-2024,
OPTIDX,NIFTY,27-Jun-2024,22500.0,PE,508.85,575.35,487.8,555.7,555.7,30942,178189.0,1433375,102850,06-MAY-2024,
OPTIDX,NIFTY,27-Jun-2024,22550.0,PE,515.65,582.0,514.1,576.95,576.95,131,756.51,11275,1075,06-MAY-2024,
OPTIDX,NIFTY,27-Jun-2024,22600.0,PE,550.0,615.0,523.3,593.85,593.85,2323,13459.52,77550,9300,06-MAY-2024,
OPTIDX,NIFTY,27-Jun-2024,22650.0,PE,562.0,629.55,553.4,614.2,614.2,154,894.98,3925,775,06-MAY-2024,
OPTIDX,NIFTY,27-Jun-2024,22700.0,PE,575.0,656.0,565.35,636.9,636.9,3313,19319.97,76725,7950,06-MAY-2024,
OPTIDX,NIFTY,27-Jun-2024,22750.0,PE,589.95,678.25,589.95,656.4,656.4,133,777.49,6925,-1425,06-MAY-2024,
OPTIDX,NIFTY,27-Jun-2024,22800.0,PE,624.95,709.2,607.55,685.7,685.7,1480,8681.94,78600,7200,06-MAY-2024,
OPTIDX,NIFTY,27-Jun-2024,22850.0,PE,658.85,718.0,647.3,715.85,715.85,28,164.64,2975,-25,06-MAY-2024,
OPTIDX,NIFTY,27-Jun-2024,22900.0,PE,667.55,760.0,657.05,735.55,735.55,1105,6522.14,47075,2350,06-MAY-2024,
OPTIDX,NIFTY,27-Jun-2024,22950.0,PE,717.05,778.55,714.05,757.05,632.75,8,47.37,350,25,06-MAY-2024,
OPTIDX,NIFTY,27-Jun-2024,23000.0,PE,752.2,823.0,708.0,792.1,792.1,14323,85102.56,922625,39450,06-MAY-2024,
OPTIDX,NIFTY,27-Jun-2024,23050.0,PE,783.0,800.0,783.0,800.0,693.5,2,11.92,4075,0,06-MAY-2024,
OPTIDX,NIFTY,27-Jun-2024,23100.0,PE,797.0,872.05,784.0,849.25,849.25,467,2793.57,16050,1675,06-MAY-2024,
OPTIDX,NIFTY,27-Jun-2024,23150.0,PE,0.0,0.0,0.0,677.0,757.3,0,0.0,150,0,06-MAY-2024,
OPTIDX,NIFTY,27-Jun-2024,23200.0,PE,846.0,923.9,821.95,907.0,907.0,151,908.38,19625,350,06-MAY-2024,
OPTIDX,NIFTY,27-Jun-2024,23250.0,PE,927.45,928.4,920.0,926.25,926.25,13,78.57,775,250,06-MAY-2024,
OPTIDX,NIFTY,27-Jun-2024,23300.0,PE,909.0,977.95,909.0,966.3,966.3,19,115.07,12675,-75,06-MAY-2024,
OPTIDX,NIFTY,27-Jun-2024,23350.0,PE,940.7,940.7,940.7,940.7,893.45,1,6.07,375,25,06-MAY-2024,
OPTIDX,NIFTY,27-Jun-2024,23400.0,PE,1029.0,1029.0,972.0,978.95,929.2,29,176.82,6450,350,06-MAY-2024,
OPTIDX,NIFTY,27-Jun-2024,23450.0,PE,1038.1,1079.5,1037.9,1065.2,1065.2,6,36.74,825,100,06-MAY-2024,
OPTIDX,NIFTY,27-Jun-2024,23500.0,PE,1100.4,1120.3,1000.05,1093.85,1093.85,984,6043.16,102650,8525,06-MAY-2024,
OPTIDX,NIFTY,27-Jun-2024,23550.0,PE,1133.05,1133.05,1133.05,1133.05,1040.5,2,12.34,3325,50,06-MAY-2024,
OPTIDX,NIFTY,27-Jun-2024,23600.0,PE,1093.7,1190.0,1093.7,1168.0,1168.0,34,210.26,2575,-425,06-MAY-2024,
OPTIDX,NIFTY,27-Jun-2024,23650.0,PE,1203.6,1203.6,1203.5,1203.5,1117.6,4,24.85,1150,50,06-MAY-2024,
OPTIDX,NIFTY,27-Jun-2024,23700.0,PE,1173.75,1250.0,1150.0,1250.0,1157.0,12,74.62,2550,75,06-MAY-2024,
OPTIDX,NIFTY,27-Jun-2024,23750.0,PE,1276.9,1276.9,1276.75,1276.75,1196.9,4,25.02,650,100,06-MAY-2024,
OPTIDX,NIFTY,27-Jun-2024,23800.0,PE,1220.1,1220.1,1220.1,1220.1,1237.35,1,6.25,1825,25,06-MAY-2024,
OPTIDX,NIFTY,27-Jun-2024,23850.0,PE,1352.7,1352.7,1352.5,1352.5,1278.3,4,25.2,400,100,06-MAY-2024,
OPTIDX,NIFTY,27-Jun-2024,23900.0,PE,1391.45,1394.3,1391.25,1394.3,1319.7,5,31.61,1225,125,06-MAY-2024,
OPTIDX,NIFTY,27-Jun-2024,23950.0,PE,1423.45,1430.8,1363.7,1430.25,1361.6,8,50.73,425,-25,06-MAY-2024,
OPTIDX,NIFTY,27-Jun-2024,24000.0,PE,1338.0,1505.65,1338.0,1470.65,1470.65,1219,7756.11,522600,-675,06-MAY-2024,
OPTIDX,NIFTY,27-Jun-2024,24050.0,PE,1419.25,1519.6,1419.25,1519.6,1446.7,4,25.51,525,100,06-MAY-2024,
OPTIDX,NIFTY,27-Jun-2024,24100.0,PE,1550.2,1553.85,1550.2,1553.85,1489.85,7,44.89,1050,175,06-MAY-2024,
OPTIDX,NIFTY,27-Jun-2024,24150.0,PE,1563.7,1593.8,1563.7,1592.8,1533.4,7,45.04,575,175,06-MAY-2024,
OPTIDX,NIFTY,27-Jun-2024,24200.0,PE,1536.35,1634.25,1536.35,1634.25,1577.3,6,38.72,1275,125,06-MAY-2024,
OPTIDX,NIFTY,27-Jun-2024,24250.0,PE,1679.35,1691.65,1677.8,1677.8,1621.6,4,25.93,425,100,06-MAY-2024,
OPTIDX,NIFTY,27-Jun-2024,24300.0,PE,1700.9,1722.15,1700.9,1709.2,1709.2,4,26.01,200,100,06-MAY-2024,
OPTIDX,NIFTY,27-Jun-2024,24350.0,PE,1736.65,1760.55,1683.65,1760.55,1711.15,4,26.08,200,50,06-MAY-2024,
OPTIDX,NIFTY,27-Jun-2024,24400.0,PE,1791.8,1791.8,1791.8,1791.8,1756.35,1,6.54,400,25,06-MAY-2024,
OPTIDX,NIFTY,27-Jun-2024,24450.0,PE,1764.45,1812.35,1764.45,1812.35,1801.9,3,19.68,100,50,06-MAY-2024,
OPTIDX,NIFTY,27-Jun-2024,24500.0,PE,1858.5,1858.5,1858.5,1858.5,1847.65,2,13.17,3225,0,06-MAY-2024,
OPTIDX,NIFTY,27-Jun-2024,25000.0,PE,2250.0,2372.35,2227.0,2349.05,2349.05,451,3080.14,565850,2225,06-MAY-2024,
OPTIDX,NIFTY,27-Jun-2024,26000.0,PE,3280.0,3329.9,3210.0,3292.1,3292.1,102,746.57,116650,-300,06-MAY-2024,
OPTIDX,NIFTY,27-Jun-2024,27000.0,PE,4140.0,4278.35,4140.0,4271.2,4271.2,33,257.64,31400,-450,06-MAY-2024,
OPTIDX,NIFTY,25-Jul-2024,20650.0,CE,2242.4,2249.2,2242.4,2244.9,2244.9,20,114.47,500,500,06-MAY-2024,
OPTIDX,NIFTY,25-Jul-2024,20700.0,CE,2199.6,2204.6,2198.75,2202.35,2202.35,28,160.31,700,700,06-MAY-2024,
OPTIDX,NIFTY,25-Jul-2024,20750.0,CE,2157.1,2160.2,2156.95,2158.6,2158.6,24,137.45,600,600,06-MAY-2024,
OPTIDX,NIFTY,25-Jul-2024,20800.0,CE,2116.6,2116.6,2111.95,2114.7,2114.7,8,45.82,200,200,06-MAY-2024,
OPTIDX,NIFTY,25-Jul-2024,20850.0,CE,2074.95,2074.95,2071.35,2073.1,2073.1,8,45.84,200,200,06-MAY-2024,
OPTIDX,NIFTY,25-Jul-2024,20900.0,CE,2034.65,2034.65,2028.8,2031.85,2031.85,12,68.79,300,300,06-MAY-2024,
OPTIDX,NIFTY,25-Jul-2024,20950.0,CE,1996.7,1996.7,1989.4,1992.9,1992.9,14,80.3,350,350,06-MAY-2024,
OPTIDX,NIFTY,25-Jul-2024,21000.0,CE,1951.25,2006.45,1900.0,1900.0,1850.55,16,91.81,950,275,06-MAY-2024,
OPTIDX,NIFTY,25-Jul-2024,21050.0,CE,0.0,0.0,0.0,1983.05,1807.2,0,0.0,0,0,06-MAY-2024,
OPTIDX,NIFTY,25-Jul-2024,21100.0,CE,0.0,0.0,0.0,1939.85,1764.2,0,0.0,0,0,06-MAY-2024,
OPTIDX,NIFTY,25-Jul-2024,21150.0,CE,0.0,0.0,0.0,1897.0,1721.55,0,0.0,0,0,06-MAY-2024,
OPTIDX,NIFTY,25-Jul-2024,21200.0,CE,0.0,0.0,0.0,1854.45,1679.3,0,0.0,0,0,06-MAY-2024,
OPTIDX,NIFTY,25-Jul-2024,21250.0,CE,0.0,0.0,0.0,1812.3,1637.45,0,0.0,0,0,06-MAY-2024,
OPTIDX,NIFTY,25-Jul-2024,21300.0,CE,0.0,0.0,0.0,1770.5,1596.0,0,0.0,0,0,06-MAY-2024,
OPTIDX,NIFTY,25-Jul-2024,21350.0,CE,0.0,0.0,0.0,1729.1,1555.0,0,0.0,0,0,06-MAY-2024,
OPTIDX,NIFTY,25-Jul-2024,21400.0,CE,0.0,0.0,0.0,1688.05,1514.4,0,0.0,0,0,06-MAY-2024,
OPTIDX,NIFTY,25-Jul-2024,21450.0,CE,0.0,0.0,0.0,1647.45,1474.25,0,0.0,0,0,06-MAY-2024,
OPTIDX,NIFTY,25-Jul-2024,21500.0,CE,1546.65,1547.0,1544.35,1544.35,1434.6,12,69.13,725,300,06-MAY-2024,
OPTIDX,NIFTY,25-Jul-2024,21550.0,CE,0.0,0.0,0.0,1567.45,1395.4,0,0.0,0,0,06-MAY-2024,
OPTIDX,NIFTY,25-Jul-2024,21600.0,CE,0.0,0.0,0.0,1528.1,1356.65,0,0.0,0,0,06-MAY-2024,
OPTIDX,NIFTY,25-Jul-2024,21650.0,CE,0.0,0.0,0.0,1489.15,1318.45,0,0.0,0,0,06-MAY-2024,
OPTIDX,NIFTY,25-Jul-2024,21700.0,CE,0.0,0.0,0.0,1450.7,1280.75,0,0.0,0,0,06-MAY-2024,
OPTIDX,NIFTY,25-Jul-2024,21750.0,CE,0.0,0.0,0.0,1412.75,1243.6,0,0.0,0,0,06-MAY-2024,
OPTIDX,NIFTY,25-Jul-2024,21800.0,CE,1348.25,1348.25,1345.3,1345.45,1207.75,10,57.86,250,250,06-MAY-2024,
OPTIDX,NIFTY,25-Jul-2024,21850.0,CE,0.0,0.0,0.0,1338.2,1171.55,0,0.0,0,0,06-MAY-2024,
OPTIDX,NIFTY,25-Jul-2024,21900.0,CE,1264.35,1264.35,1264.35,1264.35,1135.1,2,11.58,50,50,06-MAY-2024,
OPTIDX,NIFTY,25-Jul-2024,21950.0,CE,0.0,0.0,0.0,1266.35,1100.15,0,0.0,0,0,06-MAY-2024,
OPTIDX,NIFTY,25-Jul-2024,22000.0,CE,1256.0,1270.0,1167.65,1194.55,1194.55,78,452.32,9750,-225,06-MAY-2024,
OPTIDX,NIFTY,25-Jul-2024,22050.0,CE,0.0,0.0,0.0,1194.95,1032.0,0,0.0,0,0,06-MAY-2024,
OPTIDX,NIFTY,25-Jul-2024,22100.0,CE,1159.8,1159.8,1135.6,1136.4,998.8,6,34.86,100,25,06-MAY-2024,
OPTIDX,NIFTY,25-Jul-2024,22150.0,CE,0.0,0.0,0.0,1126.65,966.25,0,0.0,0,0,06-MAY-2024,
OPTIDX,NIFTY,25-Jul-2024,22200.0,CE,1070.0,1085.0,1070.0,1085.0,934.25,19,110.56,475,475,06-MAY-2024,
OPTIDX,NIFTY,25-Jul-2024,22250.0,CE,1046.4,1046.4,1046.4,1046.4,902.9,2,11.64,50,50,06-MAY-2024,
OPTIDX,NIFTY,25-Jul-2024,22300.0,CE,1019.0,1019.0,980.0,1001.0,872.2,7,40.78,1150,100,06-MAY-2024,
OPTIDX,NIFTY,25-Jul-2024,22350.0,CE,971.9,971.9,968.25,968.4,842.1,10,58.29,250,250,06-MAY-2024,
OPTIDX,NIFTY,25-Jul-2024,22400.0,CE,937.1,948.0,930.0,938.2,938.2,44,256.75,2625,900,06-MAY-2024,
OPTIDX,NIFTY,25-Jul-2024,22450.0,CE,0.0,0.0,0.0,935.1,783.8,0,0.0,0,0,06-MAY-2024,
OPTIDX,NIFTY,25-Jul-2024,22500.0,CE,915.0,942.45,857.95,878.35,878.35,474,2771.3,23450,1950,06-MAY-2024,
OPTIDX,NIFTY,25-Jul-2024,22550.0,CE,870.25,870.25,870.25,870.25,728.05,5,29.27,200,125,06-MAY-2024,
OPTIDX,NIFTY,25-Jul-2024,22600.0,CE,846.35,878.65,800.0,826.2,826.2,111,650.18,5650,250,06-MAY-2024,
OPTIDX,NIFTY,25-Jul-2024,22650.0,CE,802.8,803.45,801.45,803.3,674.9,12,70.35,325,300,06-MAY-2024,
OPTIDX,NIFTY,25-Jul-2024,22700.0,CE,806.7,817.7,753.0,763.7,763.7,120,704.3,5700,425,06-MAY-2024,
OPTIDX,NIFTY,25-Jul-2024,22750.0,CE,789.0,789.0,737.1,737.5,624.35,127,746.22,3075,2275,06-MAY-2024,
OPTIDX,NIFTY,25-Jul-2024,22800.0,CE,739.0,753.0,691.65,713.35,713.35,74,435.12,5300,475,06-MAY-2024,
OPTIDX,NIFTY,25-Jul-2024,22850.0,CE,0.0,0.0,0.0,712.35,576.3,0,0.0,0,0,06-MAY-2024,
OPTIDX,NIFTY,25-Jul-2024,22900.0,CE,662.45,675.15,649.1,669.55,553.25,79,465.45,3075,1500,06-MAY-2024,
OPTIDX,NIFTY,25-Jul-2024,22950.0,CE,0.0,0.0,0.0,635.6,530.9,0,0.0,50,0,06-MAY-2024,
OPTIDX,NIFTY,25-Jul-2024,23000.0,CE,639.8,657.15,596.0,612.35,612.35,775,4576.86,44325,3350,06-MAY-2024,
OPTIDX,NIFTY,25-Jul-2024,23050.0,CE,0.0,0.0,0.0,615.2,488.0,0,0.0,0,0,06-MAY-2024,
OPTIDX,NIFTY,25-Jul-2024,23100.0,CE,570.0,574.0,553.0,563.0,563.0,28,165.65,2025,375,06-MAY-2024,
OPTIDX,NIFTY,25-Jul-2024,23150.0,CE,0.0,0.0,0.0,570.2,447.6,0,0.0,0,0,06-MAY-2024,
OPTIDX,NIFTY,25-Jul-2024,23200.0,CE,526.0,527.0,511.0,516.9,428.35,15,88.95,1075,275,06-MAY-2024,
OPTIDX,NIFTY,25-Jul-2024,23250.0,CE,0.0,0.0,0.0,527.55,409.7,0,0.0,0,0,06-MAY-2024,
OPTIDX,NIFTY,25-Jul-2024,23300.0,CE,513.9,513.9,462.5,479.8,479.8,73,433.9,1825,1100,06-MAY-2024,
OPTIDX,NIFTY,25-Jul-2024,23350.0,CE,0.0,0.0,0.0,487.25,374.15,0,0.0,0,0,06-MAY-2024,
OPTIDX,NIFTY,25-Jul-2024,23400.0,CE,420.9,442.5,420.9,431.15,357.3,69,411.15,2075,825,06-MAY-2024,
OPTIDX,NIFTY,25-Jul-2024,23450.0,CE,425.55,425.55,425.55,425.55,340.95,7,41.78,175,175,06-MAY-2024,
OPTIDX,NIFTY,25-Jul-2024,23500.0,CE,405.4,427.85,390.0,400.65,400.65,482,2880.29,31750,3400,06-MAY-2024,
OPTIDX,NIFTY,25-Jul-2024,23550.0,CE,0.0,0.0,0.0,383.1,310.05,0,0.0,0,0,06-MAY-2024,
OPTIDX,NIFTY,25-Jul-2024,23600.0,CE,367.75,367.75,351.55,367.15,295.4,99,593.06,2275,1475,06-MAY-2024,
OPTIDX,NIFTY,25-Jul-2024,23650.0,CE,0.0,0.0,0.0,379.6,281.3,0,0.0,0,0,06-MAY-2024,
OPTIDX,NIFTY,25-Jul-2024,23700.0,CE,0.0,0.0,0.0,350.75,267.7,0,0.0,250,0,06-MAY-2024,
OPTIDX,NIFTY,25-Jul-2024,23750.0,CE,0.0,0.0,0.0,348.0,254.65,0,0.0,0,0,06-MAY-2024,
OPTIDX,NIFTY,25-Jul-2024,23800.0,CE,0.0,0.0,0.0,332.95,243.05,0,0.0,0,0,06-MAY-2024,
OPTIDX,NIFTY,25-Jul-2024,23850.0,CE,0.0,0.0,0.0,275.3,231.1,0,0.0,25,0,06-MAY-2024,
OPTIDX,NIFTY,25-Jul-2024,23900.0,CE,250.0,250.0,250.0,250.0,218.65,2,12.07,50,50,06-MAY-2024,
OPTIDX,NIFTY,25-Jul-2024,23950.0,CE,0.0,0.0,0.0,290.85,207.55,0,0.0,0,0,06-MAY-2024,
OPTIDX,NIFTY,25-Jul-2024,24000.0,CE,249.95,266.25,233.05,242.3,242.3,3384,20511.69,89425,47450,06-MAY-2024,
OPTIDX,NIFTY,25-Jul-2024,24050.0,CE,0.0,0.0,0.0,266.15,186.7,0,0.0,0,0,06-MAY-2024,
OPTIDX,NIFTY,25-Jul-2024,24100.0,CE,0.0,0.0,0.0,210.0,176.9,0,0.0,25,0,06-MAY-2024,
OPTIDX,NIFTY,25-Jul-2024,24150.0,CE,0.0,0.0,0.0,242.45,167.55,0,0.0,0,0,06-MAY-2024,
OPTIDX,NIFTY,25-Jul-2024,24200.0,CE,0.0,0.0,0.0,230.3,158.55,0,0.0,0,0,06-MAY-2024,
OPTIDX,NIFTY,25-Jul-2024,24250.0,CE,0.0,0.0,0.0,219.45,150.0,0,0.0,0,0,06-MAY-2024,
OPTIDX,NIFTY,25-Jul-2024,24300.0,CE,172.75,179.3,157.7,165.2,165.2,918,5614.67,45675,775,06-MAY-2024,
OPTIDX,NIFTY,25-Jul-2024,24350.0,CE,143.05,143.05,143.05,143.05,143.05,2,12.24,400,0,06-MAY-2024,
OPTIDX,NIFTY,25-Jul-2024,24400.0,CE,147.0,159.6,137.3,142.65,142.65,2467,15137.79,53875,50750,06-MAY-2024,
OPTIDX,NIFTY,25-Jul-2024,20650.0,PE,0.0,0.0,0.0,45.75,43.65,0,0.0,0,0,06-MAY-2024,
OPTIDX,NIFTY,25-Jul-2024,20700.0,PE,0.0,0.0,0.0,49.45,47.4,0,0.0,0,0,06-MAY-2024,
OPTIDX,NIFTY,25-Jul-2024,20750.0,PE,0.0,0.0,0.0,53.35,51.4,0,0.0,0,0,06-MAY-2024,
OPTIDX,NIFTY,25-Jul-2024,20800.0,PE,132.8,159.35,130.3,152.35,152.35,1868,9781.2,113975,25325,06-MAY-2024,
OPTIDX,NIFTY,25-Jul-2024,20850.0,PE,0.0,0.0,0.0,61.95,60.3,0,0.0,0,0,06-MAY-2024,
OPTIDX,NIFTY,25-Jul-2024,20900.0,PE,150.0,174.2,145.3,170.55,170.55,1656,8718.12,109025,21575,06-MAY-2024,
OPTIDX,NIFTY,25-Jul-2024,20950.0,PE,0.0,0.0,0.0,71.65,70.35,0,0.0,0,0,06-MAY-2024,
OPTIDX,NIFTY,25-Jul-2024,21000.0,PE,174.9,195.0,163.4,188.35,188.35,4487,23760.94,245625,54975,06-MAY-2024,
OPTIDX,NIFTY,25-Jul-2024,21050.0,PE,0.0,0.0,0.0,82.5,81.7,0,0.0,0,0,06-MAY-2024,
OPTIDX,NIFTY,25-Jul-2024,21100.0,PE,0.0,0.0,0.0,85.65,87.95,0,0.0,650,0,06-MAY-2024,
OPTIDX,NIFTY,25-Jul-2024,21150.0,PE,0.0,0.0,0.0,94.65,94.5,0,0.0,0,0,06-MAY-2024,
OPTIDX,NIFTY,25-Jul-2024,21200.0,PE,0.0,0.0,0.0,194.45,101.45,0,0.0,250,0,06-MAY-2024,
OPTIDX,NIFTY,25-Jul-2024,21250.0,PE,0.0,0.0,0.0,108.2,108.85,0,0.0,0,0,06-MAY-2024,
OPTIDX,NIFTY,25-Jul-2024,21300.0,PE,0.0,0.0,0.0,115.5,116.6,0,0.0,0,0,06-MAY-2024,
OPTIDX,NIFTY,25-Jul-2024,21350.0,PE,0.0,0.0,0.0,123.15,124.8,0,0.0,0,0,06-MAY-2024,
OPTIDX,NIFTY,25-Jul-2024,21400.0,PE,0.0,0.0,0.0,131.25,133.4,0,0.0,0,0,06-MAY-2024,
OPTIDX,NIFTY,25-Jul-2024,21450.0,PE,0.0,0.0,0.0,139.7,142.45,0,0.0,0,0,06-MAY-2024,
OPTIDX,NIFTY,25-Jul-2024,21500.0,PE,262.0,293.25,253.0,287.15,287.15,2258,12295.25,114900,24975,06-MAY-2024,
OPTIDX,NIFTY,25-Jul-2024,21550.0,PE,0.0,0.0,0.0,157.9,162.0,0,0.0,0,0,06-MAY-2024,
OPTIDX,NIFTY,25-Jul-2024,21600.0,PE,0.0,0.0,0.0,167.65,172.5,0,0.0,0,0,06-MAY-2024,
OPTIDX,NIFTY,25-Jul-2024,21650.0,PE,0.0,0.0,0.0,177.8,183.5,0,0.0,0,0,06-MAY-2024,
OPTIDX,NIFTY,25-Jul-2024,21700.0,PE,0.0,0.0,0.0,188.45,195.0,0,0.0,0,0,06-MAY-2024,
OPTIDX,NIFTY,25-Jul-2024,21750.0,PE,0.0,0.0,0.0,199.6,207.05,0,0.0,0,0,06-MAY-2024,
OPTIDX,NIFTY,25-Jul-2024,21800.0,PE,325.0,362.7,315.0,351.5,351.5,117,647.79,5775,1200,06-MAY-2024,
OPTIDX,NIFTY,25-Jul-2024,21850.0,PE,0.0,0.0,0.0,210.35,233.45,0,0.0,75,0,06-MAY-2024,
OPTIDX,NIFTY,25-Jul-2024,21900.0,PE,358.75,389.5,338.2,380.7,380.7,322,1792.15,6975,1150,06-MAY-2024,
OPTIDX,NIFTY,25-Jul-2024,21950.0,PE,0.0,0.0,0.0,249.6,260.45,0,0.0,0,0,06-MAY-2024,
OPTIDX,NIFTY,25-Jul-2024,22000.0,PE,376.4,425.05,369.0,411.5,411.5,2549,14278.23,134750,12050,06-MAY-2024,
OPTIDX,NIFTY,25-Jul-2024,22050.0,PE,0.0,0.0,0.0,276.4,290.7,0,0.0,0,0,06-MAY-2024,
OPTIDX,NIFTY,25-Jul-2024,22100.0,PE,442.55,442.55,442.55,442.55,306.75,2,11.27,175,-50,06-MAY-2024,
OPTIDX,NIFTY,25-Jul-2024,22150.0,PE,0.0,0.0,0.0,306.25,323.4,0,0.0,0,0,06-MAY-2024,
OPTIDX,NIFTY,25-Jul-2024,22200.0,PE,450.6,492.9,449.5,470.75,340.6,95,538.33,1650,625,06-MAY-2024,
OPTIDX,NIFTY,25-Jul-2024,22250.0,PE,494.55,494.55,483.55,484.9,358.5,6,34.1,150,150,06-MAY-2024,
OPTIDX,NIFTY,25-Jul-2024,22300.0,PE,496.0,515.0,486.5,509.25,509.25,25,142.52,1500,-75,06-MAY-2024,
OPTIDX,NIFTY,25-Jul-2024,22350.0,PE,519.7,523.8,519.7,523.65,523.65,10,57.18,250,200,06-MAY-2024,
OPTIDX,NIFTY,25-Jul-2024,22400.0,PE,501.35,566.9,501.35,547.6,547.6,121,694.09,3050,-375,06-MAY-2024,
OPTIDX,NIFTY,25-Jul-2024,22450.0,PE,531.3,569.25,531.3,566.75,566.75,22,126.54,450,450,06-MAY-2024,
OPTIDX,NIFTY,25-Jul-2024,22500.0,PE,540.25,605.2,524.2,591.65,591.65,3310,19096.27,95500,40550,06-MAY-2024,
OPTIDX,NIFTY,25-Jul-2024,22550.0,PE,591.75,595.25,591.75,595.25,478.9,4,23.14,50,25,06-MAY-2024,
OPTIDX,NIFTY,25-Jul-2024,22600.0,PE,575.05,643.05,563.2,626.8,626.8,1100,6382.03,17775,13925,06-MAY-2024,
OPTIDX,NIFTY,25-Jul-2024,22650.0,PE,629.55,629.55,629.55,629.55,524.15,1,5.81,125,25,06-MAY-2024,
OPTIDX,NIFTY,25-Jul-2024,22700.0,PE,612.3,680.0,610.0,669.45,669.45,845,4935.91,15400,11100,06-MAY-2024,
OPTIDX,NIFTY,25-Jul-2024,22750.0,PE,661.2,673.3,661.2,673.3,572.05,4,23.41,100,0,06-MAY-2024,
OPTIDX,NIFTY,25-Jul-2024,22800.0,PE,655.0,725.0,640.65,711.0,711.0,71,417.12,2325,600,06-MAY-2024,
OPTIDX,NIFTY,25-Jul-2024,22850.0,PE,0.0,0.0,0.0,579.35,622.4,0,0.0,0,0,06-MAY-2024,
OPTIDX,NIFTY,25-Jul-2024,22900.0,PE,700.0,760.3,700.0,744.0,648.55,23,135.89,1600,400,06-MAY-2024,
OPTIDX,NIFTY,25-Jul-2024,22950.0,PE,0.0,0.0,0.0,627.75,675.4,0,0.0,0,0,06-MAY-2024,
OPTIDX,NIFTY,25-Jul-2024,23000.0,PE,752.0,831.1,726.85,810.4,810.4,595,3539.64,34275,5150,06-MAY-2024,
OPTIDX,NIFTY,25-Jul-2024,23050.0,PE,0.0,0.0,0.0,574.75,730.9,0,0.0,25,0,06-MAY-2024,
OPTIDX,NIFTY,25-Jul-2024,23100.0,PE,834.0,859.0,812.0,858.5,858.5,43,257.38,300,-475,06-MAY-2024,
OPTIDX,NIFTY,25-Jul-2024,23150.0,PE,0.0,0.0,0.0,731.8,788.95,0,0.0,0,0,06-MAY-2024,
OPTIDX,NIFTY,25-Jul-2024,23200.0,PE,886.05,919.0,863.0,905.7,905.7,60,361.49,800,500,06-MAY-2024,
OPTIDX,NIFTY,25-Jul-2024,23250.0,PE,0.0,0.0,0.0,787.35,849.45,0,0.0,0,0,06-MAY-2024,
OPTIDX,NIFTY,25-Jul-2024,23300.0,PE,944.0,979.0,916.0,953.0,880.6,63,381.87,850,775,06-MAY-2024,
OPTIDX,NIFTY,25-Jul-2024,23350.0,PE,0.0,0.0,0.0,845.2,912.35,0,0.0,0,0,06-MAY-2024,
OPTIDX,NIFTY,25-Jul-2024,23400.0,PE,945.0,1026.0,945.0,1026.0,944.65,8,48.77,275,0,06-MAY-2024,
OPTIDX,NIFTY,25-Jul-2024,23450.0,PE,0.0,0.0,0.0,905.3,977.55,0,0.0,0,0,06-MAY-2024,
OPTIDX,NIFTY,25-Jul-2024,23500.0,PE,1031.7,1095.4,1015.4,1067.0,1011.05,57,350.03,5275,300,06-MAY-2024,
OPTIDX,NIFTY,25-Jul-2024,23550.0,PE,0.0,0.0,0.0,967.65,1045.05,0,0.0,0,0,06-MAY-2024,
OPTIDX,NIFTY,25-Jul-2024,23600.0,PE,1150.15,1150.15,1137.95,1146.15,1146.15,48,296.95,6050,-550,06-MAY-2024,
OPTIDX,NIFTY,25-Jul-2024,23650.0,PE,0.0,0.0,0.0,1032.1,1114.7,0,0.0,0,0,06-MAY-2024,
OPTIDX,NIFTY,25-Jul-2024,23700.0,PE,0.0,0.0,0.0,1065.15,1150.35,0,0.0,0,0,06-MAY-2024,
OPTIDX,NIFTY,25-Jul-2024,23750.0,PE,0.0,0.0,0.0,1098.7,1186.5,0,0.0,0,0,06-MAY-2024,
OPTIDX,NIFTY,25-Jul-2024,23800.0,PE,1264.55,1279.25,1255.05,1262.7,1262.7,34,213.03,350,350,06-MAY-2024,
OPTIDX,NIFTY,25-Jul-2024,23850.0,PE,1297.85,1300.35,1296.15,1297.8,1297.8,32,201.18,800,800,06-MAY-2024,
OPTIDX,NIFTY,25-Jul-2024,23900.0,PE,1331.9,1334.2,1330.65,1332.7,1332.7,20,126.16,500,500,06-MAY-2024,
OPTIDX,NIFTY,25-Jul-2024,23950.0,PE,1365.75,1368.45,1364.95,1366.8,1366.8,20,126.58,500,500,06-MAY-2024,
OPTIDX,NIFTY,25-Jul-2024,24000.0,PE,1381.75,1443.0,1349.0,1400.0,1374.8,9,57.14,525,125,06-MAY-2024,
OPTIDX,NIFTY,25-Jul-2024,24050.0,PE,1435.25,1440.8,1435.25,1437.1,1437.1,26,165.66,650,650,06-MAY-2024,
OPTIDX,NIFTY,25-Jul-2024,24100.0,PE,1470.25,1477.0,1470.25,1474.2,1474.2,22,140.65,550,550,06-MAY-2024,
OPTIDX,NIFTY,25-Jul-2024,24150.0,PE,1530.15,1530.15,1530.15,1530.15,1530.15,2,12.84,50,50,06-MAY-2024,
OPTIDX,NIFTY,25-Jul-2024,24200.0,PE,1545.95,1545.95,1545.95,1545.95,1533.3,2,12.87,50,50,06-MAY-2024,
OPTIDX,NIFTY,25-Jul-2024,24250.0,PE,1583.5,1588.15,1583.5,1588.15,1573.95,6,38.75,150,150,06-MAY-2024,
OPTIDX,NIFTY,25-Jul-2024,24300.0,PE,1624.7,1624.7,1622.45,1622.45,1615.0,14,90.73,350,350,06-MAY-2024,
OPTIDX,NIFTY,25-Jul-2024,24350.0,PE,1658.15,1663.2,1658.15,1663.2,1656.4,14,91.03,350,350,06-MAY-2024,
OPTIDX,NIFTY,25-Jul-2024,24400.0,PE,1699.0,1699.1,1697.15,1698.2,1698.15,14,91.34,350,350,06-MAY-2024,
OPTIDX,NIFTY,26-Sep-2024,16000.0,CE,0.0,0.0,0.0,4667.4,6892.0,0,0.0,0,0,06-MAY-2024,
OPTIDX,NIFTY,26-Sep-2024,17000.0,CE,0.0,0.0,0.0,3800.4,5920.25,0,0.0,0,0,06-MAY-2024,
OPTIDX,NIFTY,26-Sep-2024,18000.0,CE,0.0,0.0,0.0,4860.0,4949.6,0,0.0,50,0,06-MAY-2024,
OPTIDX,NIFTY,26-Sep-2024,19000.0,CE,0.0,0.0,0.0,2277.4,3985.65,0,0.0,0,0,06-MAY-2024,
OPTIDX,NIFTY,26-Sep-2024,20000.0,CE,0.0,0.0,0.0,1666.45,3047.1,0,0.0,0,0,06-MAY-2024,
OPTIDX,NIFTY,26-Sep-2024,21000.0,CE,0.0,0.0,0.0,2179.6,2174.2,0,0.0,100,0,06-MAY-2024,
OPTIDX,NIFTY,26-Sep-2024,22000.0,CE,1525.65,1569.8,1453.0,1475.15,1475.15,80,470.01,49450,-300,06-MAY-2024,
OPTIDX,NIFTY,26-Sep-2024,23000.0,CE,911.55,931.9,864.3,883.0,883.0,834,4981.38,156050,-2675,06-MAY-2024,
OPTIDX,NIFTY,26-Sep-2024,24000.0,CE,451.0,485.9,437.95,444.2,444.2,837,5116.75,162675,6125,06-MAY-2024,
OPTIDX,NIFTY,26-Sep-2024,25000.0,CE,193.15,234.5,183.75,195.35,195.35,750,4724.98,148350,1150,06-MAY-2024,
OPTIDX,NIFTY,26-Sep-2024,26000.0,CE,81.0,81.0,70.65,74.5,74.5,100,651.89,33500,1575,06-MAY-2024,
OPTIDX,NIFTY,26-Sep-2024,27000.0,CE,0.0,0.0,0.0,68.7,35.25,0,0.0,0,0,06-MAY-2024,
OPTIDX,NIFTY,26-Sep-2024,28000.0,CE,0.0,0.0,0.0,38.55,12.25,0,0.0,0,0,06-MAY-2024,
OPTIDX,NIFTY,26-Sep-2024,16000.0,PE,0.0,0.0,0.0,39.75,0.05,0,0.0,0,0,06-MAY-2024,
OPTIDX,NIFTY,26-Sep-2024,17000.0,PE,0.0,0.0,0.0,103.7,0.15,0,0.0,0,0,06-MAY-2024,
OPTIDX,NIFTY,26-Sep-2024,18000.0,PE,0.0,0.0,0.0,229.25,1.45,0,0.0,0,0,06-MAY-2024,
OPTIDX,NIFTY,26-Sep-2024,19000.0,PE,40.0,68.0,40.0,67.5,67.5,334,1591.51,23500,4675,06-MAY-2024,
OPTIDX,NIFTY,26-Sep-2024,20000.0,PE,103.35,124.0,103.35,118.3,118.3,850,4274.31,152750,8225,06-MAY-2024,
OPTIDX,NIFTY,26-Sep-2024,21000.0,PE,216.0,244.7,203.35,234.7,234.7,1360,7218.99,464250,2425,06-MAY-2024,
OPTIDX,NIFTY,26-Sep-2024,22000.0,PE,435.0,476.25,418.2,457.0,457.0,1461,8200.11,363525,8550,06-MAY-2024,
OPTIDX,NIFTY,26-Sep-2024,23000.0,PE,776.95,845.15,761.15,828.9,828.9,1235,7349.44,158225,-3775,06-MAY-2024,
OPTIDX,NIFTY,26-Sep-2024,24000.0,PE,1400.0,1400.0,1191.55,1344.05,1344.05,50,316.79,14125,300,06-MAY-2024,
OPTIDX,NIFTY,26-Sep-2024,25000.0,PE,0.0,0.0,0.0,3952.4,2069.65,0,0.0,0,0,06-MAY-2024,
OPTIDX,NIFTY,26-Sep-2024,26000.0,PE,0.0,0.0,0.0,4801.5,2918.9,0,0.0,0,0,06-MAY-2024,
OPTIDX,NIFTY,26-Sep-2024,27000.0,PE,0.0,0.0,0.0,5681.95,3834.4,0,0.0,0,0,06-MAY-2024,
OPTIDX,NIFTY,26-Sep-2024,28000.0,PE,0.0,0.0,0.0,6582.8,4783.3,0,0.0,0,0,06-MAY-2024,
OPTIDX,NIFTY,26-Dec-2024,14000.0,CE,0.0,0.0,0.0,8800.0,9080.25,0,0.0,100,0,06-MAY-2024,
OPTIDX,NIFTY,26-Dec-2024,15000.0,CE,0.0,0.0,0.0,8270.0,8125.8,0,0.0,2550,0,06-MAY-2024,
OPTIDX,NIFTY,26-Dec-2024,16000.0,CE,0.0,0.0,0.0,6951.0,7171.55,0,0.0,21800,0,06-MAY-2024,
OPTIDX,NIFTY,26-Dec-2024,17000.0,CE,0.0,0.0,0.0,6403.0,6218.35,0,0.0,15475,0,06-MAY-2024,
OPTIDX,NIFTY,26-Dec-2024,18000.0,CE,5175.0,5175.0,5175.0,5175.0,5269.8,1,5.79,26275,25,06-MAY-2024,
OPTIDX,NIFTY,26-Dec-2024,18500.0,CE,0.0,0.0,0.0,4400.0,4800.05,0,0.0,1000,0,06-MAY-2024,
OPTIDX,NIFTY,26-Dec-2024,19000.0,CE,4310.0,4345.0,4280.0,4309.0,4309.0,18,104.91,76350,-25,06-MAY-2024,
OPTIDX,NIFTY,26-Dec-2024,20000.0,CE,3455.0,3500.0,3404.2,3450.0,3450.0,50,293.2,108750,550,06-MAY-2024,
OPTIDX,NIFTY,26-Dec-2024,21000.0,CE,2673.15,2699.95,2600.0,2616.05,2616.05,176,1040.3,176325,1175,06-MAY-2024,
OPTIDX,NIFTY,26-Dec-2024,22000.0,CE,1950.0,2084.5,1856.35,1888.05,1888.05,533,3186.87,348475,175,06-MAY-2024,
OPTIDX,NIFTY,26-Dec-2024,23000.0,CE,1276.8,1315.0,1241.15,1264.7,1264.7,805,4884.97,255875,2325,06-MAY-2024,
OPTIDX,NIFTY,26-Dec-2024,24000.0,CE,772.05,785.15,740.0,756.85,756.85,995,6158.37,276600,325,06-MAY-2024,
OPTIDX,NIFTY,26-Dec-2024,25000.0,CE,409.9,419.55,384.55,405.7,405.7,1840,11687.16,340950,975,06-MAY-2024,
OPTIDX,NIFTY,26-Dec-2024,26000.0,CE,188.85,200.0,181.6,194.7,194.7,536,3509.99,213350,4450,06-MAY-2024,
OPTIDX,NIFTY,26-Dec-2024,27000.0,CE,88.05,110.0,88.0,98.6,98.6,275,1862.84,79375,2700,06-MAY-2024,
OPTIDX,NIFTY,26-Dec-2024,28000.0,CE,61.0,70.0,58.9,64.45,64.45,42,294.65,14025,525,06-MAY-2024,
OPTIDX,NIFTY,26-Dec-2024,14000.0,PE,0.0,0.0,0.0,20.5,0.0,0,0.0,3300,0,06-MAY-2024,
OPTIDX,NIFTY,26-Dec-2024,15000.0,PE,0.0,0.0,0.0,3.05,0.05,0,0.0,28700,0,06-MAY-2024,
OPTIDX,NIFTY,26-Dec-2024,16000.0,PE,0.0,0.0,0.0,3.2,0.25,0,0.0,17225,0,06-MAY-2024,
OPTIDX,NIFTY,26-Dec-2024,17000.0,PE,0.0,0.0,0.0,12.0,1.5,0,0.0,74525,0,06-MAY-2024,
OPTIDX,NIFTY,26-Dec-2024,18000.0,PE,58.55,65.0,47.6,61.8,61.8,332,1498.76,337025,2550,06-MAY-2024,
OPTIDX,NIFTY,26-Dec-2024,19000.0,PE,96.35,100.95,85.0,96.75,96.75,988,4716.79,442225,-8125,06-MAY-2024,
OPTIDX,NIFTY,26-Dec-2024,20000.0,PE,154.0,168.0,147.75,165.9,165.9,1727,8705.15,578750,-6225,06-MAY-2024,
OPTIDX,NIFTY,26-Dec-2024,21000.0,PE,274.4,294.9,261.15,289.7,289.7,3025,16093.26,1142900,9300,06-MAY-2024,
OPTIDX,NIFTY,26-Dec-2024,22000.0,PE,480.0,519.8,456.4,510.05,510.05,2831,15920.29,1297450,10400,06-MAY-2024,
OPTIDX,NIFTY,26-Dec-2024,23000.0,PE,775.0,838.3,744.2,819.45,819.45,2659,15816.86,464875,1125,06-MAY-2024,
OPTIDX,NIFTY,26-Dec-2024,24000.0,PE,1156.05,1274.7,1150.0,1256.5,1256.5,898,5663.55,158200,4550,06-MAY-2024,
OPTIDX,NIFTY,26-Dec-2024,25000.0,PE,1780.0,1877.4,1750.0,1854.0,1854.0,339,2273.39,112825,5375,06-MAY-2024,
OPTIDX,NIFTY,26-Dec-2024,26000.0,PE,2453.05,2600.0,2450.0,2572.0,2572.0,54,385.06,77375,250,06-MAY-2024,
OPTIDX,NIFTY,26-Dec-2024,27000.0,PE,0.0,0.0,0.0,3285.55,3479.45,0,0.0,100,0,06-MAY-2024,
OPTIDX,NIFTY,26-Dec-2024,28000.0,PE,0.0,0.0,0.0,7598.3,4359.55,0,0.0,0,0,06-MAY-2024,
OPTIDX,NIFTY,27-Mar-2025,17000.0,CE,0.0,0.0,0.0,6546.85,6512.8,0,0.0,0,0,06-MAY-2024,
OPTIDX,NIFTY,27-Mar-2025,18000.0,CE,0.0,0.0,0.0,5634.6,5587.2,0,0.0,0,0,06-MAY-2024,
OPTIDX,NIFTY,27-Mar-2025,19000.0,CE,0.0,0.0,0.0,4745.3,4681.2,0,0.0,0,0,06-MAY-2024,
OPTIDX,NIFTY,27-Mar-2025,20000.0,CE,0.0,0.0,0.0,3896.85,3813.25,0,0.0,0,0,06-MAY-2024,
OPTIDX,NIFTY,27-Mar-2025,21000.0,CE,0.0,0.0,0.0,3110.65,3007.4,0,0.0,0,0,06-MAY-2024,
OPTIDX,NIFTY,27-Mar-2025,22000.0,CE,0.0,0.0,0.0,2408.3,2289.05,0,0.0,0,0,06-MAY-2024,
OPTIDX,NIFTY,27-Mar-2025,23000.0,CE,0.0,0.0,0.0,1804.3,1676.15,0,0.0,0,0,06-MAY-2024,
OPTIDX,NIFTY,27-Mar-2025,24000.0,CE,0.0,0.0,0.0,1308.5,1180.6,0,0.0,0,0,06-MAY-2024,
OPTIDX,NIFTY,27-Mar-2025,25000.0,CE,0.0,0.0,0.0,918.35,799.55,0,0.0,0,0,06-MAY-2024,
OPTIDX,NIFTY,27-Mar-2025,26000.0,CE,0.0,0.0,0.0,624.25,522.05,0,0.0,0,0,06-MAY-2024,
OPTIDX,NIFTY,27-Mar-2025,27000.0,CE,0.0,0.0,0.0,412.1,327.7,0,0.0,0,0,06-MAY-2024,
OPTIDX,NIFTY,27-Mar-2025,28000.0,CE,0.0,0.0,0.0,264.0,198.75,0,0.0,0,0,06-MAY-2024,
OPTIDX,NIFTY,27-Mar-2025,17000.0,PE,0.0,0.0,0.0,7.65,4.5,0,0.0,0,0,06-MAY-2024,
OPTIDX,NIFTY,27-Mar-2025,18000.0,PE,0.0,0.0,0.0,24.15,16.25,0,0.0,0,0,06-MAY-2024,
OPTIDX,NIFTY,27-Mar-2025,19000.0,PE,0.0,0.0,0.0,63.55,47.5,0,0.0,0,0,06-MAY-2024,
OPTIDX,NIFTY,27-Mar-2025,20000.0,PE,0.0,0.0,0.0,139.9,116.9,0,0.0,50,0,06-MAY-2024,
OPTIDX,NIFTY,27-Mar-2025,21000.0,PE,0.0,0.0,0.0,286.25,248.4,0,0.0,0,0,06-MAY-2024,
OPTIDX,NIFTY,27-Mar-2025,22000.0,PE,0.0,0.0,0.0,500.0,467.35,0,0.0,50,0,06-MAY-2024,
OPTIDX,NIFTY,27-Mar-2025,23000.0,PE,0.0,0.0,0.0,780.0,791.75,0,0.0,100,0,06-MAY-2024,
OPTIDX,NIFTY,27-Mar-2025,24000.0,PE,0.0,0.0,0.0,1270.15,1233.55,0,0.0,0,0,06-MAY-2024,
OPTIDX,NIFTY,27-Mar-2025,25000.0,PE,0.0,0.0,0.0,1808.7,1789.8,0,0.0,0,0,06-MAY-2024,
OPTIDX,NIFTY,27-Mar-2025,26000.0,PE,0.0,0.0,0.0,2443.3,2449.6,0,0.0,0,0,06-MAY-2024,
OPTIDX,NIFTY,27-Mar-2025,27000.0,PE,0.0,0.0,0.0,3159.85,3192.6,0,0.0,0,0,06-MAY-2024,
OPTIDX,NIFTY,27-Mar-2025,28000.0,PE,0.0,0.0,0.0,3940.45,4000.95,0,0.0,0,0,06-MAY-2024,
OPTIDX,NIFTY,26-Jun-2025,16000.0,CE,0.0,0.0,0.0,3227.55,7717.4,0,0.0,0,0,06-MAY-2024,
OPTIDX,NIFTY,26-Jun-2025,17000.0,CE,0.0,0.0,0.0,6640.0,6803.15,0,0.0,2800,0,06-MAY-2024,
OPTIDX,NIFTY,26-Jun-2025,18000.0,CE,0.0,0.0,0.0,5600.0,5899.75,0,0.0,2250,0,06-MAY-2024,
OPTIDX,NIFTY,26-Jun-2025,19000.0,CE,0.0,0.0,0.0,3077.9,5018.2,0,0.0,0,0,06-MAY-2024,
OPTIDX,NIFTY,26-Jun-2025,20000.0,CE,0.0,0.0,0.0,3180.85,4174.6,0,0.0,0,0,06-MAY-2024,
OPTIDX,NIFTY,26-Jun-2025,21000.0,CE,0.0,0.0,0.0,3199.45,3387.95,0,0.0,0,0,06-MAY-2024,
OPTIDX,NIFTY,26-Jun-2025,22000.0,CE,0.0,0.0,0.0,2088.15,2677.6,0,0.0,0,0,06-MAY-2024,
OPTIDX,NIFTY,26-Jun-2025,23000.0,CE,0.0,0.0,0.0,2003.65,2056.5,0,0.0,0,0,06-MAY-2024,
OPTIDX,NIFTY,26-Jun-2025,24000.0,CE,0.0,0.0,0.0,1100.85,1535.85,0,0.0,0,0,06-MAY-2024,
OPTIDX,NIFTY,26-Jun-2025,25000.0,CE,0.0,0.0,0.0,600.0,1114.85,0,0.0,100,0,06-MAY-2024,
OPTIDX,NIFTY,26-Jun-2025,26000.0,CE,0.0,0.0,0.0,811.85,787.1,0,0.0,0,0,06-MAY-2024,
OPTIDX,NIFTY,26-Jun-2025,27000.0,CE,0.0,0.0,0.0,803.5,542.3,0,0.0,0,0,06-MAY-2024,
OPTIDX,NIFTY,26-Jun-2025,28000.0,CE,0.0,0.0,0.0,912.95,363.2,0,0.0,0,0,06-MAY-2024,
OPTIDX,NIFTY,26-Jun-2025,14000.0,PE,0.0,0.0,0.0,4.35,0.1,0,0.0,1150,0,06-MAY-2024,
OPTIDX,NIFTY,26-Jun-2025,15000.0,PE,0.0,0.0,0.0,16.2,0.55,0,0.0,1800,0,06-MAY-2024,
OPTIDX,NIFTY,26-Jun-2025,16000.0,PE,0.0,0.0,0.0,129.2,2.4,0,0.0,100,0,06-MAY-2024,
OPTIDX,NIFTY,26-Jun-2025,17000.0,PE,0.0,0.0,0.0,3497.35,8.65,0,0.0,0,0,06-MAY-2024,
OPTIDX,NIFTY,26-Jun-2025,18000.0,PE,0.0,0.0,0.0,188.1,25.7,0,0.0,250,0,06-MAY-2024,
OPTIDX,NIFTY,26-Jun-2025,19000.0,PE,0.0,0.0,0.0,100.0,64.65,0,0.0,600050,0,06-MAY-2024,
OPTIDX,NIFTY,26-Jun-2025,20000.0,PE,202.4,289.95,202.4,287.7,287.7,29,146.96,456550,-500,06-MAY-2024,
OPTIDX,NIFTY,26-Jun-2025,21000.0,PE,0.0,0.0,0.0,359.0,275.35,0,0.0,550,0,06-MAY-2024,
OPTIDX,NIFTY,26-Jun-2025,22000.0,PE,0.0,0.0,0.0,560.0,485.5,0,0.0,675,0,06-MAY-2024,
OPTIDX,NIFTY,26-Jun-2025,23000.0,PE,0.0,0.0,0.0,770.0,784.85,0,0.0,1150,0,06-MAY-2024,
OPTIDX,NIFTY,26-Jun-2025,24000.0,PE,0.0,0.0,0.0,5875.1,1184.7,0,0.0,0,0,06-MAY-2024,
OPTIDX,NIFTY,26-Jun-2025,25000.0,PE,0.0,0.0,0.0,6576.35,1684.15,0,0.0,0,0,06-MAY-2024,
OPTIDX,NIFTY,26-Jun-2025,26000.0,PE,0.0,0.0,0.0,7299.0,2276.9,0,0.0,0,0,06-MAY-2024,
OPTIDX,NIFTY,26-Jun-2025,27000.0,PE,0.0,0.0,0.0,7438.15,2952.6,0,0.0,0,0,06-MAY-2024,
OPTIDX,NIFTY,26-Jun-2025,28000.0,PE,0.0,0.0,0.0,7207.55,3694.0,0,0.0,0,0,06-MAY-2024,
OPTIDX,NIFTY,24-Dec-2025,16000.0,CE,0.0,0.0,0.0,7200.0,8242.95,0,0.0,50,0,06-MAY-2024,
OPTIDX,NIFTY,24-Dec-2025,17000.0,CE,0.0,0.0,0.0,5080.0,7366.45,0,0.0,650,0,06-MAY-2024,
OPTIDX,NIFTY,24-Dec-2025,18000.0,CE,0.0,0.0,0.0,6500.0,6503.3,0,0.0,5650,0,06-MAY-2024,
OPTIDX,NIFTY,24-Dec-2025,19000.0,CE,0.0,0.0,0.0,6000.0,5663.05,0,0.0,3200,0,06-MAY-2024,
OPTIDX,NIFTY,24-Dec-2025,19500.0,CE,0.0,0.0,0.0,4500.0,5255.15,0,0.0,1450,0,06-MAY-2024,
OPTIDX,NIFTY,24-Dec-2025,20000.0,CE,0.0,0.0,0.0,5000.0,4857.5,0,0.0,425,0,06-MAY-2024,
OPTIDX,NIFTY,24-Dec-2025,21000.0,CE,0.0,0.0,0.0,1400.0,4099.55,0,0.0,100,0,06-MAY-2024,
OPTIDX,NIFTY,24-Dec-2025,22000.0,CE,0.0,0.0,0.0,3600.0,3401.55,0,0.0,2425,0,06-MAY-2024,
OPTIDX,NIFTY,24-Dec-2025,23000.0,CE,0.0,0.0,0.0,2900.0,2772.95,0,0.0,5175,0,06-MAY-2024,
OPTIDX,NIFTY,24-Dec-2025,24000.0,CE,2300.0,2300.0,2300.0,2300.0,2221.8,1,6.57,1325,25,06-MAY-2024,
OPTIDX,NIFTY,24-Dec-2025,25000.0,CE,0.0,0.0,0.0,1222.85,1749.55,0,0.0,0,0,06-MAY-2024,
OPTIDX,NIFTY,24-Dec-2025,26000.0,CE,0.0,0.0,0.0,830.0,1354.65,0,0.0,50,0,06-MAY-2024,
OPTIDX,NIFTY,24-Dec-2025,27000.0,CE,0.0,0.0,0.0,1071.0,1031.95,0,0.0,0,0,06-MAY-2024,
OPTIDX,NIFTY,24-Dec-2025,28000.0,CE,0.0,0.0,0.0,1215.35,773.95,0,0.0,0,0,06-MAY-2024,
OPTIDX,NIFTY,24-Dec-2025,13000.0,PE,0.0,0.0,0.0,400.0,0.1,0,0.0,150,0,06-MAY-2024,
OPTIDX,NIFTY,24-Dec-2025,15000.0,PE,0.0,0.0,0.0,62.15,2.0,0,0.0,1100,0,06-MAY-2024,
OPTIDX,NIFTY,24-Dec-2025,16000.0,PE,0.0,0.0,0.0,139.95,6.5,0,0.0,2150,0,06-MAY-2024,
OPTIDX,NIFTY,24-Dec-2025,16500.0,PE,0.0,0.0,0.0,44.6,10.95,0,0.0,2600,0,06-MAY-2024,
OPTIDX,NIFTY,24-Dec-2025,17000.0,PE,0.0,0.0,0.0,40.6,17.85,0,0.0,2200,0,06-MAY-2024,
OPTIDX,NIFTY,24-Dec-2025,18000.0,PE,0.0,0.0,0.0,170.5,42.6,0,0.0,2600,0,06-MAY-2024,
OPTIDX,NIFTY,24-Dec-2025,19000.0,PE,0.0,0.0,0.0,250.0,90.25,0,0.0,3250,0,06-MAY-2024,
OPTIDX,NIFTY,24-Dec-2025,20000.0,PE,0.0,0.0,0.0,351.05,172.6,0,0.0,4700,0,06-MAY-2024,
OPTIDX,NIFTY,24-Dec-2025,21000.0,PE,0.0,0.0,0.0,459.95,302.55,0,0.0,2900,0,06-MAY-2024,
OPTIDX,NIFTY,24-Dec-2025,22000.0,PE,650.0,754.95,650.0,749.95,749.95,8,45.39,5000,75,06-MAY-2024,
OPTIDX,NIFTY,24-Dec-2025,23000.0,PE,970.0,1050.0,970.0,1011.0,1011.0,20,120.05,10325,125,06-MAY-2024,
OPTIDX,NIFTY,24-Dec-2025,24000.0,PE,0.0,0.0,0.0,5649.0,1088.45,0,0.0,0,0,06-MAY-2024,
OPTIDX,NIFTY,24-Dec-2025,25000.0,PE,0.0,0.0,0.0,6310.55,1504.05,0,0.0,0,0,06-MAY-2024,
OPTIDX,NIFTY,24-Dec-2025,26000.0,PE,0.0,0.0,0.0,6993.25,1997.05,0,0.0,0,0,06-MAY-2024,
OPTIDX,NIFTY,24-Dec-2025,27000.0,PE,0.0,0.0,0.0,7112.8,2562.25,0,0.0,0,0,06-MAY-2024,
OPTIDX,NIFTY,24-Dec-2025,28000.0,PE,0.0,0.0,0.0,6856.45,3192.15,0,0.0,0,0,06-MAY-2024,
OPTIDX,NIFTY,25-Jun-2026,12000.0,CE,0.0,0.0,0.0,8690.0,12169.5,0,0.0,50,0,06-MAY-2024,
OPTIDX,NIFTY,25-Jun-2026,16000.0,CE,0.0,0.0,0.0,4748.3,8756.05,0,0.0,0,0,06-MAY-2024,
OPTIDX,NIFTY,25-Jun-2026,17000.0,CE,0.0,0.0,0.0,4348.25,7915.05,0,0.0,0,0,06-MAY-2024,
OPTIDX,NIFTY,25-Jun-2026,18000.0,CE,0.0,0.0,0.0,4150.0,7088.1,0,0.0,200,0,06-MAY-2024,
OPTIDX,NIFTY,25-Jun-2026,19000.0,CE,0.0,0.0,0.0,5792.0,6282.9,0,0.0,100,0,06-MAY-2024,
OPTIDX,NIFTY,25-Jun-2026,20000.0,CE,0.0,0.0,0.0,3829.5,5508.4,0,0.0,0,0,06-MAY-2024,
OPTIDX,NIFTY,25-Jun-2026,21000.0,CE,0.0,0.0,0.0,3881.9,4773.95,0,0.0,0,0,06-MAY-2024,
OPTIDX,NIFTY,25-Jun-2026,22000.0,CE,0.0,0.0,0.0,2722.55,4088.55,0,0.0,0,0,06-MAY-2024,
OPTIDX,NIFTY,25-Jun-2026,23000.0,CE,0.0,0.0,0.0,2645.65,3459.9,0,0.0,0,0,06-MAY-2024,
OPTIDX,NIFTY,25-Jun-2026,24000.0,CE,0.0,0.0,0.0,1698.3,2891.7,0,0.0,0,0,06-MAY-2024,
OPTIDX,NIFTY,25-Jun-2026,25000.0,CE,0.0,0.0,0.0,1510.4,2389.2,0,0.0,0,0,06-MAY-2024,
OPTIDX,NIFTY,25-Jun-2026,26000.0,CE,0.0,0.0,0.0,1343.15,1951.4,0,0.0,0,0,06-MAY-2024,
OPTIDX,NIFTY,25-Jun-2026,27000.0,CE,0.0,0.0,0.0,1352.8,1576.3,0,0.0,0,0,06-MAY-2024,
OPTIDX,NIFTY,25-Jun-2026,28000.0,CE,0.0,0.0,0.0,1533.95,1259.9,0,0.0,0,0,06-MAY-2024,
OPTIDX,NIFTY,25-Jun-2026,12000.0,PE,0.0,0.0,0.0,10.05,0.1,0,0.0,500,0,06-MAY-2024,
OPTIDX,NIFTY,25-Jun-2026,13000.0,PE,0.0,0.0,0.0,45.25,0.35,0,0.0,200,0,06-MAY-2024,
OPTIDX,NIFTY,25-Jun-2026,14000.0,PE,0.0,0.0,0.0,300.0,1.3,0,0.0,100,0,06-MAY-2024,
OPTIDX,NIFTY,25-Jun-2026,15000.0,PE,0.0,0.0,0.0,105.5,4.1,0,0.0,850,0,06-MAY-2024,
OPTIDX,NIFTY,25-Jun-2026,16000.0,PE,0.0,0.0,0.0,54.8,11.05,0,0.0,500,0,06-MAY-2024,
OPTIDX,NIFTY,25-Jun-2026,17000.0,PE,0.0,0.0,0.0,2627.25,26.2,0,0.0,0,0,06-MAY-2024,
OPTIDX,NIFTY,25-Jun-2026,18000.0,PE,0.0,0.0,0.0,3088.05,55.35,0,0.0,0,0,06-MAY-2024,
OPTIDX,NIFTY,25-Jun-2026,19000.0,PE,0.0,0.0,0.0,140.45,106.25,0,0.0,100,0,06-MAY-2024,
OPTIDX,NIFTY,25-Jun-2026,20000.0,PE,0.0,0.0,0.0,3159.75,187.85,0,0.0,0,0,06-MAY-2024,
OPTIDX,NIFTY,25-Jun-2026,21000.0,PE,0.0,0.0,0.0,3065.6,309.55,0,0.0,0,0,06-MAY-2024,
OPTIDX,NIFTY,25-Jun-2026,22000.0,PE,0.0,0.0,0.0,3829.5,480.2,0,0.0,0,0,06-MAY-2024,
OPTIDX,NIFTY,25-Jun-2026,23000.0,PE,0.0,0.0,0.0,859.2,707.65,0,0.0,150,0,06-MAY-2024,
OPTIDX,NIFTY,25-Jun-2026,24000.0,PE,0.0,0.0,0.0,5437.7,995.55,0,0.0,0,0,06-MAY-2024,
OPTIDX,NIFTY,25-Jun-2026,25000.0,PE,0.0,0.0,0.0,6063.1,1349.2,0,0.0,0,0,06-MAY-2024,
OPTIDX,NIFTY,25-Jun-2026,26000.0,PE,0.0,0.0,0.0,6709.2,1767.5,0,0.0,0,0,06-MAY-2024,
OPTIDX,NIFTY,25-Jun-2026,27000.0,PE,0.0,0.0,0.0,6810.7,2248.5,0,0.0,0,0,06-MAY-2024,
OPTIDX,NIFTY,25-Jun-2026,28000.0,PE,0.0,0.0,0.0,6532.55,2788.2,0,0.0,0,0,06-MAY-2024,
OPTIDX,NIFTY,31-Dec-2026,16000.0,CE,0.0,0.0,0.0,6200.0,9266.4,0,0.0,50,0,06-MAY-2024,
OPTIDX,NIFTY,31-Dec-2026,17000.0,CE,0.0,0.0,0.0,4955.1,8459.5,0,0.0,0,0,06-MAY-2024,
OPTIDX,NIFTY,31-Dec-2026,18000.0,CE,0.0,0.0,0.0,4501.45,7666.2,0,0.0,0,0,06-MAY-2024,
OPTIDX,NIFTY,31-Dec-2026,19000.0,CE,0.0,0.0,0.0,6000.0,6892.8,0,0.0,200,0,06-MAY-2024,
OPTIDX,NIFTY,31-Dec-2026,20000.0,CE,0.0,0.0,0.0,3704.3,6146.25,0,0.0,0,0,06-MAY-2024,
OPTIDX,NIFTY,31-Dec-2026,21000.0,CE,0.0,0.0,0.0,3356.25,5433.7,0,0.0,0,0,06-MAY-2024,
OPTIDX,NIFTY,31-Dec-2026,22000.0,CE,0.0,0.0,0.0,3039.0,4761.85,0,0.0,0,0,06-MAY-2024,
OPTIDX,NIFTY,31-Dec-2026,23000.0,CE,0.0,0.0,0.0,2020.0,4137.0,0,0.0,500,0,06-MAY-2024,
OPTIDX,NIFTY,31-Dec-2026,24000.0,CE,0.0,0.0,0.0,2010.65,3561.1,0,0.0,0,0,06-MAY-2024,
OPTIDX,NIFTY,31-Dec-2026,25000.0,CE,0.0,0.0,0.0,1811.2,3040.35,0,0.0,0,0,06-MAY-2024,
OPTIDX,NIFTY,31-Dec-2026,26000.0,CE,0.0,0.0,0.0,1631.05,2574.3,0,0.0,0,0,06-MAY-2024,
OPTIDX,NIFTY,31-Dec-2026,27000.0,CE,0.0,0.0,0.0,1651.65,2162.25,0,0.0,0,0,06-MAY-2024,
OPTIDX,NIFTY,31-Dec-2026,28000.0,CE,0.0,0.0,0.0,1871.1,1802.35,0,0.0,0,0,06-MAY-2024,
OPTIDX,NIFTY,31-Dec-2026,12000.0,PE,0.0,0.0,0.0,250.1,0.2,0,0.0,600,0,06-MAY-2024,
OPTIDX,NIFTY,31-Dec-2026,13000.0,PE,0.0,0.0,0.0,450.0,0.75,0,0.0,200,0,06-MAY-2024,
OPTIDX,NIFTY,31-Dec-2026,14000.0,PE,0.0,0.0,0.0,500.0,2.35,0,0.0,950,0,06-MAY-2024,
OPTIDX,NIFTY,31-Dec-2026,15000.0,PE,0.0,0.0,0.0,23.0,6.45,0,0.0,2200,0,06-MAY-2024,
OPTIDX,NIFTY,31-Dec-2026,16000.0,PE,0.0,0.0,0.0,27.95,15.4,0,0.0,2450,0,06-MAY-2024,
OPTIDX,NIFTY,31-Dec-2026,17000.0,PE,0.0,0.0,0.0,213.3,32.9,0,0.0,3000,0,06-MAY-2024,
OPTIDX,NIFTY,31-Dec-2026,18000.0,PE,0.0,0.0,0.0,196.35,64.15,0,0.0,6050,0,06-MAY-2024,
OPTIDX,NIFTY,31-Dec-2026,19000.0,PE,0.0,0.0,0.0,380.0,115.2,0,0.0,2400,0,06-MAY-2024,
OPTIDX,NIFTY,31-Dec-2026,20000.0,PE,498.4,498.4,498.4,498.4,498.4,1,5.12,5175,0,06-MAY-2024,
OPTIDX,NIFTY,31-Dec-2026,21000.0,PE,0.0,0.0,0.0,500.05,305.05,0,0.0,950,0,06-MAY-2024,
OPTIDX,NIFTY,31-Dec-2026,22000.0,PE,0.0,0.0,0.0,609.65,457.7,0,0.0,100,0,06-MAY-2024,
OPTIDX,NIFTY,31-Dec-2026,23000.0,PE,896.5,896.5,896.5,896.5,657.35,1,5.97,8400,25,06-MAY-2024,
OPTIDX,NIFTY,31-Dec-2026,24000.0,PE,0.0,0.0,0.0,5233.45,905.9,0,0.0,0,0,06-MAY-2024,
OPTIDX,NIFTY,31-Dec-2026,25000.0,PE,0.0,0.0,0.0,5825.75,1209.6,0,0.0,0,0,06-MAY-2024,
OPTIDX,NIFTY,31-Dec-2026,26000.0,PE,0.0,0.0,0.0,6437.4,1568.05,0,0.0,0,0,06-MAY-2024,
OPTIDX,NIFTY,31-Dec-2026,27000.0,PE,0.0,0.0,0.0,6522.3,1980.45,0,0.0,0,0,06-MAY-2024,
OPTIDX,NIFTY,31-Dec-2026,28000.0,PE,0.0,0.0,0.0,6224.8,2445.05,0,0.0,0,0,06-MAY-2024,
OPTIDX,NIFTY,24-Jun-2027,16000.0,CE,0.0,0.0,0.0,4898.4,9721.55,0,0.0,0,0,06-MAY-2024,
OPTIDX,NIFTY,24-Jun-2027,17000.0,CE,0.0,0.0,0.0,4464.7,8944.1,0,0.0,0,0,06-MAY-2024,
OPTIDX,NIFTY,24-Jun-2027,18000.0,CE,0.0,0.0,0.0,4066.45,8179.5,0,0.0,0,0,06-MAY-2024,
OPTIDX,NIFTY,24-Jun-2027,19000.0,CE,0.0,0.0,0.0,7100.0,7433.0,0,0.0,100,0,06-MAY-2024,
OPTIDX,NIFTY,24-Jun-2027,20000.0,CE,0.0,0.0,0.0,3367.05,6710.15,0,0.0,0,0,06-MAY-2024,
OPTIDX,NIFTY,24-Jun-2027,21000.0,CE,0.0,0.0,0.0,3061.8,6016.75,0,0.0,0,0,06-MAY-2024,
OPTIDX,NIFTY,24-Jun-2027,22000.0,CE,0.0,0.0,0.0,2783.5,5358.15,0,0.0,0,0,06-MAY-2024,
OPTIDX,NIFTY,24-Jun-2027,23000.0,CE,0.0,0.0,0.0,2530.05,4738.95,0,0.0,0,0,06-MAY-2024,
OPTIDX,NIFTY,24-Jun-2027,24000.0,CE,0.0,0.0,0.0,2299.55,4163.35,0,0.0,0,0,06-MAY-2024,
OPTIDX,NIFTY,24-Jun-2027,25000.0,CE,0.0,0.0,0.0,2090.05,3632.15,0,0.0,0,0,06-MAY-2024,
OPTIDX,NIFTY,24-Jun-2027,26000.0,CE,0.0,0.0,0.0,1900.85,3149.35,0,0.0,0,0,06-MAY-2024,
OPTIDX,NIFTY,24-Jun-2027,27000.0,CE,0.0,0.0,0.0,1932.5,2713.95,0,0.0,0,0,06-MAY-2024,
OPTIDX,NIFTY,24-Jun-2027,28000.0,CE,0.0,0.0,0.0,2186.3,2324.85,0,0.0,0,0,06-MAY-2024,
OPTIDX,NIFTY,24-Jun-2027,16000.0,PE,0.0,0.0,0.0,1476.1,18.65,0,0.0,0,0,06-MAY-2024,
OPTIDX,NIFTY,24-Jun-2027,17000.0,PE,0.0,0.0,0.0,1814.75,37.4,0,0.0,0,0,06-MAY-2024,
OPTIDX,NIFTY,24-Jun-2027,18000.0,PE,0.0,0.0,0.0,2188.9,69.05,0,0.0,0,0,06-MAY-2024,
OPTIDX,NIFTY,24-Jun-2027,19000.0,PE,0.0,0.0,0.0,170.0,118.75,0,0.0,250,0,06-MAY-2024,
OPTIDX,NIFTY,24-Jun-2027,20000.0,PE,0.0,0.0,0.0,3034.2,192.2,0,0.0,0,0,06-MAY-2024,
OPTIDX,NIFTY,24-Jun-2027,21000.0,PE,0.0,0.0,0.0,426.55,295.0,0,0.0,200,0,06-MAY-2024,
OPTIDX,NIFTY,24-Jun-2027,22000.0,PE,0.0,0.0,0.0,3995.4,432.65,0,0.0,0,0,06-MAY-2024,
OPTIDX,NIFTY,24-Jun-2027,23000.0,PE,0.0,0.0,0.0,4514.3,609.7,0,0.0,0,0,06-MAY-2024,
OPTIDX,NIFTY,24-Jun-2027,24000.0,PE,0.0,0.0,0.0,5056.2,830.3,0,0.0,0,0,06-MAY-2024,
OPTIDX,NIFTY,24-Jun-2027,25000.0,PE,0.0,0.0,0.0,5619.05,1095.35,0,0.0,0,0,06-MAY-2024,
OPTIDX,NIFTY,24-Jun-2027,26000.0,PE,0.0,0.0,0.0,6202.2,1408.8,0,0.0,0,0,06-MAY-2024,
OPTIDX,NIFTY,24-Jun-2027,27000.0,PE,0.0,0.0,0.0,6273.45,1769.65,0,0.0,0,0,06-MAY-2024,
OPTIDX,NIFTY,24-Jun-2027,28000.0,PE,0.0,0.0,0.0,5959.35,2176.75,0,0.0,0,0,06-MAY-2024,
OPTIDX,NIFTY,30-Dec-2027,16000.0,CE,0.0,0.0,0.0,7354.45,10194.9,0,0.0,0,0,06-MAY-2024,
OPTIDX,NIFTY,30-Dec-2027,17000.0,CE,0.0,0.0,0.0,6805.5,9447.35,0,0.0,0,0,06-MAY-2024,
OPTIDX,NIFTY,30-Dec-2027,18000.0,CE,0.0,0.0,0.0,6285.7,8711.7,0,0.0,0,0,06-MAY-2024,
OPTIDX,NIFTY,30-Dec-2027,19000.0,CE,0.0,0.0,0.0,5794.9,7992.2,0,0.0,0,0,06-MAY-2024,
OPTIDX,NIFTY,30-Dec-2027,20000.0,CE,0.0,0.0,0.0,5333.85,7293.5,0,0.0,0,0,06-MAY-2024,
OPTIDX,NIFTY,30-Dec-2027,21000.0,CE,0.0,0.0,0.0,4902.4,6620.1,0,0.0,0,0,06-MAY-2024,
OPTIDX,NIFTY,30-Dec-2027,22000.0,CE,0.0,0.0,0.0,4499.55,5976.45,0,0.0,0,0,06-MAY-2024,
OPTIDX,NIFTY,30-Dec-2027,23000.0,CE,0.0,0.0,0.0,4125.7,5366.3,0,0.0,0,0,06-MAY-2024,
OPTIDX,NIFTY,30-Dec-2027,24000.0,CE,0.0,0.0,0.0,3778.95,4793.4,0,0.0,0,0,06-MAY-2024,
OPTIDX,NIFTY,30-Dec-2027,25000.0,CE,0.0,0.0,0.0,3458.35,4258.65,0,0.0,0,0,06-MAY-2024,
OPTIDX,NIFTY,30-Dec-2027,26000.0,CE,0.0,0.0,0.0,3162.4,3763.95,0,0.0,0,0,06-MAY-2024,
OPTIDX,NIFTY,30-Dec-2027,27000.0,CE,0.0,0.0,0.0,2889.8,3311.55,0,0.0,0,0,06-MAY-2024,
OPTIDX,NIFTY,30-Dec-2027,28000.0,CE,0.0,0.0,0.0,2639.2,2900.05,0,0.0,0,0,06-MAY-2024,
OPTIDX,NIFTY,30-Dec-2027,15000.0,PE,0.0,0.0,0.0,27.8,10.25,0,0.0,350,0,06-MAY-2024,
OPTIDX,NIFTY,30-Dec-2027,16000.0,PE,0.0,0.0,0.0,479.35,21.3,0,0.0,0,0,06-MAY-2024,
OPTIDX,NIFTY,30-Dec-2027,17000.0,PE,0.0,0.0,0.0,514.0,40.55,0,0.0,14250,0,06-MAY-2024,
OPTIDX,NIFTY,30-Dec-2027,18000.0,PE,0.0,0.0,0.0,74.8,71.75,0,0.0,10500,0,06-MAY-2024,
OPTIDX,NIFTY,30-Dec-2027,19000.0,PE,0.0,0.0,0.0,187.2,119.05,0,0.0,750,0,06-MAY-2024,
OPTIDX,NIFTY,30-Dec-2027,20000.0,PE,0.0,0.0,0.0,524.65,187.15,0,0.0,2550,0,06-MAY-2024,
OPTIDX,NIFTY,30-Dec-2027,21000.0,PE,0.0,0.0,0.0,500.0,280.6,0,0.0,100,0,06-MAY-2024,
OPTIDX,NIFTY,30-Dec-2027,22000.0,PE,0.0,0.0,0.0,1867.9,403.75,0,0.0,0,0,06-MAY-2024,
OPTIDX,NIFTY,30-Dec-2027,23000.0,PE,0.0,0.0,0.0,2201.3,560.45,0,0.0,0,0,06-MAY-2024,
OPTIDX,NIFTY,30-Dec-2027,24000.0,PE,0.0,0.0,0.0,1100.0,754.35,0,0.0,50,0,06-MAY-2024,
OPTIDX,NIFTY,30-Dec-2027,25000.0,PE,0.0,0.0,0.0,2948.45,986.45,0,0.0,0,0,06-MAY-2024,
OPTIDX,NIFTY,30-Dec-2027,26000.0,PE,0.0,0.0,0.0,3359.75,1258.55,0,0.0,0,0,06-MAY-2024,
OPTIDX,NIFTY,30-Dec-2027,27000.0,PE,0.0,0.0,0.0,3794.4,1572.95,0,0.0,0,0,06-MAY-2024,
OPTIDX,NIFTY,30-Dec-2027,28000.0,PE,0.0,0.0,0.0,4251.0,1928.3,0,0.0,0,0,06-MAY-2024,
OPTIDX,NIFTY,29-Jun-2028,16000.0,CE,0.0,0.0,0.0,8002.3,10633.45,0,0.0,0,0,06-MAY-2024,
OPTIDX,NIFTY,29-Jun-2028,17000.0,CE,0.0,0.0,0.0,7393.45,9913.15,0,0.0,0,0,06-MAY-2024,
OPTIDX,NIFTY,29-Jun-2028,18000.0,CE,0.0,0.0,0.0,6809.35,9203.75,0,0.0,0,0,06-MAY-2024,
OPTIDX,NIFTY,29-Jun-2028,19000.0,CE,0.0,0.0,0.0,6252.25,8508.85,0,0.0,0,0,06-MAY-2024,
OPTIDX,NIFTY,29-Jun-2028,20000.0,CE,0.0,0.0,0.0,5724.65,7832.25,0,0.0,0,0,06-MAY-2024,
OPTIDX,NIFTY,29-Jun-2028,21000.0,CE,0.0,0.0,0.0,5226.55,7177.75,0,0.0,0,0,06-MAY-2024,
OPTIDX,NIFTY,29-Jun-2028,22000.0,CE,0.0,0.0,0.0,4759.5,6549.0,0,0.0,0,0,06-MAY-2024,
OPTIDX,NIFTY,29-Jun-2028,23000.0,CE,0.0,0.0,0.0,4323.1,5949.15,0,0.0,0,0,06-MAY-2024,
OPTIDX,NIFTY,29-Jun-2028,24000.0,CE,0.0,0.0,0.0,3918.85,5381.7,0,0.0,0,0,06-MAY-2024,
OPTIDX,NIFTY,29-Jun-2028,25000.0,CE,0.0,0.0,0.0,3545.15,4847.05,0,0.0,0,0,06-MAY-2024,
OPTIDX,NIFTY,29-Jun-2028,26000.0,CE,0.0,0.0,0.0,3200.9,4347.7,0,0.0,0,0,06-MAY-2024,
OPTIDX,NIFTY,29-Jun-2028,27000.0,CE,0.0,0.0,0.0,2885.15,3884.0,0,0.0,0,0,06-MAY-2024,
OPTIDX,NIFTY,29-Jun-2028,28000.0,CE,0.0,0.0,0.0,2596.45,3457.55,0,0.0,0,0,06-MAY-2024,
OPTIDX,NIFTY,29-Jun-2028,16000.0,PE,0.0,0.0,0.0,194.2,23.1,0,0.0,0,0,06-MAY-2024,
OPTIDX,NIFTY,29-Jun-2028,17000.0,PE,0.0,0.0,0.0,283.1,42.25,0,0.0,0,0,06-MAY-2024,
OPTIDX,NIFTY,29-Jun-2028,18000.0,PE,0.0,0.0,0.0,396.75,72.4,0,0.0,0,0,06-MAY-2024,
OPTIDX,NIFTY,29-Jun-2028,19000.0,PE,0.0,0.0,0.0,537.45,117.0,0,0.0,0,0,06-MAY-2024,
OPTIDX,NIFTY,29-Jun-2028,20000.0,PE,0.0,0.0,0.0,707.55,179.95,0,0.0,0,0,06-MAY-2024,
OPTIDX,NIFTY,29-Jun-2028,21000.0,PE,0.0,0.0,0.0,907.2,264.95,0,0.0,0,0,06-MAY-2024,
OPTIDX,NIFTY,29-Jun-2028,22000.0,PE,0.0,0.0,0.0,523.5,375.7,0,0.0,50,0,06-MAY-2024,
OPTIDX,NIFTY,29-Jun-2028,23000.0,PE,0.0,0.0,0.0,1399.25,515.4,0,0.0,0,0,06-MAY-2024,
OPTIDX,NIFTY,29-Jun-2028,24000.0,PE,0.0,0.0,0.0,1692.75,687.5,0,0.0,0,0,06-MAY-2024,
OPTIDX,NIFTY,29-Jun-2028,25000.0,PE,0.0,0.0,0.0,2016.8,892.3,0,0.0,0,0,06-MAY-2024,
OPTIDX,NIFTY,29-Jun-2028,26000.0,PE,0.0,0.0,0.0,2370.3,1132.5,0,0.0,0,0,06-MAY-2024,
OPTIDX,NIFTY,29-Jun-2028,27000.0,PE,0.0,0.0,0.0,2752.35,1408.3,0,0.0,0,0,06-MAY-2024,
OPTIDX,NIFTY,29-Jun-2028,28000.0,PE,0.0,0.0,0.0,3161.35,1721.4,0,0.0,0,0,06-MAY-2024,
OPTIDX,NIFTY,28-Dec-2028,16000.0,CE,0.0,0.0,0.0,10704.45,11055.85,0,0.0,0,0,06-MAY-2024,
OPTIDX,NIFTY,28-Dec-2028,17000.0,CE,0.0,0.0,0.0,10036.4,10361.4,0,0.0,0,0,06-MAY-2024,
OPTIDX,NIFTY,28-Dec-2028,18000.0,CE,0.0,0.0,0.0,9380.3,9676.95,0,0.0,0,0,06-MAY-2024,
OPTIDX,NIFTY,28-Dec-2028,19000.0,CE,0.0,0.0,0.0,8739.0,9005.5,0,0.0,0,0,06-MAY-2024,
OPTIDX,NIFTY,28-Dec-2028,20000.0,CE,0.0,0.0,0.0,8115.5,8350.2,0,0.0,0,0,06-MAY-2024,
OPTIDX,NIFTY,28-Dec-2028,21000.0,CE,0.0,0.0,0.0,7512.5,7714.3,0,0.0,0,0,06-MAY-2024,
OPTIDX,NIFTY,28-Dec-2028,22000.0,CE,0.0,0.0,0.0,6932.45,7100.8,0,0.0,0,0,06-MAY-2024,
OPTIDX,NIFTY,28-Dec-2028,23000.0,CE,0.0,0.0,0.0,6377.6,6512.45,0,0.0,0,0,06-MAY-2024,
OPTIDX,NIFTY,28-Dec-2028,24000.0,CE,0.0,0.0,0.0,5850.3,5951.65,0,0.0,0,0,06-MAY-2024,
OPTIDX,NIFTY,28-Dec-2028,25000.0,CE,0.0,0.0,0.0,5350.4,5420.85,0,0.0,0,0,06-MAY-2024,
OPTIDX,NIFTY,28-Dec-2028,26000.0,CE,0.0,0.0,0.0,4879.7,4920.1,0,0.0,0,0,06-MAY-2024,
OPTIDX,NIFTY,28-Dec-2028,27000.0,CE,0.0,0.0,0.0,4437.95,4450.3,0,0.0,0,0,06-MAY-2024,
OPTIDX,NIFTY,28-Dec-2028,28000.0,CE,0.0,0.0,0.0,4027.15,4014.0,0,0.0,0,0,06-MAY-2024,
OPTIDX,NIFTY,28-Dec-2028,16000.0,PE,0.0,0.0,0.0,39.6,24.2,0,0.0,0,0,06-MAY-2024,
OPTIDX,NIFTY,28-Dec-2028,17000.0,PE,0.0,0.0,0.0,66.15,42.95,0,0.0,0,0,06-MAY-2024,
OPTIDX,NIFTY,28-Dec-2028,18000.0,PE,0.0,0.0,0.0,104.65,71.7,0,0.0,0,0,06-MAY-2024,
OPTIDX,NIFTY,28-Dec-2028,19000.0,PE,0.0,0.0,0.0,158.0,113.4,0,0.0,0,0,06-MAY-2024,
OPTIDX,NIFTY,28-Dec-2028,20000.0,PE,483.5,483.5,483.5,483.5,483.5,1,5.12,900,0,06-MAY-2024,
OPTIDX,NIFTY,28-Dec-2028,21000.0,PE,570.0,600.0,570.0,585.0,585.0,2,10.79,575,50,06-MAY-2024,
OPTIDX,NIFTY,28-Dec-2028,22000.0,PE,0.0,0.0,0.0,435.3,348.3,0,0.0,0,0,06-MAY-2024,
OPTIDX,NIFTY,28-Dec-2028,23000.0,PE,0.0,0.0,0.0,575.05,473.15,0,0.0,0,0,06-MAY-2024,
OPTIDX,NIFTY,28-Dec-2028,24000.0,PE,0.0,0.0,0.0,742.35,625.55,0,0.0,0,0,06-MAY-2024,
OPTIDX,NIFTY,28-Dec-2028,25000.0,PE,0.0,0.0,0.0,937.05,807.95,0,0.0,0,0,06-MAY-2024,
OPTIDX,NIFTY,28-Dec-2028,26000.0,PE,0.0,0.0,0.0,1160.95,1020.35,0,0.0,0,0,06-MAY-2024,
OPTIDX,NIFTY,28-Dec-2028,27000.0,PE,0.0,0.0,0.0,1413.85,1263.75,0,0.0,0,0,06-MAY-2024,
OPTIDX,NIFTY,28-Dec-2028,28000.0,PE,0.0,0.0,0.0,1697.6,1540.65,0,0.0,0,0,06-MAY-2024,
OPTIDX,NIFTYNXT50,31-May-2024,53000.0,CE,0.0,0.0,0.0,10200.85,12192.0,0,0.0,0,0,06-MAY-2024,
OPTIDX,NIFTYNXT50,31-May-2024,53500.0,CE,0.0,0.0,0.0,9705.75,11694.4,0,0.0,0,0,06-MAY-2024,
OPTIDX,NIFTYNXT50,31-May-2024,54000.0,CE,0.0,0.0,0.0,9211.3,11196.85,0,0.0,0,0,06-MAY-2024,
OPTIDX,NIFTYNXT50,31-May-2024,54500.0,CE,0.0,0.0,0.0,8717.9,10699.3,0,0.0,0,0,06-MAY-2024,
OPTIDX,NIFTYNXT50,31-May-2024,55000.0,CE,0.0,0.0,0.0,8226.0,10201.75,0,0.0,0,0,06-MAY-2024,
OPTIDX,NIFTYNXT50,31-May-2024,55500.0,CE,0.0,0.0,0.0,7736.2,9704.35,0,0.0,0,0,06-MAY-2024,
OPTIDX,NIFTYNXT50,31-May-2024,56000.0,CE,0.0,0.0,0.0,7249.35,9207.05,0,0.0,0,0,06-MAY-2024,
OPTIDX,NIFTYNXT50,31-May-2024,56500.0,CE,0.0,0.0,0.0,6766.5,8710.05,0,0.0,0,0,06-MAY-2024,
OPTIDX,NIFTYNXT50,31-May-2024,57000.0,CE,0.0,0.0,0.0,6288.85,8213.5,0,0.0,0,0,06-MAY-2024,
OPTIDX,NIFTYNXT50,31-May-2024,57500.0,CE,0.0,0.0,0.0,5817.95,7717.8,0,0.0,0,0,06-MAY-2024,
OPTIDX,NIFTYNXT50,31-May-2024,58000.0,CE,0.0,0.0,0.0,5355.5,7223.35,0,0.0,0,0,06-MAY-2024,
OPTIDX,NIFTYNXT50,31-May-2024,58500.0,CE,0.0,0.0,0.0,4903.4,6730.9,0,0.0,0,0,06-MAY-2024,
OPTIDX,NIFTYNXT50,31-May-2024,58800.0,CE,0.0,0.0,0.0,4638.0,6436.75,0,0.0,0,0,06-MAY-2024,
OPTIDX,NIFTYNXT50,31-May-2024,58900.0,CE,0.0,0.0,0.0,4550.6,6339.0,0,0.0,0,0,06-MAY-2024,
OPTIDX,NIFTYNXT50,31-May-2024,59000.0,CE,0.0,0.0,0.0,4463.75,6241.35,0,0.0,0,0,06-MAY-2024,
OPTIDX,NIFTYNXT50,31-May-2024,59100.0,CE,0.0,0.0,0.0,4377.5,6143.95,0,0.0,0,0,06-MAY-2024,
OPTIDX,NIFTYNXT50,31-May-2024,59200.0,CE,0.0,0.0,0.0,4291.9,6046.65,0,0.0,0,0,06-MAY-2024,
OPTIDX,NIFTYNXT50,31-May-2024,59300.0,CE,0.0,0.0,0.0,4206.85,5949.6,0,0.0,0,0,06-MAY-2024,
OPTIDX,NIFTYNXT50,31-May-2024,59400.0,CE,0.0,0.0,0.0,4122.5,5852.75,0,0.0,0,0,06-MAY-2024,
OPTIDX,NIFTYNXT50,31-May-2024,59500.0,CE,0.0,0.0,0.0,4038.75,5756.1,0,0.0,0,0,06-MAY-2024,
OPTIDX,NIFTYNXT50,31-May-2024,59600.0,CE,0.0,0.0,0.0,3955.7,5659.7,0,0.0,0,0,06-MAY-2024,
OPTIDX,NIFTYNXT50,31-May-2024,59700.0,CE,0.0,0.0,0.0,3873.35,5563.55,0,0.0,0,0,06-MAY-2024,
OPTIDX,NIFTYNXT50,31-May-2024,59800.0,CE,0.0,0.0,0.0,3791.7,5467.65,0,0.0,0,0,06-MAY-2024,
OPTIDX,NIFTYNXT50,31-May-2024,59900.0,CE,0.0,0.0,0.0,3710.75,5372.05,0,0.0,0,0,06-MAY-2024,
OPTIDX,NIFTYNXT50,31-May-2024,60000.0,CE,0.0,0.0,0.0,3630.6,5276.75,0,0.0,0,0,06-MAY-2024,
OPTIDX,NIFTYNXT50,31-May-2024,60100.0,CE,0.0,0.0,0.0,3551.15,5181.8,0,0.0,0,0,06-MAY-2024,
OPTIDX,NIFTYNXT50,31-May-2024,60200.0,CE,0.0,0.0,0.0,3472.5,5087.15,0,0.0,0,0,06-MAY-2024,
OPTIDX,NIFTYNXT50,31-May-2024,60300.0,CE,0.0,0.0,0.0,3394.65,4992.85,0,0.0,0,0,06-MAY-2024,
OPTIDX,NIFTYNXT50,31-May-2024,60400.0,CE,0.0,0.0,0.0,3317.6,4898.95,0,0.0,0,0,06-MAY-2024,
OPTIDX,NIFTYNXT50,31-May-2024,60500.0,CE,0.0,0.0,0.0,3241.35,4805.4,0,0.0,0,0,06-MAY-2024,
OPTIDX,NIFTYNXT50,31-May-2024,60600.0,CE,0.0,0.0,0.0,3166.0,4712.3,0,0.0,0,0,06-MAY-2024,
OPTIDX,NIFTYNXT50,31-May-2024,60700.0,CE,0.0,0.0,0.0,3091.45,4619.65,0,0.0,0,0,06-MAY-2024,
OPTIDX,NIFTYNXT50,31-May-2024,60800.0,CE,0.0,0.0,0.0,3020.05,4527.45,0,0.0,0,0,06-MAY-2024,
OPTIDX,NIFTYNXT50,31-May-2024,60900.0,CE,0.0,0.0,0.0,2947.05,4435.7,0,0.0,0,0,06-MAY-2024,
OPTIDX,NIFTYNXT50,31-May-2024,61000.0,CE,0.0,0.0,0.0,2872.55,4344.5,0,0.0,0,0,06-MAY-2024,
OPTIDX,NIFTYNXT50,31-May-2024,61100.0,CE,0.0,0.0,0.0,2801.65,4253.8,0,0.0,0,0,06-MAY-2024,
OPTIDX,NIFTYNXT50,31-May-2024,61200.0,CE,0.0,0.0,0.0,1881.6,4163.65,0,0.0,290,0,06-MAY-2024,
OPTIDX,NIFTYNXT50,31-May-2024,61300.0,CE,0.0,0.0,0.0,2662.55,4074.1,0,0.0,0,0,06-MAY-2024,
OPTIDX,NIFTYNXT50,31-May-2024,61400.0,CE,0.0,0.0,0.0,2594.45,3985.15,0,0.0,0,0,06-MAY-2024,
OPTIDX,NIFTYNXT50,31-May-2024,61500.0,CE,0.0,0.0,0.0,2527.3,3896.8,0,0.0,0,0,06-MAY-2024,
OPTIDX,NIFTYNXT50,31-May-2024,61600.0,CE,0.0,0.0,0.0,2461.1,3809.1,0,0.0,0,0,06-MAY-2024,
OPTIDX,NIFTYNXT50,31-May-2024,61700.0,CE,0.0,0.0,0.0,2395.9,3722.1,0,0.0,0,0,06-MAY-2024,
OPTIDX,NIFTYNXT50,31-May-2024,61800.0,CE,0.0,0.0,0.0,2331.7,3635.8,0,0.0,0,0,06-MAY-2024,
OPTIDX,NIFTYNXT50,31-May-2024,61900.0,CE,0.0,0.0,0.0,2268.5,3550.2,0,0.0,0,0,06-MAY-2024,
OPTIDX,NIFTYNXT50,31-May-2024,62000.0,CE,0.0,0.0,0.0,3792.6,3465.35,0,0.0,90,0,06-MAY-2024,
OPTIDX,NIFTYNXT50,31-May-2024,62100.0,CE,0.0,0.0,0.0,2145.1,3381.3,0,0.0,0,0,06-MAY-2024,
OPTIDX,NIFTYNXT50,31-May-2024,62200.0,CE,0.0,0.0,0.0,2084.9,3298.0,0,0.0,0,0,06-MAY-2024,
OPTIDX,NIFTYNXT50,31-May-2024,62300.0,CE,0.0,0.0,0.0,2025.8,3215.55,0,0.0,0,0,06-MAY-2024,
OPTIDX,NIFTYNXT50,31-May-2024,62400.0,CE,0.0,0.0,0.0,1967.65,3133.95,0,0.0,0,0,06-MAY-2024,
OPTIDX,NIFTYNXT50,31-May-2024,62500.0,CE,0.0,0.0,0.0,1910.6,3053.25,0,0.0,0,0,06-MAY-2024,
OPTIDX,NIFTYNXT50,31-May-2024,62600.0,CE,0.0,0.0,0.0,1854.55,2973.45,0,0.0,0,0,06-MAY-2024,
OPTIDX,NIFTYNXT50,31-May-2024,62700.0,CE,0.0,0.0,0.0,1799.6,2894.55,0,0.0,0,0,06-MAY-2024,
OPTIDX,NIFTYNXT50,31-May-2024,62800.0,CE,0.0,0.0,0.0,1745.65,2816.6,0,0.0,0,0,06-MAY-2024,
OPTIDX,NIFTYNXT50,31-May-2024,62900.0,CE,0.0,0.0,0.0,2231.15,2739.6,0,0.0,30,0,06-MAY-2024,
OPTIDX,NIFTYNXT50,31-May-2024,63000.0,CE,0.0,0.0,0.0,3000.0,2663.6,0,0.0,720,0,06-MAY-2024,
OPTIDX,NIFTYNXT50,31-May-2024,63100.0,CE,0.0,0.0,0.0,2800.0,2588.65,0,0.0,70,0,06-MAY-2024,
OPTIDX,NIFTYNXT50,31-May-2024,63200.0,CE,0.0,0.0,0.0,1900.05,2517.05,0,0.0,30,0,06-MAY-2024,
OPTIDX,NIFTYNXT50,31-May-2024,63300.0,CE,0.0,0.0,0.0,1491.35,2441.3,0,0.0,0,0,06-MAY-2024,
OPTIDX,NIFTYNXT50,31-May-2024,63400.0,CE,0.0,0.0,0.0,1220.05,2369.55,0,0.0,10,0,06-MAY-2024,
OPTIDX,NIFTYNXT50,31-May-2024,63500.0,CE,0.0,0.0,0.0,2800.35,2298.85,0,0.0,470,0,06-MAY-2024,
OPTIDX,NIFTYNXT50,31-May-2024,63600.0,CE,0.0,0.0,0.0,1400.0,2229.3,0,0.0,20,0,06-MAY-2024,
OPTIDX,NIFTYNXT50,31-May-2024,63700.0,CE,0.0,0.0,0.0,1890.0,2160.9,0,0.0,20,0,06-MAY-2024,
OPTIDX,NIFTYNXT50,31-May-2024,63800.0,CE,0.0,0.0,0.0,1263.35,2093.6,0,0.0,0,0,06-MAY-2024,
OPTIDX,NIFTYNXT50,31-May-2024,63900.0,CE,0.0,0.0,0.0,2100.0,2027.5,0,0.0,150,0,06-MAY-2024,
OPTIDX,NIFTYNXT50,31-May-2024,64000.0,CE,2000.0,2288.85,1801.2,1925.35,1962.6,13,85.8,850,-20,06-MAY-2024,
OPTIDX,NIFTYNXT50,31-May-2024,64100.0,CE,0.0,0.0,0.0,1143.3,1898.85,0,0.0,120,0,06-MAY-2024,
OPTIDX,NIFTYNXT50,31-May-2024,64200.0,CE,0.0,0.0,0.0,1263.5,1836.35,0,0.0,60,0,06-MAY-2024,
OPTIDX,NIFTYNXT50,31-May-2024,64300.0,CE,0.0,0.0,0.0,1499.9,1775.05,0,0.0,50,0,06-MAY-2024,
OPTIDX,NIFTYNXT50,31-May-2024,64400.0,CE,0.0,0.0,0.0,1664.6,1714.95,0,0.0,80,0,06-MAY-2024,
OPTIDX,NIFTYNXT50,31-May-2024,64500.0,CE,2119.0,2119.0,1608.0,1829.25,1656.1,16,106.09,580,40,06-MAY-2024,
OPTIDX,NIFTYNXT50,31-May-2024,64600.0,CE,0.0,0.0,0.0,1338.5,1598.5,0,0.0,30,0,06-MAY-2024,
OPTIDX,NIFTYNXT50,31-May-2024,64700.0,CE,0.0,0.0,0.0,1259.7,1542.15,0,0.0,30,0,06-MAY-2024,
OPTIDX,NIFTYNXT50,31-May-2024,64800.0,CE,1650.0,1749.9,1500.0,1747.45,1747.45,4,26.58,100,30,06-MAY-2024,
OPTIDX,NIFTYNXT50,31-May-2024,64900.0,CE,0.0,0.0,0.0,1911.45,1433.2,0,0.0,30,0,06-MAY-2024,
OPTIDX,NIFTYNXT50,31-May-2024,65000.0,CE,1751.7,1788.0,1325.05,1418.3,1418.3,437,2906.05,1210,300,06-MAY-2024,
OPTIDX,NIFTYNXT50,31-May-2024,65100.0,CE,0.0,0.0,0.0,787.2,1329.3,0,0.0,0,0,06-MAY-2024,
OPTIDX,NIFTYNXT50,31-May-2024,65200.0,CE,1703.2,1703.2,1703.2,1703.2,1279.0,1,6.69,10,0,06-MAY-2024,
OPTIDX,NIFTYNXT50,31-May-2024,65300.0,CE,0.0,0.0,0.0,1099.9,1230.2,0,0.0,100,0,06-MAY-2024,
OPTIDX,NIFTYNXT50,31-May-2024,65400.0,CE,1388.65,1388.65,1388.65,1388.65,1182.6,1,6.67,40,10,06-MAY-2024,
OPTIDX,NIFTYNXT50,31-May-2024,65500.0,CE,1150.0,1498.0,1000.0,1172.2,1172.2,49,327.03,250,70,06-MAY-2024,
OPTIDX,NIFTYNXT50,31-May-2024,65600.0,CE,0.0,0.0,0.0,645.6,1091.25,0,0.0,0,0,06-MAY-2024,
OPTIDX,NIFTYNXT50,31-May-2024,65700.0,CE,0.0,0.0,0.0,619.8,1047.45,0,0.0,0,0,06-MAY-2024,
OPTIDX,NIFTYNXT50,31-May-2024,65800.0,CE,0.0,0.0,0.0,1740.0,1004.85,0,0.0,20,0,06-MAY-2024,
OPTIDX,NIFTYNXT50,31-May-2024,65900.0,CE,0.0,0.0,0.0,1055.0,963.5,0,0.0,40,0,06-MAY-2024,
OPTIDX,NIFTYNXT50,31-May-2024,66000.0,CE,1275.0,1298.0,805.0,903.9,903.9,324,2172.49,950,40,06-MAY-2024,
OPTIDX,NIFTYNXT50,31-May-2024,66100.0,CE,0.0,0.0,0.0,525.35,884.4,0,0.0,0,0,06-MAY-2024,
OPTIDX,NIFTYNXT50,31-May-2024,66200.0,CE,0.0,0.0,0.0,503.45,846.6,0,0.0,0,0,06-MAY-2024,
OPTIDX,NIFTYNXT50,31-May-2024,66300.0,CE,0.0,0.0,0.0,482.35,810.05,0,0.0,0,0,06-MAY-2024,
OPTIDX,NIFTYNXT50,31-May-2024,66400.0,CE,0.0,0.0,0.0,461.9,774.6,0,0.0,0,0,06-MAY-2024,
OPTIDX,NIFTYNXT50,31-May-2024,66500.0,CE,870.0,945.0,643.0,643.0,643.0,9,60.6,230,0,06-MAY-2024,
OPTIDX,NIFTYNXT50,31-May-2024,66600.0,CE,0.0,0.0,0.0,423.15,707.2,0,0.0,0,0,06-MAY-2024,
OPTIDX,NIFTYNXT50,31-May-2024,66700.0,CE,0.0,0.0,0.0,404.75,675.15,0,0.0,0,0,06-MAY-2024,
OPTIDX,NIFTYNXT50,31-May-2024,66800.0,CE,0.0,0.0,0.0,387.05,644.2,0,0.0,0,0,06-MAY-2024,
OPTIDX,NIFTYNXT50,31-May-2024,66900.0,CE,0.0,0.0,0.0,369.95,614.35,0,0.0,0,0,06-MAY-2024,
OPTIDX,NIFTYNXT50,31-May-2024,67000.0,CE,615.0,780.0,600.0,615.0,585.55,37,250.39,660,30,06-MAY-2024,
OPTIDX,NIFTYNXT50,31-May-2024,67100.0,CE,708.95,708.95,708.95,708.95,557.8,1,6.78,50,10,06-MAY-2024,
OPTIDX,NIFTYNXT50,31-May-2024,67200.0,CE,0.0,0.0,0.0,322.4,531.05,0,0.0,0,0,06-MAY-2024,
OPTIDX,NIFTYNXT50,31-May-2024,67300.0,CE,0.0,0.0,0.0,307.7,505.3,0,0.0,0,0,06-MAY-2024,
OPTIDX,NIFTYNXT50,31-May-2024,67400.0,CE,0.0,0.0,0.0,293.55,483.6,0,0.0,0,0,06-MAY-2024,
OPTIDX,NIFTYNXT50,31-May-2024,67500.0,CE,0.0,0.0,0.0,627.95,457.35,0,0.0,100,0,06-MAY-2024,
OPTIDX,NIFTYNXT50,31-May-2024,67600.0,CE,0.0,0.0,0.0,266.95,434.5,0,0.0,0,0,06-MAY-2024,
OPTIDX,NIFTYNXT50,31-May-2024,67700.0,CE,0.0,0.0,0.0,842.3,412.55,0,0.0,20,0,06-MAY-2024,
OPTIDX,NIFTYNXT50,31-May-2024,67800.0,CE,0.0,0.0,0.0,242.35,391.5,0,0.0,0,0,06-MAY-2024,
OPTIDX,NIFTYNXT50,31-May-2024,67900.0,CE,0.0,0.0,0.0,230.75,371.3,0,0.0,0,0,06-MAY-2024,
OPTIDX,NIFTYNXT50,31-May-2024,68000.0,CE,500.1,500.1,401.0,401.0,351.95,5,34.22,270,0,06-MAY-2024,
OPTIDX,NIFTYNXT50,31-May-2024,68100.0,CE,0.0,0.0,0.0,209.05,333.45,0,0.0,0,0,06-MAY-2024,
OPTIDX,NIFTYNXT50,31-May-2024,68200.0,CE,0.0,0.0,0.0,198.85,315.7,0,0.0,0,0,06-MAY-2024,
OPTIDX,NIFTYNXT50,31-May-2024,68300.0,CE,0.0,0.0,0.0,560.9,298.75,0,0.0,60,0,06-MAY-2024,
OPTIDX,NIFTYNXT50,31-May-2024,68400.0,CE,0.0,0.0,0.0,179.7,282.55,0,0.0,0,0,06-MAY-2024,
OPTIDX,NIFTYNXT50,31-May-2024,68500.0,CE,0.0,0.0,0.0,170.75,267.05,0,0.0,0,0,06-MAY-2024,
OPTIDX,NIFTYNXT50,31-May-2024,68600.0,CE,0.0,0.0,0.0,162.15,252.3,0,0.0,0,0,06-MAY-2024,
OPTIDX,NIFTYNXT50,31-May-2024,68700.0,CE,0.0,0.0,0.0,153.95,238.2,0,0.0,0,0,06-MAY-2024,
OPTIDX,NIFTYNXT50,31-May-2024,68800.0,CE,0.0,0.0,0.0,146.1,224.75,0,0.0,0,0,06-MAY-2024,
OPTIDX,NIFTYNXT50,31-May-2024,68900.0,CE,0.0,0.0,0.0,138.6,211.95,0,0.0,0,0,06-MAY-2024,
OPTIDX,NIFTYNXT50,31-May-2024,69000.0,CE,0.0,0.0,0.0,131.45,199.75,0,0.0,0,0,06-MAY-2024,
OPTIDX,NIFTYNXT50,31-May-2024,69100.0,CE,0.0,0.0,0.0,124.6,188.15,0,0.0,0,0,06-MAY-2024,
OPTIDX,NIFTYNXT50,31-May-2024,69200.0,CE,0.0,0.0,0.0,118.1,177.1,0,0.0,0,0,06-MAY-2024,
OPTIDX,NIFTYNXT50,31-May-2024,69300.0,CE,0.0,0.0,0.0,111.85,166.65,0,0.0,0,0,06-MAY-2024,
OPTIDX,NIFTYNXT50,31-May-2024,69400.0,CE,0.0,0.0,0.0,105.95,156.7,0,0.0,0,0,06-MAY-2024,
OPTIDX,NIFTYNXT50,31-May-2024,69500.0,CE,0.0,0.0,0.0,100.25,147.25,0,0.0,0,0,06-MAY-2024,
OPTIDX,NIFTYNXT50,31-May-2024,69600.0,CE,0.0,0.0,0.0,94.9,138.3,0,0.0,0,0,06-MAY-2024,
OPTIDX,NIFTYNXT50,31-May-2024,69700.0,CE,0.0,0.0,0.0,89.75,129.8,0,0.0,0,0,06-MAY-2024,
OPTIDX,NIFTYNXT50,31-May-2024,69800.0,CE,0.0,0.0,0.0,84.85,121.75,0,0.0,0,0,06-MAY-2024,
OPTIDX,NIFTYNXT50,31-May-2024,69900.0,CE,0.0,0.0,0.0,80.2,114.15,0,0.0,0,0,06-MAY-2024,
OPTIDX,NIFTYNXT50,31-May-2024,70000.0,CE,160.0,218.0,155.0,201.0,201.0,46,322.92,1390,100,06-MAY-2024,
OPTIDX,NIFTYNXT50,31-May-2024,70500.0,CE,0.0,0.0,0.0,40.0,76.6,0,0.0,10,0,06-MAY-2024,
OPTIDX,NIFTYNXT50,31-May-2024,71000.0,CE,0.0,0.0,0.0,155.0,54.05,0,0.0,20,0,06-MAY-2024,
OPTIDX,NIFTYNXT50,31-May-2024,71500.0,CE,0.0,0.0,0.0,125.0,37.6,0,0.0,30,0,06-MAY-2024,
OPTIDX,NIFTYNXT50,31-May-2024,72000.0,CE,59.25,59.25,59.25,59.25,25.8,1,7.2,510,0,06-MAY-2024,
OPTIDX,NIFTYNXT50,31-May-2024,72500.0,CE,0.0,0.0,0.0,16.25,17.4,0,0.0,0,0,06-MAY-2024,
OPTIDX,NIFTYNXT50,31-May-2024,73000.0,CE,66.95,70.5,33.35,39.8,39.8,759,5544.3,6820,70,06-MAY-2024,
OPTIDX,NIFTYNXT50,31-May-2024,73500.0,CE,0.0,0.0,0.0,8.25,7.65,0,0.0,0,0,06-MAY-2024,
OPTIDX,NIFTYNXT50,31-May-2024,74000.0,CE,52.4,52.4,32.0,34.0,34.0,20,148.08,110,100,06-MAY-2024,
OPTIDX,NIFTYNXT50,31-May-2024,74500.0,CE,0.0,0.0,0.0,4.05,3.15,0,0.0,0,0,06-MAY-2024,
OPTIDX,NIFTYNXT50,31-May-2024,75000.0,CE,0.0,0.0,0.0,2.8,2.0,0,0.0,0,0,06-MAY-2024,
OPTIDX,NIFTYNXT50,31-May-2024,75500.0,CE,0.0,0.0,0.0,1.95,1.25,0,0.0,0,0,06-MAY-2024,
OPTIDX,NIFTYNXT50,31-May-2024,76000.0,CE,0.0,0.0,0.0,1.3,0.8,0,0.0,0,0,06-MAY-2024,
OPTIDX,NIFTYNXT50,31-May-2024,53000.0,PE,0.0,0.0,0.0,1.55,0.05,0,0.0,0,0,06-MAY-2024,
OPTIDX,NIFTYNXT50,31-May-2024,53500.0,PE,0.0,0.0,0.0,2.7,0.05,0,0.0,0,0,06-MAY-2024,
OPTIDX,NIFTYNXT50,31-May-2024,54000.0,PE,0.0,0.0,0.0,4.5,0.05,0,0.0,0,0,06-MAY-2024,
OPTIDX,NIFTYNXT50,31-May-2024,54500.0,PE,0.0,0.0,0.0,7.3,0.1,0,0.0,0,0,06-MAY-2024,
OPTIDX,NIFTYNXT50,31-May-2024,55000.0,PE,0.0,0.0,0.0,11.6,0.15,0,0.0,0,0,06-MAY-2024,
OPTIDX,NIFTYNXT50,31-May-2024,55500.0,PE,0.0,0.0,0.0,18.05,0.35,0,0.0,0,0,06-MAY-2024,
OPTIDX,NIFTYNXT50,31-May-2024,56000.0,PE,0.0,0.0,0.0,27.4,0.65,0,0.0,0,0,06-MAY-2024,
OPTIDX,NIFTYNXT50,31-May-2024,56500.0,PE,0.0,0.0,0.0,40.75,1.25,0,0.0,0,0,06-MAY-2024,
OPTIDX,NIFTYNXT50,31-May-2024,57000.0,PE,0.0,0.0,0.0,59.35,2.3,0,0.0,0,0,06-MAY-2024,
OPTIDX,NIFTYNXT50,31-May-2024,57500.0,PE,0.0,0.0,0.0,45.0,4.2,0,0.0,10,0,06-MAY-2024,
OPTIDX,NIFTYNXT50,31-May-2024,58000.0,PE,0.0,0.0,0.0,118.4,7.35,0,0.0,0,0,06-MAY-2024,
OPTIDX,NIFTYNXT50,31-May-2024,58500.0,PE,0.0,0.0,0.0,162.55,12.5,0,0.0,0,0,06-MAY-2024,
OPTIDX,NIFTYNXT50,31-May-2024,58800.0,PE,0.0,0.0,0.0,194.85,16.9,0,0.0,0,0,06-MAY-2024,
OPTIDX,NIFTYNXT50,31-May-2024,58900.0,PE,0.0,0.0,0.0,206.7,18.65,0,0.0,0,0,06-MAY-2024,
OPTIDX,NIFTYNXT50,31-May-2024,59000.0,PE,0.0,0.0,0.0,219.15,20.55,0,0.0,0,0,06-MAY-2024,
OPTIDX,NIFTYNXT50,31-May-2024,59100.0,PE,0.0,0.0,0.0,232.15,22.65,0,0.0,0,0,06-MAY-2024,
OPTIDX,NIFTYNXT50,31-May-2024,59200.0,PE,0.0,0.0,0.0,245.75,24.9,0,0.0,0,0,06-MAY-2024,
OPTIDX,NIFTYNXT50,31-May-2024,59300.0,PE,0.0,0.0,0.0,259.95,27.35,0,0.0,0,0,06-MAY-2024,
OPTIDX,NIFTYNXT50,31-May-2024,59400.0,PE,0.0,0.0,0.0,274.8,30.0,0,0.0,0,0,06-MAY-2024,
OPTIDX,NIFTYNXT50,31-May-2024,59500.0,PE,0.0,0.0,0.0,290.35,32.9,0,0.0,0,0,06-MAY-2024,
OPTIDX,NIFTYNXT50,31-May-2024,59600.0,PE,0.0,0.0,0.0,306.55,36.0,0,0.0,0,0,06-MAY-2024,
OPTIDX,NIFTYNXT50,31-May-2024,59700.0,PE,0.0,0.0,0.0,323.4,39.4,0,0.0,0,0,06-MAY-2024,
OPTIDX,NIFTYNXT50,31-May-2024,59800.0,PE,0.0,0.0,0.0,341.0,43.0,0,0.0,0,0,06-MAY-2024,
OPTIDX,NIFTYNXT50,31-May-2024,59900.0,PE,0.0,0.0,0.0,359.3,46.95,0,0.0,0,0,06-MAY-2024,
OPTIDX,NIFTYNXT50,31-May-2024,60000.0,PE,80.0,110.0,61.0,70.0,70.0,28,168.24,160,50,06-MAY-2024,
OPTIDX,NIFTYNXT50,31-May-2024,60100.0,PE,0.0,0.0,0.0,398.2,55.7,0,0.0,0,0,06-MAY-2024,
OPTIDX,NIFTYNXT50,31-May-2024,60200.0,PE,0.0,0.0,0.0,418.8,60.55,0,0.0,0,0,06-MAY-2024,
OPTIDX,NIFTYNXT50,31-May-2024,60300.0,PE,0.0,0.0,0.0,150.0,65.8,0,0.0,10,0,06-MAY-2024,
OPTIDX,NIFTYNXT50,31-May-2024,60400.0,PE,0.0,0.0,0.0,462.35,71.4,0,0.0,0,0,06-MAY-2024,
OPTIDX,NIFTYNXT50,31-May-2024,60500.0,PE,0.0,0.0,0.0,485.4,77.4,0,0.0,0,0,06-MAY-2024,
OPTIDX,NIFTYNXT50,31-May-2024,60600.0,PE,0.0,0.0,0.0,509.25,83.8,0,0.0,0,0,06-MAY-2024,
OPTIDX,NIFTYNXT50,31-May-2024,60700.0,PE,0.0,0.0,0.0,533.95,90.7,0,0.0,0,0,06-MAY-2024,
OPTIDX,NIFTYNXT50,31-May-2024,60800.0,PE,0.0,0.0,0.0,561.8,98.0,0,0.0,0,0,06-MAY-2024,
OPTIDX,NIFTYNXT50,31-May-2024,60900.0,PE,0.0,0.0,0.0,588.0,105.8,0,0.0,0,0,06-MAY-2024,
OPTIDX,NIFTYNXT50,31-May-2024,61000.0,PE,116.0,116.0,116.0,116.0,116.0,1,6.11,40,10,06-MAY-2024,
OPTIDX,NIFTYNXT50,31-May-2024,61100.0,PE,0.0,0.0,0.0,641.1,122.9,0,0.0,0,0,06-MAY-2024,
OPTIDX,NIFTYNXT50,31-May-2024,61200.0,PE,0.0,0.0,0.0,670.35,132.3,0,0.0,0,0,06-MAY-2024,
OPTIDX,NIFTYNXT50,31-May-2024,61300.0,PE,0.0,0.0,0.0,700.5,142.25,0,0.0,0,0,06-MAY-2024,
OPTIDX,NIFTYNXT50,31-May-2024,61400.0,PE,0.0,0.0,0.0,731.65,152.8,0,0.0,0,0,06-MAY-2024,
OPTIDX,NIFTYNXT50,31-May-2024,61500.0,PE,0.0,0.0,0.0,76.0,164.0,0,0.0,30,0,06-MAY-2024,
OPTIDX,NIFTYNXT50,31-May-2024,61600.0,PE,0.0,0.0,0.0,796.8,175.8,0,0.0,0,0,06-MAY-2024,
OPTIDX,NIFTYNXT50,31-May-2024,61700.0,PE,0.0,0.0,0.0,830.85,188.35,0,0.0,0,0,06-MAY-2024,
OPTIDX,NIFTYNXT50,31-May-2024,61800.0,PE,0.0,0.0,0.0,865.9,201.55,0,0.0,0,0,06-MAY-2024,
OPTIDX,NIFTYNXT50,31-May-2024,61900.0,PE,0.0,0.0,0.0,901.9,215.45,0,0.0,0,0,06-MAY-2024,
OPTIDX,NIFTYNXT50,31-May-2024,62000.0,PE,210.0,227.5,210.0,218.75,218.75,2,12.44,350,10,06-MAY-2024,
OPTIDX,NIFTYNXT50,31-May-2024,62100.0,PE,0.0,0.0,0.0,977.0,245.6,0,0.0,0,0,06-MAY-2024,
OPTIDX,NIFTYNXT50,31-May-2024,62200.0,PE,0.0,0.0,0.0,1016.1,261.85,0,0.0,0,0,06-MAY-2024,
OPTIDX,NIFTYNXT50,31-May-2024,62300.0,PE,0.0,0.0,0.0,1056.2,278.9,0,0.0,0,0,06-MAY-2024,
OPTIDX,NIFTYNXT50,31-May-2024,62400.0,PE,0.0,0.0,0.0,1097.35,296.85,0,0.0,0,0,06-MAY-2024,
OPTIDX,NIFTYNXT50,31-May-2024,62500.0,PE,0.0,0.0,0.0,1139.5,315.65,0,0.0,0,0,06-MAY-2024,
OPTIDX,NIFTYNXT50,31-May-2024,62600.0,PE,0.0,0.0,0.0,1182.7,335.35,0,0.0,0,0,06-MAY-2024,
OPTIDX,NIFTYNXT50,31-May-2024,62700.0,PE,0.0,0.0,0.0,1226.95,355.95,0,0.0,0,0,06-MAY-2024,
OPTIDX,NIFTYNXT50,31-May-2024,62800.0,PE,0.0,0.0,0.0,1272.25,377.5,0,0.0,0,0,06-MAY-2024,
OPTIDX,NIFTYNXT50,31-May-2024,62900.0,PE,0.0,0.0,0.0,1318.6,400.05,0,0.0,0,0,06-MAY-2024,
OPTIDX,NIFTYNXT50,31-May-2024,63000.0,PE,350.0,450.0,275.0,384.85,384.85,54,342.16,1610,-10,06-MAY-2024,
OPTIDX,NIFTYNXT50,31-May-2024,63100.0,PE,569.05,569.05,350.1,487.1,448.15,9,57.21,60,60,06-MAY-2024,
OPTIDX,NIFTYNXT50,31-May-2024,63200.0,PE,0.0,0.0,0.0,1463.65,476.05,0,0.0,0,0,06-MAY-2024,
OPTIDX,NIFTYNXT50,31-May-2024,63300.0,PE,0.0,0.0,0.0,341.85,499.85,0,0.0,20,0,06-MAY-2024,
OPTIDX,NIFTYNXT50,31-May-2024,63400.0,PE,0.0,0.0,0.0,670.05,527.6,0,0.0,10,0,06-MAY-2024,
OPTIDX,NIFTYNXT50,31-May-2024,63500.0,PE,500.0,554.0,500.0,548.0,548.0,7,44.81,580,30,06-MAY-2024,
OPTIDX,NIFTYNXT50,31-May-2024,63600.0,PE,0.0,0.0,0.0,416.85,586.4,0,0.0,20,0,06-MAY-2024,
OPTIDX,NIFTYNXT50,31-May-2024,63700.0,PE,641.95,641.95,626.1,626.1,626.1,5,32.16,50,50,06-MAY-2024,
OPTIDX,NIFTYNXT50,31-May-2024,63800.0,PE,0.0,0.0,0.0,1782.4,649.75,0,0.0,0,0,06-MAY-2024,
OPTIDX,NIFTYNXT50,31-May-2024,63900.0,PE,532.4,701.15,513.9,669.5,669.5,12,77.37,120,120,06-MAY-2024,
OPTIDX,NIFTYNXT50,31-May-2024,64000.0,PE,558.0,830.0,556.05,657.1,657.1,75,484.97,1280,40,06-MAY-2024,
OPTIDX,NIFTYNXT50,31-May-2024,64100.0,PE,0.0,0.0,0.0,1003.45,753.55,0,0.0,120,0,06-MAY-2024,
OPTIDX,NIFTYNXT50,31-May-2024,64200.0,PE,0.0,0.0,0.0,400.0,790.55,0,0.0,20,0,06-MAY-2024,
OPTIDX,NIFTYNXT50,31-May-2024,64300.0,PE,0.0,0.0,0.0,2076.05,828.8,0,0.0,0,0,06-MAY-2024,
OPTIDX,NIFTYNXT50,31-May-2024,64400.0,PE,0.0,0.0,0.0,2137.8,868.2,0,0.0,0,0,06-MAY-2024,
OPTIDX,NIFTYNXT50,31-May-2024,64500.0,PE,960.0,1250.0,740.0,799.5,799.5,33,215.95,190,40,06-MAY-2024,
OPTIDX,NIFTYNXT50,31-May-2024,64600.0,PE,0.0,0.0,0.0,2264.1,950.8,0,0.0,0,0,06-MAY-2024,
OPTIDX,NIFTYNXT50,31-May-2024,64700.0,PE,0.0,0.0,0.0,1304.25,994.0,0,0.0,10,0,06-MAY-2024,
OPTIDX,NIFTYNXT50,31-May-2024,64800.0,PE,0.0,0.0,0.0,2394.25,1038.4,0,0.0,0,0,06-MAY-2024,
OPTIDX,NIFTYNXT50,31-May-2024,64900.0,PE,0.0,0.0,0.0,747.3,1084.1,0,0.0,10,0,06-MAY-2024,
OPTIDX,NIFTYNXT50,31-May-2024,65000.0,PE,960.0,1550.0,920.5,990.4,990.4,600,3963.36,1110,180,06-MAY-2024,
OPTIDX,NIFTYNXT50,31-May-2024,65100.0,PE,1005.0,1005.0,1005.0,1005.0,1179.2,7,46.27,100,0,06-MAY-2024,
OPTIDX,NIFTYNXT50,31-May-2024,65200.0,PE,0.0,0.0,0.0,2665.6,1228.4,0,0.0,0,0,06-MAY-2024,
OPTIDX,NIFTYNXT50,31-May-2024,65300.0,PE,0.0,0.0,0.0,1975.95,1279.1,0,0.0,60,0,06-MAY-2024,
OPTIDX,NIFTYNXT50,31-May-2024,65400.0,PE,0.0,0.0,0.0,2806.65,1331.1,0,0.0,0,0,06-MAY-2024,
OPTIDX,NIFTYNXT50,31-May-2024,65500.0,PE,0.0,0.0,0.0,2878.45,1384.3,0,0.0,0,0,06-MAY-2024,
OPTIDX,NIFTYNXT50,31-May-2024,65600.0,PE,0.0,0.0,0.0,2951.05,1438.75,0,0.0,0,0,06-MAY-2024,
OPTIDX,NIFTYNXT50,31-May-2024,65700.0,PE,0.0,0.0,0.0,3024.5,1494.45,0,0.0,0,0,06-MAY-2024,
OPTIDX,NIFTYNXT50,31-May-2024,65800.0,PE,0.0,0.0,0.0,3101.65,1551.4,0,0.0,0,0,06-MAY-2024,
OPTIDX,NIFTYNXT50,31-May-2024,65900.0,PE,0.0,0.0,0.0,3176.95,1609.55,0,0.0,0,0,06-MAY-2024,
OPTIDX,NIFTYNXT50,31-May-2024,66000.0,PE,1555.05,1655.6,1440.0,1600.0,1668.9,15,101.37,430,-20,06-MAY-2024,
OPTIDX,NIFTYNXT50,31-May-2024,66100.0,PE,0.0,0.0,0.0,3327.0,1729.45,0,0.0,0,0,06-MAY-2024,
OPTIDX,NIFTYNXT50,31-May-2024,66200.0,PE,0.0,0.0,0.0,3404.4,1791.25,0,0.0,0,0,06-MAY-2024,
OPTIDX,NIFTYNXT50,31-May-2024,66300.0,PE,0.0,0.0,0.0,3482.5,1854.15,0,0.0,0,0,06-MAY-2024,
OPTIDX,NIFTYNXT50,31-May-2024,66400.0,PE,0.0,0.0,0.0,3561.3,1918.25,0,0.0,0,0,06-MAY-2024,
OPTIDX,NIFTYNXT50,31-May-2024,66500.0,PE,0.0,0.0,0.0,3640.85,1983.5,0,0.0,0,0,06-MAY-2024,
OPTIDX,NIFTYNXT50,31-May-2024,66600.0,PE,0.0,0.0,0.0,3721.05,2049.85,0,0.0,0,0,06-MAY-2024,
OPTIDX,NIFTYNXT50,31-May-2024,66700.0,PE,0.0,0.0,0.0,3801.9,2117.35,0,0.0,0,0,06-MAY-2024,
OPTIDX,NIFTYNXT50,31-May-2024,66800.0,PE,0.0,0.0,0.0,3883.45,2185.95,0,0.0,0,0,06-MAY-2024,
OPTIDX,NIFTYNXT50,31-May-2024,66900.0,PE,0.0,0.0,0.0,3965.6,2255.6,0,0.0,0,0,06-MAY-2024,
OPTIDX,NIFTYNXT50,31-May-2024,67000.0,PE,0.0,0.0,0.0,4048.4,2326.3,0,0.0,0,0,06-MAY-2024,
OPTIDX,NIFTYNXT50,31-May-2024,67100.0,PE,0.0,0.0,0.0,4131.8,2398.1,0,0.0,0,0,06-MAY-2024,
OPTIDX,NIFTYNXT50,31-May-2024,67200.0,PE,0.0,0.0,0.0,4215.75,2470.85,0,0.0,0,0,06-MAY-2024,
OPTIDX,NIFTYNXT50,31-May-2024,67300.0,PE,0.0,0.0,0.0,4300.3,2544.65,0,0.0,0,0,06-MAY-2024,
OPTIDX,NIFTYNXT50,31-May-2024,67400.0,PE,0.0,0.0,0.0,4385.4,2622.45,0,0.0,0,0,06-MAY-2024,
OPTIDX,NIFTYNXT50,31-May-2024,67500.0,PE,0.0,0.0,0.0,4471.1,2695.7,0,0.0,0,0,06-MAY-2024,
OPTIDX,NIFTYNXT50,31-May-2024,67600.0,PE,0.0,0.0,0.0,4557.25,2772.4,0,0.0,0,0,06-MAY-2024,
OPTIDX,NIFTYNXT50,31-May-2024,67700.0,PE,0.0,0.0,0.0,4643.95,2849.95,0,0.0,0,0,06-MAY-2024,
OPTIDX,NIFTYNXT50,31-May-2024,67800.0,PE,0.0,0.0,0.0,4731.15,2928.45,0,0.0,0,0,06-MAY-2024,
OPTIDX,NIFTYNXT50,31-May-2024,67900.0,PE,0.0,0.0,0.0,4818.85,3007.75,0,0.0,0,0,06-MAY-2024,
OPTIDX,NIFTYNXT50,31-May-2024,68000.0,PE,0.0,0.0,0.0,4907.0,3087.95,0,0.0,0,0,06-MAY-2024,
OPTIDX,NIFTYNXT50,31-May-2024,68100.0,PE,0.0,0.0,0.0,4995.6,3168.95,0,0.0,0,0,06-MAY-2024,
OPTIDX,NIFTYNXT50,31-May-2024,68200.0,PE,0.0,0.0,0.0,5084.65,3250.7,0,0.0,0,0,06-MAY-2024,
OPTIDX,NIFTYNXT50,31-May-2024,68300.0,PE,0.0,0.0,0.0,5174.1,3333.3,0,0.0,0,0,06-MAY-2024,
OPTIDX,NIFTYNXT50,31-May-2024,68400.0,PE,0.0,0.0,0.0,5264.0,3416.6,0,0.0,0,0,06-MAY-2024,
OPTIDX,NIFTYNXT50,31-May-2024,68500.0,PE,0.0,0.0,0.0,5354.25,3500.6,0,0.0,0,0,06-MAY-2024,
OPTIDX,NIFTYNXT50,31-May-2024,68600.0,PE,0.0,0.0,0.0,5444.95,3585.35,0,0.0,0,0,06-MAY-2024,
OPTIDX,NIFTYNXT50,31-May-2024,68700.0,PE,0.0,0.0,0.0,5536.0,3670.8,0,0.0,0,0,06-MAY-2024,
OPTIDX,NIFTYNXT50,31-May-2024,68800.0,PE,0.0,0.0,0.0,5627.4,3756.85,0,0.0,0,0,06-MAY-2024,
OPTIDX,NIFTYNXT50,31-May-2024,68900.0,PE,0.0,0.0,0.0,5719.15,3843.55,0,0.0,0,0,06-MAY-2024,
OPTIDX,NIFTYNXT50,31-May-2024,69000.0,PE,0.0,0.0,0.0,5811.2,3930.9,0,0.0,0,0,06-MAY-2024,
OPTIDX,NIFTYNXT50,31-May-2024,69100.0,PE,0.0,0.0,0.0,5903.6,4018.8,0,0.0,0,0,06-MAY-2024,
OPTIDX,NIFTYNXT50,31-May-2024,69200.0,PE,0.0,0.0,0.0,5996.35,4107.3,0,0.0,0,0,06-MAY-2024,
OPTIDX,NIFTYNXT50,31-May-2024,69300.0,PE,0.0,0.0,0.0,6089.35,4196.35,0,0.0,0,0,06-MAY-2024,
OPTIDX,NIFTYNXT50,31-May-2024,69400.0,PE,0.0,0.0,0.0,6182.65,4285.9,0,0.0,0,0,06-MAY-2024,
OPTIDX,NIFTYNXT50,31-May-2024,69500.0,PE,0.0,0.0,0.0,6276.25,4376.0,0,0.0,0,0,06-MAY-2024,
OPTIDX,NIFTYNXT50,31-May-2024,69600.0,PE,0.0,0.0,0.0,6370.1,4466.55,0,0.0,0,0,06-MAY-2024,
OPTIDX,NIFTYNXT50,31-May-2024,69700.0,PE,0.0,0.0,0.0,6464.2,4557.6,0,0.0,0,0,06-MAY-2024,
OPTIDX,NIFTYNXT50,31-May-2024,69800.0,PE,0.0,0.0,0.0,6558.55,4649.1,0,0.0,0,0,06-MAY-2024,
OPTIDX,NIFTYNXT50,31-May-2024,69900.0,PE,0.0,0.0,0.0,6653.15,4741.0,0,0.0,0,0,06-MAY-2024,
OPTIDX,NIFTYNXT50,31-May-2024,70000.0,PE,0.0,0.0,0.0,6747.95,4833.35,0,0.0,0,0,06-MAY-2024,
OPTIDX,NIFTYNXT50,31-May-2024,70500.0,PE,0.0,0.0,0.0,7225.15,5300.55,0,0.0,0,0,06-MAY-2024,
OPTIDX,NIFTYNXT50,31-May-2024,71000.0,PE,0.0,0.0,0.0,7706.7,5775.6,0,0.0,0,0,06-MAY-2024,
OPTIDX,NIFTYNXT50,31-May-2024,71500.0,PE,0.0,0.0,0.0,8191.8,6256.75,0,0.0,0,0,06-MAY-2024,
OPTIDX,NIFTYNXT50,31-May-2024,72000.0,PE,0.0,0.0,0.0,8679.6,6742.55,0,0.0,0,0,06-MAY-2024,
OPTIDX,NIFTYNXT50,31-May-2024,72500.0,PE,0.0,0.0,0.0,9169.55,7231.75,0,0.0,0,0,06-MAY-2024,
OPTIDX,NIFTYNXT50,31-May-2024,73000.0,PE,0.0,0.0,0.0,9661.15,7723.55,0,0.0,0,0,06-MAY-2024,
OPTIDX,NIFTYNXT50,31-May-2024,73500.0,PE,0.0,0.0,0.0,10154.0,8217.2,0,0.0,0,0,06-MAY-2024,
OPTIDX,NIFTYNXT50,31-May-2024,74000.0,PE,0.0,0.0,0.0,10647.75,8712.1,0,0.0,0,0,06-MAY-2024,
OPTIDX,NIFTYNXT50,31-May-2024,74500.0,PE,0.0,0.0,0.0,11142.25,9207.9,0,0.0,0,0,06-MAY-2024,
OPTIDX,NIFTYNXT50,31-May-2024,75000.0,PE,0.0,0.0,0.0,11637.2,9704.35,0,0.0,0,0,06-MAY-2024,
OPTIDX,NIFTYNXT50,31-May-2024,75500.0,PE,0.0,0.0,0.0,12132.55,10201.2,0,0.0,0,0,06-MAY-2024,
OPTIDX,NIFTYNXT50,31-May-2024,76000.0,PE,0.0,0.0,0.0,12628.15,10698.3,0,0.0,0,0,06-MAY-2024,
OPTIDX,NIFTYNXT50,28-Jun-2024,53000.0,CE,0.0,0.0,0.0,10508.7,12495.4,0,0.0,0,0,06-MAY-2024,
OPTIDX,NIFTYNXT50,28-Jun-2024,53500.0,CE,0.0,0.0,0.0,10021.9,12001.5,0,0.0,0,0,06-MAY-2024,
OPTIDX,NIFTYNXT50,28-Jun-2024,54000.0,CE,0.0,0.0,0.0,9537.45,11508.0,0,0.0,0,0,06-MAY-2024,
OPTIDX,NIFTYNXT50,28-Jun-2024,54500.0,CE,0.0,0.0,0.0,9055.9,11015.2,0,0.0,0,0,06-MAY-2024,
OPTIDX,NIFTYNXT50,28-Jun-2024,55000.0,CE,0.0,0.0,0.0,8578.0,10523.25,0,0.0,0,0,06-MAY-2024,
OPTIDX,NIFTYNXT50,28-Jun-2024,55500.0,CE,0.0,0.0,0.0,8104.6,10032.55,0,0.0,0,0,06-MAY-2024,
OPTIDX,NIFTYNXT50,28-Jun-2024,56000.0,CE,0.0,0.0,0.0,7636.55,9543.45,0,0.0,0,0,06-MAY-2024,
OPTIDX,NIFTYNXT50,28-Jun-2024,56500.0,CE,0.0,0.0,0.0,7174.95,9056.55,0,0.0,0,0,06-MAY-2024,
OPTIDX,NIFTYNXT50,28-Jun-2024,57000.0,CE,0.0,0.0,0.0,6720.9,8572.45,0,0.0,0,0,06-MAY-2024,
OPTIDX,NIFTYNXT50,28-Jun-2024,57500.0,CE,0.0,0.0,0.0,6275.65,8091.95,0,0.0,0,0,06-MAY-2024,
OPTIDX,NIFTYNXT50,28-Jun-2024,58000.0,CE,0.0,0.0,0.0,5840.35,7616.0,0,0.0,0,0,06-MAY-2024,
OPTIDX,NIFTYNXT50,28-Jun-2024,58500.0,CE,0.0,0.0,0.0,5416.35,7145.55,0,0.0,0,0,06-MAY-2024,
OPTIDX,NIFTYNXT50,28-Jun-2024,58800.0,CE,0.0,0.0,0.0,5167.85,6866.45,0,0.0,0,0,06-MAY-2024,
OPTIDX,NIFTYNXT50,28-Jun-2024,58900.0,CE,0.0,0.0,0.0,5086.1,6774.0,0,0.0,0,0,06-MAY-2024,
OPTIDX,NIFTYNXT50,28-Jun-2024,59000.0,CE,0.0,0.0,0.0,5004.9,6681.85,0,0.0,0,0,06-MAY-2024,
OPTIDX,NIFTYNXT50,28-Jun-2024,59100.0,CE,0.0,0.0,0.0,4924.2,6590.05,0,0.0,0,0,06-MAY-2024,
OPTIDX,NIFTYNXT50,28-Jun-2024,59200.0,CE,0.0,0.0,0.0,4844.1,6498.55,0,0.0,0,0,06-MAY-2024,
OPTIDX,NIFTYNXT50,28-Jun-2024,59300.0,CE,0.0,0.0,0.0,4764.55,6407.4,0,0.0,0,0,06-MAY-2024,
OPTIDX,NIFTYNXT50,28-Jun-2024,59400.0,CE,0.0,0.0,0.0,4685.6,6316.6,0,0.0,0,0,06-MAY-2024,
OPTIDX,NIFTYNXT50,28-Jun-2024,59500.0,CE,0.0,0.0,0.0,4607.25,6226.15,0,0.0,0,0,06-MAY-2024,
OPTIDX,NIFTYNXT50,28-Jun-2024,59600.0,CE,0.0,0.0,0.0,4529.45,6136.1,0,0.0,0,0,06-MAY-2024,
OPTIDX,NIFTYNXT50,28-Jun-2024,59700.0,CE,0.0,0.0,0.0,4452.3,6046.45,0,0.0,0,0,06-MAY-2024,
OPTIDX,NIFTYNXT50,28-Jun-2024,59800.0,CE,0.0,0.0,0.0,4375.8,5957.15,0,0.0,0,0,06-MAY-2024,
OPTIDX,NIFTYNXT50,28-Jun-2024,59900.0,CE,0.0,0.0,0.0,4299.9,5868.3,0,0.0,0,0,06-MAY-2024,
OPTIDX,NIFTYNXT50,28-Jun-2024,60000.0,CE,0.0,0.0,0.0,4224.6,5779.85,0,0.0,0,0,06-MAY-2024,
OPTIDX,NIFTYNXT50,28-Jun-2024,60100.0,CE,0.0,0.0,0.0,4150.0,5691.85,0,0.0,0,0,06-MAY-2024,
OPTIDX,NIFTYNXT50,28-Jun-2024,60200.0,CE,0.0,0.0,0.0,4078.45,5604.3,0,0.0,0,0,06-MAY-2024,
OPTIDX,NIFTYNXT50,28-Jun-2024,60300.0,CE,0.0,0.0,0.0,4004.95,5517.2,0,0.0,0,0,06-MAY-2024,
OPTIDX,NIFTYNXT50,28-Jun-2024,60400.0,CE,0.0,0.0,0.0,3932.15,5430.55,0,0.0,0,0,06-MAY-2024,
OPTIDX,NIFTYNXT50,28-Jun-2024,60500.0,CE,0.0,0.0,0.0,3860.0,5344.4,0,0.0,0,0,06-MAY-2024,
OPTIDX,NIFTYNXT50,28-Jun-2024,60600.0,CE,0.0,0.0,0.0,3786.05,5258.75,0,0.0,0,0,06-MAY-2024,
OPTIDX,NIFTYNXT50,28-Jun-2024,60700.0,CE,0.0,0.0,0.0,3715.5,5173.6,0,0.0,0,0,06-MAY-2024,
OPTIDX,NIFTYNXT50,28-Jun-2024,60800.0,CE,0.0,0.0,0.0,3645.7,5089.0,0,0.0,0,0,06-MAY-2024,
OPTIDX,NIFTYNXT50,28-Jun-2024,60900.0,CE,0.0,0.0,0.0,3576.55,5004.9,0,0.0,0,0,06-MAY-2024,
OPTIDX,NIFTYNXT50,28-Jun-2024,61000.0,CE,0.0,0.0,0.0,3508.1,4921.35,0,0.0,0,0,06-MAY-2024,
OPTIDX,NIFTYNXT50,28-Jun-2024,61100.0,CE,0.0,0.0,0.0,3440.4,4838.35,0,0.0,0,0,06-MAY-2024,
OPTIDX,NIFTYNXT50,28-Jun-2024,61200.0,CE,0.0,0.0,0.0,3373.45,4755.9,0,0.0,0,0,06-MAY-2024,
OPTIDX,NIFTYNXT50,28-Jun-2024,61300.0,CE,0.0,0.0,0.0,3307.2,4674.05,0,0.0,0,0,06-MAY-2024,
OPTIDX,NIFTYNXT50,28-Jun-2024,61400.0,CE,0.0,0.0,0.0,3241.75,4592.75,0,0.0,0,0,06-MAY-2024,
OPTIDX,NIFTYNXT50,28-Jun-2024,61500.0,CE,0.0,0.0,0.0,3177.0,4512.1,0,0.0,0,0,06-MAY-2024,
OPTIDX,NIFTYNXT50,28-Jun-2024,61600.0,CE,0.0,0.0,0.0,3113.0,4432.05,0,0.0,0,0,06-MAY-2024,
OPTIDX,NIFTYNXT50,28-Jun-2024,61700.0,CE,0.0,0.0,0.0,3049.75,4352.6,0,0.0,0,0,06-MAY-2024,
OPTIDX,NIFTYNXT50,28-Jun-2024,61800.0,CE,0.0,0.0,0.0,2987.25,4273.8,0,0.0,0,0,06-MAY-2024,
OPTIDX,NIFTYNXT50,28-Jun-2024,61900.0,CE,0.0,0.0,0.0,2925.55,4195.65,0,0.0,0,0,06-MAY-2024,
OPTIDX,NIFTYNXT50,28-Jun-2024,62000.0,CE,0.0,0.0,0.0,2864.6,4118.15,0,0.0,0,0,06-MAY-2024,
OPTIDX,NIFTYNXT50,28-Jun-2024,62100.0,CE,0.0,0.0,0.0,2804.4,4041.35,0,0.0,0,0,06-MAY-2024,
OPTIDX,NIFTYNXT50,28-Jun-2024,62200.0,CE,0.0,0.0,0.0,2745.0,3965.2,0,0.0,0,0,06-MAY-2024,
OPTIDX,NIFTYNXT50,28-Jun-2024,62300.0,CE,0.0,0.0,0.0,2686.35,3889.75,0,0.0,0,0,06-MAY-2024,
OPTIDX,NIFTYNXT50,28-Jun-2024,62400.0,CE,0.0,0.0,0.0,2628.5,3815.0,0,0.0,0,0,06-MAY-2024,
OPTIDX,NIFTYNXT50,28-Jun-2024,62500.0,CE,0.0,0.0,0.0,2571.4,3743.4,0,0.0,0,0,06-MAY-2024,
OPTIDX,NIFTYNXT50,28-Jun-2024,62600.0,CE,0.0,0.0,0.0,2515.1,3669.9,0,0.0,0,0,06-MAY-2024,
OPTIDX,NIFTYNXT50,28-Jun-2024,62700.0,CE,0.0,0.0,0.0,2459.6,3597.1,0,0.0,0,0,06-MAY-2024,
OPTIDX,NIFTYNXT50,28-Jun-2024,62800.0,CE,0.0,0.0,0.0,2404.9,3522.4,0,0.0,0,0,06-MAY-2024,
OPTIDX,NIFTYNXT50,28-Jun-2024,62900.0,CE,0.0,0.0,0.0,2350.95,3451.35,0,0.0,0,0,06-MAY-2024,
OPTIDX,NIFTYNXT50,28-Jun-2024,63000.0,CE,0.0,0.0,0.0,2297.8,3381.0,0,0.0,0,0,06-MAY-2024,
OPTIDX,NIFTYNXT50,28-Jun-2024,63100.0,CE,0.0,0.0,0.0,2245.45,3311.45,0,0.0,0,0,06-MAY-2024,
OPTIDX,NIFTYNXT50,28-Jun-2024,63200.0,CE,0.0,0.0,0.0,2193.9,3242.65,0,0.0,0,0,06-MAY-2024,
OPTIDX,NIFTYNXT50,28-Jun-2024,63300.0,CE,0.0,0.0,0.0,2143.1,3174.7,0,0.0,0,0,06-MAY-2024,
OPTIDX,NIFTYNXT50,28-Jun-2024,63400.0,CE,0.0,0.0,0.0,2093.1,3107.45,0,0.0,0,0,06-MAY-2024,
OPTIDX,NIFTYNXT50,28-Jun-2024,63500.0,CE,0.0,0.0,0.0,2043.65,3041.05,0,0.0,0,0,06-MAY-2024,
OPTIDX,NIFTYNXT50,28-Jun-2024,63600.0,CE,0.0,0.0,0.0,1995.2,2975.45,0,0.0,0,0,06-MAY-2024,
OPTIDX,NIFTYNXT50,28-Jun-2024,63700.0,CE,0.0,0.0,0.0,1947.55,2910.65,0,0.0,0,0,06-MAY-2024,
OPTIDX,NIFTYNXT50,28-Jun-2024,63800.0,CE,0.0,0.0,0.0,1900.7,2846.65,0,0.0,0,0,06-MAY-2024,
OPTIDX,NIFTYNXT50,28-Jun-2024,63900.0,CE,0.0,0.0,0.0,1854.6,2783.5,0,0.0,0,0,06-MAY-2024,
OPTIDX,NIFTYNXT50,28-Jun-2024,64000.0,CE,0.0,0.0,0.0,1809.3,2721.15,0,0.0,0,0,06-MAY-2024,
OPTIDX,NIFTYNXT50,28-Jun-2024,64100.0,CE,0.0,0.0,0.0,1764.75,2659.65,0,0.0,0,0,06-MAY-2024,
OPTIDX,NIFTYNXT50,28-Jun-2024,64200.0,CE,0.0,0.0,0.0,1721.0,2599.0,0,0.0,0,0,06-MAY-2024,
OPTIDX,NIFTYNXT50,28-Jun-2024,64300.0,CE,0.0,0.0,0.0,1677.95,2539.15,0,0.0,0,0,06-MAY-2024,
OPTIDX,NIFTYNXT50,28-Jun-2024,64400.0,CE,0.0,0.0,0.0,1635.75,2480.15,0,0.0,0,0,06-MAY-2024,
OPTIDX,NIFTYNXT50,28-Jun-2024,64500.0,CE,0.0,0.0,0.0,1594.25,2422.0,0,0.0,0,0,06-MAY-2024,
OPTIDX,NIFTYNXT50,28-Jun-2024,64600.0,CE,0.0,0.0,0.0,1553.55,2364.75,0,0.0,0,0,06-MAY-2024,
OPTIDX,NIFTYNXT50,28-Jun-2024,64700.0,CE,0.0,0.0,0.0,1513.55,2308.3,0,0.0,0,0,06-MAY-2024,
OPTIDX,NIFTYNXT50,28-Jun-2024,64800.0,CE,0.0,0.0,0.0,1474.35,2252.7,0,0.0,0,0,06-MAY-2024,
OPTIDX,NIFTYNXT50,28-Jun-2024,64900.0,CE,0.0,0.0,0.0,1435.85,2197.95,0,0.0,0,0,06-MAY-2024,
OPTIDX,NIFTYNXT50,28-Jun-2024,65000.0,CE,0.0,0.0,0.0,1398.1,2144.1,0,0.0,0,0,06-MAY-2024,
OPTIDX,NIFTYNXT50,28-Jun-2024,65100.0,CE,0.0,0.0,0.0,1361.1,2091.05,0,0.0,0,0,06-MAY-2024,
OPTIDX,NIFTYNXT50,28-Jun-2024,65200.0,CE,0.0,0.0,0.0,1324.8,2038.9,0,0.0,0,0,06-MAY-2024,
OPTIDX,NIFTYNXT50,28-Jun-2024,65300.0,CE,0.0,0.0,0.0,1289.2,1987.6,0,0.0,0,0,06-MAY-2024,
OPTIDX,NIFTYNXT50,28-Jun-2024,65400.0,CE,0.0,0.0,0.0,1254.35,1937.15,0,0.0,0,0,06-MAY-2024,
OPTIDX,NIFTYNXT50,28-Jun-2024,65500.0,CE,0.0,0.0,0.0,1220.2,1887.3,0,0.0,0,0,06-MAY-2024,
OPTIDX,NIFTYNXT50,28-Jun-2024,65600.0,CE,0.0,0.0,0.0,1186.75,1838.55,0,0.0,0,0,06-MAY-2024,
OPTIDX,NIFTYNXT50,28-Jun-2024,65700.0,CE,0.0,0.0,0.0,1153.95,1790.7,0,0.0,0,0,06-MAY-2024,
OPTIDX,NIFTYNXT50,28-Jun-2024,65800.0,CE,0.0,0.0,0.0,1121.9,1743.65,0,0.0,0,0,06-MAY-2024,
OPTIDX,NIFTYNXT50,28-Jun-2024,65900.0,CE,0.0,0.0,0.0,1090.5,1697.45,0,0.0,0,0,06-MAY-2024,
OPTIDX,NIFTYNXT50,28-Jun-2024,66000.0,CE,0.0,0.0,0.0,1059.8,1652.15,0,0.0,0,0,06-MAY-2024,
OPTIDX,NIFTYNXT50,28-Jun-2024,66100.0,CE,0.0,0.0,0.0,1029.75,1607.65,0,0.0,0,0,06-MAY-2024,
OPTIDX,NIFTYNXT50,28-Jun-2024,66200.0,CE,0.0,0.0,0.0,1000.35,1564.0,0,0.0,0,0,06-MAY-2024,
OPTIDX,NIFTYNXT50,28-Jun-2024,66300.0,CE,0.0,0.0,0.0,971.6,1521.15,0,0.0,0,0,06-MAY-2024,
OPTIDX,NIFTYNXT50,28-Jun-2024,66400.0,CE,0.0,0.0,0.0,943.5,1479.15,0,0.0,0,0,06-MAY-2024,
OPTIDX,NIFTYNXT50,28-Jun-2024,66500.0,CE,0.0,0.0,0.0,916.0,1438.0,0,0.0,0,0,06-MAY-2024,
OPTIDX,NIFTYNXT50,28-Jun-2024,66600.0,CE,0.0,0.0,0.0,889.15,1397.65,0,0.0,0,0,06-MAY-2024,
OPTIDX,NIFTYNXT50,28-Jun-2024,66700.0,CE,0.0,0.0,0.0,862.95,1358.15,0,0.0,0,0,06-MAY-2024,
OPTIDX,NIFTYNXT50,28-Jun-2024,66800.0,CE,0.0,0.0,0.0,837.3,1319.4,0,0.0,0,0,06-MAY-2024,
OPTIDX,NIFTYNXT50,28-Jun-2024,66900.0,CE,0.0,0.0,0.0,815.1,1281.5,0,0.0,0,0,06-MAY-2024,
OPTIDX,NIFTYNXT50,28-Jun-2024,67000.0,CE,0.0,0.0,0.0,790.9,1244.4,0,0.0,0,0,06-MAY-2024,
OPTIDX,NIFTYNXT50,28-Jun-2024,67100.0,CE,0.0,0.0,0.0,767.25,1208.1,0,0.0,0,0,06-MAY-2024,
OPTIDX,NIFTYNXT50,28-Jun-2024,67200.0,CE,0.0,0.0,0.0,744.2,1172.55,0,0.0,0,0,06-MAY-2024,
OPTIDX,NIFTYNXT50,28-Jun-2024,67300.0,CE,0.0,0.0,0.0,719.05,1137.8,0,0.0,0,0,06-MAY-2024,
OPTIDX,NIFTYNXT50,28-Jun-2024,67400.0,CE,0.0,0.0,0.0,696.95,1103.8,0,0.0,0,0,06-MAY-2024,
OPTIDX,NIFTYNXT50,28-Jun-2024,67500.0,CE,0.0,0.0,0.0,675.4,1070.55,0,0.0,0,0,06-MAY-2024,
OPTIDX,NIFTYNXT50,28-Jun-2024,67600.0,CE,0.0,0.0,0.0,654.35,1038.1,0,0.0,0,0,06-MAY-2024,
OPTIDX,NIFTYNXT50,28-Jun-2024,67700.0,CE,0.0,0.0,0.0,633.85,1006.4,0,0.0,0,0,06-MAY-2024,
OPTIDX,NIFTYNXT50,28-Jun-2024,67800.0,CE,0.0,0.0,0.0,613.9,975.4,0,0.0,0,0,06-MAY-2024,
OPTIDX,NIFTYNXT50,28-Jun-2024,67900.0,CE,0.0,0.0,0.0,594.45,945.15,0,0.0,0,0,06-MAY-2024,
OPTIDX,NIFTYNXT50,28-Jun-2024,68000.0,CE,0.0,0.0,0.0,575.5,915.6,0,0.0,0,0,06-MAY-2024,
OPTIDX,NIFTYNXT50,28-Jun-2024,68100.0,CE,0.0,0.0,0.0,557.05,886.8,0,0.0,0,0,06-MAY-2024,
OPTIDX,NIFTYNXT50,28-Jun-2024,68200.0,CE,0.0,0.0,0.0,539.1,858.65,0,0.0,0,0,06-MAY-2024,
OPTIDX,NIFTYNXT50,28-Jun-2024,68300.0,CE,0.0,0.0,0.0,521.6,831.25,0,0.0,0,0,06-MAY-2024,
OPTIDX,NIFTYNXT50,28-Jun-2024,68400.0,CE,0.0,0.0,0.0,504.55,804.5,0,0.0,0,0,06-MAY-2024,
OPTIDX,NIFTYNXT50,28-Jun-2024,68500.0,CE,0.0,0.0,0.0,488.0,778.45,0,0.0,0,0,06-MAY-2024,
OPTIDX,NIFTYNXT50,28-Jun-2024,68600.0,CE,0.0,0.0,0.0,471.9,755.85,0,0.0,0,0,06-MAY-2024,
OPTIDX,NIFTYNXT50,28-Jun-2024,68700.0,CE,0.0,0.0,0.0,456.25,731.3,0,0.0,0,0,06-MAY-2024,
OPTIDX,NIFTYNXT50,28-Jun-2024,68800.0,CE,0.0,0.0,0.0,441.0,707.4,0,0.0,0,0,06-MAY-2024,
OPTIDX,NIFTYNXT50,28-Jun-2024,68900.0,CE,0.0,0.0,0.0,426.2,684.15,0,0.0,0,0,06-MAY-2024,
OPTIDX,NIFTYNXT50,28-Jun-2024,69000.0,CE,0.0,0.0,0.0,411.8,658.75,0,0.0,0,0,06-MAY-2024,
OPTIDX,NIFTYNXT50,28-Jun-2024,69100.0,CE,0.0,0.0,0.0,397.85,636.55,0,0.0,0,0,06-MAY-2024,
OPTIDX,NIFTYNXT50,28-Jun-2024,69200.0,CE,0.0,0.0,0.0,384.25,614.95,0,0.0,0,0,06-MAY-2024,
OPTIDX,NIFTYNXT50,28-Jun-2024,69300.0,CE,0.0,0.0,0.0,371.05,593.95,0,0.0,0,0,06-MAY-2024,
OPTIDX,NIFTYNXT50,28-Jun-2024,69400.0,CE,0.0,0.0,0.0,358.25,573.5,0,0.0,0,0,06-MAY-2024,
OPTIDX,NIFTYNXT50,28-Jun-2024,69500.0,CE,0.0,0.0,0.0,345.85,553.65,0,0.0,0,0,06-MAY-2024,
OPTIDX,NIFTYNXT50,28-Jun-2024,69600.0,CE,0.0,0.0,0.0,333.75,534.35,0,0.0,0,0,06-MAY-2024,
OPTIDX,NIFTYNXT50,28-Jun-2024,69700.0,CE,0.0,0.0,0.0,322.05,515.6,0,0.0,0,0,06-MAY-2024,
OPTIDX,NIFTYNXT50,28-Jun-2024,69800.0,CE,0.0,0.0,0.0,310.7,497.4,0,0.0,0,0,06-MAY-2024,
OPTIDX,NIFTYNXT50,28-Jun-2024,69900.0,CE,0.0,0.0,0.0,299.7,479.7,0,0.0,0,0,06-MAY-2024,
OPTIDX,NIFTYNXT50,28-Jun-2024,70000.0,CE,0.0,0.0,0.0,289.0,462.55,0,0.0,0,0,06-MAY-2024,
OPTIDX,NIFTYNXT50,28-Jun-2024,70500.0,CE,0.0,0.0,0.0,240.4,384.1,0,0.0,0,0,06-MAY-2024,
OPTIDX,NIFTYNXT50,28-Jun-2024,71000.0,CE,0.0,0.0,0.0,198.95,317.05,0,0.0,0,0,06-MAY-2024,
OPTIDX,NIFTYNXT50,28-Jun-2024,71500.0,CE,0.0,0.0,0.0,163.9,260.15,0,0.0,0,0,06-MAY-2024,
OPTIDX,NIFTYNXT50,28-Jun-2024,72000.0,CE,0.0,0.0,0.0,134.4,212.2,0,0.0,0,0,06-MAY-2024,
OPTIDX,NIFTYNXT50,28-Jun-2024,72500.0,CE,0.0,0.0,0.0,109.7,172.05,0,0.0,0,0,06-MAY-2024,
OPTIDX,NIFTYNXT50,28-Jun-2024,73000.0,CE,0.0,0.0,0.0,89.1,138.65,0,0.0,0,0,06-MAY-2024,
OPTIDX,NIFTYNXT50,28-Jun-2024,73500.0,CE,0.0,0.0,0.0,72.05,111.1,0,0.0,0,0,06-MAY-2024,
OPTIDX,NIFTYNXT50,28-Jun-2024,74000.0,CE,0.0,0.0,0.0,58.0,88.5,0,0.0,0,0,06-MAY-2024,
OPTIDX,NIFTYNXT50,28-Jun-2024,74500.0,CE,0.0,0.0,0.0,46.45,70.1,0,0.0,0,0,06-MAY-2024,
OPTIDX,NIFTYNXT50,28-Jun-2024,75000.0,CE,0.0,0.0,0.0,37.05,55.2,0,0.0,0,0,06-MAY-2024,
OPTIDX,NIFTYNXT50,28-Jun-2024,75500.0,CE,0.0,0.0,0.0,29.45,43.2,0,0.0,0,0,06-MAY-2024,
OPTIDX,NIFTYNXT50,28-Jun-2024,76000.0,CE,0.0,0.0,0.0,23.3,33.65,0,0.0,0,0,06-MAY-2024,
OPTIDX,NIFTYNXT50,28-Jun-2024,53000.0,PE,0.0,0.0,0.0,16.1,1.45,0,0.0,0,0,06-MAY-2024,
OPTIDX,NIFTYNXT50,28-Jun-2024,53500.0,PE,0.0,0.0,0.0,22.75,2.3,0,0.0,0,0,06-MAY-2024,
OPTIDX,NIFTYNXT50,28-Jun-2024,54000.0,PE,0.0,0.0,0.0,31.75,3.55,0,0.0,0,0,06-MAY-2024,
OPTIDX,NIFTYNXT50,28-Jun-2024,54500.0,PE,0.0,0.0,0.0,43.65,5.5,0,0.0,0,0,06-MAY-2024,
OPTIDX,NIFTYNXT50,28-Jun-2024,55000.0,PE,0.0,0.0,0.0,59.2,8.3,0,0.0,0,0,06-MAY-2024,
OPTIDX,NIFTYNXT50,28-Jun-2024,55500.0,PE,0.0,0.0,0.0,79.25,12.35,0,0.0,0,0,06-MAY-2024,
OPTIDX,NIFTYNXT50,28-Jun-2024,56000.0,PE,0.0,0.0,0.0,104.65,18.0,0,0.0,0,0,06-MAY-2024,
OPTIDX,NIFTYNXT50,28-Jun-2024,56500.0,PE,0.0,0.0,0.0,136.5,25.85,0,0.0,0,0,06-MAY-2024,
OPTIDX,NIFTYNXT50,28-Jun-2024,57000.0,PE,0.0,0.0,0.0,175.95,36.5,0,0.0,0,0,06-MAY-2024,
OPTIDX,NIFTYNXT50,28-Jun-2024,57500.0,PE,0.0,0.0,0.0,224.1,50.75,0,0.0,0,0,06-MAY-2024,
OPTIDX,NIFTYNXT50,28-Jun-2024,58000.0,PE,0.0,0.0,0.0,282.25,69.55,0,0.0,0,0,06-MAY-2024,
OPTIDX,NIFTYNXT50,28-Jun-2024,58500.0,PE,0.0,0.0,0.0,351.7,93.85,0,0.0,0,0,06-MAY-2024,
OPTIDX,NIFTYNXT50,28-Jun-2024,58800.0,PE,0.0,0.0,0.0,399.3,111.6,0,0.0,0,0,06-MAY-2024,
OPTIDX,NIFTYNXT50,28-Jun-2024,58900.0,PE,0.0,0.0,0.0,416.25,118.1,0,0.0,0,0,06-MAY-2024,
OPTIDX,NIFTYNXT50,28-Jun-2024,59000.0,PE,0.0,0.0,0.0,433.7,124.9,0,0.0,0,0,06-MAY-2024,
OPTIDX,NIFTYNXT50,28-Jun-2024,59100.0,PE,0.0,0.0,0.0,451.7,132.0,0,0.0,0,0,06-MAY-2024,
OPTIDX,NIFTYNXT50,28-Jun-2024,59200.0,PE,0.0,0.0,0.0,470.3,139.5,0,0.0,0,0,06-MAY-2024,
OPTIDX,NIFTYNXT50,28-Jun-2024,59300.0,PE,0.0,0.0,0.0,489.45,147.3,0,0.0,0,0,06-MAY-2024,
OPTIDX,NIFTYNXT50,28-Jun-2024,59400.0,PE,0.0,0.0,0.0,509.2,155.45,0,0.0,0,0,06-MAY-2024,
OPTIDX,NIFTYNXT50,28-Jun-2024,59500.0,PE,0.0,0.0,0.0,529.5,163.95,0,0.0,0,0,06-MAY-2024,
OPTIDX,NIFTYNXT50,28-Jun-2024,59600.0,PE,0.0,0.0,0.0,550.45,172.85,0,0.0,0,0,06-MAY-2024,
OPTIDX,NIFTYNXT50,28-Jun-2024,59700.0,PE,0.0,0.0,0.0,571.95,182.15,0,0.0,0,0,06-MAY-2024,
OPTIDX,NIFTYNXT50,28-Jun-2024,59800.0,PE,0.0,0.0,0.0,594.15,191.8,0,0.0,0,0,06-MAY-2024,
OPTIDX,NIFTYNXT50,28-Jun-2024,59900.0,PE,0.0,0.0,0.0,616.9,201.9,0,0.0,0,0,06-MAY-2024,
OPTIDX,NIFTYNXT50,28-Jun-2024,60000.0,PE,0.0,0.0,0.0,640.35,212.4,0,0.0,0,0,06-MAY-2024,
OPTIDX,NIFTYNXT50,28-Jun-2024,60100.0,PE,0.0,0.0,0.0,664.4,223.35,0,0.0,0,0,06-MAY-2024,
OPTIDX,NIFTYNXT50,28-Jun-2024,60200.0,PE,0.0,0.0,0.0,691.55,234.75,0,0.0,0,0,06-MAY-2024,
OPTIDX,NIFTYNXT50,28-Jun-2024,60300.0,PE,0.0,0.0,0.0,716.75,246.6,0,0.0,0,0,06-MAY-2024,
OPTIDX,NIFTYNXT50,28-Jun-2024,60400.0,PE,0.0,0.0,0.0,742.65,258.9,0,0.0,0,0,06-MAY-2024,
OPTIDX,NIFTYNXT50,28-Jun-2024,60500.0,PE,0.0,0.0,0.0,769.2,271.7,0,0.0,0,0,06-MAY-2024,
OPTIDX,NIFTYNXT50,28-Jun-2024,60600.0,PE,0.0,0.0,0.0,793.95,285.0,0,0.0,0,0,06-MAY-2024,
OPTIDX,NIFTYNXT50,28-Jun-2024,60700.0,PE,0.0,0.0,0.0,822.1,298.8,0,0.0,0,0,06-MAY-2024,
OPTIDX,NIFTYNXT50,28-Jun-2024,60800.0,PE,0.0,0.0,0.0,850.9,313.15,0,0.0,0,0,06-MAY-2024,
OPTIDX,NIFTYNXT50,28-Jun-2024,60900.0,PE,0.0,0.0,0.0,880.5,328.0,0,0.0,0,0,06-MAY-2024,
OPTIDX,NIFTYNXT50,28-Jun-2024,61000.0,PE,0.0,0.0,0.0,910.75,343.4,0,0.0,0,0,06-MAY-2024,
OPTIDX,NIFTYNXT50,28-Jun-2024,61100.0,PE,0.0,0.0,0.0,941.75,359.3,0,0.0,0,0,06-MAY-2024,
OPTIDX,NIFTYNXT50,28-Jun-2024,61200.0,PE,0.0,0.0,0.0,973.45,375.85,0,0.0,0,0,06-MAY-2024,
OPTIDX,NIFTYNXT50,28-Jun-2024,61300.0,PE,0.0,0.0,0.0,1005.9,392.9,0,0.0,0,0,06-MAY-2024,
OPTIDX,NIFTYNXT50,28-Jun-2024,61400.0,PE,0.0,0.0,0.0,1039.1,410.6,0,0.0,0,0,06-MAY-2024,
OPTIDX,NIFTYNXT50,28-Jun-2024,61500.0,PE,0.0,0.0,0.0,1073.05,428.9,0,0.0,0,0,06-MAY-2024,
OPTIDX,NIFTYNXT50,28-Jun-2024,61600.0,PE,0.0,0.0,0.0,1107.75,447.8,0,0.0,0,0,06-MAY-2024,
OPTIDX,NIFTYNXT50,28-Jun-2024,61700.0,PE,0.0,0.0,0.0,1143.2,467.3,0,0.0,0,0,06-MAY-2024,
OPTIDX,NIFTYNXT50,28-Jun-2024,61800.0,PE,0.0,0.0,0.0,1179.4,487.45,0,0.0,0,0,06-MAY-2024,
OPTIDX,NIFTYNXT50,28-Jun-2024,61900.0,PE,0.0,0.0,0.0,1216.35,508.25,0,0.0,0,0,06-MAY-2024,
OPTIDX,NIFTYNXT50,28-Jun-2024,62000.0,PE,0.0,0.0,0.0,1254.1,529.7,0,0.0,0,0,06-MAY-2024,
OPTIDX,NIFTYNXT50,28-Jun-2024,62100.0,PE,0.0,0.0,0.0,1292.6,551.85,0,0.0,0,0,06-MAY-2024,
OPTIDX,NIFTYNXT50,28-Jun-2024,62200.0,PE,0.0,0.0,0.0,1331.9,574.65,0,0.0,0,0,06-MAY-2024,
OPTIDX,NIFTYNXT50,28-Jun-2024,62300.0,PE,0.0,0.0,0.0,1371.95,598.15,0,0.0,0,0,06-MAY-2024,
OPTIDX,NIFTYNXT50,28-Jun-2024,62400.0,PE,0.0,0.0,0.0,1412.8,622.3,0,0.0,0,0,06-MAY-2024,
OPTIDX,NIFTYNXT50,28-Jun-2024,62500.0,PE,0.0,0.0,0.0,1454.4,649.7,0,0.0,0,0,06-MAY-2024,
OPTIDX,NIFTYNXT50,28-Jun-2024,62600.0,PE,0.0,0.0,0.0,1496.8,675.15,0,0.0,0,0,06-MAY-2024,
OPTIDX,NIFTYNXT50,28-Jun-2024,62700.0,PE,0.0,0.0,0.0,1540.0,701.3,0,0.0,0,0,06-MAY-2024,
OPTIDX,NIFTYNXT50,28-Jun-2024,62800.0,PE,0.0,0.0,0.0,1583.95,725.55,0,0.0,0,0,06-MAY-2024,
OPTIDX,NIFTYNXT50,28-Jun-2024,62900.0,PE,0.0,0.0,0.0,1628.7,753.45,0,0.0,0,0,06-MAY-2024,
OPTIDX,NIFTYNXT50,28-Jun-2024,63000.0,PE,0.0,0.0,0.0,1674.25,782.05,0,0.0,0,0,06-MAY-2024,
OPTIDX,NIFTYNXT50,28-Jun-2024,63100.0,PE,0.0,0.0,0.0,1720.6,811.45,0,0.0,0,0,06-MAY-2024,
OPTIDX,NIFTYNXT50,28-Jun-2024,63200.0,PE,0.0,0.0,0.0,1767.7,841.6,0,0.0,0,0,06-MAY-2024,
OPTIDX,NIFTYNXT50,28-Jun-2024,63300.0,PE,0.0,0.0,0.0,1815.6,872.55,0,0.0,0,0,06-MAY-2024,
OPTIDX,NIFTYNXT50,28-Jun-2024,63400.0,PE,0.0,0.0,0.0,1864.3,904.3,0,0.0,0,0,06-MAY-2024,
OPTIDX,NIFTYNXT50,28-Jun-2024,63500.0,PE,0.0,0.0,0.0,1913.5,936.85,0,0.0,0,0,06-MAY-2024,
OPTIDX,NIFTYNXT50,28-Jun-2024,63600.0,PE,0.0,0.0,0.0,1963.8,970.2,0,0.0,0,0,06-MAY-2024,
OPTIDX,NIFTYNXT50,28-Jun-2024,63700.0,PE,0.0,0.0,0.0,2014.8,1004.35,0,0.0,0,0,06-MAY-2024,
OPTIDX,NIFTYNXT50,28-Jun-2024,63800.0,PE,0.0,0.0,0.0,2066.65,1039.3,0,0.0,0,0,06-MAY-2024,
OPTIDX,NIFTYNXT50,28-Jun-2024,63900.0,PE,0.0,0.0,0.0,2119.25,1075.1,0,0.0,0,0,06-MAY-2024,
OPTIDX,NIFTYNXT50,28-Jun-2024,64000.0,PE,0.0,0.0,0.0,2172.65,1111.7,0,0.0,0,0,06-MAY-2024,
OPTIDX,NIFTYNXT50,28-Jun-2024,64100.0,PE,0.0,0.0,0.0,2226.8,1149.15,0,0.0,0,0,06-MAY-2024,
OPTIDX,NIFTYNXT50,28-Jun-2024,64200.0,PE,0.0,0.0,0.0,2281.7,1187.4,0,0.0,0,0,06-MAY-2024,
OPTIDX,NIFTYNXT50,28-Jun-2024,64300.0,PE,0.0,0.0,0.0,2337.4,1226.55,0,0.0,0,0,06-MAY-2024,
OPTIDX,NIFTYNXT50,28-Jun-2024,64400.0,PE,0.0,0.0,0.0,2393.85,1266.5,0,0.0,0,0,06-MAY-2024,
OPTIDX,NIFTYNXT50,28-Jun-2024,64500.0,PE,0.0,0.0,0.0,2451.05,1307.3,0,0.0,0,0,06-MAY-2024,
OPTIDX,NIFTYNXT50,28-Jun-2024,64600.0,PE,0.0,0.0,0.0,2509.0,1348.95,0,0.0,0,0,06-MAY-2024,
OPTIDX,NIFTYNXT50,28-Jun-2024,64700.0,PE,0.0,0.0,0.0,2567.75,1391.5,0,0.0,0,0,06-MAY-2024,
OPTIDX,NIFTYNXT50,28-Jun-2024,64800.0,PE,0.0,0.0,0.0,2627.2,1434.85,0,0.0,0,0,06-MAY-2024,
OPTIDX,NIFTYNXT50,28-Jun-2024,64900.0,PE,0.0,0.0,0.0,2687.4,1479.05,0,0.0,0,0,06-MAY-2024,
OPTIDX,NIFTYNXT50,28-Jun-2024,65000.0,PE,0.0,0.0,0.0,2748.35,1524.15,0,0.0,0,0,06-MAY-2024,
OPTIDX,NIFTYNXT50,28-Jun-2024,65100.0,PE,0.0,0.0,0.0,2810.0,1570.05,0,0.0,0,0,06-MAY-2024,
OPTIDX,NIFTYNXT50,28-Jun-2024,65200.0,PE,0.0,0.0,0.0,2872.4,1616.85,0,0.0,0,0,06-MAY-2024,
OPTIDX,NIFTYNXT50,28-Jun-2024,65300.0,PE,0.0,0.0,0.0,2935.55,1664.5,0,0.0,0,0,06-MAY-2024,
OPTIDX,NIFTYNXT50,28-Jun-2024,65400.0,PE,0.0,0.0,0.0,2999.35,1713.0,0,0.0,0,0,06-MAY-2024,
OPTIDX,NIFTYNXT50,28-Jun-2024,65500.0,PE,0.0,0.0,0.0,3063.9,1762.1,0,0.0,0,0,06-MAY-2024,
OPTIDX,NIFTYNXT50,28-Jun-2024,65600.0,PE,0.0,0.0,0.0,3129.1,1812.3,0,0.0,0,0,06-MAY-2024,
OPTIDX,NIFTYNXT50,28-Jun-2024,65700.0,PE,0.0,0.0,0.0,3195.05,1863.35,0,0.0,0,0,06-MAY-2024,
OPTIDX,NIFTYNXT50,28-Jun-2024,65800.0,PE,0.0,0.0,0.0,3261.65,1915.3,0,0.0,0,0,06-MAY-2024,
OPTIDX,NIFTYNXT50,28-Jun-2024,65900.0,PE,0.0,0.0,0.0,3328.95,1968.05,0,0.0,0,0,06-MAY-2024,
OPTIDX,NIFTYNXT50,28-Jun-2024,66000.0,PE,0.0,0.0,0.0,3396.95,2021.65,0,0.0,0,0,06-MAY-2024,
OPTIDX,NIFTYNXT50,28-Jun-2024,66100.0,PE,0.0,0.0,0.0,3465.55,2076.1,0,0.0,0,0,06-MAY-2024,
OPTIDX,NIFTYNXT50,28-Jun-2024,66200.0,PE,0.0,0.0,0.0,3534.85,2131.4,0,0.0,0,0,06-MAY-2024,
OPTIDX,NIFTYNXT50,28-Jun-2024,66300.0,PE,0.0,0.0,0.0,3604.8,2187.55,0,0.0,0,0,06-MAY-2024,
OPTIDX,NIFTYNXT50,28-Jun-2024,66400.0,PE,0.0,0.0,0.0,3675.4,2244.5,0,0.0,0,0,06-MAY-2024,
OPTIDX,NIFTYNXT50,28-Jun-2024,66500.0,PE,0.0,0.0,0.0,3746.6,2302.3,0,0.0,0,0,06-MAY-2024,
OPTIDX,NIFTYNXT50,28-Jun-2024,66600.0,PE,0.0,0.0,0.0,3818.45,2360.9,0,0.0,0,0,06-MAY-2024,
OPTIDX,NIFTYNXT50,28-Jun-2024,66700.0,PE,0.0,0.0,0.0,3890.9,2420.35,0,0.0,0,0,06-MAY-2024,
OPTIDX,NIFTYNXT50,28-Jun-2024,66800.0,PE,0.0,0.0,0.0,3964.0,2480.55,0,0.0,0,0,06-MAY-2024,
OPTIDX,NIFTYNXT50,28-Jun-2024,66900.0,PE,0.0,0.0,0.0,4040.5,2541.6,0,0.0,0,0,06-MAY-2024,
OPTIDX,NIFTYNXT50,28-Jun-2024,67000.0,PE,0.0,0.0,0.0,4114.95,2603.45,0,0.0,0,0,06-MAY-2024,
OPTIDX,NIFTYNXT50,28-Jun-2024,67100.0,PE,0.0,0.0,0.0,4190.0,2666.05,0,0.0,0,0,06-MAY-2024,
OPTIDX,NIFTYNXT50,28-Jun-2024,67200.0,PE,0.0,0.0,0.0,4265.6,2729.5,0,0.0,0,0,06-MAY-2024,
OPTIDX,NIFTYNXT50,28-Jun-2024,67300.0,PE,0.0,0.0,0.0,4339.2,2793.65,0,0.0,0,0,06-MAY-2024,
OPTIDX,NIFTYNXT50,28-Jun-2024,67400.0,PE,0.0,0.0,0.0,4415.75,2858.65,0,0.0,0,0,06-MAY-2024,
OPTIDX,NIFTYNXT50,28-Jun-2024,67500.0,PE,0.0,0.0,0.0,4492.9,2924.35,0,0.0,0,0,06-MAY-2024,
OPTIDX,NIFTYNXT50,28-Jun-2024,67600.0,PE,0.0,0.0,0.0,4570.55,2990.85,0,0.0,0,0,06-MAY-2024,
OPTIDX,NIFTYNXT50,28-Jun-2024,67700.0,PE,0.0,0.0,0.0,4648.75,3058.05,0,0.0,0,0,06-MAY-2024,
OPTIDX,NIFTYNXT50,28-Jun-2024,67800.0,PE,0.0,0.0,0.0,4727.5,3126.05,0,0.0,0,0,06-MAY-2024,
OPTIDX,NIFTYNXT50,28-Jun-2024,67900.0,PE,0.0,0.0,0.0,4806.7,3194.75,0,0.0,0,0,06-MAY-2024,
OPTIDX,NIFTYNXT50,28-Jun-2024,68000.0,PE,0.0,0.0,0.0,4886.45,3264.15,0,0.0,0,0,06-MAY-2024,
OPTIDX,NIFTYNXT50,28-Jun-2024,68100.0,PE,0.0,0.0,0.0,4966.7,3334.3,0,0.0,0,0,06-MAY-2024,
OPTIDX,NIFTYNXT50,28-Jun-2024,68200.0,PE,0.0,0.0,0.0,5047.4,3405.1,0,0.0,0,0,06-MAY-2024,
OPTIDX,NIFTYNXT50,28-Jun-2024,68300.0,PE,0.0,0.0,0.0,5128.6,3476.65,0,0.0,0,0,06-MAY-2024,
OPTIDX,NIFTYNXT50,28-Jun-2024,68400.0,PE,0.0,0.0,0.0,5210.3,3548.85,0,0.0,0,0,06-MAY-2024,
OPTIDX,NIFTYNXT50,28-Jun-2024,68500.0,PE,0.0,0.0,0.0,5292.4,3621.75,0,0.0,0,0,06-MAY-2024,
OPTIDX,NIFTYNXT50,28-Jun-2024,68600.0,PE,0.0,0.0,0.0,5375.0,3698.05,0,0.0,0,0,06-MAY-2024,
OPTIDX,NIFTYNXT50,28-Jun-2024,68700.0,PE,0.0,0.0,0.0,5458.05,3772.5,0,0.0,0,0,06-MAY-2024,
OPTIDX,NIFTYNXT50,28-Jun-2024,68800.0,PE,0.0,0.0,0.0,5541.5,3847.55,0,0.0,0,0,06-MAY-2024,
OPTIDX,NIFTYNXT50,28-Jun-2024,68900.0,PE,0.0,0.0,0.0,5625.4,3923.25,0,0.0,0,0,06-MAY-2024,
OPTIDX,NIFTYNXT50,28-Jun-2024,69000.0,PE,0.0,0.0,0.0,5709.7,3996.8,0,0.0,0,0,06-MAY-2024,
OPTIDX,NIFTYNXT50,28-Jun-2024,69100.0,PE,0.0,0.0,0.0,5794.4,4073.55,0,0.0,0,0,06-MAY-2024,
OPTIDX,NIFTYNXT50,28-Jun-2024,69200.0,PE,0.0,0.0,0.0,5879.5,4150.9,0,0.0,0,0,06-MAY-2024,
OPTIDX,NIFTYNXT50,28-Jun-2024,69300.0,PE,0.0,0.0,0.0,5965.0,4228.8,0,0.0,0,0,06-MAY-2024,
OPTIDX,NIFTYNXT50,28-Jun-2024,69400.0,PE,0.0,0.0,0.0,6050.9,4307.35,0,0.0,0,0,06-MAY-2024,
OPTIDX,NIFTYNXT50,28-Jun-2024,69500.0,PE,0.0,0.0,0.0,6137.15,4386.45,0,0.0,0,0,06-MAY-2024,
OPTIDX,NIFTYNXT50,28-Jun-2024,69600.0,PE,0.0,0.0,0.0,6223.8,4466.1,0,0.0,0,0,06-MAY-2024,
OPTIDX,NIFTYNXT50,28-Jun-2024,69700.0,PE,0.0,0.0,0.0,6310.75,4546.3,0,0.0,0,0,06-MAY-2024,
OPTIDX,NIFTYNXT50,28-Jun-2024,69800.0,PE,0.0,0.0,0.0,6398.1,4627.0,0,0.0,0,0,06-MAY-2024,
OPTIDX,NIFTYNXT50,28-Jun-2024,69900.0,PE,0.0,0.0,0.0,6485.8,4708.3,0,0.0,0,0,06-MAY-2024,
OPTIDX,NIFTYNXT50,28-Jun-2024,70000.0,PE,0.0,0.0,0.0,6573.8,4790.05,0,0.0,0,0,06-MAY-2024,
OPTIDX,NIFTYNXT50,28-Jun-2024,70500.0,PE,0.0,0.0,0.0,7018.6,5206.4,0,0.0,0,0,06-MAY-2024,
OPTIDX,NIFTYNXT50,28-Jun-2024,71000.0,PE,0.0,0.0,0.0,7470.65,5634.1,0,0.0,0,0,06-MAY-2024,
OPTIDX,NIFTYNXT50,28-Jun-2024,71500.0,PE,0.0,0.0,0.0,7929.05,6071.95,0,0.0,0,0,06-MAY-2024,
OPTIDX,NIFTYNXT50,28-Jun-2024,72000.0,PE,0.0,0.0,0.0,8393.0,6518.75,0,0.0,0,0,06-MAY-2024,
OPTIDX,NIFTYNXT50,28-Jun-2024,72500.0,PE,0.0,0.0,0.0,8861.7,6973.35,0,0.0,0,0,06-MAY-2024,
OPTIDX,NIFTYNXT50,28-Jun-2024,73000.0,PE,0.0,0.0,0.0,9334.6,7434.7,0,0.0,0,0,06-MAY-2024,
OPTIDX,NIFTYNXT50,28-Jun-2024,73500.0,PE,0.0,0.0,0.0,9811.0,7901.9,0,0.0,0,0,06-MAY-2024,
OPTIDX,NIFTYNXT50,28-Jun-2024,74000.0,PE,0.0,0.0,0.0,10290.4,8374.05,0,0.0,0,0,06-MAY-2024,
OPTIDX,NIFTYNXT50,28-Jun-2024,74500.0,PE,0.0,0.0,0.0,10772.3,8850.4,0,0.0,0,0,06-MAY-2024,
OPTIDX,NIFTYNXT50,28-Jun-2024,75000.0,PE,0.0,0.0,0.0,11256.35,9330.25,0,0.0,0,0,06-MAY-2024,
OPTIDX,NIFTYNXT50,28-Jun-2024,75500.0,PE,0.0,0.0,0.0,11742.2,9813.0,0,0.0,0,0,06-MAY-2024,
OPTIDX,NIFTYNXT50,28-Jun-2024,76000.0,PE,0.0,0.0,0.0,12229.5,10298.2,0,0.0,0,0,06-MAY-2024,
OPTIDX,NIFTYNXT50,26-Jul-2024,53000.0,CE,0.0,0.0,0.0,10830.65,12795.35,0,0.0,0,0,06-MAY-2024,
OPTIDX,NIFTYNXT50,26-Jul-2024,53500.0,CE,0.0,0.0,0.0,10354.15,12307.2,0,0.0,0,0,06-MAY-2024,
OPTIDX,NIFTYNXT50,26-Jul-2024,54000.0,CE,0.0,0.0,0.0,9881.15,11820.4,0,0.0,0,0,06-MAY-2024,
OPTIDX,NIFTYNXT50,26-Jul-2024,54500.0,CE,0.0,0.0,0.0,9412.3,11335.2,0,0.0,0,0,06-MAY-2024,
OPTIDX,NIFTYNXT50,26-Jul-2024,55000.0,CE,0.0,0.0,0.0,8948.35,10852.05,0,0.0,0,0,06-MAY-2024,
OPTIDX,NIFTYNXT50,26-Jul-2024,55500.0,CE,0.0,0.0,0.0,8490.0,10371.45,0,0.0,0,0,06-MAY-2024,
OPTIDX,NIFTYNXT50,26-Jul-2024,56000.0,CE,0.0,0.0,0.0,8038.1,9893.95,0,0.0,0,0,06-MAY-2024,
OPTIDX,NIFTYNXT50,26-Jul-2024,56500.0,CE,0.0,0.0,0.0,7593.45,9420.2,0,0.0,0,0,06-MAY-2024,
OPTIDX,NIFTYNXT50,26-Jul-2024,57000.0,CE,0.0,0.0,0.0,7157.0,8950.8,0,0.0,0,0,06-MAY-2024,
OPTIDX,NIFTYNXT50,26-Jul-2024,57500.0,CE,0.0,0.0,0.0,6729.6,8486.65,0,0.0,0,0,06-MAY-2024,
OPTIDX,NIFTYNXT50,26-Jul-2024,58000.0,CE,0.0,0.0,0.0,6312.2,8028.45,0,0.0,0,0,06-MAY-2024,
OPTIDX,NIFTYNXT50,26-Jul-2024,58500.0,CE,0.0,0.0,0.0,5905.65,7577.2,0,0.0,0,0,06-MAY-2024,
OPTIDX,NIFTYNXT50,26-Jul-2024,58800.0,CE,0.0,0.0,0.0,5667.35,7310.15,0,0.0,0,0,06-MAY-2024,
OPTIDX,NIFTYNXT50,26-Jul-2024,58900.0,CE,0.0,0.0,0.0,5588.85,7221.8,0,0.0,0,0,06-MAY-2024,
OPTIDX,NIFTYNXT50,26-Jul-2024,59000.0,CE,0.0,0.0,0.0,5510.9,7133.8,0,0.0,0,0,06-MAY-2024,
OPTIDX,NIFTYNXT50,26-Jul-2024,59100.0,CE,0.0,0.0,0.0,5433.4,7046.15,0,0.0,0,0,06-MAY-2024,
OPTIDX,NIFTYNXT50,26-Jul-2024,59200.0,CE,0.0,0.0,0.0,5356.45,6958.85,0,0.0,0,0,06-MAY-2024,
OPTIDX,NIFTYNXT50,26-Jul-2024,59300.0,CE,0.0,0.0,0.0,5280.0,6871.95,0,0.0,0,0,06-MAY-2024,
OPTIDX,NIFTYNXT50,26-Jul-2024,59400.0,CE,0.0,0.0,0.0,5204.05,6785.4,0,0.0,0,0,06-MAY-2024,
OPTIDX,NIFTYNXT50,26-Jul-2024,59500.0,CE,0.0,0.0,0.0,5128.7,6699.25,0,0.0,0,0,06-MAY-2024,
OPTIDX,NIFTYNXT50,26-Jul-2024,59600.0,CE,0.0,0.0,0.0,5053.8,6613.45,0,0.0,0,0,06-MAY-2024,
OPTIDX,NIFTYNXT50,26-Jul-2024,59700.0,CE,0.0,0.0,0.0,4979.5,6528.1,0,0.0,0,0,06-MAY-2024,
OPTIDX,NIFTYNXT50,26-Jul-2024,59800.0,CE,0.0,0.0,0.0,4905.7,6443.15,0,0.0,0,0,06-MAY-2024,
OPTIDX,NIFTYNXT50,26-Jul-2024,59900.0,CE,0.0,0.0,0.0,4834.8,6358.6,0,0.0,0,0,06-MAY-2024,
OPTIDX,NIFTYNXT50,26-Jul-2024,60000.0,CE,0.0,0.0,0.0,4762.0,6274.45,0,0.0,0,0,06-MAY-2024,
OPTIDX,NIFTYNXT50,26-Jul-2024,60100.0,CE,0.0,0.0,0.0,4689.75,6190.75,0,0.0,0,0,06-MAY-2024,
OPTIDX,NIFTYNXT50,26-Jul-2024,60200.0,CE,0.0,0.0,0.0,4618.1,6107.5,0,0.0,0,0,06-MAY-2024,
OPTIDX,NIFTYNXT50,26-Jul-2024,60300.0,CE,0.0,0.0,0.0,4547.0,6024.7,0,0.0,0,0,06-MAY-2024,
OPTIDX,NIFTYNXT50,26-Jul-2024,60400.0,CE,0.0,0.0,0.0,4473.95,5942.35,0,0.0,0,0,06-MAY-2024,
OPTIDX,NIFTYNXT50,26-Jul-2024,60500.0,CE,0.0,0.0,0.0,4404.2,5860.5,0,0.0,0,0,06-MAY-2024,
OPTIDX,NIFTYNXT50,26-Jul-2024,60600.0,CE,0.0,0.0,0.0,4335.05,5779.05,0,0.0,0,0,06-MAY-2024,
OPTIDX,NIFTYNXT50,26-Jul-2024,60700.0,CE,0.0,0.0,0.0,4266.45,5698.15,0,0.0,0,0,06-MAY-2024,
OPTIDX,NIFTYNXT50,26-Jul-2024,60800.0,CE,0.0,0.0,0.0,4198.5,5617.7,0,0.0,0,0,06-MAY-2024,
OPTIDX,NIFTYNXT50,26-Jul-2024,60900.0,CE,0.0,0.0,0.0,4131.1,5537.7,0,0.0,0,0,06-MAY-2024,
OPTIDX,NIFTYNXT50,26-Jul-2024,61000.0,CE,0.0,0.0,0.0,4064.35,5458.25,0,0.0,0,0,06-MAY-2024,
OPTIDX,NIFTYNXT50,26-Jul-2024,61100.0,CE,0.0,0.0,0.0,3998.2,5379.3,0,0.0,0,0,06-MAY-2024,
OPTIDX,NIFTYNXT50,26-Jul-2024,61200.0,CE,0.0,0.0,0.0,3932.65,5300.9,0,0.0,0,0,06-MAY-2024,
OPTIDX,NIFTYNXT50,26-Jul-2024,61300.0,CE,0.0,0.0,0.0,3867.75,5223.0,0,0.0,0,0,06-MAY-2024,
OPTIDX,NIFTYNXT50,26-Jul-2024,61400.0,CE,0.0,0.0,0.0,3803.45,5145.6,0,0.0,0,0,06-MAY-2024,
OPTIDX,NIFTYNXT50,26-Jul-2024,61500.0,CE,0.0,0.0,0.0,3739.8,5068.75,0,0.0,0,0,06-MAY-2024,
OPTIDX,NIFTYNXT50,26-Jul-2024,61600.0,CE,0.0,0.0,0.0,3676.75,4992.45,0,0.0,0,0,06-MAY-2024,
OPTIDX,NIFTYNXT50,26-Jul-2024,61700.0,CE,0.0,0.0,0.0,3614.35,4916.75,0,0.0,0,0,06-MAY-2024,
OPTIDX,NIFTYNXT50,26-Jul-2024,61800.0,CE,0.0,0.0,0.0,3552.55,4841.55,0,0.0,0,0,06-MAY-2024,
OPTIDX,NIFTYNXT50,26-Jul-2024,61900.0,CE,0.0,0.0,0.0,3491.45,4766.9,0,0.0,0,0,06-MAY-2024,
OPTIDX,NIFTYNXT50,26-Jul-2024,62000.0,CE,0.0,0.0,0.0,3430.95,4692.85,0,0.0,0,0,06-MAY-2024,
OPTIDX,NIFTYNXT50,26-Jul-2024,62100.0,CE,0.0,0.0,0.0,3371.1,4621.8,0,0.0,0,0,06-MAY-2024,
OPTIDX,NIFTYNXT50,26-Jul-2024,62200.0,CE,0.0,0.0,0.0,3311.9,4548.75,0,0.0,0,0,06-MAY-2024,
OPTIDX,NIFTYNXT50,26-Jul-2024,62300.0,CE,0.0,0.0,0.0,3253.35,4476.3,0,0.0,0,0,06-MAY-2024,
OPTIDX,NIFTYNXT50,26-Jul-2024,62400.0,CE,0.0,0.0,0.0,3195.4,4404.45,0,0.0,0,0,06-MAY-2024,
OPTIDX,NIFTYNXT50,26-Jul-2024,62500.0,CE,0.0,0.0,0.0,3138.15,4333.2,0,0.0,0,0,06-MAY-2024,
OPTIDX,NIFTYNXT50,26-Jul-2024,62600.0,CE,0.0,0.0,0.0,3081.55,4260.05,0,0.0,0,0,06-MAY-2024,
OPTIDX,NIFTYNXT50,26-Jul-2024,62700.0,CE,0.0,0.0,0.0,3025.6,4190.2,0,0.0,0,0,06-MAY-2024,
OPTIDX,NIFTYNXT50,26-Jul-2024,62800.0,CE,0.0,0.0,0.0,2970.3,4120.95,0,0.0,0,0,06-MAY-2024,
OPTIDX,NIFTYNXT50,26-Jul-2024,62900.0,CE,0.0,0.0,0.0,2915.6,4052.35,0,0.0,0,0,06-MAY-2024,
OPTIDX,NIFTYNXT50,26-Jul-2024,63000.0,CE,0.0,0.0,0.0,2861.6,3984.4,0,0.0,0,0,06-MAY-2024,
OPTIDX,NIFTYNXT50,26-Jul-2024,63100.0,CE,0.0,0.0,0.0,2808.25,3917.05,0,0.0,0,0,06-MAY-2024,
OPTIDX,NIFTYNXT50,26-Jul-2024,63200.0,CE,0.0,0.0,0.0,2755.6,3850.35,0,0.0,0,0,06-MAY-2024,
OPTIDX,NIFTYNXT50,26-Jul-2024,63300.0,CE,0.0,0.0,0.0,2703.55,3784.3,0,0.0,0,0,06-MAY-2024,
OPTIDX,NIFTYNXT50,26-Jul-2024,63400.0,CE,0.0,0.0,0.0,2652.15,3718.85,0,0.0,0,0,06-MAY-2024,
OPTIDX,NIFTYNXT50,26-Jul-2024,63500.0,CE,0.0,0.0,0.0,2601.45,3654.1,0,0.0,0,0,06-MAY-2024,
OPTIDX,NIFTYNXT50,26-Jul-2024,63600.0,CE,0.0,0.0,0.0,2551.35,3590.0,0,0.0,0,0,06-MAY-2024,
OPTIDX,NIFTYNXT50,26-Jul-2024,63700.0,CE,0.0,0.0,0.0,2501.95,3526.55,0,0.0,0,0,06-MAY-2024,
OPTIDX,NIFTYNXT50,26-Jul-2024,63800.0,CE,0.0,0.0,0.0,2452.9,3463.75,0,0.0,0,0,06-MAY-2024,
OPTIDX,NIFTYNXT50,26-Jul-2024,63900.0,CE,0.0,0.0,0.0,2404.8,3401.65,0,0.0,0,0,06-MAY-2024,
OPTIDX,NIFTYNXT50,26-Jul-2024,64000.0,CE,0.0,0.0,0.0,2357.3,3340.2,0,0.0,0,0,06-MAY-2024,
OPTIDX,NIFTYNXT50,26-Jul-2024,64100.0,CE,0.0,0.0,0.0,2310.5,3279.4,0,0.0,0,0,06-MAY-2024,
OPTIDX,NIFTYNXT50,26-Jul-2024,64200.0,CE,0.0,0.0,0.0,2264.3,3219.3,0,0.0,0,0,06-MAY-2024,
OPTIDX,NIFTYNXT50,26-Jul-2024,64300.0,CE,0.0,0.0,0.0,2218.75,3159.9,0,0.0,0,0,06-MAY-2024,
OPTIDX,NIFTYNXT50,26-Jul-2024,64400.0,CE,0.0,0.0,0.0,2173.85,3101.15,0,0.0,0,0,06-MAY-2024,
OPTIDX,NIFTYNXT50,26-Jul-2024,64500.0,CE,0.0,0.0,0.0,2129.6,3043.05,0,0.0,0,0,06-MAY-2024,
OPTIDX,NIFTYNXT50,26-Jul-2024,64600.0,CE,0.0,0.0,0.0,2086.0,2985.65,0,0.0,0,0,06-MAY-2024,
OPTIDX,NIFTYNXT50,26-Jul-2024,64700.0,CE,0.0,0.0,0.0,2043.0,2928.95,0,0.0,0,0,06-MAY-2024,
OPTIDX,NIFTYNXT50,26-Jul-2024,64800.0,CE,0.0,0.0,0.0,2000.65,2872.95,0,0.0,0,0,06-MAY-2024,
OPTIDX,NIFTYNXT50,26-Jul-2024,64900.0,CE,0.0,0.0,0.0,1958.95,2817.6,0,0.0,0,0,06-MAY-2024,
OPTIDX,NIFTYNXT50,26-Jul-2024,65000.0,CE,0.0,0.0,0.0,1917.85,2762.95,0,0.0,0,0,06-MAY-2024,
OPTIDX,NIFTYNXT50,26-Jul-2024,65100.0,CE,0.0,0.0,0.0,1877.4,2709.0,0,0.0,0,0,06-MAY-2024,
OPTIDX,NIFTYNXT50,26-Jul-2024,65200.0,CE,0.0,0.0,0.0,1837.55,2655.7,0,0.0,0,0,06-MAY-2024,
OPTIDX,NIFTYNXT50,26-Jul-2024,65300.0,CE,0.0,0.0,0.0,1798.3,2603.15,0,0.0,0,0,06-MAY-2024,
OPTIDX,NIFTYNXT50,26-Jul-2024,65400.0,CE,0.0,0.0,0.0,1759.7,2551.25,0,0.0,0,0,06-MAY-2024,
OPTIDX,NIFTYNXT50,26-Jul-2024,65500.0,CE,0.0,0.0,0.0,1721.7,2500.0,0,0.0,0,0,06-MAY-2024,
OPTIDX,NIFTYNXT50,26-Jul-2024,65600.0,CE,0.0,0.0,0.0,1684.3,2449.5,0,0.0,0,0,06-MAY-2024,
OPTIDX,NIFTYNXT50,26-Jul-2024,65700.0,CE,0.0,0.0,0.0,1647.5,2399.65,0,0.0,0,0,06-MAY-2024,
OPTIDX,NIFTYNXT50,26-Jul-2024,65800.0,CE,0.0,0.0,0.0,1611.3,2350.25,0,0.0,0,0,06-MAY-2024,
OPTIDX,NIFTYNXT50,26-Jul-2024,65900.0,CE,0.0,0.0,0.0,1575.7,2301.75,0,0.0,0,0,06-MAY-2024,
OPTIDX,NIFTYNXT50,26-Jul-2024,66000.0,CE,0.0,0.0,0.0,1540.7,2254.0,0,0.0,0,0,06-MAY-2024,
OPTIDX,NIFTYNXT50,26-Jul-2024,66100.0,CE,0.0,0.0,0.0,1506.25,2206.9,0,0.0,0,0,06-MAY-2024,
OPTIDX,NIFTYNXT50,26-Jul-2024,66200.0,CE,0.0,0.0,0.0,1472.45,2160.45,0,0.0,0,0,06-MAY-2024,
OPTIDX,NIFTYNXT50,26-Jul-2024,66300.0,CE,0.0,0.0,0.0,1439.15,2114.7,0,0.0,0,0,06-MAY-2024,
OPTIDX,NIFTYNXT50,26-Jul-2024,66400.0,CE,0.0,0.0,0.0,1406.45,2069.65,0,0.0,0,0,06-MAY-2024,
OPTIDX,NIFTYNXT50,26-Jul-2024,66500.0,CE,0.0,0.0,0.0,1374.35,2025.25,0,0.0,0,0,06-MAY-2024,
OPTIDX,NIFTYNXT50,26-Jul-2024,66600.0,CE,0.0,0.0,0.0,1342.8,1981.5,0,0.0,0,0,06-MAY-2024,
OPTIDX,NIFTYNXT50,26-Jul-2024,66700.0,CE,0.0,0.0,0.0,1311.8,1938.45,0,0.0,0,0,06-MAY-2024,
OPTIDX,NIFTYNXT50,26-Jul-2024,66800.0,CE,0.0,0.0,0.0,1281.3,1896.05,0,0.0,0,0,06-MAY-2024,
OPTIDX,NIFTYNXT50,26-Jul-2024,66900.0,CE,0.0,0.0,0.0,1251.4,1854.35,0,0.0,0,0,06-MAY-2024,
OPTIDX,NIFTYNXT50,26-Jul-2024,67000.0,CE,0.0,0.0,0.0,1222.05,1813.25,0,0.0,0,0,06-MAY-2024,
OPTIDX,NIFTYNXT50,26-Jul-2024,67100.0,CE,0.0,0.0,0.0,1193.25,1772.85,0,0.0,0,0,06-MAY-2024,
OPTIDX,NIFTYNXT50,26-Jul-2024,67200.0,CE,0.0,0.0,0.0,1164.95,1733.1,0,0.0,0,0,06-MAY-2024,
OPTIDX,NIFTYNXT50,26-Jul-2024,67300.0,CE,0.0,0.0,0.0,1137.15,1694.0,0,0.0,0,0,06-MAY-2024,
OPTIDX,NIFTYNXT50,26-Jul-2024,67400.0,CE,0.0,0.0,0.0,1109.9,1655.55,0,0.0,0,0,06-MAY-2024,
OPTIDX,NIFTYNXT50,26-Jul-2024,67500.0,CE,0.0,0.0,0.0,1083.2,1617.7,0,0.0,0,0,06-MAY-2024,
OPTIDX,NIFTYNXT50,26-Jul-2024,67600.0,CE,0.0,0.0,0.0,1056.95,1580.55,0,0.0,0,0,06-MAY-2024,
OPTIDX,NIFTYNXT50,26-Jul-2024,67700.0,CE,0.0,0.0,0.0,1031.25,1544.0,0,0.0,0,0,06-MAY-2024,
OPTIDX,NIFTYNXT50,26-Jul-2024,67800.0,CE,0.0,0.0,0.0,1006.05,1508.05,0,0.0,0,0,06-MAY-2024,
OPTIDX,NIFTYNXT50,26-Jul-2024,67900.0,CE,0.0,0.0,0.0,984.15,1472.75,0,0.0,0,0,06-MAY-2024,
OPTIDX,NIFTYNXT50,26-Jul-2024,68000.0,CE,0.0,0.0,0.0,960.05,1438.1,0,0.0,0,0,06-MAY-2024,
OPTIDX,NIFTYNXT50,26-Jul-2024,68100.0,CE,0.0,0.0,0.0,936.45,1404.0,0,0.0,0,0,06-MAY-2024,
OPTIDX,NIFTYNXT50,26-Jul-2024,68200.0,CE,0.0,0.0,0.0,913.35,1370.55,0,0.0,0,0,06-MAY-2024,
OPTIDX,NIFTYNXT50,26-Jul-2024,68300.0,CE,0.0,0.0,0.0,890.7,1337.7,0,0.0,0,0,06-MAY-2024,
OPTIDX,NIFTYNXT50,26-Jul-2024,68400.0,CE,0.0,0.0,0.0,868.5,1305.45,0,0.0,0,0,06-MAY-2024,
OPTIDX,NIFTYNXT50,26-Jul-2024,68500.0,CE,0.0,0.0,0.0,844.1,1273.8,0,0.0,0,0,06-MAY-2024,
OPTIDX,NIFTYNXT50,26-Jul-2024,68600.0,CE,0.0,0.0,0.0,822.65,1242.75,0,0.0,0,0,06-MAY-2024,
OPTIDX,NIFTYNXT50,26-Jul-2024,68700.0,CE,0.0,0.0,0.0,801.65,1212.25,0,0.0,0,0,06-MAY-2024,
OPTIDX,NIFTYNXT50,26-Jul-2024,68800.0,CE,0.0,0.0,0.0,781.1,1182.35,0,0.0,0,0,06-MAY-2024,
OPTIDX,NIFTYNXT50,26-Jul-2024,68900.0,CE,0.0,0.0,0.0,761.0,1153.0,0,0.0,0,0,06-MAY-2024,
OPTIDX,NIFTYNXT50,26-Jul-2024,69000.0,CE,0.0,0.0,0.0,741.3,1124.25,0,0.0,0,0,06-MAY-2024,
OPTIDX,NIFTYNXT50,26-Jul-2024,69100.0,CE,0.0,0.0,0.0,722.05,1096.05,0,0.0,0,0,06-MAY-2024,
OPTIDX,NIFTYNXT50,26-Jul-2024,69200.0,CE,0.0,0.0,0.0,703.15,1068.4,0,0.0,0,0,06-MAY-2024,
OPTIDX,NIFTYNXT50,26-Jul-2024,69300.0,CE,0.0,0.0,0.0,684.7,1041.25,0,0.0,0,0,06-MAY-2024,
OPTIDX,NIFTYNXT50,26-Jul-2024,69400.0,CE,0.0,0.0,0.0,666.65,1014.7,0,0.0,0,0,06-MAY-2024,
OPTIDX,NIFTYNXT50,26-Jul-2024,69500.0,CE,0.0,0.0,0.0,649.0,988.65,0,0.0,0,0,06-MAY-2024,
OPTIDX,NIFTYNXT50,26-Jul-2024,69600.0,CE,0.0,0.0,0.0,631.75,963.15,0,0.0,0,0,06-MAY-2024,
OPTIDX,NIFTYNXT50,26-Jul-2024,69700.0,CE,0.0,0.0,0.0,614.85,941.05,0,0.0,0,0,06-MAY-2024,
OPTIDX,NIFTYNXT50,26-Jul-2024,69800.0,CE,0.0,0.0,0.0,598.35,916.8,0,0.0,0,0,06-MAY-2024,
OPTIDX,NIFTYNXT50,26-Jul-2024,69900.0,CE,0.0,0.0,0.0,582.2,893.0,0,0.0,0,0,06-MAY-2024,
OPTIDX,NIFTYNXT50,26-Jul-2024,70000.0,CE,0.0,0.0,0.0,566.4,869.7,0,0.0,0,0,06-MAY-2024,
OPTIDX,NIFTYNXT50,26-Jul-2024,70500.0,CE,0.0,0.0,0.0,492.8,757.5,0,0.0,0,0,06-MAY-2024,
OPTIDX,NIFTYNXT50,26-Jul-2024,71000.0,CE,0.0,0.0,0.0,427.4,659.2,0,0.0,0,0,06-MAY-2024,
OPTIDX,NIFTYNXT50,26-Jul-2024,71500.0,CE,0.0,0.0,0.0,369.55,571.65,0,0.0,0,0,06-MAY-2024,
OPTIDX,NIFTYNXT50,26-Jul-2024,72000.0,CE,0.0,0.0,0.0,318.55,493.9,0,0.0,0,0,06-MAY-2024,
OPTIDX,NIFTYNXT50,26-Jul-2024,72500.0,CE,0.0,0.0,0.0,273.75,425.25,0,0.0,0,0,06-MAY-2024,
OPTIDX,NIFTYNXT50,26-Jul-2024,73000.0,CE,0.0,0.0,0.0,234.55,364.85,0,0.0,0,0,06-MAY-2024,
OPTIDX,NIFTYNXT50,26-Jul-2024,73500.0,CE,0.0,0.0,0.0,200.35,311.9,0,0.0,0,0,06-MAY-2024,
OPTIDX,NIFTYNXT50,26-Jul-2024,74000.0,CE,0.0,0.0,0.0,170.65,265.7,0,0.0,0,0,06-MAY-2024,
OPTIDX,NIFTYNXT50,26-Jul-2024,74500.0,CE,0.0,0.0,0.0,144.9,225.55,0,0.0,0,0,06-MAY-2024,
OPTIDX,NIFTYNXT50,26-Jul-2024,75000.0,CE,0.0,0.0,0.0,122.7,190.85,0,0.0,0,0,06-MAY-2024,
OPTIDX,NIFTYNXT50,26-Jul-2024,75500.0,CE,0.0,0.0,0.0,103.6,160.9,0,0.0,0,0,06-MAY-2024,
OPTIDX,NIFTYNXT50,26-Jul-2024,76000.0,CE,0.0,0.0,0.0,87.25,135.2,0,0.0,0,0,06-MAY-2024,
OPTIDX,NIFTYNXT50,26-Jul-2024,53000.0,PE,0.0,0.0,0.0,46.35,9.75,0,0.0,0,0,06-MAY-2024,
OPTIDX,NIFTYNXT50,26-Jul-2024,53500.0,PE,0.0,0.0,0.0,60.55,13.6,0,0.0,0,0,06-MAY-2024,
OPTIDX,NIFTYNXT50,26-Jul-2024,54000.0,PE,0.0,0.0,0.0,78.25,18.75,0,0.0,0,0,06-MAY-2024,
OPTIDX,NIFTYNXT50,26-Jul-2024,54500.0,PE,0.0,0.0,0.0,100.1,25.6,0,0.0,0,0,06-MAY-2024,
OPTIDX,NIFTYNXT50,26-Jul-2024,55000.0,PE,0.0,0.0,0.0,126.85,34.45,0,0.0,0,0,06-MAY-2024,
OPTIDX,NIFTYNXT50,26-Jul-2024,55500.0,PE,0.0,0.0,0.0,159.2,45.85,0,0.0,0,0,06-MAY-2024,
OPTIDX,NIFTYNXT50,26-Jul-2024,56000.0,PE,0.0,0.0,0.0,198.0,60.35,0,0.0,0,0,06-MAY-2024,
OPTIDX,NIFTYNXT50,26-Jul-2024,56500.0,PE,0.0,0.0,0.0,244.05,78.55,0,0.0,0,0,06-MAY-2024,
OPTIDX,NIFTYNXT50,26-Jul-2024,57000.0,PE,0.0,0.0,0.0,298.3,101.2,0,0.0,0,0,06-MAY-2024,
OPTIDX,NIFTYNXT50,26-Jul-2024,57500.0,PE,0.0,0.0,0.0,361.6,129.0,0,0.0,0,0,06-MAY-2024,
OPTIDX,NIFTYNXT50,26-Jul-2024,58000.0,PE,0.0,0.0,0.0,434.9,162.85,0,0.0,0,0,06-MAY-2024,
OPTIDX,NIFTYNXT50,26-Jul-2024,58500.0,PE,0.0,0.0,0.0,519.05,203.6,0,0.0,0,0,06-MAY-2024,
OPTIDX,NIFTYNXT50,26-Jul-2024,58800.0,PE,0.0,0.0,0.0,575.15,231.75,0,0.0,0,0,06-MAY-2024,
OPTIDX,NIFTYNXT50,26-Jul-2024,58900.0,PE,0.0,0.0,0.0,594.8,241.8,0,0.0,0,0,06-MAY-2024,
OPTIDX,NIFTYNXT50,26-Jul-2024,59000.0,PE,0.0,0.0,0.0,615.0,252.2,0,0.0,0,0,06-MAY-2024,
OPTIDX,NIFTYNXT50,26-Jul-2024,59100.0,PE,0.0,0.0,0.0,635.65,262.95,0,0.0,0,0,06-MAY-2024,
OPTIDX,NIFTYNXT50,26-Jul-2024,59200.0,PE,0.0,0.0,0.0,656.85,274.05,0,0.0,0,0,06-MAY-2024,
OPTIDX,NIFTYNXT50,26-Jul-2024,59300.0,PE,0.0,0.0,0.0,678.5,285.5,0,0.0,0,0,06-MAY-2024,
OPTIDX,NIFTYNXT50,26-Jul-2024,59400.0,PE,0.0,0.0,0.0,700.75,297.35,0,0.0,0,0,06-MAY-2024,
OPTIDX,NIFTYNXT50,26-Jul-2024,59500.0,PE,0.0,0.0,0.0,723.5,309.6,0,0.0,0,0,06-MAY-2024,
OPTIDX,NIFTYNXT50,26-Jul-2024,59600.0,PE,0.0,0.0,0.0,746.75,322.25,0,0.0,0,0,06-MAY-2024,
OPTIDX,NIFTYNXT50,26-Jul-2024,59700.0,PE,0.0,0.0,0.0,770.6,335.25,0,0.0,0,0,06-MAY-2024,
OPTIDX,NIFTYNXT50,26-Jul-2024,59800.0,PE,0.0,0.0,0.0,794.95,348.7,0,0.0,0,0,06-MAY-2024,
OPTIDX,NIFTYNXT50,26-Jul-2024,59900.0,PE,0.0,0.0,0.0,822.2,362.55,0,0.0,0,0,06-MAY-2024,
OPTIDX,NIFTYNXT50,26-Jul-2024,60000.0,PE,0.0,0.0,0.0,847.5,376.8,0,0.0,0,0,06-MAY-2024,
OPTIDX,NIFTYNXT50,26-Jul-2024,60100.0,PE,0.0,0.0,0.0,873.4,391.55,0,0.0,0,0,06-MAY-2024,
OPTIDX,NIFTYNXT50,26-Jul-2024,60200.0,PE,0.0,0.0,0.0,899.9,406.7,0,0.0,0,0,06-MAY-2024,
OPTIDX,NIFTYNXT50,26-Jul-2024,60300.0,PE,0.0,0.0,0.0,926.95,422.25,0,0.0,0,0,06-MAY-2024,
OPTIDX,NIFTYNXT50,26-Jul-2024,60400.0,PE,0.0,0.0,0.0,952.05,438.3,0,0.0,0,0,06-MAY-2024,
OPTIDX,NIFTYNXT50,26-Jul-2024,60500.0,PE,0.0,0.0,0.0,980.4,454.85,0,0.0,0,0,06-MAY-2024,
OPTIDX,NIFTYNXT50,26-Jul-2024,60600.0,PE,0.0,0.0,0.0,1009.4,471.8,0,0.0,0,0,06-MAY-2024,
OPTIDX,NIFTYNXT50,26-Jul-2024,60700.0,PE,0.0,0.0,0.0,1038.95,489.3,0,0.0,0,0,06-MAY-2024,
OPTIDX,NIFTYNXT50,26-Jul-2024,60800.0,PE,0.0,0.0,0.0,1069.1,507.25,0,0.0,0,0,06-MAY-2024,
OPTIDX,NIFTYNXT50,26-Jul-2024,60900.0,PE,0.0,0.0,0.0,1099.85,525.7,0,0.0,0,0,06-MAY-2024,
OPTIDX,NIFTYNXT50,26-Jul-2024,61000.0,PE,0.0,0.0,0.0,1131.25,544.6,0,0.0,0,0,06-MAY-2024,
OPTIDX,NIFTYNXT50,26-Jul-2024,61100.0,PE,0.0,0.0,0.0,1163.25,564.1,0,0.0,0,0,06-MAY-2024,
OPTIDX,NIFTYNXT50,26-Jul-2024,61200.0,PE,0.0,0.0,0.0,1195.85,584.05,0,0.0,0,0,06-MAY-2024,
OPTIDX,NIFTYNXT50,26-Jul-2024,61300.0,PE,0.0,0.0,0.0,1229.05,604.55,0,0.0,0,0,06-MAY-2024,
OPTIDX,NIFTYNXT50,26-Jul-2024,61400.0,PE,0.0,0.0,0.0,1262.9,625.55,0,0.0,0,0,06-MAY-2024,
OPTIDX,NIFTYNXT50,26-Jul-2024,61500.0,PE,0.0,0.0,0.0,1297.4,647.1,0,0.0,0,0,06-MAY-2024,
OPTIDX,NIFTYNXT50,26-Jul-2024,61600.0,PE,0.0,0.0,0.0,1332.5,669.25,0,0.0,0,0,06-MAY-2024,
OPTIDX,NIFTYNXT50,26-Jul-2024,61700.0,PE,0.0,0.0,0.0,1368.25,691.9,0,0.0,0,0,06-MAY-2024,
OPTIDX,NIFTYNXT50,26-Jul-2024,61800.0,PE,0.0,0.0,0.0,1404.6,715.1,0,0.0,0,0,06-MAY-2024,
OPTIDX,NIFTYNXT50,26-Jul-2024,61900.0,PE,0.0,0.0,0.0,1441.6,738.85,0,0.0,0,0,06-MAY-2024,
OPTIDX,NIFTYNXT50,26-Jul-2024,62000.0,PE,0.0,0.0,0.0,1479.25,763.2,0,0.0,0,0,06-MAY-2024,
OPTIDX,NIFTYNXT50,26-Jul-2024,62100.0,PE,0.0,0.0,0.0,1517.55,790.55,0,0.0,0,0,06-MAY-2024,
OPTIDX,NIFTYNXT50,26-Jul-2024,62200.0,PE,0.0,0.0,0.0,1556.5,815.95,0,0.0,0,0,06-MAY-2024,
OPTIDX,NIFTYNXT50,26-Jul-2024,62300.0,PE,0.0,0.0,0.0,1596.05,841.85,0,0.0,0,0,06-MAY-2024,
OPTIDX,NIFTYNXT50,26-Jul-2024,62400.0,PE,0.0,0.0,0.0,1636.3,868.4,0,0.0,0,0,06-MAY-2024,
OPTIDX,NIFTYNXT50,26-Jul-2024,62500.0,PE,0.0,0.0,0.0,1677.15,895.55,0,0.0,0,0,06-MAY-2024,
OPTIDX,NIFTYNXT50,26-Jul-2024,62600.0,PE,0.0,0.0,0.0,1718.7,920.8,0,0.0,0,0,06-MAY-2024,
OPTIDX,NIFTYNXT50,26-Jul-2024,62700.0,PE,0.0,0.0,0.0,1760.85,949.35,0,0.0,0,0,06-MAY-2024,
OPTIDX,NIFTYNXT50,26-Jul-2024,62800.0,PE,0.0,0.0,0.0,1803.7,978.5,0,0.0,0,0,06-MAY-2024,
OPTIDX,NIFTYNXT50,26-Jul-2024,62900.0,PE,0.0,0.0,0.0,1847.2,1008.3,0,0.0,0,0,06-MAY-2024,
OPTIDX,NIFTYNXT50,26-Jul-2024,63000.0,PE,0.0,0.0,0.0,1891.35,1038.75,0,0.0,0,0,06-MAY-2024,
OPTIDX,NIFTYNXT50,26-Jul-2024,63100.0,PE,0.0,0.0,0.0,1936.1,1069.8,0,0.0,0,0,06-MAY-2024,
OPTIDX,NIFTYNXT50,26-Jul-2024,63200.0,PE,0.0,0.0,0.0,1981.55,1101.5,0,0.0,0,0,06-MAY-2024,
OPTIDX,NIFTYNXT50,26-Jul-2024,63300.0,PE,0.0,0.0,0.0,2027.65,1133.8,0,0.0,0,0,06-MAY-2024,
OPTIDX,NIFTYNXT50,26-Jul-2024,63400.0,PE,0.0,0.0,0.0,2074.45,1166.8,0,0.0,0,0,06-MAY-2024,
OPTIDX,NIFTYNXT50,26-Jul-2024,63500.0,PE,0.0,0.0,0.0,2121.85,1200.45,0,0.0,0,0,06-MAY-2024,
OPTIDX,NIFTYNXT50,26-Jul-2024,63600.0,PE,0.0,0.0,0.0,2169.9,1234.75,0,0.0,0,0,06-MAY-2024,
OPTIDX,NIFTYNXT50,26-Jul-2024,63700.0,PE,0.0,0.0,0.0,2218.6,1269.7,0,0.0,0,0,06-MAY-2024,
OPTIDX,NIFTYNXT50,26-Jul-2024,63800.0,PE,0.0,0.0,0.0,2267.75,1305.3,0,0.0,0,0,06-MAY-2024,
OPTIDX,NIFTYNXT50,26-Jul-2024,63900.0,PE,0.0,0.0,0.0,2317.75,1341.6,0,0.0,0,0,06-MAY-2024,
OPTIDX,NIFTYNXT50,26-Jul-2024,64000.0,PE,0.0,0.0,0.0,2368.4,1378.55,0,0.0,0,0,06-MAY-2024,
OPTIDX,NIFTYNXT50,26-Jul-2024,64100.0,PE,0.0,0.0,0.0,2419.7,1416.15,0,0.0,0,0,06-MAY-2024,
OPTIDX,NIFTYNXT50,26-Jul-2024,64200.0,PE,0.0,0.0,0.0,2471.7,1454.45,0,0.0,0,0,06-MAY-2024,
OPTIDX,NIFTYNXT50,26-Jul-2024,64300.0,PE,0.0,0.0,0.0,2524.3,1493.45,0,0.0,0,0,06-MAY-2024,
OPTIDX,NIFTYNXT50,26-Jul-2024,64400.0,PE,0.0,0.0,0.0,2577.55,1533.1,0,0.0,0,0,06-MAY-2024,
OPTIDX,NIFTYNXT50,26-Jul-2024,64500.0,PE,0.0,0.0,0.0,2631.4,1573.4,0,0.0,0,0,06-MAY-2024,
OPTIDX,NIFTYNXT50,26-Jul-2024,64600.0,PE,0.0,0.0,0.0,2685.95,1614.4,0,0.0,0,0,06-MAY-2024,
OPTIDX,NIFTYNXT50,26-Jul-2024,64700.0,PE,0.0,0.0,0.0,2741.1,1656.1,0,0.0,0,0,06-MAY-2024,
OPTIDX,NIFTYNXT50,26-Jul-2024,64800.0,PE,0.0,0.0,0.0,2796.9,1698.5,0,0.0,0,0,06-MAY-2024,
OPTIDX,NIFTYNXT50,26-Jul-2024,64900.0,PE,0.0,0.0,0.0,2853.3,1741.55,0,0.0,0,0,06-MAY-2024,
OPTIDX,NIFTYNXT50,26-Jul-2024,65000.0,PE,0.0,0.0,0.0,2910.35,1785.3,0,0.0,0,0,06-MAY-2024,
OPTIDX,NIFTYNXT50,26-Jul-2024,65100.0,PE,0.0,0.0,0.0,2968.05,1829.75,0,0.0,0,0,06-MAY-2024,
OPTIDX,NIFTYNXT50,26-Jul-2024,65200.0,PE,0.0,0.0,0.0,3026.35,1874.85,0,0.0,0,0,06-MAY-2024,
OPTIDX,NIFTYNXT50,26-Jul-2024,65300.0,PE,0.0,0.0,0.0,3085.25,1920.65,0,0.0,0,0,06-MAY-2024,
OPTIDX,NIFTYNXT50,26-Jul-2024,65400.0,PE,0.0,0.0,0.0,3144.75,1967.15,0,0.0,0,0,06-MAY-2024,
OPTIDX,NIFTYNXT50,26-Jul-2024,65500.0,PE,0.0,0.0,0.0,3204.9,2014.35,0,0.0,0,0,06-MAY-2024,
OPTIDX,NIFTYNXT50,26-Jul-2024,65600.0,PE,0.0,0.0,0.0,3265.65,2062.25,0,0.0,0,0,06-MAY-2024,
OPTIDX,NIFTYNXT50,26-Jul-2024,65700.0,PE,0.0,0.0,0.0,3327.0,2110.8,0,0.0,0,0,06-MAY-2024,
OPTIDX,NIFTYNXT50,26-Jul-2024,65800.0,PE,0.0,0.0,0.0,3388.95,2159.8,0,0.0,0,0,06-MAY-2024,
OPTIDX,NIFTYNXT50,26-Jul-2024,65900.0,PE,0.0,0.0,0.0,3451.5,2209.7,0,0.0,0,0,06-MAY-2024,
OPTIDX,NIFTYNXT50,26-Jul-2024,66000.0,PE,0.0,0.0,0.0,3514.6,2260.3,0,0.0,0,0,06-MAY-2024,
OPTIDX,NIFTYNXT50,26-Jul-2024,66100.0,PE,0.0,0.0,0.0,3578.3,2311.6,0,0.0,0,0,06-MAY-2024,
OPTIDX,NIFTYNXT50,26-Jul-2024,66200.0,PE,0.0,0.0,0.0,3642.6,2363.6,0,0.0,0,0,06-MAY-2024,
OPTIDX,NIFTYNXT50,26-Jul-2024,66300.0,PE,0.0,0.0,0.0,3707.5,2416.25,0,0.0,0,0,06-MAY-2024,
OPTIDX,NIFTYNXT50,26-Jul-2024,66400.0,PE,0.0,0.0,0.0,3772.95,2469.55,0,0.0,0,0,06-MAY-2024,
OPTIDX,NIFTYNXT50,26-Jul-2024,66500.0,PE,0.0,0.0,0.0,3838.95,2523.55,0,0.0,0,0,06-MAY-2024,
OPTIDX,NIFTYNXT50,26-Jul-2024,66600.0,PE,0.0,0.0,0.0,3905.55,2578.25,0,0.0,0,0,06-MAY-2024,
OPTIDX,NIFTYNXT50,26-Jul-2024,66700.0,PE,0.0,0.0,0.0,3972.65,2633.6,0,0.0,0,0,06-MAY-2024,
OPTIDX,NIFTYNXT50,26-Jul-2024,66800.0,PE,0.0,0.0,0.0,4040.35,2689.6,0,0.0,0,0,06-MAY-2024,
OPTIDX,NIFTYNXT50,26-Jul-2024,66900.0,PE,0.0,0.0,0.0,4108.6,2746.25,0,0.0,0,0,06-MAY-2024,
OPTIDX,NIFTYNXT50,26-Jul-2024,67000.0,PE,0.0,0.0,0.0,4177.35,2803.6,0,0.0,0,0,06-MAY-2024,
OPTIDX,NIFTYNXT50,26-Jul-2024,67100.0,PE,0.0,0.0,0.0,4246.7,2861.6,0,0.0,0,0,06-MAY-2024,
OPTIDX,NIFTYNXT50,26-Jul-2024,67200.0,PE,0.0,0.0,0.0,4316.5,2920.25,0,0.0,0,0,06-MAY-2024,
OPTIDX,NIFTYNXT50,26-Jul-2024,67300.0,PE,0.0,0.0,0.0,4386.9,2979.55,0,0.0,0,0,06-MAY-2024,
OPTIDX,NIFTYNXT50,26-Jul-2024,67400.0,PE,0.0,0.0,0.0,4457.8,3039.45,0,0.0,0,0,06-MAY-2024,
OPTIDX,NIFTYNXT50,26-Jul-2024,67500.0,PE,0.0,0.0,0.0,4529.2,3100.05,0,0.0,0,0,06-MAY-2024,
OPTIDX,NIFTYNXT50,26-Jul-2024,67600.0,PE,0.0,0.0,0.0,4601.1,3161.25,0,0.0,0,0,06-MAY-2024,
OPTIDX,NIFTYNXT50,26-Jul-2024,67700.0,PE,0.0,0.0,0.0,4673.55,3223.1,0,0.0,0,0,06-MAY-2024,
OPTIDX,NIFTYNXT50,26-Jul-2024,67800.0,PE,0.0,0.0,0.0,4746.45,3285.6,0,0.0,0,0,06-MAY-2024,
OPTIDX,NIFTYNXT50,26-Jul-2024,67900.0,PE,0.0,0.0,0.0,4822.75,3348.7,0,0.0,0,0,06-MAY-2024,
OPTIDX,NIFTYNXT50,26-Jul-2024,68000.0,PE,0.0,0.0,0.0,4896.8,3412.4,0,0.0,0,0,06-MAY-2024,
OPTIDX,NIFTYNXT50,26-Jul-2024,68100.0,PE,0.0,0.0,0.0,4971.3,3476.75,0,0.0,0,0,06-MAY-2024,
OPTIDX,NIFTYNXT50,26-Jul-2024,68200.0,PE,0.0,0.0,0.0,5046.35,3541.7,0,0.0,0,0,06-MAY-2024,
OPTIDX,NIFTYNXT50,26-Jul-2024,68300.0,PE,0.0,0.0,0.0,5121.8,3607.25,0,0.0,0,0,06-MAY-2024,
OPTIDX,NIFTYNXT50,26-Jul-2024,68400.0,PE,0.0,0.0,0.0,5197.75,3673.4,0,0.0,0,0,06-MAY-2024,
OPTIDX,NIFTYNXT50,26-Jul-2024,68500.0,PE,0.0,0.0,0.0,5271.5,3740.15,0,0.0,0,0,06-MAY-2024,
OPTIDX,NIFTYNXT50,26-Jul-2024,68600.0,PE,0.0,0.0,0.0,5348.2,3807.45,0,0.0,0,0,06-MAY-2024,
OPTIDX,NIFTYNXT50,26-Jul-2024,68700.0,PE,0.0,0.0,0.0,5425.35,3875.4,0,0.0,0,0,06-MAY-2024,
OPTIDX,NIFTYNXT50,26-Jul-2024,68800.0,PE,0.0,0.0,0.0,5502.95,3943.9,0,0.0,0,0,06-MAY-2024,
OPTIDX,NIFTYNXT50,26-Jul-2024,68900.0,PE,0.0,0.0,0.0,5580.95,4012.95,0,0.0,0,0,06-MAY-2024,
OPTIDX,NIFTYNXT50,26-Jul-2024,69000.0,PE,0.0,0.0,0.0,5659.4,4082.55,0,0.0,0,0,06-MAY-2024,
OPTIDX,NIFTYNXT50,26-Jul-2024,69100.0,PE,0.0,0.0,0.0,5738.3,4152.75,0,0.0,0,0,06-MAY-2024,
OPTIDX,NIFTYNXT50,26-Jul-2024,69200.0,PE,0.0,0.0,0.0,5817.55,4223.5,0,0.0,0,0,06-MAY-2024,
OPTIDX,NIFTYNXT50,26-Jul-2024,69300.0,PE,0.0,0.0,0.0,5897.25,4294.8,0,0.0,0,0,06-MAY-2024,
OPTIDX,NIFTYNXT50,26-Jul-2024,69400.0,PE,0.0,0.0,0.0,5977.35,4366.65,0,0.0,0,0,06-MAY-2024,
OPTIDX,NIFTYNXT50,26-Jul-2024,69500.0,PE,0.0,0.0,0.0,6057.8,4439.0,0,0.0,0,0,06-MAY-2024,
OPTIDX,NIFTYNXT50,26-Jul-2024,69600.0,PE,0.0,0.0,0.0,6138.7,4511.9,0,0.0,0,0,06-MAY-2024,
OPTIDX,NIFTYNXT50,26-Jul-2024,69700.0,PE,0.0,0.0,0.0,6219.95,4588.2,0,0.0,0,0,06-MAY-2024,
OPTIDX,NIFTYNXT50,26-Jul-2024,69800.0,PE,0.0,0.0,0.0,6301.55,4662.3,0,0.0,0,0,06-MAY-2024,
OPTIDX,NIFTYNXT50,26-Jul-2024,69900.0,PE,0.0,0.0,0.0,6383.55,4736.9,0,0.0,0,0,06-MAY-2024,
OPTIDX,NIFTYNXT50,26-Jul-2024,70000.0,PE,0.0,0.0,0.0,6465.9,4812.05,0,0.0,0,0,06-MAY-2024,
OPTIDX,NIFTYNXT50,26-Jul-2024,70500.0,PE,0.0,0.0,0.0,6883.0,5191.85,0,0.0,0,0,06-MAY-2024,
OPTIDX,NIFTYNXT50,26-Jul-2024,71000.0,PE,0.0,0.0,0.0,7308.3,5585.55,0,0.0,0,0,06-MAY-2024,
OPTIDX,NIFTYNXT50,26-Jul-2024,71500.0,PE,0.0,0.0,0.0,7741.15,5989.95,0,0.0,0,0,06-MAY-2024,
OPTIDX,NIFTYNXT50,26-Jul-2024,72000.0,PE,0.0,0.0,0.0,8180.9,6404.25,0,0.0,0,0,06-MAY-2024,
OPTIDX,NIFTYNXT50,26-Jul-2024,72500.0,PE,0.0,0.0,0.0,8626.8,6827.55,0,0.0,0,0,06-MAY-2024,
OPTIDX,NIFTYNXT50,26-Jul-2024,73000.0,PE,0.0,0.0,0.0,9078.25,7259.15,0,0.0,0,0,06-MAY-2024,
OPTIDX,NIFTYNXT50,26-Jul-2024,73500.0,PE,0.0,0.0,0.0,9534.8,7698.2,0,0.0,0,0,06-MAY-2024,
OPTIDX,NIFTYNXT50,26-Jul-2024,74000.0,PE,0.0,0.0,0.0,9995.75,8144.0,0,0.0,0,0,06-MAY-2024,
OPTIDX,NIFTYNXT50,26-Jul-2024,74500.0,PE,0.0,0.0,0.0,10460.75,8595.85,0,0.0,0,0,06-MAY-2024,
OPTIDX,NIFTYNXT50,26-Jul-2024,75000.0,PE,0.0,0.0,0.0,10929.2,9053.15,0,0.0,0,0,06-MAY-2024,
OPTIDX,NIFTYNXT50,26-Jul-2024,75500.0,PE,0.0,0.0,0.0,11400.8,9515.2,0,0.0,0,0,06-MAY-2024,
OPTIDX,NIFTYNXT50,26-Jul-2024,76000.0,PE,0.0,0.0,0.0,11875.15,9981.5,0,0.0,0,0,06-MAY-2024,
OPTSTK,AARTIIND,30-May-2024,580.0,CE,183.35,183.35,172.0,172.0,172.6,3,22.67,2000,1000,06-MAY-2024,
OPTSTK,AARTIIND,30-May-2024,600.0,CE,0.0,0.0,0.0,153.0,152.9,0,0.0,4000,0,06-MAY-2024,
OPTSTK,AARTIIND,30-May-2024,620.0,CE,0.0,0.0,0.0,132.0,133.45,0,0.0,2000,0,06-MAY-2024,
OPTSTK,AARTIIND,30-May-2024,630.0,CE,0.0,0.0,0.0,122.0,123.9,0,0.0,1000,0,06-MAY-2024,
OPTSTK,AARTIIND,30-May-2024,640.0,CE,0.0,0.0,0.0,67.35,114.45,0,0.0,0,0,06-MAY-2024,
OPTSTK,AARTIIND,30-May-2024,650.0,CE,111.3,111.3,111.3,111.3,105.25,1,7.61,8000,0,06-MAY-2024,
OPTSTK,AARTIIND,30-May-2024,660.0,CE,0.0,0.0,0.0,57.25,96.25,0,0.0,0,0,06-MAY-2024,
OPTSTK,AARTIIND,30-May-2024,680.0,CE,0.0,0.0,0.0,73.35,79.1,0,0.0,10000,0,06-MAY-2024,
OPTSTK,AARTIIND,30-May-2024,690.0,CE,0.0,0.0,0.0,71.0,71.05,0,0.0,2000,0,06-MAY-2024,
OPTSTK,AARTIIND,30-May-2024,700.0,CE,64.5,68.0,59.0,66.55,66.55,33,252.21,113000,-1000,06-MAY-2024,
OPTSTK,AARTIIND,30-May-2024,710.0,CE,55.6,57.65,55.6,57.65,56.15,29,222.28,11000,-20000,06-MAY-2024,
OPTSTK,AARTIIND,30-May-2024,720.0,CE,52.0,52.0,48.0,49.9,49.45,6,46.2,18000,-1000,06-MAY-2024,
OPTSTK,AARTIIND,30-May-2024,730.0,CE,45.2,46.1,42.4,46.1,46.1,10,77.43,89000,1000,06-MAY-2024,
OPTSTK,AARTIIND,30-May-2024,740.0,CE,38.0,40.7,34.15,39.75,39.75,107,833.06,102000,-20000,06-MAY-2024,
OPTSTK,AARTIIND,30-May-2024,750.0,CE,31.45,36.5,29.75,35.25,35.25,1113,8719.25,639000,120000,06-MAY-2024,
OPTSTK,AARTIIND,30-May-2024,760.0,CE,26.8,31.6,26.0,30.65,30.65,699,5515.04,312000,-59000,06-MAY-2024,
OPTSTK,AARTIIND,30-May-2024,770.0,CE,24.55,27.5,22.6,26.7,26.7,495,3936.99,332000,-12000,06-MAY-2024,
OPTSTK,AARTIIND,30-May-2024,780.0,CE,20.0,23.5,19.65,23.05,23.05,490,3928.82,364000,19000,06-MAY-2024,
OPTSTK,AARTIIND,30-May-2024,790.0,CE,17.45,20.8,17.3,20.0,20.0,128,1035.4,123000,12000,06-MAY-2024,
OPTSTK,AARTIIND,30-May-2024,800.0,CE,13.3,18.0,13.3,17.15,17.15,1856,15146.91,1433000,532000,06-MAY-2024,
OPTSTK,AARTIIND,30-May-2024,810.0,CE,13.0,14.65,12.45,14.4,14.4,26,214.1,45000,7000,06-MAY-2024,
OPTSTK,AARTIIND,30-May-2024,820.0,CE,10.5,12.55,10.1,11.9,11.9,173,1438.31,152000,47000,06-MAY-2024,
OPTSTK,AARTIIND,30-May-2024,830.0,CE,10.55,10.55,8.7,10.05,10.05,77,646.53,43000,3000,06-MAY-2024,
OPTSTK,AARTIIND,30-May-2024,840.0,CE,7.0,8.85,6.5,8.35,8.35,442,3747.14,370000,51000,06-MAY-2024,
OPTSTK,AARTIIND,30-May-2024,860.0,CE,3.45,6.0,3.45,5.4,5.4,608,5261.07,351000,50000,06-MAY-2024,
OPTSTK,AARTIIND,30-May-2024,580.0,PE,1.0,1.0,1.0,1.0,0.15,1,5.81,3000,1000,06-MAY-2024,
OPTSTK,AARTIIND,30-May-2024,600.0,PE,0.85,0.95,0.8,0.95,0.35,17,102.14,109000,-2000,06-MAY-2024,
OPTSTK,AARTIIND,30-May-2024,620.0,PE,0.0,0.0,0.0,1.1,0.8,0,0.0,5000,0,06-MAY-2024,
OPTSTK,AARTIIND,30-May-2024,630.0,PE,2.0,2.3,1.45,2.05,1.2,88,556.23,98000,1000,06-MAY-2024,
OPTSTK,AARTIIND,30-May-2024,640.0,PE,0.0,0.0,0.0,39.75,1.7,0,0.0,0,0,06-MAY-2024,
OPTSTK,AARTIIND,30-May-2024,650.0,PE,2.8,4.15,2.6,3.7,3.7,306,1999.55,342000,-58000,06-MAY-2024,
OPTSTK,AARTIIND,30-May-2024,660.0,PE,3.45,5.15,3.3,4.45,4.45,161,1069.3,44000,9000,06-MAY-2024,
OPTSTK,AARTIIND,30-May-2024,670.0,PE,0.0,0.0,0.0,6.1,4.6,0,0.0,62000,0,06-MAY-2024,
OPTSTK,AARTIIND,30-May-2024,680.0,PE,7.35,8.55,6.25,7.45,7.45,134,921.01,174000,56000,06-MAY-2024,
OPTSTK,AARTIIND,30-May-2024,690.0,PE,6.9,10.25,6.9,8.8,8.8,52,363.5,79000,11000,06-MAY-2024,
OPTSTK,AARTIIND,30-May-2024,700.0,PE,8.9,13.25,8.55,11.35,11.35,340,2417.38,542000,-27000,06-MAY-2024,
OPTSTK,AARTIIND,30-May-2024,710.0,PE,10.65,15.1,10.65,13.7,13.7,40,289.35,61000,3000,06-MAY-2024,
OPTSTK,AARTIIND,30-May-2024,720.0,PE,15.95,19.9,13.95,17.15,17.15,94,692.92,129000,27000,06-MAY-2024,
OPTSTK,AARTIIND,30-May-2024,730.0,PE,20.1,22.9,18.3,20.95,20.95,78,585.65,105000,11000,06-MAY-2024,
OPTSTK,AARTIIND,30-May-2024,740.0,PE,24.0,29.05,21.45,26.45,24.3,106,811.31,173000,9000,06-MAY-2024,
OPTSTK,AARTIIND,30-May-2024,750.0,PE,28.95,34.65,25.85,30.55,30.55,192,1498.51,217000,-12000,06-MAY-2024,
OPTSTK,AARTIIND,30-May-2024,760.0,PE,31.4,40.25,31.35,35.4,35.4,109,867.53,90000,10000,06-MAY-2024,
OPTSTK,AARTIIND,30-May-2024,770.0,PE,38.25,46.95,38.25,40.75,40.75,33,268.36,35000,7000,06-MAY-2024,
OPTSTK,AARTIIND,30-May-2024,780.0,PE,50.05,50.05,47.05,47.05,47.05,4,33.14,18000,2000,06-MAY-2024,
OPTSTK,AARTIIND,30-May-2024,790.0,PE,0.0,0.0,0.0,55.0,53.05,0,0.0,2000,0,06-MAY-2024,
OPTSTK,AARTIIND,30-May-2024,800.0,PE,61.0,64.45,59.3,63.5,63.5,8,68.99,48000,7000,06-MAY-2024,
OPTSTK,AARTIIND,30-May-2024,810.0,PE,0.0,0.0,0.0,65.6,67.75,0,0.0,12000,0,06-MAY-2024,
OPTSTK,AARTIIND,30-May-2024,820.0,PE,0.0,0.0,0.0,77.35,75.65,0,0.0,1000,0,06-MAY-2024,
OPTSTK,AARTIIND,30-May-2024,830.0,PE,0.0,0.0,0.0,83.15,83.85,0,0.0,1000,0,06-MAY-2024,
OPTSTK,AARTIIND,30-May-2024,840.0,PE,0.0,0.0,0.0,178.8,92.35,0,0.0,0,0,06-MAY-2024,
OPTSTK,AARTIIND,30-May-2024,860.0,PE,0.0,0.0,0.0,196.45,110.05,0,0.0,0,0,06-MAY-2024,
OPTSTK,AARTIIND,27-Jun-2024,640.0,CE,0.0,0.0,0.0,72.05,123.35,0,0.0,0,0,06-MAY-2024,
OPTSTK,AARTIIND,27-Jun-2024,660.0,CE,0.0,0.0,0.0,61.35,107.0,0,0.0,0,0,06-MAY-2024,
OPTSTK,AARTIIND,27-Jun-2024,680.0,CE,0.0,0.0,0.0,51.85,91.75,0,0.0,0,0,06-MAY-2024,
OPTSTK,AARTIIND,27-Jun-2024,690.0,CE,0.0,0.0,0.0,77.0,84.6,0,0.0,3000,0,06-MAY-2024,
OPTSTK,AARTIIND,27-Jun-2024,700.0,CE,86.1,86.15,86.1,86.15,77.75,2,15.72,6000,1000,06-MAY-2024,
OPTSTK,AARTIIND,27-Jun-2024,710.0,CE,0.0,0.0,0.0,79.55,71.25,0,0.0,0,0,06-MAY-2024,
OPTSTK,AARTIIND,27-Jun-2024,720.0,CE,0.0,0.0,0.0,60.0,65.1,0,0.0,4000,0,06-MAY-2024,
OPTSTK,AARTIIND,27-Jun-2024,730.0,CE,0.0,0.0,0.0,55.0,59.3,0,0.0,1000,0,06-MAY-2024,
OPTSTK,AARTIIND,27-Jun-2024,740.0,CE,0.0,0.0,0.0,30.0,53.9,0,0.0,0,0,06-MAY-2024,
OPTSTK,AARTIIND,27-Jun-2024,750.0,CE,52.1,59.6,52.1,59.2,59.2,35,282.36,25000,-7000,06-MAY-2024,
OPTSTK,AARTIIND,27-Jun-2024,760.0,CE,0.0,0.0,0.0,24.7,44.05,0,0.0,0,0,06-MAY-2024,
OPTSTK,AARTIIND,27-Jun-2024,770.0,CE,0.0,0.0,0.0,37.4,39.65,0,0.0,2000,0,06-MAY-2024,
OPTSTK,AARTIIND,27-Jun-2024,780.0,CE,0.0,0.0,0.0,20.2,35.6,0,0.0,0,0,06-MAY-2024,
OPTSTK,AARTIIND,27-Jun-2024,790.0,CE,0.0,0.0,0.0,39.35,31.85,0,0.0,0,0,06-MAY-2024,
OPTSTK,AARTIIND,27-Jun-2024,800.0,CE,33.0,39.25,31.7,38.45,38.45,246,2055.56,197000,26000,06-MAY-2024,
OPTSTK,AARTIIND,27-Jun-2024,810.0,CE,0.0,0.0,0.0,32.25,25.3,0,0.0,0,0,06-MAY-2024,
OPTSTK,AARTIIND,27-Jun-2024,820.0,CE,0.0,0.0,0.0,13.25,22.4,0,0.0,0,0,06-MAY-2024,
OPTSTK,AARTIIND,27-Jun-2024,840.0,CE,0.0,0.0,0.0,10.65,17.55,0,0.0,0,0,06-MAY-2024,
OPTSTK,AARTIIND,27-Jun-2024,860.0,CE,0.0,0.0,0.0,11.45,13.55,0,0.0,0,0,06-MAY-2024,
OPTSTK,AARTIIND,27-Jun-2024,640.0,PE,0.0,0.0,0.0,35.05,6.95,0,0.0,0,0,06-MAY-2024,
OPTSTK,AARTIIND,27-Jun-2024,660.0,PE,0.0,0.0,0.0,44.0,10.4,0,0.0,0,0,06-MAY-2024,
OPTSTK,AARTIIND,27-Jun-2024,680.0,PE,0.0,0.0,0.0,54.15,14.95,0,0.0,0,0,06-MAY-2024,
OPTSTK,AARTIIND,27-Jun-2024,690.0,PE,0.0,0.0,0.0,20.4,17.7,0,0.0,0,0,06-MAY-2024,
OPTSTK,AARTIIND,27-Jun-2024,700.0,PE,24.0,29.0,24.0,29.0,29.0,19,137.8,42000,17000,06-MAY-2024,
OPTSTK,AARTIIND,27-Jun-2024,710.0,PE,0.0,0.0,0.0,27.0,24.15,0,0.0,0,0,06-MAY-2024,
OPTSTK,AARTIIND,27-Jun-2024,720.0,PE,0.0,0.0,0.0,77.85,27.9,0,0.0,0,0,06-MAY-2024,
OPTSTK,AARTIIND,27-Jun-2024,730.0,PE,0.0,0.0,0.0,34.8,32.0,0,0.0,0,0,06-MAY-2024,
OPTSTK,AARTIIND,27-Jun-2024,740.0,PE,0.0,0.0,0.0,41.0,36.45,0,0.0,3000,0,06-MAY-2024,
OPTSTK,AARTIIND,27-Jun-2024,750.0,PE,0.0,0.0,0.0,43.9,41.25,0,0.0,0,0,06-MAY-2024,
OPTSTK,AARTIIND,27-Jun-2024,760.0,PE,0.0,0.0,0.0,105.55,46.4,0,0.0,0,0,06-MAY-2024,
OPTSTK,AARTIIND,27-Jun-2024,770.0,PE,0.0,0.0,0.0,54.25,51.9,0,0.0,0,0,06-MAY-2024,
OPTSTK,AARTIIND,27-Jun-2024,780.0,PE,0.0,0.0,0.0,120.7,57.75,0,0.0,0,0,06-MAY-2024,
OPTSTK,AARTIIND,27-Jun-2024,790.0,PE,0.0,0.0,0.0,65.8,63.9,0,0.0,0,0,06-MAY-2024,
OPTSTK,AARTIIND,27-Jun-2024,800.0,PE,0.0,0.0,0.0,136.55,70.35,0,0.0,0,0,06-MAY-2024,
OPTSTK,AARTIIND,27-Jun-2024,810.0,PE,0.0,0.0,0.0,78.45,77.15,0,0.0,0,0,06-MAY-2024,
OPTSTK,AARTIIND,27-Jun-2024,820.0,PE,0.0,0.0,0.0,153.05,84.15,0,0.0,0,0,06-MAY-2024,
OPTSTK,AARTIIND,27-Jun-2024,840.0,PE,0.0,0.0,0.0,170.1,99.1,0,0.0,0,0,06-MAY-2024,
OPTSTK,AARTIIND,27-Jun-2024,860.0,PE,0.0,0.0,0.0,169.95,114.9,0,0.0,0,0,06-MAY-2024,
OPTSTK,AARTIIND,25-Jul-2024,640.0,CE,0.0,0.0,0.0,139.25,132.15,0,0.0,0,0,06-MAY-2024,
OPTSTK,AARTIIND,25-Jul-2024,680.0,CE,0.0,0.0,0.0,110.2,102.7,0,0.0,0,0,06-MAY-2024,
OPTSTK,AARTIIND,25-Jul-2024,700.0,CE,0.0,0.0,0.0,97.15,89.5,0,0.0,0,0,06-MAY-2024,
OPTSTK,AARTIIND,25-Jul-2024,720.0,CE,0.0,0.0,0.0,85.1,77.45,0,0.0,0,0,06-MAY-2024,
OPTSTK,AARTIIND,25-Jul-2024,740.0,CE,0.0,0.0,0.0,74.15,66.6,0,0.0,0,0,06-MAY-2024,
OPTSTK,AARTIIND,25-Jul-2024,760.0,CE,0.0,0.0,0.0,64.25,56.8,0,0.0,0,0,06-MAY-2024,
OPTSTK,AARTIIND,25-Jul-2024,780.0,CE,0.0,0.0,0.0,55.35,48.15,0,0.0,0,0,06-MAY-2024,
OPTSTK,AARTIIND,25-Jul-2024,800.0,CE,0.0,0.0,0.0,47.4,40.55,0,0.0,0,0,06-MAY-2024,
OPTSTK,AARTIIND,25-Jul-2024,820.0,CE,0.0,0.0,0.0,40.4,33.9,0,0.0,0,0,06-MAY-2024,
OPTSTK,AARTIIND,25-Jul-2024,840.0,CE,0.0,0.0,0.0,34.25,28.15,0,0.0,0,0,06-MAY-2024,
OPTSTK,AARTIIND,25-Jul-2024,640.0,PE,0.0,0.0,0.0,14.05,12.25,0,0.0,0,0,06-MAY-2024,
OPTSTK,AARTIIND,25-Jul-2024,680.0,PE,0.0,0.0,0.0,24.3,22.15,0,0.0,0,0,06-MAY-2024,
OPTSTK,AARTIIND,25-Jul-2024,700.0,PE,0.0,0.0,0.0,30.85,28.65,0,0.0,0,0,06-MAY-2024,
OPTSTK,AARTIIND,25-Jul-2024,720.0,PE,0.0,0.0,0.0,38.45,36.3,0,0.0,0,0,06-MAY-2024,
OPTSTK,AARTIIND,25-Jul-2024,740.0,PE,0.0,0.0,0.0,47.15,45.1,0,0.0,0,0,06-MAY-2024,
OPTSTK,AARTIIND,25-Jul-2024,760.0,PE,0.0,0.0,0.0,50.0,55.0,0,0.0,1000,0,06-MAY-2024,
OPTSTK,AARTIIND,25-Jul-2024,780.0,PE,0.0,0.0,0.0,67.6,66.0,0,0.0,0,0,06-MAY-2024,
OPTSTK,AARTIIND,25-Jul-2024,800.0,PE,0.0,0.0,0.0,79.3,78.1,0,0.0,0,0,06-MAY-2024,
OPTSTK,AARTIIND,25-Jul-2024,820.0,PE,0.0,0.0,0.0,91.95,91.15,0,0.0,0,0,06-MAY-2024,
OPTSTK,AARTIIND,25-Jul-2024,840.0,PE,0.0,0.0,0.0,105.45,105.1,0,0.0,0,0,06-MAY-2024,
OPTSTK,ABB,30-May-2024,5400.0,CE,0.0,0.0,0.0,1025.8,1566.3,0,0.0,750,0,06-MAY-2024,
OPTSTK,ABB,30-May-2024,5500.0,CE,0.0,0.0,0.0,900.0,1467.5,0,0.0,250,0,06-MAY-2024,
OPTSTK,ABB,30-May-2024,5600.0,CE,0.0,0.0,0.0,391.1,1369.2,0,0.0,0,0,06-MAY-2024,
OPTSTK,ABB,30-May-2024,5700.0,CE,0.0,0.0,0.0,349.5,1271.55,0,0.0,0,0,06-MAY-2024,
OPTSTK,ABB,30-May-2024,5800.0,CE,0.0,0.0,0.0,648.25,1174.9,0,0.0,125,0,06-MAY-2024,
OPTSTK,ABB,30-May-2024,5850.0,CE,0.0,0.0,0.0,737.35,1127.05,0,0.0,0,0,06-MAY-2024,
OPTSTK,ABB,30-May-2024,5900.0,CE,1030.2,1057.45,1030.2,1057.45,1079.6,2,17.35,0,0,06-MAY-2024,
OPTSTK,ABB,30-May-2024,5950.0,CE,0.0,0.0,0.0,669.3,1032.6,0,0.0,0,0,06-MAY-2024,
OPTSTK,ABB,30-May-2024,6000.0,CE,0.0,0.0,0.0,751.0,986.1,0,0.0,2375,0,06-MAY-2024,
OPTSTK,ABB,30-May-2024,6050.0,CE,0.0,0.0,0.0,605.4,940.15,0,0.0,0,0,06-MAY-2024,
OPTSTK,ABB,30-May-2024,6100.0,CE,0.0,0.0,0.0,216.5,894.85,0,0.0,0,0,06-MAY-2024,
OPTSTK,ABB,30-May-2024,6150.0,CE,0.0,0.0,0.0,545.5,850.25,0,0.0,0,0,06-MAY-2024,
OPTSTK,ABB,30-May-2024,6200.0,CE,0.0,0.0,0.0,677.0,806.45,0,0.0,2000,0,06-MAY-2024,
OPTSTK,ABB,30-May-2024,6250.0,CE,0.0,0.0,0.0,489.65,763.5,0,0.0,0,0,06-MAY-2024,
OPTSTK,ABB,30-May-2024,6300.0,CE,716.0,768.0,716.0,768.0,721.4,4,35.18,2625,250,06-MAY-2024,
OPTSTK,ABB,30-May-2024,6350.0,CE,634.35,634.35,634.35,634.35,680.35,1,8.73,500,0,06-MAY-2024,
OPTSTK,ABB,30-May-2024,6400.0,CE,666.0,700.0,600.0,633.0,640.35,51,448.81,12750,750,06-MAY-2024,
OPTSTK,ABB,30-May-2024,6450.0,CE,550.0,636.55,550.0,635.55,601.45,36,317.94,6375,-2875,06-MAY-2024,
OPTSTK,ABB,30-May-2024,6500.0,CE,437.75,630.5,437.75,561.05,564.0,101,891.2,29875,-4250,06-MAY-2024,
OPTSTK,ABB,30-May-2024,6550.0,CE,557.5,557.5,551.75,551.75,527.45,3,26.64,875,0,06-MAY-2024,
OPTSTK,ABB,30-May-2024,6600.0,CE,369.95,543.45,369.95,491.7,491.7,871,7680.35,30500,-40375,06-MAY-2024,
OPTSTK,ABB,30-May-2024,6650.0,CE,399.0,466.8,399.0,466.8,466.8,10,88.59,2750,-500,06-MAY-2024,
OPTSTK,ABB,30-May-2024,6700.0,CE,330.85,480.0,316.4,420.45,420.45,564,5006.92,16875,-18625,06-MAY-2024,
OPTSTK,ABB,30-May-2024,6750.0,CE,328.3,443.9,326.0,392.4,392.4,110,979.15,3125,-6375,06-MAY-2024,
OPTSTK,ABB,30-May-2024,6800.0,CE,261.95,410.05,261.95,364.2,364.2,1348,12020.89,31500,-27250,06-MAY-2024,
OPTSTK,ABB,30-May-2024,6850.0,CE,270.0,379.0,270.0,332.75,332.75,258,2312.2,5500,1875,06-MAY-2024,
OPTSTK,ABB,30-May-2024,6900.0,CE,220.0,363.9,211.15,306.4,306.4,2786,25088.53,22375,625,06-MAY-2024,
OPTSTK,ABB,30-May-2024,6950.0,CE,230.0,332.85,230.0,284.4,284.4,956,8652.77,10500,10125,06-MAY-2024,
OPTSTK,ABB,30-May-2024,7000.0,CE,177.65,310.0,177.65,260.15,260.15,8548,77608.57,126375,56000,06-MAY-2024,
OPTSTK,ABB,30-May-2024,7050.0,CE,0.0,0.0,0.0,179.75,238.5,0,0.0,0,0,06-MAY-2024,
OPTSTK,ABB,30-May-2024,7100.0,CE,135.0,262.0,135.0,215.15,215.15,1096,10032.34,16625,4125,06-MAY-2024,
OPTSTK,ABB,30-May-2024,7150.0,CE,0.0,0.0,0.0,156.35,197.9,0,0.0,0,0,06-MAY-2024,
OPTSTK,ABB,30-May-2024,7200.0,CE,135.8,215.15,121.95,177.4,177.4,1916,17673.69,37250,8375,06-MAY-2024,
OPTSTK,ABB,30-May-2024,7250.0,CE,145.9,189.35,139.05,162.35,162.35,140,1298.89,4250,2125,06-MAY-2024,
OPTSTK,ABB,30-May-2024,7300.0,CE,115.0,179.4,107.05,146.15,146.15,471,4387.58,18875,11000,06-MAY-2024,
OPTSTK,ABB,30-May-2024,7400.0,CE,85.0,147.0,85.0,116.8,116.8,469,4410.61,18875,12625,06-MAY-2024,
OPTSTK,ABB,30-May-2024,7500.0,CE,63.0,120.95,58.65,94.45,94.45,2707,25709.63,46750,8000,06-MAY-2024,
OPTSTK,ABB,30-May-2024,7600.0,CE,40.4,96.7,40.4,75.2,75.2,1550,14875.38,54875,19500,06-MAY-2024,
OPTSTK,ABB,30-May-2024,5350.0,PE,0.0,0.0,0.0,8.65,0.7,0,0.0,375,0,06-MAY-2024,
OPTSTK,ABB,30-May-2024,5500.0,PE,6.15,7.8,4.1,6.15,6.15,67,461.09,16625,-1125,06-MAY-2024,
OPTSTK,ABB,30-May-2024,5550.0,PE,0.0,0.0,0.0,24.8,2.25,0,0.0,250,0,06-MAY-2024,
OPTSTK,ABB,30-May-2024,5600.0,PE,0.0,0.0,0.0,22.45,2.9,0,0.0,375,0,06-MAY-2024,
OPTSTK,ABB,30-May-2024,5700.0,PE,15.15,15.15,7.8,7.85,7.85,7,49.97,500,0,06-MAY-2024,
OPTSTK,ABB,30-May-2024,5800.0,PE,12.6,12.6,8.35,11.2,11.2,176,1278.16,22875,-9125,06-MAY-2024,
OPTSTK,ABB,30-May-2024,5850.0,PE,0.0,0.0,0.0,155.0,9.65,0,0.0,0,0,06-MAY-2024,
OPTSTK,ABB,30-May-2024,5900.0,PE,16.7,16.95,11.1,14.5,11.95,50,369.63,5375,-1875,06-MAY-2024,
OPTSTK,ABB,30-May-2024,5950.0,PE,0.0,0.0,0.0,185.75,14.7,0,0.0,0,0,06-MAY-2024,
OPTSTK,ABB,30-May-2024,6000.0,PE,21.3,28.0,14.65,21.35,21.35,778,5852.57,59375,3250,06-MAY-2024,
OPTSTK,ABB,30-May-2024,6050.0,PE,0.0,0.0,0.0,55.0,21.8,0,0.0,625,0,06-MAY-2024,
OPTSTK,ABB,30-May-2024,6100.0,PE,19.25,29.5,19.25,28.85,28.85,190,1454.12,14500,3500,06-MAY-2024,
OPTSTK,ABB,30-May-2024,6150.0,PE,0.0,0.0,0.0,51.65,31.45,0,0.0,2875,0,06-MAY-2024,
OPTSTK,ABB,30-May-2024,6200.0,PE,37.9,43.85,27.05,37.95,37.95,321,2500.81,33125,-6125,06-MAY-2024,
OPTSTK,ABB,30-May-2024,6250.0,PE,0.0,0.0,0.0,302.4,44.2,0,0.0,0,0,06-MAY-2024,
OPTSTK,ABB,30-May-2024,6300.0,PE,54.1,54.2,37.75,51.4,51.4,381,3021.71,25250,5750,06-MAY-2024,
OPTSTK,ABB,30-May-2024,6350.0,PE,48.0,55.25,45.0,53.2,60.6,8,64.0,500,-125,06-MAY-2024,
OPTSTK,ABB,30-May-2024,6400.0,PE,90.5,90.5,52.45,68.5,68.5,431,3481.11,30250,5625,06-MAY-2024,
OPTSTK,ABB,30-May-2024,6450.0,PE,74.65,84.55,74.65,84.55,81.25,4,32.63,2875,0,06-MAY-2024,
OPTSTK,ABB,30-May-2024,6500.0,PE,115.0,133.0,70.0,89.85,89.85,480,3949.39,37250,3625,06-MAY-2024,
OPTSTK,ABB,30-May-2024,6550.0,PE,82.55,109.8,82.55,101.0,101.0,34,282.15,4000,1875,06-MAY-2024,
OPTSTK,ABB,30-May-2024,6600.0,PE,164.65,164.65,94.05,116.2,116.2,367,3077.64,24750,2875,06-MAY-2024,
OPTSTK,ABB,30-May-2024,6650.0,PE,104.15,134.0,104.15,130.7,130.7,3,25.39,3625,250,06-MAY-2024,
OPTSTK,ABB,30-May-2024,6700.0,PE,230.0,230.0,120.05,147.1,147.1,512,4378.09,21000,375,06-MAY-2024,
OPTSTK,ABB,30-May-2024,6750.0,PE,141.55,173.5,136.2,172.0,172.0,41,353.72,3000,375,06-MAY-2024,
OPTSTK,ABB,30-May-2024,6800.0,PE,230.0,244.65,154.95,186.55,186.55,673,5870.79,25750,11500,06-MAY-2024,
OPTSTK,ABB,30-May-2024,6850.0,PE,240.0,240.0,177.15,214.75,214.75,163,1436.86,7375,2375,06-MAY-2024,
OPTSTK,ABB,30-May-2024,6900.0,PE,270.55,270.55,195.0,234.0,234.0,761,6775.5,16625,16625,06-MAY-2024,
OPTSTK,ABB,30-May-2024,6950.0,PE,250.0,284.5,218.85,258.0,258.0,222,1996.33,5500,5500,06-MAY-2024,
OPTSTK,ABB,30-May-2024,7000.0,PE,280.0,310.5,240.0,284.95,284.95,1028,9339.11,25250,23500,06-MAY-2024,
OPTSTK,ABB,30-May-2024,7050.0,PE,0.0,0.0,0.0,782.75,315.55,0,0.0,0,0,06-MAY-2024,
OPTSTK,ABB,30-May-2024,7100.0,PE,333.0,350.0,291.2,339.35,339.35,159,1472.81,9375,9125,06-MAY-2024,
OPTSTK,ABB,30-May-2024,7150.0,PE,0.0,0.0,0.0,858.15,374.45,0,0.0,0,0,06-MAY-2024,
OPTSTK,ABB,30-May-2024,7200.0,PE,380.0,380.0,380.0,380.0,405.95,1,9.47,125,125,06-MAY-2024,
OPTSTK,ABB,30-May-2024,7250.0,PE,0.0,0.0,0.0,935.65,438.7,0,0.0,0,0,06-MAY-2024,
OPTSTK,ABB,30-May-2024,7300.0,PE,442.0,442.0,442.0,442.0,472.75,2,19.35,250,250,06-MAY-2024,
OPTSTK,ABB,30-May-2024,7400.0,PE,0.0,0.0,0.0,1855.45,544.4,0,0.0,0,0,06-MAY-2024,
OPTSTK,ABB,30-May-2024,7500.0,PE,0.0,0.0,0.0,1477.2,620.55,0,0.0,0,0,06-MAY-2024,
OPTSTK,ABB,27-Jun-2024,5600.0,CE,0.0,0.0,0.0,1001.8,1422.1,0,0.0,0,0,06-MAY-2024,
OPTSTK,ABB,27-Jun-2024,5700.0,CE,0.0,0.0,0.0,929.7,1331.0,0,0.0,0,0,06-MAY-2024,
OPTSTK,ABB,27-Jun-2024,5800.0,CE,0.0,0.0,0.0,860.45,1241.8,0,0.0,0,0,06-MAY-2024,
OPTSTK,ABB,27-Jun-2024,5850.0,CE,0.0,0.0,0.0,803.25,1198.0,0,0.0,0,0,06-MAY-2024,
OPTSTK,ABB,27-Jun-2024,5900.0,CE,0.0,0.0,0.0,794.15,1154.8,0,0.0,0,0,06-MAY-2024,
OPTSTK,ABB,27-Jun-2024,5950.0,CE,0.0,0.0,0.0,733.45,1112.2,0,0.0,0,0,06-MAY-2024,
OPTSTK,ABB,27-Jun-2024,6000.0,CE,0.0,0.0,0.0,731.4,1070.3,0,0.0,0,0,06-MAY-2024,
OPTSTK,ABB,27-Jun-2024,6050.0,CE,0.0,0.0,0.0,667.65,1029.0,0,0.0,0,0,06-MAY-2024,
OPTSTK,ABB,27-Jun-2024,6100.0,CE,0.0,0.0,0.0,671.95,988.5,0,0.0,0,0,06-MAY-2024,
OPTSTK,ABB,27-Jun-2024,6150.0,CE,0.0,0.0,0.0,605.65,948.7,0,0.0,0,0,06-MAY-2024,
OPTSTK,ABB,27-Jun-2024,6200.0,CE,0.0,0.0,0.0,615.85,909.65,0,0.0,0,0,06-MAY-2024,
OPTSTK,ABB,27-Jun-2024,6250.0,CE,0.0,0.0,0.0,547.45,871.45,0,0.0,0,0,06-MAY-2024,
OPTSTK,ABB,27-Jun-2024,6300.0,CE,0.0,0.0,0.0,563.05,834.1,0,0.0,0,0,06-MAY-2024,
OPTSTK,ABB,27-Jun-2024,6350.0,CE,0.0,0.0,0.0,493.1,797.8,0,0.0,0,0,06-MAY-2024,
OPTSTK,ABB,27-Jun-2024,6400.0,CE,0.0,0.0,0.0,513.5,762.1,0,0.0,0,0,06-MAY-2024,
OPTSTK,ABB,27-Jun-2024,6450.0,CE,0.0,0.0,0.0,442.55,727.1,0,0.0,0,0,06-MAY-2024,
OPTSTK,ABB,27-Jun-2024,6500.0,CE,0.0,0.0,0.0,467.2,693.3,0,0.0,0,0,06-MAY-2024,
OPTSTK,ABB,27-Jun-2024,6550.0,CE,0.0,0.0,0.0,395.85,660.5,0,0.0,0,0,06-MAY-2024,
OPTSTK,ABB,27-Jun-2024,6600.0,CE,0.0,0.0,0.0,424.1,628.6,0,0.0,0,0,06-MAY-2024,
OPTSTK,ABB,27-Jun-2024,6650.0,CE,0.0,0.0,0.0,352.85,597.7,0,0.0,0,0,06-MAY-2024,
OPTSTK,ABB,27-Jun-2024,6700.0,CE,0.0,0.0,0.0,384.1,567.75,0,0.0,0,0,06-MAY-2024,
OPTSTK,ABB,27-Jun-2024,6750.0,CE,0.0,0.0,0.0,313.45,538.8,0,0.0,0,0,06-MAY-2024,
OPTSTK,ABB,27-Jun-2024,6800.0,CE,0.0,0.0,0.0,347.1,510.85,0,0.0,0,0,06-MAY-2024,
OPTSTK,ABB,27-Jun-2024,6850.0,CE,0.0,0.0,0.0,277.5,483.85,0,0.0,0,0,06-MAY-2024,
OPTSTK,ABB,27-Jun-2024,6900.0,CE,0.0,0.0,0.0,312.95,457.85,0,0.0,0,0,06-MAY-2024,
OPTSTK,ABB,27-Jun-2024,6950.0,CE,0.0,0.0,0.0,244.85,432.85,0,0.0,0,0,06-MAY-2024,
OPTSTK,ABB,27-Jun-2024,7000.0,CE,425.0,474.05,400.0,434.95,408.8,11,102.29,1250,625,06-MAY-2024,
OPTSTK,ABB,27-Jun-2024,7050.0,CE,0.0,0.0,0.0,215.35,385.7,0,0.0,0,0,06-MAY-2024,
OPTSTK,ABB,27-Jun-2024,7100.0,CE,0.0,0.0,0.0,252.75,363.6,0,0.0,0,0,06-MAY-2024,
OPTSTK,ABB,27-Jun-2024,7150.0,CE,0.0,0.0,0.0,188.8,342.45,0,0.0,0,0,06-MAY-2024,
OPTSTK,ABB,27-Jun-2024,7200.0,CE,0.0,0.0,0.0,226.4,322.2,0,0.0,0,0,06-MAY-2024,
OPTSTK,ABB,27-Jun-2024,7250.0,CE,0.0,0.0,0.0,165.4,302.85,0,0.0,0,0,06-MAY-2024,
OPTSTK,ABB,27-Jun-2024,7300.0,CE,0.0,0.0,0.0,202.75,284.4,0,0.0,0,0,06-MAY-2024,
OPTSTK,ABB,27-Jun-2024,7400.0,CE,0.0,0.0,0.0,181.05,250.15,0,0.0,0,0,06-MAY-2024,
OPTSTK,ABB,27-Jun-2024,7500.0,CE,251.0,254.6,250.0,254.55,219.2,15,145.33,1625,1625,06-MAY-2024,
OPTSTK,ABB,27-Jun-2024,5600.0,PE,0.0,0.0,0.0,140.85,23.95,0,0.0,0,0,06-MAY-2024,
OPTSTK,ABB,27-Jun-2024,5700.0,PE,0.0,0.0,0.0,166.95,31.8,0,0.0,0,0,06-MAY-2024,
OPTSTK,ABB,27-Jun-2024,5800.0,PE,0.0,0.0,0.0,195.9,41.6,0,0.0,0,0,06-MAY-2024,
OPTSTK,ABB,27-Jun-2024,5850.0,PE,0.0,0.0,0.0,148.2,47.3,0,0.0,0,0,06-MAY-2024,
OPTSTK,ABB,27-Jun-2024,5900.0,PE,50.0,50.0,50.0,50.0,53.55,1,7.43,250,125,06-MAY-2024,
OPTSTK,ABB,27-Jun-2024,5950.0,PE,0.0,0.0,0.0,177.15,60.45,0,0.0,0,0,06-MAY-2024,
OPTSTK,ABB,27-Jun-2024,6000.0,PE,80.0,80.0,80.0,80.0,68.0,5,38.0,1125,625,06-MAY-2024,
OPTSTK,ABB,27-Jun-2024,6050.0,PE,0.0,0.0,0.0,210.1,76.25,0,0.0,0,0,06-MAY-2024,
OPTSTK,ABB,27-Jun-2024,6100.0,PE,0.0,0.0,0.0,302.1,85.15,0,0.0,0,0,06-MAY-2024,
OPTSTK,ABB,27-Jun-2024,6150.0,PE,0.0,0.0,0.0,246.8,94.85,0,0.0,0,0,06-MAY-2024,
OPTSTK,ABB,27-Jun-2024,6200.0,PE,0.0,0.0,0.0,344.2,105.35,0,0.0,0,0,06-MAY-2024,
OPTSTK,ABB,27-Jun-2024,6250.0,PE,0.0,0.0,0.0,287.35,116.6,0,0.0,0,0,06-MAY-2024,
OPTSTK,ABB,27-Jun-2024,6300.0,PE,0.0,0.0,0.0,389.6,128.75,0,0.0,0,0,06-MAY-2024,
OPTSTK,ABB,27-Jun-2024,6350.0,PE,0.0,0.0,0.0,331.75,141.9,0,0.0,0,0,06-MAY-2024,
OPTSTK,ABB,27-Jun-2024,6400.0,PE,0.0,0.0,0.0,438.25,155.75,0,0.0,0,0,06-MAY-2024,
OPTSTK,ABB,27-Jun-2024,6450.0,PE,0.0,0.0,0.0,380.0,170.2,0,0.0,0,0,06-MAY-2024,
OPTSTK,ABB,27-Jun-2024,6500.0,PE,140.0,140.0,140.0,140.0,185.9,1,8.3,125,125,06-MAY-2024,
OPTSTK,ABB,27-Jun-2024,6550.0,PE,0.0,0.0,0.0,432.05,202.55,0,0.0,0,0,06-MAY-2024,
OPTSTK,ABB,27-Jun-2024,6600.0,PE,0.0,0.0,0.0,545.3,220.15,0,0.0,0,0,06-MAY-2024,
OPTSTK,ABB,27-Jun-2024,6650.0,PE,0.0,0.0,0.0,487.75,238.7,0,0.0,0,0,06-MAY-2024,
OPTSTK,ABB,27-Jun-2024,6700.0,PE,0.0,0.0,0.0,603.5,258.25,0,0.0,0,0,06-MAY-2024,
OPTSTK,ABB,27-Jun-2024,6750.0,PE,0.0,0.0,0.0,547.1,278.8,0,0.0,0,0,06-MAY-2024,
OPTSTK,ABB,27-Jun-2024,6800.0,PE,0.0,0.0,0.0,664.7,300.3,0,0.0,0,0,06-MAY-2024,
OPTSTK,ABB,27-Jun-2024,6850.0,PE,0.0,0.0,0.0,609.9,322.85,0,0.0,0,0,06-MAY-2024,
OPTSTK,ABB,27-Jun-2024,6900.0,PE,0.0,0.0,0.0,728.75,346.3,0,0.0,0,0,06-MAY-2024,
OPTSTK,ABB,27-Jun-2024,6950.0,PE,0.0,0.0,0.0,676.05,370.75,0,0.0,0,0,06-MAY-2024,
OPTSTK,ABB,27-Jun-2024,7000.0,PE,0.0,0.0,0.0,795.55,396.2,0,0.0,0,0,06-MAY-2024,
OPTSTK,ABB,27-Jun-2024,7050.0,PE,0.0,0.0,0.0,745.3,422.65,0,0.0,0,0,06-MAY-2024,
OPTSTK,ABB,27-Jun-2024,7100.0,PE,0.0,0.0,0.0,865.0,450.0,0,0.0,0,0,06-MAY-2024,
OPTSTK,ABB,27-Jun-2024,7150.0,PE,0.0,0.0,0.0,817.45,478.3,0,0.0,0,0,06-MAY-2024,
OPTSTK,ABB,27-Jun-2024,7200.0,PE,0.0,0.0,0.0,936.85,507.55,0,0.0,0,0,06-MAY-2024,
OPTSTK,ABB,27-Jun-2024,7250.0,PE,0.0,0.0,0.0,892.8,537.7,0,0.0,0,0,06-MAY-2024,
OPTSTK,ABB,27-Jun-2024,7300.0,PE,0.0,0.0,0.0,1011.45,568.75,0,0.0,0,0,06-MAY-2024,
OPTSTK,ABB,27-Jun-2024,7400.0,PE,0.0,0.0,0.0,1087.95,633.45,0,0.0,0,0,06-MAY-2024,
OPTSTK,ABB,27-Jun-2024,7500.0,PE,0.0,0.0,0.0,1166.15,701.45,0,0.0,0,0,06-MAY-2024,
OPTSTK,ABB,25-Jul-2024,5600.0,CE,0.0,0.0,0.0,1068.55,1482.5,0,0.0,0,0,06-MAY-2024,
OPTSTK,ABB,25-Jul-2024,5800.0,CE,0.0,0.0,0.0,924.75,1313.0,0,0.0,0,0,06-MAY-2024,
OPTSTK,ABB,25-Jul-2024,5900.0,CE,0.0,0.0,0.0,856.95,1231.55,0,0.0,0,0,06-MAY-2024,
OPTSTK,ABB,25-Jul-2024,6000.0,CE,0.0,0.0,0.0,792.6,1152.6,0,0.0,0,0,06-MAY-2024,
OPTSTK,ABB,25-Jul-2024,6100.0,CE,0.0,0.0,0.0,731.4,1076.25,0,0.0,0,0,06-MAY-2024,
OPTSTK,ABB,25-Jul-2024,6200.0,CE,0.0,0.0,0.0,673.45,1002.85,0,0.0,0,0,06-MAY-2024,
OPTSTK,ABB,25-Jul-2024,6300.0,CE,0.0,0.0,0.0,618.65,932.05,0,0.0,0,0,06-MAY-2024,
OPTSTK,ABB,25-Jul-2024,6400.0,CE,0.0,0.0,0.0,567.05,864.0,0,0.0,0,0,06-MAY-2024,
OPTSTK,ABB,25-Jul-2024,6500.0,CE,0.0,0.0,0.0,518.6,799.4,0,0.0,0,0,06-MAY-2024,
OPTSTK,ABB,25-Jul-2024,6600.0,CE,0.0,0.0,0.0,473.3,737.9,0,0.0,0,0,06-MAY-2024,
OPTSTK,ABB,25-Jul-2024,6700.0,CE,0.0,0.0,0.0,431.0,679.55,0,0.0,0,0,06-MAY-2024,
OPTSTK,ABB,25-Jul-2024,6800.0,CE,0.0,0.0,0.0,391.7,624.4,0,0.0,0,0,06-MAY-2024,
OPTSTK,ABB,25-Jul-2024,6900.0,CE,0.0,0.0,0.0,355.2,572.4,0,0.0,0,0,06-MAY-2024,
OPTSTK,ABB,25-Jul-2024,7000.0,CE,0.0,0.0,0.0,321.5,523.55,0,0.0,0,0,06-MAY-2024,
OPTSTK,ABB,25-Jul-2024,7100.0,CE,0.0,0.0,0.0,290.4,477.8,0,0.0,0,0,06-MAY-2024,
OPTSTK,ABB,25-Jul-2024,7200.0,CE,0.0,0.0,0.0,261.8,435.15,0,0.0,0,0,06-MAY-2024,
OPTSTK,ABB,25-Jul-2024,7300.0,CE,0.0,0.0,0.0,235.55,395.4,0,0.0,0,0,06-MAY-2024,
OPTSTK,ABB,25-Jul-2024,7400.0,CE,0.0,0.0,0.0,211.95,358.5,0,0.0,0,0,06-MAY-2024,
OPTSTK,ABB,25-Jul-2024,5600.0,PE,0.0,0.0,0.0,135.75,53.55,0,0.0,0,0,06-MAY-2024,
OPTSTK,ABB,25-Jul-2024,5800.0,PE,0.0,0.0,0.0,188.3,80.85,0,0.0,0,0,06-MAY-2024,
OPTSTK,ABB,25-Jul-2024,5900.0,PE,0.0,0.0,0.0,218.7,97.85,0,0.0,0,0,06-MAY-2024,
OPTSTK,ABB,25-Jul-2024,6000.0,PE,0.0,0.0,0.0,252.55,117.3,0,0.0,0,0,06-MAY-2024,
OPTSTK,ABB,25-Jul-2024,6100.0,PE,0.0,0.0,0.0,289.55,139.35,0,0.0,0,0,06-MAY-2024,
OPTSTK,ABB,25-Jul-2024,6200.0,PE,0.0,0.0,0.0,329.75,164.4,0,0.0,0,0,06-MAY-2024,
OPTSTK,ABB,25-Jul-2024,6300.0,PE,0.0,0.0,0.0,373.15,192.05,0,0.0,0,0,06-MAY-2024,
OPTSTK,ABB,25-Jul-2024,6400.0,PE,0.0,0.0,0.0,419.75,222.4,0,0.0,0,0,06-MAY-2024,
OPTSTK,ABB,25-Jul-2024,6500.0,PE,0.0,0.0,0.0,469.5,256.2,0,0.0,0,0,06-MAY-2024,
OPTSTK,ABB,25-Jul-2024,6600.0,PE,0.0,0.0,0.0,522.4,293.1,0,0.0,0,0,06-MAY-2024,
OPTSTK,ABB,25-Jul-2024,6700.0,PE,0.0,0.0,0.0,578.3,333.2,0,0.0,0,0,06-MAY-2024,
OPTSTK,ABB,25-Jul-2024,6800.0,PE,0.0,0.0,0.0,637.2,376.45,0,0.0,0,0,06-MAY-2024,
OPTSTK,ABB,25-Jul-2024,6900.0,PE,0.0,0.0,0.0,698.9,422.9,0,0.0,0,0,06-MAY-2024,
OPTSTK,ABB,25-Jul-2024,7000.0,PE,0.0,0.0,0.0,763.35,472.45,0,0.0,0,0,06-MAY-2024,
OPTSTK,ABB,25-Jul-2024,7100.0,PE,0.0,0.0,0.0,830.45,525.15,0,0.0,0,0,06-MAY-2024,
OPTSTK,ABB,25-Jul-2024,7200.0,PE,0.0,0.0,0.0,900.05,580.85,0,0.0,0,0,06-MAY-2024,
OPTSTK,ABB,25-Jul-2024,7300.0,PE,0.0,0.0,0.0,972.0,639.55,0,0.0,0,0,06-MAY-2024,
OPTSTK,ABB,25-Jul-2024,7400.0,PE,0.0,0.0,0.0,1046.6,701.1,0,0.0,0,0,06-MAY-2024,
OPTSTK,ABBOTINDIA,30-May-2024,21500.0,CE,0.0,0.0,0.0,7338.75,4373.45,0,0.0,0,0,06-MAY-2024,
OPTSTK,ABBOTINDIA,30-May-2024,22000.0,CE,0.0,0.0,0.0,6856.95,3878.5,0,0.0,0,0,06-MAY-2024,
OPTSTK,ABBOTINDIA,30-May-2024,22500.0,CE,0.0,0.0,0.0,6379.75,3387.6,0,0.0,0,0,06-MAY-2024,
OPTSTK,ABBOTINDIA,30-May-2024,23000.0,CE,0.0,0.0,0.0,5908.65,2904.95,0,0.0,0,0,06-MAY-2024,
OPTSTK,ABBOTINDIA,30-May-2024,23250.0,CE,0.0,0.0,0.0,4225.75,2668.6,0,0.0,0,0,06-MAY-2024,
OPTSTK,ABBOTINDIA,30-May-2024,23500.0,CE,0.0,0.0,0.0,5445.55,2436.95,0,0.0,0,0,06-MAY-2024,
OPTSTK,ABBOTINDIA,30-May-2024,23750.0,CE,0.0,0.0,0.0,3772.5,2211.15,0,0.0,0,0,06-MAY-2024,
OPTSTK,ABBOTINDIA,30-May-2024,24000.0,CE,0.0,0.0,0.0,2332.5,1992.45,0,0.0,40,0,06-MAY-2024,
OPTSTK,ABBOTINDIA,30-May-2024,24250.0,CE,0.0,0.0,0.0,3335.9,1782.2,0,0.0,0,0,06-MAY-2024,
OPTSTK,ABBOTINDIA,30-May-2024,24500.0,CE,1725.25,1737.15,1722.85,1722.85,1581.65,8,41.96,140,40,06-MAY-2024,
OPTSTK,ABBOTINDIA,30-May-2024,24750.0,CE,0.0,0.0,0.0,2919.85,1393.0,0,0.0,0,0,06-MAY-2024,
OPTSTK,ABBOTINDIA,30-May-2024,25000.0,CE,0.0,0.0,0.0,1550.3,1214.45,0,0.0,100,0,06-MAY-2024,
OPTSTK,ABBOTINDIA,30-May-2024,25250.0,CE,0.0,0.0,0.0,2528.15,1050.15,0,0.0,0,0,06-MAY-2024,
OPTSTK,ABBOTINDIA,30-May-2024,25500.0,CE,1193.35,1193.35,975.45,1060.0,1060.0,8,42.49,140,60,06-MAY-2024,
OPTSTK,ABBOTINDIA,30-May-2024,25750.0,CE,0.0,0.0,0.0,1263.35,763.3,0,0.0,100,0,06-MAY-2024,
OPTSTK,ABBOTINDIA,30-May-2024,26000.0,CE,999.95,1000.0,706.7,768.95,768.95,94,503.69,5720,200,06-MAY-2024,
OPTSTK,ABBOTINDIA,30-May-2024,26250.0,CE,674.05,674.05,674.05,674.05,674.05,1,5.38,640,0,06-MAY-2024,
OPTSTK,ABBOTINDIA,30-May-2024,26500.0,CE,700.0,700.0,492.85,564.3,564.3,49,265.01,1780,180,06-MAY-2024,
OPTSTK,ABBOTINDIA,30-May-2024,26750.0,CE,541.3,541.35,541.3,541.35,357.4,2,10.91,140,-20,06-MAY-2024,
OPTSTK,ABBOTINDIA,30-May-2024,27000.0,CE,415.0,426.2,347.0,413.75,413.75,179,980.66,4040,1060,06-MAY-2024,
OPTSTK,ABBOTINDIA,30-May-2024,27250.0,CE,0.0,0.0,0.0,397.85,230.0,0,0.0,140,0,06-MAY-2024,
OPTSTK,ABBOTINDIA,30-May-2024,27500.0,CE,0.0,0.0,0.0,2294.65,181.55,0,0.0,0,0,06-MAY-2024,
OPTSTK,ABBOTINDIA,30-May-2024,27750.0,CE,0.0,0.0,0.0,1029.25,141.8,0,0.0,0,0,06-MAY-2024,
OPTSTK,ABBOTINDIA,30-May-2024,28000.0,CE,275.0,275.0,172.0,204.1,204.1,64,360.93,2940,400,06-MAY-2024,
OPTSTK,ABBOTINDIA,30-May-2024,28250.0,CE,0.0,0.0,0.0,828.35,83.7,0,0.0,0,0,06-MAY-2024,
OPTSTK,ABBOTINDIA,30-May-2024,28500.0,CE,110.05,160.0,110.05,156.0,156.0,4,22.91,500,-60,06-MAY-2024,
OPTSTK,ABBOTINDIA,30-May-2024,28750.0,CE,0.0,0.0,0.0,658.2,47.35,0,0.0,0,0,06-MAY-2024,
OPTSTK,ABBOTINDIA,30-May-2024,29000.0,CE,115.0,115.0,89.7,107.0,107.0,55,320.09,1160,-740,06-MAY-2024,
OPTSTK,ABBOTINDIA,30-May-2024,29250.0,CE,0.0,0.0,0.0,516.4,25.7,0,0.0,0,0,06-MAY-2024,
OPTSTK,ABBOTINDIA,30-May-2024,29500.0,CE,0.0,0.0,0.0,1269.65,18.65,0,0.0,0,0,06-MAY-2024,
OPTSTK,ABBOTINDIA,30-May-2024,30000.0,CE,70.0,70.0,52.55,52.55,9.5,37,222.44,1740,340,06-MAY-2024,
OPTSTK,ABBOTINDIA,30-May-2024,30250.0,CE,0.0,0.0,0.0,27.1,6.7,0,0.0,40,0,06-MAY-2024,
OPTSTK,ABBOTINDIA,30-May-2024,30500.0,CE,0.0,0.0,0.0,40.0,4.65,0,0.0,20,0,06-MAY-2024,
OPTSTK,ABBOTINDIA,30-May-2024,31000.0,CE,0.0,0.0,0.0,33.2,2.2,0,0.0,40,0,06-MAY-2024,
OPTSTK,ABBOTINDIA,30-May-2024,21500.0,PE,0.0,0.0,0.0,14.2,1.4,0,0.0,0,0,06-MAY-2024,
OPTSTK,ABBOTINDIA,30-May-2024,22000.0,PE,0.0,0.0,0.0,23.3,4.15,0,0.0,0,0,06-MAY-2024,
OPTSTK,ABBOTINDIA,30-May-2024,22500.0,PE,0.0,0.0,0.0,37.0,10.95,0,0.0,0,0,06-MAY-2024,
OPTSTK,ABBOTINDIA,30-May-2024,23000.0,PE,0.0,0.0,0.0,56.8,25.95,0,0.0,0,0,06-MAY-2024,
OPTSTK,ABBOTINDIA,30-May-2024,23250.0,PE,0.0,0.0,0.0,70.8,38.5,0,0.0,0,0,06-MAY-2024,
OPTSTK,ABBOTINDIA,30-May-2024,23500.0,PE,0.0,0.0,0.0,38.95,55.7,0,0.0,600,0,06-MAY-2024,
OPTSTK,ABBOTINDIA,30-May-2024,23750.0,PE,0.0,0.0,0.0,111.45,78.75,0,0.0,0,0,06-MAY-2024,
OPTSTK,ABBOTINDIA,30-May-2024,24000.0,PE,139.85,203.4,106.25,175.0,108.9,99,478.32,1500,-940,06-MAY-2024,
OPTSTK,ABBOTINDIA,30-May-2024,24250.0,PE,0.0,0.0,0.0,168.75,147.45,0,0.0,0,0,06-MAY-2024,
OPTSTK,ABBOTINDIA,30-May-2024,24500.0,PE,270.0,285.0,252.4,258.0,258.0,24,118.87,700,-60,06-MAY-2024,
OPTSTK,ABBOTINDIA,30-May-2024,24750.0,PE,0.0,0.0,0.0,246.6,256.0,0,0.0,0,0,06-MAY-2024,
OPTSTK,ABBOTINDIA,30-May-2024,25000.0,PE,309.75,437.15,245.95,389.15,389.15,100,507.48,5460,20,06-MAY-2024,
OPTSTK,ABBOTINDIA,30-May-2024,25250.0,PE,0.0,0.0,0.0,348.75,410.8,0,0.0,0,0,06-MAY-2024,
OPTSTK,ABBOTINDIA,30-May-2024,25500.0,PE,500.0,648.95,500.0,599.95,599.95,18,93.83,380,120,06-MAY-2024,
OPTSTK,ABBOTINDIA,30-May-2024,25750.0,PE,513.5,513.5,513.45,513.45,621.65,2,10.5,40,40,06-MAY-2024,
OPTSTK,ABBOTINDIA,30-May-2024,26000.0,PE,720.15,830.1,700.0,830.05,830.05,31,165.99,3960,-40,06-MAY-2024,
OPTSTK,ABBOTINDIA,30-May-2024,26250.0,PE,790.1,859.75,790.1,859.75,889.2,5,27.05,200,40,06-MAY-2024,
OPTSTK,ABBOTINDIA,30-May-2024,26500.0,PE,0.0,0.0,0.0,750.0,1043.7,0,0.0,160,0,06-MAY-2024,
OPTSTK,ABBOTINDIA,30-May-2024,26750.0,PE,0.0,0.0,0.0,832.2,1211.1,0,0.0,0,0,06-MAY-2024,
OPTSTK,ABBOTINDIA,30-May-2024,27000.0,PE,0.0,0.0,0.0,1200.0,1390.6,0,0.0,160,0,06-MAY-2024,
OPTSTK,ABBOTINDIA,30-May-2024,27250.0,PE,0.0,0.0,0.0,1059.05,1581.45,0,0.0,0,0,06-MAY-2024,
OPTSTK,ABBOTINDIA,30-May-2024,27500.0,PE,0.0,0.0,0.0,861.1,1781.85,0,0.0,0,0,06-MAY-2024,
OPTSTK,ABBOTINDIA,30-May-2024,27750.0,PE,0.0,0.0,0.0,1319.3,1990.9,0,0.0,0,0,06-MAY-2024,
OPTSTK,ABBOTINDIA,30-May-2024,28000.0,PE,0.0,0.0,0.0,1917.3,2207.5,0,0.0,100,0,06-MAY-2024,
OPTSTK,ABBOTINDIA,30-May-2024,28250.0,PE,0.0,0.0,0.0,1612.3,2430.55,0,0.0,0,0,06-MAY-2024,
OPTSTK,ABBOTINDIA,30-May-2024,28500.0,PE,2567.2,2711.2,2567.2,2711.2,2711.2,10,62.22,80,-140,06-MAY-2024,
OPTSTK,ABBOTINDIA,30-May-2024,28750.0,PE,0.0,0.0,0.0,1936.05,2891.9,0,0.0,0,0,06-MAY-2024,
OPTSTK,ABBOTINDIA,30-May-2024,29000.0,PE,0.0,0.0,0.0,2884.05,3128.45,0,0.0,40,0,06-MAY-2024,
OPTSTK,ABBOTINDIA,30-May-2024,29250.0,PE,0.0,0.0,0.0,2288.15,3367.9,0,0.0,0,0,06-MAY-2024,
OPTSTK,ABBOTINDIA,30-May-2024,29500.0,PE,0.0,0.0,0.0,1799.8,3609.7,0,0.0,0,0,06-MAY-2024,
OPTSTK,ABBOTINDIA,30-May-2024,30000.0,PE,0.0,0.0,0.0,2097.25,4098.25,0,0.0,0,0,06-MAY-2024,
OPTSTK,ABBOTINDIA,30-May-2024,30500.0,PE,0.0,0.0,0.0,2417.95,4591.1,0,0.0,0,0,06-MAY-2024,
OPTSTK,ABBOTINDIA,30-May-2024,31000.0,PE,0.0,0.0,0.0,2760.4,5086.35,0,0.0,0,0,06-MAY-2024,
OPTSTK,ABBOTINDIA,27-Jun-2024,21500.0,CE,0.0,0.0,0.0,6037.65,4518.0,0,0.0,0,0,06-MAY-2024,
OPTSTK,ABBOTINDIA,27-Jun-2024,22000.0,CE,0.0,0.0,0.0,5565.65,4042.45,0,0.0,0,0,06-MAY-2024,
OPTSTK,ABBOTINDIA,27-Jun-2024,22500.0,CE,0.0,0.0,0.0,5102.0,3578.6,0,0.0,0,0,06-MAY-2024,
OPTSTK,ABBOTINDIA,27-Jun-2024,23000.0,CE,0.0,0.0,0.0,4649.1,3130.8,0,0.0,0,0,06-MAY-2024,
OPTSTK,ABBOTINDIA,27-Jun-2024,23250.0,CE,0.0,0.0,0.0,2928.95,2914.4,0,0.0,0,0,06-MAY-2024,
OPTSTK,ABBOTINDIA,27-Jun-2024,23500.0,CE,0.0,0.0,0.0,4209.6,2703.9,0,0.0,0,0,06-MAY-2024,
OPTSTK,ABBOTINDIA,27-Jun-2024,23750.0,CE,0.0,0.0,0.0,2530.4,2499.9,0,0.0,0,0,06-MAY-2024,
OPTSTK,ABBOTINDIA,27-Jun-2024,24000.0,CE,0.0,0.0,0.0,3786.1,2303.0,0,0.0,0,0,06-MAY-2024,
OPTSTK,ABBOTINDIA,27-Jun-2024,24250.0,CE,0.0,0.0,0.0,2160.55,2113.75,0,0.0,0,0,06-MAY-2024,
OPTSTK,ABBOTINDIA,27-Jun-2024,24500.0,CE,0.0,0.0,0.0,3381.3,1933.35,0,0.0,0,0,06-MAY-2024,
OPTSTK,ABBOTINDIA,27-Jun-2024,24750.0,CE,0.0,0.0,0.0,1820.15,1759.9,0,0.0,0,0,06-MAY-2024,
OPTSTK,ABBOTINDIA,27-Jun-2024,25000.0,CE,0.0,0.0,0.0,2997.75,1596.6,0,0.0,0,0,06-MAY-2024,
OPTSTK,ABBOTINDIA,27-Jun-2024,25250.0,CE,0.0,0.0,0.0,1514.4,1442.6,0,0.0,0,0,06-MAY-2024,
OPTSTK,ABBOTINDIA,27-Jun-2024,25500.0,CE,0.0,0.0,0.0,2638.3,1298.1,0,0.0,0,0,06-MAY-2024,
OPTSTK,ABBOTINDIA,27-Jun-2024,25750.0,CE,0.0,0.0,0.0,1243.45,1163.25,0,0.0,0,0,06-MAY-2024,
OPTSTK,ABBOTINDIA,27-Jun-2024,26000.0,CE,0.0,0.0,0.0,2302.5,1037.95,0,0.0,0,0,06-MAY-2024,
OPTSTK,ABBOTINDIA,27-Jun-2024,26250.0,CE,0.0,0.0,0.0,1007.15,922.3,0,0.0,0,0,06-MAY-2024,
OPTSTK,ABBOTINDIA,27-Jun-2024,26500.0,CE,0.0,0.0,0.0,1994.6,816.1,0,0.0,0,0,06-MAY-2024,
OPTSTK,ABBOTINDIA,27-Jun-2024,26750.0,CE,0.0,0.0,0.0,804.85,719.0,0,0.0,0,0,06-MAY-2024,
OPTSTK,ABBOTINDIA,27-Jun-2024,27000.0,CE,0.0,0.0,0.0,1714.15,630.75,0,0.0,0,0,06-MAY-2024,
OPTSTK,ABBOTINDIA,27-Jun-2024,27250.0,CE,0.0,0.0,0.0,634.5,551.0,0,0.0,0,0,06-MAY-2024,
OPTSTK,ABBOTINDIA,27-Jun-2024,27500.0,CE,0.0,0.0,0.0,1461.25,479.25,0,0.0,0,0,06-MAY-2024,
OPTSTK,ABBOTINDIA,27-Jun-2024,27750.0,CE,0.0,0.0,0.0,493.45,416.3,0,0.0,0,0,06-MAY-2024,
OPTSTK,ABBOTINDIA,27-Jun-2024,28000.0,CE,0.0,0.0,0.0,1235.8,358.45,0,0.0,0,0,06-MAY-2024,
OPTSTK,ABBOTINDIA,27-Jun-2024,28250.0,CE,0.0,0.0,0.0,379.25,307.95,0,0.0,0,0,06-MAY-2024,
OPTSTK,ABBOTINDIA,27-Jun-2024,28500.0,CE,0.0,0.0,0.0,1036.75,263.45,0,0.0,0,0,06-MAY-2024,
OPTSTK,ABBOTINDIA,27-Jun-2024,28750.0,CE,0.0,0.0,0.0,287.4,224.4,0,0.0,0,0,06-MAY-2024,
OPTSTK,ABBOTINDIA,27-Jun-2024,29000.0,CE,0.0,0.0,0.0,862.85,190.4,0,0.0,0,0,06-MAY-2024,
OPTSTK,ABBOTINDIA,27-Jun-2024,29250.0,CE,0.0,0.0,0.0,214.95,160.85,0,0.0,0,0,06-MAY-2024,
OPTSTK,ABBOTINDIA,27-Jun-2024,29500.0,CE,0.0,0.0,0.0,712.55,135.35,0,0.0,0,0,06-MAY-2024,
OPTSTK,ABBOTINDIA,27-Jun-2024,30000.0,CE,0.0,0.0,0.0,585.2,94.7,0,0.0,0,0,06-MAY-2024,
OPTSTK,ABBOTINDIA,27-Jun-2024,30500.0,CE,0.0,0.0,0.0,475.45,65.2,0,0.0,0,0,06-MAY-2024,
OPTSTK,ABBOTINDIA,27-Jun-2024,31000.0,CE,0.0,0.0,0.0,383.9,44.2,0,0.0,0,0,06-MAY-2024,
OPTSTK,ABBOTINDIA,27-Jun-2024,21500.0,PE,0.0,0.0,0.0,32.6,23.6,0,0.0,0,0,06-MAY-2024,
OPTSTK,ABBOTINDIA,27-Jun-2024,22000.0,PE,0.0,0.0,0.0,51.65,42.9,0,0.0,0,0,06-MAY-2024,
OPTSTK,ABBOTINDIA,27-Jun-2024,22500.0,PE,0.0,0.0,0.0,79.05,73.85,0,0.0,0,0,06-MAY-2024,
OPTSTK,ABBOTINDIA,27-Jun-2024,23000.0,PE,0.0,0.0,0.0,117.25,120.9,0,0.0,0,0,06-MAY-2024,
OPTSTK,ABBOTINDIA,27-Jun-2024,23250.0,PE,0.0,0.0,0.0,213.0,151.95,0,0.0,0,0,06-MAY-2024,
OPTSTK,ABBOTINDIA,27-Jun-2024,23500.0,PE,0.0,0.0,0.0,168.8,188.9,0,0.0,0,0,06-MAY-2024,
OPTSTK,ABBOTINDIA,27-Jun-2024,23750.0,PE,0.0,0.0,0.0,308.2,232.3,0,0.0,0,0,06-MAY-2024,
OPTSTK,ABBOTINDIA,27-Jun-2024,24000.0,PE,0.0,0.0,0.0,236.35,282.8,0,0.0,0,0,06-MAY-2024,
OPTSTK,ABBOTINDIA,27-Jun-2024,24250.0,PE,0.0,0.0,0.0,432.05,341.0,0,0.0,0,0,06-MAY-2024,
OPTSTK,ABBOTINDIA,27-Jun-2024,24500.0,PE,0.0,0.0,0.0,322.65,408.0,0,0.0,0,0,06-MAY-2024,
OPTSTK,ABBOTINDIA,27-Jun-2024,24750.0,PE,0.0,0.0,0.0,585.35,482.0,0,0.0,0,0,06-MAY-2024,
OPTSTK,ABBOTINDIA,27-Jun-2024,25000.0,PE,600.0,750.0,600.0,750.0,566.1,13,66.72,380,260,06-MAY-2024,
OPTSTK,ABBOTINDIA,27-Jun-2024,25250.0,PE,0.0,0.0,0.0,773.4,659.5,0,0.0,0,0,06-MAY-2024,
OPTSTK,ABBOTINDIA,27-Jun-2024,25500.0,PE,0.0,0.0,0.0,850.05,762.45,0,0.0,160,0,06-MAY-2024,
OPTSTK,ABBOTINDIA,27-Jun-2024,25750.0,PE,0.0,0.0,0.0,996.1,875.05,0,0.0,0,0,06-MAY-2024,
OPTSTK,ABBOTINDIA,27-Jun-2024,26000.0,PE,0.0,0.0,0.0,895.7,997.15,0,0.0,20,0,06-MAY-2024,
OPTSTK,ABBOTINDIA,27-Jun-2024,26250.0,PE,0.0,0.0,0.0,1253.6,1128.95,0,0.0,0,0,06-MAY-2024,
OPTSTK,ABBOTINDIA,27-Jun-2024,26500.0,PE,0.0,0.0,0.0,900.15,1270.15,0,0.0,0,0,06-MAY-2024,
OPTSTK,ABBOTINDIA,27-Jun-2024,26750.0,PE,0.0,0.0,0.0,1545.0,1420.45,0,0.0,0,0,06-MAY-2024,
OPTSTK,ABBOTINDIA,27-Jun-2024,27000.0,PE,0.0,0.0,0.0,1300.0,1579.65,0,0.0,40,0,06-MAY-2024,
OPTSTK,ABBOTINDIA,27-Jun-2024,27250.0,PE,0.0,0.0,0.0,1868.4,1747.3,0,0.0,0,0,06-MAY-2024,
OPTSTK,ABBOTINDIA,27-Jun-2024,27500.0,PE,0.0,0.0,0.0,1348.95,1923.0,0,0.0,0,0,06-MAY-2024,
OPTSTK,ABBOTINDIA,27-Jun-2024,27750.0,PE,0.0,0.0,0.0,2221.1,2107.5,0,0.0,0,0,06-MAY-2024,
OPTSTK,ABBOTINDIA,27-Jun-2024,28000.0,PE,0.0,0.0,0.0,1614.55,2297.05,0,0.0,0,0,06-MAY-2024,
OPTSTK,ABBOTINDIA,27-Jun-2024,28250.0,PE,0.0,0.0,0.0,2600.6,2493.95,0,0.0,0,0,06-MAY-2024,
OPTSTK,ABBOTINDIA,27-Jun-2024,28500.0,PE,0.0,0.0,0.0,1906.6,2696.9,0,0.0,0,0,06-MAY-2024,
OPTSTK,ABBOTINDIA,27-Jun-2024,28750.0,PE,0.0,0.0,0.0,3002.45,2905.3,0,0.0,0,0,06-MAY-2024,
OPTSTK,ABBOTINDIA,27-Jun-2024,29000.0,PE,0.0,0.0,0.0,2223.8,3118.7,0,0.0,0,0,06-MAY-2024,
OPTSTK,ABBOTINDIA,27-Jun-2024,29250.0,PE,0.0,0.0,0.0,3423.8,3336.55,0,0.0,0,0,06-MAY-2024,
OPTSTK,ABBOTINDIA,27-Jun-2024,29500.0,PE,0.0,0.0,0.0,2564.5,3558.5,0,0.0,0,0,06-MAY-2024,
OPTSTK,ABBOTINDIA,27-Jun-2024,30000.0,PE,0.0,0.0,0.0,2928.25,4012.65,0,0.0,0,0,06-MAY-2024,
OPTSTK,ABBOTINDIA,27-Jun-2024,30500.0,PE,0.0,0.0,0.0,3309.55,4478.05,0,0.0,0,0,06-MAY-2024,
OPTSTK,ABBOTINDIA,27-Jun-2024,31000.0,PE,0.0,0.0,0.0,3709.05,4951.9,0,0.0,0,0,06-MAY-2024,
OPTSTK,ABBOTINDIA,25-Jul-2024,22000.0,CE,0.0,0.0,0.0,4209.45,4223.4,0,0.0,0,0,06-MAY-2024,
OPTSTK,ABBOTINDIA,25-Jul-2024,23000.0,CE,0.0,0.0,0.0,3367.15,3358.95,0,0.0,0,0,06-MAY-2024,
OPTSTK,ABBOTINDIA,25-Jul-2024,23500.0,CE,0.0,0.0,0.0,2976.5,2956.75,0,0.0,0,0,06-MAY-2024,
OPTSTK,ABBOTINDIA,25-Jul-2024,24000.0,CE,0.0,0.0,0.0,2610.5,2579.65,0,0.0,0,0,06-MAY-2024,
OPTSTK,ABBOTINDIA,25-Jul-2024,24500.0,CE,0.0,0.0,0.0,2268.65,2227.1,0,0.0,0,0,06-MAY-2024,
OPTSTK,ABBOTINDIA,25-Jul-2024,25000.0,CE,0.0,0.0,0.0,1955.75,1905.05,0,0.0,0,0,06-MAY-2024,
OPTSTK,ABBOTINDIA,25-Jul-2024,25500.0,CE,0.0,0.0,0.0,1671.5,1613.3,0,0.0,0,0,06-MAY-2024,
OPTSTK,ABBOTINDIA,25-Jul-2024,26000.0,CE,0.0,0.0,0.0,1350.0,1352.35,0,0.0,40,0,06-MAY-2024,
OPTSTK,ABBOTINDIA,25-Jul-2024,26500.0,CE,0.0,0.0,0.0,1189.25,1122.15,0,0.0,0,0,06-MAY-2024,
OPTSTK,ABBOTINDIA,25-Jul-2024,27000.0,CE,0.0,0.0,0.0,990.1,921.65,0,0.0,0,0,06-MAY-2024,
OPTSTK,ABBOTINDIA,25-Jul-2024,27500.0,CE,0.0,0.0,0.0,817.2,749.35,0,0.0,0,0,06-MAY-2024,
OPTSTK,ABBOTINDIA,25-Jul-2024,28000.0,CE,0.0,0.0,0.0,668.75,603.15,0,0.0,0,0,06-MAY-2024,
OPTSTK,ABBOTINDIA,25-Jul-2024,28500.0,CE,0.0,0.0,0.0,544.05,482.15,0,0.0,0,0,06-MAY-2024,
OPTSTK,ABBOTINDIA,25-Jul-2024,29000.0,CE,0.0,0.0,0.0,437.45,379.95,0,0.0,0,0,06-MAY-2024,
OPTSTK,ABBOTINDIA,25-Jul-2024,29500.0,CE,0.0,0.0,0.0,349.4,297.15,0,0.0,0,0,06-MAY-2024,
OPTSTK,ABBOTINDIA,25-Jul-2024,30000.0,CE,0.0,0.0,0.0,276.9,230.2,0,0.0,0,0,06-MAY-2024,
OPTSTK,ABBOTINDIA,25-Jul-2024,31000.0,CE,0.0,0.0,0.0,169.9,134.45,0,0.0,0,0,06-MAY-2024,
OPTSTK,ABBOTINDIA,25-Jul-2024,22000.0,PE,0.0,0.0,0.0,137.7,102.7,0,0.0,0,0,06-MAY-2024,
OPTSTK,ABBOTINDIA,25-Jul-2024,23000.0,PE,0.0,0.0,0.0,277.3,222.5,0,0.0,0,0,06-MAY-2024,
OPTSTK,ABBOTINDIA,25-Jul-2024,23500.0,PE,0.0,0.0,0.0,377.65,312.35,0,0.0,0,0,06-MAY-2024,
OPTSTK,ABBOTINDIA,25-Jul-2024,24000.0,PE,0.0,0.0,0.0,502.6,427.35,0,0.0,0,0,06-MAY-2024,
OPTSTK,ABBOTINDIA,25-Jul-2024,24500.0,PE,0.0,0.0,0.0,651.75,566.9,0,0.0,0,0,06-MAY-2024,
OPTSTK,ABBOTINDIA,25-Jul-2024,25000.0,PE,0.0,0.0,0.0,829.8,736.95,0,0.0,0,0,06-MAY-2024,
OPTSTK,ABBOTINDIA,25-Jul-2024,25500.0,PE,0.0,0.0,0.0,1036.5,937.3,0,0.0,0,0,06-MAY-2024,
OPTSTK,ABBOTINDIA,25-Jul-2024,26000.0,PE,0.0,0.0,0.0,1272.0,1168.45,0,0.0,0,0,06-MAY-2024,
OPTSTK,ABBOTINDIA,25-Jul-2024,26500.0,PE,0.0,0.0,0.0,1536.2,1430.35,0,0.0,0,0,06-MAY-2024,
OPTSTK,ABBOTINDIA,25-Jul-2024,27000.0,PE,0.0,0.0,0.0,1500.0,1721.95,0,0.0,40,0,06-MAY-2024,
OPTSTK,ABBOTINDIA,25-Jul-2024,27500.0,PE,0.0,0.0,0.0,2146.1,2041.75,0,0.0,0,0,06-MAY-2024,
OPTSTK,ABBOTINDIA,25-Jul-2024,28000.0,PE,0.0,0.0,0.0,2488.65,2387.6,0,0.0,0,0,06-MAY-2024,
OPTSTK,ABBOTINDIA,25-Jul-2024,28500.0,PE,0.0,0.0,0.0,2854.9,2758.75,0,0.0,0,0,06-MAY-2024,
OPTSTK,ABBOTINDIA,25-Jul-2024,29000.0,PE,0.0,0.0,0.0,3239.3,3148.65,0,0.0,0,0,06-MAY-2024,
OPTSTK,ABBOTINDIA,25-Jul-2024,29500.0,PE,0.0,0.0,0.0,3642.2,3557.9,0,0.0,0,0,06-MAY-2024,
OPTSTK,ABBOTINDIA,25-Jul-2024,30000.0,PE,0.0,0.0,0.0,4060.65,3983.05,0,0.0,0,0,06-MAY-2024,
OPTSTK,ABBOTINDIA,25-Jul-2024,31000.0,PE,0.0,0.0,0.0,4935.6,4871.5,0,0.0,0,0,06-MAY-2024,
OPTSTK,ABCAPITAL,30-May-2024,155.0,CE,0.0,0.0,0.0,54.75,72.85,0,0.0,5400,0,06-MAY-2024,
OPTSTK,ABCAPITAL,30-May-2024,160.0,CE,0.0,0.0,0.0,50.05,67.85,0,0.0,5400,0,06-MAY-2024,
OPTSTK,ABCAPITAL,30-May-2024,165.0,CE,0.0,0.0,0.0,44.25,62.9,0,0.0,5400,0,06-MAY-2024,
OPTSTK,ABCAPITAL,30-May-2024,170.0,CE,0.0,0.0,0.0,56.5,57.95,0,0.0,5400,0,06-MAY-2024,
OPTSTK,ABCAPITAL,30-May-2024,175.0,CE,0.0,0.0,0.0,15.0,53.0,0,0.0,10800,0,06-MAY-2024,
OPTSTK,ABCAPITAL,30-May-2024,180.0,CE,0.0,0.0,0.0,52.25,48.05,0,0.0,27000,0,06-MAY-2024,
OPTSTK,ABCAPITAL,30-May-2024,185.0,CE,0.0,0.0,0.0,19.8,43.2,0,0.0,16200,0,06-MAY-2024,
OPTSTK,ABCAPITAL,30-May-2024,190.0,CE,37.0,37.5,37.0,37.5,38.4,3,36.82,32400,0,06-MAY-2024,
OPTSTK,ABCAPITAL,30-May-2024,195.0,CE,0.0,0.0,0.0,41.05,33.8,0,0.0,10800,0,06-MAY-2024,
OPTSTK,ABCAPITAL,30-May-2024,200.0,CE,35.0,35.0,27.25,29.3,29.3,97,1195.53,734400,-345600,06-MAY-2024,
OPTSTK,ABCAPITAL,30-May-2024,202.5,CE,0.0,0.0,0.0,39.85,27.15,0,0.0,21600,0,06-MAY-2024,
OPTSTK,ABCAPITAL,30-May-2024,205.0,CE,23.35,26.0,23.35,25.05,25.05,10,123.79,221400,-5400,06-MAY-2024,
OPTSTK,ABCAPITAL,30-May-2024,207.5,CE,0.0,0.0,0.0,34.0,23.05,0,0.0,37800,0,06-MAY-2024,
OPTSTK,ABCAPITAL,30-May-2024,210.0,CE,19.3,23.35,18.75,20.55,20.55,17,211.34,442800,-16200,06-MAY-2024,
OPTSTK,ABCAPITAL,30-May-2024,212.5,CE,17.95,18.4,17.95,18.4,19.3,4,49.82,32400,-16200,06-MAY-2024,
OPTSTK,ABCAPITAL,30-May-2024,215.0,CE,16.75,17.9,16.0,16.0,17.5,12,150.26,270000,-32400,06-MAY-2024,
OPTSTK,ABCAPITAL,30-May-2024,217.5,CE,13.5,13.6,13.5,13.6,15.85,2,24.95,21600,-10800,06-MAY-2024,
OPTSTK,ABCAPITAL,30-May-2024,220.0,CE,15.95,16.0,11.75,13.85,13.85,114,1436.56,1490400,-21600,06-MAY-2024,
OPTSTK,ABCAPITAL,30-May-2024,222.5,CE,13.55,13.55,10.5,12.1,12.1,9,114.13,75600,10800,06-MAY-2024,
OPTSTK,ABCAPITAL,30-May-2024,225.0,CE,12.8,12.85,9.2,10.5,10.5,193,2457.56,534600,-221400,06-MAY-2024,
OPTSTK,ABCAPITAL,30-May-2024,227.5,CE,9.9,10.5,8.15,9.4,9.4,26,332.25,135000,21600,06-MAY-2024,
OPTSTK,ABCAPITAL,30-May-2024,230.0,CE,11.45,11.5,7.0,8.25,8.25,874,11246.23,2327400,372600,06-MAY-2024,
OPTSTK,ABCAPITAL,30-May-2024,232.5,CE,9.85,9.85,6.1,7.15,7.15,69,892.9,253800,10800,06-MAY-2024,
OPTSTK,ABCAPITAL,30-May-2024,235.0,CE,8.35,8.35,5.35,6.2,6.2,352,4587.59,1069200,-54000,06-MAY-2024,
OPTSTK,ABCAPITAL,30-May-2024,237.5,CE,5.35,5.35,4.8,5.25,6.1,24,314.23,226800,32400,06-MAY-2024,
OPTSTK,ABCAPITAL,30-May-2024,240.0,CE,6.6,7.0,4.0,4.7,4.7,1009,13332.62,4573800,-16200,06-MAY-2024,
OPTSTK,ABCAPITAL,30-May-2024,242.5,CE,5.05,5.05,3.3,4.15,4.15,27,359.51,491400,48600,06-MAY-2024,
OPTSTK,ABCAPITAL,30-May-2024,245.0,CE,4.95,5.2,2.9,3.45,3.45,532,7136.35,1890000,977400,06-MAY-2024,
OPTSTK,ABCAPITAL,30-May-2024,247.5,CE,2.8,3.15,2.65,3.15,3.4,7,94.65,32400,-16200,06-MAY-2024,
OPTSTK,ABCAPITAL,30-May-2024,250.0,CE,6.5,6.5,2.15,2.6,2.6,815,11118.21,4168800,540000,06-MAY-2024,
OPTSTK,ABCAPITAL,30-May-2024,252.5,CE,0.0,0.0,0.0,4.2,2.45,0,0.0,21600,0,06-MAY-2024,
OPTSTK,ABCAPITAL,30-May-2024,255.0,CE,2.55,2.55,1.45,2.0,2.0,77,1068.04,939600,-91800,06-MAY-2024,
OPTSTK,ABCAPITAL,30-May-2024,257.5,CE,2.15,2.15,1.3,1.65,1.65,97,1357.82,1085400,-264600,06-MAY-2024,
OPTSTK,ABCAPITAL,30-May-2024,260.0,CE,1.85,1.9,1.1,1.45,1.45,196,2766.73,772200,-91800,06-MAY-2024,
OPTSTK,ABCAPITAL,30-May-2024,265.0,CE,1.3,1.4,0.75,1.1,1.1,301,4323.14,729000,-216000,06-MAY-2024,
OPTSTK,ABCAPITAL,30-May-2024,150.0,PE,0.0,0.0,0.0,0.1,0.0,0,0.0,59400,0,06-MAY-2024,
OPTSTK,ABCAPITAL,30-May-2024,160.0,PE,0.1,0.1,0.1,0.1,0.0,1,8.64,469800,0,06-MAY-2024,
OPTSTK,ABCAPITAL,30-May-2024,170.0,PE,0.15,0.15,0.15,0.15,0.15,1,9.18,199800,-5400,06-MAY-2024,
OPTSTK,ABCAPITAL,30-May-2024,180.0,PE,0.2,0.25,0.2,0.25,0.25,46,447.7,766800,-140400,06-MAY-2024,
OPTSTK,ABCAPITAL,30-May-2024,185.0,PE,0.3,0.3,0.3,0.3,0.25,4,40.02,205200,-16200,06-MAY-2024,
OPTSTK,ABCAPITAL,30-May-2024,190.0,PE,0.35,0.5,0.35,0.45,0.45,54,555.25,982800,-108000,06-MAY-2024,
OPTSTK,ABCAPITAL,30-May-2024,192.5,PE,0.0,0.0,0.0,0.8,0.6,0,0.0,32400,0,06-MAY-2024,
OPTSTK,ABCAPITAL,30-May-2024,195.0,PE,0.7,0.75,0.6,0.65,0.8,42,443.85,448200,-75600,06-MAY-2024,
OPTSTK,ABCAPITAL,30-May-2024,197.5,PE,0.0,0.0,0.0,0.7,1.0,0,0.0,129600,0,06-MAY-2024,
OPTSTK,ABCAPITAL,30-May-2024,200.0,PE,0.7,1.25,0.7,1.1,1.1,325,3528.24,3105000,27000,06-MAY-2024,
OPTSTK,ABCAPITAL,30-May-2024,202.5,PE,1.3,1.5,1.0,1.2,1.6,11,121.05,172800,10800,06-MAY-2024,
OPTSTK,ABCAPITAL,30-May-2024,205.0,PE,1.3,1.8,1.2,1.5,1.5,42,468.34,518400,-113400,06-MAY-2024,
OPTSTK,ABCAPITAL,30-May-2024,207.5,PE,2.0,2.0,2.0,2.0,2.5,2,22.62,523800,-5400,06-MAY-2024,
OPTSTK,ABCAPITAL,30-May-2024,210.0,PE,1.8,2.8,1.75,2.3,2.3,194,2223.33,3024000,70200,06-MAY-2024,
OPTSTK,ABCAPITAL,30-May-2024,212.5,PE,2.25,3.45,2.25,2.6,3.7,15,174.73,453600,43200,06-MAY-2024,
OPTSTK,ABCAPITAL,30-May-2024,215.0,PE,2.45,4.1,2.45,3.5,3.5,212,2499.63,1360800,135000,06-MAY-2024,
OPTSTK,ABCAPITAL,30-May-2024,217.5,PE,4.9,4.9,3.95,4.25,4.25,11,131.76,113400,-37800,06-MAY-2024,
OPTSTK,ABCAPITAL,30-May-2024,220.0,PE,3.35,6.0,3.35,5.05,5.05,631,7666.14,3871800,421200,06-MAY-2024,
OPTSTK,ABCAPITAL,30-May-2024,222.5,PE,6.0,6.8,4.85,6.0,7.2,28,345.27,156600,-5400,06-MAY-2024,
OPTSTK,ABCAPITAL,30-May-2024,225.0,PE,5.95,8.2,5.6,7.2,7.2,354,4430.5,1128600,-588600,06-MAY-2024,
OPTSTK,ABCAPITAL,30-May-2024,227.5,PE,6.0,9.55,6.0,8.35,8.35,30,381.73,75600,16200,06-MAY-2024,
OPTSTK,ABCAPITAL,30-May-2024,230.0,PE,7.45,11.15,7.3,9.6,9.6,513,6629.17,1863000,64800,06-MAY-2024,
OPTSTK,ABCAPITAL,30-May-2024,232.5,PE,8.9,12.3,8.9,11.0,11.0,29,381.23,172800,10800,06-MAY-2024,
OPTSTK,ABCAPITAL,30-May-2024,235.0,PE,10.5,14.0,10.5,12.4,13.8,71,949.53,642600,-32400,06-MAY-2024,
OPTSTK,ABCAPITAL,30-May-2024,237.5,PE,15.85,15.85,13.05,14.35,14.35,10,136.03,129600,0,06-MAY-2024,
OPTSTK,ABCAPITAL,30-May-2024,240.0,PE,13.9,18.0,13.15,16.05,16.05,22,303.94,858600,0,06-MAY-2024,
OPTSTK,ABCAPITAL,30-May-2024,242.5,PE,18.05,18.05,18.05,18.05,18.85,1,14.06,64800,0,06-MAY-2024,
OPTSTK,ABCAPITAL,30-May-2024,245.0,PE,0.0,0.0,0.0,17.7,20.75,0,0.0,48600,0,06-MAY-2024,
OPTSTK,ABCAPITAL,30-May-2024,247.5,PE,0.0,0.0,0.0,45.4,22.65,0,0.0,0,0,06-MAY-2024,
OPTSTK,ABCAPITAL,30-May-2024,250.0,PE,0.0,0.0,0.0,21.85,24.65,0,0.0,226800,0,06-MAY-2024,
OPTSTK,ABCAPITAL,30-May-2024,252.5,PE,0.0,0.0,0.0,49.9,26.7,0,0.0,0,0,06-MAY-2024,
OPTSTK,ABCAPITAL,30-May-2024,255.0,PE,0.0,0.0,0.0,70.35,28.8,0,0.0,0,0,06-MAY-2024,
OPTSTK,ABCAPITAL,30-May-2024,257.5,PE,0.0,0.0,0.0,52.0,31.0,0,0.0,0,0,06-MAY-2024,
OPTSTK,ABCAPITAL,30-May-2024,260.0,PE,0.0,0.0,0.0,29.5,33.2,0,0.0,21600,0,06-MAY-2024,
OPTSTK,ABCAPITAL,30-May-2024,265.0,PE,0.0,0.0,0.0,61.6,37.7,0,0.0,0,0,06-MAY-2024,
OPTSTK,ABCAPITAL,27-Jun-2024,185.0,CE,0.0,0.0,0.0,15.0,45.35,0,0.0,5400,0,06-MAY-2024,
OPTSTK,ABCAPITAL,27-Jun-2024,205.0,CE,0.0,0.0,0.0,5.15,29.1,0,0.0,0,0,06-MAY-2024,
OPTSTK,ABCAPITAL,27-Jun-2024,210.0,CE,26.0,26.0,26.0,26.0,25.6,1,12.74,5400,-5400,06-MAY-2024,
OPTSTK,ABCAPITAL,27-Jun-2024,212.5,CE,0.0,0.0,0.0,27.15,23.9,0,0.0,0,0,06-MAY-2024,
OPTSTK,ABCAPITAL,27-Jun-2024,215.0,CE,0.0,0.0,0.0,3.4,22.35,0,0.0,0,0,06-MAY-2024,
OPTSTK,ABCAPITAL,27-Jun-2024,217.5,CE,0.0,0.0,0.0,23.95,20.8,0,0.0,0,0,06-MAY-2024,
OPTSTK,ABCAPITAL,27-Jun-2024,220.0,CE,20.3,20.3,20.3,20.3,19.35,1,12.97,5400,5400,06-MAY-2024,
OPTSTK,ABCAPITAL,27-Jun-2024,222.5,CE,0.0,0.0,0.0,21.05,18.0,0,0.0,0,0,06-MAY-2024,
OPTSTK,ABCAPITAL,27-Jun-2024,225.0,CE,0.0,0.0,0.0,2.2,16.65,0,0.0,0,0,06-MAY-2024,
OPTSTK,ABCAPITAL,27-Jun-2024,227.5,CE,0.0,0.0,0.0,18.35,15.4,0,0.0,0,0,06-MAY-2024,
OPTSTK,ABCAPITAL,27-Jun-2024,230.0,CE,13.75,16.1,13.0,15.2,15.2,6,79.31,37800,27000,06-MAY-2024,
OPTSTK,ABCAPITAL,27-Jun-2024,232.5,CE,0.0,0.0,0.0,15.9,13.15,0,0.0,0,0,06-MAY-2024,
OPTSTK,ABCAPITAL,27-Jun-2024,235.0,CE,11.8,14.15,11.8,14.15,12.1,2,26.78,5400,0,06-MAY-2024,
OPTSTK,ABCAPITAL,27-Jun-2024,237.5,CE,0.0,0.0,0.0,13.75,11.1,0,0.0,0,0,06-MAY-2024,
OPTSTK,ABCAPITAL,27-Jun-2024,240.0,CE,12.3,12.3,11.25,11.25,11.25,8,108.89,91800,37800,06-MAY-2024,
OPTSTK,ABCAPITAL,27-Jun-2024,242.5,CE,0.0,0.0,0.0,11.8,9.3,0,0.0,0,0,06-MAY-2024,
OPTSTK,ABCAPITAL,27-Jun-2024,245.0,CE,0.0,0.0,0.0,4.0,8.5,0,0.0,0,0,06-MAY-2024,
OPTSTK,ABCAPITAL,27-Jun-2024,247.5,CE,0.0,0.0,0.0,10.05,7.8,0,0.0,0,0,06-MAY-2024,
OPTSTK,ABCAPITAL,27-Jun-2024,250.0,CE,8.0,8.0,8.0,8.0,8.0,1,13.93,43200,5400,06-MAY-2024,
OPTSTK,ABCAPITAL,27-Jun-2024,252.5,CE,0.0,0.0,0.0,8.5,6.45,0,0.0,0,0,06-MAY-2024,
OPTSTK,ABCAPITAL,27-Jun-2024,255.0,CE,0.0,0.0,0.0,2.7,5.85,0,0.0,0,0,06-MAY-2024,
OPTSTK,ABCAPITAL,27-Jun-2024,257.5,CE,0.0,0.0,0.0,7.2,5.35,0,0.0,0,0,06-MAY-2024,
OPTSTK,ABCAPITAL,27-Jun-2024,260.0,CE,0.0,0.0,0.0,0.45,4.8,0,0.0,0,0,06-MAY-2024,
OPTSTK,ABCAPITAL,27-Jun-2024,265.0,CE,0.0,0.0,0.0,2.6,3.95,0,0.0,0,0,06-MAY-2024,
OPTSTK,ABCAPITAL,27-Jun-2024,175.0,PE,0.0,0.0,0.0,1.6,0.6,0,0.0,5400,0,06-MAY-2024,
OPTSTK,ABCAPITAL,27-Jun-2024,180.0,PE,0.0,0.0,0.0,1.8,0.9,0,0.0,21600,0,06-MAY-2024,
OPTSTK,ABCAPITAL,27-Jun-2024,200.0,PE,3.45,3.45,3.45,3.45,3.7,1,10.98,97200,5400,06-MAY-2024,
OPTSTK,ABCAPITAL,27-Jun-2024,205.0,PE,0.0,0.0,0.0,2.75,4.9,0,0.0,10800,0,06-MAY-2024,
OPTSTK,ABCAPITAL,27-Jun-2024,210.0,PE,0.0,0.0,0.0,4.5,6.3,0,0.0,21600,0,06-MAY-2024,
OPTSTK,ABCAPITAL,27-Jun-2024,212.5,PE,0.0,0.0,0.0,7.2,7.15,0,0.0,0,0,06-MAY-2024,
OPTSTK,ABCAPITAL,27-Jun-2024,215.0,PE,0.0,0.0,0.0,39.15,8.0,0,0.0,0,0,06-MAY-2024,
OPTSTK,ABCAPITAL,27-Jun-2024,217.5,PE,0.0,0.0,0.0,8.95,8.95,0,0.0,0,0,06-MAY-2024,
OPTSTK,ABCAPITAL,27-Jun-2024,220.0,PE,10.0,10.0,10.0,10.0,10.0,1,12.42,32400,5400,06-MAY-2024,
OPTSTK,ABCAPITAL,27-Jun-2024,222.5,PE,0.0,0.0,0.0,10.95,11.1,0,0.0,0,0,06-MAY-2024,
OPTSTK,ABCAPITAL,27-Jun-2024,225.0,PE,0.0,0.0,0.0,47.8,12.25,0,0.0,0,0,06-MAY-2024,
OPTSTK,ABCAPITAL,27-Jun-2024,227.5,PE,0.0,0.0,0.0,13.2,13.45,0,0.0,0,0,06-MAY-2024,
OPTSTK,ABCAPITAL,27-Jun-2024,230.0,PE,12.65,14.0,12.65,14.0,14.75,2,26.27,37800,5400,06-MAY-2024,
OPTSTK,ABCAPITAL,27-Jun-2024,232.5,PE,0.0,0.0,0.0,15.7,16.15,0,0.0,0,0,06-MAY-2024,
OPTSTK,ABCAPITAL,27-Jun-2024,235.0,PE,0.0,0.0,0.0,56.8,17.55,0,0.0,0,0,06-MAY-2024,
OPTSTK,ABCAPITAL,27-Jun-2024,237.5,PE,0.0,0.0,0.0,18.45,19.05,0,0.0,0,0,06-MAY-2024,
OPTSTK,ABCAPITAL,27-Jun-2024,240.0,PE,0.0,0.0,0.0,61.45,20.6,0,0.0,0,0,06-MAY-2024,
OPTSTK,ABCAPITAL,27-Jun-2024,242.5,PE,0.0,0.0,0.0,21.45,22.25,0,0.0,0,0,06-MAY-2024,
OPTSTK,ABCAPITAL,27-Jun-2024,245.0,PE,0.0,0.0,0.0,43.7,23.9,0,0.0,0,0,06-MAY-2024,
OPTSTK,ABCAPITAL,27-Jun-2024,247.5,PE,0.0,0.0,0.0,24.65,25.65,0,0.0,0,0,06-MAY-2024,
OPTSTK,ABCAPITAL,27-Jun-2024,250.0,PE,0.0,0.0,0.0,70.85,27.4,0,0.0,0,0,06-MAY-2024,
OPTSTK,ABCAPITAL,27-Jun-2024,252.5,PE,0.0,0.0,0.0,28.05,29.25,0,0.0,0,0,06-MAY-2024,
OPTSTK,ABCAPITAL,27-Jun-2024,255.0,PE,0.0,0.0,0.0,52.3,31.15,0,0.0,0,0,06-MAY-2024,
OPTSTK,ABCAPITAL,27-Jun-2024,257.5,PE,0.0,0.0,0.0,31.7,33.05,0,0.0,0,0,06-MAY-2024,
OPTSTK,ABCAPITAL,27-Jun-2024,260.0,PE,0.0,0.0,0.0,80.4,35.05,0,0.0,0,0,06-MAY-2024,
OPTSTK,ABCAPITAL,27-Jun-2024,265.0,PE,0.0,0.0,0.0,58.9,39.1,0,0.0,0,0,06-MAY-2024,
OPTSTK,ABCAPITAL,25-Jul-2024,200.0,CE,0.0,0.0,0.0,39.15,36.05,0,0.0,0,0,06-MAY-2024,
OPTSTK,ABCAPITAL,25-Jul-2024,210.0,CE,0.0,0.0,0.0,32.2,29.25,0,0.0,0,0,06-MAY-2024,
OPTSTK,ABCAPITAL,25-Jul-2024,215.0,CE,0.0,0.0,0.0,29.05,26.2,0,0.0,0,0,06-MAY-2024,
OPTSTK,ABCAPITAL,25-Jul-2024,220.0,CE,0.0,0.0,0.0,26.1,23.35,0,0.0,0,0,06-MAY-2024,
OPTSTK,ABCAPITAL,25-Jul-2024,225.0,CE,0.0,0.0,0.0,23.4,20.7,0,0.0,0,0,06-MAY-2024,
OPTSTK,ABCAPITAL,25-Jul-2024,230.0,CE,0.0,0.0,0.0,20.9,18.3,0,0.0,0,0,06-MAY-2024,
OPTSTK,ABCAPITAL,25-Jul-2024,235.0,CE,0.0,0.0,0.0,18.55,16.1,0,0.0,0,0,06-MAY-2024,
OPTSTK,ABCAPITAL,25-Jul-2024,240.0,CE,0.0,0.0,0.0,16.45,14.1,0,0.0,0,0,06-MAY-2024,
OPTSTK,ABCAPITAL,25-Jul-2024,245.0,CE,0.0,0.0,0.0,14.5,12.35,0,0.0,0,0,06-MAY-2024,
OPTSTK,ABCAPITAL,25-Jul-2024,250.0,CE,0.0,0.0,0.0,12.8,10.75,0,0.0,0,0,06-MAY-2024,
OPTSTK,ABCAPITAL,25-Jul-2024,255.0,CE,0.0,0.0,0.0,11.2,9.3,0,0.0,0,0,06-MAY-2024,
OPTSTK,ABCAPITAL,25-Jul-2024,260.0,CE,0.0,0.0,0.0,5.1,8.05,0,0.0,5400,0,06-MAY-2024,
OPTSTK,ABCAPITAL,25-Jul-2024,270.0,CE,0.0,0.0,0.0,7.45,5.95,0,0.0,0,0,06-MAY-2024,
OPTSTK,ABCAPITAL,25-Jul-2024,200.0,PE,0.0,0.0,0.0,5.7,5.8,0,0.0,0,0,06-MAY-2024,
OPTSTK,ABCAPITAL,25-Jul-2024,210.0,PE,0.0,0.0,0.0,8.6,8.85,0,0.0,0,0,06-MAY-2024,
OPTSTK,ABCAPITAL,25-Jul-2024,215.0,PE,0.0,0.0,0.0,10.4,10.7,0,0.0,0,0,06-MAY-2024,
OPTSTK,ABCAPITAL,25-Jul-2024,220.0,PE,0.0,0.0,0.0,12.35,12.75,0,0.0,0,0,06-MAY-2024,
OPTSTK,ABCAPITAL,25-Jul-2024,225.0,PE,0.0,0.0,0.0,14.55,15.05,0,0.0,0,0,06-MAY-2024,
OPTSTK,ABCAPITAL,25-Jul-2024,230.0,PE,0.0,0.0,0.0,15.0,17.55,0,0.0,16200,0,06-MAY-2024,
OPTSTK,ABCAPITAL,25-Jul-2024,235.0,PE,0.0,0.0,0.0,19.5,20.3,0,0.0,0,0,06-MAY-2024,
OPTSTK,ABCAPITAL,25-Jul-2024,240.0,PE,0.0,0.0,0.0,22.3,23.2,0,0.0,0,0,06-MAY-2024,
OPTSTK,ABCAPITAL,25-Jul-2024,245.0,PE,0.0,0.0,0.0,25.3,26.35,0,0.0,0,0,06-MAY-2024,
OPTSTK,ABCAPITAL,25-Jul-2024,250.0,PE,0.0,0.0,0.0,28.45,29.65,0,0.0,0,0,06-MAY-2024,
OPTSTK,ABCAPITAL,25-Jul-2024,255.0,PE,0.0,0.0,0.0,31.8,33.15,0,0.0,0,0,06-MAY-2024,
OPTSTK,ABCAPITAL,25-Jul-2024,260.0,PE,0.0,0.0,0.0,35.3,36.85,0,0.0,0,0,06-MAY-2024,
OPTSTK,ABCAPITAL,25-Jul-2024,270.0,PE,0.0,0.0,0.0,42.8,44.6,0,0.0,0,0,06-MAY-2024,
OPTSTK,ABFRL,30-May-2024,180.0,CE,0.0,0.0,0.0,92.0,71.35,0,0.0,20800,0,06-MAY-2024,
OPTSTK,ABFRL,30-May-2024,200.0,CE,0.0,0.0,0.0,72.75,51.6,0,0.0,15600,0,06-MAY-2024,
OPTSTK,ABFRL,30-May-2024,212.5,CE,0.0,0.0,0.0,11.15,39.65,0,0.0,0,0,06-MAY-2024,
OPTSTK,ABFRL,30-May-2024,215.0,CE,0.0,0.0,0.0,24.95,37.35,0,0.0,0,0,06-MAY-2024,
OPTSTK,ABFRL,30-May-2024,217.5,CE,0.0,0.0,0.0,9.25,35.1,0,0.0,0,0,06-MAY-2024,
OPTSTK,ABFRL,30-May-2024,220.0,CE,0.0,0.0,0.0,46.5,32.9,0,0.0,52000,0,06-MAY-2024,
OPTSTK,ABFRL,30-May-2024,222.5,CE,0.0,0.0,0.0,7.6,30.75,0,0.0,0,0,06-MAY-2024,
OPTSTK,ABFRL,30-May-2024,225.0,CE,0.0,0.0,0.0,37.7,28.65,0,0.0,2600,0,06-MAY-2024,
OPTSTK,ABFRL,30-May-2024,227.5,CE,0.0,0.0,0.0,32.4,26.6,0,0.0,2600,0,06-MAY-2024,
OPTSTK,ABFRL,30-May-2024,230.0,CE,0.0,0.0,0.0,31.75,24.6,0,0.0,174200,0,06-MAY-2024,
OPTSTK,ABFRL,30-May-2024,232.5,CE,0.0,0.0,0.0,21.25,22.7,0,0.0,0,0,06-MAY-2024,
OPTSTK,ABFRL,30-May-2024,235.0,CE,0.0,0.0,0.0,32.85,20.9,0,0.0,124800,0,06-MAY-2024,
OPTSTK,ABFRL,30-May-2024,237.5,CE,0.0,0.0,0.0,29.6,19.15,0,0.0,15600,0,06-MAY-2024,
OPTSTK,ABFRL,30-May-2024,240.0,CE,0.0,0.0,0.0,30.65,17.5,0,0.0,725400,0,06-MAY-2024,
OPTSTK,ABFRL,30-May-2024,242.5,CE,0.0,0.0,0.0,26.35,15.95,0,0.0,41600,0,06-MAY-2024,
OPTSTK,ABFRL,30-May-2024,245.0,CE,0.0,0.0,0.0,13.0,14.45,0,0.0,257400,0,06-MAY-2024,
OPTSTK,ABFRL,30-May-2024,247.5,CE,0.0,0.0,0.0,24.2,13.1,0,0.0,10400,0,06-MAY-2024,
OPTSTK,ABFRL,30-May-2024,250.0,CE,0.0,0.0,0.0,14.4,11.8,0,0.0,548600,0,06-MAY-2024,
OPTSTK,ABFRL,30-May-2024,252.5,CE,0.0,0.0,0.0,18.0,10.55,0,0.0,26000,0,06-MAY-2024,
OPTSTK,ABFRL,30-May-2024,255.0,CE,0.0,0.0,0.0,18.65,9.45,0,0.0,104000,0,06-MAY-2024,
OPTSTK,ABFRL,30-May-2024,257.5,CE,0.0,0.0,0.0,17.1,8.45,0,0.0,28600,0,06-MAY-2024,
OPTSTK,ABFRL,30-May-2024,260.0,CE,3.75,4.55,3.0,4.55,7.5,6,41.14,1349400,-13000,06-MAY-2024,
OPTSTK,ABFRL,30-May-2024,262.5,CE,0.0,0.0,0.0,4.4,6.65,0,0.0,96200,0,06-MAY-2024,
OPTSTK,ABFRL,30-May-2024,265.0,CE,2.5,2.5,2.45,2.45,5.85,2,13.9,1019200,-5200,06-MAY-2024,
OPTSTK,ABFRL,30-May-2024,267.5,CE,0.0,0.0,0.0,4.4,5.15,0,0.0,132600,0,06-MAY-2024,
OPTSTK,ABFRL,30-May-2024,270.0,CE,4.05,4.05,2.5,2.95,2.95,16,113.53,2930200,-41600,06-MAY-2024,
OPTSTK,ABFRL,30-May-2024,272.5,CE,0.0,0.0,0.0,2.6,3.95,0,0.0,327600,0,06-MAY-2024,
OPTSTK,ABFRL,30-May-2024,275.0,CE,3.1,3.1,2.35,2.35,2.35,7,50.55,1118000,-18200,06-MAY-2024,
OPTSTK,ABFRL,30-May-2024,277.5,CE,0.0,0.0,0.0,3.25,2.95,0,0.0,210600,0,06-MAY-2024,
OPTSTK,ABFRL,30-May-2024,280.0,CE,2.1,2.1,1.25,1.35,2.55,31,226.88,2732600,-80600,06-MAY-2024,
OPTSTK,ABFRL,30-May-2024,282.5,CE,0.0,0.0,0.0,5.6,2.2,0,0.0,67600,0,06-MAY-2024,
OPTSTK,ABFRL,30-May-2024,285.0,CE,1.9,1.9,1.35,1.5,1.9,13,96.84,553800,-33800,06-MAY-2024,
OPTSTK,ABFRL,30-May-2024,287.5,CE,0.0,0.0,0.0,4.8,1.6,0,0.0,111800,0,06-MAY-2024,
OPTSTK,ABFRL,30-May-2024,290.0,CE,1.35,1.7,1.35,1.7,1.4,5,37.91,998400,-13000,06-MAY-2024,
OPTSTK,ABFRL,30-May-2024,292.5,CE,0.0,0.0,0.0,3.8,1.2,0,0.0,36400,0,06-MAY-2024,
OPTSTK,ABFRL,30-May-2024,295.0,CE,1.0,1.0,0.8,0.8,1.0,5,38.46,208000,-13000,06-MAY-2024,
OPTSTK,ABFRL,30-May-2024,297.5,CE,1.05,1.05,1.05,1.05,0.85,1,7.76,132600,-2600,06-MAY-2024,
OPTSTK,ABFRL,30-May-2024,300.0,CE,1.1,1.4,1.0,1.15,1.15,46,360.16,3023800,-119600,06-MAY-2024,
OPTSTK,ABFRL,30-May-2024,180.0,PE,0.0,0.0,0.0,0.15,0.05,0,0.0,28600,0,06-MAY-2024,
OPTSTK,ABFRL,30-May-2024,200.0,PE,0.3,0.3,0.3,0.3,0.2,1,5.2,169000,-2600,06-MAY-2024,
OPTSTK,ABFRL,30-May-2024,205.0,PE,0.0,0.0,0.0,1.25,0.3,0,0.0,5200,0,06-MAY-2024,
OPTSTK,ABFRL,30-May-2024,210.0,PE,0.0,0.0,0.0,0.25,0.55,0,0.0,169000,0,06-MAY-2024,
OPTSTK,ABFRL,30-May-2024,212.5,PE,0.0,0.0,0.0,15.5,0.7,0,0.0,0,0,06-MAY-2024,
OPTSTK,ABFRL,30-May-2024,215.0,PE,0.0,0.0,0.0,0.4,0.9,0,0.0,54600,0,06-MAY-2024,
OPTSTK,ABFRL,30-May-2024,217.5,PE,0.0,0.0,0.0,18.55,1.1,0,0.0,0,0,06-MAY-2024,
OPTSTK,ABFRL,30-May-2024,220.0,PE,0.3,0.85,0.3,0.5,1.4,4,22.94,1318200,-10400,06-MAY-2024,
OPTSTK,ABFRL,30-May-2024,222.5,PE,0.0,0.0,0.0,0.65,1.7,0,0.0,44200,0,06-MAY-2024,
OPTSTK,ABFRL,30-May-2024,225.0,PE,0.0,0.0,0.0,0.95,2.1,0,0.0,137800,0,06-MAY-2024,
OPTSTK,ABFRL,30-May-2024,227.5,PE,0.0,0.0,0.0,1.2,2.55,0,0.0,5200,0,06-MAY-2024,
OPTSTK,ABFRL,30-May-2024,230.0,PE,1.55,1.95,1.55,1.95,1.95,19,114.5,683800,-49400,06-MAY-2024,
OPTSTK,ABFRL,30-May-2024,232.5,PE,0.0,0.0,0.0,1.55,3.65,0,0.0,80600,0,06-MAY-2024,
OPTSTK,ABFRL,30-May-2024,235.0,PE,3.0,3.0,3.0,3.0,3.0,3,18.56,1237600,-7800,06-MAY-2024,
OPTSTK,ABFRL,30-May-2024,237.5,PE,0.0,0.0,0.0,1.85,5.05,0,0.0,106600,0,06-MAY-2024,
OPTSTK,ABFRL,30-May-2024,240.0,PE,3.0,4.3,3.0,3.5,5.9,13,82.31,1237600,-33800,06-MAY-2024,
OPTSTK,ABFRL,30-May-2024,242.5,PE,0.0,0.0,0.0,2.7,6.8,0,0.0,85800,0,06-MAY-2024,
OPTSTK,ABFRL,30-May-2024,245.0,PE,3.5,4.95,3.5,4.75,4.75,8,51.81,504400,-5200,06-MAY-2024,
OPTSTK,ABFRL,30-May-2024,247.5,PE,0.0,0.0,0.0,3.7,8.95,0,0.0,13000,0,06-MAY-2024,
OPTSTK,ABFRL,30-May-2024,250.0,PE,6.0,6.4,6.0,6.35,6.35,9,59.97,1099800,0,06-MAY-2024,
OPTSTK,ABFRL,30-May-2024,252.5,PE,0.0,0.0,0.0,4.9,11.4,0,0.0,187200,0,06-MAY-2024,
OPTSTK,ABFRL,30-May-2024,255.0,PE,0.0,0.0,0.0,7.5,12.8,0,0.0,374400,0,06-MAY-2024,
OPTSTK,ABFRL,30-May-2024,257.5,PE,0.0,0.0,0.0,6.65,14.25,0,0.0,208000,0,06-MAY-2024,
OPTSTK,ABFRL,30-May-2024,260.0,PE,10.9,13.15,9.4,12.5,12.5,23,162.51,2974400,-28600,06-MAY-2024,
OPTSTK,ABFRL,30-May-2024,262.5,PE,0.0,0.0,0.0,12.0,17.4,0,0.0,153400,0,06-MAY-2024,
OPTSTK,ABFRL,30-May-2024,265.0,PE,15.0,15.0,14.0,15.0,15.0,19,138.21,816400,-49400,06-MAY-2024,
OPTSTK,ABFRL,30-May-2024,267.5,PE,0.0,0.0,0.0,11.55,20.9,0,0.0,169000,0,06-MAY-2024,
OPTSTK,ABFRL,30-May-2024,270.0,PE,23.0,23.0,20.0,20.75,22.75,3,22.71,712400,-7800,06-MAY-2024,
OPTSTK,ABFRL,30-May-2024,272.5,PE,0.0,0.0,0.0,14.7,24.65,0,0.0,98800,0,06-MAY-2024,
OPTSTK,ABFRL,30-May-2024,275.0,PE,0.0,0.0,0.0,25.0,26.65,0,0.0,231400,0,06-MAY-2024,
OPTSTK,ABFRL,30-May-2024,277.5,PE,0.0,0.0,0.0,19.25,28.7,0,0.0,114400,0,06-MAY-2024,
OPTSTK,ABFRL,30-May-2024,280.0,PE,0.0,0.0,0.0,19.75,30.75,0,0.0,179400,0,06-MAY-2024,
OPTSTK,ABFRL,30-May-2024,282.5,PE,0.0,0.0,0.0,22.5,32.9,0,0.0,28600,0,06-MAY-2024,
OPTSTK,ABFRL,30-May-2024,285.0,PE,0.0,0.0,0.0,23.3,35.1,0,0.0,46800,0,06-MAY-2024,
OPTSTK,ABFRL,30-May-2024,287.5,PE,0.0,0.0,0.0,24.9,37.3,0,0.0,39000,0,06-MAY-2024,
OPTSTK,ABFRL,30-May-2024,290.0,PE,0.0,0.0,0.0,27.5,39.55,0,0.0,109200,0,06-MAY-2024,
OPTSTK,ABFRL,30-May-2024,292.5,PE,0.0,0.0,0.0,26.45,41.85,0,0.0,5200,0,06-MAY-2024,
OPTSTK,ABFRL,30-May-2024,295.0,PE,0.0,0.0,0.0,33.75,44.15,0,0.0,54600,0,06-MAY-2024,
OPTSTK,ABFRL,30-May-2024,297.5,PE,0.0,0.0,0.0,33.1,46.45,0,0.0,46800,0,06-MAY-2024,
OPTSTK,ABFRL,30-May-2024,300.0,PE,0.0,0.0,0.0,34.35,48.85,0,0.0,96200,0,06-MAY-2024,
OPTSTK,ABFRL,27-Jun-2024,212.5,CE,0.0,0.0,0.0,57.05,42.85,0,0.0,0,0,06-MAY-2024,
OPTSTK,ABFRL,27-Jun-2024,215.0,CE,0.0,0.0,0.0,13.4,40.75,0,0.0,0,0,06-MAY-2024,
OPTSTK,ABFRL,27-Jun-2024,217.5,CE,0.0,0.0,0.0,52.75,38.75,0,0.0,0,0,06-MAY-2024,
OPTSTK,ABFRL,27-Jun-2024,220.0,CE,0.0,0.0,0.0,11.55,36.8,0,0.0,0,0,06-MAY-2024,
OPTSTK,ABFRL,27-Jun-2024,222.5,CE,0.0,0.0,0.0,48.55,34.9,0,0.0,0,0,06-MAY-2024,
OPTSTK,ABFRL,27-Jun-2024,225.0,CE,0.0,0.0,0.0,9.85,33.0,0,0.0,0,0,06-MAY-2024,
OPTSTK,ABFRL,27-Jun-2024,227.5,CE,0.0,0.0,0.0,44.55,31.2,0,0.0,0,0,06-MAY-2024,
OPTSTK,ABFRL,27-Jun-2024,230.0,CE,0.0,0.0,0.0,8.4,29.45,0,0.0,0,0,06-MAY-2024,
OPTSTK,ABFRL,27-Jun-2024,232.5,CE,0.0,0.0,0.0,40.7,27.75,0,0.0,0,0,06-MAY-2024,
OPTSTK,ABFRL,27-Jun-2024,235.0,CE,0.0,0.0,0.0,7.1,26.1,0,0.0,0,0,06-MAY-2024,
OPTSTK,ABFRL,27-Jun-2024,237.5,CE,0.0,0.0,0.0,37.0,24.55,0,0.0,0,0,06-MAY-2024,
OPTSTK,ABFRL,27-Jun-2024,240.0,CE,0.0,0.0,0.0,6.0,23.05,0,0.0,0,0,06-MAY-2024,
OPTSTK,ABFRL,27-Jun-2024,242.5,CE,0.0,0.0,0.0,33.55,21.6,0,0.0,0,0,06-MAY-2024,
OPTSTK,ABFRL,27-Jun-2024,245.0,CE,0.0,0.0,0.0,5.05,20.2,0,0.0,0,0,06-MAY-2024,
OPTSTK,ABFRL,27-Jun-2024,247.5,CE,0.0,0.0,0.0,30.25,18.9,0,0.0,0,0,06-MAY-2024,
OPTSTK,ABFRL,27-Jun-2024,250.0,CE,0.0,0.0,0.0,4.2,17.6,0,0.0,0,0,06-MAY-2024,
OPTSTK,ABFRL,27-Jun-2024,252.5,CE,0.0,0.0,0.0,27.2,16.4,0,0.0,0,0,06-MAY-2024,
OPTSTK,ABFRL,27-Jun-2024,255.0,CE,0.0,0.0,0.0,3.5,15.25,0,0.0,0,0,06-MAY-2024,
OPTSTK,ABFRL,27-Jun-2024,257.5,CE,0.0,0.0,0.0,24.35,14.2,0,0.0,0,0,06-MAY-2024,
OPTSTK,ABFRL,27-Jun-2024,260.0,CE,0.0,0.0,0.0,25.0,13.15,0,0.0,7800,0,06-MAY-2024,
OPTSTK,ABFRL,27-Jun-2024,262.5,CE,0.0,0.0,0.0,21.7,12.2,0,0.0,0,0,06-MAY-2024,
OPTSTK,ABFRL,27-Jun-2024,265.0,CE,0.0,0.0,0.0,2.4,11.3,0,0.0,0,0,06-MAY-2024,
OPTSTK,ABFRL,27-Jun-2024,267.5,CE,0.0,0.0,0.0,19.25,10.4,0,0.0,0,0,06-MAY-2024,
OPTSTK,ABFRL,27-Jun-2024,270.0,CE,0.0,0.0,0.0,15.6,9.6,0,0.0,13000,0,06-MAY-2024,
OPTSTK,ABFRL,27-Jun-2024,272.5,CE,0.0,0.0,0.0,17.05,8.85,0,0.0,0,0,06-MAY-2024,
OPTSTK,ABFRL,27-Jun-2024,275.0,CE,0.0,0.0,0.0,6.85,8.15,0,0.0,0,0,06-MAY-2024,
OPTSTK,ABFRL,27-Jun-2024,277.5,CE,0.0,0.0,0.0,15.0,7.5,0,0.0,0,0,06-MAY-2024,
OPTSTK,ABFRL,27-Jun-2024,280.0,CE,0.0,0.0,0.0,1.35,6.9,0,0.0,0,0,06-MAY-2024,
OPTSTK,ABFRL,27-Jun-2024,282.5,CE,0.0,0.0,0.0,13.15,6.35,0,0.0,0,0,06-MAY-2024,
OPTSTK,ABFRL,27-Jun-2024,285.0,CE,0.0,0.0,0.0,5.0,5.8,0,0.0,0,0,06-MAY-2024,
OPTSTK,ABFRL,27-Jun-2024,287.5,CE,0.0,0.0,0.0,11.5,5.3,0,0.0,0,0,06-MAY-2024,
OPTSTK,ABFRL,27-Jun-2024,290.0,CE,0.0,0.0,0.0,0.9,4.85,0,0.0,0,0,06-MAY-2024,
OPTSTK,ABFRL,27-Jun-2024,295.0,CE,0.0,0.0,0.0,3.65,4.0,0,0.0,0,0,06-MAY-2024,
OPTSTK,ABFRL,27-Jun-2024,300.0,CE,0.0,0.0,0.0,0.6,3.35,0,0.0,0,0,06-MAY-2024,
OPTSTK,ABFRL,27-Jun-2024,212.5,PE,0.0,0.0,0.0,1.9,2.65,0,0.0,0,0,06-MAY-2024,
OPTSTK,ABFRL,27-Jun-2024,215.0,PE,0.0,0.0,0.0,19.0,3.05,0,0.0,0,0,06-MAY-2024,
OPTSTK,ABFRL,27-Jun-2024,217.5,PE,0.0,0.0,0.0,2.5,3.5,0,0.0,0,0,06-MAY-2024,
OPTSTK,ABFRL,27-Jun-2024,220.0,PE,0.0,0.0,0.0,22.05,4.05,0,0.0,0,0,06-MAY-2024,
OPTSTK,ABFRL,27-Jun-2024,222.5,PE,0.0,0.0,0.0,3.25,4.6,0,0.0,0,0,06-MAY-2024,
OPTSTK,ABFRL,27-Jun-2024,225.0,PE,0.0,0.0,0.0,25.3,5.2,0,0.0,0,0,06-MAY-2024,
OPTSTK,ABFRL,27-Jun-2024,227.5,PE,0.0,0.0,0.0,4.2,5.85,0,0.0,0,0,06-MAY-2024,
OPTSTK,ABFRL,27-Jun-2024,230.0,PE,0.0,0.0,0.0,28.75,6.6,0,0.0,0,0,06-MAY-2024,
OPTSTK,ABFRL,27-Jun-2024,232.5,PE,0.0,0.0,0.0,5.25,7.35,0,0.0,0,0,06-MAY-2024,
OPTSTK,ABFRL,27-Jun-2024,235.0,PE,0.0,0.0,0.0,32.35,8.2,0,0.0,0,0,06-MAY-2024,
OPTSTK,ABFRL,27-Jun-2024,237.5,PE,0.0,0.0,0.0,6.55,9.1,0,0.0,0,0,06-MAY-2024,
OPTSTK,ABFRL,27-Jun-2024,240.0,PE,0.0,0.0,0.0,36.15,10.05,0,0.0,0,0,06-MAY-2024,
OPTSTK,ABFRL,27-Jun-2024,242.5,PE,0.0,0.0,0.0,8.0,11.1,0,0.0,0,0,06-MAY-2024,
OPTSTK,ABFRL,27-Jun-2024,245.0,PE,0.0,0.0,0.0,40.1,12.2,0,0.0,0,0,06-MAY-2024,
OPTSTK,ABFRL,27-Jun-2024,247.5,PE,0.0,0.0,0.0,9.65,13.35,0,0.0,0,0,06-MAY-2024,
OPTSTK,ABFRL,27-Jun-2024,250.0,PE,0.0,0.0,0.0,8.1,14.55,0,0.0,2600,0,06-MAY-2024,
OPTSTK,ABFRL,27-Jun-2024,252.5,PE,0.0,0.0,0.0,11.5,15.8,0,0.0,0,0,06-MAY-2024,
OPTSTK,ABFRL,27-Jun-2024,255.0,PE,0.0,0.0,0.0,48.4,17.15,0,0.0,0,0,06-MAY-2024,
OPTSTK,ABFRL,27-Jun-2024,257.5,PE,0.0,0.0,0.0,13.6,18.55,0,0.0,0,0,06-MAY-2024,
OPTSTK,ABFRL,27-Jun-2024,260.0,PE,0.0,0.0,0.0,52.75,20.0,0,0.0,0,0,06-MAY-2024,
OPTSTK,ABFRL,27-Jun-2024,262.5,PE,0.0,0.0,0.0,15.9,21.5,0,0.0,0,0,06-MAY-2024,
OPTSTK,ABFRL,27-Jun-2024,265.0,PE,0.0,0.0,0.0,57.15,23.05,0,0.0,0,0,06-MAY-2024,
OPTSTK,ABFRL,27-Jun-2024,267.5,PE,0.0,0.0,0.0,18.4,24.65,0,0.0,0,0,06-MAY-2024,
OPTSTK,ABFRL,27-Jun-2024,270.0,PE,0.0,0.0,0.0,61.6,26.35,0,0.0,0,0,06-MAY-2024,
OPTSTK,ABFRL,27-Jun-2024,272.5,PE,0.0,0.0,0.0,21.1,28.05,0,0.0,0,0,06-MAY-2024,
OPTSTK,ABFRL,27-Jun-2024,275.0,PE,0.0,0.0,0.0,40.95,29.8,0,0.0,0,0,06-MAY-2024,
OPTSTK,ABFRL,27-Jun-2024,277.5,PE,0.0,0.0,0.0,24.0,31.65,0,0.0,0,0,06-MAY-2024,
OPTSTK,ABFRL,27-Jun-2024,280.0,PE,0.0,0.0,0.0,23.0,33.5,0,0.0,0,0,06-MAY-2024,
OPTSTK,ABFRL,27-Jun-2024,282.5,PE,0.0,0.0,0.0,27.1,35.4,0,0.0,0,0,06-MAY-2024,
OPTSTK,ABFRL,27-Jun-2024,285.0,PE,0.0,0.0,0.0,48.95,37.35,0,0.0,0,0,06-MAY-2024,
OPTSTK,ABFRL,27-Jun-2024,287.5,PE,0.0,0.0,0.0,30.4,39.35,0,0.0,0,0,06-MAY-2024,
OPTSTK,ABFRL,27-Jun-2024,290.0,PE,0.0,0.0,0.0,80.15,41.35,0,0.0,0,0,06-MAY-2024,
OPTSTK,ABFRL,27-Jun-2024,295.0,PE,0.0,0.0,0.0,57.4,45.5,0,0.0,0,0,06-MAY-2024,
OPTSTK,ABFRL,27-Jun-2024,300.0,PE,0.0,0.0,0.0,89.7,49.75,0,0.0,0,0,06-MAY-2024,
OPTSTK,ABFRL,25-Jul-2024,215.0,CE,0.0,0.0,0.0,57.65,44.05,0,0.0,0,0,06-MAY-2024,
OPTSTK,ABFRL,25-Jul-2024,220.0,CE,0.0,0.0,0.0,53.65,40.35,0,0.0,0,0,06-MAY-2024,
OPTSTK,ABFRL,25-Jul-2024,225.0,CE,0.0,0.0,0.0,49.8,36.8,0,0.0,0,0,06-MAY-2024,
OPTSTK,ABFRL,25-Jul-2024,230.0,CE,0.0,0.0,0.0,46.1,33.45,0,0.0,0,0,06-MAY-2024,
OPTSTK,ABFRL,25-Jul-2024,235.0,CE,0.0,0.0,0.0,42.55,30.35,0,0.0,0,0,06-MAY-2024,
OPTSTK,ABFRL,25-Jul-2024,240.0,CE,0.0,0.0,0.0,39.15,27.4,0,0.0,0,0,06-MAY-2024,
OPTSTK,ABFRL,25-Jul-2024,245.0,CE,0.0,0.0,0.0,35.95,24.65,0,0.0,0,0,06-MAY-2024,
OPTSTK,ABFRL,25-Jul-2024,250.0,CE,0.0,0.0,0.0,32.95,22.1,0,0.0,0,0,06-MAY-2024,
OPTSTK,ABFRL,25-Jul-2024,255.0,CE,0.0,0.0,0.0,30.1,19.75,0,0.0,0,0,06-MAY-2024,
OPTSTK,ABFRL,25-Jul-2024,260.0,CE,0.0,0.0,0.0,27.4,17.6,0,0.0,0,0,06-MAY-2024,
OPTSTK,ABFRL,25-Jul-2024,265.0,CE,0.0,0.0,0.0,24.9,15.65,0,0.0,0,0,06-MAY-2024,
OPTSTK,ABFRL,25-Jul-2024,270.0,CE,0.0,0.0,0.0,22.6,13.85,0,0.0,0,0,06-MAY-2024,
OPTSTK,ABFRL,25-Jul-2024,275.0,CE,0.0,0.0,0.0,20.45,12.25,0,0.0,0,0,06-MAY-2024,
OPTSTK,ABFRL,25-Jul-2024,280.0,CE,0.0,0.0,0.0,18.45,10.8,0,0.0,0,0,06-MAY-2024,
OPTSTK,ABFRL,25-Jul-2024,285.0,CE,0.0,0.0,0.0,16.6,9.45,0,0.0,0,0,06-MAY-2024,
OPTSTK,ABFRL,25-Jul-2024,290.0,CE,0.0,0.0,0.0,14.9,8.3,0,0.0,0,0,06-MAY-2024,
OPTSTK,ABFRL,25-Jul-2024,300.0,CE,0.0,0.0,0.0,11.95,6.3,0,0.0,0,0,06-MAY-2024,
OPTSTK,ABFRL,25-Jul-2024,215.0,PE,0.0,0.0,0.0,3.8,5.15,0,0.0,0,0,06-MAY-2024,
OPTSTK,ABFRL,25-Jul-2024,220.0,PE,0.0,0.0,0.0,4.7,6.35,0,0.0,0,0,06-MAY-2024,
OPTSTK,ABFRL,25-Jul-2024,225.0,PE,0.0,0.0,0.0,5.75,7.75,0,0.0,0,0,06-MAY-2024,
OPTSTK,ABFRL,25-Jul-2024,230.0,PE,0.0,0.0,0.0,6.95,9.35,0,0.0,0,0,06-MAY-2024,
OPTSTK,ABFRL,25-Jul-2024,235.0,PE,0.0,0.0,0.0,8.3,11.1,0,0.0,0,0,06-MAY-2024,
OPTSTK,ABFRL,25-Jul-2024,240.0,PE,0.0,0.0,0.0,9.85,13.1,0,0.0,0,0,06-MAY-2024,
OPTSTK,ABFRL,25-Jul-2024,245.0,PE,0.0,0.0,0.0,11.55,15.3,0,0.0,0,0,06-MAY-2024,
OPTSTK,ABFRL,25-Jul-2024,250.0,PE,0.0,0.0,0.0,13.4,17.65,0,0.0,0,0,06-MAY-2024,
OPTSTK,ABFRL,25-Jul-2024,255.0,PE,0.0,0.0,0.0,15.5,20.25,0,0.0,0,0,06-MAY-2024,
OPTSTK,ABFRL,25-Jul-2024,260.0,PE,0.0,0.0,0.0,17.7,23.0,0,0.0,0,0,06-MAY-2024,
OPTSTK,ABFRL,25-Jul-2024,265.0,PE,0.0,0.0,0.0,20.15,25.95,0,0.0,0,0,06-MAY-2024,
OPTSTK,ABFRL,25-Jul-2024,270.0,PE,0.0,0.0,0.0,22.7,29.1,0,0.0,0,0,06-MAY-2024,
OPTSTK,ABFRL,25-Jul-2024,275.0,PE,0.0,0.0,0.0,25.45,32.4,0,0.0,0,0,06-MAY-2024,
OPTSTK,ABFRL,25-Jul-2024,280.0,PE,0.0,0.0,0.0,28.4,35.85,0,0.0,0,0,06-MAY-2024,
OPTSTK,ABFRL,25-Jul-2024,285.0,PE,0.0,0.0,0.0,31.45,39.45,0,0.0,0,0,06-MAY-2024,
OPTSTK,ABFRL,25-Jul-2024,290.0,PE,0.0,0.0,0.0,34.65,43.2,0,0.0,0,0,06-MAY-2024,
OPTSTK,ABFRL,25-Jul-2024,300.0,PE,0.0,0.0,0.0,41.55,51.05,0,0.0,0,0,06-MAY-2024,
OPTSTK,ACC,30-May-2024,2160.0,CE,0.0,0.0,0.0,534.3,345.2,0,0.0,0,0,06-MAY-2024,
OPTSTK,ACC,30-May-2024,2200.0,CE,0.0,0.0,0.0,387.5,308.6,0,0.0,900,0,06-MAY-2024,
OPTSTK,ACC,30-May-2024,2240.0,CE,0.0,0.0,0.0,468.6,273.25,0,0.0,0,0,06-MAY-2024,
OPTSTK,ACC,30-May-2024,2280.0,CE,0.0,0.0,0.0,437.3,239.5,0,0.0,0,0,06-MAY-2024,
OPTSTK,ACC,30-May-2024,2300.0,CE,260.0,260.0,260.0,260.0,223.35,1,7.68,26400,-300,06-MAY-2024,
OPTSTK,ACC,30-May-2024,2320.0,CE,0.0,0.0,0.0,407.05,207.65,0,0.0,0,0,06-MAY-2024,
OPTSTK,ACC,30-May-2024,2340.0,CE,0.0,0.0,0.0,235.0,192.65,0,0.0,900,0,06-MAY-2024,
OPTSTK,ACC,30-May-2024,2360.0,CE,0.0,0.0,0.0,222.2,178.0,0,0.0,600,0,06-MAY-2024,
OPTSTK,ACC,30-May-2024,2380.0,CE,0.0,0.0,0.0,248.45,164.05,0,0.0,2400,0,06-MAY-2024,
OPTSTK,ACC,30-May-2024,2400.0,CE,147.65,162.0,143.8,143.8,150.75,8,61.18,41100,-300,06-MAY-2024,
OPTSTK,ACC,30-May-2024,2420.0,CE,0.0,0.0,0.0,175.45,138.1,0,0.0,2700,0,06-MAY-2024,
OPTSTK,ACC,30-May-2024,2440.0,CE,132.0,132.0,132.0,132.0,126.15,1,7.71,14400,-300,06-MAY-2024,
OPTSTK,ACC,30-May-2024,2460.0,CE,102.0,102.0,102.0,102.0,102.0,1,7.68,11100,300,06-MAY-2024,
OPTSTK,ACC,30-May-2024,2480.0,CE,114.9,114.9,87.9,89.4,89.4,30,231.67,5100,-300,06-MAY-2024,
OPTSTK,ACC,30-May-2024,2500.0,CE,105.05,111.0,76.5,79.1,79.1,550,4270.57,195600,16500,06-MAY-2024,
OPTSTK,ACC,30-May-2024,2520.0,CE,91.35,92.05,67.5,69.05,69.05,86,670.58,28800,4200,06-MAY-2024,
OPTSTK,ACC,30-May-2024,2540.0,CE,83.85,87.0,58.55,61.25,61.25,412,3226.91,100800,-13500,06-MAY-2024,
OPTSTK,ACC,30-May-2024,2560.0,CE,75.6,80.0,51.3,53.8,53.8,474,3734.56,163200,-7200,06-MAY-2024,
OPTSTK,ACC,30-May-2024,2580.0,CE,66.45,72.05,45.0,46.65,46.65,278,2198.87,90000,2700,06-MAY-2024,
OPTSTK,ACC,30-May-2024,2600.0,CE,61.35,64.45,39.2,41.45,41.45,1799,14293.91,781800,-10800,06-MAY-2024,
OPTSTK,ACC,30-May-2024,2620.0,CE,55.45,55.45,34.0,35.65,35.65,199,1590.6,70200,-4500,06-MAY-2024,
OPTSTK,ACC,30-May-2024,2640.0,CE,47.6,48.0,29.45,31.1,31.1,138,1108.35,72300,-3900,06-MAY-2024,
OPTSTK,ACC,30-May-2024,2660.0,CE,39.95,40.0,27.0,27.75,27.75,52,419.86,30300,-2400,06-MAY-2024,
OPTSTK,ACC,30-May-2024,2680.0,CE,29.75,29.75,22.85,23.15,23.15,16,129.9,11100,-600,06-MAY-2024,
OPTSTK,ACC,30-May-2024,2700.0,CE,32.2,34.1,18.35,20.1,20.1,1602,13092.13,382500,-5400,06-MAY-2024,
OPTSTK,ACC,30-May-2024,2720.0,CE,27.45,27.45,16.0,16.5,16.5,35,287.86,13200,-3900,06-MAY-2024,
OPTSTK,ACC,30-May-2024,2740.0,CE,18.75,20.3,15.0,15.8,15.8,41,339.12,14100,300,06-MAY-2024,
OPTSTK,ACC,30-May-2024,2760.0,CE,0.0,0.0,0.0,21.0,18.95,0,0.0,6900,0,06-MAY-2024,
OPTSTK,ACC,30-May-2024,2780.0,CE,21.0,21.0,10.15,11.65,11.65,117,980.66,11400,3300,06-MAY-2024,
OPTSTK,ACC,30-May-2024,2800.0,CE,18.25,19.05,8.6,10.6,10.6,3155,26618.94,315600,-12300,06-MAY-2024,
OPTSTK,ACC,30-May-2024,2820.0,CE,11.8,12.85,8.15,9.35,9.35,114,968.13,5700,-600,06-MAY-2024,
OPTSTK,ACC,30-May-2024,2840.0,CE,10.8,10.8,6.7,8.55,8.55,68,581.25,13200,-600,06-MAY-2024,
OPTSTK,ACC,30-May-2024,2860.0,CE,11.0,11.0,6.75,7.3,8.85,45,387.22,5100,-2400,06-MAY-2024,
OPTSTK,ACC,30-May-2024,2880.0,CE,11.0,11.0,5.25,6.25,6.25,422,3655.49,102900,1500,06-MAY-2024,
OPTSTK,ACC,30-May-2024,2920.0,CE,8.5,8.7,4.05,5.15,5.15,337,2957.92,40800,-6900,06-MAY-2024,
OPTSTK,ACC,30-May-2024,2960.0,CE,6.1,7.0,4.15,4.5,4.5,36,320.26,15600,-5700,06-MAY-2024,
OPTSTK,ACC,30-May-2024,3000.0,CE,6.45,6.45,3.1,3.4,3.4,1300,11716.88,253500,7500,06-MAY-2024,
OPTSTK,ACC,30-May-2024,2080.0,PE,0.0,0.0,0.0,3.0,2.1,0,0.0,2700,0,06-MAY-2024,
OPTSTK,ACC,30-May-2024,2120.0,PE,0.0,0.0,0.0,1.2,3.5,0,0.0,5100,0,06-MAY-2024,
OPTSTK,ACC,30-May-2024,2160.0,PE,6.0,6.8,2.65,3.95,3.95,34,220.82,10800,-600,06-MAY-2024,
OPTSTK,ACC,30-May-2024,2180.0,PE,0.0,0.0,0.0,5.0,7.15,0,0.0,15300,0,06-MAY-2024,
OPTSTK,ACC,30-May-2024,2200.0,PE,3.35,8.5,3.0,6.35,6.35,945,6254.55,146400,-3000,06-MAY-2024,
OPTSTK,ACC,30-May-2024,2220.0,PE,0.0,0.0,0.0,12.75,10.95,0,0.0,3300,0,06-MAY-2024,
OPTSTK,ACC,30-May-2024,2240.0,PE,4.85,9.2,4.5,8.15,13.35,17,114.58,15600,-900,06-MAY-2024,
OPTSTK,ACC,30-May-2024,2260.0,PE,10.0,13.0,10.0,11.4,16.2,5,34.07,21300,900,06-MAY-2024,
OPTSTK,ACC,30-May-2024,2280.0,PE,13.4,14.45,13.0,14.4,14.4,5,34.4,9900,300,06-MAY-2024,
OPTSTK,ACC,30-May-2024,2300.0,PE,10.05,20.1,8.0,16.75,16.75,897,6230.28,178200,-15300,06-MAY-2024,
OPTSTK,ACC,30-May-2024,2320.0,PE,10.8,22.35,9.5,19.85,19.85,85,595.5,21600,-7500,06-MAY-2024,
OPTSTK,ACC,30-May-2024,2340.0,PE,17.95,24.8,17.95,23.1,23.1,11,77.96,17400,-1200,06-MAY-2024,
OPTSTK,ACC,30-May-2024,2360.0,PE,27.6,30.9,21.0,29.15,29.15,48,343.61,19200,-1500,06-MAY-2024,
OPTSTK,ACC,30-May-2024,2380.0,PE,31.25,31.25,23.45,23.45,43.55,2,14.44,18900,0,06-MAY-2024,
OPTSTK,ACC,30-May-2024,2400.0,PE,21.1,42.9,18.8,37.8,37.8,1580,11541.15,245700,9600,06-MAY-2024,
OPTSTK,ACC,30-May-2024,2420.0,PE,40.9,43.35,34.0,36.4,57.4,6,44.24,5700,0,06-MAY-2024,
OPTSTK,ACC,30-May-2024,2440.0,PE,30.0,56.15,30.0,51.5,51.5,114,849.51,25500,-2700,06-MAY-2024,
OPTSTK,ACC,30-May-2024,2460.0,PE,35.2,64.3,34.2,58.75,58.75,62,467.76,19500,-600,06-MAY-2024,
OPTSTK,ACC,30-May-2024,2480.0,PE,51.95,71.3,50.5,67.45,67.45,92,702.19,30300,2100,06-MAY-2024,
OPTSTK,ACC,30-May-2024,2500.0,PE,48.45,82.0,44.45,76.75,76.75,975,7513.66,342900,-27300,06-MAY-2024,
OPTSTK,ACC,30-May-2024,2520.0,PE,64.15,91.0,64.15,86.5,86.5,97,755.97,15000,600,06-MAY-2024,
OPTSTK,ACC,30-May-2024,2540.0,PE,67.05,104.0,67.05,100.05,100.05,83,655.26,49500,-4200,06-MAY-2024,
OPTSTK,ACC,30-May-2024,2560.0,PE,76.75,116.05,75.0,111.8,111.8,33,263.41,35400,-1200,06-MAY-2024,
OPTSTK,ACC,30-May-2024,2580.0,PE,103.3,128.0,103.3,125.0,125.0,6,48.58,24300,-1200,06-MAY-2024,
OPTSTK,ACC,30-May-2024,2600.0,PE,97.0,144.0,97.0,140.3,140.3,33,270.07,136200,-300,06-MAY-2024,
OPTSTK,ACC,30-May-2024,2620.0,PE,0.0,0.0,0.0,123.5,166.5,0,0.0,5100,0,06-MAY-2024,
OPTSTK,ACC,30-May-2024,2640.0,PE,158.2,173.15,158.2,173.15,180.8,2,16.83,600,600,06-MAY-2024,
OPTSTK,ACC,30-May-2024,2660.0,PE,0.0,0.0,0.0,148.25,195.75,0,0.0,1200,0,06-MAY-2024,
OPTSTK,ACC,30-May-2024,2680.0,PE,0.0,0.0,0.0,190.0,211.0,0,0.0,300,0,06-MAY-2024,
OPTSTK,ACC,30-May-2024,2700.0,PE,190.0,213.5,190.0,213.5,226.8,3,26.12,55200,300,06-MAY-2024,
OPTSTK,ACC,30-May-2024,2720.0,PE,222.35,238.8,222.35,238.8,243.05,2,17.7,600,300,06-MAY-2024,
OPTSTK,ACC,30-May-2024,2740.0,PE,240.45,255.95,240.45,255.95,259.7,2,17.92,900,600,06-MAY-2024,
OPTSTK,ACC,30-May-2024,2760.0,PE,256.25,273.9,256.25,273.9,276.7,2,18.15,900,600,06-MAY-2024,
OPTSTK,ACC,30-May-2024,2780.0,PE,275.1,275.1,274.7,274.7,294.0,4,36.65,900,900,06-MAY-2024,
OPTSTK,ACC,30-May-2024,2800.0,PE,293.65,293.65,293.65,293.65,311.65,1,9.28,13200,0,06-MAY-2024,
OPTSTK,ACC,30-May-2024,2840.0,PE,0.0,0.0,0.0,287.55,347.7,0,0.0,0,0,06-MAY-2024,
OPTSTK,ACC,30-May-2024,2880.0,PE,0.0,0.0,0.0,314.0,384.7,0,0.0,0,0,06-MAY-2024,
OPTSTK,ACC,27-Jun-2024,2160.0,CE,0.0,0.0,0.0,414.55,374.0,0,0.0,0,0,06-MAY-2024,
OPTSTK,ACC,27-Jun-2024,2200.0,CE,0.0,0.0,0.0,384.35,341.05,0,0.0,0,0,06-MAY-2024,
OPTSTK,ACC,27-Jun-2024,2240.0,CE,0.0,0.0,0.0,355.45,309.55,0,0.0,0,0,06-MAY-2024,
OPTSTK,ACC,27-Jun-2024,2280.0,CE,0.0,0.0,0.0,327.7,279.6,0,0.0,0,0,06-MAY-2024,
OPTSTK,ACC,27-Jun-2024,2300.0,CE,0.0,0.0,0.0,351.8,265.15,0,0.0,0,0,06-MAY-2024,
OPTSTK,ACC,27-Jun-2024,2320.0,CE,0.0,0.0,0.0,301.25,251.05,0,0.0,0,0,06-MAY-2024,
OPTSTK,ACC,27-Jun-2024,2340.0,CE,0.0,0.0,0.0,322.05,237.5,0,0.0,0,0,06-MAY-2024,
OPTSTK,ACC,27-Jun-2024,2360.0,CE,0.0,0.0,0.0,276.25,224.35,0,0.0,0,0,06-MAY-2024,
OPTSTK,ACC,27-Jun-2024,2380.0,CE,0.0,0.0,0.0,293.65,211.7,0,0.0,0,0,06-MAY-2024,
OPTSTK,ACC,27-Jun-2024,2400.0,CE,0.0,0.0,0.0,252.6,199.45,0,0.0,0,0,06-MAY-2024,
OPTSTK,ACC,27-Jun-2024,2420.0,CE,0.0,0.0,0.0,266.65,187.7,0,0.0,0,0,06-MAY-2024,
OPTSTK,ACC,27-Jun-2024,2440.0,CE,0.0,0.0,0.0,230.4,176.4,0,0.0,0,0,06-MAY-2024,
OPTSTK,ACC,27-Jun-2024,2460.0,CE,0.0,0.0,0.0,241.3,165.55,0,0.0,0,0,06-MAY-2024,
OPTSTK,ACC,27-Jun-2024,2480.0,CE,0.0,0.0,0.0,209.55,155.15,0,0.0,0,0,06-MAY-2024,
OPTSTK,ACC,27-Jun-2024,2500.0,CE,0.0,0.0,0.0,217.55,145.25,0,0.0,0,0,06-MAY-2024,
OPTSTK,ACC,27-Jun-2024,2520.0,CE,0.0,0.0,0.0,190.1,135.75,0,0.0,0,0,06-MAY-2024,
OPTSTK,ACC,27-Jun-2024,2540.0,CE,0.0,0.0,0.0,195.35,126.75,0,0.0,0,0,06-MAY-2024,
OPTSTK,ACC,27-Jun-2024,2560.0,CE,0.0,0.0,0.0,172.0,118.15,0,0.0,0,0,06-MAY-2024,
OPTSTK,ACC,27-Jun-2024,2580.0,CE,0.0,0.0,0.0,174.75,110.0,0,0.0,0,0,06-MAY-2024,
OPTSTK,ACC,27-Jun-2024,2600.0,CE,130.0,142.35,123.0,123.0,102.3,16,131.16,15900,-600,06-MAY-2024,
OPTSTK,ACC,27-Jun-2024,2620.0,CE,0.0,0.0,0.0,155.75,95.0,0,0.0,0,0,06-MAY-2024,
OPTSTK,ACC,27-Jun-2024,2640.0,CE,0.0,0.0,0.0,139.7,88.1,0,0.0,0,0,06-MAY-2024,
OPTSTK,ACC,27-Jun-2024,2660.0,CE,0.0,0.0,0.0,138.25,81.6,0,0.0,0,0,06-MAY-2024,
OPTSTK,ACC,27-Jun-2024,2680.0,CE,0.0,0.0,0.0,125.4,75.5,0,0.0,0,0,06-MAY-2024,
OPTSTK,ACC,27-Jun-2024,2700.0,CE,105.0,105.0,85.0,86.05,69.75,5,41.84,2400,900,06-MAY-2024,
OPTSTK,ACC,27-Jun-2024,2720.0,CE,0.0,0.0,0.0,112.3,64.35,0,0.0,0,0,06-MAY-2024,
OPTSTK,ACC,27-Jun-2024,2740.0,CE,0.0,0.0,0.0,110.45,59.4,0,0.0,300,0,06-MAY-2024,
OPTSTK,ACC,27-Jun-2024,2760.0,CE,0.0,0.0,0.0,100.35,54.7,0,0.0,0,0,06-MAY-2024,
OPTSTK,ACC,27-Jun-2024,2780.0,CE,0.0,0.0,0.0,94.65,50.35,0,0.0,0,0,06-MAY-2024,
OPTSTK,ACC,27-Jun-2024,2800.0,CE,66.95,67.0,64.6,65.0,46.15,4,34.39,5100,900,06-MAY-2024,
OPTSTK,ACC,27-Jun-2024,2840.0,CE,0.0,0.0,0.0,79.65,38.75,0,0.0,0,0,06-MAY-2024,
OPTSTK,ACC,27-Jun-2024,2880.0,CE,0.0,0.0,0.0,70.75,32.4,0,0.0,0,0,06-MAY-2024,
OPTSTK,ACC,27-Jun-2024,2000.0,PE,0.0,0.0,0.0,7.0,6.4,0,0.0,600,0,06-MAY-2024,
OPTSTK,ACC,27-Jun-2024,2160.0,PE,0.0,0.0,0.0,44.25,22.2,0,0.0,0,0,06-MAY-2024,
OPTSTK,ACC,27-Jun-2024,2200.0,PE,25.05,39.0,25.05,39.0,28.85,11,73.84,15000,3000,06-MAY-2024,
OPTSTK,ACC,27-Jun-2024,2240.0,PE,0.0,0.0,0.0,26.0,36.9,0,0.0,2400,0,06-MAY-2024,
OPTSTK,ACC,27-Jun-2024,2280.0,PE,0.0,0.0,0.0,35.0,46.55,0,0.0,3000,0,06-MAY-2024,
OPTSTK,ACC,27-Jun-2024,2300.0,PE,65.0,65.0,65.0,65.0,65.0,1,7.09,12300,0,06-MAY-2024,
OPTSTK,ACC,27-Jun-2024,2320.0,PE,0.0,0.0,0.0,88.05,57.6,0,0.0,0,0,06-MAY-2024,
OPTSTK,ACC,27-Jun-2024,2340.0,PE,0.0,0.0,0.0,53.15,63.85,0,0.0,0,0,06-MAY-2024,
OPTSTK,ACC,27-Jun-2024,2360.0,PE,0.0,0.0,0.0,102.35,70.5,0,0.0,0,0,06-MAY-2024,
OPTSTK,ACC,27-Jun-2024,2380.0,PE,0.0,0.0,0.0,64.2,77.6,0,0.0,0,0,06-MAY-2024,
OPTSTK,ACC,27-Jun-2024,2400.0,PE,92.0,92.0,92.0,92.0,85.2,1,7.47,12900,-300,06-MAY-2024,
OPTSTK,ACC,27-Jun-2024,2420.0,PE,0.0,0.0,0.0,76.7,93.2,0,0.0,0,0,06-MAY-2024,
OPTSTK,ACC,27-Jun-2024,2440.0,PE,0.0,0.0,0.0,135.1,101.7,0,0.0,0,0,06-MAY-2024,
OPTSTK,ACC,27-Jun-2024,2460.0,PE,0.0,0.0,0.0,90.85,110.65,0,0.0,0,0,06-MAY-2024,
OPTSTK,ACC,27-Jun-2024,2480.0,PE,0.0,0.0,0.0,153.55,120.05,0,0.0,0,0,06-MAY-2024,
OPTSTK,ACC,27-Jun-2024,2500.0,PE,125.0,151.0,125.0,148.6,129.9,18,142.34,17100,300,06-MAY-2024,
OPTSTK,ACC,27-Jun-2024,2520.0,PE,0.0,0.0,0.0,173.35,140.25,0,0.0,0,0,06-MAY-2024,
OPTSTK,ACC,27-Jun-2024,2540.0,PE,0.0,0.0,0.0,123.9,151.0,0,0.0,0,0,06-MAY-2024,
OPTSTK,ACC,27-Jun-2024,2560.0,PE,0.0,0.0,0.0,194.55,162.25,0,0.0,0,0,06-MAY-2024,
OPTSTK,ACC,27-Jun-2024,2580.0,PE,0.0,0.0,0.0,142.8,173.9,0,0.0,0,0,06-MAY-2024,
OPTSTK,ACC,27-Jun-2024,2600.0,PE,0.0,0.0,0.0,217.05,185.95,0,0.0,0,0,06-MAY-2024,
OPTSTK,ACC,27-Jun-2024,2620.0,PE,0.0,0.0,0.0,163.3,198.45,0,0.0,0,0,06-MAY-2024,
OPTSTK,ACC,27-Jun-2024,2640.0,PE,0.0,0.0,0.0,240.8,211.35,0,0.0,0,0,06-MAY-2024,
OPTSTK,ACC,27-Jun-2024,2660.0,PE,0.0,0.0,0.0,185.3,224.65,0,0.0,0,0,06-MAY-2024,
OPTSTK,ACC,27-Jun-2024,2680.0,PE,0.0,0.0,0.0,265.8,238.3,0,0.0,0,0,06-MAY-2024,
OPTSTK,ACC,27-Jun-2024,2700.0,PE,0.0,0.0,0.0,208.85,252.35,0,0.0,0,0,06-MAY-2024,
OPTSTK,ACC,27-Jun-2024,2720.0,PE,0.0,0.0,0.0,292.0,266.75,0,0.0,0,0,06-MAY-2024,
OPTSTK,ACC,27-Jun-2024,2740.0,PE,0.0,0.0,0.0,233.8,281.65,0,0.0,0,0,06-MAY-2024,
OPTSTK,ACC,27-Jun-2024,2760.0,PE,0.0,0.0,0.0,319.3,296.75,0,0.0,0,0,06-MAY-2024,
OPTSTK,ACC,27-Jun-2024,2780.0,PE,0.0,0.0,0.0,260.2,312.15,0,0.0,0,0,06-MAY-2024,
OPTSTK,ACC,27-Jun-2024,2800.0,PE,0.0,0.0,0.0,347.7,327.75,0,0.0,0,0,06-MAY-2024,
OPTSTK,ACC,27-Jun-2024,2840.0,PE,0.0,0.0,0.0,377.2,359.95,0,0.0,0,0,06-MAY-2024,
OPTSTK,ACC,27-Jun-2024,2880.0,PE,0.0,0.0,0.0,407.55,393.2,0,0.0,0,0,06-MAY-2024,
OPTSTK,ACC,25-Jul-2024,2160.0,CE,0.0,0.0,0.0,491.5,402.3,0,0.0,0,0,06-MAY-2024,
OPTSTK,ACC,25-Jul-2024,2240.0,CE,0.0,0.0,0.0,428.25,342.15,0,0.0,0,0,06-MAY-2024,
OPTSTK,ACC,25-Jul-2024,2280.0,CE,0.0,0.0,0.0,398.3,313.95,0,0.0,0,0,06-MAY-2024,
OPTSTK,ACC,25-Jul-2024,2320.0,CE,0.0,0.0,0.0,369.6,287.1,0,0.0,0,0,06-MAY-2024,
OPTSTK,ACC,25-Jul-2024,2360.0,CE,0.0,0.0,0.0,342.0,261.8,0,0.0,0,0,06-MAY-2024,
OPTSTK,ACC,25-Jul-2024,2400.0,CE,0.0,0.0,0.0,315.6,237.95,0,0.0,0,0,06-MAY-2024,
OPTSTK,ACC,25-Jul-2024,2440.0,CE,0.0,0.0,0.0,290.6,215.6,0,0.0,0,0,06-MAY-2024,
OPTSTK,ACC,25-Jul-2024,2480.0,CE,0.0,0.0,0.0,266.95,194.75,0,0.0,0,0,06-MAY-2024,
OPTSTK,ACC,25-Jul-2024,2520.0,CE,0.0,0.0,0.0,244.6,175.35,0,0.0,0,0,06-MAY-2024,
OPTSTK,ACC,25-Jul-2024,2560.0,CE,0.0,0.0,0.0,223.6,157.35,0,0.0,0,0,06-MAY-2024,
OPTSTK,ACC,25-Jul-2024,2600.0,CE,0.0,0.0,0.0,203.9,140.8,0,0.0,0,0,06-MAY-2024,
OPTSTK,ACC,25-Jul-2024,2640.0,CE,0.0,0.0,0.0,185.5,125.6,0,0.0,0,0,06-MAY-2024,
OPTSTK,ACC,25-Jul-2024,2680.0,CE,0.0,0.0,0.0,168.35,111.75,0,0.0,0,0,06-MAY-2024,
OPTSTK,ACC,25-Jul-2024,2720.0,CE,0.0,0.0,0.0,152.4,99.1,0,0.0,0,0,06-MAY-2024,
OPTSTK,ACC,25-Jul-2024,2760.0,CE,0.0,0.0,0.0,137.7,87.65,0,0.0,0,0,06-MAY-2024,
OPTSTK,ACC,25-Jul-2024,2800.0,CE,0.0,0.0,0.0,124.1,77.4,0,0.0,0,0,06-MAY-2024,
OPTSTK,ACC,25-Jul-2024,2880.0,CE,0.0,0.0,0.0,100.2,59.7,0,0.0,0,0,06-MAY-2024,
OPTSTK,ACC,25-Jul-2024,2960.0,CE,0.0,0.0,0.0,80.35,45.6,0,0.0,0,0,06-MAY-2024,
OPTSTK,ACC,25-Jul-2024,2160.0,PE,0.0,0.0,0.0,32.85,38.6,0,0.0,0,0,06-MAY-2024,
OPTSTK,ACC,25-Jul-2024,2240.0,PE,0.0,0.0,0.0,48.2,57.2,0,0.0,0,0,06-MAY-2024,
OPTSTK,ACC,25-Jul-2024,2280.0,PE,0.0,0.0,0.0,57.5,68.35,0,0.0,0,0,06-MAY-2024,
OPTSTK,ACC,25-Jul-2024,2320.0,PE,0.0,0.0,0.0,68.1,80.9,0,0.0,0,0,06-MAY-2024,
OPTSTK,ACC,25-Jul-2024,2360.0,PE,0.0,0.0,0.0,79.75,94.95,0,0.0,0,0,06-MAY-2024,
OPTSTK,ACC,25-Jul-2024,2400.0,PE,0.0,0.0,0.0,92.65,110.45,0,0.0,0,0,06-MAY-2024,
OPTSTK,ACC,25-Jul-2024,2440.0,PE,0.0,0.0,0.0,106.95,127.5,0,0.0,0,0,06-MAY-2024,
OPTSTK,ACC,25-Jul-2024,2480.0,PE,0.0,0.0,0.0,122.55,146.0,0,0.0,0,0,06-MAY-2024,
OPTSTK,ACC,25-Jul-2024,2520.0,PE,0.0,0.0,0.0,139.5,165.95,0,0.0,0,0,06-MAY-2024,
OPTSTK,ACC,25-Jul-2024,2560.0,PE,0.0,0.0,0.0,157.75,187.35,0,0.0,0,0,06-MAY-2024,
OPTSTK,ACC,25-Jul-2024,2600.0,PE,0.0,0.0,0.0,177.35,210.15,0,0.0,0,0,06-MAY-2024,
OPTSTK,ACC,25-Jul-2024,2640.0,PE,0.0,0.0,0.0,198.2,234.35,0,0.0,0,0,06-MAY-2024,
OPTSTK,ACC,25-Jul-2024,2680.0,PE,0.0,0.0,0.0,220.35,259.8,0,0.0,0,0,06-MAY-2024,
OPTSTK,ACC,25-Jul-2024,2720.0,PE,0.0,0.0,0.0,243.7,286.55,0,0.0,0,0,06-MAY-2024,
OPTSTK,ACC,25-Jul-2024,2760.0,PE,0.0,0.0,0.0,268.25,314.45,0,0.0,0,0,06-MAY-2024,
OPTSTK,ACC,25-Jul-2024,2800.0,PE,0.0,0.0,0.0,293.95,343.6,0,0.0,0,0,06-MAY-2024,
OPTSTK,ACC,25-Jul-2024,2880.0,PE,0.0,0.0,0.0,348.6,404.6,0,0.0,0,0,06-MAY-2024,
OPTSTK,ACC,25-Jul-2024,2960.0,PE,0.0,0.0,0.0,407.3,469.25,0,0.0,0,0,06-MAY-2024,
OPTSTK,ADANIENT,30-May-2024,2500.0,CE,410.0,436.0,410.0,421.95,421.95,132,1158.38,31200,27900,06-MAY-2024,
OPTSTK,ADANIENT,30-May-2024,2600.0,CE,407.0,407.0,329.45,335.9,335.9,234,2061.56,61200,51600,06-MAY-2024,
OPTSTK,ADANIENT,30-May-2024,2700.0,CE,258.9,286.95,239.6,249.7,249.7,280,2477.66,66000,56400,06-MAY-2024,
OPTSTK,ADANIENT,30-May-2024,2750.0,CE,218.7,244.5,208.65,210.3,210.3,15,133.56,3900,3900,06-MAY-2024,
OPTSTK,ADANIENT,30-May-2024,2800.0,CE,239.45,239.45,162.2,174.15,174.15,742,6629.84,70800,39300,06-MAY-2024,
OPTSTK,ADANIENT,30-May-2024,2850.0,CE,148.1,171.4,131.0,140.95,140.95,577,5185.78,39000,36600,06-MAY-2024,
OPTSTK,ADANIENT,30-May-2024,2900.0,CE,155.0,155.7,103.0,111.95,111.95,5550,50261.93,279900,227100,06-MAY-2024,
OPTSTK,ADANIENT,30-May-2024,2950.0,CE,129.95,132.0,79.95,87.1,87.1,1909,17441.93,94200,77700,06-MAY-2024,
OPTSTK,ADANIENT,30-May-2024,3000.0,CE,113.05,118.55,61.0,67.35,67.35,10705,98731.89,975300,378000,06-MAY-2024,
OPTSTK,ADANIENT,30-May-2024,3050.0,CE,91.5,91.5,47.0,52.05,52.05,2561,23877.44,213300,71400,06-MAY-2024,
OPTSTK,ADANIENT,30-May-2024,3100.0,CE,69.25,69.3,36.15,40.4,40.4,7689,72526.94,1077300,108300,06-MAY-2024,
OPTSTK,ADANIENT,30-May-2024,3150.0,CE,50.85,50.85,27.9,31.7,31.7,2260,21584.86,242400,-5100,06-MAY-2024,
OPTSTK,ADANIENT,30-May-2024,3200.0,CE,42.0,42.0,21.35,25.0,25.0,7549,73048.84,1120800,93900,06-MAY-2024,
OPTSTK,ADANIENT,30-May-2024,3250.0,CE,29.1,29.1,15.6,19.5,19.5,1954,19161.58,152400,-53400,06-MAY-2024,
OPTSTK,ADANIENT,30-May-2024,3300.0,CE,21.0,21.75,11.45,15.6,15.6,6108,60726.12,1316400,-65100,06-MAY-2024,
OPTSTK,ADANIENT,30-May-2024,3350.0,CE,15.4,17.65,8.75,13.0,13.0,1108,11172.5,127200,12600,06-MAY-2024,
OPTSTK,ADANIENT,30-May-2024,3400.0,CE,14.15,14.2,5.0,10.7,10.7,2855,29197.78,538500,-6900,06-MAY-2024,
OPTSTK,ADANIENT,30-May-2024,3450.0,CE,11.5,11.5,6.2,9.4,9.4,825,8558.4,39300,3900,06-MAY-2024,
OPTSTK,ADANIENT,30-May-2024,3500.0,CE,11.75,11.75,5.7,8.6,8.6,3138,33018.58,752400,-74100,06-MAY-2024,
OPTSTK,ADANIENT,30-May-2024,3600.0,CE,8.05,8.3,5.0,6.95,6.95,1833,19828.96,442200,37200,06-MAY-2024,
OPTSTK,ADANIENT,30-May-2024,2500.0,PE,17.95,49.8,17.9,36.95,36.95,5691,43280.24,812400,209400,06-MAY-2024,
OPTSTK,ADANIENT,30-May-2024,2600.0,PE,23.0,62.65,22.7,47.75,47.75,4060,32211.52,454200,138600,06-MAY-2024,
OPTSTK,ADANIENT,30-May-2024,2700.0,PE,30.2,83.45,29.95,63.7,63.7,4683,38757.69,431400,149700,06-MAY-2024,
OPTSTK,ADANIENT,30-May-2024,2750.0,PE,36.1,96.0,36.1,72.65,72.65,2143,18159.64,83400,41400,06-MAY-2024,
OPTSTK,ADANIENT,30-May-2024,2800.0,PE,41.5,110.7,41.5,85.9,85.9,8784,75990.61,939600,112200,06-MAY-2024,
OPTSTK,ADANIENT,30-May-2024,2850.0,PE,52.0,127.95,51.95,102.1,102.1,1996,17654.56,95400,42000,06-MAY-2024,
OPTSTK,ADANIENT,30-May-2024,2900.0,PE,65.65,149.8,64.1,122.95,122.95,6683,60465.32,490500,113100,06-MAY-2024,
OPTSTK,ADANIENT,30-May-2024,2950.0,PE,75.0,173.7,75.0,147.55,147.55,1560,14405.01,88800,-3600,06-MAY-2024,
OPTSTK,ADANIENT,30-May-2024,3000.0,PE,102.0,205.0,101.8,177.15,177.15,4054,38422.19,735000,-119100,06-MAY-2024,
OPTSTK,ADANIENT,30-May-2024,3050.0,PE,126.5,236.1,125.55,211.5,211.5,390,3794.78,95700,-6000,06-MAY-2024,
OPTSTK,ADANIENT,30-May-2024,3100.0,PE,173.9,273.95,173.9,250.85,250.85,452,4518.26,373800,-15300,06-MAY-2024,
OPTSTK,ADANIENT,30-May-2024,3150.0,PE,225.8,313.25,219.85,291.15,291.15,47,484.01,43500,300,06-MAY-2024,
OPTSTK,ADANIENT,30-May-2024,3200.0,PE,234.0,358.1,234.0,334.85,334.85,328,3467.77,335400,-2700,06-MAY-2024,
OPTSTK,ADANIENT,30-May-2024,3250.0,PE,390.15,396.1,376.45,380.4,380.4,31,337.7,43800,5100,06-MAY-2024,
OPTSTK,ADANIENT,30-May-2024,3300.0,PE,433.45,447.85,366.95,425.5,425.5,76,848.25,85500,600,06-MAY-2024,
OPTSTK,ADANIENT,30-May-2024,3350.0,PE,476.3,476.3,463.2,463.2,506.1,3,34.39,16500,900,06-MAY-2024,
OPTSTK,ADANIENT,30-May-2024,3400.0,PE,509.75,525.8,496.05,496.05,548.7,5,58.66,82200,-300,06-MAY-2024,
OPTSTK,ADANIENT,30-May-2024,3450.0,PE,0.0,0.0,0.0,439.8,592.3,0,0.0,1800,0,06-MAY-2024,
OPTSTK,ADANIENT,30-May-2024,3500.0,PE,595.0,625.0,595.0,625.0,636.75,4,49.32,57300,-300,06-MAY-2024,
OPTSTK,ADANIENT,30-May-2024,3600.0,PE,734.75,734.75,702.7,702.7,727.9,2,25.91,22800,-300,06-MAY-2024,
OPTSTK,ADANIENT,30-May-2024,3700.0,PE,0.0,0.0,0.0,573.05,821.4,0,0.0,109800,0,06-MAY-2024,
OPTSTK,ADANIENT,27-Jun-2024,2500.0,CE,0.0,0.0,0.0,843.15,498.3,0,0.0,0,0,06-MAY-2024,
OPTSTK,ADANIENT,27-Jun-2024,2600.0,CE,0.0,0.0,0.0,771.7,431.8,0,0.0,0,0,06-MAY-2024,
OPTSTK,ADANIENT,27-Jun-2024,2700.0,CE,0.0,0.0,0.0,704.2,371.55,0,0.0,0,0,06-MAY-2024,
OPTSTK,ADANIENT,27-Jun-2024,2750.0,CE,0.0,0.0,0.0,542.25,343.75,0,0.0,0,0,06-MAY-2024,
OPTSTK,ADANIENT,27-Jun-2024,2800.0,CE,349.8,350.8,347.8,350.8,317.45,3,28.34,1200,900,06-MAY-2024,
OPTSTK,ADANIENT,27-Jun-2024,2850.0,CE,0.0,0.0,0.0,480.15,292.65,0,0.0,0,0,06-MAY-2024,
OPTSTK,ADANIENT,27-Jun-2024,2900.0,CE,336.65,336.65,285.0,300.5,300.5,75,719.92,15900,15600,06-MAY-2024,
OPTSTK,ADANIENT,27-Jun-2024,2950.0,CE,274.85,274.85,274.85,274.85,274.85,1,9.67,300,300,06-MAY-2024,
OPTSTK,ADANIENT,27-Jun-2024,3000.0,CE,290.05,290.05,245.05,258.95,258.95,260,2541.86,66300,24900,06-MAY-2024,
OPTSTK,ADANIENT,27-Jun-2024,3050.0,CE,248.5,248.5,229.4,229.95,207.95,18,177.63,3900,3600,06-MAY-2024,
OPTSTK,ADANIENT,27-Jun-2024,3100.0,CE,263.9,263.9,212.0,221.65,221.65,110,1096.69,153000,8400,06-MAY-2024,
OPTSTK,ADANIENT,27-Jun-2024,3150.0,CE,0.0,0.0,0.0,238.0,173.65,0,0.0,1200,0,06-MAY-2024,
OPTSTK,ADANIENT,27-Jun-2024,3200.0,CE,202.85,211.8,178.15,184.6,184.6,215,2187.93,110400,11400,06-MAY-2024,
OPTSTK,ADANIENT,27-Jun-2024,3250.0,CE,174.4,174.4,171.3,171.3,144.2,2,20.53,300,0,06-MAY-2024,
OPTSTK,ADANIENT,27-Jun-2024,3300.0,CE,170.0,177.8,150.0,154.0,154.0,104,1078.93,44700,19200,06-MAY-2024,
OPTSTK,ADANIENT,27-Jun-2024,3350.0,CE,151.95,151.95,151.95,151.95,151.95,5,52.52,1500,1500,06-MAY-2024,
OPTSTK,ADANIENT,27-Jun-2024,3400.0,CE,133.3,133.95,126.75,132.5,132.5,22,233.0,7800,2100,06-MAY-2024,
OPTSTK,ADANIENT,27-Jun-2024,3500.0,CE,135.0,135.0,106.0,112.65,112.65,95,1029.96,35100,15300,06-MAY-2024,
OPTSTK,ADANIENT,27-Jun-2024,3600.0,CE,102.55,110.0,90.0,92.65,92.65,243,2694.71,146700,21000,06-MAY-2024,
OPTSTK,ADANIENT,27-Jun-2024,2500.0,PE,99.9,142.55,99.9,129.35,129.35,193,1519.75,47400,25800,06-MAY-2024,
OPTSTK,ADANIENT,27-Jun-2024,2600.0,PE,123.0,174.95,120.0,161.25,161.25,74,611.03,66900,12300,06-MAY-2024,
OPTSTK,ADANIENT,27-Jun-2024,2700.0,PE,145.35,205.75,145.35,194.85,194.85,35,303.32,24300,6600,06-MAY-2024,
OPTSTK,ADANIENT,27-Jun-2024,2750.0,PE,213.95,213.95,204.7,212.5,190.7,3,26.64,3600,900,06-MAY-2024,
OPTSTK,ADANIENT,27-Jun-2024,2800.0,PE,202.3,250.05,201.9,239.9,239.9,71,645.08,43500,6000,06-MAY-2024,
OPTSTK,ADANIENT,27-Jun-2024,2850.0,PE,264.45,265.65,264.2,265.65,238.6,3,28.03,900,300,06-MAY-2024,
OPTSTK,ADANIENT,27-Jun-2024,2900.0,PE,239.0,302.05,239.0,289.2,289.2,131,1248.4,60600,2700,06-MAY-2024,
OPTSTK,ADANIENT,27-Jun-2024,2950.0,PE,314.7,314.7,298.7,298.7,292.4,2,19.54,1500,600,06-MAY-2024,
OPTSTK,ADANIENT,27-Jun-2024,3000.0,PE,293.65,356.6,293.65,345.0,345.0,83,829.32,109200,13500,06-MAY-2024,
OPTSTK,ADANIENT,27-Jun-2024,3050.0,PE,356.95,356.95,356.95,356.95,351.85,2,20.44,900,-300,06-MAY-2024,
OPTSTK,ADANIENT,27-Jun-2024,3100.0,PE,349.4,434.2,349.35,416.3,383.55,34,358.46,27600,-6600,06-MAY-2024,
OPTSTK,ADANIENT,27-Jun-2024,3150.0,PE,446.2,446.2,446.2,446.2,416.5,1,10.78,300,-300,06-MAY-2024,
OPTSTK,ADANIENT,27-Jun-2024,3200.0,PE,461.95,461.95,461.95,461.95,450.7,1,10.98,3900,-300,06-MAY-2024,
OPTSTK,ADANIENT,27-Jun-2024,3250.0,PE,0.0,0.0,0.0,376.2,486.0,0,0.0,0,0,06-MAY-2024,
OPTSTK,ADANIENT,27-Jun-2024,3300.0,PE,521.85,521.85,521.85,521.85,522.55,1,11.46,600,300,06-MAY-2024,
OPTSTK,ADANIENT,27-Jun-2024,3350.0,PE,0.0,0.0,0.0,437.35,560.05,0,0.0,0,0,06-MAY-2024,
OPTSTK,ADANIENT,27-Jun-2024,3400.0,PE,0.0,0.0,0.0,488.45,598.5,0,0.0,0,0,06-MAY-2024,
OPTSTK,ADANIENT,27-Jun-2024,3500.0,PE,0.0,0.0,0.0,550.65,677.9,0,0.0,0,0,06-MAY-2024,
OPTSTK,ADANIENT,27-Jun-2024,3600.0,PE,0.0,0.0,0.0,616.15,760.6,0,0.0,0,0,06-MAY-2024,
OPTSTK,ADANIENT,25-Jul-2024,2600.0,CE,0.0,0.0,0.0,701.4,495.55,0,0.0,0,0,06-MAY-2024,
OPTSTK,ADANIENT,25-Jul-2024,2700.0,CE,0.0,0.0,0.0,636.3,438.85,0,0.0,0,0,06-MAY-2024,
OPTSTK,ADANIENT,25-Jul-2024,2800.0,CE,0.0,0.0,0.0,575.45,387.15,0,0.0,0,0,06-MAY-2024,
OPTSTK,ADANIENT,25-Jul-2024,2900.0,CE,0.0,0.0,0.0,519.05,340.3,0,0.0,0,0,06-MAY-2024,
OPTSTK,ADANIENT,25-Jul-2024,3000.0,CE,0.0,0.0,0.0,466.95,298.05,0,0.0,0,0,06-MAY-2024,
OPTSTK,ADANIENT,25-Jul-2024,3100.0,CE,0.0,0.0,0.0,419.0,260.25,0,0.0,0,0,06-MAY-2024,
OPTSTK,ADANIENT,25-Jul-2024,3200.0,CE,0.0,0.0,0.0,375.15,226.5,0,0.0,0,0,06-MAY-2024,
OPTSTK,ADANIENT,25-Jul-2024,3300.0,CE,0.0,0.0,0.0,335.1,196.6,0,0.0,0,0,06-MAY-2024,
OPTSTK,ADANIENT,25-Jul-2024,3400.0,CE,0.0,0.0,0.0,298.7,170.3,0,0.0,0,0,06-MAY-2024,
OPTSTK,ADANIENT,25-Jul-2024,2600.0,PE,0.0,0.0,0.0,139.2,179.75,0,0.0,0,0,06-MAY-2024,
OPTSTK,ADANIENT,25-Jul-2024,2700.0,PE,0.0,0.0,0.0,172.25,221.5,0,0.0,0,0,06-MAY-2024,
OPTSTK,ADANIENT,25-Jul-2024,2800.0,PE,0.0,0.0,0.0,209.6,268.2,0,0.0,0,0,06-MAY-2024,
OPTSTK,ADANIENT,25-Jul-2024,2900.0,PE,0.0,0.0,0.0,251.45,319.75,0,0.0,0,0,06-MAY-2024,
OPTSTK,ADANIENT,25-Jul-2024,3000.0,PE,0.0,0.0,0.0,297.5,375.95,0,0.0,0,0,06-MAY-2024,
OPTSTK,ADANIENT,25-Jul-2024,3100.0,PE,0.0,0.0,0.0,347.8,436.5,0,0.0,0,0,06-MAY-2024,
OPTSTK,ADANIENT,25-Jul-2024,3200.0,PE,0.0,0.0,0.0,402.1,501.2,0,0.0,0,0,06-MAY-2024,
OPTSTK,ADANIENT,25-Jul-2024,3300.0,PE,0.0,0.0,0.0,460.25,569.7,0,0.0,0,0,06-MAY-2024,
OPTSTK,ADANIENT,25-Jul-2024,3400.0,PE,0.0,0.0,0.0,522.05,641.85,0,0.0,0,0,06-MAY-2024,
OPTSTK,ADANIPORTS,30-May-2024,1080.0,CE,0.0,0.0,0.0,247.25,218.3,0,0.0,8800,0,06-MAY-2024,
OPTSTK,ADANIPORTS,30-May-2024,1120.0,CE,0.0,0.0,0.0,213.0,181.95,0,0.0,16000,0,06-MAY-2024,
OPTSTK,ADANIPORTS,30-May-2024,1160.0,CE,144.9,145.65,117.65,142.75,142.75,19,98.21,4000,3600,06-MAY-2024,
OPTSTK,ADANIPORTS,30-May-2024,1180.0,CE,126.2,126.2,117.4,123.0,132.15,6,31.25,14800,400,06-MAY-2024,
OPTSTK,ADANIPORTS,30-May-2024,1200.0,CE,121.2,127.95,84.1,108.05,108.05,369,1919.09,111200,-16800,06-MAY-2024,
OPTSTK,ADANIPORTS,30-May-2024,1220.0,CE,91.3,91.3,91.3,91.3,103.15,1,5.24,4400,400,06-MAY-2024,
OPTSTK,ADANIPORTS,30-May-2024,1240.0,CE,74.65,79.15,55.85,74.75,74.75,529,2762.33,86000,46400,06-MAY-2024,
OPTSTK,ADANIPORTS,30-May-2024,1260.0,CE,75.85,75.85,44.35,61.0,61.0,2091,10991.89,90800,42800,06-MAY-2024,
OPTSTK,ADANIPORTS,30-May-2024,1280.0,CE,65.55,65.55,34.55,48.3,48.3,3861,20453.36,157200,72000,06-MAY-2024,
OPTSTK,ADANIPORTS,30-May-2024,1300.0,CE,52.9,52.9,26.75,37.75,37.75,10570,56450.08,997200,290400,06-MAY-2024,
OPTSTK,ADANIPORTS,30-May-2024,1320.0,CE,42.9,42.95,20.65,28.85,28.85,7168,38626.62,638400,110800,06-MAY-2024,
OPTSTK,ADANIPORTS,30-May-2024,1340.0,CE,34.4,34.9,15.95,21.4,21.4,9321,50751.25,1643600,52000,06-MAY-2024,
OPTSTK,ADANIPORTS,30-May-2024,1360.0,CE,26.95,27.05,12.25,16.35,16.35,8414,46314.35,1646400,116800,06-MAY-2024,
OPTSTK,ADANIPORTS,30-May-2024,1380.0,CE,21.25,21.35,9.5,12.25,12.25,6528,36354.31,831200,38400,06-MAY-2024,
OPTSTK,ADANIPORTS,30-May-2024,1400.0,CE,16.05,17.0,7.6,9.45,9.45,14856,83761.4,3559600,-1200,06-MAY-2024,
OPTSTK,ADANIPORTS,30-May-2024,1420.0,CE,11.9,11.9,5.85,6.9,6.9,3947,22528.88,1209200,147600,06-MAY-2024,
OPTSTK,ADANIPORTS,30-May-2024,1440.0,CE,9.45,9.45,4.65,5.25,5.25,3205,18530.89,403600,40400,06-MAY-2024,
OPTSTK,ADANIPORTS,30-May-2024,1460.0,CE,7.25,7.3,3.7,4.2,4.2,3148,18438.57,741600,-12400,06-MAY-2024,
OPTSTK,ADANIPORTS,30-May-2024,1480.0,CE,4.45,4.7,3.0,3.55,3.55,1991,11814.21,230400,-10000,06-MAY-2024,
OPTSTK,ADANIPORTS,30-May-2024,1500.0,CE,4.55,5.05,2.6,3.1,3.1,4202,25263.18,1313200,-22800,06-MAY-2024,
OPTSTK,ADANIPORTS,30-May-2024,1520.0,CE,3.85,3.9,2.2,2.45,2.45,1424,8672.09,182000,-75200,06-MAY-2024,
OPTSTK,ADANIPORTS,30-May-2024,1560.0,CE,2.5,2.5,1.6,1.8,1.8,173,1080.76,184800,-2000,06-MAY-2024,
OPTSTK,ADANIPORTS,30-May-2024,1600.0,CE,1.8,2.05,1.25,1.4,1.4,925,5925.39,438000,28800,06-MAY-2024,
OPTSTK,ADANIPORTS,30-May-2024,1000.0,PE,1.95,4.25,1.6,2.25,2.25,723,2900.14,245200,70400,06-MAY-2024,
OPTSTK,ADANIPORTS,30-May-2024,1060.0,PE,4.2,6.4,2.8,3.05,3.05,203,864.29,20000,17600,06-MAY-2024,
OPTSTK,ADANIPORTS,30-May-2024,1080.0,PE,5.35,7.5,3.65,3.75,3.75,593,2573.26,83200,67200,06-MAY-2024,
OPTSTK,ADANIPORTS,30-May-2024,1100.0,PE,3.35,9.1,2.7,4.65,4.65,2867,12684.2,424800,74800,06-MAY-2024,
OPTSTK,ADANIPORTS,30-May-2024,1120.0,PE,4.3,10.7,3.2,5.75,5.75,1427,6434.59,69200,-6000,06-MAY-2024,
OPTSTK,ADANIPORTS,30-May-2024,1140.0,PE,4.9,12.9,3.75,7.1,7.1,2433,11175.21,424800,60000,06-MAY-2024,
OPTSTK,ADANIPORTS,30-May-2024,1160.0,PE,7.2,15.25,4.4,8.65,8.65,2776,12988.49,314400,63600,06-MAY-2024,
OPTSTK,ADANIPORTS,30-May-2024,1180.0,PE,5.6,18.6,5.15,10.6,10.6,2188,10428.92,193600,-50800,06-MAY-2024,
OPTSTK,ADANIPORTS,30-May-2024,1200.0,PE,5.85,22.5,5.85,12.9,12.9,7799,37885.45,1252000,-92000,06-MAY-2024,
OPTSTK,ADANIPORTS,30-May-2024,1220.0,PE,7.5,27.5,7.5,15.7,15.7,2957,14635.07,354800,13600,06-MAY-2024,
OPTSTK,ADANIPORTS,30-May-2024,1240.0,PE,9.45,33.6,9.35,19.75,19.75,4037,20393.59,709600,16800,06-MAY-2024,
OPTSTK,ADANIPORTS,30-May-2024,1260.0,PE,14.35,41.7,13.85,25.35,25.35,6952,35847.91,549600,2000,06-MAY-2024,
OPTSTK,ADANIPORTS,30-May-2024,1280.0,PE,18.5,51.0,18.3,32.15,32.15,5630,29654.48,806800,400,06-MAY-2024,
OPTSTK,ADANIPORTS,30-May-2024,1300.0,PE,27.3,63.2,24.6,41.2,41.2,5193,27912.01,1327200,-92800,06-MAY-2024,
OPTSTK,ADANIPORTS,30-May-2024,1320.0,PE,35.4,77.0,35.4,52.25,52.25,1834,10098.24,551200,-98000,06-MAY-2024,
OPTSTK,ADANIPORTS,30-May-2024,1340.0,PE,45.0,91.75,44.95,65.0,65.0,938,5276.27,484800,-80400,06-MAY-2024,
OPTSTK,ADANIPORTS,30-May-2024,1360.0,PE,61.45,106.7,61.45,79.45,79.45,284,1644.94,485200,-54800,06-MAY-2024,
OPTSTK,ADANIPORTS,30-May-2024,1380.0,PE,79.05,119.9,79.05,97.15,97.15,49,290.66,61200,5200,06-MAY-2024,
OPTSTK,ADANIPORTS,30-May-2024,1400.0,PE,92.0,139.75,90.0,111.0,126.95,107,651.93,395200,2400,06-MAY-2024,
OPTSTK,ADANIPORTS,30-May-2024,1420.0,PE,116.45,154.85,116.45,146.3,142.55,20,124.73,143200,4400,06-MAY-2024,
OPTSTK,ADANIPORTS,30-May-2024,1440.0,PE,146.4,178.25,145.35,145.35,158.85,7,44.75,33600,1600,06-MAY-2024,
OPTSTK,ADANIPORTS,30-May-2024,1460.0,PE,137.2,197.1,137.2,197.1,175.75,3,19.44,114000,800,06-MAY-2024,
OPTSTK,ADANIPORTS,30-May-2024,1480.0,PE,0.0,0.0,0.0,136.55,193.15,0,0.0,6400,0,06-MAY-2024,
OPTSTK,ADANIPORTS,30-May-2024,1500.0,PE,232.3,232.3,206.8,206.8,211.0,5,34.39,19200,400,06-MAY-2024,
OPTSTK,ADANIPORTS,30-May-2024,1520.0,PE,233.0,233.0,233.0,233.0,229.25,1,7.01,1200,400,06-MAY-2024,
OPTSTK,ADANIPORTS,27-Jun-2024,1120.0,CE,0.0,0.0,0.0,272.05,202.2,0,0.0,0,0,06-MAY-2024,
OPTSTK,ADANIPORTS,27-Jun-2024,1160.0,CE,0.0,0.0,0.0,242.7,172.2,0,0.0,0,0,06-MAY-2024,
OPTSTK,ADANIPORTS,27-Jun-2024,1200.0,CE,140.0,151.0,140.0,151.0,144.75,4,21.52,2000,1600,06-MAY-2024,
OPTSTK,ADANIPORTS,27-Jun-2024,1220.0,CE,0.0,0.0,0.0,171.45,132.15,0,0.0,0,0,06-MAY-2024,
OPTSTK,ADANIPORTS,27-Jun-2024,1240.0,CE,0.0,0.0,0.0,189.75,120.25,0,0.0,0,0,06-MAY-2024,
OPTSTK,ADANIPORTS,27-Jun-2024,1260.0,CE,0.0,0.0,0.0,146.4,109.05,0,0.0,0,0,06-MAY-2024,
OPTSTK,ADANIPORTS,27-Jun-2024,1280.0,CE,117.1,117.1,101.55,106.4,98.65,8,44.33,1600,1600,06-MAY-2024,
OPTSTK,ADANIPORTS,27-Jun-2024,1300.0,CE,105.65,106.0,82.0,93.5,93.5,557,3099.87,140400,126000,06-MAY-2024,
OPTSTK,ADANIPORTS,27-Jun-2024,1320.0,CE,87.95,87.95,76.75,84.3,84.3,14,78.52,9200,-2000,06-MAY-2024,
OPTSTK,ADANIPORTS,27-Jun-2024,1340.0,CE,76.05,79.7,66.25,75.05,75.05,41,231.78,22400,6400,06-MAY-2024,
OPTSTK,ADANIPORTS,27-Jun-2024,1360.0,CE,75.25,80.05,58.0,66.15,66.15,210,1196.9,220400,52000,06-MAY-2024,
OPTSTK,ADANIPORTS,27-Jun-2024,1380.0,CE,0.0,0.0,0.0,71.15,57.05,0,0.0,2000,0,06-MAY-2024,
OPTSTK,ADANIPORTS,27-Jun-2024,1400.0,CE,65.4,65.4,45.0,53.75,53.75,559,3250.51,323600,56400,06-MAY-2024,
OPTSTK,ADANIPORTS,27-Jun-2024,1420.0,CE,0.0,0.0,0.0,71.25,44.9,0,0.0,0,0,06-MAY-2024,
OPTSTK,ADANIPORTS,27-Jun-2024,1440.0,CE,0.0,0.0,0.0,93.65,39.7,0,0.0,0,0,06-MAY-2024,
OPTSTK,ADANIPORTS,27-Jun-2024,1460.0,CE,0.0,0.0,0.0,58.3,35.0,0,0.0,0,0,06-MAY-2024,
OPTSTK,ADANIPORTS,27-Jun-2024,1480.0,CE,0.0,0.0,0.0,80.15,30.8,0,0.0,0,0,06-MAY-2024,
OPTSTK,ADANIPORTS,27-Jun-2024,1520.0,CE,33.75,33.75,26.1,27.7,27.7,116,718.37,262800,22800,06-MAY-2024,
OPTSTK,ADANIPORTS,27-Jun-2024,1120.0,PE,30.0,40.5,25.0,26.05,26.05,54,248.16,28000,4800,06-MAY-2024,
OPTSTK,ADANIPORTS,27-Jun-2024,1160.0,PE,0.0,0.0,0.0,23.05,30.3,0,0.0,2400,0,06-MAY-2024,
OPTSTK,ADANIPORTS,27-Jun-2024,1200.0,PE,44.5,65.0,44.5,50.3,50.3,96,481.13,103600,20800,06-MAY-2024,
OPTSTK,ADANIPORTS,27-Jun-2024,1220.0,PE,0.0,0.0,0.0,45.6,49.6,0,0.0,0,0,06-MAY-2024,
OPTSTK,ADANIPORTS,27-Jun-2024,1240.0,PE,62.2,78.95,62.2,78.95,57.5,2,10.48,400,400,06-MAY-2024,
OPTSTK,ADANIPORTS,27-Jun-2024,1260.0,PE,56.1,56.1,56.1,56.1,66.15,1,5.26,4800,400,06-MAY-2024,
OPTSTK,ADANIPORTS,27-Jun-2024,1280.0,PE,96.6,97.8,82.0,85.15,85.15,25,136.63,84000,4400,06-MAY-2024,
OPTSTK,ADANIPORTS,27-Jun-2024,1300.0,PE,81.95,113.5,81.95,93.5,93.5,376,2100.15,204800,60800,06-MAY-2024,
OPTSTK,ADANIPORTS,27-Jun-2024,1320.0,PE,93.65,123.0,93.65,105.15,96.4,11,62.94,20400,-400,06-MAY-2024,
OPTSTK,ADANIPORTS,27-Jun-2024,1340.0,PE,130.0,130.0,109.7,109.7,107.9,2,11.67,13600,400,06-MAY-2024,
OPTSTK,ADANIPORTS,27-Jun-2024,1360.0,PE,140.7,140.7,129.0,129.0,120.05,21,125.17,25200,7600,06-MAY-2024,
OPTSTK,ADANIPORTS,27-Jun-2024,1380.0,PE,0.0,0.0,0.0,118.55,132.85,0,0.0,0,0,06-MAY-2024,
OPTSTK,ADANIPORTS,27-Jun-2024,1400.0,PE,130.2,162.4,130.2,153.7,153.7,36,223.68,87600,10400,06-MAY-2024,
OPTSTK,ADANIPORTS,27-Jun-2024,1420.0,PE,0.0,0.0,0.0,142.9,160.3,0,0.0,0,0,06-MAY-2024,
OPTSTK,ADANIPORTS,27-Jun-2024,1440.0,PE,0.0,0.0,0.0,166.05,174.95,0,0.0,0,0,06-MAY-2024,
OPTSTK,ADANIPORTS,27-Jun-2024,1460.0,PE,0.0,0.0,0.0,169.45,190.05,0,0.0,0,0,06-MAY-2024,
OPTSTK,ADANIPORTS,27-Jun-2024,1480.0,PE,0.0,0.0,0.0,191.85,205.6,0,0.0,0,0,06-MAY-2024,
OPTSTK,ADANIPORTS,27-Jun-2024,1520.0,PE,243.45,243.45,243.45,243.45,237.95,1,7.05,400,400,06-MAY-2024,
OPTSTK,ADANIPORTS,25-Jul-2024,1120.0,CE,0.0,0.0,0.0,261.8,220.85,0,0.0,0,0,06-MAY-2024,
OPTSTK,ADANIPORTS,25-Jul-2024,1200.0,CE,0.0,0.0,0.0,205.6,167.1,0,0.0,0,0,06-MAY-2024,
OPTSTK,ADANIPORTS,25-Jul-2024,1240.0,CE,0.0,0.0,0.0,180.65,143.75,0,0.0,0,0,06-MAY-2024,
OPTSTK,ADANIPORTS,25-Jul-2024,1280.0,CE,0.0,0.0,0.0,157.8,122.8,0,0.0,0,0,06-MAY-2024,
OPTSTK,ADANIPORTS,25-Jul-2024,1320.0,CE,0.0,0.0,0.0,137.1,104.15,0,0.0,0,0,06-MAY-2024,
OPTSTK,ADANIPORTS,25-Jul-2024,1360.0,CE,0.0,0.0,0.0,118.45,87.75,0,0.0,0,0,06-MAY-2024,
OPTSTK,ADANIPORTS,25-Jul-2024,1400.0,CE,0.0,0.0,0.0,101.85,73.4,0,0.0,0,0,06-MAY-2024,
OPTSTK,ADANIPORTS,25-Jul-2024,1440.0,CE,0.0,0.0,0.0,87.1,61.05,0,0.0,0,0,06-MAY-2024,
OPTSTK,ADANIPORTS,25-Jul-2024,1520.0,CE,0.0,0.0,0.0,62.85,41.6,0,0.0,0,0,06-MAY-2024,
OPTSTK,ADANIPORTS,25-Jul-2024,1120.0,PE,0.0,0.0,0.0,31.0,33.2,0,0.0,0,0,06-MAY-2024,
OPTSTK,ADANIPORTS,25-Jul-2024,1200.0,PE,0.0,0.0,0.0,53.4,58.15,0,0.0,0,0,06-MAY-2024,
OPTSTK,ADANIPORTS,25-Jul-2024,1240.0,PE,0.0,0.0,0.0,67.7,74.2,0,0.0,0,0,06-MAY-2024,
OPTSTK,ADANIPORTS,25-Jul-2024,1280.0,PE,0.0,0.0,0.0,84.15,92.6,0,0.0,0,0,06-MAY-2024,
OPTSTK,ADANIPORTS,25-Jul-2024,1320.0,PE,0.0,0.0,0.0,90.0,113.3,0,0.0,400,0,06-MAY-2024,
OPTSTK,ADANIPORTS,25-Jul-2024,1360.0,PE,0.0,0.0,0.0,123.35,136.3,0,0.0,0,0,06-MAY-2024,
OPTSTK,ADANIPORTS,25-Jul-2024,1400.0,PE,0.0,0.0,0.0,146.0,161.35,0,0.0,0,0,06-MAY-2024,
OPTSTK,ADANIPORTS,25-Jul-2024,1440.0,PE,0.0,0.0,0.0,170.55,188.35,0,0.0,0,0,06-MAY-2024,
OPTSTK,ADANIPORTS,25-Jul-2024,1520.0,PE,0.0,0.0,0.0,224.85,247.6,0,0.0,0,0,06-MAY-2024,
OPTSTK,ALKEM,30-May-2024,4000.0,CE,0.0,0.0,0.0,1209.25,1167.45,0,0.0,0,0,06-MAY-2024,
OPTSTK,ALKEM,30-May-2024,4100.0,CE,0.0,0.0,0.0,662.0,1068.0,0,0.0,200,0,06-MAY-2024,
OPTSTK,ALKEM,30-May-2024,4200.0,CE,0.0,0.0,0.0,1024.55,968.7,0,0.0,0,0,06-MAY-2024,
OPTSTK,ALKEM,30-May-2024,4300.0,CE,0.0,0.0,0.0,935.55,869.8,0,0.0,0,0,06-MAY-2024,
OPTSTK,ALKEM,30-May-2024,4350.0,CE,0.0,0.0,0.0,679.2,820.6,0,0.0,0,0,06-MAY-2024,
OPTSTK,ALKEM,30-May-2024,4400.0,CE,0.0,0.0,0.0,849.35,771.65,0,0.0,0,0,06-MAY-2024,
OPTSTK,ALKEM,30-May-2024,4450.0,CE,0.0,0.0,0.0,507.85,723.05,0,0.0,100,0,06-MAY-2024,
OPTSTK,ALKEM,30-May-2024,4500.0,CE,0.0,0.0,0.0,467.1,674.95,0,0.0,600,0,06-MAY-2024,
OPTSTK,ALKEM,30-May-2024,4550.0,CE,0.0,0.0,0.0,503.0,627.45,0,0.0,400,0,06-MAY-2024,
OPTSTK,ALKEM,30-May-2024,4600.0,CE,0.0,0.0,0.0,687.45,580.7,0,0.0,0,0,06-MAY-2024,
OPTSTK,ALKEM,30-May-2024,4650.0,CE,441.9,515.7,441.9,515.7,534.85,3,15.4,300,300,06-MAY-2024,
OPTSTK,ALKEM,30-May-2024,4700.0,CE,480.0,480.0,432.45,463.25,490.15,9,46.41,1300,300,06-MAY-2024,
OPTSTK,ALKEM,30-May-2024,4750.0,CE,0.0,0.0,0.0,280.3,446.8,0,0.0,1100,0,06-MAY-2024,
OPTSTK,ALKEM,30-May-2024,4800.0,CE,252.0,437.9,236.35,433.1,433.1,128,655.13,9500,-300,06-MAY-2024,
OPTSTK,ALKEM,30-May-2024,4850.0,CE,190.0,399.1,190.0,395.35,395.35,51,261.53,2100,100,06-MAY-2024,
OPTSTK,ALKEM,30-May-2024,4900.0,CE,200.9,369.0,175.05,359.9,359.9,542,2808.84,11400,-6400,06-MAY-2024,
OPTSTK,ALKEM,30-May-2024,4950.0,CE,174.0,328.05,163.0,326.7,326.7,98,508.88,2700,-200,06-MAY-2024,
OPTSTK,ALKEM,30-May-2024,5000.0,CE,153.0,305.1,131.7,296.0,296.0,2831,14793.42,23800,-16500,06-MAY-2024,
OPTSTK,ALKEM,30-May-2024,5050.0,CE,140.0,277.1,108.6,267.45,267.45,171,903.23,1700,600,06-MAY-2024,
OPTSTK,ALKEM,30-May-2024,5100.0,CE,110.85,250.0,97.7,240.3,240.3,4494,23879.65,20700,3800,06-MAY-2024,
OPTSTK,ALKEM,30-May-2024,5150.0,CE,165.05,222.0,165.05,213.15,213.15,56,300.28,2200,2100,06-MAY-2024,
OPTSTK,ALKEM,30-May-2024,5200.0,CE,90.0,204.05,73.9,192.45,192.45,2159,11586.82,16800,6100,06-MAY-2024,
OPTSTK,ALKEM,30-May-2024,5250.0,CE,93.85,177.95,93.85,172.8,172.8,62,335.19,900,100,06-MAY-2024,
OPTSTK,ALKEM,30-May-2024,5300.0,CE,63.75,162.85,50.75,151.55,151.55,468,2539.84,8200,3300,06-MAY-2024,
OPTSTK,ALKEM,30-May-2024,5350.0,CE,100.25,142.35,99.4,134.7,134.7,39,213.46,1100,1100,06-MAY-2024,
OPTSTK,ALKEM,30-May-2024,5400.0,CE,40.0,131.7,35.9,118.95,118.95,203,1118.21,4100,2700,06-MAY-2024,
OPTSTK,ALKEM,30-May-2024,5450.0,CE,0.0,0.0,0.0,87.95,60.85,0,0.0,0,0,06-MAY-2024,
OPTSTK,ALKEM,30-May-2024,5500.0,CE,31.3,102.0,25.85,92.8,92.8,3223,17956.73,33400,9600,06-MAY-2024,
OPTSTK,ALKEM,30-May-2024,5550.0,CE,0.0,0.0,0.0,68.05,40.45,0,0.0,0,0,06-MAY-2024,
OPTSTK,ALKEM,30-May-2024,5600.0,CE,54.85,66.95,54.85,62.95,62.95,3,16.98,300,300,06-MAY-2024,
OPTSTK,ALKEM,30-May-2024,5650.0,CE,0.0,0.0,0.0,52.2,26.2,0,0.0,0,0,06-MAY-2024,
OPTSTK,ALKEM,30-May-2024,5700.0,CE,30.75,61.75,29.8,55.05,55.05,435,2499.51,6800,4200,06-MAY-2024,
OPTSTK,ALKEM,30-May-2024,5750.0,CE,0.0,0.0,0.0,39.65,16.4,0,0.0,0,0,06-MAY-2024,
OPTSTK,ALKEM,30-May-2024,5800.0,CE,0.0,0.0,0.0,111.7,12.85,0,0.0,0,0,06-MAY-2024,
OPTSTK,ALKEM,30-May-2024,5850.0,CE,0.0,0.0,0.0,29.75,10.0,0,0.0,0,0,06-MAY-2024,
OPTSTK,ALKEM,30-May-2024,4000.0,PE,0.0,0.0,0.0,9.3,0.05,0,0.0,0,0,06-MAY-2024,
OPTSTK,ALKEM,30-May-2024,4100.0,PE,0.0,0.0,0.0,14.15,0.15,0,0.0,0,0,06-MAY-2024,
OPTSTK,ALKEM,30-May-2024,4200.0,PE,3.0,5.8,3.0,5.55,5.55,8,33.63,1400,-300,06-MAY-2024,
OPTSTK,ALKEM,30-May-2024,4300.0,PE,15.2,18.7,5.25,7.0,7.0,66,284.67,5000,1900,06-MAY-2024,
OPTSTK,ALKEM,30-May-2024,4350.0,PE,0.0,0.0,0.0,70.5,1.6,0,0.0,200,0,06-MAY-2024,
OPTSTK,ALKEM,30-May-2024,4400.0,PE,23.3,25.0,9.85,11.3,11.3,207,914.21,14000,-5200,06-MAY-2024,
OPTSTK,ALKEM,30-May-2024,4450.0,PE,27.0,35.55,8.0,9.5,9.5,194,869.09,2700,2500,06-MAY-2024,
OPTSTK,ALKEM,30-May-2024,4500.0,PE,30.0,38.1,12.35,13.65,13.65,352,1591.6,19600,-4100,06-MAY-2024,
OPTSTK,ALKEM,30-May-2024,4550.0,PE,0.0,0.0,0.0,70.15,7.5,0,0.0,0,0,06-MAY-2024,
OPTSTK,ALKEM,30-May-2024,4600.0,PE,45.0,56.8,19.45,20.65,20.65,223,1032.27,7900,-4200,06-MAY-2024,
OPTSTK,ALKEM,30-May-2024,4650.0,PE,38.85,38.85,38.85,38.85,14.45,1,4.68,1500,0,06-MAY-2024,
OPTSTK,ALKEM,30-May-2024,4700.0,PE,84.0,84.0,30.9,31.8,31.8,277,1317.27,16400,-3200,06-MAY-2024,
OPTSTK,ALKEM,30-May-2024,4750.0,PE,0.0,0.0,0.0,97.6,25.9,0,0.0,100,0,06-MAY-2024,
OPTSTK,ALKEM,30-May-2024,4800.0,PE,116.75,116.75,47.0,49.05,49.05,158,770.32,9400,-600,06-MAY-2024,
OPTSTK,ALKEM,30-May-2024,4850.0,PE,118.9,131.95,58.2,60.55,60.55,57,281.39,2300,1600,06-MAY-2024,
OPTSTK,ALKEM,30-May-2024,4900.0,PE,135.0,151.1,71.55,73.8,73.8,184,919.6,6700,3200,06-MAY-2024,
OPTSTK,ALKEM,30-May-2024,4950.0,PE,90.0,90.0,87.5,89.2,89.2,3,15.11,2100,0,06-MAY-2024,
OPTSTK,ALKEM,30-May-2024,5000.0,PE,215.95,215.95,105.0,108.35,108.35,290,1489.4,10100,3700,06-MAY-2024,
OPTSTK,ALKEM,30-May-2024,5050.0,PE,153.5,165.3,125.0,127.15,127.15,40,207.5,2100,2100,06-MAY-2024,
OPTSTK,ALKEM,30-May-2024,5100.0,PE,290.0,290.0,147.85,152.6,152.6,306,1614.91,10500,6900,06-MAY-2024,
OPTSTK,ALKEM,30-May-2024,5150.0,PE,180.0,180.0,173.15,175.85,175.85,19,101.19,600,400,06-MAY-2024,
OPTSTK,ALKEM,30-May-2024,5200.0,PE,213.0,213.0,199.0,202.1,202.1,47,254.08,800,200,06-MAY-2024,
OPTSTK,ALKEM,30-May-2024,5250.0,PE,0.0,0.0,0.0,384.15,200.95,0,0.0,300,0,06-MAY-2024,
OPTSTK,ALKEM,30-May-2024,5300.0,PE,282.6,282.6,258.3,259.45,259.45,4,22.26,200,100,06-MAY-2024,
OPTSTK,ALKEM,30-May-2024,5350.0,PE,0.0,0.0,0.0,467.05,264.45,0,0.0,200,0,06-MAY-2024,
OPTSTK,ALKEM,30-May-2024,5400.0,PE,341.6,341.6,328.25,331.15,331.15,33,189.13,3000,3000,06-MAY-2024,
OPTSTK,ALKEM,30-May-2024,5450.0,PE,0.0,0.0,0.0,529.35,336.75,0,0.0,0,0,06-MAY-2024,
OPTSTK,ALKEM,30-May-2024,5500.0,PE,475.0,475.0,475.0,475.0,375.4,1,5.97,300,100,06-MAY-2024,
OPTSTK,ALKEM,30-May-2024,5550.0,PE,0.0,0.0,0.0,608.25,415.9,0,0.0,0,0,06-MAY-2024,
OPTSTK,ALKEM,30-May-2024,5600.0,PE,0.0,0.0,0.0,684.95,457.9,0,0.0,100,0,06-MAY-2024,
OPTSTK,ALKEM,30-May-2024,5650.0,PE,0.0,0.0,0.0,691.15,501.15,0,0.0,0,0,06-MAY-2024,
OPTSTK,ALKEM,30-May-2024,5700.0,PE,0.0,0.0,0.0,603.7,545.55,0,0.0,0,0,06-MAY-2024,
OPTSTK,ALKEM,30-May-2024,5750.0,PE,0.0,0.0,0.0,777.35,590.95,0,0.0,0,0,06-MAY-2024,
OPTSTK,ALKEM,30-May-2024,5800.0,PE,0.0,0.0,0.0,679.0,637.15,0,0.0,0,0,06-MAY-2024,
OPTSTK,ALKEM,30-May-2024,5850.0,PE,0.0,0.0,0.0,866.3,684.05,0,0.0,0,0,06-MAY-2024,
OPTSTK,ALKEM,27-Jun-2024,4000.0,CE,0.0,0.0,0.0,1029.65,1192.0,0,0.0,0,0,06-MAY-2024,
OPTSTK,ALKEM,27-Jun-2024,4100.0,CE,0.0,0.0,0.0,939.25,1094.6,0,0.0,0,0,06-MAY-2024,
OPTSTK,ALKEM,27-Jun-2024,4200.0,CE,0.0,0.0,0.0,851.55,998.3,0,0.0,0,0,06-MAY-2024,
OPTSTK,ALKEM,27-Jun-2024,4300.0,CE,0.0,0.0,0.0,767.1,903.55,0,0.0,0,0,06-MAY-2024,
OPTSTK,ALKEM,27-Jun-2024,4350.0,CE,0.0,0.0,0.0,616.3,856.95,0,0.0,0,0,06-MAY-2024,
OPTSTK,ALKEM,27-Jun-2024,4400.0,CE,0.0,0.0,0.0,686.4,811.0,0,0.0,0,0,06-MAY-2024,
OPTSTK,ALKEM,27-Jun-2024,4450.0,CE,0.0,0.0,0.0,536.5,765.75,0,0.0,0,0,06-MAY-2024,
OPTSTK,ALKEM,27-Jun-2024,4500.0,CE,0.0,0.0,0.0,609.95,721.35,0,0.0,0,0,06-MAY-2024,
OPTSTK,ALKEM,27-Jun-2024,4550.0,CE,0.0,0.0,0.0,462.15,677.85,0,0.0,0,0,06-MAY-2024,
OPTSTK,ALKEM,27-Jun-2024,4600.0,CE,0.0,0.0,0.0,538.25,635.35,0,0.0,0,0,06-MAY-2024,
OPTSTK,ALKEM,27-Jun-2024,4650.0,CE,0.0,0.0,0.0,393.4,594.0,0,0.0,0,0,06-MAY-2024,
OPTSTK,ALKEM,27-Jun-2024,4700.0,CE,0.0,0.0,0.0,471.3,553.8,0,0.0,0,0,06-MAY-2024,
OPTSTK,ALKEM,27-Jun-2024,4750.0,CE,0.0,0.0,0.0,331.25,514.95,0,0.0,0,0,06-MAY-2024,
OPTSTK,ALKEM,27-Jun-2024,4800.0,CE,0.0,0.0,0.0,409.8,477.6,0,0.0,0,0,06-MAY-2024,
OPTSTK,ALKEM,27-Jun-2024,4850.0,CE,0.0,0.0,0.0,275.65,441.55,0,0.0,0,0,06-MAY-2024,
OPTSTK,ALKEM,27-Jun-2024,4900.0,CE,0.0,0.0,0.0,353.75,406.8,0,0.0,0,0,06-MAY-2024,
OPTSTK,ALKEM,27-Jun-2024,4950.0,CE,0.0,0.0,0.0,226.75,373.9,0,0.0,0,0,06-MAY-2024,
OPTSTK,ALKEM,27-Jun-2024,5000.0,CE,0.0,0.0,0.0,303.1,342.65,0,0.0,0,0,06-MAY-2024,
OPTSTK,ALKEM,27-Jun-2024,5050.0,CE,0.0,0.0,0.0,184.3,313.05,0,0.0,0,0,06-MAY-2024,
OPTSTK,ALKEM,27-Jun-2024,5100.0,CE,0.0,0.0,0.0,257.8,285.1,0,0.0,0,0,06-MAY-2024,
OPTSTK,ALKEM,27-Jun-2024,5150.0,CE,0.0,0.0,0.0,148.05,258.9,0,0.0,0,0,06-MAY-2024,
OPTSTK,ALKEM,27-Jun-2024,5200.0,CE,0.0,0.0,0.0,217.65,234.3,0,0.0,0,0,06-MAY-2024,
OPTSTK,ALKEM,27-Jun-2024,5250.0,CE,0.0,0.0,0.0,117.55,211.45,0,0.0,0,0,06-MAY-2024,
OPTSTK,ALKEM,27-Jun-2024,5300.0,CE,0.0,0.0,0.0,182.5,190.2,0,0.0,0,0,06-MAY-2024,
OPTSTK,ALKEM,27-Jun-2024,5350.0,CE,0.0,0.0,0.0,92.55,170.55,0,0.0,0,0,06-MAY-2024,
OPTSTK,ALKEM,27-Jun-2024,5400.0,CE,0.0,0.0,0.0,151.9,152.45,0,0.0,0,0,06-MAY-2024,
OPTSTK,ALKEM,27-Jun-2024,5450.0,CE,0.0,0.0,0.0,71.75,135.9,0,0.0,0,0,06-MAY-2024,
OPTSTK,ALKEM,27-Jun-2024,5500.0,CE,0.0,0.0,0.0,125.8,120.7,0,0.0,0,0,06-MAY-2024,
OPTSTK,ALKEM,27-Jun-2024,5550.0,CE,0.0,0.0,0.0,55.1,106.9,0,0.0,0,0,06-MAY-2024,
OPTSTK,ALKEM,27-Jun-2024,5600.0,CE,0.0,0.0,0.0,103.45,94.65,0,0.0,0,0,06-MAY-2024,
OPTSTK,ALKEM,27-Jun-2024,5650.0,CE,0.0,0.0,0.0,41.85,83.25,0,0.0,0,0,06-MAY-2024,
OPTSTK,ALKEM,27-Jun-2024,5700.0,CE,0.0,0.0,0.0,84.25,73.05,0,0.0,0,0,06-MAY-2024,
OPTSTK,ALKEM,27-Jun-2024,5750.0,CE,0.0,0.0,0.0,31.45,63.95,0,0.0,0,0,06-MAY-2024,
OPTSTK,ALKEM,27-Jun-2024,5800.0,CE,0.0,0.0,0.0,68.3,55.8,0,0.0,0,0,06-MAY-2024,
OPTSTK,ALKEM,27-Jun-2024,5850.0,CE,0.0,0.0,0.0,23.4,48.55,0,0.0,0,0,06-MAY-2024,
OPTSTK,ALKEM,27-Jun-2024,4000.0,PE,0.0,0.0,0.0,16.15,1.8,0,0.0,0,0,06-MAY-2024,
OPTSTK,ALKEM,27-Jun-2024,4100.0,PE,0.0,0.0,0.0,23.95,3.4,0,0.0,0,0,06-MAY-2024,
OPTSTK,ALKEM,27-Jun-2024,4200.0,PE,0.0,0.0,0.0,34.45,6.05,0,0.0,0,0,06-MAY-2024,
OPTSTK,ALKEM,27-Jun-2024,4300.0,PE,0.0,0.0,0.0,48.25,10.3,0,0.0,0,0,06-MAY-2024,
OPTSTK,ALKEM,27-Jun-2024,4350.0,PE,0.0,0.0,0.0,44.1,13.2,0,0.0,0,0,06-MAY-2024,
OPTSTK,ALKEM,27-Jun-2024,4400.0,PE,57.0,60.0,57.0,60.0,16.7,2,8.91,200,0,06-MAY-2024,
OPTSTK,ALKEM,27-Jun-2024,4450.0,PE,0.0,0.0,0.0,63.05,20.95,0,0.0,0,0,06-MAY-2024,
OPTSTK,ALKEM,27-Jun-2024,4500.0,PE,0.0,0.0,0.0,87.5,26.05,0,0.0,0,0,06-MAY-2024,
OPTSTK,ALKEM,27-Jun-2024,4550.0,PE,0.0,0.0,0.0,87.45,32.0,0,0.0,0,0,06-MAY-2024,
OPTSTK,ALKEM,27-Jun-2024,4600.0,PE,0.0,0.0,0.0,114.05,39.0,0,0.0,0,0,06-MAY-2024,
OPTSTK,ALKEM,27-Jun-2024,4650.0,PE,0.0,0.0,0.0,117.45,47.1,0,0.0,0,0,06-MAY-2024,
OPTSTK,ALKEM,27-Jun-2024,4700.0,PE,0.0,0.0,0.0,145.3,56.45,0,0.0,0,0,06-MAY-2024,
OPTSTK,ALKEM,27-Jun-2024,4750.0,PE,0.0,0.0,0.0,154.05,67.05,0,0.0,0,0,06-MAY-2024,
OPTSTK,ALKEM,27-Jun-2024,4800.0,PE,139.6,150.05,120.0,122.5,122.5,6,29.61,600,600,06-MAY-2024,
OPTSTK,ALKEM,27-Jun-2024,4850.0,PE,0.0,0.0,0.0,197.2,92.6,0,0.0,0,0,06-MAY-2024,
OPTSTK,ALKEM,27-Jun-2024,4900.0,PE,0.0,0.0,0.0,224.15,107.4,0,0.0,0,0,06-MAY-2024,
OPTSTK,ALKEM,27-Jun-2024,4950.0,PE,0.0,0.0,0.0,247.0,123.95,0,0.0,0,0,06-MAY-2024,
OPTSTK,ALKEM,27-Jun-2024,5000.0,PE,0.0,0.0,0.0,271.7,142.15,0,0.0,0,0,06-MAY-2024,
OPTSTK,ALKEM,27-Jun-2024,5050.0,PE,0.0,0.0,0.0,303.35,162.05,0,0.0,0,0,06-MAY-2024,
OPTSTK,ALKEM,27-Jun-2024,5100.0,PE,0.0,0.0,0.0,324.65,183.6,0,0.0,0,0,06-MAY-2024,
OPTSTK,ALKEM,27-Jun-2024,5150.0,PE,0.0,0.0,0.0,365.85,206.85,0,0.0,0,0,06-MAY-2024,
OPTSTK,ALKEM,27-Jun-2024,5200.0,PE,0.0,0.0,0.0,382.75,231.8,0,0.0,0,0,06-MAY-2024,
OPTSTK,ALKEM,27-Jun-2024,5250.0,PE,0.0,0.0,0.0,434.1,258.4,0,0.0,0,0,06-MAY-2024,
OPTSTK,ALKEM,27-Jun-2024,5300.0,PE,0.0,0.0,0.0,445.75,286.65,0,0.0,0,0,06-MAY-2024,
OPTSTK,ALKEM,27-Jun-2024,5350.0,PE,0.0,0.0,0.0,507.85,316.5,0,0.0,0,0,06-MAY-2024,
OPTSTK,ALKEM,27-Jun-2024,5400.0,PE,0.0,0.0,0.0,513.4,347.9,0,0.0,0,0,06-MAY-2024,
OPTSTK,ALKEM,27-Jun-2024,5450.0,PE,0.0,0.0,0.0,585.75,380.8,0,0.0,0,0,06-MAY-2024,
OPTSTK,ALKEM,27-Jun-2024,5500.0,PE,0.0,0.0,0.0,585.5,415.1,0,0.0,0,0,06-MAY-2024,
OPTSTK,ALKEM,27-Jun-2024,5550.0,PE,0.0,0.0,0.0,667.85,450.8,0,0.0,0,0,06-MAY-2024,
OPTSTK,ALKEM,27-Jun-2024,5600.0,PE,0.0,0.0,0.0,661.35,488.0,0,0.0,0,0,06-MAY-2024,
OPTSTK,ALKEM,27-Jun-2024,5650.0,PE,0.0,0.0,0.0,753.35,526.05,0,0.0,0,0,06-MAY-2024,
OPTSTK,ALKEM,27-Jun-2024,5700.0,PE,0.0,0.0,0.0,740.35,565.4,0,0.0,0,0,06-MAY-2024,
OPTSTK,ALKEM,27-Jun-2024,5750.0,PE,0.0,0.0,0.0,841.7,605.75,0,0.0,0,0,06-MAY-2024,
OPTSTK,ALKEM,27-Jun-2024,5800.0,PE,0.0,0.0,0.0,822.65,647.1,0,0.0,0,0,06-MAY-2024,
OPTSTK,ALKEM,27-Jun-2024,5850.0,PE,0.0,0.0,0.0,932.4,689.35,0,0.0,0,0,06-MAY-2024,
OPTSTK,ALKEM,25-Jul-2024,4000.0,CE,0.0,0.0,0.0,960.2,1219.1,0,0.0,0,0,06-MAY-2024,
OPTSTK,ALKEM,25-Jul-2024,4200.0,CE,0.0,0.0,0.0,785.7,1032.0,0,0.0,0,0,06-MAY-2024,
OPTSTK,ALKEM,25-Jul-2024,4300.0,CE,0.0,0.0,0.0,703.65,941.5,0,0.0,0,0,06-MAY-2024,
OPTSTK,ALKEM,25-Jul-2024,4400.0,CE,0.0,0.0,0.0,625.7,853.7,0,0.0,0,0,06-MAY-2024,
OPTSTK,ALKEM,25-Jul-2024,4500.0,CE,0.0,0.0,0.0,552.5,769.15,0,0.0,0,0,06-MAY-2024,
OPTSTK,ALKEM,25-Jul-2024,4600.0,CE,0.0,0.0,0.0,483.9,688.3,0,0.0,0,0,06-MAY-2024,
OPTSTK,ALKEM,25-Jul-2024,4700.0,CE,0.0,0.0,0.0,420.85,611.75,0,0.0,0,0,06-MAY-2024,
OPTSTK,ALKEM,25-Jul-2024,4800.0,CE,0.0,0.0,0.0,363.25,539.9,0,0.0,0,0,06-MAY-2024,
OPTSTK,ALKEM,25-Jul-2024,4900.0,CE,0.0,0.0,0.0,311.2,472.8,0,0.0,0,0,06-MAY-2024,
OPTSTK,ALKEM,25-Jul-2024,5000.0,CE,0.0,0.0,0.0,264.55,411.1,0,0.0,0,0,06-MAY-2024,
OPTSTK,ALKEM,25-Jul-2024,5100.0,CE,0.0,0.0,0.0,223.2,354.85,0,0.0,0,0,06-MAY-2024,
OPTSTK,ALKEM,25-Jul-2024,5200.0,CE,0.0,0.0,0.0,186.95,304.0,0,0.0,0,0,06-MAY-2024,
OPTSTK,ALKEM,25-Jul-2024,5300.0,CE,0.0,0.0,0.0,155.45,258.55,0,0.0,0,0,06-MAY-2024,
OPTSTK,ALKEM,25-Jul-2024,5400.0,CE,0.0,0.0,0.0,128.3,218.25,0,0.0,0,0,06-MAY-2024,
OPTSTK,ALKEM,25-Jul-2024,5500.0,CE,0.0,0.0,0.0,105.5,182.9,0,0.0,0,0,06-MAY-2024,
OPTSTK,ALKEM,25-Jul-2024,5600.0,CE,0.0,0.0,0.0,85.75,152.15,0,0.0,0,0,06-MAY-2024,
OPTSTK,ALKEM,25-Jul-2024,5700.0,CE,0.0,0.0,0.0,69.4,125.95,0,0.0,0,0,06-MAY-2024,
OPTSTK,ALKEM,25-Jul-2024,5800.0,CE,0.0,0.0,0.0,55.8,103.45,0,0.0,0,0,06-MAY-2024,
OPTSTK,ALKEM,25-Jul-2024,4000.0,PE,0.0,0.0,0.0,20.3,6.95,0,0.0,0,0,06-MAY-2024,
OPTSTK,ALKEM,25-Jul-2024,4200.0,PE,0.0,0.0,0.0,42.2,16.65,0,0.0,0,0,06-MAY-2024,
OPTSTK,ALKEM,25-Jul-2024,4300.0,PE,0.0,0.0,0.0,58.3,24.6,0,0.0,0,0,06-MAY-2024,
OPTSTK,ALKEM,25-Jul-2024,4400.0,PE,0.0,0.0,0.0,78.6,35.2,0,0.0,0,0,06-MAY-2024,
OPTSTK,ALKEM,25-Jul-2024,4500.0,PE,0.0,0.0,0.0,103.55,49.05,0,0.0,0,0,06-MAY-2024,
OPTSTK,ALKEM,25-Jul-2024,4600.0,PE,0.0,0.0,0.0,133.2,66.65,0,0.0,0,0,06-MAY-2024,
OPTSTK,ALKEM,25-Jul-2024,4700.0,PE,0.0,0.0,0.0,168.35,88.5,0,0.0,0,0,06-MAY-2024,
OPTSTK,ALKEM,25-Jul-2024,4800.0,PE,0.0,0.0,0.0,208.95,115.1,0,0.0,0,0,06-MAY-2024,
OPTSTK,ALKEM,25-Jul-2024,4900.0,PE,0.0,0.0,0.0,255.05,146.35,0,0.0,0,0,06-MAY-2024,
OPTSTK,ALKEM,25-Jul-2024,5000.0,PE,0.0,0.0,0.0,306.6,183.15,0,0.0,0,0,06-MAY-2024,
OPTSTK,ALKEM,25-Jul-2024,5100.0,PE,0.0,0.0,0.0,363.45,225.3,0,0.0,0,0,06-MAY-2024,
OPTSTK,ALKEM,25-Jul-2024,5200.0,PE,0.0,0.0,0.0,425.4,272.85,0,0.0,0,0,06-MAY-2024,
OPTSTK,ALKEM,25-Jul-2024,5300.0,PE,0.0,0.0,0.0,492.05,325.8,0,0.0,0,0,06-MAY-2024,
OPTSTK,ALKEM,25-Jul-2024,5400.0,PE,0.0,0.0,0.0,563.15,383.9,0,0.0,0,0,06-MAY-2024,
OPTSTK,ALKEM,25-Jul-2024,5500.0,PE,0.0,0.0,0.0,638.5,447.0,0,0.0,0,0,06-MAY-2024,
OPTSTK,ALKEM,25-Jul-2024,5600.0,PE,0.0,0.0,0.0,717.0,514.65,0,0.0,0,0,06-MAY-2024,
OPTSTK,ALKEM,25-Jul-2024,5700.0,PE,0.0,0.0,0.0,798.8,586.85,0,0.0,0,0,06-MAY-2024,
OPTSTK,ALKEM,25-Jul-2024,5800.0,PE,0.0,0.0,0.0,883.4,662.8,0,0.0,0,0,06-MAY-2024,
OPTSTK,AMBUJACEM,30-May-2024,500.0,CE,0.0,0.0,0.0,144.0,110.35,0,0.0,14400,0,06-MAY-2024,
OPTSTK,AMBUJACEM,30-May-2024,520.0,CE,0.0,0.0,0.0,100.5,91.4,0,0.0,1800,0,06-MAY-2024,
OPTSTK,AMBUJACEM,30-May-2024,540.0,CE,0.0,0.0,0.0,99.85,73.5,0,0.0,3600,0,06-MAY-2024,
OPTSTK,AMBUJACEM,30-May-2024,550.0,CE,58.0,68.55,58.0,68.55,65.05,3,16.59,21600,1800,06-MAY-2024,
OPTSTK,AMBUJACEM,30-May-2024,560.0,CE,52.05,61.4,52.05,52.95,52.95,19,105.66,16200,9000,06-MAY-2024,
OPTSTK,AMBUJACEM,30-May-2024,570.0,CE,52.9,52.9,41.85,50.55,49.55,16,89.08,8100,-2700,06-MAY-2024,
OPTSTK,AMBUJACEM,30-May-2024,580.0,CE,44.15,44.15,34.2,37.9,37.9,38,211.66,74700,4500,06-MAY-2024,
OPTSTK,AMBUJACEM,30-May-2024,590.0,CE,30.4,35.65,25.85,31.2,31.2,73,408.87,45000,1800,06-MAY-2024,
OPTSTK,AMBUJACEM,30-May-2024,600.0,CE,34.7,34.7,20.3,24.75,24.75,778,4377.73,712800,13500,06-MAY-2024,
OPTSTK,AMBUJACEM,30-May-2024,610.0,CE,27.6,27.6,15.75,19.15,19.15,1591,9016.79,395100,208800,06-MAY-2024,
OPTSTK,AMBUJACEM,30-May-2024,620.0,CE,22.55,22.95,12.15,15.15,15.15,3118,17845.06,954000,378000,06-MAY-2024,
OPTSTK,AMBUJACEM,30-May-2024,630.0,CE,18.5,18.5,9.35,11.5,11.5,3372,19501.25,1461600,16200,06-MAY-2024,
OPTSTK,AMBUJACEM,30-May-2024,640.0,CE,14.15,14.3,7.35,8.9,8.9,2635,15405.11,1557000,20700,06-MAY-2024,
OPTSTK,AMBUJACEM,30-May-2024,650.0,CE,10.8,11.15,5.7,6.7,6.7,2634,15584.58,2067300,5400,06-MAY-2024,
OPTSTK,AMBUJACEM,30-May-2024,660.0,CE,8.1,8.5,4.45,5.1,5.1,953,5709.42,715500,52200,06-MAY-2024,
OPTSTK,AMBUJACEM,30-May-2024,670.0,CE,6.2,6.35,3.35,4.0,4.0,609,3695.87,568800,-63900,06-MAY-2024,
OPTSTK,AMBUJACEM,30-May-2024,680.0,CE,4.5,4.9,2.6,3.05,3.05,682,4193.99,582300,63900,06-MAY-2024,
OPTSTK,AMBUJACEM,30-May-2024,690.0,CE,3.5,3.5,2.0,2.45,2.45,294,1832.46,223200,5400,06-MAY-2024,
OPTSTK,AMBUJACEM,30-May-2024,700.0,CE,2.75,2.85,1.5,2.0,2.0,814,5142.7,1509300,-85500,06-MAY-2024,
OPTSTK,AMBUJACEM,30-May-2024,720.0,CE,1.65,1.65,1.1,1.35,1.35,233,1512.52,336600,-37800,06-MAY-2024,
OPTSTK,AMBUJACEM,30-May-2024,740.0,CE,1.15,1.15,0.75,1.0,1.0,226,1506.93,610200,-42300,06-MAY-2024,
OPTSTK,AMBUJACEM,30-May-2024,500.0,PE,1.2,2.2,0.95,1.15,1.15,344,1552.63,123300,67500,06-MAY-2024,
OPTSTK,AMBUJACEM,30-May-2024,520.0,PE,1.25,2.65,1.25,1.7,1.7,659,3095.5,209700,195300,06-MAY-2024,
OPTSTK,AMBUJACEM,30-May-2024,540.0,PE,1.0,3.95,0.95,2.9,2.9,800,3907.01,261900,106200,06-MAY-2024,
OPTSTK,AMBUJACEM,30-May-2024,550.0,PE,1.15,4.95,1.1,3.9,3.9,977,4865.18,1395900,6300,06-MAY-2024,
OPTSTK,AMBUJACEM,30-May-2024,560.0,PE,1.7,6.25,1.7,4.85,4.85,586,2974.06,201600,-4500,06-MAY-2024,
OPTSTK,AMBUJACEM,30-May-2024,570.0,PE,2.3,8.05,2.3,6.4,6.4,855,4428.27,225000,27000,06-MAY-2024,
OPTSTK,AMBUJACEM,30-May-2024,580.0,PE,3.25,10.7,3.05,8.3,8.3,3222,17028.78,1230300,47700,06-MAY-2024,
OPTSTK,AMBUJACEM,30-May-2024,590.0,PE,4.5,13.9,4.5,11.3,11.3,3114,16814.63,1494900,708300,06-MAY-2024,
OPTSTK,AMBUJACEM,30-May-2024,600.0,PE,6.85,18.45,6.75,14.7,14.7,2515,13877.3,1945800,117000,06-MAY-2024,
OPTSTK,AMBUJACEM,30-May-2024,610.0,PE,10.2,23.55,10.0,18.75,18.75,1454,8212.9,621900,100800,06-MAY-2024,
OPTSTK,AMBUJACEM,30-May-2024,620.0,PE,14.15,29.9,14.1,24.65,24.65,1165,6741.9,1309500,-108900,06-MAY-2024,
OPTSTK,AMBUJACEM,30-May-2024,630.0,PE,19.35,37.1,19.25,31.45,31.45,661,3918.6,421200,-146700,06-MAY-2024,
OPTSTK,AMBUJACEM,30-May-2024,640.0,PE,28.2,43.9,25.15,39.1,39.1,185,1125.89,395100,-2700,06-MAY-2024,
OPTSTK,AMBUJACEM,30-May-2024,650.0,PE,38.05,52.5,38.05,46.75,46.75,57,356.66,361800,900,06-MAY-2024,
OPTSTK,AMBUJACEM,30-May-2024,660.0,PE,47.75,60.9,47.75,51.55,58.25,25,160.35,218700,-2700,06-MAY-2024,
OPTSTK,AMBUJACEM,30-May-2024,670.0,PE,49.85,70.65,49.85,64.75,64.75,31,203.97,135000,9900,06-MAY-2024,
OPTSTK,AMBUJACEM,30-May-2024,680.0,PE,65.3,77.7,65.3,69.35,74.7,18,121.53,54900,2700,06-MAY-2024,
OPTSTK,AMBUJACEM,30-May-2024,690.0,PE,67.3,78.6,67.3,78.6,83.4,7,48.16,62100,1800,06-MAY-2024,
OPTSTK,AMBUJACEM,30-May-2024,700.0,PE,91.3,91.35,90.0,90.0,92.4,12,85.34,170100,1800,06-MAY-2024,
OPTSTK,AMBUJACEM,30-May-2024,720.0,PE,0.0,0.0,0.0,119.7,110.95,0,0.0,0,0,06-MAY-2024,
OPTSTK,AMBUJACEM,30-May-2024,740.0,PE,0.0,0.0,0.0,135.7,130.1,0,0.0,0,0,06-MAY-2024,
OPTSTK,AMBUJACEM,27-Jun-2024,520.0,CE,0.0,0.0,0.0,113.75,98.95,0,0.0,0,0,06-MAY-2024,
OPTSTK,AMBUJACEM,27-Jun-2024,540.0,CE,0.0,0.0,0.0,99.0,82.95,0,0.0,0,0,06-MAY-2024,
OPTSTK,AMBUJACEM,27-Jun-2024,560.0,CE,0.0,0.0,0.0,85.35,68.35,0,0.0,0,0,06-MAY-2024,
OPTSTK,AMBUJACEM,27-Jun-2024,570.0,CE,0.0,0.0,0.0,89.35,61.6,0,0.0,0,0,06-MAY-2024,
OPTSTK,AMBUJACEM,27-Jun-2024,580.0,CE,0.0,0.0,0.0,73.0,55.35,0,0.0,0,0,06-MAY-2024,
OPTSTK,AMBUJACEM,27-Jun-2024,590.0,CE,0.0,0.0,0.0,75.3,49.45,0,0.0,0,0,06-MAY-2024,
OPTSTK,AMBUJACEM,27-Jun-2024,600.0,CE,48.1,50.95,48.1,50.95,44.05,3,17.54,12600,900,06-MAY-2024,
OPTSTK,AMBUJACEM,27-Jun-2024,610.0,CE,0.0,0.0,0.0,62.75,39.0,0,0.0,0,0,06-MAY-2024,
OPTSTK,AMBUJACEM,27-Jun-2024,620.0,CE,43.35,43.35,35.5,38.45,34.4,75,444.81,70200,57600,06-MAY-2024,
OPTSTK,AMBUJACEM,27-Jun-2024,630.0,CE,33.6,33.8,31.4,33.8,33.8,4,23.86,3600,900,06-MAY-2024,
OPTSTK,AMBUJACEM,27-Jun-2024,640.0,CE,35.0,35.3,25.45,29.8,29.8,49,295.65,87300,26100,06-MAY-2024,
OPTSTK,AMBUJACEM,27-Jun-2024,650.0,CE,26.1,32.0,24.95,27.05,27.05,91,556.01,133200,55800,06-MAY-2024,
OPTSTK,AMBUJACEM,27-Jun-2024,660.0,CE,27.3,27.3,22.8,26.9,20.0,14,86.32,79200,0,06-MAY-2024,
OPTSTK,AMBUJACEM,27-Jun-2024,670.0,CE,0.0,0.0,0.0,33.7,17.25,0,0.0,0,0,06-MAY-2024,
OPTSTK,AMBUJACEM,27-Jun-2024,680.0,CE,0.0,0.0,0.0,29.55,14.9,0,0.0,0,0,06-MAY-2024,
OPTSTK,AMBUJACEM,27-Jun-2024,690.0,CE,0.0,0.0,0.0,26.75,12.75,0,0.0,0,0,06-MAY-2024,
OPTSTK,AMBUJACEM,27-Jun-2024,700.0,CE,14.0,16.75,14.0,16.0,10.9,20,128.77,36900,8100,06-MAY-2024,
OPTSTK,AMBUJACEM,27-Jun-2024,720.0,CE,0.0,0.0,0.0,19.6,7.85,0,0.0,0,0,06-MAY-2024,
OPTSTK,AMBUJACEM,27-Jun-2024,740.0,CE,8.7,9.0,8.7,8.85,5.6,4,26.95,4500,2700,06-MAY-2024,
OPTSTK,AMBUJACEM,27-Jun-2024,520.0,PE,7.8,7.8,7.8,7.8,6.2,1,4.75,5400,900,06-MAY-2024,
OPTSTK,AMBUJACEM,27-Jun-2024,540.0,PE,8.15,13.85,8.15,12.7,9.95,18,89.49,18000,9900,06-MAY-2024,
OPTSTK,AMBUJACEM,27-Jun-2024,560.0,PE,0.0,0.0,0.0,23.0,15.2,0,0.0,0,0,06-MAY-2024,
OPTSTK,AMBUJACEM,27-Jun-2024,570.0,PE,0.0,0.0,0.0,12.0,18.35,0,0.0,1800,0,06-MAY-2024,
OPTSTK,AMBUJACEM,27-Jun-2024,580.0,PE,19.0,25.0,19.0,25.0,21.95,6,32.5,26100,-1800,06-MAY-2024,
OPTSTK,AMBUJACEM,27-Jun-2024,590.0,PE,0.0,0.0,0.0,19.55,26.0,0,0.0,0,0,06-MAY-2024,
OPTSTK,AMBUJACEM,27-Jun-2024,600.0,PE,35.0,37.0,28.05,34.5,30.45,77,438.19,81000,-7200,06-MAY-2024,
OPTSTK,AMBUJACEM,27-Jun-2024,610.0,PE,0.0,0.0,0.0,26.75,35.35,0,0.0,0,0,06-MAY-2024,
OPTSTK,AMBUJACEM,27-Jun-2024,620.0,PE,41.45,44.55,40.0,44.55,44.55,86,512.02,99900,70200,06-MAY-2024,
OPTSTK,AMBUJACEM,27-Jun-2024,630.0,PE,0.0,0.0,0.0,35.0,46.35,0,0.0,900,0,06-MAY-2024,
OPTSTK,AMBUJACEM,27-Jun-2024,640.0,PE,48.05,54.0,48.05,52.0,52.45,4,24.91,3600,3600,06-MAY-2024,
OPTSTK,AMBUJACEM,27-Jun-2024,650.0,PE,0.0,0.0,0.0,49.55,58.95,0,0.0,900,0,06-MAY-2024,
OPTSTK,AMBUJACEM,27-Jun-2024,660.0,PE,0.0,0.0,0.0,71.8,65.8,0,0.0,0,0,06-MAY-2024,
OPTSTK,AMBUJACEM,27-Jun-2024,670.0,PE,0.0,0.0,0.0,56.95,72.95,0,0.0,0,0,06-MAY-2024,
OPTSTK,AMBUJACEM,27-Jun-2024,680.0,PE,0.0,0.0,0.0,85.05,80.5,0,0.0,0,0,06-MAY-2024,
OPTSTK,AMBUJACEM,27-Jun-2024,690.0,PE,0.0,0.0,0.0,69.75,88.25,0,0.0,0,0,06-MAY-2024,
OPTSTK,AMBUJACEM,27-Jun-2024,700.0,PE,0.0,0.0,0.0,99.25,96.3,0,0.0,0,0,06-MAY-2024,
OPTSTK,AMBUJACEM,27-Jun-2024,720.0,PE,0.0,0.0,0.0,114.35,113.05,0,0.0,0,0,06-MAY-2024,
OPTSTK,AMBUJACEM,27-Jun-2024,740.0,PE,0.0,0.0,0.0,130.2,130.55,0,0.0,0,0,06-MAY-2024,
OPTSTK,AMBUJACEM,25-Jul-2024,520.0,CE,0.0,0.0,0.0,136.05,106.35,0,0.0,0,0,06-MAY-2024,
OPTSTK,AMBUJACEM,25-Jul-2024,560.0,CE,0.0,0.0,0.0,105.15,77.75,0,0.0,0,0,06-MAY-2024,
OPTSTK,AMBUJACEM,25-Jul-2024,580.0,CE,0.0,0.0,0.0,91.3,65.4,0,0.0,0,0,06-MAY-2024,
OPTSTK,AMBUJACEM,25-Jul-2024,600.0,CE,0.0,0.0,0.0,78.65,54.45,0,0.0,0,0,06-MAY-2024,
OPTSTK,AMBUJACEM,25-Jul-2024,620.0,CE,0.0,0.0,0.0,67.25,44.9,0,0.0,0,0,06-MAY-2024,
OPTSTK,AMBUJACEM,25-Jul-2024,640.0,CE,0.0,0.0,0.0,57.05,36.65,0,0.0,0,0,06-MAY-2024,
OPTSTK,AMBUJACEM,25-Jul-2024,660.0,CE,0.0,0.0,0.0,48.0,29.6,0,0.0,0,0,06-MAY-2024,
OPTSTK,AMBUJACEM,25-Jul-2024,680.0,CE,0.0,0.0,0.0,40.1,23.7,0,0.0,0,0,06-MAY-2024,
OPTSTK,AMBUJACEM,25-Jul-2024,700.0,CE,0.0,0.0,0.0,33.3,18.85,0,0.0,0,0,06-MAY-2024,
OPTSTK,AMBUJACEM,25-Jul-2024,720.0,CE,0.0,0.0,0.0,27.45,14.85,0,0.0,0,0,06-MAY-2024,
OPTSTK,AMBUJACEM,25-Jul-2024,520.0,PE,0.0,0.0,0.0,8.3,10.75,0,0.0,0,0,06-MAY-2024,
OPTSTK,AMBUJACEM,25-Jul-2024,560.0,PE,0.0,0.0,0.0,16.7,21.5,0,0.0,0,0,06-MAY-2024,
OPTSTK,AMBUJACEM,25-Jul-2024,580.0,PE,0.0,0.0,0.0,22.5,28.85,0,0.0,0,0,06-MAY-2024,
OPTSTK,AMBUJACEM,25-Jul-2024,600.0,PE,0.0,0.0,0.0,29.5,37.6,0,0.0,0,0,06-MAY-2024,
OPTSTK,AMBUJACEM,25-Jul-2024,620.0,PE,0.0,0.0,0.0,37.7,47.7,0,0.0,0,0,06-MAY-2024,
OPTSTK,AMBUJACEM,25-Jul-2024,640.0,PE,0.0,0.0,0.0,47.1,59.1,0,0.0,0,0,06-MAY-2024,
OPTSTK,AMBUJACEM,25-Jul-2024,660.0,PE,0.0,0.0,0.0,57.75,71.8,0,0.0,0,0,06-MAY-2024,
OPTSTK,AMBUJACEM,25-Jul-2024,680.0,PE,0.0,0.0,0.0,69.5,85.55,0,0.0,0,0,06-MAY-2024,
OPTSTK,AMBUJACEM,25-Jul-2024,700.0,PE,0.0,0.0,0.0,82.3,100.4,0,0.0,0,0,06-MAY-2024,
OPTSTK,AMBUJACEM,25-Jul-2024,720.0,PE,0.0,0.0,0.0,96.1,116.05,0,0.0,0,0,06-MAY-2024,
OPTSTK,APOLLOHOSP,30-May-2024,5000.0,CE,0.0,0.0,0.0,1220.65,1080.8,0,0.0,0,0,06-MAY-2024,
OPTSTK,APOLLOHOSP,30-May-2024,5050.0,CE,0.0,0.0,0.0,1375.15,1031.5,0,0.0,0,0,06-MAY-2024,
OPTSTK,APOLLOHOSP,30-May-2024,5100.0,CE,0.0,0.0,0.0,1132.15,982.35,0,0.0,0,0,06-MAY-2024,
OPTSTK,APOLLOHOSP,30-May-2024,5150.0,CE,0.0,0.0,0.0,1279.8,933.45,0,0.0,0,0,06-MAY-2024,
OPTSTK,APOLLOHOSP,30-May-2024,5200.0,CE,0.0,0.0,0.0,1046.0,884.8,0,0.0,0,0,06-MAY-2024,
OPTSTK,APOLLOHOSP,30-May-2024,5250.0,CE,0.0,0.0,0.0,1185.85,836.55,0,0.0,0,0,06-MAY-2024,
OPTSTK,APOLLOHOSP,30-May-2024,5300.0,CE,0.0,0.0,0.0,962.55,788.8,0,0.0,0,0,06-MAY-2024,
OPTSTK,APOLLOHOSP,30-May-2024,5350.0,CE,0.0,0.0,0.0,1093.65,741.55,0,0.0,0,0,06-MAY-2024,
OPTSTK,APOLLOHOSP,30-May-2024,5400.0,CE,0.0,0.0,0.0,637.75,695.0,0,0.0,125,0,06-MAY-2024,
OPTSTK,APOLLOHOSP,30-May-2024,5450.0,CE,0.0,0.0,0.0,1003.55,649.25,0,0.0,0,0,06-MAY-2024,
OPTSTK,APOLLOHOSP,30-May-2024,5500.0,CE,0.0,0.0,0.0,548.05,604.45,0,0.0,625,0,06-MAY-2024,
OPTSTK,APOLLOHOSP,30-May-2024,5550.0,CE,0.0,0.0,0.0,520.0,560.65,0,0.0,0,0,06-MAY-2024,
OPTSTK,APOLLOHOSP,30-May-2024,5600.0,CE,0.0,0.0,0.0,469.55,518.1,0,0.0,1750,0,06-MAY-2024,
OPTSTK,APOLLOHOSP,30-May-2024,5650.0,CE,0.0,0.0,0.0,417.75,476.9,0,0.0,875,0,06-MAY-2024,
OPTSTK,APOLLOHOSP,30-May-2024,5700.0,CE,385.0,415.45,385.0,390.7,437.15,5,38.12,7500,-125,06-MAY-2024,
OPTSTK,APOLLOHOSP,30-May-2024,5750.0,CE,365.85,365.85,362.2,362.2,399.0,2,15.28,1875,-125,06-MAY-2024,
OPTSTK,APOLLOHOSP,30-May-2024,5800.0,CE,313.3,335.1,309.05,330.0,362.55,28,214.32,15625,-1125,06-MAY-2024,
OPTSTK,APOLLOHOSP,30-May-2024,5850.0,CE,300.0,302.25,276.9,279.7,327.95,8,61.39,11375,-375,06-MAY-2024,
OPTSTK,APOLLOHOSP,30-May-2024,5900.0,CE,259.95,267.75,239.95,260.0,260.0,115,884.96,33125,-625,06-MAY-2024,
OPTSTK,APOLLOHOSP,30-May-2024,5950.0,CE,224.15,235.0,207.85,226.05,226.05,70,540.07,178875,-125,06-MAY-2024,
OPTSTK,APOLLOHOSP,30-May-2024,6000.0,CE,184.0,207.0,176.45,197.0,197.0,3438,26628.15,306875,97500,06-MAY-2024,
OPTSTK,APOLLOHOSP,30-May-2024,6050.0,CE,168.15,182.05,154.5,172.4,172.4,998,7759.49,52000,12750,06-MAY-2024,
OPTSTK,APOLLOHOSP,30-May-2024,6100.0,CE,149.95,158.5,133.75,149.65,149.65,1664,12996.34,74500,19125,06-MAY-2024,
OPTSTK,APOLLOHOSP,30-May-2024,6150.0,CE,125.0,137.45,112.35,128.35,128.35,243,1906.6,15125,1000,06-MAY-2024,
OPTSTK,APOLLOHOSP,30-May-2024,6200.0,CE,109.6,119.0,99.2,111.95,111.95,1024,8077.01,69875,7750,06-MAY-2024,
OPTSTK,APOLLOHOSP,30-May-2024,6250.0,CE,95.0,103.0,85.9,96.95,96.95,343,2720.41,23500,2125,06-MAY-2024,
OPTSTK,APOLLOHOSP,30-May-2024,6300.0,CE,82.0,90.15,73.6,83.75,83.75,1221,9740.05,100250,-8125,06-MAY-2024,
OPTSTK,APOLLOHOSP,30-May-2024,6350.0,CE,71.0,77.0,63.0,72.7,72.7,247,1982.33,19750,625,06-MAY-2024,
OPTSTK,APOLLOHOSP,30-May-2024,6400.0,CE,60.7,67.35,54.15,62.8,62.8,565,4563.0,41000,2750,06-MAY-2024,
OPTSTK,APOLLOHOSP,30-May-2024,6450.0,CE,51.35,57.85,47.45,54.55,54.55,95,772.15,5250,-750,06-MAY-2024,
OPTSTK,APOLLOHOSP,30-May-2024,6500.0,CE,43.85,51.05,39.75,47.4,47.4,917,7503.31,84375,6625,06-MAY-2024,
OPTSTK,APOLLOHOSP,30-May-2024,6550.0,CE,39.15,42.55,36.15,40.9,40.9,34,280.06,7250,0,06-MAY-2024,
OPTSTK,APOLLOHOSP,30-May-2024,6600.0,CE,32.85,38.1,30.35,35.85,35.85,273,2263.88,35000,4750,06-MAY-2024,
OPTSTK,APOLLOHOSP,30-May-2024,6650.0,CE,28.35,32.6,26.2,30.9,30.9,141,1177.18,11375,1375,06-MAY-2024,
OPTSTK,APOLLOHOSP,30-May-2024,6700.0,CE,21.95,28.55,21.95,26.55,26.55,103,865.89,24000,625,06-MAY-2024,
OPTSTK,APOLLOHOSP,30-May-2024,6750.0,CE,22.4,24.4,20.5,23.0,23.0,34,287.81,8500,1000,06-MAY-2024,
OPTSTK,APOLLOHOSP,30-May-2024,6800.0,CE,17.2,20.9,15.8,19.6,19.6,168,1431.86,16750,-500,06-MAY-2024,
OPTSTK,APOLLOHOSP,30-May-2024,6850.0,CE,15.5,18.0,14.55,16.25,15.45,26,223.12,4375,1375,06-MAY-2024,
OPTSTK,APOLLOHOSP,30-May-2024,6900.0,CE,13.2,15.85,12.1,15.05,15.05,91,786.45,6250,-2750,06-MAY-2024,
OPTSTK,APOLLOHOSP,30-May-2024,7000.0,CE,10.8,12.55,9.45,10.9,10.9,179,1568.64,55375,1500,06-MAY-2024,
OPTSTK,APOLLOHOSP,30-May-2024,7050.0,CE,8.0,8.0,7.0,7.0,6.55,2,17.64,1125,0,06-MAY-2024,
OPTSTK,APOLLOHOSP,30-May-2024,7100.0,CE,6.6,9.75,3.75,6.5,5.25,58,515.28,19500,-375,06-MAY-2024,
OPTSTK,APOLLOHOSP,30-May-2024,7200.0,CE,4.25,5.0,3.25,4.25,4.25,14,126.08,2625,1375,06-MAY-2024,
OPTSTK,APOLLOHOSP,30-May-2024,7300.0,CE,4.0,5.0,4.0,5.0,2.05,6,54.78,14000,-125,06-MAY-2024,
OPTSTK,APOLLOHOSP,30-May-2024,7400.0,CE,3.0,3.0,2.25,2.5,1.25,15,138.79,9625,-125,06-MAY-2024,
OPTSTK,APOLLOHOSP,30-May-2024,5000.0,PE,0.0,0.0,0.0,28.3,1.0,0,0.0,0,0,06-MAY-2024,
OPTSTK,APOLLOHOSP,30-May-2024,5050.0,PE,3.85,3.85,2.5,2.85,2.85,19,120.0,17250,-750,06-MAY-2024,
OPTSTK,APOLLOHOSP,30-May-2024,5100.0,PE,4.6,4.6,4.6,4.6,4.6,1,6.38,12875,0,06-MAY-2024,
OPTSTK,APOLLOHOSP,30-May-2024,5150.0,PE,0.0,0.0,0.0,7.25,2.95,0,0.0,1000,0,06-MAY-2024,
OPTSTK,APOLLOHOSP,30-May-2024,5200.0,PE,7.25,7.25,4.7,5.6,5.6,27,175.69,13625,-750,06-MAY-2024,
OPTSTK,APOLLOHOSP,30-May-2024,5250.0,PE,0.0,0.0,0.0,11.35,5.6,0,0.0,4625,0,06-MAY-2024,
OPTSTK,APOLLOHOSP,30-May-2024,5300.0,PE,7.1,9.45,7.1,9.0,9.0,35,232.21,10500,-2250,06-MAY-2024,
OPTSTK,APOLLOHOSP,30-May-2024,5350.0,PE,15.05,15.05,10.7,10.7,10.7,37,248.01,8625,0,06-MAY-2024,
OPTSTK,APOLLOHOSP,30-May-2024,5400.0,PE,17.4,19.05,11.3,12.45,12.45,134,906.8,26750,3000,06-MAY-2024,
OPTSTK,APOLLOHOSP,30-May-2024,5450.0,PE,20.0,23.45,14.1,15.5,15.5,117,799.81,16250,1000,06-MAY-2024,
OPTSTK,APOLLOHOSP,30-May-2024,5500.0,PE,23.65,28.7,16.25,18.45,18.45,339,2339.69,60875,3875,06-MAY-2024,
OPTSTK,APOLLOHOSP,30-May-2024,5550.0,PE,29.05,34.3,20.05,22.0,22.0,61,425.1,8125,-500,06-MAY-2024,
OPTSTK,APOLLOHOSP,30-May-2024,5600.0,PE,34.5,41.15,24.4,26.5,26.5,182,1280.83,38250,5875,06-MAY-2024,
OPTSTK,APOLLOHOSP,30-May-2024,5650.0,PE,40.0,48.3,29.7,32.4,32.4,195,1385.65,16125,-1500,06-MAY-2024,
OPTSTK,APOLLOHOSP,30-May-2024,5700.0,PE,45.8,57.9,35.95,39.25,39.25,683,4903.49,56500,-5000,06-MAY-2024,
OPTSTK,APOLLOHOSP,30-May-2024,5750.0,PE,59.25,69.0,44.45,47.6,47.6,122,885.05,12000,1500,06-MAY-2024,
OPTSTK,APOLLOHOSP,30-May-2024,5800.0,PE,67.0,83.25,53.4,56.95,56.95,643,4713.42,82375,4625,06-MAY-2024,
OPTSTK,APOLLOHOSP,30-May-2024,5850.0,PE,81.25,99.25,64.65,68.95,68.95,297,2200.49,13875,-250,06-MAY-2024,
OPTSTK,APOLLOHOSP,30-May-2024,5900.0,PE,99.0,115.0,76.75,82.7,82.7,802,6003.12,74750,23375,06-MAY-2024,
OPTSTK,APOLLOHOSP,30-May-2024,5950.0,PE,104.0,135.65,97.05,100.45,100.45,177,1341.51,18375,1500,06-MAY-2024,
OPTSTK,APOLLOHOSP,30-May-2024,6000.0,PE,133.05,160.65,112.05,120.55,120.55,902,6912.44,81500,20375,06-MAY-2024,
OPTSTK,APOLLOHOSP,30-May-2024,6050.0,PE,165.85,184.3,141.35,146.3,146.3,326,2529.28,13375,5500,06-MAY-2024,
OPTSTK,APOLLOHOSP,30-May-2024,6100.0,PE,190.3,212.95,161.85,172.15,172.15,234,1836.99,31625,5375,06-MAY-2024,
OPTSTK,APOLLOHOSP,30-May-2024,6150.0,PE,212.1,242.25,205.1,213.35,227.4,21,167.07,2625,125,06-MAY-2024,
OPTSTK,APOLLOHOSP,30-May-2024,6200.0,PE,251.15,275.55,230.0,234.75,234.75,70,563.85,18000,250,06-MAY-2024,
OPTSTK,APOLLOHOSP,30-May-2024,6250.0,PE,277.9,292.35,269.05,270.8,270.8,25,203.94,3250,-2125,06-MAY-2024,
OPTSTK,APOLLOHOSP,30-May-2024,6300.0,PE,319.65,320.25,303.8,306.45,306.45,25,206.64,16875,-500,06-MAY-2024,
OPTSTK,APOLLOHOSP,30-May-2024,6350.0,PE,362.0,362.0,362.0,362.0,355.95,1,8.39,1875,125,06-MAY-2024,
OPTSTK,APOLLOHOSP,30-May-2024,6400.0,PE,384.6,388.6,381.65,385.15,385.15,14,118.73,5750,1125,06-MAY-2024,
OPTSTK,APOLLOHOSP,30-May-2024,6450.0,PE,448.35,448.4,448.35,448.4,430.65,2,17.24,125,0,06-MAY-2024,
OPTSTK,APOLLOHOSP,30-May-2024,6500.0,PE,493.0,501.0,493.0,497.8,470.15,3,26.23,6250,250,06-MAY-2024,
OPTSTK,APOLLOHOSP,30-May-2024,6550.0,PE,0.0,0.0,0.0,376.2,511.0,0,0.0,0,0,06-MAY-2024,
OPTSTK,APOLLOHOSP,30-May-2024,6600.0,PE,0.0,0.0,0.0,598.9,553.05,0,0.0,0,0,06-MAY-2024,
OPTSTK,APOLLOHOSP,30-May-2024,6650.0,PE,0.0,0.0,0.0,435.95,596.15,0,0.0,0,0,06-MAY-2024,
OPTSTK,APOLLOHOSP,30-May-2024,6700.0,PE,0.0,0.0,0.0,667.55,640.2,0,0.0,0,0,06-MAY-2024,
OPTSTK,APOLLOHOSP,30-May-2024,6750.0,PE,0.0,0.0,0.0,500.2,685.1,0,0.0,0,0,06-MAY-2024,
OPTSTK,APOLLOHOSP,30-May-2024,6800.0,PE,0.0,0.0,0.0,580.0,730.8,0,0.0,125,0,06-MAY-2024,
OPTSTK,APOLLOHOSP,30-May-2024,6850.0,PE,0.0,0.0,0.0,568.75,777.1,0,0.0,0,0,06-MAY-2024,
OPTSTK,APOLLOHOSP,30-May-2024,6900.0,PE,0.0,0.0,0.0,814.85,824.0,0,0.0,0,0,06-MAY-2024,
OPTSTK,APOLLOHOSP,30-May-2024,7000.0,PE,0.0,0.0,0.0,785.0,919.15,0,0.0,250,0,06-MAY-2024,
OPTSTK,APOLLOHOSP,30-May-2024,7100.0,PE,0.0,0.0,0.0,972.75,1015.75,0,0.0,0,0,06-MAY-2024,
OPTSTK,APOLLOHOSP,30-May-2024,7200.0,PE,0.0,0.0,0.0,1055.35,1113.35,0,0.0,0,0,06-MAY-2024,
OPTSTK,APOLLOHOSP,27-Jun-2024,5000.0,CE,0.0,0.0,0.0,1460.7,1119.35,0,0.0,0,0,06-MAY-2024,
OPTSTK,APOLLOHOSP,27-Jun-2024,5050.0,CE,0.0,0.0,0.0,1404.65,1072.45,0,0.0,0,0,06-MAY-2024,
OPTSTK,APOLLOHOSP,27-Jun-2024,5100.0,CE,0.0,0.0,0.0,1368.15,1026.05,0,0.0,0,0,06-MAY-2024,
OPTSTK,APOLLOHOSP,27-Jun-2024,5150.0,CE,0.0,0.0,0.0,1309.5,980.15,0,0.0,0,0,06-MAY-2024,
OPTSTK,APOLLOHOSP,27-Jun-2024,5200.0,CE,0.0,0.0,0.0,1277.15,934.9,0,0.0,0,0,06-MAY-2024,
OPTSTK,APOLLOHOSP,27-Jun-2024,5250.0,CE,0.0,0.0,0.0,1215.7,890.3,0,0.0,0,0,06-MAY-2024,
OPTSTK,APOLLOHOSP,27-Jun-2024,5300.0,CE,0.0,0.0,0.0,1188.15,846.45,0,0.0,0,0,06-MAY-2024,
OPTSTK,APOLLOHOSP,27-Jun-2024,5350.0,CE,0.0,0.0,0.0,1123.65,803.35,0,0.0,0,0,06-MAY-2024,
OPTSTK,APOLLOHOSP,27-Jun-2024,5400.0,CE,0.0,0.0,0.0,1101.35,761.15,0,0.0,0,0,06-MAY-2024,
OPTSTK,APOLLOHOSP,27-Jun-2024,5450.0,CE,0.0,0.0,0.0,1033.7,719.9,0,0.0,0,0,06-MAY-2024,
OPTSTK,APOLLOHOSP,27-Jun-2024,5500.0,CE,0.0,0.0,0.0,1017.1,679.65,0,0.0,0,0,06-MAY-2024,
OPTSTK,APOLLOHOSP,27-Jun-2024,5550.0,CE,0.0,0.0,0.0,946.25,640.4,0,0.0,0,0,06-MAY-2024,
OPTSTK,APOLLOHOSP,27-Jun-2024,5600.0,CE,0.0,0.0,0.0,935.65,602.35,0,0.0,0,0,06-MAY-2024,
OPTSTK,APOLLOHOSP,27-Jun-2024,5650.0,CE,0.0,0.0,0.0,861.75,565.6,0,0.0,0,0,06-MAY-2024,
OPTSTK,APOLLOHOSP,27-Jun-2024,5700.0,CE,0.0,0.0,0.0,857.35,529.9,0,0.0,0,0,06-MAY-2024,
OPTSTK,APOLLOHOSP,27-Jun-2024,5750.0,CE,0.0,0.0,0.0,780.55,495.2,0,0.0,0,0,06-MAY-2024,
OPTSTK,APOLLOHOSP,27-Jun-2024,5800.0,CE,0.0,0.0,0.0,782.7,462.15,0,0.0,0,0,06-MAY-2024,
OPTSTK,APOLLOHOSP,27-Jun-2024,5850.0,CE,0.0,0.0,0.0,703.1,430.4,0,0.0,0,0,06-MAY-2024,
OPTSTK,APOLLOHOSP,27-Jun-2024,5900.0,CE,0.0,0.0,0.0,365.0,400.0,0,0.0,125,0,06-MAY-2024,
OPTSTK,APOLLOHOSP,27-Jun-2024,5950.0,CE,0.0,0.0,0.0,629.85,371.0,0,0.0,0,0,06-MAY-2024,
OPTSTK,APOLLOHOSP,27-Jun-2024,6000.0,CE,358.05,389.4,358.05,389.3,389.3,8,63.76,1750,500,06-MAY-2024,
OPTSTK,APOLLOHOSP,27-Jun-2024,6050.0,CE,0.0,0.0,0.0,560.5,317.15,0,0.0,0,0,06-MAY-2024,
OPTSTK,APOLLOHOSP,27-Jun-2024,6100.0,CE,0.0,0.0,0.0,580.1,292.3,0,0.0,0,0,06-MAY-2024,
OPTSTK,APOLLOHOSP,27-Jun-2024,6150.0,CE,0.0,0.0,0.0,496.05,268.85,0,0.0,0,0,06-MAY-2024,
OPTSTK,APOLLOHOSP,27-Jun-2024,6200.0,CE,0.0,0.0,0.0,205.7,246.8,0,0.0,125,0,06-MAY-2024,
OPTSTK,APOLLOHOSP,27-Jun-2024,6250.0,CE,0.0,0.0,0.0,436.35,226.05,0,0.0,0,0,06-MAY-2024,
OPTSTK,APOLLOHOSP,27-Jun-2024,6300.0,CE,0.0,0.0,0.0,465.4,206.6,0,0.0,0,0,06-MAY-2024,
OPTSTK,APOLLOHOSP,27-Jun-2024,6350.0,CE,0.0,0.0,0.0,381.5,188.45,0,0.0,0,0,06-MAY-2024,
OPTSTK,APOLLOHOSP,27-Jun-2024,6400.0,CE,0.0,0.0,0.0,414.25,171.55,0,0.0,0,0,06-MAY-2024,
OPTSTK,APOLLOHOSP,27-Jun-2024,6450.0,CE,0.0,0.0,0.0,331.5,155.8,0,0.0,0,0,06-MAY-2024,
OPTSTK,APOLLOHOSP,27-Jun-2024,6500.0,CE,150.0,182.35,150.0,179.0,141.25,52,433.65,6125,6125,06-MAY-2024,
OPTSTK,APOLLOHOSP,27-Jun-2024,6550.0,CE,0.0,0.0,0.0,286.25,127.75,0,0.0,0,0,06-MAY-2024,
OPTSTK,APOLLOHOSP,27-Jun-2024,6600.0,CE,0.0,0.0,0.0,324.05,115.65,0,0.0,0,0,06-MAY-2024,
OPTSTK,APOLLOHOSP,27-Jun-2024,6650.0,CE,0.0,0.0,0.0,245.7,104.25,0,0.0,0,0,06-MAY-2024,
OPTSTK,APOLLOHOSP,27-Jun-2024,6700.0,CE,0.0,0.0,0.0,284.85,93.55,0,0.0,0,0,06-MAY-2024,
OPTSTK,APOLLOHOSP,27-Jun-2024,6750.0,CE,0.0,0.0,0.0,209.6,83.95,0,0.0,0,0,06-MAY-2024,
OPTSTK,APOLLOHOSP,27-Jun-2024,6800.0,CE,0.0,0.0,0.0,249.35,75.2,0,0.0,0,0,06-MAY-2024,
OPTSTK,APOLLOHOSP,27-Jun-2024,6850.0,CE,0.0,0.0,0.0,177.7,67.25,0,0.0,0,0,06-MAY-2024,
OPTSTK,APOLLOHOSP,27-Jun-2024,6900.0,CE,0.0,0.0,0.0,217.4,60.0,0,0.0,0,0,06-MAY-2024,
OPTSTK,APOLLOHOSP,27-Jun-2024,7000.0,CE,0.0,0.0,0.0,188.8,47.5,0,0.0,0,0,06-MAY-2024,
OPTSTK,APOLLOHOSP,27-Jun-2024,7100.0,CE,0.0,0.0,0.0,163.65,37.3,0,0.0,0,0,06-MAY-2024,
OPTSTK,APOLLOHOSP,27-Jun-2024,7200.0,CE,0.0,0.0,0.0,141.15,29.05,0,0.0,0,0,06-MAY-2024,
OPTSTK,APOLLOHOSP,27-Jun-2024,5000.0,PE,20.0,22.0,20.0,22.0,22.0,6,37.65,2000,250,06-MAY-2024,
OPTSTK,APOLLOHOSP,27-Jun-2024,5050.0,PE,0.0,0.0,0.0,7.25,13.65,0,0.0,0,0,06-MAY-2024,
OPTSTK,APOLLOHOSP,27-Jun-2024,5100.0,PE,0.0,0.0,0.0,20.2,16.75,0,0.0,0,0,06-MAY-2024,
OPTSTK,APOLLOHOSP,27-Jun-2024,5150.0,PE,0.0,0.0,0.0,10.8,20.35,0,0.0,0,0,06-MAY-2024,
OPTSTK,APOLLOHOSP,27-Jun-2024,5200.0,PE,40.0,40.0,40.0,40.0,40.0,2,13.1,250,250,06-MAY-2024,
OPTSTK,APOLLOHOSP,27-Jun-2024,5250.0,PE,0.0,0.0,0.0,15.8,29.45,0,0.0,0,0,06-MAY-2024,
OPTSTK,APOLLOHOSP,27-Jun-2024,5300.0,PE,0.0,0.0,0.0,36.6,35.05,0,0.0,0,0,06-MAY-2024,
OPTSTK,APOLLOHOSP,27-Jun-2024,5350.0,PE,0.0,0.0,0.0,22.5,41.5,0,0.0,0,0,06-MAY-2024,
OPTSTK,APOLLOHOSP,27-Jun-2024,5400.0,PE,0.0,0.0,0.0,48.05,48.75,0,0.0,0,0,06-MAY-2024,
OPTSTK,APOLLOHOSP,27-Jun-2024,5450.0,PE,0.0,0.0,0.0,31.3,57.0,0,0.0,0,0,06-MAY-2024,
OPTSTK,APOLLOHOSP,27-Jun-2024,5500.0,PE,60.0,100.0,60.0,93.25,93.25,16,111.71,2875,750,06-MAY-2024,
OPTSTK,APOLLOHOSP,27-Jun-2024,5550.0,PE,0.0,0.0,0.0,42.6,76.5,0,0.0,0,0,06-MAY-2024,
OPTSTK,APOLLOHOSP,27-Jun-2024,5600.0,PE,0.0,0.0,0.0,98.65,87.9,0,0.0,125,0,06-MAY-2024,
OPTSTK,APOLLOHOSP,27-Jun-2024,5650.0,PE,0.0,0.0,0.0,56.8,100.65,0,0.0,0,0,06-MAY-2024,
OPTSTK,APOLLOHOSP,27-Jun-2024,5700.0,PE,0.0,0.0,0.0,119.8,114.4,0,0.0,125,0,06-MAY-2024,
OPTSTK,APOLLOHOSP,27-Jun-2024,5750.0,PE,0.0,0.0,0.0,74.35,129.25,0,0.0,0,0,06-MAY-2024,
OPTSTK,APOLLOHOSP,27-Jun-2024,5800.0,PE,0.0,0.0,0.0,122.25,145.6,0,0.0,0,0,06-MAY-2024,
OPTSTK,APOLLOHOSP,27-Jun-2024,5850.0,PE,0.0,0.0,0.0,95.65,163.35,0,0.0,0,0,06-MAY-2024,
OPTSTK,APOLLOHOSP,27-Jun-2024,5900.0,PE,0.0,0.0,0.0,200.5,182.45,0,0.0,125,0,06-MAY-2024,
OPTSTK,APOLLOHOSP,27-Jun-2024,5950.0,PE,0.0,0.0,0.0,121.15,202.95,0,0.0,0,0,06-MAY-2024,
OPTSTK,APOLLOHOSP,27-Jun-2024,6000.0,PE,222.0,290.0,222.0,280.25,280.25,7,54.8,1250,375,06-MAY-2024,
OPTSTK,APOLLOHOSP,27-Jun-2024,6050.0,PE,0.0,0.0,0.0,150.55,248.05,0,0.0,0,0,06-MAY-2024,
OPTSTK,APOLLOHOSP,27-Jun-2024,6100.0,PE,0.0,0.0,0.0,214.3,272.7,0,0.0,0,0,06-MAY-2024,
OPTSTK,APOLLOHOSP,27-Jun-2024,6150.0,PE,0.0,0.0,0.0,184.85,298.75,0,0.0,0,0,06-MAY-2024,
OPTSTK,APOLLOHOSP,27-Jun-2024,6200.0,PE,0.0,0.0,0.0,253.1,326.15,0,0.0,0,0,06-MAY-2024,
OPTSTK,APOLLOHOSP,27-Jun-2024,6250.0,PE,0.0,0.0,0.0,223.9,354.9,0,0.0,0,0,06-MAY-2024,
OPTSTK,APOLLOHOSP,27-Jun-2024,6300.0,PE,0.0,0.0,0.0,296.0,384.95,0,0.0,0,0,06-MAY-2024,
OPTSTK,APOLLOHOSP,27-Jun-2024,6350.0,PE,0.0,0.0,0.0,267.8,416.25,0,0.0,0,0,06-MAY-2024,
OPTSTK,APOLLOHOSP,27-Jun-2024,6400.0,PE,0.0,0.0,0.0,343.05,448.85,0,0.0,0,0,06-MAY-2024,
OPTSTK,APOLLOHOSP,27-Jun-2024,6450.0,PE,0.0,0.0,0.0,316.5,482.6,0,0.0,0,0,06-MAY-2024,
OPTSTK,APOLLOHOSP,27-Jun-2024,6500.0,PE,0.0,0.0,0.0,394.15,517.5,0,0.0,0,0,06-MAY-2024,
OPTSTK,APOLLOHOSP,27-Jun-2024,6550.0,PE,0.0,0.0,0.0,370.05,553.5,0,0.0,0,0,06-MAY-2024,
OPTSTK,APOLLOHOSP,27-Jun-2024,6600.0,PE,0.0,0.0,0.0,449.3,590.9,0,0.0,0,0,06-MAY-2024,
OPTSTK,APOLLOHOSP,27-Jun-2024,6650.0,PE,0.0,0.0,0.0,428.25,629.0,0,0.0,0,0,06-MAY-2024,
OPTSTK,APOLLOHOSP,27-Jun-2024,6700.0,PE,0.0,0.0,0.0,508.3,667.8,0,0.0,0,0,06-MAY-2024,
OPTSTK,APOLLOHOSP,27-Jun-2024,6750.0,PE,0.0,0.0,0.0,490.85,707.65,0,0.0,0,0,06-MAY-2024,
OPTSTK,APOLLOHOSP,27-Jun-2024,6800.0,PE,0.0,0.0,0.0,571.0,748.4,0,0.0,0,0,06-MAY-2024,
OPTSTK,APOLLOHOSP,27-Jun-2024,6850.0,PE,0.0,0.0,0.0,557.75,789.9,0,0.0,0,0,06-MAY-2024,
OPTSTK,APOLLOHOSP,27-Jun-2024,6900.0,PE,0.0,0.0,0.0,637.3,832.15,0,0.0,0,0,06-MAY-2024,
OPTSTK,APOLLOHOSP,27-Jun-2024,7000.0,PE,0.0,0.0,0.0,706.9,918.6,0,0.0,0,0,06-MAY-2024,
OPTSTK,APOLLOHOSP,27-Jun-2024,7100.0,PE,0.0,0.0,0.0,779.95,1007.4,0,0.0,0,0,06-MAY-2024,
OPTSTK,APOLLOHOSP,27-Jun-2024,7200.0,PE,0.0,0.0,0.0,855.65,1098.15,0,0.0,0,0,06-MAY-2024,
OPTSTK,APOLLOHOSP,25-Jul-2024,5000.0,CE,0.0,0.0,0.0,1489.6,1163.1,0,0.0,0,0,06-MAY-2024,
OPTSTK,APOLLOHOSP,25-Jul-2024,5100.0,CE,0.0,0.0,0.0,1397.1,1074.45,0,0.0,0,0,06-MAY-2024,
OPTSTK,APOLLOHOSP,25-Jul-2024,5200.0,CE,0.0,0.0,0.0,1306.25,988.3,0,0.0,0,0,06-MAY-2024,
OPTSTK,APOLLOHOSP,25-Jul-2024,5300.0,CE,0.0,0.0,0.0,1217.25,905.05,0,0.0,0,0,06-MAY-2024,
OPTSTK,APOLLOHOSP,25-Jul-2024,5400.0,CE,0.0,0.0,0.0,1130.45,825.0,0,0.0,0,0,06-MAY-2024,
OPTSTK,APOLLOHOSP,25-Jul-2024,5500.0,CE,0.0,0.0,0.0,1046.15,748.5,0,0.0,0,0,06-MAY-2024,
OPTSTK,APOLLOHOSP,25-Jul-2024,5600.0,CE,0.0,0.0,0.0,964.6,675.95,0,0.0,0,0,06-MAY-2024,
OPTSTK,APOLLOHOSP,25-Jul-2024,5700.0,CE,0.0,0.0,0.0,886.1,607.1,0,0.0,0,0,06-MAY-2024,
OPTSTK,APOLLOHOSP,25-Jul-2024,5800.0,CE,0.0,0.0,0.0,810.9,542.75,0,0.0,0,0,06-MAY-2024,
OPTSTK,APOLLOHOSP,25-Jul-2024,5900.0,CE,0.0,0.0,0.0,739.35,482.85,0,0.0,0,0,06-MAY-2024,
OPTSTK,APOLLOHOSP,25-Jul-2024,6000.0,CE,0.0,0.0,0.0,671.05,427.4,0,0.0,0,0,06-MAY-2024,
OPTSTK,APOLLOHOSP,25-Jul-2024,6100.0,CE,0.0,0.0,0.0,606.95,376.4,0,0.0,0,0,06-MAY-2024,
OPTSTK,APOLLOHOSP,25-Jul-2024,6200.0,CE,0.0,0.0,0.0,546.8,329.9,0,0.0,0,0,06-MAY-2024,
OPTSTK,APOLLOHOSP,25-Jul-2024,6300.0,CE,0.0,0.0,0.0,490.65,287.65,0,0.0,0,0,06-MAY-2024,
OPTSTK,APOLLOHOSP,25-Jul-2024,6400.0,CE,0.0,0.0,0.0,438.5,249.6,0,0.0,0,0,06-MAY-2024,
OPTSTK,APOLLOHOSP,25-Jul-2024,6500.0,CE,206.0,206.0,206.0,206.0,215.55,1,8.38,0,-125,06-MAY-2024,
OPTSTK,APOLLOHOSP,25-Jul-2024,6600.0,CE,0.0,0.0,0.0,346.15,185.25,0,0.0,0,0,06-MAY-2024,
OPTSTK,APOLLOHOSP,25-Jul-2024,6700.0,CE,0.0,0.0,0.0,305.75,158.45,0,0.0,0,0,06-MAY-2024,
OPTSTK,APOLLOHOSP,25-Jul-2024,6800.0,CE,0.0,0.0,0.0,269.0,135.25,0,0.0,0,0,06-MAY-2024,
OPTSTK,APOLLOHOSP,25-Jul-2024,6900.0,CE,0.0,0.0,0.0,235.8,114.5,0,0.0,0,0,06-MAY-2024,
OPTSTK,APOLLOHOSP,25-Jul-2024,7000.0,CE,0.0,0.0,0.0,205.9,96.65,0,0.0,0,0,06-MAY-2024,
OPTSTK,APOLLOHOSP,25-Jul-2024,7200.0,CE,0.0,0.0,0.0,155.7,67.95,0,0.0,0,0,06-MAY-2024,
OPTSTK,APOLLOHOSP,25-Jul-2024,5000.0,PE,0.0,0.0,0.0,15.2,27.35,0,0.0,0,0,06-MAY-2024,
OPTSTK,APOLLOHOSP,25-Jul-2024,5100.0,PE,0.0,0.0,0.0,20.9,37.1,0,0.0,0,0,06-MAY-2024,
OPTSTK,APOLLOHOSP,25-Jul-2024,5200.0,PE,60.0,64.0,60.0,64.0,64.0,3,19.73,1125,-125,06-MAY-2024,
OPTSTK,APOLLOHOSP,25-Jul-2024,5300.0,PE,0.0,0.0,0.0,37.45,64.5,0,0.0,0,0,06-MAY-2024,
OPTSTK,APOLLOHOSP,25-Jul-2024,5400.0,PE,0.0,0.0,0.0,48.85,82.9,0,0.0,0,0,06-MAY-2024,
OPTSTK,APOLLOHOSP,25-Jul-2024,5500.0,PE,0.0,0.0,0.0,62.7,104.8,0,0.0,0,0,06-MAY-2024,
OPTSTK,APOLLOHOSP,25-Jul-2024,5600.0,PE,0.0,0.0,0.0,79.35,130.7,0,0.0,0,0,06-MAY-2024,
OPTSTK,APOLLOHOSP,25-Jul-2024,5700.0,PE,0.0,0.0,0.0,99.05,160.2,0,0.0,0,0,06-MAY-2024,
OPTSTK,APOLLOHOSP,25-Jul-2024,5800.0,PE,0.0,0.0,0.0,122.05,194.35,0,0.0,0,0,06-MAY-2024,
OPTSTK,APOLLOHOSP,25-Jul-2024,5900.0,PE,0.0,0.0,0.0,148.7,232.85,0,0.0,0,0,06-MAY-2024,
OPTSTK,APOLLOHOSP,25-Jul-2024,6000.0,PE,0.0,0.0,0.0,178.6,275.8,0,0.0,0,0,06-MAY-2024,
OPTSTK,APOLLOHOSP,25-Jul-2024,6100.0,PE,0.0,0.0,0.0,212.7,323.25,0,0.0,0,0,06-MAY-2024,
OPTSTK,APOLLOHOSP,25-Jul-2024,6200.0,PE,0.0,0.0,0.0,250.7,375.1,0,0.0,0,0,06-MAY-2024,
OPTSTK,APOLLOHOSP,25-Jul-2024,6300.0,PE,0.0,0.0,0.0,292.75,431.3,0,0.0,0,0,06-MAY-2024,
OPTSTK,APOLLOHOSP,25-Jul-2024,6400.0,PE,0.0,0.0,0.0,338.8,491.7,0,0.0,0,0,06-MAY-2024,
OPTSTK,APOLLOHOSP,25-Jul-2024,6500.0,PE,0.0,0.0,0.0,388.85,556.05,0,0.0,0,0,06-MAY-2024,
OPTSTK,APOLLOHOSP,25-Jul-2024,6600.0,PE,0.0,0.0,0.0,442.85,624.15,0,0.0,0,0,06-MAY-2024,
OPTSTK,APOLLOHOSP,25-Jul-2024,6700.0,PE,0.0,0.0,0.0,500.65,695.75,0,0.0,0,0,06-MAY-2024,
OPTSTK,APOLLOHOSP,25-Jul-2024,6800.0,PE,0.0,0.0,0.0,562.1,771.0,0,0.0,0,0,06-MAY-2024,
OPTSTK,APOLLOHOSP,25-Jul-2024,6900.0,PE,0.0,0.0,0.0,627.1,848.65,0,0.0,0,0,06-MAY-2024,
OPTSTK,APOLLOHOSP,25-Jul-2024,7000.0,PE,0.0,0.0,0.0,695.4,929.25,0,0.0,0,0,06-MAY-2024,
OPTSTK,APOLLOHOSP,25-Jul-2024,7200.0,PE,0.0,0.0,0.0,1200.95,1097.4,0,0.0,125,0,06-MAY-2024,
OPTSTK,APOLLOTYRE,30-May-2024,400.0,CE,81.0,81.0,81.0,81.0,84.85,1,8.17,1700,1700,06-MAY-2024,
OPTSTK,APOLLOTYRE,30-May-2024,420.0,CE,0.0,0.0,0.0,110.15,65.8,0,0.0,0,0,06-MAY-2024,
OPTSTK,APOLLOTYRE,30-May-2024,430.0,CE,0.0,0.0,0.0,66.8,56.7,0,0.0,1700,0,06-MAY-2024,
OPTSTK,APOLLOTYRE,30-May-2024,440.0,CE,0.0,0.0,0.0,53.0,48.05,0,0.0,0,0,06-MAY-2024,
OPTSTK,APOLLOTYRE,30-May-2024,445.0,CE,0.0,0.0,0.0,42.45,43.95,0,0.0,0,0,06-MAY-2024,
OPTSTK,APOLLOTYRE,30-May-2024,450.0,CE,47.0,47.0,35.5,38.25,38.25,33,275.56,28900,23800,06-MAY-2024,
OPTSTK,APOLLOTYRE,30-May-2024,455.0,CE,34.2,34.2,34.2,34.2,36.25,1,8.31,1700,1700,06-MAY-2024,
OPTSTK,APOLLOTYRE,30-May-2024,460.0,CE,32.6,33.8,30.6,31.45,31.45,12,100.31,15300,1700,06-MAY-2024,
OPTSTK,APOLLOTYRE,30-May-2024,465.0,CE,0.0,0.0,0.0,43.65,29.3,0,0.0,3400,0,06-MAY-2024,
OPTSTK,APOLLOTYRE,30-May-2024,470.0,CE,27.95,27.95,23.35,25.2,25.2,98,824.5,85000,20400,06-MAY-2024,
OPTSTK,APOLLOTYRE,30-May-2024,475.0,CE,26.3,26.3,21.05,22.4,22.4,59,499.15,78200,13600,06-MAY-2024,
OPTSTK,APOLLOTYRE,30-May-2024,480.0,CE,28.25,28.25,17.2,19.8,19.8,667,5664.42,222700,98600,06-MAY-2024,
OPTSTK,APOLLOTYRE,30-May-2024,485.0,CE,18.6,21.05,15.2,17.5,17.5,395,3373.12,158100,86700,06-MAY-2024,
OPTSTK,APOLLOTYRE,30-May-2024,490.0,CE,20.75,23.25,13.2,15.4,15.4,1053,9053.61,309400,130900,06-MAY-2024,
OPTSTK,APOLLOTYRE,30-May-2024,495.0,CE,20.05,20.05,11.5,13.5,13.5,401,3470.38,168300,59500,06-MAY-2024,
OPTSTK,APOLLOTYRE,30-May-2024,500.0,CE,17.7,18.3,9.85,11.8,11.8,1706,14856.56,785400,125800,06-MAY-2024,
OPTSTK,APOLLOTYRE,30-May-2024,505.0,CE,17.85,17.85,8.65,10.35,10.35,554,4863.57,159800,25500,06-MAY-2024,
OPTSTK,APOLLOTYRE,30-May-2024,510.0,CE,13.8,14.2,7.4,8.95,8.95,1403,12397.65,508300,68000,06-MAY-2024,
OPTSTK,APOLLOTYRE,30-May-2024,515.0,CE,12.1,12.5,6.45,7.85,7.85,394,3510.14,183600,39100,06-MAY-2024,
OPTSTK,APOLLOTYRE,30-May-2024,520.0,CE,10.65,11.0,5.45,6.8,6.8,954,8548.25,708900,25500,06-MAY-2024,
OPTSTK,APOLLOTYRE,30-May-2024,525.0,CE,9.4,9.4,4.8,5.85,5.85,301,2718.26,141100,-25500,06-MAY-2024,
OPTSTK,APOLLOTYRE,30-May-2024,530.0,CE,6.85,8.2,4.1,5.05,5.05,500,4550.79,221000,-42500,06-MAY-2024,
OPTSTK,APOLLOTYRE,30-May-2024,535.0,CE,6.1,6.1,3.8,4.4,3.6,44,403.39,88400,-1700,06-MAY-2024,
OPTSTK,APOLLOTYRE,30-May-2024,540.0,CE,6.0,6.15,3.0,3.75,3.75,417,3856.21,413100,-10200,06-MAY-2024,
OPTSTK,APOLLOTYRE,30-May-2024,545.0,CE,4.9,4.9,4.8,4.8,2.45,6,56.08,11900,10200,06-MAY-2024,
OPTSTK,APOLLOTYRE,30-May-2024,550.0,CE,4.5,4.5,2.3,2.8,2.8,496,4662.09,603500,40800,06-MAY-2024,
OPTSTK,APOLLOTYRE,30-May-2024,555.0,CE,3.55,3.55,1.9,2.4,2.4,23,218.01,8500,6800,06-MAY-2024,
OPTSTK,APOLLOTYRE,30-May-2024,560.0,CE,3.85,3.85,1.7,2.05,2.05,200,1910.91,323000,-3400,06-MAY-2024,
OPTSTK,APOLLOTYRE,30-May-2024,565.0,CE,3.25,3.25,1.35,1.7,1.05,33,317.87,28900,18700,06-MAY-2024,
OPTSTK,APOLLOTYRE,30-May-2024,570.0,CE,1.85,2.1,1.25,1.55,1.55,245,2380.31,365500,66300,06-MAY-2024,
OPTSTK,APOLLOTYRE,30-May-2024,580.0,CE,2.0,2.0,0.9,1.15,1.15,405,4000.62,375700,256700,06-MAY-2024,
OPTSTK,APOLLOTYRE,30-May-2024,390.0,PE,0.5,1.55,0.45,1.25,1.25,50,332.31,44200,8500,06-MAY-2024,
OPTSTK,APOLLOTYRE,30-May-2024,400.0,PE,0.4,2.2,0.4,1.8,1.8,2094,14301.25,659600,425000,06-MAY-2024,
OPTSTK,APOLLOTYRE,30-May-2024,420.0,PE,1.35,4.5,1.25,3.15,3.15,420,3019.15,290700,81600,06-MAY-2024,
OPTSTK,APOLLOTYRE,30-May-2024,425.0,PE,1.55,4.0,1.55,3.7,3.7,68,495.47,107100,6800,06-MAY-2024,
OPTSTK,APOLLOTYRE,30-May-2024,430.0,PE,2.0,5.5,2.0,4.3,4.3,609,4493.67,175100,-153000,06-MAY-2024,
OPTSTK,APOLLOTYRE,30-May-2024,440.0,PE,2.95,7.5,2.95,5.95,5.95,337,2552.31,178500,17000,06-MAY-2024,
OPTSTK,APOLLOTYRE,30-May-2024,445.0,PE,5.1,8.6,4.95,7.05,7.05,38,291.56,35700,6800,06-MAY-2024,
OPTSTK,APOLLOTYRE,30-May-2024,450.0,PE,3.55,10.0,3.45,8.15,8.15,1002,7793.41,355300,-64600,06-MAY-2024,
OPTSTK,APOLLOTYRE,30-May-2024,455.0,PE,4.65,11.5,4.65,9.7,9.7,114,896.8,176800,13600,06-MAY-2024,
OPTSTK,APOLLOTYRE,30-May-2024,460.0,PE,5.25,13.2,5.25,11.15,11.15,689,5508.63,323000,62900,06-MAY-2024,
OPTSTK,APOLLOTYRE,30-May-2024,465.0,PE,6.75,14.7,6.75,12.85,12.85,61,494.25,57800,-1700,06-MAY-2024,
OPTSTK,APOLLOTYRE,30-May-2024,470.0,PE,7.6,17.15,7.6,14.9,14.9,652,5356.96,334900,71400,06-MAY-2024,
OPTSTK,APOLLOTYRE,30-May-2024,475.0,PE,9.7,19.4,9.7,16.95,16.95,292,2435.88,180200,34000,06-MAY-2024,
OPTSTK,APOLLOTYRE,30-May-2024,480.0,PE,10.7,21.95,10.7,19.55,19.55,1687,14296.0,666400,358700,06-MAY-2024,
OPTSTK,APOLLOTYRE,30-May-2024,485.0,PE,13.15,24.5,13.15,22.15,22.15,371,3189.6,110500,-3400,06-MAY-2024,
OPTSTK,APOLLOTYRE,30-May-2024,490.0,PE,14.05,27.35,14.05,25.1,25.1,1003,8727.92,290700,81600,06-MAY-2024,
OPTSTK,APOLLOTYRE,30-May-2024,495.0,PE,17.05,30.2,17.05,28.05,28.05,124,1095.23,153000,18700,06-MAY-2024,
OPTSTK,APOLLOTYRE,30-May-2024,500.0,PE,20.0,33.95,20.0,31.45,31.45,820,7373.35,379100,-95200,06-MAY-2024,
OPTSTK,APOLLOTYRE,30-May-2024,505.0,PE,23.35,37.1,23.35,34.75,34.75,121,1103.04,69700,-6800,06-MAY-2024,
OPTSTK,APOLLOTYRE,30-May-2024,510.0,PE,26.05,40.9,26.0,38.4,38.4,119,1099.93,195500,-6800,06-MAY-2024,
OPTSTK,APOLLOTYRE,30-May-2024,515.0,PE,30.25,44.75,30.25,42.15,42.15,34,319.83,102000,22100,06-MAY-2024,
OPTSTK,APOLLOTYRE,30-May-2024,520.0,PE,36.25,46.55,35.9,46.2,46.2,13,123.98,88400,-3400,06-MAY-2024,
OPTSTK,APOLLOTYRE,30-May-2024,525.0,PE,37.65,52.35,37.65,51.6,45.05,20,194.4,45900,10200,06-MAY-2024,
OPTSTK,APOLLOTYRE,30-May-2024,530.0,PE,0.0,0.0,0.0,38.1,49.15,0,0.0,17000,0,06-MAY-2024,
OPTSTK,APOLLOTYRE,30-May-2024,535.0,PE,0.0,0.0,0.0,40.15,53.4,0,0.0,1700,0,06-MAY-2024,
OPTSTK,APOLLOTYRE,30-May-2024,540.0,PE,49.7,60.65,49.7,60.3,57.75,10,101.1,23800,5100,06-MAY-2024,
OPTSTK,APOLLOTYRE,30-May-2024,545.0,PE,0.0,0.0,0.0,78.55,62.2,0,0.0,0,0,06-MAY-2024,
OPTSTK,APOLLOTYRE,30-May-2024,550.0,PE,58.3,70.95,58.3,70.95,66.75,7,73.34,32300,-1700,06-MAY-2024,
OPTSTK,APOLLOTYRE,30-May-2024,555.0,PE,0.0,0.0,0.0,87.1,71.35,0,0.0,0,0,06-MAY-2024,
OPTSTK,APOLLOTYRE,30-May-2024,560.0,PE,0.0,0.0,0.0,65.45,76.05,0,0.0,1700,0,06-MAY-2024,
OPTSTK,APOLLOTYRE,30-May-2024,565.0,PE,0.0,0.0,0.0,60.95,80.75,0,0.0,6800,0,06-MAY-2024,
OPTSTK,APOLLOTYRE,30-May-2024,570.0,PE,0.0,0.0,0.0,62.6,85.5,0,0.0,0,0,06-MAY-2024,
OPTSTK,APOLLOTYRE,30-May-2024,580.0,PE,0.0,0.0,0.0,76.65,95.15,0,0.0,1700,0,06-MAY-2024,
OPTSTK,APOLLOTYRE,27-Jun-2024,420.0,CE,0.0,0.0,0.0,65.6,71.35,0,0.0,0,0,06-MAY-2024,
OPTSTK,APOLLOTYRE,27-Jun-2024,430.0,CE,0.0,0.0,0.0,58.7,63.2,0,0.0,0,0,06-MAY-2024,
OPTSTK,APOLLOTYRE,27-Jun-2024,440.0,CE,0.0,0.0,0.0,52.25,55.5,0,0.0,0,0,06-MAY-2024,
OPTSTK,APOLLOTYRE,27-Jun-2024,445.0,CE,0.0,0.0,0.0,67.55,51.85,0,0.0,0,0,06-MAY-2024,
OPTSTK,APOLLOTYRE,27-Jun-2024,450.0,CE,0.0,0.0,0.0,46.3,48.3,0,0.0,0,0,06-MAY-2024,
OPTSTK,APOLLOTYRE,27-Jun-2024,455.0,CE,0.0,0.0,0.0,60.05,44.95,0,0.0,0,0,06-MAY-2024,
OPTSTK,APOLLOTYRE,27-Jun-2024,460.0,CE,0.0,0.0,0.0,40.8,41.7,0,0.0,0,0,06-MAY-2024,
OPTSTK,APOLLOTYRE,27-Jun-2024,465.0,CE,0.0,0.0,0.0,53.0,38.6,0,0.0,0,0,06-MAY-2024,
OPTSTK,APOLLOTYRE,27-Jun-2024,470.0,CE,0.0,0.0,0.0,35.8,35.65,0,0.0,0,0,06-MAY-2024,
OPTSTK,APOLLOTYRE,27-Jun-2024,475.0,CE,0.0,0.0,0.0,46.5,32.85,0,0.0,0,0,06-MAY-2024,
OPTSTK,APOLLOTYRE,27-Jun-2024,480.0,CE,0.0,0.0,0.0,31.25,30.25,0,0.0,0,0,06-MAY-2024,
OPTSTK,APOLLOTYRE,27-Jun-2024,485.0,CE,0.0,0.0,0.0,40.5,27.75,0,0.0,0,0,06-MAY-2024,
OPTSTK,APOLLOTYRE,27-Jun-2024,490.0,CE,0.0,0.0,0.0,27.15,25.4,0,0.0,0,0,06-MAY-2024,
OPTSTK,APOLLOTYRE,27-Jun-2024,495.0,CE,0.0,0.0,0.0,35.05,23.2,0,0.0,0,0,06-MAY-2024,
OPTSTK,APOLLOTYRE,27-Jun-2024,500.0,CE,22.8,23.95,21.1,22.5,22.5,22,195.41,34000,11900,06-MAY-2024,
OPTSTK,APOLLOTYRE,27-Jun-2024,505.0,CE,0.0,0.0,0.0,30.1,19.2,0,0.0,0,0,06-MAY-2024,
OPTSTK,APOLLOTYRE,27-Jun-2024,510.0,CE,0.0,0.0,0.0,20.2,17.45,0,0.0,0,0,06-MAY-2024,
OPTSTK,APOLLOTYRE,27-Jun-2024,515.0,CE,0.0,0.0,0.0,25.65,15.8,0,0.0,0,0,06-MAY-2024,
OPTSTK,APOLLOTYRE,27-Jun-2024,520.0,CE,14.9,14.9,14.9,14.9,14.25,2,18.18,13600,1700,06-MAY-2024,
OPTSTK,APOLLOTYRE,27-Jun-2024,525.0,CE,0.0,0.0,0.0,21.75,12.85,0,0.0,0,0,06-MAY-2024,
OPTSTK,APOLLOTYRE,27-Jun-2024,530.0,CE,0.0,0.0,0.0,14.75,11.55,0,0.0,0,0,06-MAY-2024,
OPTSTK,APOLLOTYRE,27-Jun-2024,535.0,CE,0.0,0.0,0.0,18.3,10.4,0,0.0,0,0,06-MAY-2024,
OPTSTK,APOLLOTYRE,27-Jun-2024,540.0,CE,0.0,0.0,0.0,12.55,9.3,0,0.0,0,0,06-MAY-2024,
OPTSTK,APOLLOTYRE,27-Jun-2024,545.0,CE,0.0,0.0,0.0,15.3,8.3,0,0.0,0,0,06-MAY-2024,
OPTSTK,APOLLOTYRE,27-Jun-2024,550.0,CE,0.0,0.0,0.0,10.6,7.4,0,0.0,0,0,06-MAY-2024,
OPTSTK,APOLLOTYRE,27-Jun-2024,555.0,CE,0.0,0.0,0.0,12.75,6.6,0,0.0,0,0,06-MAY-2024,
OPTSTK,APOLLOTYRE,27-Jun-2024,560.0,CE,0.0,0.0,0.0,8.95,5.85,0,0.0,0,0,06-MAY-2024,
OPTSTK,APOLLOTYRE,27-Jun-2024,565.0,CE,0.0,0.0,0.0,10.5,5.2,0,0.0,0,0,06-MAY-2024,
OPTSTK,APOLLOTYRE,27-Jun-2024,570.0,CE,0.0,0.0,0.0,7.5,4.6,0,0.0,0,0,06-MAY-2024,
OPTSTK,APOLLOTYRE,27-Jun-2024,580.0,CE,0.0,0.0,0.0,6.3,3.6,0,0.0,0,0,06-MAY-2024,
OPTSTK,APOLLOTYRE,27-Jun-2024,380.0,PE,3.45,3.45,3.45,3.45,3.45,4,26.07,8500,-1700,06-MAY-2024,
OPTSTK,APOLLOTYRE,27-Jun-2024,420.0,PE,0.0,0.0,0.0,4.25,4.35,0,0.0,1700,0,06-MAY-2024,
OPTSTK,APOLLOTYRE,27-Jun-2024,430.0,PE,0.0,0.0,0.0,5.5,6.05,0,0.0,3400,0,06-MAY-2024,
OPTSTK,APOLLOTYRE,27-Jun-2024,440.0,PE,0.0,0.0,0.0,5.5,8.25,0,0.0,11900,0,06-MAY-2024,
OPTSTK,APOLLOTYRE,27-Jun-2024,445.0,PE,0.0,0.0,0.0,7.65,9.6,0,0.0,0,0,06-MAY-2024,
OPTSTK,APOLLOTYRE,27-Jun-2024,450.0,PE,5.5,18.5,5.5,18.5,11.0,3,23.56,8500,3400,06-MAY-2024,
OPTSTK,APOLLOTYRE,27-Jun-2024,455.0,PE,0.0,0.0,0.0,10.05,12.55,0,0.0,0,0,06-MAY-2024,
OPTSTK,APOLLOTYRE,27-Jun-2024,460.0,PE,0.0,0.0,0.0,26.15,14.25,0,0.0,0,0,06-MAY-2024,
OPTSTK,APOLLOTYRE,27-Jun-2024,465.0,PE,0.0,0.0,0.0,12.9,16.1,0,0.0,0,0,06-MAY-2024,
OPTSTK,APOLLOTYRE,27-Jun-2024,470.0,PE,0.0,0.0,0.0,30.95,18.1,0,0.0,0,0,06-MAY-2024,
OPTSTK,APOLLOTYRE,27-Jun-2024,475.0,PE,0.0,0.0,0.0,16.25,20.25,0,0.0,0,0,06-MAY-2024,
OPTSTK,APOLLOTYRE,27-Jun-2024,480.0,PE,17.25,35.0,17.25,34.5,34.5,5,43.26,8500,5100,06-MAY-2024,
OPTSTK,APOLLOTYRE,27-Jun-2024,485.0,PE,0.0,0.0,0.0,20.1,25.05,0,0.0,0,0,06-MAY-2024,
OPTSTK,APOLLOTYRE,27-Jun-2024,490.0,PE,0.0,0.0,0.0,41.95,27.65,0,0.0,0,0,06-MAY-2024,
OPTSTK,APOLLOTYRE,27-Jun-2024,495.0,PE,0.0,0.0,0.0,24.5,30.4,0,0.0,0,0,06-MAY-2024,
OPTSTK,APOLLOTYRE,27-Jun-2024,500.0,PE,38.95,46.0,38.95,46.0,46.0,2,18.44,8500,0,06-MAY-2024,
OPTSTK,APOLLOTYRE,27-Jun-2024,505.0,PE,0.0,0.0,0.0,29.45,36.3,0,0.0,0,0,06-MAY-2024,
OPTSTK,APOLLOTYRE,27-Jun-2024,510.0,PE,0.0,0.0,0.0,54.6,39.45,0,0.0,0,0,06-MAY-2024,
OPTSTK,APOLLOTYRE,27-Jun-2024,515.0,PE,0.0,0.0,0.0,34.9,42.75,0,0.0,0,0,06-MAY-2024,
OPTSTK,APOLLOTYRE,27-Jun-2024,520.0,PE,0.0,0.0,0.0,61.55,46.2,0,0.0,0,0,06-MAY-2024,
OPTSTK,APOLLOTYRE,27-Jun-2024,525.0,PE,0.0,0.0,0.0,40.85,49.75,0,0.0,0,0,06-MAY-2024,
OPTSTK,APOLLOTYRE,27-Jun-2024,530.0,PE,0.0,0.0,0.0,68.85,53.4,0,0.0,0,0,06-MAY-2024,
OPTSTK,APOLLOTYRE,27-Jun-2024,535.0,PE,0.0,0.0,0.0,47.3,57.2,0,0.0,0,0,06-MAY-2024,
OPTSTK,APOLLOTYRE,27-Jun-2024,540.0,PE,0.0,0.0,0.0,76.45,61.05,0,0.0,0,0,06-MAY-2024,
OPTSTK,APOLLOTYRE,27-Jun-2024,545.0,PE,0.0,0.0,0.0,54.2,65.0,0,0.0,0,0,06-MAY-2024,
OPTSTK,APOLLOTYRE,27-Jun-2024,550.0,PE,0.0,0.0,0.0,84.35,69.05,0,0.0,0,0,06-MAY-2024,
OPTSTK,APOLLOTYRE,27-Jun-2024,555.0,PE,0.0,0.0,0.0,61.5,73.2,0,0.0,0,0,06-MAY-2024,
OPTSTK,APOLLOTYRE,27-Jun-2024,560.0,PE,0.0,0.0,0.0,92.5,77.4,0,0.0,0,0,06-MAY-2024,
OPTSTK,APOLLOTYRE,27-Jun-2024,565.0,PE,0.0,0.0,0.0,69.15,81.7,0,0.0,0,0,06-MAY-2024,
OPTSTK,APOLLOTYRE,27-Jun-2024,570.0,PE,0.0,0.0,0.0,100.85,86.05,0,0.0,0,0,06-MAY-2024,
OPTSTK,APOLLOTYRE,27-Jun-2024,580.0,PE,0.0,0.0,0.0,109.45,94.9,0,0.0,0,0,06-MAY-2024,
OPTSTK,APOLLOTYRE,25-Jul-2024,420.0,CE,0.0,0.0,0.0,92.9,76.85,0,0.0,0,0,06-MAY-2024,
OPTSTK,APOLLOTYRE,25-Jul-2024,440.0,CE,0.0,0.0,0.0,77.2,62.0,0,0.0,0,0,06-MAY-2024,
OPTSTK,APOLLOTYRE,25-Jul-2024,450.0,CE,0.0,0.0,0.0,69.95,55.25,0,0.0,0,0,06-MAY-2024,
OPTSTK,APOLLOTYRE,25-Jul-2024,460.0,CE,0.0,0.0,0.0,63.0,48.95,0,0.0,0,0,06-MAY-2024,
OPTSTK,APOLLOTYRE,25-Jul-2024,470.0,CE,0.0,0.0,0.0,56.55,43.15,0,0.0,0,0,06-MAY-2024,
OPTSTK,APOLLOTYRE,25-Jul-2024,480.0,CE,0.0,0.0,0.0,50.55,37.8,0,0.0,0,0,06-MAY-2024,
OPTSTK,APOLLOTYRE,25-Jul-2024,490.0,CE,0.0,0.0,0.0,44.95,33.0,0,0.0,0,0,06-MAY-2024,
OPTSTK,APOLLOTYRE,25-Jul-2024,500.0,CE,0.0,0.0,0.0,39.8,28.6,0,0.0,0,0,06-MAY-2024,
OPTSTK,APOLLOTYRE,25-Jul-2024,510.0,CE,0.0,0.0,0.0,35.1,24.7,0,0.0,0,0,06-MAY-2024,
OPTSTK,APOLLOTYRE,25-Jul-2024,520.0,CE,0.0,0.0,0.0,30.8,21.2,0,0.0,0,0,06-MAY-2024,
OPTSTK,APOLLOTYRE,25-Jul-2024,530.0,CE,0.0,0.0,0.0,26.95,18.1,0,0.0,0,0,06-MAY-2024,
OPTSTK,APOLLOTYRE,25-Jul-2024,540.0,CE,0.0,0.0,0.0,23.45,15.4,0,0.0,0,0,06-MAY-2024,
OPTSTK,APOLLOTYRE,25-Jul-2024,550.0,CE,0.0,0.0,0.0,20.35,13.05,0,0.0,0,0,06-MAY-2024,
OPTSTK,APOLLOTYRE,25-Jul-2024,560.0,CE,0.0,0.0,0.0,17.55,10.95,0,0.0,0,0,06-MAY-2024,
OPTSTK,APOLLOTYRE,25-Jul-2024,580.0,CE,0.0,0.0,0.0,13.0,7.7,0,0.0,0,0,06-MAY-2024,
OPTSTK,APOLLOTYRE,25-Jul-2024,600.0,CE,0.0,0.0,0.0,9.45,5.3,0,0.0,0,0,06-MAY-2024,
OPTSTK,APOLLOTYRE,25-Jul-2024,420.0,PE,0.0,0.0,0.0,6.05,7.5,0,0.0,0,0,06-MAY-2024,
OPTSTK,APOLLOTYRE,25-Jul-2024,440.0,PE,0.0,0.0,0.0,9.95,12.35,0,0.0,0,0,06-MAY-2024,
OPTSTK,APOLLOTYRE,25-Jul-2024,450.0,PE,17.0,20.0,17.0,20.0,15.45,2,15.92,11900,3400,06-MAY-2024,
OPTSTK,APOLLOTYRE,25-Jul-2024,460.0,PE,0.0,0.0,0.0,17.0,19.0,0,0.0,1700,0,06-MAY-2024,
OPTSTK,APOLLOTYRE,25-Jul-2024,470.0,PE,0.0,0.0,0.0,18.75,23.0,0,0.0,0,0,06-MAY-2024,
OPTSTK,APOLLOTYRE,25-Jul-2024,480.0,PE,0.0,0.0,0.0,22.55,27.55,0,0.0,0,0,06-MAY-2024,
OPTSTK,APOLLOTYRE,25-Jul-2024,490.0,PE,0.0,0.0,0.0,26.8,32.55,0,0.0,0,0,06-MAY-2024,
OPTSTK,APOLLOTYRE,25-Jul-2024,500.0,PE,0.0,0.0,0.0,31.5,38.0,0,0.0,0,0,06-MAY-2024,
OPTSTK,APOLLOTYRE,25-Jul-2024,510.0,PE,0.0,0.0,0.0,36.6,43.9,0,0.0,0,0,06-MAY-2024,
OPTSTK,APOLLOTYRE,25-Jul-2024,520.0,PE,0.0,0.0,0.0,42.15,50.25,0,0.0,0,0,06-MAY-2024,
OPTSTK,APOLLOTYRE,25-Jul-2024,530.0,PE,0.0,0.0,0.0,48.05,57.0,0,0.0,0,0,06-MAY-2024,
OPTSTK,APOLLOTYRE,25-Jul-2024,540.0,PE,0.0,0.0,0.0,54.4,64.15,0,0.0,0,0,06-MAY-2024,
OPTSTK,APOLLOTYRE,25-Jul-2024,550.0,PE,0.0,0.0,0.0,61.1,71.65,0,0.0,0,0,06-MAY-2024,
OPTSTK,APOLLOTYRE,25-Jul-2024,560.0,PE,0.0,0.0,0.0,68.15,79.4,0,0.0,0,0,06-MAY-2024,
OPTSTK,APOLLOTYRE,25-Jul-2024,580.0,PE,0.0,0.0,0.0,83.25,95.8,0,0.0,0,0,06-MAY-2024,
OPTSTK,APOLLOTYRE,25-Jul-2024,600.0,PE,0.0,0.0,0.0,99.3,113.1,0,0.0,0,0,06-MAY-2024,
OPTSTK,ASHOKLEY,30-May-2024,145.0,CE,0.0,0.0,0.0,42.2,56.55,0,0.0,0,0,06-MAY-2024,
OPTSTK,ASHOKLEY,30-May-2024,150.0,CE,0.0,0.0,0.0,37.25,51.55,0,0.0,5000,0,06-MAY-2024,
OPTSTK,ASHOKLEY,30-May-2024,157.55,CE,0.0,0.0,0.0,28.1,44.05,0,0.0,5000,0,06-MAY-2024,
OPTSTK,ASHOKLEY,30-May-2024,160.0,CE,0.0,0.0,0.0,43.0,41.6,0,0.0,65000,0,06-MAY-2024,
OPTSTK,ASHOKLEY,30-May-2024,160.05,CE,42.0,42.0,42.0,42.0,41.55,2,20.2,10000,-10000,06-MAY-2024,
OPTSTK,ASHOKLEY,30-May-2024,162.5,CE,0.0,0.0,0.0,23.3,39.15,0,0.0,5000,0,06-MAY-2024,
OPTSTK,ASHOKLEY,30-May-2024,165.0,CE,38.15,38.15,38.15,38.15,36.65,1,10.15,180000,5000,06-MAY-2024,
OPTSTK,ASHOKLEY,30-May-2024,165.05,CE,41.0,41.0,40.45,41.0,36.6,20,206.02,55000,-100000,06-MAY-2024,
OPTSTK,ASHOKLEY,30-May-2024,167.5,CE,0.0,0.0,0.0,20.45,34.2,0,0.0,5000,0,06-MAY-2024,
OPTSTK,ASHOKLEY,30-May-2024,170.0,CE,34.8,36.0,32.3,32.3,32.3,5,51.1,620000,5000,06-MAY-2024,
OPTSTK,ASHOKLEY,30-May-2024,170.05,CE,0.0,0.0,0.0,24.7,31.7,0,0.0,215000,0,06-MAY-2024,
OPTSTK,ASHOKLEY,30-May-2024,172.5,CE,29.0,29.0,29.0,29.0,29.3,1,10.07,95000,0,06-MAY-2024,
OPTSTK,ASHOKLEY,30-May-2024,172.55,CE,0.0,0.0,0.0,17.1,29.25,0,0.0,30000,0,06-MAY-2024,
OPTSTK,ASHOKLEY,30-May-2024,175.0,CE,30.0,30.0,27.9,28.1,28.1,29,295.31,705000,-35000,06-MAY-2024,
OPTSTK,ASHOKLEY,30-May-2024,175.05,CE,0.0,0.0,0.0,30.0,26.85,0,0.0,265000,0,06-MAY-2024,
OPTSTK,ASHOKLEY,30-May-2024,177.5,CE,0.0,0.0,0.0,26.7,24.55,0,0.0,155000,0,06-MAY-2024,
OPTSTK,ASHOKLEY,30-May-2024,177.55,CE,0.0,0.0,0.0,18.15,24.5,0,0.0,110000,0,06-MAY-2024,
OPTSTK,ASHOKLEY,30-May-2024,180.0,CE,25.7,26.0,22.6,23.25,23.25,57,581.06,1840000,-110000,06-MAY-2024,
OPTSTK,ASHOKLEY,30-May-2024,180.05,CE,22.95,24.25,22.95,23.0,22.2,3,30.51,405000,0,06-MAY-2024,
OPTSTK,ASHOKLEY,30-May-2024,182.5,CE,21.8,22.05,20.6,21.3,20.0,7,71.44,285000,-10000,06-MAY-2024,
OPTSTK,ASHOKLEY,30-May-2024,182.55,CE,0.0,0.0,0.0,21.6,19.95,0,0.0,205000,0,06-MAY-2024,
OPTSTK,ASHOKLEY,30-May-2024,185.0,CE,20.7,21.45,18.25,18.5,18.5,46,470.38,1690000,-15000,06-MAY-2024,
OPTSTK,ASHOKLEY,30-May-2024,185.05,CE,20.95,20.95,18.75,19.05,19.05,10,102.36,250000,0,06-MAY-2024,
OPTSTK,ASHOKLEY,30-May-2024,187.5,CE,19.5,19.5,16.3,16.8,16.8,5,51.24,405000,-15000,06-MAY-2024,
OPTSTK,ASHOKLEY,30-May-2024,187.55,CE,18.4,18.4,18.35,18.35,15.75,2,20.59,265000,-5000,06-MAY-2024,
OPTSTK,ASHOKLEY,30-May-2024,190.0,CE,17.3,17.4,14.1,14.65,14.65,464,4768.5,3600000,-140000,06-MAY-2024,
OPTSTK,ASHOKLEY,30-May-2024,190.05,CE,16.55,17.25,14.3,14.6,13.8,28,288.32,360000,-15000,06-MAY-2024,
OPTSTK,ASHOKLEY,30-May-2024,192.5,CE,15.15,15.15,12.7,12.95,12.95,45,463.73,470000,45000,06-MAY-2024,
OPTSTK,ASHOKLEY,30-May-2024,195.0,CE,13.65,13.9,10.75,11.2,11.2,330,3416.08,1580000,-75000,06-MAY-2024,
OPTSTK,ASHOKLEY,30-May-2024,195.05,CE,13.9,13.9,10.45,11.2,11.2,47,486.08,545000,-50000,06-MAY-2024,
OPTSTK,ASHOKLEY,30-May-2024,197.5,CE,12.0,12.05,9.3,9.9,9.9,91,945.7,455000,15000,06-MAY-2024,
OPTSTK,ASHOKLEY,30-May-2024,200.0,CE,10.2,10.6,7.85,8.45,8.45,2573,26904.94,5775000,-205000,06-MAY-2024,
OPTSTK,ASHOKLEY,30-May-2024,202.5,CE,8.8,9.2,6.8,7.3,7.3,1022,10752.62,1295000,150000,06-MAY-2024,
OPTSTK,ASHOKLEY,30-May-2024,205.0,CE,7.4,7.95,5.7,6.3,6.3,2843,30107.52,4230000,-160000,06-MAY-2024,
OPTSTK,ASHOKLEY,30-May-2024,207.5,CE,6.55,6.75,4.95,5.4,5.4,300,3201.68,660000,30000,06-MAY-2024,
OPTSTK,ASHOKLEY,30-May-2024,210.0,CE,5.3,5.85,4.1,4.6,4.6,4046,43492.55,8315000,1215000,06-MAY-2024,
OPTSTK,ASHOKLEY,30-May-2024,212.5,CE,4.65,4.95,3.5,3.85,3.85,372,4032.48,2260000,-65000,06-MAY-2024,
OPTSTK,ASHOKLEY,30-May-2024,215.0,CE,3.8,4.2,2.9,3.25,3.25,997,10897.55,2300000,-150000,06-MAY-2024,
OPTSTK,ASHOKLEY,30-May-2024,217.5,CE,3.25,3.6,2.5,2.75,2.75,82,904.08,195000,90000,06-MAY-2024,
OPTSTK,ASHOKLEY,30-May-2024,220.0,CE,2.75,3.05,2.05,2.3,2.3,1751,19485.59,6385000,40000,06-MAY-2024,
OPTSTK,ASHOKLEY,30-May-2024,225.0,CE,2.0,2.2,1.5,1.65,1.65,1004,11387.25,2670000,580000,06-MAY-2024,
OPTSTK,ASHOKLEY,30-May-2024,145.0,PE,0.0,0.0,0.0,0.05,0.0,0,0.0,55000,0,06-MAY-2024,
OPTSTK,ASHOKLEY,30-May-2024,145.05,PE,0.1,0.1,0.1,0.1,0.0,1,7.25,60000,5000,06-MAY-2024,
OPTSTK,ASHOKLEY,30-May-2024,150.0,PE,0.0,0.0,0.0,0.1,0.0,0,0.0,945000,0,06-MAY-2024,
OPTSTK,ASHOKLEY,30-May-2024,150.05,PE,0.0,0.0,0.0,0.1,0.0,0,0.0,80000,0,06-MAY-2024,
OPTSTK,ASHOKLEY,30-May-2024,155.0,PE,0.1,0.1,0.05,0.1,0.0,15,116.32,1275000,-20000,06-MAY-2024,
OPTSTK,ASHOKLEY,30-May-2024,155.05,PE,0.1,0.1,0.1,0.1,0.0,1,7.75,250000,0,06-MAY-2024,
OPTSTK,ASHOKLEY,30-May-2024,157.5,PE,0.1,0.1,0.1,0.1,0.0,4,31.52,60000,0,06-MAY-2024,
OPTSTK,ASHOKLEY,30-May-2024,157.55,PE,0.1,0.1,0.1,0.1,0.0,3,23.64,85000,-15000,06-MAY-2024,
OPTSTK,ASHOKLEY,30-May-2024,160.0,PE,0.1,0.15,0.1,0.1,0.1,44,352.26,1185000,-40000,06-MAY-2024,
OPTSTK,ASHOKLEY,30-May-2024,160.05,PE,0.15,0.15,0.15,0.15,0.05,2,16.02,200000,5000,06-MAY-2024,
OPTSTK,ASHOKLEY,30-May-2024,162.5,PE,0.0,0.0,0.0,0.15,0.05,0,0.0,100000,0,06-MAY-2024,
OPTSTK,ASHOKLEY,30-May-2024,162.55,PE,0.0,0.0,0.0,0.15,0.05,0,0.0,160000,0,06-MAY-2024,
OPTSTK,ASHOKLEY,30-May-2024,165.0,PE,0.15,0.2,0.15,0.15,0.15,242,1998.67,2080000,90000,06-MAY-2024,
OPTSTK,ASHOKLEY,30-May-2024,165.05,PE,0.2,0.2,0.1,0.15,0.05,6,49.56,425000,-15000,06-MAY-2024,
OPTSTK,ASHOKLEY,30-May-2024,167.5,PE,0.2,0.2,0.2,0.2,0.1,1,8.38,135000,0,06-MAY-2024,
OPTSTK,ASHOKLEY,30-May-2024,167.55,PE,0.0,0.0,0.0,0.2,0.1,0,0.0,130000,0,06-MAY-2024,
OPTSTK,ASHOKLEY,30-May-2024,170.0,PE,0.3,0.35,0.2,0.35,0.35,450,3831.66,8220000,-320000,06-MAY-2024,
OPTSTK,ASHOKLEY,30-May-2024,170.05,PE,0.3,0.35,0.3,0.3,0.1,7,59.62,755000,-20000,06-MAY-2024,
OPTSTK,ASHOKLEY,30-May-2024,172.5,PE,0.3,0.45,0.25,0.35,0.35,9,77.77,290000,5000,06-MAY-2024,
OPTSTK,ASHOKLEY,30-May-2024,172.55,PE,0.35,0.35,0.25,0.25,0.15,8,69.14,220000,-25000,06-MAY-2024,
OPTSTK,ASHOKLEY,30-May-2024,175.0,PE,0.35,0.55,0.35,0.5,0.5,654,5737.78,3160000,-765000,06-MAY-2024,
OPTSTK,ASHOKLEY,30-May-2024,175.05,PE,0.4,0.5,0.4,0.5,0.5,6,52.65,280000,0,06-MAY-2024,
OPTSTK,ASHOKLEY,30-May-2024,177.5,PE,0.5,0.65,0.5,0.65,0.4,7,62.32,855000,5000,06-MAY-2024,
OPTSTK,ASHOKLEY,30-May-2024,177.55,PE,0.6,0.65,0.55,0.55,0.4,6,53.45,200000,-25000,06-MAY-2024,
OPTSTK,ASHOKLEY,30-May-2024,180.0,PE,0.7,0.85,0.6,0.85,0.85,915,8270.35,3820000,-650000,06-MAY-2024,
OPTSTK,ASHOKLEY,30-May-2024,180.05,PE,0.7,0.85,0.65,0.85,0.85,61,551.42,575000,-10000,06-MAY-2024,
OPTSTK,ASHOKLEY,30-May-2024,182.5,PE,0.85,1.1,0.85,1.1,1.1,58,532.06,455000,-70000,06-MAY-2024,
OPTSTK,ASHOKLEY,30-May-2024,182.55,PE,0.85,1.1,0.85,1.05,1.05,46,422.27,240000,-165000,06-MAY-2024,
OPTSTK,ASHOKLEY,30-May-2024,185.0,PE,1.1,1.45,1.0,1.4,1.4,374,3483.92,3015000,-225000,06-MAY-2024,
OPTSTK,ASHOKLEY,30-May-2024,185.05,PE,1.15,1.45,1.05,1.4,1.4,45,419.18,670000,-10000,06-MAY-2024,
OPTSTK,ASHOKLEY,30-May-2024,187.5,PE,1.4,1.9,1.35,1.9,1.6,80,756.53,965000,15000,06-MAY-2024,
OPTSTK,ASHOKLEY,30-May-2024,187.55,PE,1.35,1.9,1.35,1.9,1.9,19,179.72,250000,-10000,06-MAY-2024,
OPTSTK,ASHOKLEY,30-May-2024,190.0,PE,2.0,2.45,1.7,2.35,2.35,973,9346.26,4145000,280000,06-MAY-2024,
OPTSTK,ASHOKLEY,30-May-2024,190.05,PE,1.8,2.45,1.8,2.4,2.4,54,519.1,650000,-10000,06-MAY-2024,
OPTSTK,ASHOKLEY,30-May-2024,192.5,PE,2.25,3.1,2.25,3.05,3.05,92,898.01,590000,-20000,06-MAY-2024,
OPTSTK,ASHOKLEY,30-May-2024,195.0,PE,3.2,4.05,2.8,3.85,3.85,490,4863.42,1870000,-185000,06-MAY-2024,
OPTSTK,ASHOKLEY,30-May-2024,195.05,PE,2.9,3.95,2.8,3.85,3.85,67,665.02,230000,-15000,06-MAY-2024,
OPTSTK,ASHOKLEY,30-May-2024,197.5,PE,3.75,5.0,3.65,4.9,4.9,320,3231.92,520000,-190000,06-MAY-2024,
OPTSTK,ASHOKLEY,30-May-2024,200.0,PE,5.05,6.25,4.5,6.0,6.0,1455,14951.36,3330000,-125000,06-MAY-2024,
OPTSTK,ASHOKLEY,30-May-2024,202.5,PE,5.85,7.5,5.55,7.35,7.35,248,2594.09,485000,-35000,06-MAY-2024,
OPTSTK,ASHOKLEY,30-May-2024,205.0,PE,7.15,9.05,6.75,8.8,8.8,424,4513.13,740000,80000,06-MAY-2024,
OPTSTK,ASHOKLEY,30-May-2024,207.5,PE,8.45,10.6,8.2,10.1,10.1,76,825.41,85000,-5000,06-MAY-2024,
OPTSTK,ASHOKLEY,30-May-2024,210.0,PE,10.0,12.3,9.6,12.1,12.1,182,2013.4,755000,50000,06-MAY-2024,
OPTSTK,ASHOKLEY,30-May-2024,212.5,PE,12.4,14.15,11.6,13.7,13.7,11,123.89,75000,30000,06-MAY-2024,
OPTSTK,ASHOKLEY,30-May-2024,215.0,PE,13.45,16.0,13.25,15.75,15.75,21,241.96,105000,10000,06-MAY-2024,
OPTSTK,ASHOKLEY,30-May-2024,217.5,PE,16.7,17.65,15.05,17.65,17.65,4,46.72,20000,20000,06-MAY-2024,
OPTSTK,ASHOKLEY,30-May-2024,220.0,PE,20.0,20.0,17.2,19.65,19.65,15,179.19,80000,15000,06-MAY-2024,
OPTSTK,ASHOKLEY,30-May-2024,225.0,PE,21.4,24.0,21.4,23.95,23.95,16,197.88,45000,20000,06-MAY-2024,
OPTSTK,ASHOKLEY,27-Jun-2024,160.0,CE,0.0,0.0,0.0,20.55,42.7,0,0.0,0,0,06-MAY-2024,
OPTSTK,ASHOKLEY,27-Jun-2024,165.0,CE,0.0,0.0,0.0,17.1,37.95,0,0.0,0,0,06-MAY-2024,
OPTSTK,ASHOKLEY,27-Jun-2024,167.5,CE,0.0,0.0,0.0,16.25,35.6,0,0.0,0,0,06-MAY-2024,
OPTSTK,ASHOKLEY,27-Jun-2024,170.0,CE,0.0,0.0,0.0,21.25,33.3,0,0.0,5000,0,06-MAY-2024,
OPTSTK,ASHOKLEY,27-Jun-2024,170.05,CE,0.0,0.0,0.0,18.95,33.25,0,0.0,5000,0,06-MAY-2024,
OPTSTK,ASHOKLEY,27-Jun-2024,172.5,CE,0.0,0.0,0.0,13.0,31.05,0,0.0,0,0,06-MAY-2024,
OPTSTK,ASHOKLEY,27-Jun-2024,175.0,CE,0.0,0.0,0.0,32.7,28.8,0,0.0,15000,0,06-MAY-2024,
OPTSTK,ASHOKLEY,27-Jun-2024,177.5,CE,0.0,0.0,0.0,10.25,26.7,0,0.0,0,0,06-MAY-2024,
OPTSTK,ASHOKLEY,27-Jun-2024,180.0,CE,28.75,28.75,28.0,28.0,24.6,3,31.27,120000,-5000,06-MAY-2024,
OPTSTK,ASHOKLEY,27-Jun-2024,182.5,CE,24.5,25.45,23.35,25.25,22.6,5,51.82,20000,20000,06-MAY-2024,
OPTSTK,ASHOKLEY,27-Jun-2024,185.0,CE,0.0,0.0,0.0,24.0,20.65,0,0.0,5000,0,06-MAY-2024,
OPTSTK,ASHOKLEY,27-Jun-2024,187.5,CE,0.0,0.0,0.0,6.0,18.8,0,0.0,0,0,06-MAY-2024,
OPTSTK,ASHOKLEY,27-Jun-2024,190.0,CE,21.4,21.4,21.0,21.0,17.05,2,21.12,290000,0,06-MAY-2024,
OPTSTK,ASHOKLEY,27-Jun-2024,192.5,CE,0.0,0.0,0.0,4.45,15.4,0,0.0,0,0,06-MAY-2024,
OPTSTK,ASHOKLEY,27-Jun-2024,195.0,CE,0.0,0.0,0.0,16.9,13.85,0,0.0,25000,0,06-MAY-2024,
OPTSTK,ASHOKLEY,27-Jun-2024,197.5,CE,0.0,0.0,0.0,3.25,12.4,0,0.0,0,0,06-MAY-2024,
OPTSTK,ASHOKLEY,27-Jun-2024,200.0,CE,15.4,16.75,14.25,15.4,15.4,66,710.35,355000,-85000,06-MAY-2024,
OPTSTK,ASHOKLEY,27-Jun-2024,202.5,CE,0.0,0.0,0.0,2.3,9.8,0,0.0,0,0,06-MAY-2024,
OPTSTK,ASHOKLEY,27-Jun-2024,205.0,CE,16.0,16.0,11.4,13.55,8.65,24,261.64,105000,45000,06-MAY-2024,
OPTSTK,ASHOKLEY,27-Jun-2024,207.5,CE,0.0,0.0,0.0,1.65,7.6,0,0.0,0,0,06-MAY-2024,
OPTSTK,ASHOKLEY,27-Jun-2024,210.0,CE,9.75,12.0,9.75,11.25,11.25,164,1809.64,945000,625000,06-MAY-2024,
OPTSTK,ASHOKLEY,27-Jun-2024,212.5,CE,0.0,0.0,0.0,1.15,5.8,0,0.0,0,0,06-MAY-2024,
OPTSTK,ASHOKLEY,27-Jun-2024,215.0,CE,7.5,9.25,7.5,9.25,5.0,3,33.53,35000,5000,06-MAY-2024,
OPTSTK,ASHOKLEY,27-Jun-2024,217.5,CE,0.0,0.0,0.0,0.75,4.35,0,0.0,0,0,06-MAY-2024,
OPTSTK,ASHOKLEY,27-Jun-2024,220.0,CE,7.0,8.5,6.1,7.85,7.85,214,2432.34,920000,380000,06-MAY-2024,
OPTSTK,ASHOKLEY,27-Jun-2024,225.0,CE,0.0,0.0,0.0,0.75,2.75,0,0.0,0,0,06-MAY-2024,
OPTSTK,ASHOKLEY,27-Jun-2024,155.05,PE,0.0,0.0,0.0,0.75,0.1,0,0.0,35000,0,06-MAY-2024,
OPTSTK,ASHOKLEY,27-Jun-2024,160.0,PE,0.95,1.15,0.8,1.05,0.2,13,104.65,140000,15000,06-MAY-2024,
OPTSTK,ASHOKLEY,27-Jun-2024,165.0,PE,1.15,1.7,1.0,1.55,0.4,37,307.84,235000,10000,06-MAY-2024,
OPTSTK,ASHOKLEY,27-Jun-2024,165.05,PE,3.25,3.25,1.3,1.6,0.4,3,25.06,50000,0,06-MAY-2024,
OPTSTK,ASHOKLEY,27-Jun-2024,167.5,PE,0.0,0.0,0.0,3.95,0.5,0,0.0,0,0,06-MAY-2024,
OPTSTK,ASHOKLEY,27-Jun-2024,170.0,PE,1.5,1.95,1.45,1.95,0.7,63,540.87,285000,25000,06-MAY-2024,
OPTSTK,ASHOKLEY,27-Jun-2024,172.5,PE,0.0,0.0,0.0,1.7,0.9,0,0.0,30000,0,06-MAY-2024,
OPTSTK,ASHOKLEY,27-Jun-2024,175.0,PE,2.1,3.05,2.0,3.05,3.05,28,248.37,335000,55000,06-MAY-2024,
OPTSTK,ASHOKLEY,27-Jun-2024,177.5,PE,0.0,0.0,0.0,2.3,1.5,0,0.0,35000,0,06-MAY-2024,
OPTSTK,ASHOKLEY,27-Jun-2024,180.0,PE,3.9,3.9,3.9,3.9,3.9,4,36.78,410000,0,06-MAY-2024,
OPTSTK,ASHOKLEY,27-Jun-2024,182.5,PE,0.0,0.0,0.0,10.4,2.35,0,0.0,0,0,06-MAY-2024,
OPTSTK,ASHOKLEY,27-Jun-2024,185.0,PE,5.0,5.5,5.0,5.5,2.9,15,142.83,80000,75000,06-MAY-2024,
OPTSTK,ASHOKLEY,27-Jun-2024,187.5,PE,0.0,0.0,0.0,13.45,3.55,0,0.0,0,0,06-MAY-2024,
OPTSTK,ASHOKLEY,27-Jun-2024,190.0,PE,5.05,7.0,5.05,6.95,6.95,11,107.76,215000,15000,06-MAY-2024,
OPTSTK,ASHOKLEY,27-Jun-2024,192.5,PE,0.0,0.0,0.0,16.85,5.05,0,0.0,0,0,06-MAY-2024,
OPTSTK,ASHOKLEY,27-Jun-2024,195.0,PE,0.0,0.0,0.0,21.7,6.0,0,0.0,0,0,06-MAY-2024,
OPTSTK,ASHOKLEY,27-Jun-2024,197.5,PE,0.0,0.0,0.0,20.55,7.0,0,0.0,0,0,06-MAY-2024,
OPTSTK,ASHOKLEY,27-Jun-2024,200.0,PE,10.0,11.65,9.8,11.65,11.65,38,400.17,225000,80000,06-MAY-2024,
OPTSTK,ASHOKLEY,27-Jun-2024,202.5,PE,0.0,0.0,0.0,24.6,9.35,0,0.0,0,0,06-MAY-2024,
OPTSTK,ASHOKLEY,27-Jun-2024,205.0,PE,0.0,0.0,0.0,29.7,10.7,0,0.0,0,0,06-MAY-2024,
OPTSTK,ASHOKLEY,27-Jun-2024,207.5,PE,0.0,0.0,0.0,28.85,12.1,0,0.0,0,0,06-MAY-2024,
OPTSTK,ASHOKLEY,27-Jun-2024,210.0,PE,15.8,16.4,15.8,16.4,13.65,3,33.9,15000,15000,06-MAY-2024,
OPTSTK,ASHOKLEY,27-Jun-2024,212.5,PE,0.0,0.0,0.0,33.25,15.25,0,0.0,0,0,06-MAY-2024,
OPTSTK,ASHOKLEY,27-Jun-2024,215.0,PE,0.0,0.0,0.0,38.4,16.95,0,0.0,0,0,06-MAY-2024,
OPTSTK,ASHOKLEY,27-Jun-2024,217.5,PE,0.0,0.0,0.0,37.85,18.75,0,0.0,0,0,06-MAY-2024,
OPTSTK,ASHOKLEY,27-Jun-2024,220.0,PE,0.0,0.0,0.0,43.0,20.6,0,0.0,0,0,06-MAY-2024,
OPTSTK,ASHOKLEY,27-Jun-2024,225.0,PE,0.0,0.0,0.0,43.85,24.55,0,0.0,0,0,06-MAY-2024,
OPTSTK,ASHOKLEY,25-Jul-2024,170.0,CE,0.0,0.0,0.0,16.8,35.0,0,0.0,0,0,06-MAY-2024,
OPTSTK,ASHOKLEY,25-Jul-2024,175.0,CE,0.0,0.0,0.0,13.85,30.75,0,0.0,0,0,06-MAY-2024,
OPTSTK,ASHOKLEY,25-Jul-2024,180.0,CE,0.0,0.0,0.0,11.3,26.8,0,0.0,0,0,06-MAY-2024,
OPTSTK,ASHOKLEY,25-Jul-2024,185.0,CE,0.0,0.0,0.0,9.1,23.1,0,0.0,0,0,06-MAY-2024,
OPTSTK,ASHOKLEY,25-Jul-2024,190.0,CE,0.0,0.0,0.0,7.25,19.7,0,0.0,0,0,06-MAY-2024,
OPTSTK,ASHOKLEY,25-Jul-2024,195.0,CE,0.0,0.0,0.0,5.7,16.6,0,0.0,0,0,06-MAY-2024,
OPTSTK,ASHOKLEY,25-Jul-2024,200.0,CE,0.0,0.0,0.0,4.45,13.85,0,0.0,0,0,06-MAY-2024,
OPTSTK,ASHOKLEY,25-Jul-2024,205.0,CE,0.0,0.0,0.0,3.4,11.45,0,0.0,0,0,06-MAY-2024,
OPTSTK,ASHOKLEY,25-Jul-2024,210.0,CE,0.0,0.0,0.0,2.6,9.35,0,0.0,0,0,06-MAY-2024,
OPTSTK,ASHOKLEY,25-Jul-2024,215.0,CE,0.0,0.0,0.0,1.95,7.55,0,0.0,0,0,06-MAY-2024,
OPTSTK,ASHOKLEY,25-Jul-2024,220.0,CE,0.0,0.0,0.0,1.45,6.05,0,0.0,0,0,06-MAY-2024,
OPTSTK,ASHOKLEY,25-Jul-2024,160.0,PE,0.95,0.95,0.95,0.95,0.55,1,8.04,25000,5000,06-MAY-2024,
OPTSTK,ASHOKLEY,25-Jul-2024,165.0,PE,0.0,0.0,0.0,1.8,0.95,0,0.0,35000,0,06-MAY-2024,
OPTSTK,ASHOKLEY,25-Jul-2024,170.0,PE,0.0,0.0,0.0,2.5,1.45,0,0.0,10000,0,06-MAY-2024,
OPTSTK,ASHOKLEY,25-Jul-2024,175.0,PE,0.0,0.0,0.0,8.0,2.15,0,0.0,0,0,06-MAY-2024,
OPTSTK,ASHOKLEY,25-Jul-2024,180.0,PE,4.5,5.1,4.5,5.1,5.1,6,55.49,55000,30000,06-MAY-2024,
OPTSTK,ASHOKLEY,25-Jul-2024,185.0,PE,0.0,0.0,0.0,13.1,4.35,0,0.0,0,0,06-MAY-2024,
OPTSTK,ASHOKLEY,25-Jul-2024,190.0,PE,0.0,0.0,0.0,16.15,5.85,0,0.0,0,0,06-MAY-2024,
OPTSTK,ASHOKLEY,25-Jul-2024,195.0,PE,0.0,0.0,0.0,19.5,7.7,0,0.0,0,0,06-MAY-2024,
OPTSTK,ASHOKLEY,25-Jul-2024,200.0,PE,0.0,0.0,0.0,23.15,9.85,0,0.0,0,0,06-MAY-2024,
OPTSTK,ASHOKLEY,25-Jul-2024,205.0,PE,0.0,0.0,0.0,27.0,12.35,0,0.0,0,0,06-MAY-2024,
OPTSTK,ASHOKLEY,25-Jul-2024,210.0,PE,0.0,0.0,0.0,31.1,15.2,0,0.0,0,0,06-MAY-2024,
OPTSTK,ASHOKLEY,25-Jul-2024,215.0,PE,0.0,0.0,0.0,35.35,18.3,0,0.0,0,0,06-MAY-2024,
OPTSTK,ASHOKLEY,25-Jul-2024,220.0,PE,0.0,0.0,0.0,39.8,21.7,0,0.0,0,0,06-MAY-2024,
OPTSTK,ASIANPAINT,30-May-2024,2400.0,CE,0.0,0.0,0.0,473.95,543.25,0,0.0,0,0,06-MAY-2024,
OPTSTK,ASIANPAINT,30-May-2024,2440.0,CE,0.0,0.0,0.0,437.9,503.45,0,0.0,0,0,06-MAY-2024,
OPTSTK,ASIANPAINT,30-May-2024,2480.0,CE,0.0,0.0,0.0,402.75,463.7,0,0.0,0,0,06-MAY-2024,
OPTSTK,ASIANPAINT,30-May-2024,2520.0,CE,0.0,0.0,0.0,368.65,424.0,0,0.0,0,0,06-MAY-2024,
OPTSTK,ASIANPAINT,30-May-2024,2560.0,CE,0.0,0.0,0.0,335.7,384.4,0,0.0,0,0,06-MAY-2024,
OPTSTK,ASIANPAINT,30-May-2024,2600.0,CE,0.0,0.0,0.0,340.0,345.1,0,0.0,8800,0,06-MAY-2024,
OPTSTK,ASIANPAINT,30-May-2024,2620.0,CE,0.0,0.0,0.0,279.0,325.6,0,0.0,0,0,06-MAY-2024,
OPTSTK,ASIANPAINT,30-May-2024,2640.0,CE,321.55,321.55,300.85,300.85,306.25,2,11.8,200,0,06-MAY-2024,
OPTSTK,ASIANPAINT,30-May-2024,2660.0,CE,0.0,0.0,0.0,342.1,287.1,0,0.0,1800,0,06-MAY-2024,
OPTSTK,ASIANPAINT,30-May-2024,2680.0,CE,263.25,296.5,259.95,296.5,268.2,5,29.48,1000,1000,06-MAY-2024,
OPTSTK,ASIANPAINT,30-May-2024,2700.0,CE,242.85,283.5,242.85,264.0,264.0,21,124.56,32200,-800,06-MAY-2024,
OPTSTK,ASIANPAINT,30-May-2024,2720.0,CE,244.8,255.35,244.8,246.6,231.3,6,35.62,3400,200,06-MAY-2024,
OPTSTK,ASIANPAINT,30-May-2024,2740.0,CE,0.0,0.0,0.0,250.2,213.4,0,0.0,1000,0,06-MAY-2024,
OPTSTK,ASIANPAINT,30-May-2024,2760.0,CE,193.35,232.2,193.35,211.65,196.0,52,309.34,10000,7200,06-MAY-2024,
OPTSTK,ASIANPAINT,30-May-2024,2780.0,CE,177.6,212.65,177.6,195.25,195.25,16,95.35,14000,2600,06-MAY-2024,
OPTSTK,ASIANPAINT,30-May-2024,2800.0,CE,166.3,200.55,161.6,185.4,185.4,51,304.16,67400,400,06-MAY-2024,
OPTSTK,ASIANPAINT,30-May-2024,2820.0,CE,145.3,186.2,144.35,171.9,147.35,46,275.09,17800,5200,06-MAY-2024,
OPTSTK,ASIANPAINT,30-May-2024,2840.0,CE,136.65,171.95,133.7,157.0,157.0,28,167.56,23400,-2400,06-MAY-2024,
OPTSTK,ASIANPAINT,30-May-2024,2860.0,CE,121.05,156.85,120.0,142.65,142.65,58,347.62,53600,-3200,06-MAY-2024,
OPTSTK,ASIANPAINT,30-May-2024,2880.0,CE,119.45,145.15,105.05,130.85,130.85,131,786.78,54800,-2000,06-MAY-2024,
OPTSTK,ASIANPAINT,30-May-2024,2900.0,CE,100.05,134.55,93.35,121.45,121.45,2474,14919.19,387400,-20000,06-MAY-2024,
OPTSTK,ASIANPAINT,30-May-2024,2920.0,CE,85.2,122.8,83.45,110.75,110.75,858,5186.63,86800,1800,06-MAY-2024,
OPTSTK,ASIANPAINT,30-May-2024,2940.0,CE,78.0,111.95,73.5,101.15,101.15,3386,20542.96,154800,40600,06-MAY-2024,
OPTSTK,ASIANPAINT,30-May-2024,2960.0,CE,67.95,101.5,65.45,91.35,91.35,2498,15225.86,137600,17400,06-MAY-2024,
OPTSTK,ASIANPAINT,30-May-2024,2980.0,CE,61.0,91.4,58.3,81.9,81.9,1626,9942.41,102800,13600,06-MAY-2024,
OPTSTK,ASIANPAINT,30-May-2024,3000.0,CE,60.5,82.65,50.1,74.05,74.05,13355,82026.68,1397800,665600,06-MAY-2024,
OPTSTK,ASIANPAINT,30-May-2024,3020.0,CE,45.6,73.9,45.0,65.65,65.65,724,4459.07,50600,-15800,06-MAY-2024,
OPTSTK,ASIANPAINT,30-May-2024,3040.0,CE,43.55,65.7,39.0,58.8,58.8,832,5148.5,106400,22800,06-MAY-2024,
OPTSTK,ASIANPAINT,30-May-2024,3060.0,CE,33.15,58.0,33.15,50.75,50.75,409,2541.1,88400,11200,06-MAY-2024,
OPTSTK,ASIANPAINT,30-May-2024,3080.0,CE,30.9,51.1,29.6,45.45,45.45,427,2666.41,43400,20600,06-MAY-2024,
OPTSTK,ASIANPAINT,30-May-2024,3100.0,CE,27.05,45.4,25.5,40.6,40.6,4681,29371.69,344800,30600,06-MAY-2024,
OPTSTK,ASIANPAINT,30-May-2024,3120.0,CE,22.75,39.7,22.7,35.75,35.75,1758,11088.09,148200,-186000,06-MAY-2024,
OPTSTK,ASIANPAINT,30-May-2024,3140.0,CE,20.0,34.95,19.25,31.2,31.2,430,2725.48,29600,-15200,06-MAY-2024,
OPTSTK,ASIANPAINT,30-May-2024,3160.0,CE,18.25,30.4,17.35,27.4,27.4,537,3421.12,45800,5000,06-MAY-2024,
OPTSTK,ASIANPAINT,30-May-2024,3180.0,CE,16.2,20.85,16.0,20.85,8.0,39,249.57,7200,7200,06-MAY-2024,
OPTSTK,ASIANPAINT,30-May-2024,3200.0,CE,12.15,23.7,12.15,21.4,21.4,2501,16108.57,214000,18200,06-MAY-2024,
OPTSTK,ASIANPAINT,30-May-2024,3220.0,CE,12.0,19.75,11.6,19.25,19.25,112,725.06,11000,5000,06-MAY-2024,
OPTSTK,ASIANPAINT,30-May-2024,3240.0,CE,9.95,18.2,9.55,16.35,16.35,765,4979.55,82200,38600,06-MAY-2024,
OPTSTK,ASIANPAINT,30-May-2024,3280.0,CE,7.0,10.75,6.95,10.75,10.75,252,1657.68,28000,-5200,06-MAY-2024,
OPTSTK,ASIANPAINT,30-May-2024,3320.0,CE,5.55,10.75,5.05,9.85,9.85,1465,9752.38,77200,24400,06-MAY-2024,
OPTSTK,ASIANPAINT,30-May-2024,3360.0,CE,3.75,8.2,3.6,7.3,7.3,1680,11311.13,109600,17600,06-MAY-2024,
OPTSTK,ASIANPAINT,30-May-2024,3400.0,CE,3.4,4.05,2.25,4.05,4.05,101,687.52,20800,17200,06-MAY-2024,
OPTSTK,ASIANPAINT,30-May-2024,2400.0,PE,1.85,3.05,1.85,2.75,2.75,26,124.94,4400,3400,06-MAY-2024,
OPTSTK,ASIANPAINT,30-May-2024,2440.0,PE,0.0,0.0,0.0,0.45,0.05,0,0.0,200,0,06-MAY-2024,
OPTSTK,ASIANPAINT,30-May-2024,2480.0,PE,3.15,3.15,3.15,3.15,3.15,6,29.79,1200,1200,06-MAY-2024,
OPTSTK,ASIANPAINT,30-May-2024,2520.0,PE,3.35,3.35,3.35,3.35,3.35,16,80.74,3200,3000,06-MAY-2024,
OPTSTK,ASIANPAINT,30-May-2024,2560.0,PE,0.0,0.0,0.0,27.35,0.45,0,0.0,0,0,06-MAY-2024,
OPTSTK,ASIANPAINT,30-May-2024,2600.0,PE,4.0,8.75,3.35,8.25,8.25,2084,10864.95,170200,39000,06-MAY-2024,
OPTSTK,ASIANPAINT,30-May-2024,2620.0,PE,0.0,0.0,0.0,20.2,1.4,0,0.0,0,0,06-MAY-2024,
OPTSTK,ASIANPAINT,30-May-2024,2640.0,PE,9.6,9.6,7.65,9.6,1.95,24,127.13,5800,-1600,06-MAY-2024,
OPTSTK,ASIANPAINT,30-May-2024,2660.0,PE,7.4,12.35,7.4,12.35,2.7,439,2344.43,41800,7000,06-MAY-2024,
OPTSTK,ASIANPAINT,30-May-2024,2680.0,PE,6.95,11.45,6.95,11.45,3.7,55,295.94,10800,400,06-MAY-2024,
OPTSTK,ASIANPAINT,30-May-2024,2700.0,PE,9.35,20.45,8.9,19.25,19.25,1950,10591.54,277400,93000,06-MAY-2024,
OPTSTK,ASIANPAINT,30-May-2024,2720.0,PE,13.1,21.75,11.9,21.75,21.75,166,908.38,16000,2600,06-MAY-2024,
OPTSTK,ASIANPAINT,30-May-2024,2740.0,PE,14.6,27.9,14.5,26.25,26.25,286,1579.46,42000,9800,06-MAY-2024,
OPTSTK,ASIANPAINT,30-May-2024,2760.0,PE,17.15,32.15,17.05,30.1,30.1,1077,5999.29,158800,98000,06-MAY-2024,
OPTSTK,ASIANPAINT,30-May-2024,2780.0,PE,24.85,37.5,20.6,34.8,34.8,373,2095.21,45000,14200,06-MAY-2024,
OPTSTK,ASIANPAINT,30-May-2024,2800.0,PE,24.8,43.25,22.45,40.3,40.3,2104,11926.83,372200,74200,06-MAY-2024,
OPTSTK,ASIANPAINT,30-May-2024,2820.0,PE,30.65,49.25,28.75,46.4,46.4,225,1286.87,31200,5800,06-MAY-2024,
OPTSTK,ASIANPAINT,30-May-2024,2840.0,PE,31.0,56.05,31.0,52.45,52.45,857,4950.99,102000,6600,06-MAY-2024,
OPTSTK,ASIANPAINT,30-May-2024,2860.0,PE,39.35,63.45,37.65,59.65,59.65,630,3671.66,98400,26200,06-MAY-2024,
OPTSTK,ASIANPAINT,30-May-2024,2880.0,PE,45.1,71.75,45.0,67.5,67.5,619,3640.24,85400,18200,06-MAY-2024,
OPTSTK,ASIANPAINT,30-May-2024,2900.0,PE,45.0,81.2,45.0,76.15,76.15,9602,57007.83,1319600,956600,06-MAY-2024,
OPTSTK,ASIANPAINT,30-May-2024,2920.0,PE,61.0,89.5,61.0,84.5,84.5,1258,7541.45,83200,45000,06-MAY-2024,
OPTSTK,ASIANPAINT,30-May-2024,2940.0,PE,73.7,100.0,69.9,94.25,94.25,1295,7841.73,111000,45200,06-MAY-2024,
OPTSTK,ASIANPAINT,30-May-2024,2960.0,PE,84.6,110.0,78.55,104.45,104.45,764,4670.07,96600,22600,06-MAY-2024,
OPTSTK,ASIANPAINT,30-May-2024,2980.0,PE,97.0,120.35,95.5,115.9,115.9,369,2276.69,63400,18000,06-MAY-2024,
OPTSTK,ASIANPAINT,30-May-2024,3000.0,PE,107.75,133.75,102.4,126.35,126.35,712,4442.92,204800,6400,06-MAY-2024,
OPTSTK,ASIANPAINT,30-May-2024,3020.0,PE,128.0,143.95,120.7,136.7,136.7,68,428.51,8400,-800,06-MAY-2024,
OPTSTK,ASIANPAINT,30-May-2024,3040.0,PE,153.0,154.4,153.0,154.4,126.25,2,12.77,13000,200,06-MAY-2024,
OPTSTK,ASIANPAINT,30-May-2024,3060.0,PE,0.0,0.0,0.0,146.35,141.0,0,0.0,3400,0,06-MAY-2024,
OPTSTK,ASIANPAINT,30-May-2024,3080.0,PE,169.8,182.45,162.65,181.4,156.2,7,45.53,1400,800,06-MAY-2024,
OPTSTK,ASIANPAINT,30-May-2024,3100.0,PE,186.75,200.2,176.65,193.05,193.05,29,190.9,50200,0,06-MAY-2024,
OPTSTK,ASIANPAINT,30-May-2024,3120.0,PE,213.85,214.85,206.85,208.1,208.1,33,219.89,10200,2800,06-MAY-2024,
OPTSTK,ASIANPAINT,30-May-2024,3140.0,PE,228.55,229.3,221.9,224.1,224.1,19,127.86,4600,3800,06-MAY-2024,
OPTSTK,ASIANPAINT,30-May-2024,3160.0,PE,0.0,0.0,0.0,188.9,223.25,0,0.0,1200,0,06-MAY-2024,
OPTSTK,ASIANPAINT,30-May-2024,3180.0,PE,0.0,0.0,0.0,214.6,241.2,0,0.0,1000,0,06-MAY-2024,
OPTSTK,ASIANPAINT,30-May-2024,3200.0,PE,278.5,278.5,268.0,268.0,268.0,3,20.82,49200,400,06-MAY-2024,
OPTSTK,ASIANPAINT,30-May-2024,3220.0,PE,0.0,0.0,0.0,292.1,278.05,0,0.0,4400,0,06-MAY-2024,
OPTSTK,ASIANPAINT,30-May-2024,3240.0,PE,302.65,302.65,302.65,302.65,302.65,2,14.17,3800,400,06-MAY-2024,
OPTSTK,ASIANPAINT,30-May-2024,3280.0,PE,0.0,0.0,0.0,305.65,335.1,0,0.0,2000,0,06-MAY-2024,
OPTSTK,ASIANPAINT,30-May-2024,3320.0,PE,380.6,380.6,380.6,380.6,373.95,3,22.2,1400,600,06-MAY-2024,
OPTSTK,ASIANPAINT,30-May-2024,3360.0,PE,406.15,418.3,406.15,418.3,413.15,4,30.2,19200,600,06-MAY-2024,
OPTSTK,ASIANPAINT,30-May-2024,3400.0,PE,0.0,0.0,0.0,529.1,452.6,0,0.0,0,0,06-MAY-2024,
OPTSTK,ASIANPAINT,27-Jun-2024,2400.0,CE,0.0,0.0,0.0,495.4,557.45,0,0.0,0,0,06-MAY-2024,
OPTSTK,ASIANPAINT,27-Jun-2024,2440.0,CE,0.0,0.0,0.0,458.5,518.25,0,0.0,0,0,06-MAY-2024,
OPTSTK,ASIANPAINT,27-Jun-2024,2480.0,CE,0.0,0.0,0.0,422.45,479.35,0,0.0,0,0,06-MAY-2024,
OPTSTK,ASIANPAINT,27-Jun-2024,2520.0,CE,0.0,0.0,0.0,387.3,440.85,0,0.0,0,0,06-MAY-2024,
OPTSTK,ASIANPAINT,27-Jun-2024,2560.0,CE,0.0,0.0,0.0,353.2,402.9,0,0.0,0,0,06-MAY-2024,
OPTSTK,ASIANPAINT,27-Jun-2024,2600.0,CE,0.0,0.0,0.0,320.4,365.65,0,0.0,0,0,06-MAY-2024,
OPTSTK,ASIANPAINT,27-Jun-2024,2620.0,CE,0.0,0.0,0.0,292.8,347.35,0,0.0,0,0,06-MAY-2024,
OPTSTK,ASIANPAINT,27-Jun-2024,2640.0,CE,0.0,0.0,0.0,289.0,329.35,0,0.0,0,0,06-MAY-2024,
OPTSTK,ASIANPAINT,27-Jun-2024,2660.0,CE,0.0,0.0,0.0,260.15,311.65,0,0.0,0,0,06-MAY-2024,
OPTSTK,ASIANPAINT,27-Jun-2024,2680.0,CE,0.0,0.0,0.0,259.25,294.3,0,0.0,0,0,06-MAY-2024,
OPTSTK,ASIANPAINT,27-Jun-2024,2700.0,CE,0.0,0.0,0.0,229.15,277.25,0,0.0,0,0,06-MAY-2024,
OPTSTK,ASIANPAINT,27-Jun-2024,2720.0,CE,0.0,0.0,0.0,230.95,260.65,0,0.0,0,0,06-MAY-2024,
OPTSTK,ASIANPAINT,27-Jun-2024,2740.0,CE,0.0,0.0,0.0,200.1,244.45,0,0.0,0,0,06-MAY-2024,
OPTSTK,ASIANPAINT,27-Jun-2024,2760.0,CE,0.0,0.0,0.0,204.6,228.75,0,0.0,0,0,06-MAY-2024,
OPTSTK,ASIANPAINT,27-Jun-2024,2780.0,CE,0.0,0.0,0.0,173.2,213.5,0,0.0,0,0,06-MAY-2024,
OPTSTK,ASIANPAINT,27-Jun-2024,2800.0,CE,0.0,0.0,0.0,173.6,198.85,0,0.0,600,0,06-MAY-2024,
OPTSTK,ASIANPAINT,27-Jun-2024,2820.0,CE,0.0,0.0,0.0,148.5,184.55,0,0.0,0,0,06-MAY-2024,
OPTSTK,ASIANPAINT,27-Jun-2024,2840.0,CE,0.0,0.0,0.0,157.55,170.95,0,0.0,0,0,06-MAY-2024,
OPTSTK,ASIANPAINT,27-Jun-2024,2860.0,CE,0.0,0.0,0.0,126.1,157.9,0,0.0,0,0,06-MAY-2024,
OPTSTK,ASIANPAINT,27-Jun-2024,2880.0,CE,0.0,0.0,0.0,136.95,145.5,0,0.0,0,0,06-MAY-2024,
OPTSTK,ASIANPAINT,27-Jun-2024,2900.0,CE,151.8,190.3,151.75,186.85,133.65,34,209.58,9800,4200,06-MAY-2024,
OPTSTK,ASIANPAINT,27-Jun-2024,2920.0,CE,0.0,0.0,0.0,118.25,122.45,0,0.0,0,0,06-MAY-2024,
OPTSTK,ASIANPAINT,27-Jun-2024,2940.0,CE,0.0,0.0,0.0,88.35,111.9,0,0.0,0,0,06-MAY-2024,
OPTSTK,ASIANPAINT,27-Jun-2024,2960.0,CE,0.0,0.0,0.0,101.45,101.95,0,0.0,0,0,06-MAY-2024,
OPTSTK,ASIANPAINT,27-Jun-2024,2980.0,CE,0.0,0.0,0.0,72.85,92.6,0,0.0,0,0,06-MAY-2024,
OPTSTK,ASIANPAINT,27-Jun-2024,3000.0,CE,110.05,145.0,102.3,139.85,139.85,586,3672.95,96000,60400,06-MAY-2024,
OPTSTK,ASIANPAINT,27-Jun-2024,3020.0,CE,0.0,0.0,0.0,59.45,75.75,0,0.0,0,0,06-MAY-2024,
OPTSTK,ASIANPAINT,27-Jun-2024,3040.0,CE,0.0,0.0,0.0,73.2,68.25,0,0.0,0,0,06-MAY-2024,
OPTSTK,ASIANPAINT,27-Jun-2024,3060.0,CE,0.0,0.0,0.0,48.05,61.25,0,0.0,0,0,06-MAY-2024,
OPTSTK,ASIANPAINT,27-Jun-2024,3080.0,CE,0.0,0.0,0.0,61.6,54.85,0,0.0,0,0,06-MAY-2024,
OPTSTK,ASIANPAINT,27-Jun-2024,3100.0,CE,68.5,102.0,68.5,102.0,102.0,29,185.43,6400,3000,06-MAY-2024,
OPTSTK,ASIANPAINT,27-Jun-2024,3120.0,CE,0.0,0.0,0.0,51.65,43.6,0,0.0,0,0,06-MAY-2024,
OPTSTK,ASIANPAINT,27-Jun-2024,3140.0,CE,0.0,0.0,0.0,30.5,38.85,0,0.0,0,0,06-MAY-2024,
OPTSTK,ASIANPAINT,27-Jun-2024,3160.0,CE,0.0,0.0,0.0,42.85,34.25,0,0.0,0,0,06-MAY-2024,
OPTSTK,ASIANPAINT,27-Jun-2024,3180.0,CE,0.0,0.0,0.0,23.95,30.25,0,0.0,0,0,06-MAY-2024,
OPTSTK,ASIANPAINT,27-Jun-2024,3200.0,CE,46.45,71.5,46.25,70.0,70.0,234,1528.29,42000,12200,06-MAY-2024,
OPTSTK,ASIANPAINT,27-Jun-2024,3220.0,CE,0.0,0.0,0.0,18.6,23.35,0,0.0,0,0,06-MAY-2024,
OPTSTK,ASIANPAINT,27-Jun-2024,3240.0,CE,0.0,0.0,0.0,29.05,20.45,0,0.0,0,0,06-MAY-2024,
OPTSTK,ASIANPAINT,27-Jun-2024,3280.0,CE,30.65,30.65,30.65,30.65,15.5,2,13.24,2200,200,06-MAY-2024,
OPTSTK,ASIANPAINT,27-Jun-2024,3320.0,CE,0.0,0.0,0.0,19.2,11.65,0,0.0,0,0,06-MAY-2024,
OPTSTK,ASIANPAINT,27-Jun-2024,3360.0,CE,0.0,0.0,0.0,15.45,8.6,0,0.0,0,0,06-MAY-2024,
OPTSTK,ASIANPAINT,27-Jun-2024,3400.0,CE,0.0,0.0,0.0,12.4,6.35,0,0.0,0,0,06-MAY-2024,
OPTSTK,ASIANPAINT,27-Jun-2024,2400.0,PE,3.7,3.7,3.7,3.7,3.7,2,9.61,400,400,06-MAY-2024,
OPTSTK,ASIANPAINT,27-Jun-2024,2440.0,PE,0.0,0.0,0.0,8.15,1.0,0,0.0,0,0,06-MAY-2024,
OPTSTK,ASIANPAINT,27-Jun-2024,2480.0,PE,0.0,0.0,0.0,11.35,1.65,0,0.0,0,0,06-MAY-2024,
OPTSTK,ASIANPAINT,27-Jun-2024,2520.0,PE,6.4,6.4,6.4,6.4,2.75,4,20.21,800,800,06-MAY-2024,
OPTSTK,ASIANPAINT,27-Jun-2024,2560.0,PE,0.0,0.0,0.0,20.7,4.35,0,0.0,0,0,06-MAY-2024,
OPTSTK,ASIANPAINT,27-Jun-2024,2600.0,PE,14.25,14.25,14.25,14.25,6.7,3,15.68,1200,400,06-MAY-2024,
OPTSTK,ASIANPAINT,27-Jun-2024,2620.0,PE,0.0,0.0,0.0,12.5,8.2,0,0.0,2000,0,06-MAY-2024,
OPTSTK,ASIANPAINT,27-Jun-2024,2640.0,PE,0.0,0.0,0.0,35.1,10.0,0,0.0,0,0,06-MAY-2024,
OPTSTK,ASIANPAINT,27-Jun-2024,2660.0,PE,0.0,0.0,0.0,25.35,12.1,0,0.0,0,0,06-MAY-2024,
OPTSTK,ASIANPAINT,27-Jun-2024,2680.0,PE,0.0,0.0,0.0,44.6,14.5,0,0.0,0,0,06-MAY-2024,
OPTSTK,ASIANPAINT,27-Jun-2024,2700.0,PE,33.3,33.3,33.3,33.3,17.3,3,16.39,600,600,06-MAY-2024,
OPTSTK,ASIANPAINT,27-Jun-2024,2720.0,PE,0.0,0.0,0.0,55.6,20.45,0,0.0,0,0,06-MAY-2024,
OPTSTK,ASIANPAINT,27-Jun-2024,2740.0,PE,0.0,0.0,0.0,44.3,24.1,0,0.0,0,0,06-MAY-2024,
OPTSTK,ASIANPAINT,27-Jun-2024,2760.0,PE,50.85,50.85,50.85,50.85,28.15,1,5.62,600,200,06-MAY-2024,
OPTSTK,ASIANPAINT,27-Jun-2024,2780.0,PE,0.0,0.0,0.0,56.9,32.7,0,0.0,0,0,06-MAY-2024,
OPTSTK,ASIANPAINT,27-Jun-2024,2800.0,PE,69.95,92.1,69.0,90.8,90.8,276,1590.69,84600,23400,06-MAY-2024,
OPTSTK,ASIANPAINT,27-Jun-2024,2820.0,PE,0.0,0.0,0.0,71.7,43.35,0,0.0,0,0,06-MAY-2024,
OPTSTK,ASIANPAINT,27-Jun-2024,2840.0,PE,0.0,0.0,0.0,100.05,49.5,0,0.0,0,0,06-MAY-2024,
OPTSTK,ASIANPAINT,27-Jun-2024,2860.0,PE,0.0,0.0,0.0,88.8,56.3,0,0.0,0,0,06-MAY-2024,
OPTSTK,ASIANPAINT,27-Jun-2024,2880.0,PE,0.0,0.0,0.0,62.8,63.65,0,0.0,0,0,06-MAY-2024,
OPTSTK,ASIANPAINT,27-Jun-2024,2900.0,PE,116.75,139.0,112.15,134.65,134.65,197,1190.77,31400,5400,06-MAY-2024,
OPTSTK,ASIANPAINT,27-Jun-2024,2920.0,PE,0.0,0.0,0.0,139.3,80.25,0,0.0,0,0,06-MAY-2024,
OPTSTK,ASIANPAINT,27-Jun-2024,2940.0,PE,0.0,0.0,0.0,130.0,89.45,0,0.0,0,0,06-MAY-2024,
OPTSTK,ASIANPAINT,27-Jun-2024,2960.0,PE,0.0,0.0,0.0,138.7,99.3,0,0.0,400,0,06-MAY-2024,
OPTSTK,ASIANPAINT,27-Jun-2024,2980.0,PE,0.0,0.0,0.0,154.0,109.75,0,0.0,0,0,06-MAY-2024,
OPTSTK,ASIANPAINT,27-Jun-2024,3000.0,PE,158.85,181.3,158.85,178.9,120.8,14,89.02,17200,2600,06-MAY-2024,
OPTSTK,ASIANPAINT,27-Jun-2024,3020.0,PE,0.0,0.0,0.0,180.15,132.5,0,0.0,0,0,06-MAY-2024,
OPTSTK,ASIANPAINT,27-Jun-2024,3040.0,PE,0.0,0.0,0.0,212.15,144.75,0,0.0,0,0,06-MAY-2024,
OPTSTK,ASIANPAINT,27-Jun-2024,3060.0,PE,0.0,0.0,0.0,208.25,157.6,0,0.0,0,0,06-MAY-2024,
OPTSTK,ASIANPAINT,27-Jun-2024,3080.0,PE,0.0,0.0,0.0,239.8,170.95,0,0.0,0,0,06-MAY-2024,
OPTSTK,ASIANPAINT,27-Jun-2024,3100.0,PE,0.0,0.0,0.0,238.15,184.85,0,0.0,0,0,06-MAY-2024,
OPTSTK,ASIANPAINT,27-Jun-2024,3120.0,PE,0.0,0.0,0.0,269.15,199.3,0,0.0,0,0,06-MAY-2024,
OPTSTK,ASIANPAINT,27-Jun-2024,3140.0,PE,0.0,0.0,0.0,269.7,214.35,0,0.0,0,0,06-MAY-2024,
OPTSTK,ASIANPAINT,27-Jun-2024,3160.0,PE,0.0,0.0,0.0,299.6,229.55,0,0.0,0,0,06-MAY-2024,
OPTSTK,ASIANPAINT,27-Jun-2024,3180.0,PE,0.0,0.0,0.0,302.6,245.35,0,0.0,0,0,06-MAY-2024,
OPTSTK,ASIANPAINT,27-Jun-2024,3200.0,PE,300.0,319.05,300.0,315.15,261.5,4,28.09,1000,400,06-MAY-2024,
OPTSTK,ASIANPAINT,27-Jun-2024,3220.0,PE,0.0,0.0,0.0,336.8,278.0,0,0.0,0,0,06-MAY-2024,
OPTSTK,ASIANPAINT,27-Jun-2024,3240.0,PE,0.0,0.0,0.0,364.35,294.9,0,0.0,0,0,06-MAY-2024,
OPTSTK,ASIANPAINT,27-Jun-2024,3280.0,PE,0.0,0.0,0.0,398.3,329.55,0,0.0,0,0,06-MAY-2024,
OPTSTK,ASIANPAINT,27-Jun-2024,3320.0,PE,0.0,0.0,0.0,433.1,365.25,0,0.0,0,0,06-MAY-2024,
OPTSTK,ASIANPAINT,27-Jun-2024,3360.0,PE,0.0,0.0,0.0,468.65,401.85,0,0.0,0,0,06-MAY-2024,
OPTSTK,ASIANPAINT,27-Jun-2024,3400.0,PE,0.0,0.0,0.0,504.9,439.15,0,0.0,0,0,06-MAY-2024,
OPTSTK,ASIANPAINT,25-Jul-2024,2480.0,CE,0.0,0.0,0.0,436.5,496.4,0,0.0,0,0,06-MAY-2024,
OPTSTK,ASIANPAINT,25-Jul-2024,2560.0,CE,0.0,0.0,0.0,366.6,422.85,0,0.0,0,0,06-MAY-2024,
OPTSTK,ASIANPAINT,25-Jul-2024,2600.0,CE,0.0,0.0,0.0,333.35,387.35,0,0.0,0,0,06-MAY-2024,
OPTSTK,ASIANPAINT,25-Jul-2024,2640.0,CE,0.0,0.0,0.0,301.45,352.9,0,0.0,0,0,06-MAY-2024,
OPTSTK,ASIANPAINT,25-Jul-2024,2680.0,CE,0.0,0.0,0.0,271.05,319.7,0,0.0,0,0,06-MAY-2024,
OPTSTK,ASIANPAINT,25-Jul-2024,2720.0,CE,0.0,0.0,0.0,242.35,287.95,0,0.0,0,0,06-MAY-2024,
OPTSTK,ASIANPAINT,25-Jul-2024,2760.0,CE,0.0,0.0,0.0,215.2,257.8,0,0.0,0,0,06-MAY-2024,
OPTSTK,ASIANPAINT,25-Jul-2024,2800.0,CE,0.0,0.0,0.0,190.0,229.15,0,0.0,0,0,06-MAY-2024,
OPTSTK,ASIANPAINT,25-Jul-2024,2840.0,CE,0.0,0.0,0.0,166.75,202.5,0,0.0,0,0,06-MAY-2024,
OPTSTK,ASIANPAINT,25-Jul-2024,2880.0,CE,0.0,0.0,0.0,145.4,177.7,0,0.0,0,0,06-MAY-2024,
OPTSTK,ASIANPAINT,25-Jul-2024,2920.0,CE,0.0,0.0,0.0,125.95,154.95,0,0.0,0,0,06-MAY-2024,
OPTSTK,ASIANPAINT,25-Jul-2024,2960.0,CE,0.0,0.0,0.0,108.4,134.15,0,0.0,0,0,06-MAY-2024,
OPTSTK,ASIANPAINT,25-Jul-2024,3000.0,CE,0.0,0.0,0.0,92.7,115.3,0,0.0,0,0,06-MAY-2024,
OPTSTK,ASIANPAINT,25-Jul-2024,3040.0,CE,0.0,0.0,0.0,78.8,98.45,0,0.0,0,0,06-MAY-2024,
OPTSTK,ASIANPAINT,25-Jul-2024,3080.0,CE,0.0,0.0,0.0,66.55,83.45,0,0.0,0,0,06-MAY-2024,
OPTSTK,ASIANPAINT,25-Jul-2024,3120.0,CE,0.0,0.0,0.0,55.8,70.25,0,0.0,0,0,06-MAY-2024,
OPTSTK,ASIANPAINT,25-Jul-2024,3160.0,CE,0.0,0.0,0.0,46.7,58.75,0,0.0,0,0,06-MAY-2024,
OPTSTK,ASIANPAINT,25-Jul-2024,3200.0,CE,0.0,0.0,0.0,38.6,48.9,0,0.0,0,0,06-MAY-2024,
OPTSTK,ASIANPAINT,25-Jul-2024,3280.0,CE,0.0,0.0,0.0,26.05,33.0,0,0.0,0,0,06-MAY-2024,
OPTSTK,ASIANPAINT,25-Jul-2024,3360.0,CE,0.0,0.0,0.0,17.15,21.7,0,0.0,0,0,06-MAY-2024,
OPTSTK,ASIANPAINT,25-Jul-2024,2480.0,PE,0.0,0.0,0.0,10.25,5.05,0,0.0,0,0,06-MAY-2024,
OPTSTK,ASIANPAINT,25-Jul-2024,2560.0,PE,0.0,0.0,0.0,18.9,10.2,0,0.0,0,0,06-MAY-2024,
OPTSTK,ASIANPAINT,25-Jul-2024,2600.0,PE,0.0,0.0,0.0,24.95,14.1,0,0.0,0,0,06-MAY-2024,
OPTSTK,ASIANPAINT,25-Jul-2024,2640.0,PE,0.0,0.0,0.0,32.3,19.0,0,0.0,0,0,06-MAY-2024,
OPTSTK,ASIANPAINT,25-Jul-2024,2680.0,PE,0.0,0.0,0.0,41.2,25.2,0,0.0,0,0,06-MAY-2024,
OPTSTK,ASIANPAINT,25-Jul-2024,2720.0,PE,0.0,0.0,0.0,51.75,32.8,0,0.0,0,0,06-MAY-2024,
OPTSTK,ASIANPAINT,25-Jul-2024,2760.0,PE,0.0,0.0,0.0,63.9,42.05,0,0.0,0,0,06-MAY-2024,
OPTSTK,ASIANPAINT,25-Jul-2024,2800.0,PE,76.25,76.25,76.25,76.25,52.75,1,5.75,400,200,06-MAY-2024,
OPTSTK,ASIANPAINT,25-Jul-2024,2840.0,PE,0.0,0.0,0.0,94.0,65.45,0,0.0,0,0,06-MAY-2024,
OPTSTK,ASIANPAINT,25-Jul-2024,2880.0,PE,0.0,0.0,0.0,111.95,80.05,0,0.0,0,0,06-MAY-2024,
OPTSTK,ASIANPAINT,25-Jul-2024,2920.0,PE,0.0,0.0,0.0,131.75,96.6,0,0.0,0,0,06-MAY-2024,
OPTSTK,ASIANPAINT,25-Jul-2024,2960.0,PE,0.0,0.0,0.0,153.5,115.2,0,0.0,0,0,06-MAY-2024,
OPTSTK,ASIANPAINT,25-Jul-2024,3000.0,PE,0.0,0.0,0.0,177.1,135.75,0,0.0,0,0,06-MAY-2024,
OPTSTK,ASIANPAINT,25-Jul-2024,3040.0,PE,0.0,0.0,0.0,202.45,158.25,0,0.0,0,0,06-MAY-2024,
OPTSTK,ASIANPAINT,25-Jul-2024,3080.0,PE,0.0,0.0,0.0,229.45,182.6,0,0.0,0,0,06-MAY-2024,
OPTSTK,ASIANPAINT,25-Jul-2024,3120.0,PE,0.0,0.0,0.0,258.0,208.8,0,0.0,0,0,06-MAY-2024,
OPTSTK,ASIANPAINT,25-Jul-2024,3160.0,PE,0.0,0.0,0.0,288.2,236.65,0,0.0,0,0,06-MAY-2024,
OPTSTK,ASIANPAINT,25-Jul-2024,3200.0,PE,0.0,0.0,0.0,319.35,266.2,0,0.0,0,0,06-MAY-2024,
OPTSTK,ASIANPAINT,25-Jul-2024,3280.0,PE,0.0,0.0,0.0,385.35,329.0,0,0.0,0,0,06-MAY-2024,
OPTSTK,ASIANPAINT,25-Jul-2024,3360.0,PE,0.0,0.0,0.0,455.0,396.45,0,0.0,0,0,06-MAY-2024,
OPTSTK,ASTRAL,30-May-2024,1680.0,CE,0.0,0.0,0.0,307.45,437.4,0,0.0,5505,0,06-MAY-2024,
OPTSTK,ASTRAL,30-May-2024,1720.0,CE,0.0,0.0,0.0,398.55,397.8,0,0.0,0,0,06-MAY-2024,
OPTSTK,ASTRAL,30-May-2024,1760.0,CE,0.0,0.0,0.0,365.15,358.45,0,0.0,0,0,06-MAY-2024,
OPTSTK,ASTRAL,30-May-2024,1800.0,CE,0.0,0.0,0.0,309.25,319.5,0,0.0,0,0,06-MAY-2024,
OPTSTK,ASTRAL,30-May-2024,1840.0,CE,0.0,0.0,0.0,302.4,281.3,0,0.0,0,0,06-MAY-2024,
OPTSTK,ASTRAL,30-May-2024,1860.0,CE,0.0,0.0,0.0,198.95,262.55,0,0.0,0,0,06-MAY-2024,
OPTSTK,ASTRAL,30-May-2024,1880.0,CE,0.0,0.0,0.0,273.35,244.15,0,0.0,0,0,06-MAY-2024,
OPTSTK,ASTRAL,30-May-2024,1900.0,CE,202.55,214.7,202.5,214.7,226.15,7,54.14,5138,1468,06-MAY-2024,
OPTSTK,ASTRAL,30-May-2024,1920.0,CE,0.0,0.0,0.0,245.8,208.55,0,0.0,0,0,06-MAY-2024,
OPTSTK,ASTRAL,30-May-2024,1940.0,CE,0.0,0.0,0.0,164.75,191.55,0,0.0,3303,0,06-MAY-2024,
OPTSTK,ASTRAL,30-May-2024,1960.0,CE,0.0,0.0,0.0,146.85,175.05,0,0.0,3670,0,06-MAY-2024,
OPTSTK,ASTRAL,30-May-2024,1980.0,CE,0.0,0.0,0.0,113.05,159.25,0,0.0,5872,0,06-MAY-2024,
OPTSTK,ASTRAL,30-May-2024,2000.0,CE,125.0,153.0,120.0,149.25,149.25,35,274.61,32663,-6606,06-MAY-2024,
OPTSTK,ASTRAL,30-May-2024,2020.0,CE,112.85,140.0,103.65,133.65,133.65,12,94.55,6973,-734,06-MAY-2024,
OPTSTK,ASTRAL,30-May-2024,2040.0,CE,100.1,104.0,100.1,104.0,116.25,4,31.45,30094,0,06-MAY-2024,
OPTSTK,ASTRAL,30-May-2024,2060.0,CE,85.75,113.1,82.35,109.0,109.0,50,395.67,12845,-4037,06-MAY-2024,
OPTSTK,ASTRAL,30-May-2024,2080.0,CE,73.1,103.0,70.45,96.55,96.55,143,1136.74,22754,1101,06-MAY-2024,
OPTSTK,ASTRAL,30-May-2024,2100.0,CE,64.0,92.0,60.0,87.45,87.45,2506,20015.73,179463,-22387,06-MAY-2024,
OPTSTK,ASTRAL,30-May-2024,2120.0,CE,52.6,82.85,52.6,77.65,77.65,213,1715.84,32663,14313,06-MAY-2024,
OPTSTK,ASTRAL,30-May-2024,2140.0,CE,56.2,73.0,48.0,68.5,68.5,120,970.41,28626,-2202,06-MAY-2024,
OPTSTK,ASTRAL,30-May-2024,2160.0,CE,42.05,64.45,40.15,60.55,60.55,170,1381.83,47710,11010,06-MAY-2024,
OPTSTK,ASTRAL,30-May-2024,2180.0,CE,38.9,53.0,38.5,52.6,52.6,11,89.67,8074,-1835,06-MAY-2024,
OPTSTK,ASTRAL,30-May-2024,2200.0,CE,28.8,49.0,28.0,46.55,46.55,3186,26202.63,308647,46242,06-MAY-2024,
OPTSTK,ASTRAL,30-May-2024,2220.0,CE,27.6,43.95,25.05,40.55,40.55,57,472.15,21286,0,06-MAY-2024,
OPTSTK,ASTRAL,30-May-2024,2240.0,CE,20.45,38.9,20.45,36.3,36.3,41,341.99,20919,367,06-MAY-2024,
OPTSTK,ASTRAL,30-May-2024,2260.0,CE,22.0,32.55,18.75,31.15,31.15,84,704.86,16515,11010,06-MAY-2024,
OPTSTK,ASTRAL,30-May-2024,2280.0,CE,18.0,29.45,14.45,27.65,27.65,90,760.52,50646,2202,06-MAY-2024,
OPTSTK,ASTRAL,30-May-2024,2300.0,CE,13.85,26.0,11.25,24.5,24.5,109,929.2,11010,6239,06-MAY-2024,
OPTSTK,ASTRAL,30-May-2024,2320.0,CE,11.0,23.85,8.85,21.95,21.95,704,6050.34,138359,74868,06-MAY-2024,
OPTSTK,ASTRAL,30-May-2024,2360.0,CE,6.95,15.4,6.95,15.1,15.1,19,165.39,2569,-734,06-MAY-2024,
OPTSTK,ASTRAL,30-May-2024,2400.0,CE,5.55,14.1,4.9,12.35,12.35,625,5528.62,98356,-42205,06-MAY-2024,
OPTSTK,ASTRAL,30-May-2024,2440.0,CE,0.0,0.0,0.0,41.0,3.85,0,0.0,0,0,06-MAY-2024,
OPTSTK,ASTRAL,30-May-2024,1680.0,PE,0.0,0.0,0.0,1.95,0.15,0,0.0,367,0,06-MAY-2024,
OPTSTK,ASTRAL,30-May-2024,1720.0,PE,0.0,0.0,0.0,18.25,0.4,0,0.0,0,0,06-MAY-2024,
OPTSTK,ASTRAL,30-May-2024,1760.0,PE,2.0,2.0,2.0,2.0,2.0,1,6.46,367,0,06-MAY-2024,
OPTSTK,ASTRAL,30-May-2024,1800.0,PE,6.85,6.85,3.05,3.3,3.3,95,629.03,55784,-2569,06-MAY-2024,
OPTSTK,ASTRAL,30-May-2024,1840.0,PE,0.0,0.0,0.0,39.9,3.3,0,0.0,0,0,06-MAY-2024,
OPTSTK,ASTRAL,30-May-2024,1860.0,PE,0.0,0.0,0.0,10.5,4.45,0,0.0,4771,0,06-MAY-2024,
OPTSTK,ASTRAL,30-May-2024,1880.0,PE,11.4,14.0,6.15,6.75,6.75,35,242.44,8441,8074,06-MAY-2024,
OPTSTK,ASTRAL,30-May-2024,1900.0,PE,11.95,12.0,7.7,8.45,8.45,114,798.99,104595,0,06-MAY-2024,
OPTSTK,ASTRAL,30-May-2024,1920.0,PE,0.0,0.0,0.0,17.0,10.2,0,0.0,734,0,06-MAY-2024,
OPTSTK,ASTRAL,30-May-2024,1940.0,PE,15.0,18.15,12.6,14.0,14.0,44,315.67,13212,2202,06-MAY-2024,
OPTSTK,ASTRAL,30-May-2024,1960.0,PE,21.25,22.9,16.35,17.0,17.0,27,196.21,53949,1835,06-MAY-2024,
OPTSTK,ASTRAL,30-May-2024,1980.0,PE,21.0,21.45,21.0,21.4,21.4,8,58.75,17983,0,06-MAY-2024,
OPTSTK,ASTRAL,30-May-2024,2000.0,PE,30.15,34.5,24.5,26.15,26.15,554,4124.11,156342,20552,06-MAY-2024,
OPTSTK,ASTRAL,30-May-2024,2020.0,PE,35.75,36.95,31.1,31.1,30.95,8,60.34,8441,1101,06-MAY-2024,
OPTSTK,ASTRAL,30-May-2024,2040.0,PE,43.0,45.25,38.95,39.35,39.35,19,145.17,10643,1835,06-MAY-2024,
OPTSTK,ASTRAL,30-May-2024,2060.0,PE,52.95,54.0,43.5,45.15,45.15,29,224.35,11744,4404,06-MAY-2024,
OPTSTK,ASTRAL,30-May-2024,2080.0,PE,61.0,67.1,52.05,53.55,53.55,57,447.61,8808,1101,06-MAY-2024,
OPTSTK,ASTRAL,30-May-2024,2100.0,PE,72.0,77.15,60.05,64.4,64.4,106,842.8,37434,1101,06-MAY-2024,
OPTSTK,ASTRAL,30-May-2024,2120.0,PE,84.35,84.35,74.05,74.05,71.5,2,16.14,6239,0,06-MAY-2024,
OPTSTK,ASTRAL,30-May-2024,2140.0,PE,96.8,96.8,81.5,84.0,84.0,3,24.52,8441,734,06-MAY-2024,
OPTSTK,ASTRAL,30-May-2024,2160.0,PE,0.0,0.0,0.0,120.4,93.9,0,0.0,1835,0,06-MAY-2024,
OPTSTK,ASTRAL,30-May-2024,2180.0,PE,0.0,0.0,0.0,132.9,106.4,0,0.0,1468,0,06-MAY-2024,
OPTSTK,ASTRAL,30-May-2024,2200.0,PE,133.7,133.75,120.0,122.15,122.15,6,51.23,3670,-367,06-MAY-2024,
OPTSTK,ASTRAL,30-May-2024,2220.0,PE,0.0,0.0,0.0,166.7,133.65,0,0.0,367,0,06-MAY-2024,
OPTSTK,ASTRAL,30-May-2024,2240.0,PE,173.75,173.75,173.75,173.75,148.5,1,8.85,367,-367,06-MAY-2024,
OPTSTK,ASTRAL,30-May-2024,2260.0,PE,0.0,0.0,0.0,273.75,163.85,0,0.0,0,0,06-MAY-2024,
OPTSTK,ASTRAL,30-May-2024,2280.0,PE,0.0,0.0,0.0,193.8,179.85,0,0.0,367,0,06-MAY-2024,
OPTSTK,ASTRAL,30-May-2024,2300.0,PE,0.0,0.0,0.0,306.65,196.4,0,0.0,0,0,06-MAY-2024,
OPTSTK,ASTRAL,30-May-2024,2320.0,PE,0.0,0.0,0.0,274.85,213.4,0,0.0,0,0,06-MAY-2024,
OPTSTK,ASTRAL,30-May-2024,2360.0,PE,0.0,0.0,0.0,304.7,248.75,0,0.0,0,0,06-MAY-2024,
OPTSTK,ASTRAL,30-May-2024,2400.0,PE,0.0,0.0,0.0,335.6,285.4,0,0.0,0,0,06-MAY-2024,
OPTSTK,ASTRAL,30-May-2024,2440.0,PE,0.0,0.0,0.0,367.6,323.05,0,0.0,0,0,06-MAY-2024,
OPTSTK,ASTRAL,27-Jun-2024,1720.0,CE,0.0,0.0,0.0,327.7,411.35,0,0.0,0,0,06-MAY-2024,
OPTSTK,ASTRAL,27-Jun-2024,1760.0,CE,0.0,0.0,0.0,296.3,374.05,0,0.0,0,0,06-MAY-2024,
OPTSTK,ASTRAL,27-Jun-2024,1800.0,CE,0.0,0.0,0.0,266.55,337.8,0,0.0,0,0,06-MAY-2024,
OPTSTK,ASTRAL,27-Jun-2024,1840.0,CE,0.0,0.0,0.0,238.4,302.7,0,0.0,0,0,06-MAY-2024,
OPTSTK,ASTRAL,27-Jun-2024,1860.0,CE,0.0,0.0,0.0,214.0,285.7,0,0.0,0,0,06-MAY-2024,
OPTSTK,ASTRAL,27-Jun-2024,1880.0,CE,0.0,0.0,0.0,212.05,269.1,0,0.0,0,0,06-MAY-2024,
OPTSTK,ASTRAL,27-Jun-2024,1900.0,CE,0.0,0.0,0.0,186.4,252.95,0,0.0,0,0,06-MAY-2024,
OPTSTK,ASTRAL,27-Jun-2024,1920.0,CE,0.0,0.0,0.0,187.65,237.25,0,0.0,0,0,06-MAY-2024,
OPTSTK,ASTRAL,27-Jun-2024,1940.0,CE,0.0,0.0,0.0,161.05,222.0,0,0.0,0,0,06-MAY-2024,
OPTSTK,ASTRAL,27-Jun-2024,1960.0,CE,0.0,0.0,0.0,165.15,207.35,0,0.0,0,0,06-MAY-2024,
OPTSTK,ASTRAL,27-Jun-2024,1980.0,CE,0.0,0.0,0.0,138.05,193.1,0,0.0,0,0,06-MAY-2024,
OPTSTK,ASTRAL,27-Jun-2024,2000.0,CE,0.0,0.0,0.0,144.55,179.5,0,0.0,0,0,06-MAY-2024,
OPTSTK,ASTRAL,27-Jun-2024,2020.0,CE,0.0,0.0,0.0,117.3,166.45,0,0.0,0,0,06-MAY-2024,
OPTSTK,ASTRAL,27-Jun-2024,2040.0,CE,0.0,0.0,0.0,125.85,154.0,0,0.0,0,0,06-MAY-2024,
OPTSTK,ASTRAL,27-Jun-2024,2060.0,CE,0.0,0.0,0.0,98.8,142.15,0,0.0,0,0,06-MAY-2024,
OPTSTK,ASTRAL,27-Jun-2024,2080.0,CE,0.0,0.0,0.0,109.0,130.85,0,0.0,0,0,06-MAY-2024,
OPTSTK,ASTRAL,27-Jun-2024,2100.0,CE,0.0,0.0,0.0,107.0,120.2,0,0.0,367,0,06-MAY-2024,
OPTSTK,ASTRAL,27-Jun-2024,2120.0,CE,0.0,0.0,0.0,93.9,110.15,0,0.0,0,0,06-MAY-2024,
OPTSTK,ASTRAL,27-Jun-2024,2140.0,CE,0.0,0.0,0.0,68.4,100.7,0,0.0,0,0,06-MAY-2024,
OPTSTK,ASTRAL,27-Jun-2024,2160.0,CE,0.0,0.0,0.0,80.5,91.85,0,0.0,0,0,06-MAY-2024,
OPTSTK,ASTRAL,27-Jun-2024,2180.0,CE,0.0,0.0,0.0,56.25,83.6,0,0.0,0,0,06-MAY-2024,
OPTSTK,ASTRAL,27-Jun-2024,2200.0,CE,0.0,0.0,0.0,69.05,75.85,0,0.0,3670,0,06-MAY-2024,
OPTSTK,ASTRAL,27-Jun-2024,2220.0,CE,0.0,0.0,0.0,45.95,68.7,0,0.0,0,0,06-MAY-2024,
OPTSTK,ASTRAL,27-Jun-2024,2240.0,CE,0.0,0.0,0.0,58.35,62.05,0,0.0,0,0,06-MAY-2024,
OPTSTK,ASTRAL,27-Jun-2024,2260.0,CE,0.0,0.0,0.0,37.15,55.95,0,0.0,0,0,06-MAY-2024,
OPTSTK,ASTRAL,27-Jun-2024,2280.0,CE,0.0,0.0,0.0,49.35,50.3,0,0.0,0,0,06-MAY-2024,
OPTSTK,ASTRAL,27-Jun-2024,2300.0,CE,0.0,0.0,0.0,29.8,45.2,0,0.0,0,0,06-MAY-2024,
OPTSTK,ASTRAL,27-Jun-2024,2320.0,CE,0.0,0.0,0.0,41.45,40.5,0,0.0,0,0,06-MAY-2024,
OPTSTK,ASTRAL,27-Jun-2024,2360.0,CE,0.0,0.0,0.0,34.7,32.2,0,0.0,0,0,06-MAY-2024,
OPTSTK,ASTRAL,27-Jun-2024,2400.0,CE,0.0,0.0,0.0,28.95,25.4,0,0.0,0,0,06-MAY-2024,
OPTSTK,ASTRAL,27-Jun-2024,2440.0,CE,0.0,0.0,0.0,24.0,19.85,0,0.0,0,0,06-MAY-2024,
OPTSTK,ASTRAL,27-Jun-2024,1720.0,PE,0.0,0.0,0.0,25.7,4.1,0,0.0,0,0,06-MAY-2024,
OPTSTK,ASTRAL,27-Jun-2024,1760.0,PE,0.0,0.0,0.0,33.6,6.45,0,0.0,0,0,06-MAY-2024,
OPTSTK,ASTRAL,27-Jun-2024,1800.0,PE,0.0,0.0,0.0,43.15,9.75,0,0.0,0,0,06-MAY-2024,
OPTSTK,ASTRAL,27-Jun-2024,1840.0,PE,0.0,0.0,0.0,54.3,14.25,0,0.0,0,0,06-MAY-2024,
OPTSTK,ASTRAL,27-Jun-2024,1860.0,PE,0.0,0.0,0.0,40.05,17.05,0,0.0,0,0,06-MAY-2024,
OPTSTK,ASTRAL,27-Jun-2024,1880.0,PE,0.0,0.0,0.0,67.2,20.25,0,0.0,0,0,06-MAY-2024,
OPTSTK,ASTRAL,27-Jun-2024,1900.0,PE,0.0,0.0,0.0,51.9,23.85,0,0.0,0,0,06-MAY-2024,
OPTSTK,ASTRAL,27-Jun-2024,1920.0,PE,0.0,0.0,0.0,82.1,27.95,0,0.0,0,0,06-MAY-2024,
OPTSTK,ASTRAL,27-Jun-2024,1940.0,PE,0.0,0.0,0.0,66.1,32.55,0,0.0,0,0,06-MAY-2024,
OPTSTK,ASTRAL,27-Jun-2024,1960.0,PE,0.0,0.0,0.0,98.85,37.7,0,0.0,0,0,06-MAY-2024,
OPTSTK,ASTRAL,27-Jun-2024,1980.0,PE,0.0,0.0,0.0,82.55,43.2,0,0.0,0,0,06-MAY-2024,
OPTSTK,ASTRAL,27-Jun-2024,2000.0,PE,0.0,0.0,0.0,117.55,49.35,0,0.0,0,0,06-MAY-2024,
OPTSTK,ASTRAL,27-Jun-2024,2020.0,PE,0.0,0.0,0.0,101.3,56.15,0,0.0,0,0,06-MAY-2024,
OPTSTK,ASTRAL,27-Jun-2024,2040.0,PE,0.0,0.0,0.0,138.15,63.45,0,0.0,0,0,06-MAY-2024,
OPTSTK,ASTRAL,27-Jun-2024,2060.0,PE,0.0,0.0,0.0,122.35,71.4,0,0.0,0,0,06-MAY-2024,
OPTSTK,ASTRAL,27-Jun-2024,2080.0,PE,0.0,0.0,0.0,160.6,79.95,0,0.0,0,0,06-MAY-2024,
OPTSTK,ASTRAL,27-Jun-2024,2100.0,PE,0.0,0.0,0.0,145.6,89.1,0,0.0,0,0,06-MAY-2024,
OPTSTK,ASTRAL,27-Jun-2024,2120.0,PE,0.0,0.0,0.0,184.75,98.8,0,0.0,0,0,06-MAY-2024,
OPTSTK,ASTRAL,27-Jun-2024,2140.0,PE,0.0,0.0,0.0,170.95,109.15,0,0.0,0,0,06-MAY-2024,
OPTSTK,ASTRAL,27-Jun-2024,2160.0,PE,0.0,0.0,0.0,210.65,120.1,0,0.0,0,0,06-MAY-2024,
OPTSTK,ASTRAL,27-Jun-2024,2180.0,PE,0.0,0.0,0.0,198.25,131.6,0,0.0,0,0,06-MAY-2024,
OPTSTK,ASTRAL,27-Jun-2024,2200.0,PE,0.0,0.0,0.0,238.1,143.7,0,0.0,0,0,06-MAY-2024,
OPTSTK,ASTRAL,27-Jun-2024,2220.0,PE,0.0,0.0,0.0,227.45,156.3,0,0.0,0,0,06-MAY-2024,
OPTSTK,ASTRAL,27-Jun-2024,2240.0,PE,0.0,0.0,0.0,267.1,169.5,0,0.0,0,0,06-MAY-2024,
OPTSTK,ASTRAL,27-Jun-2024,2260.0,PE,0.0,0.0,0.0,258.15,183.15,0,0.0,0,0,06-MAY-2024,
OPTSTK,ASTRAL,27-Jun-2024,2280.0,PE,0.0,0.0,0.0,297.35,197.3,0,0.0,0,0,06-MAY-2024,
OPTSTK,ASTRAL,27-Jun-2024,2300.0,PE,0.0,0.0,0.0,290.35,212.0,0,0.0,0,0,06-MAY-2024,
OPTSTK,ASTRAL,27-Jun-2024,2320.0,PE,0.0,0.0,0.0,328.75,227.1,0,0.0,0,0,06-MAY-2024,
OPTSTK,ASTRAL,27-Jun-2024,2360.0,PE,0.0,0.0,0.0,361.3,258.35,0,0.0,0,0,06-MAY-2024,
OPTSTK,ASTRAL,27-Jun-2024,2400.0,PE,0.0,0.0,0.0,394.8,291.15,0,0.0,0,0,06-MAY-2024,
OPTSTK,ASTRAL,27-Jun-2024,2440.0,PE,0.0,0.0,0.0,429.15,325.2,0,0.0,0,0,06-MAY-2024,
OPTSTK,ASTRAL,25-Jul-2024,1680.0,CE,0.0,0.0,0.0,377.65,463.15,0,0.0,0,0,06-MAY-2024,
OPTSTK,ASTRAL,25-Jul-2024,1760.0,CE,0.0,0.0,0.0,312.0,391.5,0,0.0,0,0,06-MAY-2024,
OPTSTK,ASTRAL,25-Jul-2024,1840.0,CE,0.0,0.0,0.0,252.45,324.3,0,0.0,0,0,06-MAY-2024,
OPTSTK,ASTRAL,25-Jul-2024,1880.0,CE,0.0,0.0,0.0,225.15,292.8,0,0.0,0,0,06-MAY-2024,
OPTSTK,ASTRAL,25-Jul-2024,1920.0,CE,0.0,0.0,0.0,199.8,263.0,0,0.0,0,0,06-MAY-2024,
OPTSTK,ASTRAL,25-Jul-2024,1960.0,CE,0.0,0.0,0.0,176.35,234.7,0,0.0,0,0,06-MAY-2024,
OPTSTK,ASTRAL,25-Jul-2024,2000.0,CE,0.0,0.0,0.0,154.8,208.4,0,0.0,0,0,06-MAY-2024,
OPTSTK,ASTRAL,25-Jul-2024,2040.0,CE,0.0,0.0,0.0,135.15,183.95,0,0.0,0,0,06-MAY-2024,
OPTSTK,ASTRAL,25-Jul-2024,2080.0,CE,0.0,0.0,0.0,117.35,161.45,0,0.0,0,0,06-MAY-2024,
OPTSTK,ASTRAL,25-Jul-2024,2120.0,CE,0.0,0.0,0.0,101.35,140.9,0,0.0,0,0,06-MAY-2024,
OPTSTK,ASTRAL,25-Jul-2024,2160.0,CE,0.0,0.0,0.0,87.1,122.3,0,0.0,0,0,06-MAY-2024,
OPTSTK,ASTRAL,25-Jul-2024,2200.0,CE,0.0,0.0,0.0,74.5,105.5,0,0.0,0,0,06-MAY-2024,
OPTSTK,ASTRAL,25-Jul-2024,2240.0,CE,0.0,0.0,0.0,63.35,90.55,0,0.0,0,0,06-MAY-2024,
OPTSTK,ASTRAL,25-Jul-2024,2280.0,CE,0.0,0.0,0.0,53.75,77.25,0,0.0,0,0,06-MAY-2024,
OPTSTK,ASTRAL,25-Jul-2024,2320.0,CE,0.0,0.0,0.0,45.25,65.55,0,0.0,0,0,06-MAY-2024,
OPTSTK,ASTRAL,25-Jul-2024,2400.0,CE,0.0,0.0,0.0,31.75,46.65,0,0.0,0,0,06-MAY-2024,
OPTSTK,ASTRAL,25-Jul-2024,1680.0,PE,0.0,0.0,0.0,16.65,7.1,0,0.0,0,0,06-MAY-2024,
OPTSTK,ASTRAL,25-Jul-2024,1760.0,PE,0.0,0.0,0.0,29.55,14.15,0,0.0,0,0,06-MAY-2024,
OPTSTK,ASTRAL,25-Jul-2024,1840.0,PE,0.0,0.0,0.0,48.6,25.7,0,0.0,0,0,06-MAY-2024,
OPTSTK,ASTRAL,25-Jul-2024,1880.0,PE,0.0,0.0,0.0,60.55,33.6,0,0.0,0,0,06-MAY-2024,
OPTSTK,ASTRAL,25-Jul-2024,1920.0,PE,0.0,0.0,0.0,74.5,43.15,0,0.0,0,0,06-MAY-2024,
OPTSTK,ASTRAL,25-Jul-2024,1960.0,PE,0.0,0.0,0.0,90.3,54.25,0,0.0,0,0,06-MAY-2024,
OPTSTK,ASTRAL,25-Jul-2024,2000.0,PE,0.0,0.0,0.0,108.0,67.3,0,0.0,0,0,06-MAY-2024,
OPTSTK,ASTRAL,25-Jul-2024,2040.0,PE,0.0,0.0,0.0,127.65,82.2,0,0.0,0,0,06-MAY-2024,
OPTSTK,ASTRAL,25-Jul-2024,2080.0,PE,0.0,0.0,0.0,149.15,99.1,0,0.0,0,0,06-MAY-2024,
OPTSTK,ASTRAL,25-Jul-2024,2120.0,PE,0.0,0.0,0.0,172.45,117.9,0,0.0,0,0,06-MAY-2024,
OPTSTK,ASTRAL,25-Jul-2024,2160.0,PE,0.0,0.0,0.0,197.45,138.65,0,0.0,0,0,06-MAY-2024,
OPTSTK,ASTRAL,25-Jul-2024,2200.0,PE,0.0,0.0,0.0,224.1,161.25,0,0.0,0,0,06-MAY-2024,
OPTSTK,ASTRAL,25-Jul-2024,2240.0,PE,0.0,0.0,0.0,252.25,185.6,0,0.0,0,0,06-MAY-2024,
OPTSTK,ASTRAL,25-Jul-2024,2280.0,PE,0.0,0.0,0.0,281.95,211.7,0,0.0,0,0,06-MAY-2024,
OPTSTK,ASTRAL,25-Jul-2024,2320.0,PE,0.0,0.0,0.0,312.7,239.4,0,0.0,0,0,06-MAY-2024,
OPTSTK,ASTRAL,25-Jul-2024,2400.0,PE,0.0,0.0,0.0,377.75,299.2,0,0.0,0,0,06-MAY-2024,
OPTSTK,ATUL,30-May-2024,5000.0,CE,0.0,0.0,0.0,1327.95,1188.65,0,0.0,0,0,06-MAY-2024,
OPTSTK,ATUL,30-May-2024,5100.0,CE,0.0,0.0,0.0,1237.0,1089.45,0,0.0,0,0,06-MAY-2024,
OPTSTK,ATUL,30-May-2024,5200.0,CE,0.0,0.0,0.0,1148.0,990.7,0,0.0,0,0,06-MAY-2024,
OPTSTK,ATUL,30-May-2024,5300.0,CE,0.0,0.0,0.0,727.45,892.7,0,0.0,75,0,06-MAY-2024,
OPTSTK,ATUL,30-May-2024,5350.0,CE,0.0,0.0,0.0,547.55,844.1,0,0.0,0,0,06-MAY-2024,
OPTSTK,ATUL,30-May-2024,5400.0,CE,0.0,0.0,0.0,620.0,795.95,0,0.0,75,0,06-MAY-2024,
OPTSTK,ATUL,30-May-2024,5450.0,CE,0.0,0.0,0.0,476.6,748.25,0,0.0,0,0,06-MAY-2024,
OPTSTK,ATUL,30-May-2024,5500.0,CE,0.0,0.0,0.0,896.25,701.15,0,0.0,0,0,06-MAY-2024,
OPTSTK,ATUL,30-May-2024,5550.0,CE,0.0,0.0,0.0,411.45,654.8,0,0.0,0,0,06-MAY-2024,
OPTSTK,ATUL,30-May-2024,5600.0,CE,652.15,652.15,573.9,573.9,609.3,6,27.95,750,225,06-MAY-2024,
OPTSTK,ATUL,30-May-2024,5650.0,CE,0.0,0.0,0.0,492.7,564.85,0,0.0,75,0,06-MAY-2024,
OPTSTK,ATUL,30-May-2024,5700.0,CE,568.45,568.45,565.95,565.95,521.5,3,14.1,1425,225,06-MAY-2024,
OPTSTK,ATUL,30-May-2024,5750.0,CE,0.0,0.0,0.0,408.75,479.45,0,0.0,75,0,06-MAY-2024,
OPTSTK,ATUL,30-May-2024,5800.0,CE,0.0,0.0,0.0,531.25,438.9,0,0.0,225,0,06-MAY-2024,
OPTSTK,ATUL,30-May-2024,5850.0,CE,0.0,0.0,0.0,250.7,399.9,0,0.0,0,0,06-MAY-2024,
OPTSTK,ATUL,30-May-2024,5900.0,CE,400.0,410.0,370.0,370.0,362.9,24,113.38,5025,-1725,06-MAY-2024,
OPTSTK,ATUL,30-May-2024,5950.0,CE,0.0,0.0,0.0,399.45,327.25,0,0.0,1275,0,06-MAY-2024,
OPTSTK,ATUL,30-May-2024,6000.0,CE,327.0,355.0,295.0,304.0,304.0,36,170.63,13650,-675,06-MAY-2024,
OPTSTK,ATUL,30-May-2024,6050.0,CE,0.0,0.0,0.0,330.95,262.5,0,0.0,975,0,06-MAY-2024,
OPTSTK,ATUL,30-May-2024,6100.0,CE,254.95,290.0,226.45,245.5,245.5,160,763.23,4725,-1275,06-MAY-2024,
OPTSTK,ATUL,30-May-2024,6150.0,CE,219.0,260.55,210.0,228.9,228.9,112,535.85,4050,2100,06-MAY-2024,
OPTSTK,ATUL,30-May-2024,6200.0,CE,187.6,242.15,151.55,200.3,200.3,821,3945.25,25500,2400,06-MAY-2024,
OPTSTK,ATUL,30-May-2024,6250.0,CE,150.0,218.95,135.65,173.7,173.7,204,983.79,12075,4650,06-MAY-2024,
OPTSTK,ATUL,30-May-2024,6300.0,CE,148.0,195.35,120.75,152.85,152.85,393,1904.9,25950,225,06-MAY-2024,
OPTSTK,ATUL,30-May-2024,6350.0,CE,133.0,133.0,133.0,133.0,118.95,1,4.86,600,0,06-MAY-2024,
OPTSTK,ATUL,30-May-2024,6400.0,CE,116.1,158.2,93.2,118.2,118.2,114,558.02,8775,600,06-MAY-2024,
OPTSTK,ATUL,30-May-2024,6450.0,CE,96.05,96.05,86.9,86.9,87.3,2,9.81,0,-75,06-MAY-2024,
OPTSTK,ATUL,30-May-2024,6500.0,CE,95.0,123.75,70.1,90.0,90.0,2256,11167.83,55050,7425,06-MAY-2024,
OPTSTK,ATUL,30-May-2024,6550.0,CE,0.0,0.0,0.0,51.15,62.7,0,0.0,825,0,06-MAY-2024,
OPTSTK,ATUL,30-May-2024,6600.0,CE,79.95,85.95,61.95,64.75,64.75,51,255.28,16725,150,06-MAY-2024,
OPTSTK,ATUL,30-May-2024,6650.0,CE,0.0,0.0,0.0,91.0,43.95,0,0.0,825,0,06-MAY-2024,
OPTSTK,ATUL,30-May-2024,6700.0,CE,66.55,76.05,43.0,52.85,36.5,15,75.97,2400,-450,06-MAY-2024,
OPTSTK,ATUL,30-May-2024,6750.0,CE,50.0,50.0,50.0,50.0,30.1,3,15.3,2850,0,06-MAY-2024,
OPTSTK,ATUL,30-May-2024,6800.0,CE,39.45,53.0,39.45,40.0,24.7,19,97.52,4875,600,06-MAY-2024,
OPTSTK,ATUL,30-May-2024,6850.0,CE,0.0,0.0,0.0,50.2,20.15,0,0.0,1200,0,06-MAY-2024,
OPTSTK,ATUL,30-May-2024,6900.0,CE,26.0,26.0,26.0,26.0,16.35,1,5.19,975,0,06-MAY-2024,
OPTSTK,ATUL,30-May-2024,6950.0,CE,0.0,0.0,0.0,22.1,13.2,0,0.0,900,0,06-MAY-2024,
OPTSTK,ATUL,30-May-2024,7000.0,CE,22.95,33.0,16.5,21.75,21.75,495,2607.74,47025,-150,06-MAY-2024,
OPTSTK,ATUL,30-May-2024,7050.0,CE,0.0,0.0,0.0,15.45,8.45,0,0.0,0,0,06-MAY-2024,
OPTSTK,ATUL,30-May-2024,7100.0,CE,18.7,18.7,15.0,15.2,15.2,12,64.05,1575,450,06-MAY-2024,
OPTSTK,ATUL,30-May-2024,7150.0,CE,0.0,0.0,0.0,11.6,5.3,0,0.0,0,0,06-MAY-2024,
OPTSTK,ATUL,30-May-2024,7200.0,CE,0.0,0.0,0.0,105.2,4.15,0,0.0,0,0,06-MAY-2024,
OPTSTK,ATUL,30-May-2024,4900.0,PE,0.0,0.0,0.0,8.15,0.1,0,0.0,600,0,06-MAY-2024,
OPTSTK,ATUL,30-May-2024,5000.0,PE,0.0,0.0,0.0,2.9,0.3,0,0.0,3750,0,06-MAY-2024,
OPTSTK,ATUL,30-May-2024,5100.0,PE,0.0,0.0,0.0,26.65,0.65,0,0.0,0,0,06-MAY-2024,
OPTSTK,ATUL,30-May-2024,5200.0,PE,0.0,0.0,0.0,35.85,1.4,0,0.0,0,0,06-MAY-2024,
OPTSTK,ATUL,30-May-2024,5300.0,PE,0.0,0.0,0.0,47.35,2.95,0,0.0,0,0,06-MAY-2024,
OPTSTK,ATUL,30-May-2024,5350.0,PE,0.0,0.0,0.0,91.65,4.15,0,0.0,0,0,06-MAY-2024,
OPTSTK,ATUL,30-May-2024,5400.0,PE,0.0,0.0,0.0,61.55,5.7,0,0.0,0,0,06-MAY-2024,
OPTSTK,ATUL,30-May-2024,5450.0,PE,0.0,0.0,0.0,29.95,7.8,0,0.0,1125,0,06-MAY-2024,
OPTSTK,ATUL,30-May-2024,5500.0,PE,6.05,20.5,6.0,17.6,17.6,218,901.96,19800,3000,06-MAY-2024,
OPTSTK,ATUL,30-May-2024,5550.0,PE,0.0,0.0,0.0,153.15,13.9,0,0.0,0,0,06-MAY-2024,
OPTSTK,ATUL,30-May-2024,5600.0,PE,17.5,28.2,14.75,26.8,26.8,67,282.54,4200,-750,06-MAY-2024,
OPTSTK,ATUL,30-May-2024,5650.0,PE,0.0,0.0,0.0,93.2,23.45,0,0.0,0,0,06-MAY-2024,
OPTSTK,ATUL,30-May-2024,5700.0,PE,29.0,35.0,25.0,35.0,35.0,15,64.44,8175,-525,06-MAY-2024,
OPTSTK,ATUL,30-May-2024,5750.0,PE,0.0,0.0,0.0,237.7,37.65,0,0.0,0,0,06-MAY-2024,
OPTSTK,ATUL,30-May-2024,5800.0,PE,41.05,56.65,34.0,53.85,53.85,89,390.5,10725,-2250,06-MAY-2024,
OPTSTK,ATUL,30-May-2024,5850.0,PE,50.0,60.9,45.0,60.9,57.65,11,48.74,1275,750,06-MAY-2024,
OPTSTK,ATUL,30-May-2024,5900.0,PE,68.0,82.0,57.8,74.2,74.2,59,264.25,15525,1500,06-MAY-2024,
OPTSTK,ATUL,30-May-2024,5950.0,PE,90.25,90.25,90.25,90.25,90.25,2,9.06,750,-150,06-MAY-2024,
OPTSTK,ATUL,30-May-2024,6000.0,PE,72.65,120.0,72.0,105.35,105.35,115,525.83,21825,4275,06-MAY-2024,
OPTSTK,ATUL,30-May-2024,6050.0,PE,137.5,137.5,137.5,137.5,119.3,1,4.64,1500,75,06-MAY-2024,
OPTSTK,ATUL,30-May-2024,6100.0,PE,140.0,160.75,130.0,144.0,144.0,38,178.01,3375,1275,06-MAY-2024,
OPTSTK,ATUL,30-May-2024,6150.0,PE,182.85,182.85,182.85,182.85,162.5,1,4.74,1425,75,06-MAY-2024,
OPTSTK,ATUL,30-May-2024,6200.0,PE,150.0,219.3,150.0,196.2,196.2,51,244.5,4350,1950,06-MAY-2024,
OPTSTK,ATUL,30-May-2024,6250.0,PE,208.5,251.8,200.0,200.0,214.25,3,14.55,975,150,06-MAY-2024,
OPTSTK,ATUL,30-May-2024,6300.0,PE,255.0,255.15,230.0,253.7,253.7,16,78.57,4275,300,06-MAY-2024,
OPTSTK,ATUL,30-May-2024,6350.0,PE,0.0,0.0,0.0,623.35,274.35,0,0.0,0,0,06-MAY-2024,
OPTSTK,ATUL,30-May-2024,6400.0,PE,0.0,0.0,0.0,250.0,307.4,0,0.0,1500,0,06-MAY-2024,
OPTSTK,ATUL,30-May-2024,6450.0,PE,0.0,0.0,0.0,703.45,342.25,0,0.0,0,0,06-MAY-2024,
OPTSTK,ATUL,30-May-2024,6500.0,PE,0.0,0.0,0.0,383.0,379.15,0,0.0,2700,0,06-MAY-2024,
OPTSTK,ATUL,30-May-2024,6550.0,PE,0.0,0.0,0.0,786.85,417.2,0,0.0,0,0,06-MAY-2024,
OPTSTK,ATUL,30-May-2024,6600.0,PE,0.0,0.0,0.0,425.0,456.9,0,0.0,975,0,06-MAY-2024,
OPTSTK,ATUL,30-May-2024,6650.0,PE,0.0,0.0,0.0,873.1,498.0,0,0.0,0,0,06-MAY-2024,
OPTSTK,ATUL,30-May-2024,6700.0,PE,0.0,0.0,0.0,740.0,540.3,0,0.0,75,0,06-MAY-2024,
OPTSTK,ATUL,30-May-2024,6750.0,PE,0.0,0.0,0.0,961.8,583.7,0,0.0,0,0,06-MAY-2024,
OPTSTK,ATUL,30-May-2024,6800.0,PE,0.0,0.0,0.0,630.7,628.05,0,0.0,375,0,06-MAY-2024,
OPTSTK,ATUL,30-May-2024,6850.0,PE,0.0,0.0,0.0,1052.55,673.25,0,0.0,0,0,06-MAY-2024,
OPTSTK,ATUL,30-May-2024,6900.0,PE,0.0,0.0,0.0,724.8,719.25,0,0.0,0,0,06-MAY-2024,
OPTSTK,ATUL,30-May-2024,6950.0,PE,0.0,0.0,0.0,1145.0,765.85,0,0.0,0,0,06-MAY-2024,
OPTSTK,ATUL,30-May-2024,7000.0,PE,0.0,0.0,0.0,720.0,813.0,0,0.0,75,0,06-MAY-2024,
OPTSTK,ATUL,30-May-2024,7050.0,PE,0.0,0.0,0.0,1238.8,860.65,0,0.0,0,0,06-MAY-2024,
OPTSTK,ATUL,30-May-2024,7100.0,PE,0.0,0.0,0.0,876.8,908.65,0,0.0,0,0,06-MAY-2024,
OPTSTK,ATUL,30-May-2024,7150.0,PE,0.0,0.0,0.0,1333.75,957.0,0,0.0,0,0,06-MAY-2024,
OPTSTK,ATUL,30-May-2024,7200.0,PE,0.0,0.0,0.0,956.7,1005.65,0,0.0,0,0,06-MAY-2024,
OPTSTK,ATUL,27-Jun-2024,5000.0,CE,0.0,0.0,0.0,881.75,1222.1,0,0.0,0,0,06-MAY-2024,
OPTSTK,ATUL,27-Jun-2024,5100.0,CE,0.0,0.0,0.0,800.15,1126.35,0,0.0,0,0,06-MAY-2024,
OPTSTK,ATUL,27-Jun-2024,5200.0,CE,0.0,0.0,0.0,722.15,1032.1,0,0.0,0,0,06-MAY-2024,
OPTSTK,ATUL,27-Jun-2024,5300.0,CE,0.0,0.0,0.0,648.35,939.85,0,0.0,0,0,06-MAY-2024,
OPTSTK,ATUL,27-Jun-2024,5350.0,CE,0.0,0.0,0.0,664.75,894.6,0,0.0,0,0,06-MAY-2024,
OPTSTK,ATUL,27-Jun-2024,5400.0,CE,0.0,0.0,0.0,578.35,850.05,0,0.0,0,0,06-MAY-2024,
OPTSTK,ATUL,27-Jun-2024,5450.0,CE,0.0,0.0,0.0,589.2,806.3,0,0.0,0,0,06-MAY-2024,
OPTSTK,ATUL,27-Jun-2024,5500.0,CE,0.0,0.0,0.0,513.2,763.35,0,0.0,0,0,06-MAY-2024,
OPTSTK,ATUL,27-Jun-2024,5550.0,CE,0.0,0.0,0.0,517.85,721.35,0,0.0,0,0,06-MAY-2024,
OPTSTK,ATUL,27-Jun-2024,5600.0,CE,0.0,0.0,0.0,452.75,680.3,0,0.0,0,0,06-MAY-2024,
OPTSTK,ATUL,27-Jun-2024,5650.0,CE,0.0,0.0,0.0,451.95,640.3,0,0.0,0,0,06-MAY-2024,
OPTSTK,ATUL,27-Jun-2024,5700.0,CE,0.0,0.0,0.0,397.1,601.45,0,0.0,0,0,06-MAY-2024,
OPTSTK,ATUL,27-Jun-2024,5750.0,CE,0.0,0.0,0.0,391.4,563.75,0,0.0,0,0,06-MAY-2024,
OPTSTK,ATUL,27-Jun-2024,5800.0,CE,0.0,0.0,0.0,346.25,527.5,0,0.0,0,0,06-MAY-2024,
OPTSTK,ATUL,27-Jun-2024,5850.0,CE,0.0,0.0,0.0,336.25,492.05,0,0.0,0,0,06-MAY-2024,
OPTSTK,ATUL,27-Jun-2024,5900.0,CE,0.0,0.0,0.0,300.15,458.25,0,0.0,0,0,06-MAY-2024,
OPTSTK,ATUL,27-Jun-2024,5950.0,CE,0.0,0.0,0.0,286.6,425.8,0,0.0,0,0,06-MAY-2024,
OPTSTK,ATUL,27-Jun-2024,6000.0,CE,0.0,0.0,0.0,320.0,394.8,0,0.0,75,0,06-MAY-2024,
OPTSTK,ATUL,27-Jun-2024,6050.0,CE,0.0,0.0,0.0,242.35,365.25,0,0.0,0,0,06-MAY-2024,
OPTSTK,ATUL,27-Jun-2024,6100.0,CE,0.0,0.0,0.0,221.65,337.1,0,0.0,0,0,06-MAY-2024,
OPTSTK,ATUL,27-Jun-2024,6150.0,CE,0.0,0.0,0.0,203.3,310.4,0,0.0,0,0,06-MAY-2024,
OPTSTK,ATUL,27-Jun-2024,6200.0,CE,0.0,0.0,0.0,188.85,285.15,0,0.0,0,0,06-MAY-2024,
OPTSTK,ATUL,27-Jun-2024,6250.0,CE,0.0,0.0,0.0,169.15,261.35,0,0.0,0,0,06-MAY-2024,
OPTSTK,ATUL,27-Jun-2024,6300.0,CE,0.0,0.0,0.0,160.0,239.0,0,0.0,0,0,06-MAY-2024,
OPTSTK,ATUL,27-Jun-2024,6350.0,CE,0.0,0.0,0.0,139.7,218.05,0,0.0,0,0,06-MAY-2024,
OPTSTK,ATUL,27-Jun-2024,6400.0,CE,0.0,0.0,0.0,135.15,198.5,0,0.0,0,0,06-MAY-2024,
OPTSTK,ATUL,27-Jun-2024,6450.0,CE,0.0,0.0,0.0,114.75,180.25,0,0.0,0,0,06-MAY-2024,
OPTSTK,ATUL,27-Jun-2024,6500.0,CE,222.0,243.0,200.0,242.95,163.3,10,50.5,675,450,06-MAY-2024,
OPTSTK,ATUL,27-Jun-2024,6550.0,CE,0.0,0.0,0.0,93.2,147.6,0,0.0,0,0,06-MAY-2024,
OPTSTK,ATUL,27-Jun-2024,6600.0,CE,0.0,0.0,0.0,94.35,133.1,0,0.0,0,0,06-MAY-2024,
OPTSTK,ATUL,27-Jun-2024,6650.0,CE,0.0,0.0,0.0,75.25,119.75,0,0.0,0,0,06-MAY-2024,
OPTSTK,ATUL,27-Jun-2024,6700.0,CE,0.0,0.0,0.0,78.3,107.8,0,0.0,0,0,06-MAY-2024,
OPTSTK,ATUL,27-Jun-2024,6750.0,CE,0.0,0.0,0.0,60.3,96.4,0,0.0,0,0,06-MAY-2024,
OPTSTK,ATUL,27-Jun-2024,6800.0,CE,0.0,0.0,0.0,64.6,86.15,0,0.0,0,0,06-MAY-2024,
OPTSTK,ATUL,27-Jun-2024,6850.0,CE,0.0,0.0,0.0,47.95,76.85,0,0.0,0,0,06-MAY-2024,
OPTSTK,ATUL,27-Jun-2024,6900.0,CE,0.0,0.0,0.0,53.1,68.35,0,0.0,0,0,06-MAY-2024,
OPTSTK,ATUL,27-Jun-2024,6950.0,CE,0.0,0.0,0.0,37.9,60.7,0,0.0,0,0,06-MAY-2024,
OPTSTK,ATUL,27-Jun-2024,7000.0,CE,0.0,0.0,0.0,43.4,53.75,0,0.0,0,0,06-MAY-2024,
OPTSTK,ATUL,27-Jun-2024,7050.0,CE,0.0,0.0,0.0,29.7,47.55,0,0.0,0,0,06-MAY-2024,
OPTSTK,ATUL,27-Jun-2024,7100.0,CE,0.0,0.0,0.0,35.3,41.9,0,0.0,0,0,06-MAY-2024,
OPTSTK,ATUL,27-Jun-2024,7150.0,CE,0.0,0.0,0.0,23.15,36.9,0,0.0,0,0,06-MAY-2024,
OPTSTK,ATUL,27-Jun-2024,7200.0,CE,0.0,0.0,0.0,28.6,32.4,0,0.0,0,0,06-MAY-2024,
OPTSTK,ATUL,27-Jun-2024,5000.0,PE,0.0,0.0,0.0,51.85,5.3,0,0.0,0,0,06-MAY-2024,
OPTSTK,ATUL,27-Jun-2024,5100.0,PE,0.0,0.0,0.0,68.5,8.5,0,0.0,0,0,06-MAY-2024,
OPTSTK,ATUL,27-Jun-2024,5200.0,PE,0.0,0.0,0.0,88.75,13.2,0,0.0,0,0,06-MAY-2024,
OPTSTK,ATUL,27-Jun-2024,5300.0,PE,0.0,0.0,0.0,113.15,19.9,0,0.0,0,0,06-MAY-2024,
OPTSTK,ATUL,27-Jun-2024,5350.0,PE,0.0,0.0,0.0,72.85,24.15,0,0.0,0,0,06-MAY-2024,
OPTSTK,ATUL,27-Jun-2024,5400.0,PE,0.0,0.0,0.0,141.35,29.1,0,0.0,0,0,06-MAY-2024,
OPTSTK,ATUL,27-Jun-2024,5450.0,PE,0.0,0.0,0.0,96.05,34.85,0,0.0,0,0,06-MAY-2024,
OPTSTK,ATUL,27-Jun-2024,5500.0,PE,0.0,0.0,0.0,174.4,41.4,0,0.0,0,0,06-MAY-2024,
OPTSTK,ATUL,27-Jun-2024,5550.0,PE,0.0,0.0,0.0,123.45,48.85,0,0.0,0,0,06-MAY-2024,
OPTSTK,ATUL,27-Jun-2024,5600.0,PE,0.0,0.0,0.0,212.2,57.3,0,0.0,0,0,06-MAY-2024,
OPTSTK,ATUL,27-Jun-2024,5650.0,PE,0.0,0.0,0.0,156.3,66.8,0,0.0,0,0,06-MAY-2024,
OPTSTK,ATUL,27-Jun-2024,5700.0,PE,0.0,0.0,0.0,254.75,77.4,0,0.0,0,0,06-MAY-2024,
OPTSTK,ATUL,27-Jun-2024,5750.0,PE,0.0,0.0,0.0,194.5,89.2,0,0.0,0,0,06-MAY-2024,
OPTSTK,ATUL,27-Jun-2024,5800.0,PE,0.0,0.0,0.0,302.1,102.4,0,0.0,0,0,06-MAY-2024,
OPTSTK,ATUL,27-Jun-2024,5850.0,PE,0.0,0.0,0.0,238.1,116.45,0,0.0,0,0,06-MAY-2024,
OPTSTK,ATUL,27-Jun-2024,5900.0,PE,0.0,0.0,0.0,354.2,132.15,0,0.0,0,0,06-MAY-2024,
OPTSTK,ATUL,27-Jun-2024,5950.0,PE,0.0,0.0,0.0,287.2,149.2,0,0.0,0,0,06-MAY-2024,
OPTSTK,ATUL,27-Jun-2024,6000.0,PE,216.25,220.0,216.25,220.0,167.7,3,13.99,375,150,06-MAY-2024,
OPTSTK,ATUL,27-Jun-2024,6050.0,PE,0.0,0.0,0.0,341.7,187.6,0,0.0,0,0,06-MAY-2024,
OPTSTK,ATUL,27-Jun-2024,6100.0,PE,0.0,0.0,0.0,472.15,208.95,0,0.0,0,0,06-MAY-2024,
OPTSTK,ATUL,27-Jun-2024,6150.0,PE,0.0,0.0,0.0,401.35,231.75,0,0.0,0,0,06-MAY-2024,
OPTSTK,ATUL,27-Jun-2024,6200.0,PE,0.0,0.0,0.0,537.55,255.95,0,0.0,0,0,06-MAY-2024,
OPTSTK,ATUL,27-Jun-2024,6250.0,PE,0.0,0.0,0.0,466.0,281.65,0,0.0,0,0,06-MAY-2024,
OPTSTK,ATUL,27-Jun-2024,6300.0,PE,0.0,0.0,0.0,606.95,308.8,0,0.0,0,0,06-MAY-2024,
OPTSTK,ATUL,27-Jun-2024,6350.0,PE,0.0,0.0,0.0,535.25,337.35,0,0.0,0,0,06-MAY-2024,
OPTSTK,ATUL,27-Jun-2024,6400.0,PE,0.0,0.0,0.0,680.25,367.25,0,0.0,0,0,06-MAY-2024,
OPTSTK,ATUL,27-Jun-2024,6450.0,PE,0.0,0.0,0.0,609.1,398.5,0,0.0,0,0,06-MAY-2024,
OPTSTK,ATUL,27-Jun-2024,6500.0,PE,0.0,0.0,0.0,756.5,431.0,0,0.0,0,0,06-MAY-2024,
OPTSTK,ATUL,27-Jun-2024,6550.0,PE,0.0,0.0,0.0,686.25,464.8,0,0.0,0,0,06-MAY-2024,
OPTSTK,ATUL,27-Jun-2024,6600.0,PE,0.0,0.0,0.0,835.9,499.8,0,0.0,0,0,06-MAY-2024,
OPTSTK,ATUL,27-Jun-2024,6650.0,PE,0.0,0.0,0.0,767.05,535.95,0,0.0,0,0,06-MAY-2024,
OPTSTK,ATUL,27-Jun-2024,6700.0,PE,0.0,0.0,0.0,918.05,573.5,0,0.0,0,0,06-MAY-2024,
OPTSTK,ATUL,27-Jun-2024,6750.0,PE,0.0,0.0,0.0,850.85,611.55,0,0.0,0,0,06-MAY-2024,
OPTSTK,ATUL,27-Jun-2024,6800.0,PE,0.0,0.0,0.0,1002.6,650.8,0,0.0,0,0,06-MAY-2024,
OPTSTK,ATUL,27-Jun-2024,6850.0,PE,0.0,0.0,0.0,937.3,690.95,0,0.0,0,0,06-MAY-2024,
OPTSTK,ATUL,27-Jun-2024,6900.0,PE,0.0,0.0,0.0,1089.25,731.95,0,0.0,0,0,06-MAY-2024,
OPTSTK,ATUL,27-Jun-2024,6950.0,PE,0.0,0.0,0.0,1025.95,773.8,0,0.0,0,0,06-MAY-2024,
OPTSTK,ATUL,27-Jun-2024,7000.0,PE,0.0,0.0,0.0,1177.8,816.35,0,0.0,0,0,06-MAY-2024,
OPTSTK,ATUL,27-Jun-2024,7050.0,PE,0.0,0.0,0.0,1116.5,859.6,0,0.0,0,0,06-MAY-2024,
OPTSTK,ATUL,27-Jun-2024,7100.0,PE,0.0,0.0,0.0,1267.9,903.45,0,0.0,0,0,06-MAY-2024,
OPTSTK,ATUL,27-Jun-2024,7150.0,PE,0.0,0.0,0.0,1208.7,947.95,0,0.0,0,0,06-MAY-2024,
OPTSTK,ATUL,27-Jun-2024,7200.0,PE,0.0,0.0,0.0,1359.4,992.9,0,0.0,0,0,06-MAY-2024,
OPTSTK,ATUL,25-Jul-2024,5000.0,CE,0.0,0.0,0.0,1007.8,1260.0,0,0.0,0,0,06-MAY-2024,
OPTSTK,ATUL,25-Jul-2024,5200.0,CE,0.0,0.0,0.0,842.2,1078.2,0,0.0,0,0,06-MAY-2024,
OPTSTK,ATUL,25-Jul-2024,5300.0,CE,0.0,0.0,0.0,764.45,990.7,0,0.0,0,0,06-MAY-2024,
OPTSTK,ATUL,25-Jul-2024,5400.0,CE,0.0,0.0,0.0,690.6,905.95,0,0.0,0,0,06-MAY-2024,
OPTSTK,ATUL,25-Jul-2024,5500.0,CE,0.0,0.0,0.0,620.35,824.4,0,0.0,0,0,06-MAY-2024,
OPTSTK,ATUL,25-Jul-2024,5600.0,CE,0.0,0.0,0.0,554.7,746.35,0,0.0,0,0,06-MAY-2024,
OPTSTK,ATUL,25-Jul-2024,5700.0,CE,0.0,0.0,0.0,493.45,672.35,0,0.0,0,0,06-MAY-2024,
OPTSTK,ATUL,25-Jul-2024,5800.0,CE,0.0,0.0,0.0,436.7,601.95,0,0.0,0,0,06-MAY-2024,
OPTSTK,ATUL,25-Jul-2024,5900.0,CE,0.0,0.0,0.0,384.5,536.3,0,0.0,0,0,06-MAY-2024,
OPTSTK,ATUL,25-Jul-2024,6000.0,CE,0.0,0.0,0.0,336.8,475.2,0,0.0,0,0,06-MAY-2024,
OPTSTK,ATUL,25-Jul-2024,6100.0,CE,0.0,0.0,0.0,293.55,418.7,0,0.0,0,0,06-MAY-2024,
OPTSTK,ATUL,25-Jul-2024,6200.0,CE,0.0,0.0,0.0,254.55,366.9,0,0.0,0,0,06-MAY-2024,
OPTSTK,ATUL,25-Jul-2024,6300.0,CE,0.0,0.0,0.0,219.6,319.7,0,0.0,0,0,06-MAY-2024,
OPTSTK,ATUL,25-Jul-2024,6400.0,CE,0.0,0.0,0.0,188.55,277.0,0,0.0,0,0,06-MAY-2024,
OPTSTK,ATUL,25-Jul-2024,6500.0,CE,0.0,0.0,0.0,161.1,238.75,0,0.0,0,0,06-MAY-2024,
OPTSTK,ATUL,25-Jul-2024,6600.0,CE,0.0,0.0,0.0,137.35,204.6,0,0.0,0,0,06-MAY-2024,
OPTSTK,ATUL,25-Jul-2024,6700.0,CE,0.0,0.0,0.0,116.15,174.4,0,0.0,0,0,06-MAY-2024,
OPTSTK,ATUL,25-Jul-2024,6800.0,CE,0.0,0.0,0.0,97.9,148.15,0,0.0,0,0,06-MAY-2024,
OPTSTK,ATUL,25-Jul-2024,6900.0,CE,0.0,0.0,0.0,82.15,125.15,0,0.0,0,0,06-MAY-2024,
OPTSTK,ATUL,25-Jul-2024,7000.0,CE,0.0,0.0,0.0,68.6,104.85,0,0.0,0,0,06-MAY-2024,
OPTSTK,ATUL,25-Jul-2024,7100.0,CE,0.0,0.0,0.0,57.05,87.6,0,0.0,0,0,06-MAY-2024,
OPTSTK,ATUL,25-Jul-2024,7200.0,CE,0.0,0.0,0.0,47.3,72.8,0,0.0,0,0,06-MAY-2024,
OPTSTK,ATUL,25-Jul-2024,5000.0,PE,0.0,0.0,0.0,42.75,15.65,0,0.0,0,0,06-MAY-2024,
OPTSTK,ATUL,25-Jul-2024,5200.0,PE,0.0,0.0,0.0,73.5,30.7,0,0.0,0,0,06-MAY-2024,
OPTSTK,ATUL,25-Jul-2024,5300.0,PE,0.0,0.0,0.0,93.9,41.6,0,0.0,0,0,06-MAY-2024,
OPTSTK,ATUL,25-Jul-2024,5400.0,PE,0.0,0.0,0.0,118.3,55.3,0,0.0,0,0,06-MAY-2024,
OPTSTK,ATUL,25-Jul-2024,5500.0,PE,0.0,0.0,0.0,146.2,72.15,0,0.0,0,0,06-MAY-2024,
OPTSTK,ATUL,25-Jul-2024,5600.0,PE,0.0,0.0,0.0,178.75,92.5,0,0.0,0,0,06-MAY-2024,
OPTSTK,ATUL,25-Jul-2024,5700.0,PE,0.0,0.0,0.0,215.7,116.95,0,0.0,0,0,06-MAY-2024,
OPTSTK,ATUL,25-Jul-2024,5800.0,PE,0.0,0.0,0.0,257.15,145.0,0,0.0,0,0,06-MAY-2024,
OPTSTK,ATUL,25-Jul-2024,5900.0,PE,0.0,0.0,0.0,303.15,177.75,0,0.0,0,0,06-MAY-2024,
OPTSTK,ATUL,25-Jul-2024,6000.0,PE,0.0,0.0,0.0,353.65,215.05,0,0.0,0,0,06-MAY-2024,
OPTSTK,ATUL,25-Jul-2024,6100.0,PE,0.0,0.0,0.0,408.6,257.0,0,0.0,0,0,06-MAY-2024,
OPTSTK,ATUL,25-Jul-2024,6200.0,PE,0.0,0.0,0.0,467.75,303.6,0,0.0,0,0,06-MAY-2024,
OPTSTK,ATUL,25-Jul-2024,6300.0,PE,0.0,0.0,0.0,531.05,354.8,0,0.0,0,0,06-MAY-2024,
OPTSTK,ATUL,25-Jul-2024,6400.0,PE,0.0,0.0,0.0,598.2,410.55,0,0.0,0,0,06-MAY-2024,
OPTSTK,ATUL,25-Jul-2024,6500.0,PE,0.0,0.0,0.0,668.9,470.65,0,0.0,0,0,06-MAY-2024,
OPTSTK,ATUL,25-Jul-2024,6600.0,PE,0.0,0.0,0.0,743.35,534.95,0,0.0,0,0,06-MAY-2024,
OPTSTK,ATUL,25-Jul-2024,6700.0,PE,0.0,0.0,0.0,820.3,603.2,0,0.0,0,0,06-MAY-2024,
OPTSTK,ATUL,25-Jul-2024,6800.0,PE,0.0,0.0,0.0,900.25,675.4,0,0.0,0,0,06-MAY-2024,
OPTSTK,ATUL,25-Jul-2024,6900.0,PE,0.0,0.0,0.0,982.7,750.75,0,0.0,0,0,06-MAY-2024,
OPTSTK,ATUL,25-Jul-2024,7000.0,PE,0.0,0.0,0.0,1067.4,828.9,0,0.0,0,0,06-MAY-2024,
OPTSTK,ATUL,25-Jul-2024,7100.0,PE,0.0,0.0,0.0,1154.05,910.05,0,0.0,0,0,06-MAY-2024,
OPTSTK,ATUL,25-Jul-2024,7200.0,PE,0.0,0.0,0.0,1242.45,993.65,0,0.0,0,0,06-MAY-2024,
OPTSTK,AUBANK,30-May-2024,500.0,CE,0.0,0.0,0.0,153.25,136.35,0,0.0,2000,0,06-MAY-2024,
OPTSTK,AUBANK,30-May-2024,510.0,CE,0.0,0.0,0.0,72.25,126.5,0,0.0,0,0,06-MAY-2024,
OPTSTK,AUBANK,30-May-2024,520.0,CE,129.05,129.05,129.05,129.05,116.7,1,6.49,1000,0,06-MAY-2024,
OPTSTK,AUBANK,30-May-2024,530.0,CE,119.9,119.9,119.9,119.9,107.05,1,6.49,1000,0,06-MAY-2024,
OPTSTK,AUBANK,30-May-2024,540.0,CE,108.5,108.5,96.9,96.9,97.5,2,12.85,1000,0,06-MAY-2024,
OPTSTK,AUBANK,30-May-2024,545.0,CE,0.0,0.0,0.0,111.35,92.85,0,0.0,1000,0,06-MAY-2024,
OPTSTK,AUBANK,30-May-2024,550.0,CE,0.0,0.0,0.0,75.7,88.2,0,0.0,6000,0,06-MAY-2024,
OPTSTK,AUBANK,30-May-2024,555.0,CE,0.0,0.0,0.0,43.4,83.6,0,0.0,0,0,06-MAY-2024,
OPTSTK,AUBANK,30-May-2024,560.0,CE,0.0,0.0,0.0,69.65,79.1,0,0.0,2000,0,06-MAY-2024,
OPTSTK,AUBANK,30-May-2024,565.0,CE,0.0,0.0,0.0,38.2,74.7,0,0.0,0,0,06-MAY-2024,
OPTSTK,AUBANK,30-May-2024,570.0,CE,70.35,70.35,69.0,69.0,70.4,2,12.79,3000,0,06-MAY-2024,
OPTSTK,AUBANK,30-May-2024,575.0,CE,0.0,0.0,0.0,73.0,66.15,0,0.0,4000,0,06-MAY-2024,
OPTSTK,AUBANK,30-May-2024,580.0,CE,67.6,67.6,66.95,66.95,62.05,2,12.94,14000,0,06-MAY-2024,
OPTSTK,AUBANK,30-May-2024,585.0,CE,67.75,67.75,67.75,67.75,58.05,1,6.52,2000,-1000,06-MAY-2024,
OPTSTK,AUBANK,30-May-2024,590.0,CE,64.35,64.35,52.9,52.95,52.95,22,143.49,18000,-3000,06-MAY-2024,
OPTSTK,AUBANK,30-May-2024,595.0,CE,0.0,0.0,0.0,55.75,50.4,0,0.0,6000,0,06-MAY-2024,
OPTSTK,AUBANK,30-May-2024,600.0,CE,52.0,59.0,42.8,45.1,45.1,70,453.28,212000,2000,06-MAY-2024,
OPTSTK,AUBANK,30-May-2024,605.0,CE,0.0,0.0,0.0,48.0,43.3,0,0.0,27000,0,06-MAY-2024,
OPTSTK,AUBANK,30-May-2024,610.0,CE,50.6,52.05,36.3,37.2,37.2,23,149.84,119000,2000,06-MAY-2024,
OPTSTK,AUBANK,30-May-2024,615.0,CE,41.25,41.25,32.95,34.05,36.85,9,58.61,34000,-1000,06-MAY-2024,
OPTSTK,AUBANK,30-May-2024,620.0,CE,40.0,44.55,30.05,30.95,30.95,139,913.19,220000,-20000,06-MAY-2024,
OPTSTK,AUBANK,30-May-2024,625.0,CE,0.0,0.0,0.0,33.7,30.95,0,0.0,89000,0,06-MAY-2024,
OPTSTK,AUBANK,30-May-2024,630.0,CE,32.95,37.5,24.15,25.85,25.85,282,1857.97,442000,-1000,06-MAY-2024,
OPTSTK,AUBANK,30-May-2024,635.0,CE,32.0,34.5,22.0,23.2,23.2,80,528.16,70000,7000,06-MAY-2024,
OPTSTK,AUBANK,30-May-2024,640.0,CE,27.35,31.95,19.55,21.0,21.0,2756,18378.71,838000,349000,06-MAY-2024,
OPTSTK,AUBANK,30-May-2024,645.0,CE,25.0,28.55,17.5,18.85,18.85,343,2293.32,92000,-13000,06-MAY-2024,
OPTSTK,AUBANK,30-May-2024,650.0,CE,21.9,25.9,15.65,16.9,16.9,2612,17541.53,1101000,50000,06-MAY-2024,
OPTSTK,AUBANK,30-May-2024,655.0,CE,20.0,23.5,14.1,15.3,15.3,534,3601.49,116000,45000,06-MAY-2024,
OPTSTK,AUBANK,30-May-2024,660.0,CE,18.15,21.25,12.4,13.35,13.35,1368,9273.1,337000,-14000,06-MAY-2024,
OPTSTK,AUBANK,30-May-2024,665.0,CE,18.05,18.95,10.75,11.65,11.65,66,449.1,59000,11000,06-MAY-2024,
OPTSTK,AUBANK,30-May-2024,670.0,CE,14.75,17.3,9.75,10.55,10.55,848,5797.89,259000,-8000,06-MAY-2024,
OPTSTK,AUBANK,30-May-2024,675.0,CE,12.6,15.3,8.8,9.15,9.15,80,550.03,57000,-8000,06-MAY-2024,
OPTSTK,AUBANK,30-May-2024,680.0,CE,11.8,13.8,7.65,8.15,8.15,1158,8003.95,448000,47000,06-MAY-2024,
OPTSTK,AUBANK,30-May-2024,685.0,CE,11.2,12.1,6.9,7.6,8.6,21,145.75,21000,-6000,06-MAY-2024,
OPTSTK,AUBANK,30-May-2024,690.0,CE,8.65,10.9,5.9,6.3,6.3,180,1257.16,139000,14000,06-MAY-2024,
OPTSTK,AUBANK,30-May-2024,695.0,CE,8.3,9.15,7.85,7.85,6.7,13,91.43,26000,-5000,06-MAY-2024,
OPTSTK,AUBANK,30-May-2024,700.0,CE,7.35,8.9,4.6,5.05,5.05,1171,8276.51,928000,-42000,06-MAY-2024,
OPTSTK,AUBANK,30-May-2024,705.0,CE,0.0,0.0,0.0,6.3,5.15,0,0.0,28000,0,06-MAY-2024,
OPTSTK,AUBANK,30-May-2024,710.0,CE,5.75,7.0,3.8,3.9,3.9,33,235.92,29000,4000,06-MAY-2024,
OPTSTK,AUBANK,30-May-2024,715.0,CE,5.5,6.05,5.5,6.05,3.9,2,14.41,52000,-1000,06-MAY-2024,
OPTSTK,AUBANK,30-May-2024,720.0,CE,4.65,5.5,2.75,3.0,3.0,400,2895.98,231000,-12000,06-MAY-2024,
OPTSTK,AUBANK,30-May-2024,725.0,CE,4.55,4.95,2.4,2.5,2.5,73,531.46,92000,6000,06-MAY-2024,
OPTSTK,AUBANK,30-May-2024,730.0,CE,3.55,4.4,2.1,2.25,2.25,264,1935.2,484000,34000,06-MAY-2024,
OPTSTK,AUBANK,30-May-2024,740.0,CE,2.85,3.5,1.7,1.9,1.9,214,1589.07,158000,81000,06-MAY-2024,
OPTSTK,AUBANK,30-May-2024,500.0,PE,0.3,0.45,0.3,0.45,0.15,23,115.08,97000,-14000,06-MAY-2024,
OPTSTK,AUBANK,30-May-2024,510.0,PE,0.0,0.0,0.0,1.35,0.25,0,0.0,1000,0,06-MAY-2024,
OPTSTK,AUBANK,30-May-2024,515.0,PE,0.0,0.0,0.0,0.6,0.35,0,0.0,64000,0,06-MAY-2024,
OPTSTK,AUBANK,30-May-2024,520.0,PE,0.5,1.0,0.5,0.7,0.7,16,83.31,68000,3000,06-MAY-2024,
OPTSTK,AUBANK,30-May-2024,525.0,PE,0.35,1.9,0.35,0.6,0.6,4,21.03,9000,0,06-MAY-2024,
OPTSTK,AUBANK,30-May-2024,530.0,PE,0.65,1.05,0.6,0.85,0.85,61,323.8,69000,0,06-MAY-2024,
OPTSTK,AUBANK,30-May-2024,540.0,PE,1.05,1.6,0.85,1.15,1.15,159,860.51,228000,-33000,06-MAY-2024,
OPTSTK,AUBANK,30-May-2024,545.0,PE,1.35,1.9,1.35,1.35,1.4,16,87.47,25000,11000,06-MAY-2024,
OPTSTK,AUBANK,30-May-2024,550.0,PE,0.95,2.2,0.85,1.55,1.55,205,1130.48,496000,-18000,06-MAY-2024,
OPTSTK,AUBANK,30-May-2024,555.0,PE,0.0,0.0,0.0,1.95,2.15,0,0.0,10000,0,06-MAY-2024,
OPTSTK,AUBANK,30-May-2024,560.0,PE,1.25,2.9,1.25,2.25,2.25,200,1123.63,188000,-131000,06-MAY-2024,
OPTSTK,AUBANK,30-May-2024,565.0,PE,3.8,3.8,2.6,2.6,3.2,5,28.4,10000,0,06-MAY-2024,
OPTSTK,AUBANK,30-May-2024,570.0,PE,1.8,4.0,1.6,3.05,3.05,169,967.6,131000,-22000,06-MAY-2024,
OPTSTK,AUBANK,30-May-2024,575.0,PE,1.4,3.75,1.4,3.75,3.75,14,80.79,38000,-10000,06-MAY-2024,
OPTSTK,AUBANK,30-May-2024,580.0,PE,2.6,5.5,2.1,4.2,4.2,298,1739.77,272000,0,06-MAY-2024,
OPTSTK,AUBANK,30-May-2024,585.0,PE,0.0,0.0,0.0,3.5,6.45,0,0.0,35000,0,06-MAY-2024,
OPTSTK,AUBANK,30-May-2024,590.0,PE,3.65,7.45,3.15,6.0,6.0,131,779.59,228000,5000,06-MAY-2024,
OPTSTK,AUBANK,30-May-2024,595.0,PE,3.7,8.65,3.6,7.25,7.25,40,240.65,50000,-1000,06-MAY-2024,
OPTSTK,AUBANK,30-May-2024,600.0,PE,5.0,10.2,4.15,8.2,8.2,1335,8119.74,696000,71000,06-MAY-2024,
OPTSTK,AUBANK,30-May-2024,605.0,PE,6.4,6.4,5.95,5.95,11.6,2,12.22,49000,0,06-MAY-2024,
OPTSTK,AUBANK,30-May-2024,610.0,PE,6.8,13.15,6.0,11.05,11.05,210,1302.16,239000,-19000,06-MAY-2024,
OPTSTK,AUBANK,30-May-2024,615.0,PE,9.5,14.95,7.5,12.65,12.65,46,288.13,45000,-4000,06-MAY-2024,
OPTSTK,AUBANK,30-May-2024,620.0,PE,9.5,17.0,8.05,14.55,14.55,916,5799.7,465000,7000,06-MAY-2024,
OPTSTK,AUBANK,30-May-2024,625.0,PE,9.8,19.1,9.75,16.7,16.7,51,326.45,74000,5000,06-MAY-2024,
OPTSTK,AUBANK,30-May-2024,630.0,PE,12.95,21.55,11.0,18.85,18.85,1039,6729.23,338000,19000,06-MAY-2024,
OPTSTK,AUBANK,30-May-2024,635.0,PE,13.1,24.1,13.0,21.6,21.6,146,956.53,55000,3000,06-MAY-2024,
OPTSTK,AUBANK,30-May-2024,640.0,PE,18.0,26.85,14.7,24.05,24.05,679,4486.55,209000,65000,06-MAY-2024,
OPTSTK,AUBANK,30-May-2024,645.0,PE,18.8,29.45,17.25,26.75,26.75,105,700.26,58000,0,06-MAY-2024,
OPTSTK,AUBANK,30-May-2024,650.0,PE,23.4,32.7,19.3,29.65,29.65,632,4269.02,202000,-41000,06-MAY-2024,
OPTSTK,AUBANK,30-May-2024,655.0,PE,23.7,32.85,21.85,32.85,32.85,47,319.28,24000,5000,06-MAY-2024,
OPTSTK,AUBANK,30-May-2024,660.0,PE,28.0,39.25,25.0,35.85,35.85,114,786.07,49000,-6000,06-MAY-2024,
OPTSTK,AUBANK,30-May-2024,665.0,PE,28.5,35.95,28.5,35.95,41.85,7,48.78,11000,1000,06-MAY-2024,
OPTSTK,AUBANK,30-May-2024,670.0,PE,43.85,43.85,43.15,43.15,43.15,2,14.27,11000,-1000,06-MAY-2024,
OPTSTK,AUBANK,30-May-2024,675.0,PE,49.9,49.9,47.95,47.95,48.95,2,14.47,7000,1000,06-MAY-2024,
OPTSTK,AUBANK,30-May-2024,680.0,PE,39.75,44.9,39.3,44.9,52.75,9,64.94,12000,1000,06-MAY-2024,
OPTSTK,AUBANK,30-May-2024,685.0,PE,43.95,45.55,43.15,45.55,56.55,6,43.74,6000,3000,06-MAY-2024,
OPTSTK,AUBANK,30-May-2024,690.0,PE,46.6,49.95,46.3,48.9,60.5,6,44.29,7000,5000,06-MAY-2024,
OPTSTK,AUBANK,30-May-2024,695.0,PE,0.0,0.0,0.0,57.3,64.6,0,0.0,2000,0,06-MAY-2024,
OPTSTK,AUBANK,30-May-2024,700.0,PE,55.2,63.85,55.2,63.15,68.75,13,98.84,98000,-3000,06-MAY-2024,
OPTSTK,AUBANK,30-May-2024,705.0,PE,0.0,0.0,0.0,65.45,73.0,0,0.0,3000,0,06-MAY-2024,
OPTSTK,AUBANK,30-May-2024,710.0,PE,0.0,0.0,0.0,60.15,77.3,0,0.0,3000,0,06-MAY-2024,
OPTSTK,AUBANK,30-May-2024,715.0,PE,0.0,0.0,0.0,74.8,81.7,0,0.0,2000,0,06-MAY-2024,
OPTSTK,AUBANK,30-May-2024,720.0,PE,0.0,0.0,0.0,79.2,86.15,0,0.0,5000,0,06-MAY-2024,
OPTSTK,AUBANK,30-May-2024,730.0,PE,0.0,0.0,0.0,77.85,95.25,0,0.0,3000,0,06-MAY-2024,
OPTSTK,AUBANK,30-May-2024,740.0,PE,0.0,0.0,0.0,96.3,104.55,0,0.0,1000,0,06-MAY-2024,
OPTSTK,AUBANK,27-Jun-2024,510.0,CE,0.0,0.0,0.0,79.8,131.2,0,0.0,0,0,06-MAY-2024,
OPTSTK,AUBANK,27-Jun-2024,520.0,CE,0.0,0.0,0.0,73.0,122.05,0,0.0,0,0,06-MAY-2024,
OPTSTK,AUBANK,27-Jun-2024,530.0,CE,0.0,0.0,0.0,66.6,113.1,0,0.0,0,0,06-MAY-2024,
OPTSTK,AUBANK,27-Jun-2024,540.0,CE,0.0,0.0,0.0,60.55,104.4,0,0.0,0,0,06-MAY-2024,
OPTSTK,AUBANK,27-Jun-2024,545.0,CE,0.0,0.0,0.0,81.8,100.15,0,0.0,0,0,06-MAY-2024,
OPTSTK,AUBANK,27-Jun-2024,550.0,CE,0.0,0.0,0.0,54.85,96.0,0,0.0,0,0,06-MAY-2024,
OPTSTK,AUBANK,27-Jun-2024,555.0,CE,0.0,0.0,0.0,74.45,91.9,0,0.0,0,0,06-MAY-2024,
OPTSTK,AUBANK,27-Jun-2024,560.0,CE,0.0,0.0,0.0,49.6,87.85,0,0.0,0,0,06-MAY-2024,
OPTSTK,AUBANK,27-Jun-2024,565.0,CE,0.0,0.0,0.0,67.5,83.95,0,0.0,0,0,06-MAY-2024,
OPTSTK,AUBANK,27-Jun-2024,570.0,CE,0.0,0.0,0.0,44.65,80.1,0,0.0,0,0,06-MAY-2024,
OPTSTK,AUBANK,27-Jun-2024,575.0,CE,0.0,0.0,0.0,60.95,76.3,0,0.0,0,0,06-MAY-2024,
OPTSTK,AUBANK,27-Jun-2024,580.0,CE,0.0,0.0,0.0,40.1,72.7,0,0.0,0,0,06-MAY-2024,
OPTSTK,AUBANK,27-Jun-2024,585.0,CE,0.0,0.0,0.0,54.8,69.1,0,0.0,0,0,06-MAY-2024,
OPTSTK,AUBANK,27-Jun-2024,590.0,CE,0.0,0.0,0.0,35.9,65.6,0,0.0,0,0,06-MAY-2024,
OPTSTK,AUBANK,27-Jun-2024,595.0,CE,0.0,0.0,0.0,49.05,62.25,0,0.0,0,0,06-MAY-2024,
OPTSTK,AUBANK,27-Jun-2024,600.0,CE,0.0,0.0,0.0,32.05,59.0,0,0.0,0,0,06-MAY-2024,
OPTSTK,AUBANK,27-Jun-2024,605.0,CE,0.0,0.0,0.0,43.75,55.85,0,0.0,0,0,06-MAY-2024,
OPTSTK,AUBANK,27-Jun-2024,610.0,CE,0.0,0.0,0.0,53.0,52.8,0,0.0,1000,0,06-MAY-2024,
OPTSTK,AUBANK,27-Jun-2024,615.0,CE,0.0,0.0,0.0,38.85,49.85,0,0.0,0,0,06-MAY-2024,
OPTSTK,AUBANK,27-Jun-2024,620.0,CE,0.0,0.0,0.0,50.7,47.05,0,0.0,8000,0,06-MAY-2024,
OPTSTK,AUBANK,27-Jun-2024,625.0,CE,0.0,0.0,0.0,34.35,44.3,0,0.0,0,0,06-MAY-2024,
OPTSTK,AUBANK,27-Jun-2024,630.0,CE,0.0,0.0,0.0,44.0,41.7,0,0.0,4000,0,06-MAY-2024,
OPTSTK,AUBANK,27-Jun-2024,635.0,CE,0.0,0.0,0.0,30.3,39.2,0,0.0,0,0,06-MAY-2024,
OPTSTK,AUBANK,27-Jun-2024,640.0,CE,0.0,0.0,0.0,19.8,36.8,0,0.0,0,0,06-MAY-2024,
OPTSTK,AUBANK,27-Jun-2024,645.0,CE,0.0,0.0,0.0,26.55,34.5,0,0.0,0,0,06-MAY-2024,
OPTSTK,AUBANK,27-Jun-2024,650.0,CE,39.45,41.05,34.9,36.1,32.3,94,645.99,172000,2000,06-MAY-2024,
OPTSTK,AUBANK,27-Jun-2024,655.0,CE,0.0,0.0,0.0,23.2,30.25,0,0.0,0,0,06-MAY-2024,
OPTSTK,AUBANK,27-Jun-2024,660.0,CE,0.0,0.0,0.0,15.35,28.25,0,0.0,0,0,06-MAY-2024,
OPTSTK,AUBANK,27-Jun-2024,665.0,CE,0.0,0.0,0.0,20.2,26.4,0,0.0,0,0,06-MAY-2024,
OPTSTK,AUBANK,27-Jun-2024,670.0,CE,0.0,0.0,0.0,13.45,24.6,0,0.0,0,0,06-MAY-2024,
OPTSTK,AUBANK,27-Jun-2024,675.0,CE,0.0,0.0,0.0,17.5,22.9,0,0.0,0,0,06-MAY-2024,
OPTSTK,AUBANK,27-Jun-2024,680.0,CE,0.0,0.0,0.0,11.75,21.3,0,0.0,0,0,06-MAY-2024,
OPTSTK,AUBANK,27-Jun-2024,685.0,CE,0.0,0.0,0.0,15.15,19.8,0,0.0,0,0,06-MAY-2024,
OPTSTK,AUBANK,27-Jun-2024,690.0,CE,0.0,0.0,0.0,10.25,18.4,0,0.0,0,0,06-MAY-2024,
OPTSTK,AUBANK,27-Jun-2024,695.0,CE,0.0,0.0,0.0,13.05,17.05,0,0.0,0,0,06-MAY-2024,
OPTSTK,AUBANK,27-Jun-2024,700.0,CE,22.35,23.6,19.5,20.05,20.05,80,577.09,131000,7000,06-MAY-2024,
OPTSTK,AUBANK,27-Jun-2024,705.0,CE,0.0,0.0,0.0,11.2,14.65,0,0.0,0,0,06-MAY-2024,
OPTSTK,AUBANK,27-Jun-2024,710.0,CE,0.0,0.0,0.0,7.75,13.55,0,0.0,0,0,06-MAY-2024,
OPTSTK,AUBANK,27-Jun-2024,715.0,CE,0.0,0.0,0.0,9.55,12.5,0,0.0,0,0,06-MAY-2024,
OPTSTK,AUBANK,27-Jun-2024,720.0,CE,0.0,0.0,0.0,6.7,11.5,0,0.0,0,0,06-MAY-2024,
OPTSTK,AUBANK,27-Jun-2024,730.0,CE,0.0,0.0,0.0,5.8,9.8,0,0.0,0,0,06-MAY-2024,
OPTSTK,AUBANK,27-Jun-2024,740.0,CE,12.5,12.5,12.5,12.5,8.25,1,7.52,1000,1000,06-MAY-2024,
OPTSTK,AUBANK,27-Jun-2024,500.0,PE,2.0,3.7,2.0,3.7,3.7,2,10.05,6000,1000,06-MAY-2024,
OPTSTK,AUBANK,27-Jun-2024,510.0,PE,0.0,0.0,0.0,15.7,2.05,0,0.0,0,0,06-MAY-2024,
OPTSTK,AUBANK,27-Jun-2024,520.0,PE,0.0,0.0,0.0,18.7,2.8,0,0.0,0,0,06-MAY-2024,
OPTSTK,AUBANK,27-Jun-2024,530.0,PE,0.0,0.0,0.0,22.1,3.75,0,0.0,0,0,06-MAY-2024,
OPTSTK,AUBANK,27-Jun-2024,540.0,PE,7.0,7.95,7.0,7.45,4.95,38,208.12,47000,21000,06-MAY-2024,
OPTSTK,AUBANK,27-Jun-2024,545.0,PE,0.0,0.0,0.0,5.2,5.65,0,0.0,8000,0,06-MAY-2024,
OPTSTK,AUBANK,27-Jun-2024,550.0,PE,7.9,9.9,7.55,8.7,8.7,22,122.93,33000,-7000,06-MAY-2024,
OPTSTK,AUBANK,27-Jun-2024,555.0,PE,0.0,0.0,0.0,13.65,7.25,0,0.0,0,0,06-MAY-2024,
OPTSTK,AUBANK,27-Jun-2024,560.0,PE,0.0,0.0,0.0,6.55,8.2,0,0.0,18000,0,06-MAY-2024,
OPTSTK,AUBANK,27-Jun-2024,565.0,PE,0.0,0.0,0.0,16.55,9.2,0,0.0,0,0,06-MAY-2024,
OPTSTK,AUBANK,27-Jun-2024,570.0,PE,0.0,0.0,0.0,39.45,10.3,0,0.0,0,0,06-MAY-2024,
OPTSTK,AUBANK,27-Jun-2024,575.0,PE,0.0,0.0,0.0,19.9,11.5,0,0.0,0,0,06-MAY-2024,
OPTSTK,AUBANK,27-Jun-2024,580.0,PE,0.0,0.0,0.0,44.75,12.8,0,0.0,0,0,06-MAY-2024,
OPTSTK,AUBANK,27-Jun-2024,585.0,PE,0.0,0.0,0.0,23.6,14.2,0,0.0,0,0,06-MAY-2024,
OPTSTK,AUBANK,27-Jun-2024,590.0,PE,0.0,0.0,0.0,50.35,15.65,0,0.0,0,0,06-MAY-2024,
OPTSTK,AUBANK,27-Jun-2024,595.0,PE,0.0,0.0,0.0,27.75,17.2,0,0.0,0,0,06-MAY-2024,
OPTSTK,AUBANK,27-Jun-2024,600.0,PE,15.0,25.05,15.0,23.35,23.35,106,656.81,132000,52000,06-MAY-2024,
OPTSTK,AUBANK,27-Jun-2024,605.0,PE,0.0,0.0,0.0,32.35,20.7,0,0.0,0,0,06-MAY-2024,
OPTSTK,AUBANK,27-Jun-2024,610.0,PE,0.0,0.0,0.0,35.0,22.6,0,0.0,0,0,06-MAY-2024,
OPTSTK,AUBANK,27-Jun-2024,615.0,PE,0.0,0.0,0.0,37.3,24.6,0,0.0,0,0,06-MAY-2024,
OPTSTK,AUBANK,27-Jun-2024,620.0,PE,0.0,0.0,0.0,22.0,26.75,0,0.0,2000,0,06-MAY-2024,
OPTSTK,AUBANK,27-Jun-2024,625.0,PE,0.0,0.0,0.0,42.7,28.95,0,0.0,0,0,06-MAY-2024,
OPTSTK,AUBANK,27-Jun-2024,630.0,PE,0.0,0.0,0.0,76.15,31.3,0,0.0,0,0,06-MAY-2024,
OPTSTK,AUBANK,27-Jun-2024,635.0,PE,0.0,0.0,0.0,48.45,33.75,0,0.0,0,0,06-MAY-2024,
OPTSTK,AUBANK,27-Jun-2024,640.0,PE,39.0,43.35,39.0,42.3,42.3,5,34.06,3000,1000,06-MAY-2024,
OPTSTK,AUBANK,27-Jun-2024,645.0,PE,0.0,0.0,0.0,54.65,38.95,0,0.0,0,0,06-MAY-2024,
OPTSTK,AUBANK,27-Jun-2024,650.0,PE,35.0,48.55,35.0,48.55,41.75,36,249.02,63000,28000,06-MAY-2024,
OPTSTK,AUBANK,27-Jun-2024,655.0,PE,0.0,0.0,0.0,61.15,44.6,0,0.0,0,0,06-MAY-2024,
OPTSTK,AUBANK,27-Jun-2024,660.0,PE,0.0,0.0,0.0,98.55,47.55,0,0.0,0,0,06-MAY-2024,
OPTSTK,AUBANK,27-Jun-2024,665.0,PE,0.0,0.0,0.0,68.0,50.65,0,0.0,0,0,06-MAY-2024,
OPTSTK,AUBANK,27-Jun-2024,670.0,PE,0.0,0.0,0.0,106.45,53.8,0,0.0,0,0,06-MAY-2024,
OPTSTK,AUBANK,27-Jun-2024,675.0,PE,0.0,0.0,0.0,75.2,57.05,0,0.0,0,0,06-MAY-2024,
OPTSTK,AUBANK,27-Jun-2024,680.0,PE,0.0,0.0,0.0,114.6,60.4,0,0.0,0,0,06-MAY-2024,
OPTSTK,AUBANK,27-Jun-2024,685.0,PE,0.0,0.0,0.0,82.75,63.85,0,0.0,0,0,06-MAY-2024,
OPTSTK,AUBANK,27-Jun-2024,690.0,PE,0.0,0.0,0.0,122.9,67.4,0,0.0,0,0,06-MAY-2024,
OPTSTK,AUBANK,27-Jun-2024,695.0,PE,0.0,0.0,0.0,90.5,71.0,0,0.0,0,0,06-MAY-2024,
OPTSTK,AUBANK,27-Jun-2024,700.0,PE,0.0,0.0,0.0,68.0,74.7,0,0.0,7000,0,06-MAY-2024,
OPTSTK,AUBANK,27-Jun-2024,705.0,PE,0.0,0.0,0.0,98.5,78.5,0,0.0,0,0,06-MAY-2024,
OPTSTK,AUBANK,27-Jun-2024,710.0,PE,0.0,0.0,0.0,140.05,82.35,0,0.0,0,0,06-MAY-2024,
OPTSTK,AUBANK,27-Jun-2024,715.0,PE,0.0,0.0,0.0,106.75,86.2,0,0.0,0,0,06-MAY-2024,
OPTSTK,AUBANK,27-Jun-2024,720.0,PE,0.0,0.0,0.0,148.85,90.2,0,0.0,0,0,06-MAY-2024,
OPTSTK,AUBANK,27-Jun-2024,730.0,PE,0.0,0.0,0.0,157.75,98.35,0,0.0,0,0,06-MAY-2024,
OPTSTK,AUBANK,27-Jun-2024,740.0,PE,0.0,0.0,0.0,166.8,106.75,0,0.0,0,0,06-MAY-2024,
OPTSTK,AUBANK,25-Jul-2024,520.0,CE,0.0,0.0,0.0,108.2,127.95,0,0.0,0,0,06-MAY-2024,
OPTSTK,AUBANK,25-Jul-2024,540.0,CE,0.0,0.0,0.0,93.15,111.45,0,0.0,0,0,06-MAY-2024,
OPTSTK,AUBANK,25-Jul-2024,550.0,CE,0.0,0.0,0.0,86.05,103.55,0,0.0,0,0,06-MAY-2024,
OPTSTK,AUBANK,25-Jul-2024,560.0,CE,0.0,0.0,0.0,79.25,95.95,0,0.0,0,0,06-MAY-2024,
OPTSTK,AUBANK,25-Jul-2024,570.0,CE,0.0,0.0,0.0,72.8,88.7,0,0.0,0,0,06-MAY-2024,
OPTSTK,AUBANK,25-Jul-2024,580.0,CE,0.0,0.0,0.0,66.7,81.75,0,0.0,0,0,06-MAY-2024,
OPTSTK,AUBANK,25-Jul-2024,590.0,CE,0.0,0.0,0.0,61.0,75.1,0,0.0,0,0,06-MAY-2024,
OPTSTK,AUBANK,25-Jul-2024,600.0,CE,0.0,0.0,0.0,55.6,68.85,0,0.0,0,0,06-MAY-2024,
OPTSTK,AUBANK,25-Jul-2024,610.0,CE,0.0,0.0,0.0,50.55,62.9,0,0.0,0,0,06-MAY-2024,
OPTSTK,AUBANK,25-Jul-2024,620.0,CE,0.0,0.0,0.0,45.8,57.35,0,0.0,0,0,06-MAY-2024,
OPTSTK,AUBANK,25-Jul-2024,630.0,CE,0.0,0.0,0.0,41.45,52.1,0,0.0,0,0,06-MAY-2024,
OPTSTK,AUBANK,25-Jul-2024,640.0,CE,0.0,0.0,0.0,37.4,47.2,0,0.0,0,0,06-MAY-2024,
OPTSTK,AUBANK,25-Jul-2024,650.0,CE,0.0,0.0,0.0,35.0,42.7,0,0.0,1000,0,06-MAY-2024,
OPTSTK,AUBANK,25-Jul-2024,660.0,CE,0.0,0.0,0.0,30.2,38.5,0,0.0,0,0,06-MAY-2024,
OPTSTK,AUBANK,25-Jul-2024,670.0,CE,0.0,0.0,0.0,27.05,34.6,0,0.0,0,0,06-MAY-2024,
OPTSTK,AUBANK,25-Jul-2024,680.0,CE,0.0,0.0,0.0,24.2,31.0,0,0.0,0,0,06-MAY-2024,
OPTSTK,AUBANK,25-Jul-2024,690.0,CE,0.0,0.0,0.0,21.55,27.75,0,0.0,0,0,06-MAY-2024,
OPTSTK,AUBANK,25-Jul-2024,700.0,CE,0.0,0.0,0.0,19.2,24.75,0,0.0,0,0,06-MAY-2024,
OPTSTK,AUBANK,25-Jul-2024,710.0,CE,0.0,0.0,0.0,17.05,22.05,0,0.0,0,0,06-MAY-2024,
OPTSTK,AUBANK,25-Jul-2024,720.0,CE,0.0,0.0,0.0,15.1,19.6,0,0.0,0,0,06-MAY-2024,
OPTSTK,AUBANK,25-Jul-2024,520.0,PE,0.0,0.0,0.0,9.95,5.85,0,0.0,0,0,06-MAY-2024,
OPTSTK,AUBANK,25-Jul-2024,540.0,PE,0.0,0.0,0.0,14.5,9.0,0,0.0,0,0,06-MAY-2024,
OPTSTK,AUBANK,25-Jul-2024,550.0,PE,0.0,0.0,0.0,17.25,10.95,0,0.0,0,0,06-MAY-2024,
OPTSTK,AUBANK,25-Jul-2024,560.0,PE,0.0,0.0,0.0,20.25,13.2,0,0.0,0,0,06-MAY-2024,
OPTSTK,AUBANK,25-Jul-2024,570.0,PE,0.0,0.0,0.0,23.65,15.8,0,0.0,0,0,06-MAY-2024,
OPTSTK,AUBANK,25-Jul-2024,580.0,PE,0.0,0.0,0.0,27.4,18.7,0,0.0,0,0,06-MAY-2024,
OPTSTK,AUBANK,25-Jul-2024,590.0,PE,0.0,0.0,0.0,31.45,21.9,0,0.0,0,0,06-MAY-2024,
OPTSTK,AUBANK,25-Jul-2024,600.0,PE,25.5,25.5,25.5,25.5,25.45,1,6.25,2000,1000,06-MAY-2024,
OPTSTK,AUBANK,25-Jul-2024,610.0,PE,0.0,0.0,0.0,40.65,29.35,0,0.0,0,0,06-MAY-2024,
OPTSTK,AUBANK,25-Jul-2024,620.0,PE,0.0,0.0,0.0,45.75,33.65,0,0.0,0,0,06-MAY-2024,
OPTSTK,AUBANK,25-Jul-2024,630.0,PE,0.0,0.0,0.0,51.2,38.25,0,0.0,0,0,06-MAY-2024,
OPTSTK,AUBANK,25-Jul-2024,640.0,PE,0.0,0.0,0.0,57.0,43.2,0,0.0,0,0,06-MAY-2024,
OPTSTK,AUBANK,25-Jul-2024,650.0,PE,0.0,0.0,0.0,63.05,48.5,0,0.0,0,0,06-MAY-2024,
OPTSTK,AUBANK,25-Jul-2024,660.0,PE,0.0,0.0,0.0,69.45,54.15,0,0.0,0,0,06-MAY-2024,
OPTSTK,AUBANK,25-Jul-2024,670.0,PE,0.0,0.0,0.0,76.1,60.1,0,0.0,0,0,06-MAY-2024,
OPTSTK,AUBANK,25-Jul-2024,680.0,PE,0.0,0.0,0.0,83.05,66.35,0,0.0,0,0,06-MAY-2024,
OPTSTK,AUBANK,25-Jul-2024,690.0,PE,0.0,0.0,0.0,90.25,72.95,0,0.0,0,0,06-MAY-2024,
OPTSTK,AUBANK,25-Jul-2024,700.0,PE,0.0,0.0,0.0,97.7,79.8,0,0.0,0,0,06-MAY-2024,
OPTSTK,AUBANK,25-Jul-2024,710.0,PE,0.0,0.0,0.0,105.4,86.9,0,0.0,0,0,06-MAY-2024,
OPTSTK,AUBANK,25-Jul-2024,720.0,PE,0.0,0.0,0.0,113.25,94.3,0,0.0,0,0,06-MAY-2024,
OPTSTK,AUROPHARMA,30-May-2024,920.0,CE,0.0,0.0,0.0,173.0,247.6,0,0.0,13200,0,06-MAY-2024,
OPTSTK,AUROPHARMA,30-May-2024,960.0,CE,0.0,0.0,0.0,122.7,208.25,0,0.0,0,0,06-MAY-2024,
OPTSTK,AUROPHARMA,30-May-2024,980.0,CE,186.1,194.0,186.1,193.9,193.9,4,25.74,1650,550,06-MAY-2024,
OPTSTK,AUROPHARMA,30-May-2024,1000.0,CE,158.05,178.0,157.0,174.6,174.6,40,257.59,19800,2200,06-MAY-2024,
OPTSTK,AUROPHARMA,30-May-2024,1020.0,CE,150.4,154.0,149.55,153.9,153.9,4,25.78,9900,1100,06-MAY-2024,
OPTSTK,AUROPHARMA,30-May-2024,1040.0,CE,0.0,0.0,0.0,111.25,133.15,0,0.0,6050,0,06-MAY-2024,
OPTSTK,AUROPHARMA,30-May-2024,1060.0,CE,0.0,0.0,0.0,108.35,115.95,0,0.0,14850,0,06-MAY-2024,
OPTSTK,AUROPHARMA,30-May-2024,1080.0,CE,105.3,105.3,102.8,102.8,99.7,2,13.02,48950,0,06-MAY-2024,
OPTSTK,AUROPHARMA,30-May-2024,1100.0,CE,72.15,92.0,72.1,85.45,85.45,193,1255.73,160050,-20350,06-MAY-2024,
OPTSTK,AUROPHARMA,30-May-2024,1120.0,CE,59.5,77.5,59.5,72.95,72.95,40,262.17,68750,-7150,06-MAY-2024,
OPTSTK,AUROPHARMA,30-May-2024,1140.0,CE,49.9,63.6,44.8,59.0,59.0,283,1861.53,141350,7150,06-MAY-2024,
OPTSTK,AUROPHARMA,30-May-2024,1160.0,CE,36.05,53.5,34.35,48.75,48.75,2166,14374.53,350900,62150,06-MAY-2024,
OPTSTK,AUROPHARMA,30-May-2024,1180.0,CE,30.65,43.35,27.0,38.95,38.95,2084,13963.59,468600,178200,06-MAY-2024,
OPTSTK,AUROPHARMA,30-May-2024,1200.0,CE,22.55,34.95,19.3,31.4,31.4,3283,22195.63,786500,30250,06-MAY-2024,
OPTSTK,AUROPHARMA,30-May-2024,1220.0,CE,17.6,27.25,17.15,24.3,24.3,353,2414.84,90750,20900,06-MAY-2024,
OPTSTK,AUROPHARMA,30-May-2024,1240.0,CE,11.45,21.8,11.45,18.95,18.95,710,4913.65,212850,18700,06-MAY-2024,
OPTSTK,AUROPHARMA,30-May-2024,1260.0,CE,8.5,17.0,8.5,14.85,14.85,1351,9466.66,237600,176550,06-MAY-2024,
OPTSTK,AUROPHARMA,30-May-2024,1280.0,CE,6.95,13.2,5.95,11.6,11.6,992,7039.15,230450,47850,06-MAY-2024,
OPTSTK,AUROPHARMA,30-May-2024,1320.0,CE,3.55,7.95,3.35,6.8,6.8,354,2582.17,90200,23100,06-MAY-2024,
OPTSTK,AUROPHARMA,30-May-2024,920.0,PE,1.15,1.15,1.15,1.15,1.15,4,20.26,14300,1650,06-MAY-2024,
OPTSTK,AUROPHARMA,30-May-2024,960.0,PE,1.6,2.0,1.2,1.5,1.5,105,555.26,37400,-7150,06-MAY-2024,
OPTSTK,AUROPHARMA,30-May-2024,980.0,PE,3.7,3.7,1.05,2.65,2.65,12,64.82,51150,1650,06-MAY-2024,
OPTSTK,AUROPHARMA,30-May-2024,1000.0,PE,2.6,3.55,2.45,3.1,3.1,416,2294.77,215050,-26950,06-MAY-2024,
OPTSTK,AUROPHARMA,30-May-2024,1020.0,PE,3.7,4.95,3.55,4.45,4.45,69,388.64,52250,550,06-MAY-2024,
OPTSTK,AUROPHARMA,30-May-2024,1040.0,PE,5.9,7.0,5.15,6.35,6.35,176,1012.36,122650,7150,06-MAY-2024,
OPTSTK,AUROPHARMA,30-May-2024,1060.0,PE,8.9,9.85,7.45,8.95,8.95,281,1651.26,259600,7700,06-MAY-2024,
OPTSTK,AUROPHARMA,30-May-2024,1080.0,PE,12.7,13.65,10.45,12.3,12.3,268,1609.26,102300,-25850,06-MAY-2024,
OPTSTK,AUROPHARMA,30-May-2024,1100.0,PE,16.6,19.0,14.6,17.1,17.1,840,5157.48,442750,-24750,06-MAY-2024,
OPTSTK,AUROPHARMA,30-May-2024,1120.0,PE,22.5,25.6,19.85,22.9,22.9,239,1501.49,108900,0,06-MAY-2024,
OPTSTK,AUROPHARMA,30-May-2024,1140.0,PE,31.0,34.0,26.5,30.15,30.15,400,2575.3,99550,550,06-MAY-2024,
OPTSTK,AUROPHARMA,30-May-2024,1160.0,PE,40.9,44.0,34.7,38.95,38.95,515,3394.89,161700,26400,06-MAY-2024,
OPTSTK,AUROPHARMA,30-May-2024,1180.0,PE,51.0,54.2,45.6,49.1,49.1,79,533.95,34650,9350,06-MAY-2024,
OPTSTK,AUROPHARMA,30-May-2024,1200.0,PE,66.3,68.5,55.75,60.45,60.45,93,645.08,43450,-11000,06-MAY-2024,
OPTSTK,AUROPHARMA,30-May-2024,1220.0,PE,0.0,0.0,0.0,73.0,74.35,0,0.0,1100,0,06-MAY-2024,
OPTSTK,AUROPHARMA,30-May-2024,1240.0,PE,90.25,90.25,87.4,87.4,88.85,5,36.52,20900,0,06-MAY-2024,
OPTSTK,AUROPHARMA,30-May-2024,1260.0,PE,0.0,0.0,0.0,111.7,104.3,0,0.0,1100,0,06-MAY-2024,
OPTSTK,AUROPHARMA,30-May-2024,1280.0,PE,0.0,0.0,0.0,125.45,120.75,0,0.0,2200,0,06-MAY-2024,
OPTSTK,AUROPHARMA,30-May-2024,1320.0,PE,0.0,0.0,0.0,278.4,155.9,0,0.0,0,0,06-MAY-2024,
OPTSTK,AUROPHARMA,27-Jun-2024,960.0,CE,0.0,0.0,0.0,168.4,217.55,0,0.0,0,0,06-MAY-2024,
OPTSTK,AUROPHARMA,27-Jun-2024,1000.0,CE,0.0,0.0,0.0,140.0,182.15,0,0.0,0,0,06-MAY-2024,
OPTSTK,AUROPHARMA,27-Jun-2024,1040.0,CE,0.0,0.0,0.0,114.75,149.2,0,0.0,0,0,06-MAY-2024,
OPTSTK,AUROPHARMA,27-Jun-2024,1060.0,CE,0.0,0.0,0.0,97.35,133.85,0,0.0,0,0,06-MAY-2024,
OPTSTK,AUROPHARMA,27-Jun-2024,1080.0,CE,0.0,0.0,0.0,70.0,119.4,0,0.0,1100,0,06-MAY-2024,
OPTSTK,AUROPHARMA,27-Jun-2024,1100.0,CE,97.3,97.3,97.3,97.3,105.8,1,6.58,550,550,06-MAY-2024,
OPTSTK,AUROPHARMA,27-Jun-2024,1120.0,CE,0.0,0.0,0.0,73.8,93.2,0,0.0,0,0,06-MAY-2024,
OPTSTK,AUROPHARMA,27-Jun-2024,1140.0,CE,0.0,0.0,0.0,57.0,81.6,0,0.0,0,0,06-MAY-2024,
OPTSTK,AUROPHARMA,27-Jun-2024,1160.0,CE,79.45,85.5,79.45,85.5,71.0,2,13.66,2750,550,06-MAY-2024,
OPTSTK,AUROPHARMA,27-Jun-2024,1180.0,CE,0.0,0.0,0.0,42.2,61.35,0,0.0,0,0,06-MAY-2024,
OPTSTK,AUROPHARMA,27-Jun-2024,1200.0,CE,49.2,66.6,49.2,63.7,63.7,83,576.15,40700,29700,06-MAY-2024,
OPTSTK,AUROPHARMA,27-Jun-2024,1220.0,CE,0.0,0.0,0.0,39.55,45.0,0,0.0,550,0,06-MAY-2024,
OPTSTK,AUROPHARMA,27-Jun-2024,1240.0,CE,0.0,0.0,0.0,34.35,38.2,0,0.0,0,0,06-MAY-2024,
OPTSTK,AUROPHARMA,27-Jun-2024,1260.0,CE,32.05,43.0,32.0,42.0,42.0,106,757.88,210650,7700,06-MAY-2024,
OPTSTK,AUROPHARMA,27-Jun-2024,1280.0,CE,0.0,0.0,0.0,25.95,27.05,0,0.0,0,0,06-MAY-2024,
OPTSTK,AUROPHARMA,27-Jun-2024,1320.0,CE,0.0,0.0,0.0,19.4,18.7,0,0.0,0,0,06-MAY-2024,
OPTSTK,AUROPHARMA,27-Jun-2024,960.0,PE,0.0,0.0,0.0,7.5,4.5,0,0.0,1100,0,06-MAY-2024,
OPTSTK,AUROPHARMA,27-Jun-2024,1000.0,PE,12.5,15.0,12.5,15.0,15.0,10,55.75,37400,3850,06-MAY-2024,
OPTSTK,AUROPHARMA,27-Jun-2024,1040.0,PE,0.0,0.0,0.0,47.4,15.3,0,0.0,0,0,06-MAY-2024,
OPTSTK,AUROPHARMA,27-Jun-2024,1060.0,PE,0.0,0.0,0.0,40.7,19.75,0,0.0,0,0,06-MAY-2024,
OPTSTK,AUROPHARMA,27-Jun-2024,1080.0,PE,0.0,0.0,0.0,64.6,25.1,0,0.0,0,0,06-MAY-2024,
OPTSTK,AUROPHARMA,27-Jun-2024,1100.0,PE,38.5,40.55,35.05,40.05,40.05,55,344.35,36300,12650,06-MAY-2024,
OPTSTK,AUROPHARMA,27-Jun-2024,1120.0,PE,0.0,0.0,0.0,40.35,38.45,0,0.0,13750,0,06-MAY-2024,
OPTSTK,AUROPHARMA,27-Jun-2024,1140.0,PE,0.0,0.0,0.0,79.3,46.65,0,0.0,0,0,06-MAY-2024,
OPTSTK,AUROPHARMA,27-Jun-2024,1160.0,PE,0.0,0.0,0.0,108.45,55.85,0,0.0,0,0,06-MAY-2024,
OPTSTK,AUROPHARMA,27-Jun-2024,1180.0,PE,0.0,0.0,0.0,104.0,66.0,0,0.0,0,0,06-MAY-2024,
OPTSTK,AUROPHARMA,27-Jun-2024,1200.0,PE,0.0,0.0,0.0,134.65,77.15,0,0.0,0,0,06-MAY-2024,
OPTSTK,AUROPHARMA,27-Jun-2024,1220.0,PE,0.0,0.0,0.0,131.9,89.25,0,0.0,0,0,06-MAY-2024,
OPTSTK,AUROPHARMA,27-Jun-2024,1240.0,PE,0.0,0.0,0.0,163.45,102.2,0,0.0,0,0,06-MAY-2024,
OPTSTK,AUROPHARMA,27-Jun-2024,1260.0,PE,0.0,0.0,0.0,162.6,116.0,0,0.0,0,0,06-MAY-2024,
OPTSTK,AUROPHARMA,27-Jun-2024,1280.0,PE,0.0,0.0,0.0,194.35,130.65,0,0.0,0,0,06-MAY-2024,
OPTSTK,AUROPHARMA,27-Jun-2024,1320.0,PE,0.0,0.0,0.0,227.05,161.9,0,0.0,0,0,06-MAY-2024,
OPTSTK,AUROPHARMA,25-Jul-2024,960.0,CE,0.0,0.0,0.0,180.8,227.9,0,0.0,0,0,06-MAY-2024,
OPTSTK,AUROPHARMA,25-Jul-2024,1000.0,CE,0.0,0.0,0.0,151.6,194.65,0,0.0,0,0,06-MAY-2024,
OPTSTK,AUROPHARMA,25-Jul-2024,1040.0,CE,0.0,0.0,0.0,125.25,163.85,0,0.0,0,0,06-MAY-2024,
OPTSTK,AUROPHARMA,25-Jul-2024,1080.0,CE,0.0,0.0,0.0,102.05,135.85,0,0.0,0,0,06-MAY-2024,
OPTSTK,AUROPHARMA,25-Jul-2024,1120.0,CE,0.0,0.0,0.0,82.0,110.95,0,0.0,0,0,06-MAY-2024,
OPTSTK,AUROPHARMA,25-Jul-2024,1160.0,CE,0.0,0.0,0.0,65.05,89.3,0,0.0,0,0,06-MAY-2024,
OPTSTK,AUROPHARMA,25-Jul-2024,1200.0,CE,0.0,0.0,0.0,50.9,70.75,0,0.0,0,0,06-MAY-2024,
OPTSTK,AUROPHARMA,25-Jul-2024,1240.0,CE,0.0,0.0,0.0,39.3,55.3,0,0.0,0,0,06-MAY-2024,
OPTSTK,AUROPHARMA,25-Jul-2024,1280.0,CE,0.0,0.0,0.0,30.1,42.6,0,0.0,0,0,06-MAY-2024,
OPTSTK,AUROPHARMA,25-Jul-2024,960.0,PE,0.0,0.0,0.0,20.05,9.55,0,0.0,0,0,06-MAY-2024,
OPTSTK,AUROPHARMA,25-Jul-2024,1000.0,PE,0.0,0.0,0.0,30.15,15.65,0,0.0,0,0,06-MAY-2024,
OPTSTK,AUROPHARMA,25-Jul-2024,1040.0,PE,0.0,0.0,0.0,43.05,24.2,0,0.0,0,0,06-MAY-2024,
OPTSTK,AUROPHARMA,25-Jul-2024,1080.0,PE,0.0,0.0,0.0,59.15,35.55,0,0.0,0,0,06-MAY-2024,
OPTSTK,AUROPHARMA,25-Jul-2024,1120.0,PE,0.0,0.0,0.0,78.4,50.05,0,0.0,0,0,06-MAY-2024,
OPTSTK,AUROPHARMA,25-Jul-2024,1160.0,PE,0.0,0.0,0.0,100.7,67.75,0,0.0,0,0,06-MAY-2024,
OPTSTK,AUROPHARMA,25-Jul-2024,1200.0,PE,0.0,0.0,0.0,125.8,88.6,0,0.0,0,0,06-MAY-2024,
OPTSTK,AUROPHARMA,25-Jul-2024,1240.0,PE,0.0,0.0,0.0,153.55,112.5,0,0.0,0,0,06-MAY-2024,
OPTSTK,AUROPHARMA,25-Jul-2024,1280.0,PE,0.0,0.0,0.0,183.6,139.15,0,0.0,0,0,06-MAY-2024,
OPTSTK,AXISBANK,30-May-2024,880.0,CE,0.0,0.0,0.0,257.1,267.75,0,0.0,4375,0,06-MAY-2024,
OPTSTK,AXISBANK,30-May-2024,900.0,CE,0.0,0.0,0.0,231.6,247.85,0,0.0,1875,0,06-MAY-2024,
OPTSTK,AXISBANK,30-May-2024,920.0,CE,0.0,0.0,0.0,97.5,227.95,0,0.0,1250,0,06-MAY-2024,
OPTSTK,AXISBANK,30-May-2024,950.0,CE,0.0,0.0,0.0,208.85,198.15,0,0.0,38125,0,06-MAY-2024,
OPTSTK,AXISBANK,30-May-2024,980.0,CE,0.0,0.0,0.0,130.35,168.55,0,0.0,0,0,06-MAY-2024,
OPTSTK,AXISBANK,30-May-2024,990.0,CE,0.0,0.0,0.0,156.05,158.8,0,0.0,1875,0,06-MAY-2024,
OPTSTK,AXISBANK,30-May-2024,1000.0,CE,162.4,162.4,160.0,160.0,149.1,2,14.51,125625,-1250,06-MAY-2024,
OPTSTK,AXISBANK,30-May-2024,1010.0,CE,153.55,153.55,148.9,150.85,139.5,5,36.29,15000,-625,06-MAY-2024,
OPTSTK,AXISBANK,30-May-2024,1020.0,CE,0.0,0.0,0.0,155.7,130.0,0,0.0,41875,0,06-MAY-2024,
OPTSTK,AXISBANK,30-May-2024,1030.0,CE,0.0,0.0,0.0,121.4,120.7,0,0.0,43750,0,06-MAY-2024,
OPTSTK,AXISBANK,30-May-2024,1040.0,CE,116.85,116.85,113.4,115.15,115.15,2,14.43,166250,-625,06-MAY-2024,
OPTSTK,AXISBANK,30-May-2024,1050.0,CE,110.55,110.55,105.0,105.0,102.6,2,14.47,165000,625,06-MAY-2024,
OPTSTK,AXISBANK,30-May-2024,1060.0,CE,103.9,103.9,93.95,94.6,94.6,7,50.69,200625,-625,06-MAY-2024,
OPTSTK,AXISBANK,30-May-2024,1070.0,CE,92.0,92.85,86.4,86.4,85.5,8,58.01,115000,-1875,06-MAY-2024,
OPTSTK,AXISBANK,30-May-2024,1080.0,CE,83.1,85.1,75.0,75.0,77.4,12,87.15,232500,-625,06-MAY-2024,
OPTSTK,AXISBANK,30-May-2024,1090.0,CE,66.5,76.1,66.3,68.4,69.7,14,101.62,56875,1250,06-MAY-2024,
OPTSTK,AXISBANK,30-May-2024,1100.0,CE,61.9,69.3,57.65,61.3,61.3,300,2179.69,1218750,-25000,06-MAY-2024,
OPTSTK,AXISBANK,30-May-2024,1110.0,CE,52.55,61.05,50.4,53.25,53.25,86,627.72,168125,-24375,06-MAY-2024,
OPTSTK,AXISBANK,30-May-2024,1120.0,CE,45.25,53.0,42.65,45.9,45.9,247,1803.83,350625,-31250,06-MAY-2024,
OPTSTK,AXISBANK,30-May-2024,1130.0,CE,38.0,45.75,36.75,39.2,39.2,345,2524.56,231875,-21250,06-MAY-2024,
OPTSTK,AXISBANK,30-May-2024,1140.0,CE,31.05,39.15,30.2,32.85,32.85,1056,7750.4,419375,29375,06-MAY-2024,
OPTSTK,AXISBANK,30-May-2024,1150.0,CE,26.0,33.0,25.0,27.2,27.2,3852,28384.24,1020000,-130625,06-MAY-2024,
OPTSTK,AXISBANK,30-May-2024,1160.0,CE,22.0,27.3,20.05,22.5,22.5,2497,18484.26,951250,60625,06-MAY-2024,
OPTSTK,AXISBANK,30-May-2024,1170.0,CE,17.0,22.45,16.7,18.2,18.2,1954,14527.6,566875,-25625,06-MAY-2024,
OPTSTK,AXISBANK,30-May-2024,1180.0,CE,14.5,18.05,13.25,14.55,14.55,1532,11450.44,1093750,-25625,06-MAY-2024,
OPTSTK,AXISBANK,30-May-2024,1190.0,CE,11.15,14.5,10.55,11.7,11.7,837,6291.14,1080000,0,06-MAY-2024,
OPTSTK,AXISBANK,30-May-2024,1200.0,CE,10.0,11.6,8.5,9.45,9.45,3279,24799.9,2248125,-44375,06-MAY-2024,
OPTSTK,AXISBANK,30-May-2024,1210.0,CE,7.8,9.3,6.75,7.5,7.5,477,3631.35,246250,-11250,06-MAY-2024,
OPTSTK,AXISBANK,30-May-2024,1220.0,CE,6.15,7.45,5.5,6.05,6.05,755,5787.46,666875,35625,06-MAY-2024,
OPTSTK,AXISBANK,30-May-2024,1230.0,CE,5.05,5.95,4.35,4.85,4.85,462,3566.8,276875,25000,06-MAY-2024,
OPTSTK,AXISBANK,30-May-2024,1240.0,CE,4.2,4.75,3.45,3.8,3.8,739,5746.76,294375,-85000,06-MAY-2024,
OPTSTK,AXISBANK,30-May-2024,1250.0,CE,3.35,3.85,2.75,2.95,2.95,810,6345.48,379375,-15625,06-MAY-2024,
OPTSTK,AXISBANK,30-May-2024,1260.0,CE,3.0,3.1,2.2,2.4,2.4,424,3345.67,286250,19375,06-MAY-2024,
OPTSTK,AXISBANK,30-May-2024,1270.0,CE,2.55,2.65,1.75,1.95,1.95,244,1940.1,141250,5000,06-MAY-2024,
OPTSTK,AXISBANK,30-May-2024,1280.0,CE,2.05,2.1,1.45,1.6,1.6,302,2419.31,274375,20625,06-MAY-2024,
OPTSTK,AXISBANK,30-May-2024,1300.0,CE,1.45,1.55,0.95,1.1,1.1,235,1911.11,323750,8750,06-MAY-2024,
OPTSTK,AXISBANK,30-May-2024,1320.0,CE,1.0,1.1,0.7,0.75,0.75,116,957.59,155000,-4375,06-MAY-2024,
OPTSTK,AXISBANK,30-May-2024,860.0,PE,0.0,0.0,0.0,0.3,0.0,0,0.0,2500,0,06-MAY-2024,
OPTSTK,AXISBANK,30-May-2024,880.0,PE,0.0,0.0,0.0,0.5,0.0,0,0.0,6250,0,06-MAY-2024,
OPTSTK,AXISBANK,30-May-2024,900.0,PE,0.6,0.7,0.45,0.7,0.7,62,348.97,165625,3125,06-MAY-2024,
OPTSTK,AXISBANK,30-May-2024,930.0,PE,0.0,0.0,0.0,0.6,0.05,0,0.0,15000,0,06-MAY-2024,
OPTSTK,AXISBANK,30-May-2024,940.0,PE,0.0,0.0,0.0,0.7,0.1,0,0.0,5625,0,06-MAY-2024,
OPTSTK,AXISBANK,30-May-2024,950.0,PE,0.5,0.85,0.45,0.8,0.1,54,320.83,249375,-625,06-MAY-2024,
OPTSTK,AXISBANK,30-May-2024,960.0,PE,0.7,0.75,0.7,0.75,0.2,2,12.0,77500,-625,06-MAY-2024,
OPTSTK,AXISBANK,30-May-2024,980.0,PE,1.35,1.35,1.2,1.35,1.35,91,558.07,163750,19375,06-MAY-2024,
OPTSTK,AXISBANK,30-May-2024,990.0,PE,0.0,0.0,0.0,1.0,0.6,0,0.0,65000,0,06-MAY-2024,
OPTSTK,AXISBANK,30-May-2024,1000.0,PE,1.45,1.9,1.45,1.75,1.75,300,1878.32,822500,-30625,06-MAY-2024,
OPTSTK,AXISBANK,30-May-2024,1010.0,PE,1.85,2.1,1.75,1.9,1.9,58,366.81,121250,-1250,06-MAY-2024,
OPTSTK,AXISBANK,30-May-2024,1020.0,PE,2.4,2.5,2.0,2.35,2.35,91,581.42,128125,-2500,06-MAY-2024,
OPTSTK,AXISBANK,30-May-2024,1030.0,PE,2.75,3.0,2.3,2.6,2.6,416,2684.96,221250,-111875,06-MAY-2024,
OPTSTK,AXISBANK,30-May-2024,1040.0,PE,3.3,3.55,2.7,3.15,3.15,306,1995.15,385000,-37500,06-MAY-2024,
OPTSTK,AXISBANK,30-May-2024,1050.0,PE,3.8,4.25,3.25,3.75,3.75,994,6546.3,1196250,-145625,06-MAY-2024,
OPTSTK,AXISBANK,30-May-2024,1060.0,PE,2.7,5.0,2.7,4.5,4.5,495,3293.09,407500,-92500,06-MAY-2024,
OPTSTK,AXISBANK,30-May-2024,1070.0,PE,5.3,6.0,4.5,5.3,5.3,338,2271.53,356875,6875,06-MAY-2024,
OPTSTK,AXISBANK,30-May-2024,1080.0,PE,6.6,7.3,5.3,6.45,6.45,954,6477.76,703125,-19375,06-MAY-2024,
OPTSTK,AXISBANK,30-May-2024,1090.0,PE,8.15,8.85,6.55,7.95,7.95,465,3189.72,271250,18125,06-MAY-2024,
OPTSTK,AXISBANK,30-May-2024,1100.0,PE,9.75,10.85,7.85,9.65,9.65,2521,17478.47,2606875,83750,06-MAY-2024,
OPTSTK,AXISBANK,30-May-2024,1110.0,PE,12.05,13.2,9.6,11.75,11.75,693,4856.02,415000,-16250,06-MAY-2024,
OPTSTK,AXISBANK,30-May-2024,1120.0,PE,14.85,20.0,11.5,14.2,14.2,1096,7764.95,636250,-26875,06-MAY-2024,
OPTSTK,AXISBANK,30-May-2024,1130.0,PE,18.65,19.5,14.3,17.4,17.4,1285,9209.41,480625,30625,06-MAY-2024,
OPTSTK,AXISBANK,30-May-2024,1140.0,PE,22.7,24.6,17.4,21.25,21.25,2431,17628.14,401875,70625,06-MAY-2024,
OPTSTK,AXISBANK,30-May-2024,1150.0,PE,26.35,28.5,21.1,25.55,25.55,3912,28699.59,631875,34375,06-MAY-2024,
OPTSTK,AXISBANK,30-May-2024,1160.0,PE,31.6,33.9,25.45,30.7,30.7,1100,8170.5,358750,23750,06-MAY-2024,
OPTSTK,AXISBANK,30-May-2024,1170.0,PE,37.3,40.0,30.7,36.2,36.2,250,1882.69,278125,-8750,06-MAY-2024,
OPTSTK,AXISBANK,30-May-2024,1180.0,PE,44.3,45.95,36.35,42.9,42.9,115,877.13,220625,1250,06-MAY-2024,
OPTSTK,AXISBANK,30-May-2024,1190.0,PE,47.95,52.45,44.35,50.7,57.95,25,193.43,58750,1875,06-MAY-2024,
OPTSTK,AXISBANK,30-May-2024,1200.0,PE,58.6,60.6,49.9,57.0,57.0,112,877.96,160625,-6875,06-MAY-2024,
OPTSTK,AXISBANK,30-May-2024,1210.0,PE,62.0,69.5,58.65,67.05,72.65,26,206.54,38750,6250,06-MAY-2024,
OPTSTK,AXISBANK,30-May-2024,1220.0,PE,67.0,77.1,66.45,73.3,73.3,24,193.39,45625,6875,06-MAY-2024,
OPTSTK,AXISBANK,30-May-2024,1230.0,PE,76.0,86.8,75.3,82.1,82.1,33,270.09,14375,7500,06-MAY-2024,
OPTSTK,AXISBANK,30-May-2024,1240.0,PE,0.0,0.0,0.0,88.35,97.15,0,0.0,5625,0,06-MAY-2024,
OPTSTK,AXISBANK,30-May-2024,1250.0,PE,0.0,0.0,0.0,101.0,105.85,0,0.0,8750,0,06-MAY-2024,
OPTSTK,AXISBANK,30-May-2024,1260.0,PE,108.9,108.9,108.9,108.9,114.75,1,8.55,18750,0,06-MAY-2024,
OPTSTK,AXISBANK,30-May-2024,1270.0,PE,0.0,0.0,0.0,210.25,123.85,0,0.0,0,0,06-MAY-2024,
OPTSTK,AXISBANK,30-May-2024,1280.0,PE,0.0,0.0,0.0,192.6,133.1,0,0.0,0,0,06-MAY-2024,
OPTSTK,AXISBANK,30-May-2024,1300.0,PE,0.0,0.0,0.0,210.1,151.95,0,0.0,0,0,06-MAY-2024,
OPTSTK,AXISBANK,30-May-2024,1320.0,PE,0.0,0.0,0.0,228.0,171.25,0,0.0,0,0,06-MAY-2024,
OPTSTK,AXISBANK,27-Jun-2024,980.0,CE,0.0,0.0,0.0,107.0,176.75,0,0.0,0,0,06-MAY-2024,
OPTSTK,AXISBANK,27-Jun-2024,1000.0,CE,175.0,175.0,172.25,172.25,158.55,2,14.67,1875,0,06-MAY-2024,
OPTSTK,AXISBANK,27-Jun-2024,1020.0,CE,0.0,0.0,0.0,81.15,141.0,0,0.0,0,0,06-MAY-2024,
OPTSTK,AXISBANK,27-Jun-2024,1030.0,CE,0.0,0.0,0.0,122.05,132.55,0,0.0,0,0,06-MAY-2024,
OPTSTK,AXISBANK,27-Jun-2024,1040.0,CE,0.0,0.0,0.0,69.85,124.25,0,0.0,0,0,06-MAY-2024,
OPTSTK,AXISBANK,27-Jun-2024,1050.0,CE,0.0,0.0,0.0,106.7,116.2,0,0.0,0,0,06-MAY-2024,
OPTSTK,AXISBANK,27-Jun-2024,1060.0,CE,0.0,0.0,0.0,76.0,108.4,0,0.0,625,0,06-MAY-2024,
OPTSTK,AXISBANK,27-Jun-2024,1070.0,CE,0.0,0.0,0.0,92.4,100.85,0,0.0,0,0,06-MAY-2024,
OPTSTK,AXISBANK,27-Jun-2024,1080.0,CE,0.0,0.0,0.0,50.6,93.65,0,0.0,0,0,06-MAY-2024,
OPTSTK,AXISBANK,27-Jun-2024,1090.0,CE,0.0,0.0,0.0,79.25,86.6,0,0.0,0,0,06-MAY-2024,
OPTSTK,AXISBANK,27-Jun-2024,1100.0,CE,90.65,90.65,90.65,90.65,79.95,1,7.44,6250,625,06-MAY-2024,
OPTSTK,AXISBANK,27-Jun-2024,1110.0,CE,0.0,0.0,0.0,67.3,73.55,0,0.0,0,0,06-MAY-2024,
OPTSTK,AXISBANK,27-Jun-2024,1120.0,CE,0.0,0.0,0.0,35.55,67.5,0,0.0,0,0,06-MAY-2024,
OPTSTK,AXISBANK,27-Jun-2024,1130.0,CE,0.0,0.0,0.0,73.1,61.8,0,0.0,625,0,06-MAY-2024,
OPTSTK,AXISBANK,27-Jun-2024,1140.0,CE,0.0,0.0,0.0,65.95,56.4,0,0.0,3750,0,06-MAY-2024,
OPTSTK,AXISBANK,27-Jun-2024,1150.0,CE,61.95,61.95,57.2,59.65,59.65,12,90.67,20000,0,06-MAY-2024,
OPTSTK,AXISBANK,27-Jun-2024,1160.0,CE,55.0,58.7,55.0,57.1,57.1,3,22.8,8125,625,06-MAY-2024,
OPTSTK,AXISBANK,27-Jun-2024,1170.0,CE,0.0,0.0,0.0,45.4,42.1,0,0.0,7500,0,06-MAY-2024,
OPTSTK,AXISBANK,27-Jun-2024,1180.0,CE,38.8,38.8,38.8,38.8,38.0,1,7.61,3750,625,06-MAY-2024,
OPTSTK,AXISBANK,27-Jun-2024,1190.0,CE,0.0,0.0,0.0,31.55,34.15,0,0.0,0,0,06-MAY-2024,
OPTSTK,AXISBANK,27-Jun-2024,1200.0,CE,38.95,40.65,36.0,38.85,38.85,132,1021.81,210625,30000,06-MAY-2024,
OPTSTK,AXISBANK,27-Jun-2024,1210.0,CE,0.0,0.0,0.0,29.3,27.4,0,0.0,1250,0,06-MAY-2024,
OPTSTK,AXISBANK,27-Jun-2024,1220.0,CE,0.0,0.0,0.0,12.9,24.45,0,0.0,0,0,06-MAY-2024,
OPTSTK,AXISBANK,27-Jun-2024,1230.0,CE,0.0,0.0,0.0,20.4,21.7,0,0.0,0,0,06-MAY-2024,
OPTSTK,AXISBANK,27-Jun-2024,1240.0,CE,0.0,0.0,0.0,30.7,19.3,0,0.0,1875,0,06-MAY-2024,
OPTSTK,AXISBANK,27-Jun-2024,1250.0,CE,23.0,26.0,21.6,23.85,23.85,30,238.87,38125,15625,06-MAY-2024,
OPTSTK,AXISBANK,27-Jun-2024,1260.0,CE,0.0,0.0,0.0,8.2,15.0,0,0.0,0,0,06-MAY-2024,
OPTSTK,AXISBANK,27-Jun-2024,1270.0,CE,0.0,0.0,0.0,12.6,13.2,0,0.0,0,0,06-MAY-2024,
OPTSTK,AXISBANK,27-Jun-2024,1280.0,CE,0.0,0.0,0.0,6.5,11.6,0,0.0,0,0,06-MAY-2024,
OPTSTK,AXISBANK,27-Jun-2024,1300.0,CE,13.0,13.0,12.0,12.0,8.8,5,41.02,26875,625,06-MAY-2024,
OPTSTK,AXISBANK,27-Jun-2024,1320.0,CE,0.0,0.0,0.0,9.95,6.65,0,0.0,625,0,06-MAY-2024,
OPTSTK,AXISBANK,27-Jun-2024,980.0,PE,0.0,0.0,0.0,4.5,3.0,0,0.0,7500,0,06-MAY-2024,
OPTSTK,AXISBANK,27-Jun-2024,1000.0,PE,7.95,9.5,7.5,9.5,4.6,11,69.32,55625,1250,06-MAY-2024,
OPTSTK,AXISBANK,27-Jun-2024,1020.0,PE,0.0,0.0,0.0,35.7,6.85,0,0.0,0,0,06-MAY-2024,
OPTSTK,AXISBANK,27-Jun-2024,1030.0,PE,0.0,0.0,0.0,8.05,8.25,0,0.0,1875,0,06-MAY-2024,
OPTSTK,AXISBANK,27-Jun-2024,1040.0,PE,0.0,0.0,0.0,44.1,9.9,0,0.0,0,0,06-MAY-2024,
OPTSTK,AXISBANK,27-Jun-2024,1050.0,PE,15.0,17.0,15.0,17.0,11.75,2,13.32,6250,1250,06-MAY-2024,
OPTSTK,AXISBANK,27-Jun-2024,1060.0,PE,0.0,0.0,0.0,17.3,13.85,0,0.0,3125,0,06-MAY-2024,
OPTSTK,AXISBANK,27-Jun-2024,1070.0,PE,0.0,0.0,0.0,22.0,16.2,0,0.0,0,0,06-MAY-2024,
OPTSTK,AXISBANK,27-Jun-2024,1080.0,PE,0.0,0.0,0.0,14.75,18.85,0,0.0,5000,0,06-MAY-2024,
OPTSTK,AXISBANK,27-Jun-2024,1090.0,PE,0.0,0.0,0.0,28.6,21.7,0,0.0,0,0,06-MAY-2024,
OPTSTK,AXISBANK,27-Jun-2024,1100.0,PE,28.5,32.1,27.0,31.0,31.0,57,402.77,115000,16875,06-MAY-2024,
OPTSTK,AXISBANK,27-Jun-2024,1110.0,PE,0.0,0.0,0.0,36.35,28.5,0,0.0,0,0,06-MAY-2024,
OPTSTK,AXISBANK,27-Jun-2024,1120.0,PE,0.0,0.0,0.0,25.65,32.35,0,0.0,2500,0,06-MAY-2024,
OPTSTK,AXISBANK,27-Jun-2024,1130.0,PE,0.0,0.0,0.0,45.4,36.5,0,0.0,0,0,06-MAY-2024,
OPTSTK,AXISBANK,27-Jun-2024,1140.0,PE,0.0,0.0,0.0,101.85,41.0,0,0.0,0,0,06-MAY-2024,
OPTSTK,AXISBANK,27-Jun-2024,1150.0,PE,49.9,51.8,49.9,51.8,45.8,2,15.01,47500,0,06-MAY-2024,
OPTSTK,AXISBANK,27-Jun-2024,1160.0,PE,0.0,0.0,0.0,116.35,50.95,0,0.0,0,0,06-MAY-2024,
OPTSTK,AXISBANK,27-Jun-2024,1170.0,PE,60.0,60.0,58.0,60.0,60.0,4,30.72,1250,0,06-MAY-2024,
OPTSTK,AXISBANK,27-Jun-2024,1180.0,PE,0.0,0.0,0.0,131.5,62.2,0,0.0,0,0,06-MAY-2024,
OPTSTK,AXISBANK,27-Jun-2024,1190.0,PE,0.0,0.0,0.0,79.65,68.25,0,0.0,0,0,06-MAY-2024,
OPTSTK,AXISBANK,27-Jun-2024,1200.0,PE,0.0,0.0,0.0,76.5,74.65,0,0.0,4375,0,06-MAY-2024,
OPTSTK,AXISBANK,27-Jun-2024,1210.0,PE,0.0,0.0,0.0,93.3,81.3,0,0.0,0,0,06-MAY-2024,
OPTSTK,AXISBANK,27-Jun-2024,1220.0,PE,0.0,0.0,0.0,163.9,88.2,0,0.0,0,0,06-MAY-2024,
OPTSTK,AXISBANK,27-Jun-2024,1230.0,PE,0.0,0.0,0.0,107.95,95.4,0,0.0,0,0,06-MAY-2024,
OPTSTK,AXISBANK,27-Jun-2024,1240.0,PE,0.0,0.0,0.0,180.95,102.9,0,0.0,0,0,06-MAY-2024,
OPTSTK,AXISBANK,27-Jun-2024,1250.0,PE,0.0,0.0,0.0,123.4,110.5,0,0.0,0,0,06-MAY-2024,
OPTSTK,AXISBANK,27-Jun-2024,1260.0,PE,0.0,0.0,0.0,198.5,118.4,0,0.0,0,0,06-MAY-2024,
OPTSTK,AXISBANK,27-Jun-2024,1270.0,PE,0.0,0.0,0.0,139.65,126.45,0,0.0,0,0,06-MAY-2024,
OPTSTK,AXISBANK,27-Jun-2024,1280.0,PE,0.0,0.0,0.0,216.4,134.75,0,0.0,0,0,06-MAY-2024,
OPTSTK,AXISBANK,27-Jun-2024,1300.0,PE,0.0,0.0,0.0,234.65,151.8,0,0.0,0,0,06-MAY-2024,
OPTSTK,AXISBANK,27-Jun-2024,1320.0,PE,0.0,0.0,0.0,253.15,169.4,0,0.0,0,0,06-MAY-2024,
OPTSTK,AXISBANK,25-Jul-2024,960.0,CE,0.0,0.0,0.0,190.65,203.4,0,0.0,0,0,06-MAY-2024,
OPTSTK,AXISBANK,25-Jul-2024,1000.0,CE,0.0,0.0,0.0,156.8,168.45,0,0.0,0,0,06-MAY-2024,
OPTSTK,AXISBANK,25-Jul-2024,1040.0,CE,0.0,0.0,0.0,125.95,136.15,0,0.0,0,0,06-MAY-2024,
OPTSTK,AXISBANK,25-Jul-2024,1060.0,CE,0.0,0.0,0.0,111.75,121.25,0,0.0,0,0,06-MAY-2024,
OPTSTK,AXISBANK,25-Jul-2024,1080.0,CE,0.0,0.0,0.0,98.55,107.2,0,0.0,0,0,06-MAY-2024,
OPTSTK,AXISBANK,25-Jul-2024,1100.0,CE,0.0,0.0,0.0,86.35,94.2,0,0.0,0,0,06-MAY-2024,
OPTSTK,AXISBANK,25-Jul-2024,1120.0,CE,0.0,0.0,0.0,75.15,82.15,0,0.0,0,0,06-MAY-2024,
OPTSTK,AXISBANK,25-Jul-2024,1140.0,CE,0.0,0.0,0.0,64.95,71.2,0,0.0,0,0,06-MAY-2024,
OPTSTK,AXISBANK,25-Jul-2024,1160.0,CE,0.0,0.0,0.0,55.8,61.25,0,0.0,0,0,06-MAY-2024,
OPTSTK,AXISBANK,25-Jul-2024,1180.0,CE,0.0,0.0,0.0,47.6,52.3,0,0.0,0,0,06-MAY-2024,
OPTSTK,AXISBANK,25-Jul-2024,1200.0,CE,0.0,0.0,0.0,40.35,44.4,0,0.0,0,0,06-MAY-2024,
OPTSTK,AXISBANK,25-Jul-2024,1220.0,CE,0.0,0.0,0.0,33.95,37.4,0,0.0,0,0,06-MAY-2024,
OPTSTK,AXISBANK,25-Jul-2024,1240.0,CE,0.0,0.0,0.0,28.4,31.3,0,0.0,0,0,06-MAY-2024,
OPTSTK,AXISBANK,25-Jul-2024,1260.0,CE,0.0,0.0,0.0,23.7,26.05,0,0.0,0,0,06-MAY-2024,
OPTSTK,AXISBANK,25-Jul-2024,1280.0,CE,0.0,0.0,0.0,19.55,21.5,0,0.0,0,0,06-MAY-2024,
OPTSTK,AXISBANK,25-Jul-2024,1320.0,CE,0.0,0.0,0.0,13.1,14.4,0,0.0,0,0,06-MAY-2024,
OPTSTK,AXISBANK,25-Jul-2024,960.0,PE,0.0,0.0,0.0,6.3,4.6,0,0.0,0,0,06-MAY-2024,
OPTSTK,AXISBANK,25-Jul-2024,1000.0,PE,0.0,0.0,0.0,11.75,9.0,0,0.0,0,0,06-MAY-2024,
OPTSTK,AXISBANK,25-Jul-2024,1040.0,PE,0.0,0.0,0.0,20.2,16.05,0,0.0,0,0,06-MAY-2024,
OPTSTK,AXISBANK,25-Jul-2024,1060.0,PE,0.0,0.0,0.0,25.6,20.85,0,0.0,0,0,06-MAY-2024,
OPTSTK,AXISBANK,25-Jul-2024,1080.0,PE,0.0,0.0,0.0,32.05,26.5,0,0.0,0,0,06-MAY-2024,
OPTSTK,AXISBANK,25-Jul-2024,1100.0,PE,0.0,0.0,0.0,39.5,33.15,0,0.0,0,0,06-MAY-2024,
OPTSTK,AXISBANK,25-Jul-2024,1120.0,PE,0.0,0.0,0.0,47.9,40.8,0,0.0,0,0,06-MAY-2024,
OPTSTK,AXISBANK,25-Jul-2024,1140.0,PE,0.0,0.0,0.0,57.4,49.5,0,0.0,0,0,06-MAY-2024,
OPTSTK,AXISBANK,25-Jul-2024,1160.0,PE,0.0,0.0,0.0,67.85,59.25,0,0.0,0,0,06-MAY-2024,
OPTSTK,AXISBANK,25-Jul-2024,1180.0,PE,0.0,0.0,0.0,79.3,70.0,0,0.0,0,0,06-MAY-2024,
OPTSTK,AXISBANK,25-Jul-2024,1200.0,PE,0.0,0.0,0.0,91.65,81.75,0,0.0,0,0,06-MAY-2024,
OPTSTK,AXISBANK,25-Jul-2024,1220.0,PE,0.0,0.0,0.0,104.95,94.45,0,0.0,0,0,06-MAY-2024,
OPTSTK,AXISBANK,25-Jul-2024,1240.0,PE,0.0,0.0,0.0,119.05,108.05,0,0.0,0,0,06-MAY-2024,
OPTSTK,AXISBANK,25-Jul-2024,1260.0,PE,0.0,0.0,0.0,133.95,122.5,0,0.0,0,0,06-MAY-2024,
OPTSTK,AXISBANK,25-Jul-2024,1280.0,PE,0.0,0.0,0.0,149.45,137.65,0,0.0,0,0,06-MAY-2024,
OPTSTK,AXISBANK,25-Jul-2024,1320.0,PE,0.0,0.0,0.0,182.3,169.9,0,0.0,0,0,06-MAY-2024,
OPTSTK,BAJAJ-AUTO,30-May-2024,7400.0,CE,0.0,0.0,0.0,1342.45,1687.15,0,0.0,2000,0,06-MAY-2024,
OPTSTK,BAJAJ-AUTO,30-May-2024,7600.0,CE,0.0,0.0,0.0,1170.0,1489.15,0,0.0,2500,0,06-MAY-2024,
OPTSTK,BAJAJ-AUTO,30-May-2024,7800.0,CE,0.0,0.0,0.0,961.0,1292.9,0,0.0,250,0,06-MAY-2024,
OPTSTK,BAJAJ-AUTO,30-May-2024,8000.0,CE,915.1,915.95,913.65,913.65,1100.2,3,33.43,13375,0,06-MAY-2024,
OPTSTK,BAJAJ-AUTO,30-May-2024,8100.0,CE,0.0,0.0,0.0,425.9,1006.1,0,0.0,0,0,06-MAY-2024,
OPTSTK,BAJAJ-AUTO,30-May-2024,8200.0,CE,0.0,0.0,0.0,697.75,914.05,0,0.0,3000,0,06-MAY-2024,
OPTSTK,BAJAJ-AUTO,30-May-2024,8300.0,CE,0.0,0.0,0.0,720.0,824.6,0,0.0,4000,0,06-MAY-2024,
OPTSTK,BAJAJ-AUTO,30-May-2024,8400.0,CE,691.6,691.6,691.6,691.6,738.3,2,22.72,1250,0,06-MAY-2024,
OPTSTK,BAJAJ-AUTO,30-May-2024,8500.0,CE,636.1,677.35,480.0,677.35,677.35,29,330.38,9750,-1000,06-MAY-2024,
OPTSTK,BAJAJ-AUTO,30-May-2024,8600.0,CE,422.45,527.6,420.0,527.6,577.45,6,68.12,4625,500,06-MAY-2024,
OPTSTK,BAJAJ-AUTO,30-May-2024,8700.0,CE,491.2,535.0,339.75,527.65,527.65,89,1015.3,12500,-125,06-MAY-2024,
OPTSTK,BAJAJ-AUTO,30-May-2024,8800.0,CE,479.85,479.85,287.0,461.1,461.1,403,4610.68,31875,2375,06-MAY-2024,
OPTSTK,BAJAJ-AUTO,30-May-2024,8900.0,CE,399.0,400.6,240.0,393.75,393.75,1079,12415.09,31000,6875,06-MAY-2024,
OPTSTK,BAJAJ-AUTO,30-May-2024,9000.0,CE,388.0,388.0,195.0,333.0,333.0,2909,33714.55,121250,36500,06-MAY-2024,
OPTSTK,BAJAJ-AUTO,30-May-2024,9100.0,CE,299.95,300.15,161.0,278.8,278.8,2000,23331.38,71125,10875,06-MAY-2024,
OPTSTK,BAJAJ-AUTO,30-May-2024,9200.0,CE,240.0,259.95,130.0,233.05,233.05,6432,75505.17,388875,247625,06-MAY-2024,
OPTSTK,BAJAJ-AUTO,30-May-2024,9300.0,CE,198.0,210.95,103.3,188.9,188.9,2522,29803.83,110875,7000,06-MAY-2024,
OPTSTK,BAJAJ-AUTO,30-May-2024,9400.0,CE,148.45,157.35,84.0,152.1,152.1,2235,26599.48,68375,17750,06-MAY-2024,
OPTSTK,BAJAJ-AUTO,30-May-2024,9500.0,CE,114.5,136.85,65.9,122.45,122.45,3181,38161.38,192375,17875,06-MAY-2024,
OPTSTK,BAJAJ-AUTO,30-May-2024,9600.0,CE,95.05,101.45,52.0,98.6,98.6,1373,16608.29,61375,10125,06-MAY-2024,
OPTSTK,BAJAJ-AUTO,30-May-2024,9700.0,CE,80.95,81.0,41.5,77.15,77.15,848,10345.05,49375,1875,06-MAY-2024,
OPTSTK,BAJAJ-AUTO,30-May-2024,9800.0,CE,57.3,64.25,33.0,61.4,61.4,1060,13050.6,49000,4250,06-MAY-2024,
OPTSTK,BAJAJ-AUTO,30-May-2024,9900.0,CE,40.05,50.8,27.1,48.4,48.4,456,5664.61,32125,3000,06-MAY-2024,
OPTSTK,BAJAJ-AUTO,30-May-2024,10000.0,CE,37.45,40.0,21.55,38.1,38.1,2692,33753.58,160000,12250,06-MAY-2024,
OPTSTK,BAJAJ-AUTO,30-May-2024,10100.0,CE,29.25,31.25,17.7,30.5,30.5,271,3429.41,15125,625,06-MAY-2024,
OPTSTK,BAJAJ-AUTO,30-May-2024,10200.0,CE,22.7,24.8,13.4,23.6,23.6,1024,13080.53,42000,6000,06-MAY-2024,
OPTSTK,BAJAJ-AUTO,30-May-2024,10400.0,CE,15.0,15.95,8.65,14.45,14.45,982,12780.43,76875,-1375,06-MAY-2024,
OPTSTK,BAJAJ-AUTO,30-May-2024,7000.0,PE,0.0,0.0,0.0,4.5,0.05,0,0.0,125,0,06-MAY-2024,
OPTSTK,BAJAJ-AUTO,30-May-2024,7400.0,PE,4.9,8.45,4.65,6.25,6.25,30,277.74,2000,875,06-MAY-2024,
OPTSTK,BAJAJ-AUTO,30-May-2024,7600.0,PE,4.55,10.05,4.55,7.0,7.0,66,627.57,15375,4250,06-MAY-2024,
OPTSTK,BAJAJ-AUTO,30-May-2024,7800.0,PE,7.5,18.6,7.5,13.4,13.4,408,3984.42,48250,3500,06-MAY-2024,
OPTSTK,BAJAJ-AUTO,30-May-2024,7900.0,PE,11.65,23.55,11.15,17.5,17.5,238,2355.04,25250,2750,06-MAY-2024,
OPTSTK,BAJAJ-AUTO,30-May-2024,8000.0,PE,14.4,31.95,11.5,22.55,22.55,1274,12775.37,70875,-5000,06-MAY-2024,
OPTSTK,BAJAJ-AUTO,30-May-2024,8100.0,PE,19.0,42.35,19.0,29.3,29.3,305,3099.18,45125,8625,06-MAY-2024,
OPTSTK,BAJAJ-AUTO,30-May-2024,8200.0,PE,20.2,55.25,20.2,38.1,38.1,914,9412.51,64625,1750,06-MAY-2024,
OPTSTK,BAJAJ-AUTO,30-May-2024,8300.0,PE,29.1,71.7,29.1,49.3,49.3,551,5750.52,27125,1750,06-MAY-2024,
OPTSTK,BAJAJ-AUTO,30-May-2024,8400.0,PE,33.7,92.8,33.55,61.15,61.15,634,6709.98,33375,1250,06-MAY-2024,
OPTSTK,BAJAJ-AUTO,30-May-2024,8500.0,PE,36.8,120.7,36.75,76.5,76.5,1591,17061.72,72375,2375,06-MAY-2024,
OPTSTK,BAJAJ-AUTO,30-May-2024,8600.0,PE,63.0,153.8,63.0,97.65,97.65,742,8073.98,28250,-750,06-MAY-2024,
OPTSTK,BAJAJ-AUTO,30-May-2024,8700.0,PE,65.25,192.5,65.25,121.85,121.85,1168,12899.52,71875,17250,06-MAY-2024,
OPTSTK,BAJAJ-AUTO,30-May-2024,8800.0,PE,81.4,237.8,81.35,153.1,153.1,3880,43490.26,270875,213125,06-MAY-2024,
OPTSTK,BAJAJ-AUTO,30-May-2024,8900.0,PE,159.95,288.0,150.55,183.45,183.45,1349,15354.99,43125,9000,06-MAY-2024,
OPTSTK,BAJAJ-AUTO,30-May-2024,9000.0,PE,146.1,342.25,146.1,221.15,221.15,2062,23797.6,80000,3375,06-MAY-2024,
OPTSTK,BAJAJ-AUTO,30-May-2024,9100.0,PE,205.35,404.0,180.4,269.3,269.3,532,6239.58,35250,-3375,06-MAY-2024,
OPTSTK,BAJAJ-AUTO,30-May-2024,9200.0,PE,234.65,460.85,234.65,320.7,320.7,284,3384.19,48875,-1125,06-MAY-2024,
OPTSTK,BAJAJ-AUTO,30-May-2024,9300.0,PE,273.1,531.3,273.1,376.45,376.45,50,605.96,23000,-250,06-MAY-2024,
OPTSTK,BAJAJ-AUTO,30-May-2024,9400.0,PE,402.55,571.55,402.55,439.75,439.75,14,172.7,3500,-375,06-MAY-2024,
OPTSTK,BAJAJ-AUTO,30-May-2024,9500.0,PE,508.25,520.55,501.3,513.55,513.55,17,212.73,5625,-250,06-MAY-2024,
OPTSTK,BAJAJ-AUTO,30-May-2024,9600.0,PE,0.0,0.0,0.0,496.0,597.1,0,0.0,1125,0,06-MAY-2024,
OPTSTK,BAJAJ-AUTO,30-May-2024,9700.0,PE,0.0,0.0,0.0,1669.05,676.6,0,0.0,0,0,06-MAY-2024,
OPTSTK,BAJAJ-AUTO,30-May-2024,9800.0,PE,867.05,867.05,867.05,867.05,759.75,1,13.33,875,125,06-MAY-2024,
OPTSTK,BAJAJ-AUTO,30-May-2024,9900.0,PE,0.0,0.0,0.0,1588.55,846.0,0,0.0,0,0,06-MAY-2024,
OPTSTK,BAJAJ-AUTO,30-May-2024,10000.0,PE,925.0,925.0,925.0,925.0,935.0,1,13.65,1500,0,06-MAY-2024,
OPTSTK,BAJAJ-AUTO,30-May-2024,10200.0,PE,0.0,0.0,0.0,2130.4,1119.3,0,0.0,0,0,06-MAY-2024,
OPTSTK,BAJAJ-AUTO,30-May-2024,10400.0,PE,0.0,0.0,0.0,1660.35,1309.65,0,0.0,250,0,06-MAY-2024,
OPTSTK,BAJAJ-AUTO,27-Jun-2024,7600.0,CE,0.0,0.0,0.0,1725.6,1547.5,0,0.0,0,0,06-MAY-2024,
OPTSTK,BAJAJ-AUTO,27-Jun-2024,7800.0,CE,0.0,0.0,0.0,1549.75,1362.35,0,0.0,0,0,06-MAY-2024,
OPTSTK,BAJAJ-AUTO,27-Jun-2024,8000.0,CE,0.0,0.0,0.0,1381.0,1184.15,0,0.0,0,0,06-MAY-2024,
OPTSTK,BAJAJ-AUTO,27-Jun-2024,8100.0,CE,0.0,0.0,0.0,870.4,1098.3,0,0.0,0,0,06-MAY-2024,
OPTSTK,BAJAJ-AUTO,27-Jun-2024,8200.0,CE,0.0,0.0,0.0,1220.55,1015.05,0,0.0,0,0,06-MAY-2024,
OPTSTK,BAJAJ-AUTO,27-Jun-2024,8300.0,CE,0.0,0.0,0.0,728.55,934.55,0,0.0,0,0,06-MAY-2024,
OPTSTK,BAJAJ-AUTO,27-Jun-2024,8400.0,CE,0.0,0.0,0.0,1070.0,857.1,0,0.0,0,0,06-MAY-2024,
OPTSTK,BAJAJ-AUTO,27-Jun-2024,8500.0,CE,0.0,0.0,0.0,601.1,783.3,0,0.0,0,0,06-MAY-2024,
OPTSTK,BAJAJ-AUTO,27-Jun-2024,8600.0,CE,0.0,0.0,0.0,562.0,712.25,0,0.0,125,0,06-MAY-2024,
OPTSTK,BAJAJ-AUTO,27-Jun-2024,8700.0,CE,0.0,0.0,0.0,488.55,645.35,0,0.0,0,0,06-MAY-2024,
OPTSTK,BAJAJ-AUTO,27-Jun-2024,8800.0,CE,0.0,0.0,0.0,413.6,582.25,0,0.0,0,0,06-MAY-2024,
OPTSTK,BAJAJ-AUTO,27-Jun-2024,8900.0,CE,0.0,0.0,0.0,391.05,523.1,0,0.0,0,0,06-MAY-2024,
OPTSTK,BAJAJ-AUTO,27-Jun-2024,9000.0,CE,398.6,504.7,348.4,501.65,467.9,12,141.35,10000,250,06-MAY-2024,
OPTSTK,BAJAJ-AUTO,27-Jun-2024,9100.0,CE,0.0,0.0,0.0,450.0,416.7,0,0.0,125,0,06-MAY-2024,
OPTSTK,BAJAJ-AUTO,27-Jun-2024,9200.0,CE,300.0,408.95,289.95,408.95,408.95,18,214.32,4000,1750,06-MAY-2024,
OPTSTK,BAJAJ-AUTO,27-Jun-2024,9300.0,CE,0.0,0.0,0.0,239.3,326.2,0,0.0,0,0,06-MAY-2024,
OPTSTK,BAJAJ-AUTO,27-Jun-2024,9400.0,CE,0.0,0.0,0.0,483.8,286.7,0,0.0,0,0,06-MAY-2024,
OPTSTK,BAJAJ-AUTO,27-Jun-2024,9500.0,CE,0.0,0.0,0.0,183.0,250.9,0,0.0,0,0,06-MAY-2024,
OPTSTK,BAJAJ-AUTO,27-Jun-2024,9600.0,CE,0.0,0.0,0.0,401.85,218.55,0,0.0,0,0,06-MAY-2024,
OPTSTK,BAJAJ-AUTO,27-Jun-2024,9700.0,CE,0.0,0.0,0.0,138.1,189.6,0,0.0,0,0,06-MAY-2024,
OPTSTK,BAJAJ-AUTO,27-Jun-2024,9800.0,CE,0.0,0.0,0.0,330.8,164.15,0,0.0,0,0,06-MAY-2024,
OPTSTK,BAJAJ-AUTO,27-Jun-2024,9900.0,CE,0.0,0.0,0.0,102.6,140.95,0,0.0,0,0,06-MAY-2024,
OPTSTK,BAJAJ-AUTO,27-Jun-2024,10000.0,CE,157.65,161.95,91.35,157.8,157.8,31,392.8,8125,1875,06-MAY-2024,
OPTSTK,BAJAJ-AUTO,27-Jun-2024,10200.0,CE,0.0,0.0,0.0,218.95,87.45,0,0.0,0,0,06-MAY-2024,
OPTSTK,BAJAJ-AUTO,27-Jun-2024,10400.0,CE,0.0,0.0,0.0,175.55,62.25,0,0.0,0,0,06-MAY-2024,
OPTSTK,BAJAJ-AUTO,27-Jun-2024,7600.0,PE,0.0,0.0,0.0,41.6,16.7,0,0.0,0,0,06-MAY-2024,
OPTSTK,BAJAJ-AUTO,27-Jun-2024,7800.0,PE,0.0,0.0,0.0,62.2,29.5,0,0.0,0,0,06-MAY-2024,
OPTSTK,BAJAJ-AUTO,27-Jun-2024,8000.0,PE,64.0,140.95,64.0,80.05,49.25,26,263.38,6375,1375,06-MAY-2024,
OPTSTK,BAJAJ-AUTO,27-Jun-2024,8100.0,PE,0.0,0.0,0.0,133.9,62.35,0,0.0,0,0,06-MAY-2024,
OPTSTK,BAJAJ-AUTO,27-Jun-2024,8200.0,PE,0.0,0.0,0.0,125.85,78.05,0,0.0,0,0,06-MAY-2024,
OPTSTK,BAJAJ-AUTO,27-Jun-2024,8300.0,PE,0.0,0.0,0.0,189.6,96.5,0,0.0,0,0,06-MAY-2024,
OPTSTK,BAJAJ-AUTO,27-Jun-2024,8400.0,PE,0.0,0.0,0.0,171.7,118.05,0,0.0,0,0,06-MAY-2024,
OPTSTK,BAJAJ-AUTO,27-Jun-2024,8500.0,PE,230.0,295.0,230.0,295.0,143.2,2,21.9,125,125,06-MAY-2024,
OPTSTK,BAJAJ-AUTO,27-Jun-2024,8600.0,PE,0.0,0.0,0.0,227.2,171.1,0,0.0,0,0,06-MAY-2024,
OPTSTK,BAJAJ-AUTO,27-Jun-2024,8700.0,PE,0.0,0.0,0.0,344.6,203.2,0,0.0,0,0,06-MAY-2024,
OPTSTK,BAJAJ-AUTO,27-Jun-2024,8800.0,PE,0.0,0.0,0.0,294.55,239.05,0,0.0,0,0,06-MAY-2024,
OPTSTK,BAJAJ-AUTO,27-Jun-2024,8900.0,PE,465.0,465.0,465.0,465.0,278.9,1,11.7,125,0,06-MAY-2024,
OPTSTK,BAJAJ-AUTO,27-Jun-2024,9000.0,PE,450.0,460.25,405.0,405.0,322.7,4,47.2,375,0,06-MAY-2024,
OPTSTK,BAJAJ-AUTO,27-Jun-2024,9100.0,PE,0.0,0.0,0.0,559.25,370.45,0,0.0,0,0,06-MAY-2024,
OPTSTK,BAJAJ-AUTO,27-Jun-2024,9200.0,PE,0.0,0.0,0.0,464.75,422.2,0,0.0,0,0,06-MAY-2024,
OPTSTK,BAJAJ-AUTO,27-Jun-2024,9300.0,PE,0.0,0.0,0.0,687.8,477.9,0,0.0,0,0,06-MAY-2024,
OPTSTK,BAJAJ-AUTO,27-Jun-2024,9400.0,PE,0.0,0.0,0.0,567.65,537.35,0,0.0,0,0,06-MAY-2024,
OPTSTK,BAJAJ-AUTO,27-Jun-2024,9500.0,PE,0.0,0.0,0.0,829.0,600.5,0,0.0,0,0,06-MAY-2024,
OPTSTK,BAJAJ-AUTO,27-Jun-2024,9600.0,PE,0.0,0.0,0.0,682.1,667.15,0,0.0,0,0,06-MAY-2024,
OPTSTK,BAJAJ-AUTO,27-Jun-2024,9700.0,PE,0.0,0.0,0.0,981.55,737.15,0,0.0,0,0,06-MAY-2024,
OPTSTK,BAJAJ-AUTO,27-Jun-2024,9800.0,PE,0.0,0.0,0.0,807.5,810.65,0,0.0,0,0,06-MAY-2024,
OPTSTK,BAJAJ-AUTO,27-Jun-2024,9900.0,PE,0.0,0.0,0.0,1143.55,886.45,0,0.0,0,0,06-MAY-2024,
OPTSTK,BAJAJ-AUTO,27-Jun-2024,10000.0,PE,0.0,0.0,0.0,943.1,965.2,0,0.0,0,0,06-MAY-2024,
OPTSTK,BAJAJ-AUTO,27-Jun-2024,10200.0,PE,0.0,0.0,0.0,1088.5,1129.85,0,0.0,0,0,06-MAY-2024,
OPTSTK,BAJAJ-AUTO,27-Jun-2024,10400.0,PE,0.0,0.0,0.0,1241.55,1302.6,0,0.0,0,0,06-MAY-2024,
OPTSTK,BAJAJ-AUTO,25-Jul-2024,7600.0,CE,0.0,0.0,0.0,1352.35,1612.85,0,0.0,0,0,06-MAY-2024,
OPTSTK,BAJAJ-AUTO,25-Jul-2024,8000.0,CE,0.0,0.0,0.0,1038.35,1269.0,0,0.0,0,0,06-MAY-2024,
OPTSTK,BAJAJ-AUTO,25-Jul-2024,8200.0,CE,0.0,0.0,0.0,896.85,1110.0,0,0.0,0,0,06-MAY-2024,
OPTSTK,BAJAJ-AUTO,25-Jul-2024,8400.0,CE,0.0,0.0,0.0,767.4,961.65,0,0.0,0,0,06-MAY-2024,
OPTSTK,BAJAJ-AUTO,25-Jul-2024,8600.0,CE,0.0,0.0,0.0,650.2,824.1,0,0.0,0,0,06-MAY-2024,
OPTSTK,BAJAJ-AUTO,25-Jul-2024,8800.0,CE,0.0,0.0,0.0,545.5,699.25,0,0.0,0,0,06-MAY-2024,
OPTSTK,BAJAJ-AUTO,25-Jul-2024,9000.0,CE,0.0,0.0,0.0,453.15,587.15,0,0.0,0,0,06-MAY-2024,
OPTSTK,BAJAJ-AUTO,25-Jul-2024,9200.0,CE,0.0,0.0,0.0,372.8,487.8,0,0.0,0,0,06-MAY-2024,
OPTSTK,BAJAJ-AUTO,25-Jul-2024,9400.0,CE,0.0,0.0,0.0,303.75,401.05,0,0.0,0,0,06-MAY-2024,
OPTSTK,BAJAJ-AUTO,25-Jul-2024,9600.0,CE,0.0,0.0,0.0,245.15,326.25,0,0.0,0,0,06-MAY-2024,
OPTSTK,BAJAJ-AUTO,25-Jul-2024,9800.0,CE,0.0,0.0,0.0,196.55,262.7,0,0.0,0,0,06-MAY-2024,
OPTSTK,BAJAJ-AUTO,25-Jul-2024,10000.0,CE,0.0,0.0,0.0,155.6,209.8,0,0.0,0,0,06-MAY-2024,
OPTSTK,BAJAJ-AUTO,25-Jul-2024,10400.0,CE,0.0,0.0,0.0,95.3,129.4,0,0.0,0,0,06-MAY-2024,
OPTSTK,BAJAJ-AUTO,25-Jul-2024,7600.0,PE,0.0,0.0,0.0,80.2,40.2,0,0.0,0,0,06-MAY-2024,
OPTSTK,BAJAJ-AUTO,25-Jul-2024,8000.0,PE,88.0,88.0,88.0,88.0,90.05,1,6.06,375,75,06-MAY-2024,
OPTSTK,BAJAJ-AUTO,25-Jul-2024,8200.0,PE,0.0,0.0,0.0,213.9,127.9,0,0.0,0,0,06-MAY-2024,
OPTSTK,BAJAJ-AUTO,25-Jul-2024,8400.0,PE,0.0,0.0,0.0,280.8,176.4,0,0.0,0,0,06-MAY-2024,
OPTSTK,BAJAJ-AUTO,25-Jul-2024,8600.0,PE,0.0,0.0,0.0,359.95,235.65,0,0.0,0,0,06-MAY-2024,
OPTSTK,BAJAJ-AUTO,25-Jul-2024,8800.0,PE,0.0,0.0,0.0,451.65,307.65,0,0.0,0,0,06-MAY-2024,
OPTSTK,BAJAJ-AUTO,25-Jul-2024,9000.0,PE,0.0,0.0,0.0,555.7,392.4,0,0.0,0,0,06-MAY-2024,
OPTSTK,BAJAJ-AUTO,25-Jul-2024,9200.0,PE,0.0,0.0,0.0,671.75,489.85,0,0.0,0,0,06-MAY-2024,
OPTSTK,BAJAJ-AUTO,25-Jul-2024,9400.0,PE,0.0,0.0,0.0,799.05,599.95,0,0.0,0,0,06-MAY-2024,
OPTSTK,BAJAJ-AUTO,25-Jul-2024,9600.0,PE,0.0,0.0,0.0,936.85,722.0,0,0.0,0,0,06-MAY-2024,
OPTSTK,BAJAJ-AUTO,25-Jul-2024,9800.0,PE,0.0,0.0,0.0,1084.65,855.3,0,0.0,0,0,06-MAY-2024,
OPTSTK,BAJAJ-AUTO,25-Jul-2024,10000.0,PE,0.0,0.0,0.0,1240.1,999.25,0,0.0,0,0,06-MAY-2024,
OPTSTK,BAJAJ-AUTO,25-Jul-2024,10400.0,PE,0.0,0.0,0.0,1572.6,1312.5,0,0.0,0,0,06-MAY-2024,
OPTSTK,BAJAJFINSV,30-May-2024,1360.0,CE,0.0,0.0,0.0,270.55,258.0,0,0.0,0,0,06-MAY-2024,
OPTSTK,BAJAJFINSV,30-May-2024,1400.0,CE,0.0,0.0,0.0,205.0,218.9,0,0.0,500,0,06-MAY-2024,
OPTSTK,BAJAJFINSV,30-May-2024,1440.0,CE,0.0,0.0,0.0,205.95,180.85,0,0.0,0,0,06-MAY-2024,
OPTSTK,BAJAJFINSV,30-May-2024,1460.0,CE,0.0,0.0,0.0,153.45,162.45,0,0.0,2000,0,06-MAY-2024,
OPTSTK,BAJAJFINSV,30-May-2024,1480.0,CE,0.0,0.0,0.0,154.15,144.6,0,0.0,5000,0,06-MAY-2024,
OPTSTK,BAJAJFINSV,30-May-2024,1500.0,CE,145.5,145.5,134.35,134.35,127.5,8,65.49,16000,3000,06-MAY-2024,
OPTSTK,BAJAJFINSV,30-May-2024,1520.0,CE,0.0,0.0,0.0,120.7,111.3,0,0.0,2000,0,06-MAY-2024,
OPTSTK,BAJAJFINSV,30-May-2024,1540.0,CE,110.85,110.85,110.85,110.85,96.15,1,8.25,4500,500,06-MAY-2024,
OPTSTK,BAJAJFINSV,30-May-2024,1560.0,CE,90.35,90.35,81.55,81.55,82.0,3,24.67,10500,500,06-MAY-2024,
OPTSTK,BAJAJFINSV,30-May-2024,1580.0,CE,78.0,82.1,67.3,67.8,67.8,33,272.83,29000,-2000,06-MAY-2024,
OPTSTK,BAJAJFINSV,30-May-2024,1600.0,CE,75.0,75.0,54.6,55.2,55.2,427,3547.88,308000,22500,06-MAY-2024,
OPTSTK,BAJAJFINSV,30-May-2024,1620.0,CE,56.5,58.5,42.0,44.3,44.3,965,8053.36,334500,-25000,06-MAY-2024,
OPTSTK,BAJAJFINSV,30-May-2024,1640.0,CE,48.0,49.75,34.7,35.2,35.2,1534,12889.23,347500,55500,06-MAY-2024,
OPTSTK,BAJAJFINSV,30-May-2024,1660.0,CE,40.0,40.0,26.95,27.4,27.4,1204,10183.52,570500,45000,06-MAY-2024,
OPTSTK,BAJAJFINSV,30-May-2024,1680.0,CE,33.45,33.45,20.85,21.15,21.15,816,6953.75,396000,3000,06-MAY-2024,
OPTSTK,BAJAJFINSV,30-May-2024,1700.0,CE,25.05,25.1,16.0,16.4,16.4,2899,24919.7,1436000,-2500,06-MAY-2024,
OPTSTK,BAJAJFINSV,30-May-2024,1720.0,CE,17.15,17.7,12.25,12.5,12.5,1068,9261.89,522500,30000,06-MAY-2024,
OPTSTK,BAJAJFINSV,30-May-2024,1740.0,CE,15.0,15.15,9.35,9.55,9.55,1111,9728.23,788500,-26500,06-MAY-2024,
OPTSTK,BAJAJFINSV,30-May-2024,1760.0,CE,10.75,10.75,7.15,7.4,7.4,763,6746.48,220000,-9000,06-MAY-2024,
OPTSTK,BAJAJFINSV,30-May-2024,1780.0,CE,8.25,8.4,5.6,5.75,5.75,244,2179.57,109000,-7500,06-MAY-2024,
OPTSTK,BAJAJFINSV,30-May-2024,1800.0,CE,7.5,7.5,4.1,4.45,4.45,975,8800.44,875500,-69500,06-MAY-2024,
OPTSTK,BAJAJFINSV,30-May-2024,1820.0,CE,5.55,5.55,3.45,3.6,3.6,460,4194.89,161500,17500,06-MAY-2024,
OPTSTK,BAJAJFINSV,30-May-2024,1840.0,CE,4.75,4.75,2.65,2.85,2.85,261,2405.45,171500,4500,06-MAY-2024,
OPTSTK,BAJAJFINSV,30-May-2024,1860.0,CE,3.7,3.7,2.15,2.35,2.35,279,2598.66,108500,-6500,06-MAY-2024,
OPTSTK,BAJAJFINSV,30-May-2024,1880.0,CE,2.9,2.9,1.55,1.7,1.7,228,2145.53,180500,-4500,06-MAY-2024,
OPTSTK,BAJAJFINSV,30-May-2024,1900.0,CE,1.8,2.15,1.4,1.55,1.55,54,513.45,39500,-17500,06-MAY-2024,
OPTSTK,BAJAJFINSV,30-May-2024,1920.0,CE,2.3,2.35,1.2,1.3,1.3,161,1546.91,138000,-11000,06-MAY-2024,
OPTSTK,BAJAJFINSV,30-May-2024,1940.0,CE,0.0,0.0,0.0,9.5,0.35,0,0.0,0,0,06-MAY-2024,
OPTSTK,BAJAJFINSV,30-May-2024,1960.0,CE,1.6,1.6,1.0,1.1,1.1,183,1794.5,267000,15000,06-MAY-2024,
OPTSTK,BAJAJFINSV,30-May-2024,1360.0,PE,1.1,1.15,0.6,0.95,0.95,204,1388.03,148000,0,06-MAY-2024,
OPTSTK,BAJAJFINSV,30-May-2024,1400.0,PE,2.1,2.45,1.75,2.35,2.35,217,1521.24,284000,4500,06-MAY-2024,
OPTSTK,BAJAJFINSV,30-May-2024,1440.0,PE,3.45,4.7,3.25,4.6,4.6,121,873.52,40000,1500,06-MAY-2024,
OPTSTK,BAJAJFINSV,30-May-2024,1460.0,PE,5.5,6.55,4.45,6.25,6.25,259,1897.38,121500,-15500,06-MAY-2024,
OPTSTK,BAJAJFINSV,30-May-2024,1480.0,PE,6.7,8.25,5.8,8.15,8.15,179,1330.88,69500,5000,06-MAY-2024,
OPTSTK,BAJAJFINSV,30-May-2024,1500.0,PE,8.8,11.0,7.5,10.55,10.55,668,5040.83,298500,29000,06-MAY-2024,
OPTSTK,BAJAJFINSV,30-May-2024,1520.0,PE,11.4,14.15,9.9,13.6,13.6,300,2297.58,76500,0,06-MAY-2024,
OPTSTK,BAJAJFINSV,30-May-2024,1540.0,PE,15.65,18.0,12.6,17.55,17.55,246,1913.14,134500,3000,06-MAY-2024,
OPTSTK,BAJAJFINSV,30-May-2024,1560.0,PE,18.25,23.45,15.9,22.25,22.25,313,2472.01,205000,22000,06-MAY-2024,
OPTSTK,BAJAJFINSV,30-May-2024,1580.0,PE,24.05,29.3,20.35,28.4,28.4,469,3763.84,150500,-5000,06-MAY-2024,
OPTSTK,BAJAJFINSV,30-May-2024,1600.0,PE,30.55,37.05,26.05,35.55,35.55,928,7572.15,662000,8500,06-MAY-2024,
OPTSTK,BAJAJFINSV,30-May-2024,1620.0,PE,40.5,46.55,33.1,44.8,44.8,648,5381.28,145500,10500,06-MAY-2024,
OPTSTK,BAJAJFINSV,30-May-2024,1640.0,PE,47.35,57.3,41.85,55.5,55.5,608,5132.37,164500,-26500,06-MAY-2024,
OPTSTK,BAJAJFINSV,30-May-2024,1660.0,PE,56.7,69.0,52.7,68.0,68.0,228,1960.41,148500,-6000,06-MAY-2024,
OPTSTK,BAJAJFINSV,30-May-2024,1680.0,PE,75.0,80.4,66.35,79.65,85.2,44,385.47,75500,1000,06-MAY-2024,
OPTSTK,BAJAJFINSV,30-May-2024,1700.0,PE,79.7,96.2,78.15,95.4,95.4,54,483.38,238500,-4000,06-MAY-2024,
OPTSTK,BAJAJFINSV,30-May-2024,1720.0,PE,101.45,101.45,100.05,100.05,115.3,2,18.2,16500,500,06-MAY-2024,
OPTSTK,BAJAJFINSV,30-May-2024,1740.0,PE,113.35,127.5,113.35,127.5,127.5,2,18.6,106000,0,06-MAY-2024,
OPTSTK,BAJAJFINSV,30-May-2024,1760.0,PE,131.95,132.6,131.95,132.6,148.8,2,18.92,27000,-500,06-MAY-2024,
OPTSTK,BAJAJFINSV,30-May-2024,1780.0,PE,144.0,144.0,143.95,143.95,166.55,2,19.23,16000,500,06-MAY-2024,
OPTSTK,BAJAJFINSV,30-May-2024,1800.0,PE,0.0,0.0,0.0,139.95,184.8,0,0.0,27000,0,06-MAY-2024,
OPTSTK,BAJAJFINSV,30-May-2024,1820.0,PE,0.0,0.0,0.0,130.3,203.45,0,0.0,9500,0,06-MAY-2024,
OPTSTK,BAJAJFINSV,30-May-2024,1840.0,PE,205.7,211.6,205.7,209.1,222.45,11,112.6,21000,5000,06-MAY-2024,
OPTSTK,BAJAJFINSV,30-May-2024,1860.0,PE,0.0,0.0,0.0,188.0,241.65,0,0.0,3000,0,06-MAY-2024,
OPTSTK,BAJAJFINSV,30-May-2024,1880.0,PE,0.0,0.0,0.0,273.3,261.1,0,0.0,0,0,06-MAY-2024,
OPTSTK,BAJAJFINSV,30-May-2024,1900.0,PE,0.0,0.0,0.0,246.5,280.65,0,0.0,0,0,06-MAY-2024,
OPTSTK,BAJAJFINSV,30-May-2024,1920.0,PE,0.0,0.0,0.0,307.55,300.3,0,0.0,0,0,06-MAY-2024,
OPTSTK,BAJAJFINSV,30-May-2024,1940.0,PE,0.0,0.0,0.0,281.95,320.05,0,0.0,0,0,06-MAY-2024,
OPTSTK,BAJAJFINSV,30-May-2024,1960.0,PE,0.0,0.0,0.0,267.15,339.85,0,0.0,66500,0,06-MAY-2024,
OPTSTK,BAJAJFINSV,27-Jun-2024,1360.0,CE,0.0,0.0,0.0,315.05,268.8,0,0.0,0,0,06-MAY-2024,
OPTSTK,BAJAJFINSV,27-Jun-2024,1400.0,CE,0.0,0.0,0.0,279.7,232.15,0,0.0,0,0,06-MAY-2024,
OPTSTK,BAJAJFINSV,27-Jun-2024,1440.0,CE,0.0,0.0,0.0,245.95,197.2,0,0.0,0,0,06-MAY-2024,
OPTSTK,BAJAJFINSV,27-Jun-2024,1460.0,CE,0.0,0.0,0.0,225.5,180.55,0,0.0,0,0,06-MAY-2024,
OPTSTK,BAJAJFINSV,27-Jun-2024,1480.0,CE,0.0,0.0,0.0,214.05,164.55,0,0.0,0,0,06-MAY-2024,
OPTSTK,BAJAJFINSV,27-Jun-2024,1500.0,CE,0.0,0.0,0.0,199.0,149.2,0,0.0,500,0,06-MAY-2024,
OPTSTK,BAJAJFINSV,27-Jun-2024,1520.0,CE,0.0,0.0,0.0,184.35,134.65,0,0.0,0,0,06-MAY-2024,
OPTSTK,BAJAJFINSV,27-Jun-2024,1540.0,CE,0.0,0.0,0.0,162.05,120.85,0,0.0,0,0,06-MAY-2024,
OPTSTK,BAJAJFINSV,27-Jun-2024,1560.0,CE,0.0,0.0,0.0,156.95,107.9,0,0.0,0,0,06-MAY-2024,
OPTSTK,BAJAJFINSV,27-Jun-2024,1580.0,CE,0.0,0.0,0.0,134.15,95.85,0,0.0,0,0,06-MAY-2024,
OPTSTK,BAJAJFINSV,27-Jun-2024,1600.0,CE,0.0,0.0,0.0,113.3,84.7,0,0.0,3500,0,06-MAY-2024,
OPTSTK,BAJAJFINSV,27-Jun-2024,1620.0,CE,0.0,0.0,0.0,140.0,74.4,0,0.0,1000,0,06-MAY-2024,
OPTSTK,BAJAJFINSV,27-Jun-2024,1640.0,CE,0.0,0.0,0.0,110.05,65.05,0,0.0,0,0,06-MAY-2024,
OPTSTK,BAJAJFINSV,27-Jun-2024,1660.0,CE,0.0,0.0,0.0,87.65,56.5,0,0.0,0,0,06-MAY-2024,
OPTSTK,BAJAJFINSV,27-Jun-2024,1680.0,CE,0.0,0.0,0.0,90.6,48.85,0,0.0,0,0,06-MAY-2024,
OPTSTK,BAJAJFINSV,27-Jun-2024,1700.0,CE,56.35,59.05,55.95,55.95,55.95,11,96.64,17500,2000,06-MAY-2024,
OPTSTK,BAJAJFINSV,27-Jun-2024,1720.0,CE,0.0,0.0,0.0,50.0,35.9,0,0.0,1500,0,06-MAY-2024,
OPTSTK,BAJAJFINSV,27-Jun-2024,1740.0,CE,0.0,0.0,0.0,53.55,30.5,0,0.0,0,0,06-MAY-2024,
OPTSTK,BAJAJFINSV,27-Jun-2024,1760.0,CE,0.0,0.0,0.0,40.0,25.9,0,0.0,8000,0,06-MAY-2024,
OPTSTK,BAJAJFINSV,27-Jun-2024,1780.0,CE,0.0,0.0,0.0,40.85,21.75,0,0.0,0,0,06-MAY-2024,
OPTSTK,BAJAJFINSV,27-Jun-2024,1800.0,CE,28.0,35.8,25.7,28.0,18.2,32,292.53,22000,7500,06-MAY-2024,
OPTSTK,BAJAJFINSV,27-Jun-2024,1820.0,CE,22.0,23.0,22.0,23.0,15.15,2,18.42,1000,1000,06-MAY-2024,
OPTSTK,BAJAJFINSV,27-Jun-2024,1840.0,CE,0.0,0.0,0.0,37.4,12.55,0,0.0,0,0,06-MAY-2024,
OPTSTK,BAJAJFINSV,27-Jun-2024,1860.0,CE,0.0,0.0,0.0,22.7,10.35,0,0.0,0,0,06-MAY-2024,
OPTSTK,BAJAJFINSV,27-Jun-2024,1880.0,CE,0.0,0.0,0.0,29.15,8.5,0,0.0,0,0,06-MAY-2024,
OPTSTK,BAJAJFINSV,27-Jun-2024,1900.0,CE,0.0,0.0,0.0,16.5,6.9,0,0.0,0,0,06-MAY-2024,
OPTSTK,BAJAJFINSV,27-Jun-2024,1920.0,CE,0.0,0.0,0.0,22.5,5.6,0,0.0,0,0,06-MAY-2024,
OPTSTK,BAJAJFINSV,27-Jun-2024,1940.0,CE,0.0,0.0,0.0,11.8,4.55,0,0.0,0,0,06-MAY-2024,
OPTSTK,BAJAJFINSV,27-Jun-2024,1360.0,PE,0.0,0.0,0.0,6.9,3.45,0,0.0,0,0,06-MAY-2024,
OPTSTK,BAJAJFINSV,27-Jun-2024,1400.0,PE,0.0,0.0,0.0,10.85,6.35,0,0.0,0,0,06-MAY-2024,
OPTSTK,BAJAJFINSV,27-Jun-2024,1440.0,PE,0.0,0.0,0.0,16.35,11.0,0,0.0,0,0,06-MAY-2024,
OPTSTK,BAJAJFINSV,27-Jun-2024,1460.0,PE,0.0,0.0,0.0,11.65,14.15,0,0.0,0,0,06-MAY-2024,
OPTSTK,BAJAJFINSV,27-Jun-2024,1480.0,PE,0.0,0.0,0.0,23.75,17.95,0,0.0,0,0,06-MAY-2024,
OPTSTK,BAJAJFINSV,27-Jun-2024,1500.0,PE,22.0,34.95,19.05,32.65,32.65,21,160.39,24000,7500,06-MAY-2024,
OPTSTK,BAJAJFINSV,27-Jun-2024,1520.0,PE,0.0,0.0,0.0,28.0,27.65,0,0.0,3500,0,06-MAY-2024,
OPTSTK,BAJAJFINSV,27-Jun-2024,1540.0,PE,0.0,0.0,0.0,27.2,33.6,0,0.0,0,0,06-MAY-2024,
OPTSTK,BAJAJFINSV,27-Jun-2024,1560.0,PE,40.0,40.0,40.0,40.0,40.5,1,8.0,1500,500,06-MAY-2024,
OPTSTK,BAJAJFINSV,27-Jun-2024,1580.0,PE,0.0,0.0,0.0,40.0,48.2,0,0.0,1500,0,06-MAY-2024,
OPTSTK,BAJAJFINSV,27-Jun-2024,1600.0,PE,53.5,71.95,53.5,68.05,68.05,41,340.73,44000,7500,06-MAY-2024,
OPTSTK,BAJAJFINSV,27-Jun-2024,1620.0,PE,0.0,0.0,0.0,50.0,66.35,0,0.0,500,0,06-MAY-2024,
OPTSTK,BAJAJFINSV,27-Jun-2024,1640.0,PE,0.0,0.0,0.0,76.9,76.8,0,0.0,0,0,06-MAY-2024,
OPTSTK,BAJAJFINSV,27-Jun-2024,1660.0,PE,0.0,0.0,0.0,80.0,88.05,0,0.0,500,0,06-MAY-2024,
OPTSTK,BAJAJFINSV,27-Jun-2024,1680.0,PE,0.0,0.0,0.0,96.75,100.2,0,0.0,0,0,06-MAY-2024,
OPTSTK,BAJAJFINSV,27-Jun-2024,1700.0,PE,0.0,0.0,0.0,65.0,113.1,0,0.0,500,0,06-MAY-2024,
OPTSTK,BAJAJFINSV,27-Jun-2024,1720.0,PE,0.0,0.0,0.0,119.2,126.8,0,0.0,0,0,06-MAY-2024,
OPTSTK,BAJAJFINSV,27-Jun-2024,1740.0,PE,0.0,0.0,0.0,116.2,141.25,0,0.0,0,0,06-MAY-2024,
OPTSTK,BAJAJFINSV,27-Jun-2024,1760.0,PE,0.0,0.0,0.0,144.1,156.4,0,0.0,0,0,06-MAY-2024,
OPTSTK,BAJAJFINSV,27-Jun-2024,1780.0,PE,0.0,0.0,0.0,143.0,172.05,0,0.0,0,0,06-MAY-2024,
OPTSTK,BAJAJFINSV,27-Jun-2024,1800.0,PE,0.0,0.0,0.0,171.3,188.3,0,0.0,0,0,06-MAY-2024,
OPTSTK,BAJAJFINSV,27-Jun-2024,1820.0,PE,0.0,0.0,0.0,172.4,205.05,0,0.0,0,0,06-MAY-2024,
OPTSTK,BAJAJFINSV,27-Jun-2024,1840.0,PE,0.0,0.0,0.0,200.65,222.25,0,0.0,0,0,06-MAY-2024,
OPTSTK,BAJAJFINSV,27-Jun-2024,1860.0,PE,0.0,0.0,0.0,203.8,239.85,0,0.0,0,0,06-MAY-2024,
OPTSTK,BAJAJFINSV,27-Jun-2024,1880.0,PE,0.0,0.0,0.0,231.7,257.75,0,0.0,0,0,06-MAY-2024,
OPTSTK,BAJAJFINSV,27-Jun-2024,1900.0,PE,0.0,0.0,0.0,237.1,276.0,0,0.0,0,0,06-MAY-2024,
OPTSTK,BAJAJFINSV,27-Jun-2024,1920.0,PE,0.0,0.0,0.0,264.35,294.5,0,0.0,0,0,06-MAY-2024,
OPTSTK,BAJAJFINSV,27-Jun-2024,1940.0,PE,0.0,0.0,0.0,271.95,313.2,0,0.0,0,0,06-MAY-2024,
OPTSTK,BAJAJFINSV,25-Jul-2024,1360.0,CE,0.0,0.0,0.0,326.7,280.8,0,0.0,0,0,06-MAY-2024,
OPTSTK,BAJAJFINSV,25-Jul-2024,1440.0,CE,0.0,0.0,0.0,257.15,213.2,0,0.0,0,0,06-MAY-2024,
OPTSTK,BAJAJFINSV,25-Jul-2024,1480.0,CE,0.0,0.0,0.0,224.9,182.5,0,0.0,0,0,06-MAY-2024,
OPTSTK,BAJAJFINSV,25-Jul-2024,1520.0,CE,0.0,0.0,0.0,194.75,154.2,0,0.0,0,0,06-MAY-2024,
OPTSTK,BAJAJFINSV,25-Jul-2024,1560.0,CE,0.0,0.0,0.0,166.8,128.65,0,0.0,0,0,06-MAY-2024,
OPTSTK,BAJAJFINSV,25-Jul-2024,1600.0,CE,0.0,0.0,0.0,141.4,105.95,0,0.0,0,0,06-MAY-2024,
OPTSTK,BAJAJFINSV,25-Jul-2024,1640.0,CE,0.0,0.0,0.0,118.6,86.1,0,0.0,0,0,06-MAY-2024,
OPTSTK,BAJAJFINSV,25-Jul-2024,1680.0,CE,0.0,0.0,0.0,98.4,69.1,0,0.0,0,0,06-MAY-2024,
OPTSTK,BAJAJFINSV,25-Jul-2024,1720.0,CE,0.0,0.0,0.0,80.8,54.7,0,0.0,0,0,06-MAY-2024,
OPTSTK,BAJAJFINSV,25-Jul-2024,1760.0,CE,0.0,0.0,0.0,65.65,42.75,0,0.0,0,0,06-MAY-2024,
OPTSTK,BAJAJFINSV,25-Jul-2024,1800.0,CE,0.0,0.0,0.0,52.75,33.1,0,0.0,0,0,06-MAY-2024,
OPTSTK,BAJAJFINSV,25-Jul-2024,1840.0,CE,0.0,0.0,0.0,42.05,25.2,0,0.0,0,0,06-MAY-2024,
OPTSTK,BAJAJFINSV,25-Jul-2024,1880.0,CE,0.0,0.0,0.0,33.15,19.0,0,0.0,0,0,06-MAY-2024,
OPTSTK,BAJAJFINSV,25-Jul-2024,1920.0,CE,0.0,0.0,0.0,25.85,14.15,0,0.0,0,0,06-MAY-2024,
OPTSTK,BAJAJFINSV,25-Jul-2024,1360.0,PE,0.0,0.0,0.0,6.6,7.95,0,0.0,0,0,06-MAY-2024,
OPTSTK,BAJAJFINSV,25-Jul-2024,1440.0,PE,0.0,0.0,0.0,15.6,19.1,0,0.0,0,0,06-MAY-2024,
OPTSTK,BAJAJFINSV,25-Jul-2024,1480.0,PE,0.0,0.0,0.0,22.6,27.75,0,0.0,0,0,06-MAY-2024,
OPTSTK,BAJAJFINSV,25-Jul-2024,1520.0,PE,0.0,0.0,0.0,22.0,38.85,0,0.0,1000,0,06-MAY-2024,
OPTSTK,BAJAJFINSV,25-Jul-2024,1560.0,PE,0.0,0.0,0.0,43.05,52.65,0,0.0,0,0,06-MAY-2024,
OPTSTK,BAJAJFINSV,25-Jul-2024,1600.0,PE,0.0,0.0,0.0,56.95,69.35,0,0.0,0,0,06-MAY-2024,
OPTSTK,BAJAJFINSV,25-Jul-2024,1640.0,PE,0.0,0.0,0.0,73.45,88.85,0,0.0,0,0,06-MAY-2024,
OPTSTK,BAJAJFINSV,25-Jul-2024,1680.0,PE,0.0,0.0,0.0,92.5,111.15,0,0.0,0,0,06-MAY-2024,
OPTSTK,BAJAJFINSV,25-Jul-2024,1720.0,PE,0.0,0.0,0.0,114.2,136.15,0,0.0,0,0,06-MAY-2024,
OPTSTK,BAJAJFINSV,25-Jul-2024,1760.0,PE,0.0,0.0,0.0,138.3,163.6,0,0.0,0,0,06-MAY-2024,
OPTSTK,BAJAJFINSV,25-Jul-2024,1800.0,PE,0.0,0.0,0.0,164.7,193.3,0,0.0,0,0,06-MAY-2024,
OPTSTK,BAJAJFINSV,25-Jul-2024,1840.0,PE,0.0,0.0,0.0,193.3,224.8,0,0.0,0,0,06-MAY-2024,
OPTSTK,BAJAJFINSV,25-Jul-2024,1880.0,PE,0.0,0.0,0.0,223.6,257.95,0,0.0,0,0,06-MAY-2024,
OPTSTK,BAJAJFINSV,25-Jul-2024,1920.0,PE,0.0,0.0,0.0,255.65,292.45,0,0.0,0,0,06-MAY-2024,
OPTSTK,BAJFINANCE,30-May-2024,5700.0,CE,0.0,0.0,0.0,985.85,1188.2,0,0.0,0,0,06-MAY-2024,
OPTSTK,BAJFINANCE,30-May-2024,5800.0,CE,0.0,0.0,0.0,908.05,1090.3,0,0.0,0,0,06-MAY-2024,
OPTSTK,BAJFINANCE,30-May-2024,5900.0,CE,0.0,0.0,0.0,833.7,993.5,0,0.0,0,0,06-MAY-2024,
OPTSTK,BAJFINANCE,30-May-2024,6000.0,CE,0.0,0.0,0.0,998.0,898.2,0,0.0,3250,0,06-MAY-2024,
OPTSTK,BAJFINANCE,30-May-2024,6100.0,CE,0.0,0.0,0.0,694.6,805.05,0,0.0,0,0,06-MAY-2024,
OPTSTK,BAJFINANCE,30-May-2024,6150.0,CE,0.0,0.0,0.0,1201.35,759.5,0,0.0,0,0,06-MAY-2024,
OPTSTK,BAJFINANCE,30-May-2024,6200.0,CE,810.2,810.2,810.2,810.2,714.75,1,8.76,1375,0,06-MAY-2024,
OPTSTK,BAJFINANCE,30-May-2024,6250.0,CE,0.0,0.0,0.0,709.35,670.9,0,0.0,0,0,06-MAY-2024,
OPTSTK,BAJFINANCE,30-May-2024,6300.0,CE,677.9,677.9,677.9,677.9,628.05,1,8.72,250,125,06-MAY-2024,
OPTSTK,BAJFINANCE,30-May-2024,6350.0,CE,0.0,0.0,0.0,603.15,586.3,0,0.0,1500,0,06-MAY-2024,
OPTSTK,BAJFINANCE,30-May-2024,6400.0,CE,592.85,605.0,550.6,553.85,553.85,20,174.41,5625,-125,06-MAY-2024,
OPTSTK,BAJFINANCE,30-May-2024,6450.0,CE,0.0,0.0,0.0,496.5,506.5,0,0.0,1375,0,06-MAY-2024,
OPTSTK,BAJFINANCE,30-May-2024,6500.0,CE,549.7,553.15,460.0,473.65,473.65,123,1076.56,24000,4250,06-MAY-2024,
OPTSTK,BAJFINANCE,30-May-2024,6550.0,CE,0.0,0.0,0.0,436.3,432.15,0,0.0,2625,0,06-MAY-2024,
OPTSTK,BAJFINANCE,30-May-2024,6600.0,CE,474.0,474.0,391.55,392.45,392.45,36,316.25,11875,1000,06-MAY-2024,
OPTSTK,BAJFINANCE,30-May-2024,6650.0,CE,394.1,417.95,358.5,358.5,358.5,6,52.83,7625,500,06-MAY-2024,
OPTSTK,BAJFINANCE,30-May-2024,6700.0,CE,388.0,400.0,304.95,319.0,319.0,108,951.03,50625,625,06-MAY-2024,
OPTSTK,BAJFINANCE,30-May-2024,6750.0,CE,347.9,354.4,283.2,291.6,291.6,40,352.65,46125,1375,06-MAY-2024,
OPTSTK,BAJFINANCE,30-May-2024,6800.0,CE,350.0,350.0,249.05,258.85,258.85,840,7442.61,117875,5000,06-MAY-2024,
OPTSTK,BAJFINANCE,30-May-2024,6850.0,CE,290.15,298.65,222.3,230.7,230.7,396,3513.88,44375,7875,06-MAY-2024,
OPTSTK,BAJFINANCE,30-May-2024,6900.0,CE,299.95,299.95,195.55,204.3,204.3,3540,31559.49,207375,55125,06-MAY-2024,
OPTSTK,BAJFINANCE,30-May-2024,6950.0,CE,269.95,270.0,171.8,179.7,179.7,2165,19388.28,124750,27375,06-MAY-2024,
OPTSTK,BAJFINANCE,30-May-2024,7000.0,CE,237.35,240.75,150.65,157.6,157.6,10985,98673.75,733875,134375,06-MAY-2024,
OPTSTK,BAJFINANCE,30-May-2024,7050.0,CE,202.35,207.05,131.85,137.75,137.75,1621,14616.7,75000,-3500,06-MAY-2024,
OPTSTK,BAJFINANCE,30-May-2024,7100.0,CE,187.45,188.95,114.55,119.85,119.85,5085,46037.84,366875,25125,06-MAY-2024,
OPTSTK,BAJFINANCE,30-May-2024,7150.0,CE,150.45,155.85,99.25,104.25,104.25,971,8828.25,81875,13250,06-MAY-2024,
OPTSTK,BAJFINANCE,30-May-2024,7200.0,CE,135.0,149.9,86.3,90.75,90.75,8370,76458.93,585125,62250,06-MAY-2024,
OPTSTK,BAJFINANCE,30-May-2024,7250.0,CE,123.2,123.2,75.9,79.65,79.65,1034,9494.63,109750,1875,06-MAY-2024,
OPTSTK,BAJFINANCE,30-May-2024,7300.0,CE,118.75,118.75,65.3,68.95,68.95,7819,72152.17,769875,44875,06-MAY-2024,
OPTSTK,BAJFINANCE,30-May-2024,7350.0,CE,94.0,94.0,57.35,60.35,60.35,1178,10929.9,167625,-18875,06-MAY-2024,
OPTSTK,BAJFINANCE,30-May-2024,7400.0,CE,88.1,94.0,49.5,53.0,53.0,6585,61426.38,682625,-32125,06-MAY-2024,
OPTSTK,BAJFINANCE,30-May-2024,7450.0,CE,71.95,71.95,43.2,46.45,46.45,852,7993.24,79125,1125,06-MAY-2024,
OPTSTK,BAJFINANCE,30-May-2024,7500.0,CE,69.0,70.0,37.7,40.6,40.6,9642,90976.93,1142000,14000,06-MAY-2024,
OPTSTK,BAJFINANCE,30-May-2024,7550.0,CE,58.05,60.4,33.1,35.75,35.75,772,7325.53,75875,6500,06-MAY-2024,
OPTSTK,BAJFINANCE,30-May-2024,7600.0,CE,64.75,64.75,28.95,31.25,31.25,4717,45023.5,355375,14125,06-MAY-2024,
OPTSTK,BAJFINANCE,30-May-2024,7650.0,CE,45.05,45.05,25.5,27.7,27.7,733,7038.48,48750,1125,06-MAY-2024,
OPTSTK,BAJFINANCE,30-May-2024,7700.0,CE,41.85,41.85,22.7,24.5,24.5,2123,20508.81,310375,-18125,06-MAY-2024,
OPTSTK,BAJFINANCE,30-May-2024,7750.0,CE,33.85,33.85,20.6,22.15,22.15,407,3956.35,35375,-6375,06-MAY-2024,
OPTSTK,BAJFINANCE,30-May-2024,7800.0,CE,32.05,32.05,18.1,19.75,19.75,2709,26489.13,297625,1125,06-MAY-2024,
OPTSTK,BAJFINANCE,30-May-2024,7850.0,CE,26.25,26.4,16.75,17.95,17.95,287,2823.6,31500,2125,06-MAY-2024,
OPTSTK,BAJFINANCE,30-May-2024,7900.0,CE,24.45,26.0,14.85,16.05,16.05,1264,12511.37,128875,-9250,06-MAY-2024,
OPTSTK,BAJFINANCE,30-May-2024,7950.0,CE,21.8,21.8,13.7,14.65,14.65,304,3027.31,21875,-2250,06-MAY-2024,
OPTSTK,BAJFINANCE,30-May-2024,8000.0,CE,19.85,23.05,12.7,13.5,13.5,5941,59525.38,1067250,53625,06-MAY-2024,
OPTSTK,BAJFINANCE,30-May-2024,8050.0,CE,17.0,17.0,11.1,12.5,12.5,84,846.73,15375,-500,06-MAY-2024,
OPTSTK,BAJFINANCE,30-May-2024,8100.0,CE,16.5,17.15,10.2,10.85,10.85,1077,10921.05,107875,-3000,06-MAY-2024,
OPTSTK,BAJFINANCE,30-May-2024,8150.0,CE,14.0,14.0,9.75,9.75,9.75,31,316.26,3250,-250,06-MAY-2024,
OPTSTK,BAJFINANCE,30-May-2024,8200.0,CE,15.0,15.0,8.55,9.3,9.3,1330,13649.76,113375,-7250,06-MAY-2024,
OPTSTK,BAJFINANCE,30-May-2024,8250.0,CE,12.5,14.55,8.25,8.8,8.8,41,423.4,3250,2250,06-MAY-2024,
OPTSTK,BAJFINANCE,30-May-2024,8300.0,CE,12.15,12.15,6.3,7.65,7.65,2818,29265.9,259875,-97375,06-MAY-2024,
OPTSTK,BAJFINANCE,30-May-2024,8350.0,CE,10.45,12.95,6.5,6.6,6.6,96,1003.01,12750,0,06-MAY-2024,
OPTSTK,BAJFINANCE,30-May-2024,5700.0,PE,6.45,6.9,4.65,6.35,6.35,85,606.25,10125,1750,06-MAY-2024,
OPTSTK,BAJFINANCE,30-May-2024,5800.0,PE,8.1,9.1,4.4,8.4,8.4,465,3375.51,82625,8500,06-MAY-2024,
OPTSTK,BAJFINANCE,30-May-2024,5900.0,PE,10.45,13.0,8.1,11.8,11.8,502,3708.55,48375,13375,06-MAY-2024,
OPTSTK,BAJFINANCE,30-May-2024,6000.0,PE,13.95,18.25,8.25,17.25,17.25,1475,11089.36,187125,-500,06-MAY-2024,
OPTSTK,BAJFINANCE,30-May-2024,6050.0,PE,15.75,20.4,13.0,20.05,20.05,72,545.94,4625,1125,06-MAY-2024,
OPTSTK,BAJFINANCE,30-May-2024,6100.0,PE,15.6,24.85,15.6,23.6,23.6,724,5538.39,60625,14875,06-MAY-2024,
OPTSTK,BAJFINANCE,30-May-2024,6150.0,PE,20.35,28.5,18.2,27.65,27.65,210,1620.18,10750,-250,06-MAY-2024,
OPTSTK,BAJFINANCE,30-May-2024,6200.0,PE,23.85,33.8,20.4,31.65,31.65,1320,10273.9,157500,21375,06-MAY-2024,
OPTSTK,BAJFINANCE,30-May-2024,6250.0,PE,26.85,39.35,24.5,37.3,37.3,311,2441.6,20125,1375,06-MAY-2024,
OPTSTK,BAJFINANCE,30-May-2024,6300.0,PE,29.8,45.7,27.65,42.95,42.95,2616,20716.39,206125,7500,06-MAY-2024,
OPTSTK,BAJFINANCE,30-May-2024,6350.0,PE,35.35,51.95,32.8,50.05,50.05,264,2109.03,15500,500,06-MAY-2024,
OPTSTK,BAJFINANCE,30-May-2024,6400.0,PE,37.0,61.65,37.0,57.75,57.75,1230,9915.04,145125,15000,06-MAY-2024,
OPTSTK,BAJFINANCE,30-May-2024,6450.0,PE,47.25,70.0,43.4,65.95,65.95,411,3341.72,30125,8625,06-MAY-2024,
OPTSTK,BAJFINANCE,30-May-2024,6500.0,PE,59.75,80.25,50.0,75.9,75.9,3583,29391.21,413750,-3375,06-MAY-2024,
OPTSTK,BAJFINANCE,30-May-2024,6550.0,PE,54.4,91.5,54.4,87.1,87.1,346,2864.35,44125,-1125,06-MAY-2024,
OPTSTK,BAJFINANCE,30-May-2024,6600.0,PE,65.0,104.75,64.95,98.55,98.55,2961,24753.14,251375,116000,06-MAY-2024,
OPTSTK,BAJFINANCE,30-May-2024,6650.0,PE,77.65,117.05,76.85,110.9,110.9,415,3499.22,31875,375,06-MAY-2024,
OPTSTK,BAJFINANCE,30-May-2024,6700.0,PE,85.0,133.15,85.0,126.05,126.05,3003,25559.26,239000,3625,06-MAY-2024,
OPTSTK,BAJFINANCE,30-May-2024,6750.0,PE,106.0,150.0,101.2,142.2,142.2,647,5556.71,69625,7625,06-MAY-2024,
OPTSTK,BAJFINANCE,30-May-2024,6800.0,PE,114.85,170.25,110.95,160.7,160.7,4094,35518.33,334500,18250,06-MAY-2024,
OPTSTK,BAJFINANCE,30-May-2024,6850.0,PE,137.45,192.1,132.9,181.95,181.95,1242,10888.53,55375,9625,06-MAY-2024,
OPTSTK,BAJFINANCE,30-May-2024,6900.0,PE,162.0,217.25,141.4,204.65,204.65,5040,44622.86,309625,1000,06-MAY-2024,
OPTSTK,BAJFINANCE,30-May-2024,6950.0,PE,171.2,243.3,168.75,231.95,231.95,1387,12392.33,60750,9125,06-MAY-2024,
OPTSTK,BAJFINANCE,30-May-2024,7000.0,PE,197.0,270.8,184.9,258.1,258.1,3419,30888.18,401500,-9000,06-MAY-2024,
OPTSTK,BAJFINANCE,30-May-2024,7050.0,PE,217.2,300.5,215.8,289.5,289.5,243,2217.72,45625,-2000,06-MAY-2024,
OPTSTK,BAJFINANCE,30-May-2024,7100.0,PE,248.05,333.95,246.35,322.05,322.05,492,4543.67,121125,-11875,06-MAY-2024,
OPTSTK,BAJFINANCE,30-May-2024,7150.0,PE,294.05,357.8,282.35,356.8,356.8,59,551.51,34500,-1875,06-MAY-2024,
OPTSTK,BAJFINANCE,30-May-2024,7200.0,PE,317.9,404.65,309.85,390.65,390.65,263,2485.02,144875,-2500,06-MAY-2024,
OPTSTK,BAJFINANCE,30-May-2024,7250.0,PE,366.5,442.2,346.6,429.45,429.45,74,707.62,33000,-3625,06-MAY-2024,
OPTSTK,BAJFINANCE,30-May-2024,7300.0,PE,360.0,483.5,360.0,469.15,469.15,310,2997.14,151250,-19125,06-MAY-2024,
OPTSTK,BAJFINANCE,30-May-2024,7350.0,PE,432.0,497.0,412.95,492.4,530.35,61,596.02,43500,-375,06-MAY-2024,
OPTSTK,BAJFINANCE,30-May-2024,7400.0,PE,456.0,556.35,456.0,556.35,556.35,48,473.9,68500,1250,06-MAY-2024,
OPTSTK,BAJFINANCE,30-May-2024,7450.0,PE,511.0,511.0,511.0,511.0,611.5,1,9.95,17750,125,06-MAY-2024,
OPTSTK,BAJFINANCE,30-May-2024,7500.0,PE,550.0,650.0,538.5,643.75,643.75,58,585.73,69000,-125,06-MAY-2024,
OPTSTK,BAJFINANCE,30-May-2024,7550.0,PE,0.0,0.0,0.0,617.15,696.6,0,0.0,11250,0,06-MAY-2024,
OPTSTK,BAJFINANCE,30-May-2024,7600.0,PE,645.0,699.55,645.0,691.05,740.4,5,51.76,16875,625,06-MAY-2024,
OPTSTK,BAJFINANCE,30-May-2024,7650.0,PE,694.8,694.8,694.8,694.8,785.0,1,10.43,14250,125,06-MAY-2024,
OPTSTK,BAJFINANCE,30-May-2024,7700.0,PE,730.0,735.1,730.0,735.1,830.25,3,31.62,15250,250,06-MAY-2024,
OPTSTK,BAJFINANCE,30-May-2024,7750.0,PE,0.0,0.0,0.0,705.9,876.05,0,0.0,375,0,06-MAY-2024,
OPTSTK,BAJFINANCE,30-May-2024,7800.0,PE,809.8,809.8,808.35,808.35,922.45,3,32.28,23250,375,06-MAY-2024,
OPTSTK,BAJFINANCE,30-May-2024,7850.0,PE,0.0,0.0,0.0,775.45,969.3,0,0.0,1875,0,06-MAY-2024,
OPTSTK,BAJFINANCE,30-May-2024,7900.0,PE,0.0,0.0,0.0,700.0,1016.6,0,0.0,7750,0,06-MAY-2024,
OPTSTK,BAJFINANCE,30-May-2024,7950.0,PE,0.0,0.0,0.0,758.3,1064.2,0,0.0,0,0,06-MAY-2024,
OPTSTK,BAJFINANCE,30-May-2024,8000.0,PE,1011.25,1057.3,1011.25,1018.0,1112.2,3,33.85,41125,125,06-MAY-2024,
OPTSTK,BAJFINANCE,30-May-2024,8050.0,PE,0.0,0.0,0.0,834.55,1160.4,0,0.0,0,0,06-MAY-2024,
OPTSTK,BAJFINANCE,30-May-2024,8100.0,PE,0.0,0.0,0.0,718.85,1208.9,0,0.0,1000,0,06-MAY-2024,
OPTSTK,BAJFINANCE,30-May-2024,8150.0,PE,0.0,0.0,0.0,913.8,1257.6,0,0.0,0,0,06-MAY-2024,
OPTSTK,BAJFINANCE,30-May-2024,8200.0,PE,0.0,0.0,0.0,844.3,1306.45,0,0.0,0,0,06-MAY-2024,
OPTSTK,BAJFINANCE,30-May-2024,8250.0,PE,0.0,0.0,0.0,995.6,1355.45,0,0.0,0,0,06-MAY-2024,
OPTSTK,BAJFINANCE,30-May-2024,8300.0,PE,0.0,0.0,0.0,1535.0,1404.6,0,0.0,250,0,06-MAY-2024,
OPTSTK,BAJFINANCE,30-May-2024,8350.0,PE,0.0,0.0,0.0,1079.75,1453.85,0,0.0,0,0,06-MAY-2024,
OPTSTK,BAJFINANCE,27-Jun-2024,5700.0,CE,0.0,0.0,0.0,1665.45,1236.5,0,0.0,0,0,06-MAY-2024,
OPTSTK,BAJFINANCE,27-Jun-2024,5800.0,CE,0.0,0.0,0.0,1573.15,1144.65,0,0.0,0,0,06-MAY-2024,
OPTSTK,BAJFINANCE,27-Jun-2024,5900.0,CE,0.0,0.0,0.0,1482.25,1054.9,0,0.0,0,0,06-MAY-2024,
OPTSTK,BAJFINANCE,27-Jun-2024,6000.0,CE,0.0,0.0,0.0,1393.05,967.6,0,0.0,0,0,06-MAY-2024,
OPTSTK,BAJFINANCE,27-Jun-2024,6100.0,CE,0.0,0.0,0.0,1305.75,883.2,0,0.0,0,0,06-MAY-2024,
OPTSTK,BAJFINANCE,27-Jun-2024,6150.0,CE,0.0,0.0,0.0,1251.8,842.2,0,0.0,0,0,06-MAY-2024,
OPTSTK,BAJFINANCE,27-Jun-2024,6200.0,CE,0.0,0.0,0.0,1220.6,802.05,0,0.0,0,0,06-MAY-2024,
OPTSTK,BAJFINANCE,27-Jun-2024,6250.0,CE,0.0,0.0,0.0,1162.65,762.8,0,0.0,0,0,06-MAY-2024,
OPTSTK,BAJFINANCE,27-Jun-2024,6300.0,CE,0.0,0.0,0.0,1137.75,724.55,0,0.0,0,0,06-MAY-2024,
OPTSTK,BAJFINANCE,27-Jun-2024,6350.0,CE,0.0,0.0,0.0,1075.85,687.45,0,0.0,0,0,06-MAY-2024,
OPTSTK,BAJFINANCE,27-Jun-2024,6400.0,CE,0.0,0.0,0.0,1057.45,651.1,0,0.0,0,0,06-MAY-2024,
OPTSTK,BAJFINANCE,27-Jun-2024,6450.0,CE,0.0,0.0,0.0,991.6,615.55,0,0.0,0,0,06-MAY-2024,
OPTSTK,BAJFINANCE,27-Jun-2024,6500.0,CE,652.0,660.0,644.2,660.0,581.45,6,53.61,1875,625,06-MAY-2024,
OPTSTK,BAJFINANCE,27-Jun-2024,6550.0,CE,0.0,0.0,0.0,910.25,548.4,0,0.0,0,0,06-MAY-2024,
OPTSTK,BAJFINANCE,27-Jun-2024,6600.0,CE,0.0,0.0,0.0,649.0,516.55,0,0.0,125,0,06-MAY-2024,
OPTSTK,BAJFINANCE,27-Jun-2024,6650.0,CE,0.0,0.0,0.0,832.1,485.8,0,0.0,0,0,06-MAY-2024,
OPTSTK,BAJFINANCE,27-Jun-2024,6700.0,CE,0.0,0.0,0.0,550.0,456.25,0,0.0,750,0,06-MAY-2024,
OPTSTK,BAJFINANCE,27-Jun-2024,6750.0,CE,0.0,0.0,0.0,757.6,427.85,0,0.0,0,0,06-MAY-2024,
OPTSTK,BAJFINANCE,27-Jun-2024,6800.0,CE,478.75,502.7,426.4,437.55,400.65,9,81.62,7625,125,06-MAY-2024,
OPTSTK,BAJFINANCE,27-Jun-2024,6850.0,CE,385.45,385.45,385.45,385.45,374.65,1,9.04,125,0,06-MAY-2024,
OPTSTK,BAJFINANCE,27-Jun-2024,6900.0,CE,421.9,437.0,385.0,388.2,388.2,15,136.99,4750,250,06-MAY-2024,
OPTSTK,BAJFINANCE,27-Jun-2024,6950.0,CE,395.3,395.3,371.0,371.0,326.05,4,36.64,250,0,06-MAY-2024,
OPTSTK,BAJFINANCE,27-Jun-2024,7000.0,CE,543.6,543.6,335.35,341.05,341.05,326,3003.75,59625,13500,06-MAY-2024,
OPTSTK,BAJFINANCE,27-Jun-2024,7050.0,CE,0.0,0.0,0.0,556.05,282.15,0,0.0,0,0,06-MAY-2024,
OPTSTK,BAJFINANCE,27-Jun-2024,7100.0,CE,339.9,339.9,327.65,327.65,261.9,2,18.58,250,-125,06-MAY-2024,
OPTSTK,BAJFINANCE,27-Jun-2024,7150.0,CE,0.0,0.0,0.0,497.15,242.75,0,0.0,0,0,06-MAY-2024,
OPTSTK,BAJFINANCE,27-Jun-2024,7200.0,CE,300.0,300.0,262.0,262.0,262.0,9,84.2,10875,-250,06-MAY-2024,
OPTSTK,BAJFINANCE,27-Jun-2024,7250.0,CE,0.0,0.0,0.0,442.45,207.6,0,0.0,0,0,06-MAY-2024,
OPTSTK,BAJFINANCE,27-Jun-2024,7300.0,CE,235.0,235.0,235.0,235.0,191.55,2,18.83,2750,250,06-MAY-2024,
OPTSTK,BAJFINANCE,27-Jun-2024,7350.0,CE,0.0,0.0,0.0,220.1,176.5,0,0.0,875,0,06-MAY-2024,
OPTSTK,BAJFINANCE,27-Jun-2024,7400.0,CE,0.0,0.0,0.0,218.75,162.4,0,0.0,3375,0,06-MAY-2024,
OPTSTK,BAJFINANCE,27-Jun-2024,7450.0,CE,180.0,180.0,180.0,180.0,149.2,1,9.53,125,0,06-MAY-2024,
OPTSTK,BAJFINANCE,27-Jun-2024,7500.0,CE,272.15,272.15,163.7,166.55,166.55,194,1864.17,54250,5000,06-MAY-2024,
OPTSTK,BAJFINANCE,27-Jun-2024,7550.0,CE,0.0,0.0,0.0,303.35,125.85,0,0.0,0,0,06-MAY-2024,
OPTSTK,BAJFINANCE,27-Jun-2024,7600.0,CE,163.0,170.0,163.0,170.0,114.9,2,19.41,6125,-125,06-MAY-2024,
OPTSTK,BAJFINANCE,27-Jun-2024,7650.0,CE,0.0,0.0,0.0,265.05,105.0,0,0.0,0,0,06-MAY-2024,
OPTSTK,BAJFINANCE,27-Jun-2024,7700.0,CE,0.0,0.0,0.0,309.5,95.8,0,0.0,0,0,06-MAY-2024,
OPTSTK,BAJFINANCE,27-Jun-2024,7750.0,CE,0.0,0.0,0.0,230.5,87.3,0,0.0,0,0,06-MAY-2024,
OPTSTK,BAJFINANCE,27-Jun-2024,7800.0,CE,110.0,113.55,104.95,113.55,113.55,5,49.42,1000,250,06-MAY-2024,
OPTSTK,BAJFINANCE,27-Jun-2024,7850.0,CE,0.0,0.0,0.0,199.6,72.2,0,0.0,0,0,06-MAY-2024,
OPTSTK,BAJFINANCE,27-Jun-2024,7900.0,CE,0.0,0.0,0.0,105.05,65.55,0,0.0,125,0,06-MAY-2024,
OPTSTK,BAJFINANCE,27-Jun-2024,7950.0,CE,0.0,0.0,0.0,172.0,59.4,0,0.0,0,0,06-MAY-2024,
OPTSTK,BAJFINANCE,27-Jun-2024,8000.0,CE,100.05,100.05,79.4,80.7,80.7,239,2416.16,71000,2000,06-MAY-2024,
OPTSTK,BAJFINANCE,27-Jun-2024,8050.0,CE,0.0,0.0,0.0,148.0,48.6,0,0.0,0,0,06-MAY-2024,
OPTSTK,BAJFINANCE,27-Jun-2024,8100.0,CE,0.0,0.0,0.0,191.65,43.9,0,0.0,0,0,06-MAY-2024,
OPTSTK,BAJFINANCE,27-Jun-2024,8150.0,CE,0.0,0.0,0.0,126.3,39.55,0,0.0,0,0,06-MAY-2024,
OPTSTK,BAJFINANCE,27-Jun-2024,8200.0,CE,48.0,53.95,48.0,52.0,52.0,4,41.25,375,250,06-MAY-2024,
OPTSTK,BAJFINANCE,27-Jun-2024,8250.0,CE,0.0,0.0,0.0,107.5,32.05,0,0.0,0,0,06-MAY-2024,
OPTSTK,BAJFINANCE,27-Jun-2024,8300.0,CE,0.0,0.0,0.0,148.05,28.8,0,0.0,0,0,06-MAY-2024,
OPTSTK,BAJFINANCE,27-Jun-2024,8350.0,CE,0.0,0.0,0.0,91.05,25.8,0,0.0,0,0,06-MAY-2024,
OPTSTK,BAJFINANCE,27-Jun-2024,5700.0,PE,0.0,0.0,0.0,18.3,17.85,0,0.0,0,0,06-MAY-2024,
OPTSTK,BAJFINANCE,27-Jun-2024,5800.0,PE,0.0,0.0,0.0,24.2,25.0,0,0.0,0,0,06-MAY-2024,
OPTSTK,BAJFINANCE,27-Jun-2024,5900.0,PE,0.0,0.0,0.0,31.55,34.2,0,0.0,0,0,06-MAY-2024,
OPTSTK,BAJFINANCE,27-Jun-2024,6000.0,PE,52.95,78.0,52.95,75.75,75.75,162,1228.47,34375,11125,06-MAY-2024,
OPTSTK,BAJFINANCE,27-Jun-2024,6100.0,PE,0.0,0.0,0.0,51.5,60.45,0,0.0,0,0,06-MAY-2024,
OPTSTK,BAJFINANCE,27-Jun-2024,6150.0,PE,0.0,0.0,0.0,29.8,68.95,0,0.0,0,0,06-MAY-2024,
OPTSTK,BAJFINANCE,27-Jun-2024,6200.0,PE,70.0,119.05,70.0,114.6,114.6,44,346.46,13875,2000,06-MAY-2024,
OPTSTK,BAJFINANCE,27-Jun-2024,6250.0,PE,0.0,0.0,0.0,39.4,88.55,0,0.0,0,0,06-MAY-2024,
OPTSTK,BAJFINANCE,27-Jun-2024,6300.0,PE,104.0,135.7,100.0,134.6,134.6,27,216.63,10625,1000,06-MAY-2024,
OPTSTK,BAJFINANCE,27-Jun-2024,6350.0,PE,0.0,0.0,0.0,51.3,112.15,0,0.0,0,0,06-MAY-2024,
OPTSTK,BAJFINANCE,27-Jun-2024,6400.0,PE,160.0,169.0,159.0,169.0,125.3,6,49.2,11375,750,06-MAY-2024,
OPTSTK,BAJFINANCE,27-Jun-2024,6450.0,PE,0.0,0.0,0.0,65.8,139.2,0,0.0,0,0,06-MAY-2024,
OPTSTK,BAJFINANCE,27-Jun-2024,6500.0,PE,147.45,206.55,133.2,198.65,198.65,349,2910.17,69625,13875,06-MAY-2024,
OPTSTK,BAJFINANCE,27-Jun-2024,6550.0,PE,0.0,0.0,0.0,83.2,171.05,0,0.0,0,0,06-MAY-2024,
OPTSTK,BAJFINANCE,27-Jun-2024,6600.0,PE,177.3,235.0,177.3,226.45,226.45,11,93.69,8250,125,06-MAY-2024,
OPTSTK,BAJFINANCE,27-Jun-2024,6650.0,PE,0.0,0.0,0.0,103.8,207.4,0,0.0,0,0,06-MAY-2024,
OPTSTK,BAJFINANCE,27-Jun-2024,6700.0,PE,240.0,264.95,227.2,264.95,264.95,18,156.25,4750,-125,06-MAY-2024,
OPTSTK,BAJFINANCE,27-Jun-2024,6750.0,PE,0.0,0.0,0.0,240.0,248.4,0,0.0,750,0,06-MAY-2024,
OPTSTK,BAJFINANCE,27-Jun-2024,6800.0,PE,255.4,320.7,230.0,313.95,313.95,80,710.48,21000,7250,06-MAY-2024,
OPTSTK,BAJFINANCE,27-Jun-2024,6850.0,PE,0.0,0.0,0.0,155.45,294.15,0,0.0,0,0,06-MAY-2024,
OPTSTK,BAJFINANCE,27-Jun-2024,6900.0,PE,388.4,388.4,365.35,365.35,365.35,2,18.19,1625,0,06-MAY-2024,
OPTSTK,BAJFINANCE,27-Jun-2024,6950.0,PE,0.0,0.0,0.0,187.1,344.55,0,0.0,0,0,06-MAY-2024,
OPTSTK,BAJFINANCE,27-Jun-2024,7000.0,PE,374.9,435.0,336.55,423.5,423.5,166,1532.17,66625,7000,06-MAY-2024,
OPTSTK,BAJFINANCE,27-Jun-2024,7050.0,PE,0.0,0.0,0.0,222.75,399.6,0,0.0,0,0,06-MAY-2024,
OPTSTK,BAJFINANCE,27-Jun-2024,7100.0,PE,345.95,420.0,345.95,420.0,428.85,2,18.7,1750,250,06-MAY-2024,
OPTSTK,BAJFINANCE,27-Jun-2024,7150.0,PE,0.0,0.0,0.0,262.6,459.15,0,0.0,0,0,06-MAY-2024,
OPTSTK,BAJFINANCE,27-Jun-2024,7200.0,PE,0.0,0.0,0.0,424.6,490.55,0,0.0,4750,0,06-MAY-2024,
OPTSTK,BAJFINANCE,27-Jun-2024,7250.0,PE,0.0,0.0,0.0,306.65,523.0,0,0.0,0,0,06-MAY-2024,
OPTSTK,BAJFINANCE,27-Jun-2024,7300.0,PE,0.0,0.0,0.0,290.0,556.45,0,0.0,375,0,06-MAY-2024,
OPTSTK,BAJFINANCE,27-Jun-2024,7350.0,PE,0.0,0.0,0.0,450.0,590.85,0,0.0,125,0,06-MAY-2024,
OPTSTK,BAJFINANCE,27-Jun-2024,7400.0,PE,735.0,735.0,735.0,735.0,626.25,1,10.16,1625,0,06-MAY-2024,
OPTSTK,BAJFINANCE,27-Jun-2024,7450.0,PE,0.0,0.0,0.0,407.3,662.55,0,0.0,0,0,06-MAY-2024,
OPTSTK,BAJFINANCE,27-Jun-2024,7500.0,PE,650.0,753.65,650.0,744.5,744.5,17,175.01,6000,750,06-MAY-2024,
OPTSTK,BAJFINANCE,27-Jun-2024,7550.0,PE,0.0,0.0,0.0,463.8,738.15,0,0.0,0,0,06-MAY-2024,
OPTSTK,BAJFINANCE,27-Jun-2024,7600.0,PE,0.0,0.0,0.0,565.4,776.7,0,0.0,0,0,06-MAY-2024,
OPTSTK,BAJFINANCE,27-Jun-2024,7650.0,PE,0.0,0.0,0.0,524.25,816.3,0,0.0,0,0,06-MAY-2024,
OPTSTK,BAJFINANCE,27-Jun-2024,7700.0,PE,0.0,0.0,0.0,626.6,856.6,0,0.0,0,0,06-MAY-2024,
OPTSTK,BAJFINANCE,27-Jun-2024,7750.0,PE,0.0,0.0,0.0,588.45,897.55,0,0.0,0,0,06-MAY-2024,
OPTSTK,BAJFINANCE,27-Jun-2024,7800.0,PE,0.0,0.0,0.0,690.95,939.2,0,0.0,0,0,06-MAY-2024,
OPTSTK,BAJFINANCE,27-Jun-2024,7850.0,PE,0.0,0.0,0.0,656.25,981.45,0,0.0,0,0,06-MAY-2024,
OPTSTK,BAJFINANCE,27-Jun-2024,7900.0,PE,0.0,0.0,0.0,758.3,1024.25,0,0.0,0,0,06-MAY-2024,
OPTSTK,BAJFINANCE,27-Jun-2024,7950.0,PE,0.0,0.0,0.0,727.45,1067.6,0,0.0,0,0,06-MAY-2024,
OPTSTK,BAJFINANCE,27-Jun-2024,8000.0,PE,0.0,0.0,0.0,828.45,1111.45,0,0.0,0,0,06-MAY-2024,
OPTSTK,BAJFINANCE,27-Jun-2024,8050.0,PE,0.0,0.0,0.0,802.2,1155.75,0,0.0,0,0,06-MAY-2024,
OPTSTK,BAJFINANCE,27-Jun-2024,8100.0,PE,0.0,0.0,0.0,901.6,1200.5,0,0.0,0,0,06-MAY-2024,
OPTSTK,BAJFINANCE,27-Jun-2024,8150.0,PE,0.0,0.0,0.0,879.2,1245.7,0,0.0,0,0,06-MAY-2024,
OPTSTK,BAJFINANCE,27-Jun-2024,8200.0,PE,0.0,0.0,0.0,977.05,1291.25,0,0.0,0,0,06-MAY-2024,
OPTSTK,BAJFINANCE,27-Jun-2024,8250.0,PE,0.0,0.0,0.0,959.15,1337.15,0,0.0,0,0,06-MAY-2024,
OPTSTK,BAJFINANCE,27-Jun-2024,8300.0,PE,0.0,0.0,0.0,1054.45,1383.35,0,0.0,0,0,06-MAY-2024,
OPTSTK,BAJFINANCE,27-Jun-2024,8350.0,PE,0.0,0.0,0.0,1041.5,1429.9,0,0.0,0,0,06-MAY-2024,
OPTSTK,BAJFINANCE,25-Jul-2024,5800.0,CE,0.0,0.0,0.0,1622.8,1203.85,0,0.0,0,0,06-MAY-2024,
OPTSTK,BAJFINANCE,25-Jul-2024,6000.0,CE,0.0,0.0,0.0,1442.0,1037.35,0,0.0,0,0,06-MAY-2024,
OPTSTK,BAJFINANCE,25-Jul-2024,6100.0,CE,0.0,0.0,0.0,1354.2,958.2,0,0.0,0,0,06-MAY-2024,
OPTSTK,BAJFINANCE,25-Jul-2024,6200.0,CE,0.0,0.0,0.0,1268.45,882.15,0,0.0,0,0,06-MAY-2024,
OPTSTK,BAJFINANCE,25-Jul-2024,6300.0,CE,0.0,0.0,0.0,1184.9,809.5,0,0.0,0,0,06-MAY-2024,
OPTSTK,BAJFINANCE,25-Jul-2024,6400.0,CE,0.0,0.0,0.0,1103.8,739.8,0,0.0,0,0,06-MAY-2024,
OPTSTK,BAJFINANCE,25-Jul-2024,6500.0,CE,0.0,0.0,0.0,1025.4,674.05,0,0.0,0,0,06-MAY-2024,
OPTSTK,BAJFINANCE,25-Jul-2024,6600.0,CE,0.0,0.0,0.0,949.85,612.0,0,0.0,0,0,06-MAY-2024,
OPTSTK,BAJFINANCE,25-Jul-2024,6700.0,CE,0.0,0.0,0.0,877.5,553.7,0,0.0,0,0,06-MAY-2024,
OPTSTK,BAJFINANCE,25-Jul-2024,6800.0,CE,0.0,0.0,0.0,807.75,499.15,0,0.0,0,0,06-MAY-2024,
OPTSTK,BAJFINANCE,25-Jul-2024,6900.0,CE,0.0,0.0,0.0,741.65,448.4,0,0.0,0,0,06-MAY-2024,
OPTSTK,BAJFINANCE,25-Jul-2024,7000.0,CE,0.0,0.0,0.0,679.0,401.45,0,0.0,0,0,06-MAY-2024,
OPTSTK,BAJFINANCE,25-Jul-2024,7100.0,CE,0.0,0.0,0.0,619.75,358.15,0,0.0,0,0,06-MAY-2024,
OPTSTK,BAJFINANCE,25-Jul-2024,7200.0,CE,0.0,0.0,0.0,564.05,318.4,0,0.0,0,0,06-MAY-2024,
OPTSTK,BAJFINANCE,25-Jul-2024,7300.0,CE,0.0,0.0,0.0,511.8,282.1,0,0.0,0,0,06-MAY-2024,
OPTSTK,BAJFINANCE,25-Jul-2024,7400.0,CE,0.0,0.0,0.0,462.95,249.1,0,0.0,0,0,06-MAY-2024,
OPTSTK,BAJFINANCE,25-Jul-2024,7500.0,CE,230.05,237.05,230.0,232.4,232.4,3,28.99,875,375,06-MAY-2024,
OPTSTK,BAJFINANCE,25-Jul-2024,7600.0,CE,0.0,0.0,0.0,235.0,192.3,0,0.0,750,0,06-MAY-2024,
OPTSTK,BAJFINANCE,25-Jul-2024,7700.0,CE,0.0,0.0,0.0,336.8,168.55,0,0.0,0,0,06-MAY-2024,
OPTSTK,BAJFINANCE,25-Jul-2024,7800.0,CE,0.0,0.0,0.0,301.2,146.75,0,0.0,0,0,06-MAY-2024,
OPTSTK,BAJFINANCE,25-Jul-2024,7900.0,CE,0.0,0.0,0.0,268.55,127.55,0,0.0,0,0,06-MAY-2024,
OPTSTK,BAJFINANCE,25-Jul-2024,8000.0,CE,95.9,140.0,95.9,132.0,132.0,17,172.4,1000,1000,06-MAY-2024,
OPTSTK,BAJFINANCE,25-Jul-2024,8100.0,CE,0.0,0.0,0.0,211.75,95.5,0,0.0,0,0,06-MAY-2024,
OPTSTK,BAJFINANCE,25-Jul-2024,8200.0,CE,0.0,0.0,0.0,187.65,82.25,0,0.0,0,0,06-MAY-2024,
OPTSTK,BAJFINANCE,25-Jul-2024,8300.0,CE,0.0,0.0,0.0,165.65,70.65,0,0.0,0,0,06-MAY-2024,
OPTSTK,BAJFINANCE,25-Jul-2024,5800.0,PE,0.0,0.0,0.0,23.15,52.25,0,0.0,0,0,06-MAY-2024,
OPTSTK,BAJFINANCE,25-Jul-2024,6000.0,PE,80.0,110.0,80.0,101.0,101.0,11,83.87,5625,1000,06-MAY-2024,
OPTSTK,BAJFINANCE,25-Jul-2024,6100.0,PE,0.0,0.0,0.0,49.15,101.85,0,0.0,0,0,06-MAY-2024,
OPTSTK,BAJFINANCE,25-Jul-2024,6200.0,PE,0.0,0.0,0.0,85.0,124.2,0,0.0,1375,0,06-MAY-2024,
OPTSTK,BAJFINANCE,25-Jul-2024,6300.0,PE,0.0,0.0,0.0,133.3,150.0,0,0.0,125,0,06-MAY-2024,
OPTSTK,BAJFINANCE,25-Jul-2024,6400.0,PE,0.0,0.0,0.0,93.35,178.75,0,0.0,0,0,06-MAY-2024,
OPTSTK,BAJFINANCE,25-Jul-2024,6500.0,PE,185.45,242.6,185.45,235.0,235.0,19,159.39,14125,625,06-MAY-2024,
OPTSTK,BAJFINANCE,25-Jul-2024,6600.0,PE,0.0,0.0,0.0,135.75,247.75,0,0.0,0,0,06-MAY-2024,
OPTSTK,BAJFINANCE,25-Jul-2024,6700.0,PE,0.0,0.0,0.0,100.0,287.85,0,0.0,250,0,06-MAY-2024,
OPTSTK,BAJFINANCE,25-Jul-2024,6800.0,PE,0.0,0.0,0.0,407.65,331.8,0,0.0,250,0,06-MAY-2024,
OPTSTK,BAJFINANCE,25-Jul-2024,6900.0,PE,0.0,0.0,0.0,222.15,379.45,0,0.0,0,0,06-MAY-2024,
OPTSTK,BAJFINANCE,25-Jul-2024,7000.0,PE,0.0,0.0,0.0,257.7,430.9,0,0.0,0,0,06-MAY-2024,
OPTSTK,BAJFINANCE,25-Jul-2024,7100.0,PE,0.0,0.0,0.0,296.65,486.0,0,0.0,0,0,06-MAY-2024,
OPTSTK,BAJFINANCE,25-Jul-2024,7200.0,PE,0.0,0.0,0.0,339.1,544.7,0,0.0,0,0,06-MAY-2024,
OPTSTK,BAJFINANCE,25-Jul-2024,7300.0,PE,0.0,0.0,0.0,385.05,606.8,0,0.0,0,0,06-MAY-2024,
OPTSTK,BAJFINANCE,25-Jul-2024,7400.0,PE,0.0,0.0,0.0,434.45,672.2,0,0.0,0,0,06-MAY-2024,
OPTSTK,BAJFINANCE,25-Jul-2024,7500.0,PE,0.0,0.0,0.0,487.25,740.75,0,0.0,0,0,06-MAY-2024,
OPTSTK,BAJFINANCE,25-Jul-2024,7600.0,PE,0.0,0.0,0.0,543.45,812.25,0,0.0,0,0,06-MAY-2024,
OPTSTK,BAJFINANCE,25-Jul-2024,7700.0,PE,0.0,0.0,0.0,602.85,886.9,0,0.0,0,0,06-MAY-2024,
OPTSTK,BAJFINANCE,25-Jul-2024,7800.0,PE,0.0,0.0,0.0,665.4,963.55,0,0.0,0,0,06-MAY-2024,
OPTSTK,BAJFINANCE,25-Jul-2024,7900.0,PE,0.0,0.0,0.0,731.0,1042.8,0,0.0,0,0,06-MAY-2024,
OPTSTK,BAJFINANCE,25-Jul-2024,8000.0,PE,0.0,0.0,0.0,799.4,1124.15,0,0.0,0,0,06-MAY-2024,
OPTSTK,BAJFINANCE,25-Jul-2024,8100.0,PE,0.0,0.0,0.0,870.55,1207.55,0,0.0,0,0,06-MAY-2024,
OPTSTK,BAJFINANCE,25-Jul-2024,8200.0,PE,0.0,0.0,0.0,944.65,1292.75,0,0.0,0,0,06-MAY-2024,
OPTSTK,BAJFINANCE,25-Jul-2024,8300.0,PE,0.0,0.0,0.0,1020.85,1379.55,0,0.0,0,0,06-MAY-2024,
OPTSTK,BALKRISIND,30-May-2024,2040.0,CE,0.0,0.0,0.0,288.5,435.9,0,0.0,0,0,06-MAY-2024,
OPTSTK,BALKRISIND,30-May-2024,2080.0,CE,0.0,0.0,0.0,261.8,396.8,0,0.0,0,0,06-MAY-2024,
OPTSTK,BALKRISIND,30-May-2024,2120.0,CE,0.0,0.0,0.0,236.75,358.25,0,0.0,0,0,06-MAY-2024,
OPTSTK,BALKRISIND,30-May-2024,2160.0,CE,0.0,0.0,0.0,213.3,320.4,0,0.0,0,0,06-MAY-2024,
OPTSTK,BALKRISIND,30-May-2024,2180.0,CE,0.0,0.0,0.0,279.4,301.85,0,0.0,0,0,06-MAY-2024,
OPTSTK,BALKRISIND,30-May-2024,2200.0,CE,273.55,273.55,273.55,273.55,283.6,1,7.42,5400,300,06-MAY-2024,
OPTSTK,BALKRISIND,30-May-2024,2220.0,CE,0.0,0.0,0.0,198.45,265.7,0,0.0,0,0,06-MAY-2024,
OPTSTK,BALKRISIND,30-May-2024,2240.0,CE,0.0,0.0,0.0,171.25,248.2,0,0.0,0,0,06-MAY-2024,
OPTSTK,BALKRISIND,30-May-2024,2260.0,CE,206.3,226.25,206.3,226.25,231.15,2,14.85,1200,0,06-MAY-2024,
OPTSTK,BALKRISIND,30-May-2024,2280.0,CE,0.0,0.0,0.0,163.65,214.55,0,0.0,0,0,06-MAY-2024,
OPTSTK,BALKRISIND,30-May-2024,2300.0,CE,0.0,0.0,0.0,175.0,198.45,0,0.0,5400,0,06-MAY-2024,
OPTSTK,BALKRISIND,30-May-2024,2320.0,CE,0.0,0.0,0.0,96.9,183.0,0,0.0,300,0,06-MAY-2024,
OPTSTK,BALKRISIND,30-May-2024,2340.0,CE,0.0,0.0,0.0,163.7,168.2,0,0.0,600,0,06-MAY-2024,
OPTSTK,BALKRISIND,30-May-2024,2360.0,CE,0.0,0.0,0.0,104.3,153.85,0,0.0,1200,0,06-MAY-2024,
OPTSTK,BALKRISIND,30-May-2024,2380.0,CE,135.0,135.0,135.0,135.0,140.3,1,7.54,5100,0,06-MAY-2024,
OPTSTK,BALKRISIND,30-May-2024,2400.0,CE,116.2,130.0,105.15,128.1,128.1,135,1020.53,52200,-11400,06-MAY-2024,
OPTSTK,BALKRISIND,30-May-2024,2420.0,CE,108.6,108.6,108.5,108.5,115.35,2,15.17,5700,300,06-MAY-2024,
OPTSTK,BALKRISIND,30-May-2024,2440.0,CE,98.0,108.75,85.5,105.35,105.35,84,639.19,9600,-600,06-MAY-2024,
OPTSTK,BALKRISIND,30-May-2024,2460.0,CE,87.35,97.8,78.0,95.4,95.4,406,3109.48,55200,13800,06-MAY-2024,
OPTSTK,BALKRISIND,30-May-2024,2480.0,CE,76.1,89.1,65.0,85.65,85.65,73,561.17,12900,600,06-MAY-2024,
OPTSTK,BALKRISIND,30-May-2024,2500.0,CE,74.0,79.0,55.5,77.0,77.0,2244,17319.22,236100,-3000,06-MAY-2024,
OPTSTK,BALKRISIND,30-May-2024,2520.0,CE,68.0,70.65,66.35,66.35,65.9,11,85.41,10500,300,06-MAY-2024,
OPTSTK,BALKRISIND,30-May-2024,2540.0,CE,60.0,63.0,46.05,61.4,61.4,49,381.64,11700,3600,06-MAY-2024,
OPTSTK,BALKRISIND,30-May-2024,2560.0,CE,47.1,57.3,43.0,55.1,55.1,57,446.54,10200,1500,06-MAY-2024,
OPTSTK,BALKRISIND,30-May-2024,2580.0,CE,44.9,44.9,37.8,39.0,44.85,5,39.3,600,300,06-MAY-2024,
OPTSTK,BALKRISIND,30-May-2024,2600.0,CE,40.95,44.85,28.05,43.1,43.1,1005,7955.27,124500,27000,06-MAY-2024,
OPTSTK,BALKRISIND,30-May-2024,2620.0,CE,33.35,38.5,33.35,38.1,38.1,12,95.63,2700,2100,06-MAY-2024,
OPTSTK,BALKRISIND,30-May-2024,2640.0,CE,29.0,35.5,25.65,34.1,34.1,90,721.31,16800,5400,06-MAY-2024,
OPTSTK,BALKRISIND,30-May-2024,2660.0,CE,25.7,30.05,25.7,30.05,30.05,7,56.45,1800,-300,06-MAY-2024,
OPTSTK,BALKRISIND,30-May-2024,2680.0,CE,20.0,28.4,15.5,27.25,27.25,93,754.27,8700,-12000,06-MAY-2024,
OPTSTK,BALKRISIND,30-May-2024,2720.0,CE,15.45,22.55,11.05,21.8,21.8,84,689.77,21900,5400,06-MAY-2024,
OPTSTK,BALKRISIND,30-May-2024,2760.0,CE,7.65,18.95,7.65,17.4,17.4,968,8062.23,108300,70200,06-MAY-2024,
OPTSTK,BALKRISIND,30-May-2024,2800.0,CE,7.95,14.55,6.0,13.3,13.3,209,1762.29,12300,12300,06-MAY-2024,
OPTSTK,BALKRISIND,30-May-2024,2040.0,PE,0.0,0.0,0.0,62.55,0.85,0,0.0,0,0,06-MAY-2024,
OPTSTK,BALKRISIND,30-May-2024,2080.0,PE,0.0,0.0,0.0,75.1,1.6,0,0.0,0,0,06-MAY-2024,
OPTSTK,BALKRISIND,30-May-2024,2100.0,PE,0.0,0.0,0.0,2.5,2.1,0,0.0,11400,0,06-MAY-2024,
OPTSTK,BALKRISIND,30-May-2024,2120.0,PE,0.0,0.0,0.0,89.3,2.8,0,0.0,0,0,06-MAY-2024,
OPTSTK,BALKRISIND,30-May-2024,2160.0,PE,0.0,0.0,0.0,7.05,4.8,0,0.0,12900,0,06-MAY-2024,
OPTSTK,BALKRISIND,30-May-2024,2180.0,PE,0.0,0.0,0.0,17.75,6.15,0,0.0,4500,0,06-MAY-2024,
OPTSTK,BALKRISIND,30-May-2024,2200.0,PE,7.8,10.1,7.6,9.05,9.05,133,881.32,26100,600,06-MAY-2024,
OPTSTK,BALKRISIND,30-May-2024,2220.0,PE,0.0,0.0,0.0,9.75,9.8,0,0.0,12900,0,06-MAY-2024,
OPTSTK,BALKRISIND,30-May-2024,2240.0,PE,11.15,13.45,11.15,13.35,13.35,8,54.07,6900,300,06-MAY-2024,
OPTSTK,BALKRISIND,30-May-2024,2260.0,PE,16.0,16.0,15.65,15.65,15.65,3,20.48,12000,-300,06-MAY-2024,
OPTSTK,BALKRISIND,30-May-2024,2280.0,PE,0.0,0.0,0.0,33.7,18.35,0,0.0,600,0,06-MAY-2024,
OPTSTK,BALKRISIND,30-May-2024,2300.0,PE,22.05,26.0,19.95,22.15,22.15,114,794.28,67800,900,06-MAY-2024,
OPTSTK,BALKRISIND,30-May-2024,2320.0,PE,0.0,0.0,0.0,28.85,26.65,0,0.0,4500,0,06-MAY-2024,
OPTSTK,BALKRISIND,30-May-2024,2340.0,PE,34.45,35.0,29.2,31.4,31.4,65,462.57,9600,2400,06-MAY-2024,
OPTSTK,BALKRISIND,30-May-2024,2360.0,PE,0.0,0.0,0.0,37.0,37.3,0,0.0,600,0,06-MAY-2024,
OPTSTK,BALKRISIND,30-May-2024,2380.0,PE,48.25,48.25,48.25,48.25,43.65,2,14.56,9000,600,06-MAY-2024,
OPTSTK,BALKRISIND,30-May-2024,2400.0,PE,52.25,59.35,46.7,50.5,50.5,72,529.68,43200,-600,06-MAY-2024,
OPTSTK,BALKRISIND,30-May-2024,2420.0,PE,68.85,69.55,59.15,59.15,58.55,3,22.37,6000,0,06-MAY-2024,
OPTSTK,BALKRISIND,30-May-2024,2440.0,PE,72.7,76.2,62.7,68.8,68.8,61,459.32,7800,-4500,06-MAY-2024,
OPTSTK,BALKRISIND,30-May-2024,2460.0,PE,85.8,85.8,71.9,78.65,78.65,42,319.62,8700,2700,06-MAY-2024,
OPTSTK,BALKRISIND,30-May-2024,2480.0,PE,84.95,89.05,84.95,87.0,87.0,2,15.4,300,300,06-MAY-2024,
OPTSTK,BALKRISIND,30-May-2024,2500.0,PE,99.0,113.0,93.1,99.85,99.85,76,592.84,40500,1500,06-MAY-2024,
OPTSTK,BALKRISIND,30-May-2024,2520.0,PE,0.0,0.0,0.0,316.4,108.65,0,0.0,0,0,06-MAY-2024,
OPTSTK,BALKRISIND,30-May-2024,2540.0,PE,0.0,0.0,0.0,252.25,120.85,0,0.0,0,0,06-MAY-2024,
OPTSTK,BALKRISIND,30-May-2024,2560.0,PE,0.0,0.0,0.0,346.5,133.75,0,0.0,0,0,06-MAY-2024,
OPTSTK,BALKRISIND,30-May-2024,2580.0,PE,0.0,0.0,0.0,282.2,147.3,0,0.0,0,0,06-MAY-2024,
OPTSTK,BALKRISIND,30-May-2024,2600.0,PE,169.05,169.05,169.05,169.05,161.5,2,16.61,6600,300,06-MAY-2024,
OPTSTK,BALKRISIND,30-May-2024,2620.0,PE,0.0,0.0,0.0,313.25,176.35,0,0.0,0,0,06-MAY-2024,
OPTSTK,BALKRISIND,30-May-2024,2640.0,PE,0.0,0.0,0.0,409.55,191.6,0,0.0,0,0,06-MAY-2024,
OPTSTK,BALKRISIND,30-May-2024,2660.0,PE,0.0,0.0,0.0,345.6,207.45,0,0.0,0,0,06-MAY-2024,
OPTSTK,BALKRISIND,30-May-2024,2680.0,PE,0.0,0.0,0.0,442.45,223.75,0,0.0,0,0,06-MAY-2024,
OPTSTK,BALKRISIND,30-May-2024,2720.0,PE,0.0,0.0,0.0,476.1,257.65,0,0.0,0,0,06-MAY-2024,
OPTSTK,BALKRISIND,30-May-2024,2760.0,PE,0.0,0.0,0.0,510.5,292.95,0,0.0,0,0,06-MAY-2024,
OPTSTK,BALKRISIND,30-May-2024,2800.0,PE,0.0,0.0,0.0,545.5,329.4,0,0.0,0,0,06-MAY-2024,
OPTSTK,BALKRISIND,27-Jun-2024,2040.0,CE,0.0,0.0,0.0,354.0,453.7,0,0.0,0,0,06-MAY-2024,
OPTSTK,BALKRISIND,27-Jun-2024,2080.0,CE,0.0,0.0,0.0,324.15,417.15,0,0.0,0,0,06-MAY-2024,
OPTSTK,BALKRISIND,27-Jun-2024,2120.0,CE,0.0,0.0,0.0,295.65,381.55,0,0.0,0,0,06-MAY-2024,
OPTSTK,BALKRISIND,27-Jun-2024,2160.0,CE,0.0,0.0,0.0,268.55,347.05,0,0.0,0,0,06-MAY-2024,
OPTSTK,BALKRISIND,27-Jun-2024,2180.0,CE,0.0,0.0,0.0,280.5,330.3,0,0.0,0,0,06-MAY-2024,
OPTSTK,BALKRISIND,27-Jun-2024,2200.0,CE,0.0,0.0,0.0,243.1,313.9,0,0.0,0,0,06-MAY-2024,
OPTSTK,BALKRISIND,27-Jun-2024,2220.0,CE,0.0,0.0,0.0,251.75,297.85,0,0.0,0,0,06-MAY-2024,
OPTSTK,BALKRISIND,27-Jun-2024,2240.0,CE,0.0,0.0,0.0,219.25,282.2,0,0.0,0,0,06-MAY-2024,
OPTSTK,BALKRISIND,27-Jun-2024,2260.0,CE,0.0,0.0,0.0,224.6,266.95,0,0.0,0,0,06-MAY-2024,
OPTSTK,BALKRISIND,27-Jun-2024,2280.0,CE,0.0,0.0,0.0,197.0,252.2,0,0.0,0,0,06-MAY-2024,
OPTSTK,BALKRISIND,27-Jun-2024,2300.0,CE,0.0,0.0,0.0,199.35,237.85,0,0.0,0,0,06-MAY-2024,
OPTSTK,BALKRISIND,27-Jun-2024,2320.0,CE,0.0,0.0,0.0,176.35,223.8,0,0.0,0,0,06-MAY-2024,
OPTSTK,BALKRISIND,27-Jun-2024,2340.0,CE,0.0,0.0,0.0,176.0,210.4,0,0.0,0,0,06-MAY-2024,
OPTSTK,BALKRISIND,27-Jun-2024,2360.0,CE,0.0,0.0,0.0,157.25,197.45,0,0.0,0,0,06-MAY-2024,
OPTSTK,BALKRISIND,27-Jun-2024,2380.0,CE,0.0,0.0,0.0,154.5,185.0,0,0.0,0,0,06-MAY-2024,
OPTSTK,BALKRISIND,27-Jun-2024,2400.0,CE,0.0,0.0,0.0,139.75,173.05,0,0.0,0,0,06-MAY-2024,
OPTSTK,BALKRISIND,27-Jun-2024,2420.0,CE,0.0,0.0,0.0,134.85,161.6,0,0.0,0,0,06-MAY-2024,
OPTSTK,BALKRISIND,27-Jun-2024,2440.0,CE,0.0,0.0,0.0,123.7,150.65,0,0.0,0,0,06-MAY-2024,
OPTSTK,BALKRISIND,27-Jun-2024,2460.0,CE,0.0,0.0,0.0,117.1,140.2,0,0.0,0,0,06-MAY-2024,
OPTSTK,BALKRISIND,27-Jun-2024,2480.0,CE,0.0,0.0,0.0,109.15,130.25,0,0.0,0,0,06-MAY-2024,
OPTSTK,BALKRISIND,27-Jun-2024,2500.0,CE,120.0,126.9,120.0,126.9,120.85,2,15.74,900,300,06-MAY-2024,
OPTSTK,BALKRISIND,27-Jun-2024,2520.0,CE,0.0,0.0,0.0,95.95,111.9,0,0.0,0,0,06-MAY-2024,
OPTSTK,BALKRISIND,27-Jun-2024,2540.0,CE,0.0,0.0,0.0,86.8,103.45,0,0.0,0,0,06-MAY-2024,
OPTSTK,BALKRISIND,27-Jun-2024,2560.0,CE,0.0,0.0,0.0,84.1,95.5,0,0.0,0,0,06-MAY-2024,
OPTSTK,BALKRISIND,27-Jun-2024,2580.0,CE,0.0,0.0,0.0,74.15,88.0,0,0.0,0,0,06-MAY-2024,
OPTSTK,BALKRISIND,27-Jun-2024,2600.0,CE,78.0,83.0,77.0,83.0,80.95,4,32.16,27300,0,06-MAY-2024,
OPTSTK,BALKRISIND,27-Jun-2024,2620.0,CE,0.0,0.0,0.0,63.0,74.35,0,0.0,0,0,06-MAY-2024,
OPTSTK,BALKRISIND,27-Jun-2024,2640.0,CE,70.0,81.55,70.0,81.35,81.35,15,122.29,54600,300,06-MAY-2024,
OPTSTK,BALKRISIND,27-Jun-2024,2660.0,CE,62.0,75.15,62.0,75.15,75.15,8,65.46,142800,-600,06-MAY-2024,
OPTSTK,BALKRISIND,27-Jun-2024,2680.0,CE,59.9,70.75,57.85,68.55,68.55,579,4765.75,123900,122700,06-MAY-2024,
OPTSTK,BALKRISIND,27-Jun-2024,2720.0,CE,50.0,60.0,50.0,57.35,57.35,66,549.6,17400,17400,06-MAY-2024,
OPTSTK,BALKRISIND,27-Jun-2024,2760.0,CE,0.0,0.0,0.0,41.45,39.2,0,0.0,0,0,06-MAY-2024,
OPTSTK,BALKRISIND,27-Jun-2024,2800.0,CE,0.0,0.0,0.0,35.65,32.2,0,0.0,0,0,06-MAY-2024,
OPTSTK,BALKRISIND,27-Jun-2024,2000.0,PE,0.0,0.0,0.0,11.0,4.8,0,0.0,900,0,06-MAY-2024,
OPTSTK,BALKRISIND,27-Jun-2024,2040.0,PE,0.0,0.0,0.0,40.2,7.05,0,0.0,0,0,06-MAY-2024,
OPTSTK,BALKRISIND,27-Jun-2024,2080.0,PE,0.0,0.0,0.0,49.65,10.05,0,0.0,0,0,06-MAY-2024,
OPTSTK,BALKRISIND,27-Jun-2024,2120.0,PE,0.0,0.0,0.0,60.4,14.05,0,0.0,0,0,06-MAY-2024,
OPTSTK,BALKRISIND,27-Jun-2024,2160.0,PE,0.0,0.0,0.0,72.6,19.15,0,0.0,0,0,06-MAY-2024,
OPTSTK,BALKRISIND,27-Jun-2024,2180.0,PE,0.0,0.0,0.0,42.4,22.2,0,0.0,0,0,06-MAY-2024,
OPTSTK,BALKRISIND,27-Jun-2024,2200.0,PE,35.0,35.0,35.0,35.0,25.55,3,20.11,2700,900,06-MAY-2024,
OPTSTK,BALKRISIND,27-Jun-2024,2220.0,PE,0.0,0.0,0.0,53.15,29.3,0,0.0,0,0,06-MAY-2024,
OPTSTK,BALKRISIND,27-Jun-2024,2240.0,PE,0.0,0.0,0.0,101.85,33.45,0,0.0,0,0,06-MAY-2024,
OPTSTK,BALKRISIND,27-Jun-2024,2260.0,PE,0.0,0.0,0.0,65.5,38.0,0,0.0,0,0,06-MAY-2024,
OPTSTK,BALKRISIND,27-Jun-2024,2280.0,PE,0.0,0.0,0.0,118.9,43.1,0,0.0,0,0,06-MAY-2024,
OPTSTK,BALKRISIND,27-Jun-2024,2300.0,PE,65.0,65.0,64.0,64.0,48.5,5,35.46,2400,1500,06-MAY-2024,
OPTSTK,BALKRISIND,27-Jun-2024,2320.0,PE,0.0,0.0,0.0,137.5,54.25,0,0.0,0,0,06-MAY-2024,
OPTSTK,BALKRISIND,27-Jun-2024,2340.0,PE,0.0,0.0,0.0,95.9,60.6,0,0.0,0,0,06-MAY-2024,
OPTSTK,BALKRISIND,27-Jun-2024,2360.0,PE,0.0,0.0,0.0,157.7,67.45,0,0.0,0,0,06-MAY-2024,
OPTSTK,BALKRISIND,27-Jun-2024,2380.0,PE,0.0,0.0,0.0,113.9,74.8,0,0.0,0,0,06-MAY-2024,
OPTSTK,BALKRISIND,27-Jun-2024,2400.0,PE,0.0,0.0,0.0,179.5,82.65,0,0.0,0,0,06-MAY-2024,
OPTSTK,BALKRISIND,27-Jun-2024,2420.0,PE,0.0,0.0,0.0,133.8,91.0,0,0.0,0,0,06-MAY-2024,
OPTSTK,BALKRISIND,27-Jun-2024,2440.0,PE,0.0,0.0,0.0,202.75,99.85,0,0.0,0,0,06-MAY-2024,
OPTSTK,BALKRISIND,27-Jun-2024,2460.0,PE,0.0,0.0,0.0,155.5,109.2,0,0.0,0,0,06-MAY-2024,
OPTSTK,BALKRISIND,27-Jun-2024,2480.0,PE,0.0,0.0,0.0,227.5,119.05,0,0.0,0,0,06-MAY-2024,
OPTSTK,BALKRISIND,27-Jun-2024,2500.0,PE,0.0,0.0,0.0,179.0,129.45,0,0.0,0,0,06-MAY-2024,
OPTSTK,BALKRISIND,27-Jun-2024,2520.0,PE,0.0,0.0,0.0,253.55,140.3,0,0.0,0,0,06-MAY-2024,
OPTSTK,BALKRISIND,27-Jun-2024,2540.0,PE,0.0,0.0,0.0,204.2,151.65,0,0.0,0,0,06-MAY-2024,
OPTSTK,BALKRISIND,27-Jun-2024,2560.0,PE,0.0,0.0,0.0,280.95,163.45,0,0.0,0,0,06-MAY-2024,
OPTSTK,BALKRISIND,27-Jun-2024,2580.0,PE,0.0,0.0,0.0,231.05,175.75,0,0.0,0,0,06-MAY-2024,
OPTSTK,BALKRISIND,27-Jun-2024,2600.0,PE,0.0,0.0,0.0,309.6,188.5,0,0.0,0,0,06-MAY-2024,
OPTSTK,BALKRISIND,27-Jun-2024,2620.0,PE,0.0,0.0,0.0,259.4,201.7,0,0.0,0,0,06-MAY-2024,
OPTSTK,BALKRISIND,27-Jun-2024,2640.0,PE,0.0,0.0,0.0,339.5,215.3,0,0.0,0,0,06-MAY-2024,
OPTSTK,BALKRISIND,27-Jun-2024,2660.0,PE,0.0,0.0,0.0,289.3,229.35,0,0.0,0,0,06-MAY-2024,
OPTSTK,BALKRISIND,27-Jun-2024,2680.0,PE,0.0,0.0,0.0,370.35,243.75,0,0.0,0,0,06-MAY-2024,
OPTSTK,BALKRISIND,27-Jun-2024,2720.0,PE,0.0,0.0,0.0,402.1,273.85,0,0.0,0,0,06-MAY-2024,
OPTSTK,BALKRISIND,27-Jun-2024,2760.0,PE,0.0,0.0,0.0,434.75,305.15,0,0.0,0,0,06-MAY-2024,
OPTSTK,BALKRISIND,27-Jun-2024,2800.0,PE,0.0,0.0,0.0,468.25,337.7,0,0.0,0,0,06-MAY-2024,
OPTSTK,BALKRISIND,25-Jul-2024,2080.0,CE,0.0,0.0,0.0,383.95,439.25,0,0.0,0,0,06-MAY-2024,
OPTSTK,BALKRISIND,25-Jul-2024,2120.0,CE,0.0,0.0,0.0,353.15,405.75,0,0.0,0,0,06-MAY-2024,
OPTSTK,BALKRISIND,25-Jul-2024,2160.0,CE,0.0,0.0,0.0,323.7,373.4,0,0.0,0,0,06-MAY-2024,
OPTSTK,BALKRISIND,25-Jul-2024,2200.0,CE,0.0,0.0,0.0,295.6,342.3,0,0.0,0,0,06-MAY-2024,
OPTSTK,BALKRISIND,25-Jul-2024,2240.0,CE,0.0,0.0,0.0,268.9,312.7,0,0.0,0,0,06-MAY-2024,
OPTSTK,BALKRISIND,25-Jul-2024,2280.0,CE,0.0,0.0,0.0,243.8,284.4,0,0.0,0,0,06-MAY-2024,
OPTSTK,BALKRISIND,25-Jul-2024,2320.0,CE,0.0,0.0,0.0,220.25,257.6,0,0.0,0,0,06-MAY-2024,
OPTSTK,BALKRISIND,25-Jul-2024,2360.0,CE,0.0,0.0,0.0,198.3,232.45,0,0.0,0,0,06-MAY-2024,
OPTSTK,BALKRISIND,25-Jul-2024,2400.0,CE,0.0,0.0,0.0,177.9,208.95,0,0.0,0,0,06-MAY-2024,
OPTSTK,BALKRISIND,25-Jul-2024,2440.0,CE,0.0,0.0,0.0,159.0,187.05,0,0.0,0,0,06-MAY-2024,
OPTSTK,BALKRISIND,25-Jul-2024,2480.0,CE,0.0,0.0,0.0,141.65,166.8,0,0.0,0,0,06-MAY-2024,
OPTSTK,BALKRISIND,25-Jul-2024,2520.0,CE,0.0,0.0,0.0,125.75,148.1,0,0.0,0,0,06-MAY-2024,
OPTSTK,BALKRISIND,25-Jul-2024,2560.0,CE,0.0,0.0,0.0,111.25,131.05,0,0.0,0,0,06-MAY-2024,
OPTSTK,BALKRISIND,25-Jul-2024,2600.0,CE,0.0,0.0,0.0,98.1,115.45,0,0.0,0,0,06-MAY-2024,
OPTSTK,BALKRISIND,25-Jul-2024,2640.0,CE,0.0,0.0,0.0,86.2,101.35,0,0.0,0,0,06-MAY-2024,
OPTSTK,BALKRISIND,25-Jul-2024,2680.0,CE,0.0,0.0,0.0,75.55,88.65,0,0.0,0,0,06-MAY-2024,
OPTSTK,BALKRISIND,25-Jul-2024,2720.0,CE,0.0,0.0,0.0,66.1,77.25,0,0.0,0,0,06-MAY-2024,
OPTSTK,BALKRISIND,25-Jul-2024,2800.0,CE,0.0,0.0,0.0,49.95,58.15,0,0.0,0,0,06-MAY-2024,
OPTSTK,BALKRISIND,25-Jul-2024,2080.0,PE,0.0,0.0,0.0,35.65,20.7,0,0.0,0,0,06-MAY-2024,
OPTSTK,BALKRISIND,25-Jul-2024,2120.0,PE,0.0,0.0,0.0,44.1,26.55,0,0.0,0,0,06-MAY-2024,
OPTSTK,BALKRISIND,25-Jul-2024,2160.0,PE,0.0,0.0,0.0,53.95,33.6,0,0.0,0,0,06-MAY-2024,
OPTSTK,BALKRISIND,25-Jul-2024,2200.0,PE,0.0,0.0,0.0,65.1,41.9,0,0.0,0,0,06-MAY-2024,
OPTSTK,BALKRISIND,25-Jul-2024,2240.0,PE,0.0,0.0,0.0,77.7,51.65,0,0.0,0,0,06-MAY-2024,
OPTSTK,BALKRISIND,25-Jul-2024,2280.0,PE,0.0,0.0,0.0,91.9,62.75,0,0.0,0,0,06-MAY-2024,
OPTSTK,BALKRISIND,25-Jul-2024,2320.0,PE,0.0,0.0,0.0,107.6,75.25,0,0.0,0,0,06-MAY-2024,
OPTSTK,BALKRISIND,25-Jul-2024,2360.0,PE,0.0,0.0,0.0,124.95,89.5,0,0.0,0,0,06-MAY-2024,
OPTSTK,BALKRISIND,25-Jul-2024,2400.0,PE,0.0,0.0,0.0,143.8,105.35,0,0.0,0,0,06-MAY-2024,
OPTSTK,BALKRISIND,25-Jul-2024,2440.0,PE,0.0,0.0,0.0,164.2,122.85,0,0.0,0,0,06-MAY-2024,
OPTSTK,BALKRISIND,25-Jul-2024,2480.0,PE,0.0,0.0,0.0,186.1,141.95,0,0.0,0,0,06-MAY-2024,
OPTSTK,BALKRISIND,25-Jul-2024,2520.0,PE,0.0,0.0,0.0,209.45,162.65,0,0.0,0,0,06-MAY-2024,
OPTSTK,BALKRISIND,25-Jul-2024,2560.0,PE,0.0,0.0,0.0,234.25,184.9,0,0.0,0,0,06-MAY-2024,
OPTSTK,BALKRISIND,25-Jul-2024,2600.0,PE,0.0,0.0,0.0,260.4,208.7,0,0.0,0,0,06-MAY-2024,
OPTSTK,BALKRISIND,25-Jul-2024,2640.0,PE,0.0,0.0,0.0,287.8,234.0,0,0.0,0,0,06-MAY-2024,
OPTSTK,BALKRISIND,25-Jul-2024,2680.0,PE,0.0,0.0,0.0,316.35,260.6,0,0.0,0,0,06-MAY-2024,
OPTSTK,BALKRISIND,25-Jul-2024,2720.0,PE,0.0,0.0,0.0,346.25,288.6,0,0.0,0,0,06-MAY-2024,
OPTSTK,BALKRISIND,25-Jul-2024,2800.0,PE,0.0,0.0,0.0,408.6,348.25,0,0.0,0,0,06-MAY-2024,
OPTSTK,BALRAMCHIN,30-May-2024,340.0,CE,0.0,0.0,0.0,62.7,48.8,0,0.0,12800,0,06-MAY-2024,
OPTSTK,BALRAMCHIN,30-May-2024,350.0,CE,0.0,0.0,0.0,46.7,40.15,0,0.0,33600,0,06-MAY-2024,
OPTSTK,BALRAMCHIN,30-May-2024,355.0,CE,0.0,0.0,0.0,39.5,36.1,0,0.0,11200,0,06-MAY-2024,
OPTSTK,BALRAMCHIN,30-May-2024,360.0,CE,0.0,0.0,0.0,35.75,32.25,0,0.0,46400,0,06-MAY-2024,
OPTSTK,BALRAMCHIN,30-May-2024,365.0,CE,0.0,0.0,0.0,34.35,28.6,0,0.0,9600,0,06-MAY-2024,
OPTSTK,BALRAMCHIN,30-May-2024,370.0,CE,0.0,0.0,0.0,31.0,25.2,0,0.0,20800,0,06-MAY-2024,
OPTSTK,BALRAMCHIN,30-May-2024,375.0,CE,0.0,0.0,0.0,25.05,22.05,0,0.0,20800,0,06-MAY-2024,
OPTSTK,BALRAMCHIN,30-May-2024,380.0,CE,18.0,18.0,18.0,18.0,19.15,1,6.36,126400,-1600,06-MAY-2024,
OPTSTK,BALRAMCHIN,30-May-2024,385.0,CE,0.0,0.0,0.0,18.95,16.5,0,0.0,30400,0,06-MAY-2024,
OPTSTK,BALRAMCHIN,30-May-2024,390.0,CE,16.35,16.35,12.6,12.8,12.8,32,207.11,272000,-51200,06-MAY-2024,
OPTSTK,BALRAMCHIN,30-May-2024,395.0,CE,11.0,11.45,10.2,11.45,11.45,9,58.45,92800,-14400,06-MAY-2024,
OPTSTK,BALRAMCHIN,30-May-2024,400.0,CE,11.95,12.5,8.3,10.05,10.05,150,984.43,1252800,-240000,06-MAY-2024,
OPTSTK,BALRAMCHIN,30-May-2024,405.0,CE,10.35,11.8,8.0,10.0,10.0,39,258.23,523200,-62400,06-MAY-2024,
OPTSTK,BALRAMCHIN,30-May-2024,410.0,CE,8.55,8.55,6.0,6.75,6.75,72,480.11,860800,-115200,06-MAY-2024,
OPTSTK,BALRAMCHIN,30-May-2024,415.0,CE,0.0,0.0,0.0,7.05,5.8,0,0.0,128000,0,06-MAY-2024,
OPTSTK,BALRAMCHIN,30-May-2024,420.0,CE,5.8,5.9,4.5,4.7,4.7,31,210.77,729600,-49600,06-MAY-2024,
OPTSTK,BALRAMCHIN,30-May-2024,425.0,CE,4.9,4.9,4.9,4.9,3.85,1,6.87,88000,-1600,06-MAY-2024,
OPTSTK,BALRAMCHIN,30-May-2024,430.0,CE,3.4,3.95,2.95,3.15,3.15,24,166.36,408000,-38400,06-MAY-2024,
OPTSTK,BALRAMCHIN,30-May-2024,435.0,CE,0.0,0.0,0.0,4.3,2.45,0,0.0,9600,0,06-MAY-2024,
OPTSTK,BALRAMCHIN,30-May-2024,440.0,CE,2.7,2.8,2.2,2.5,2.5,14,99.1,596800,-22400,06-MAY-2024,
OPTSTK,BALRAMCHIN,30-May-2024,450.0,CE,1.45,1.45,1.25,1.3,1.2,16,115.53,356800,-25600,06-MAY-2024,
OPTSTK,BALRAMCHIN,30-May-2024,320.0,PE,0.0,0.0,0.0,1.45,0.4,0,0.0,1600,0,06-MAY-2024,
OPTSTK,BALRAMCHIN,30-May-2024,340.0,PE,1.5,1.5,1.2,1.25,1.25,7,38.22,312000,-11200,06-MAY-2024,
OPTSTK,BALRAMCHIN,30-May-2024,345.0,PE,0.0,0.0,0.0,1.4,2.2,0,0.0,46400,0,06-MAY-2024,
OPTSTK,BALRAMCHIN,30-May-2024,350.0,PE,1.75,2.4,1.75,2.3,2.3,47,264.75,588800,-75200,06-MAY-2024,
OPTSTK,BALRAMCHIN,30-May-2024,355.0,PE,2.3,2.5,2.3,2.5,3.85,3,17.15,48000,-4800,06-MAY-2024,
OPTSTK,BALRAMCHIN,30-May-2024,360.0,PE,4.45,4.55,3.0,4.0,4.0,10,58.24,448000,-16000,06-MAY-2024,
OPTSTK,BALRAMCHIN,30-May-2024,365.0,PE,0.0,0.0,0.0,3.85,6.3,0,0.0,73600,0,06-MAY-2024,
OPTSTK,BALRAMCHIN,30-May-2024,370.0,PE,5.0,6.3,5.0,5.3,5.3,51,306.78,462400,-81600,06-MAY-2024,
OPTSTK,BALRAMCHIN,30-May-2024,375.0,PE,7.25,7.25,7.25,7.25,9.7,2,12.23,108800,-3200,06-MAY-2024,
OPTSTK,BALRAMCHIN,30-May-2024,380.0,PE,8.7,9.55,8.7,8.75,11.8,17,105.8,398400,-27200,06-MAY-2024,
OPTSTK,BALRAMCHIN,30-May-2024,385.0,PE,0.0,0.0,0.0,9.95,14.1,0,0.0,76800,0,06-MAY-2024,
OPTSTK,BALRAMCHIN,30-May-2024,390.0,PE,14.0,15.0,13.1,13.1,16.7,8,51.75,179200,-12800,06-MAY-2024,
OPTSTK,BALRAMCHIN,30-May-2024,395.0,PE,16.0,16.0,15.25,15.25,19.55,2,13.14,36800,-3200,06-MAY-2024,
OPTSTK,BALRAMCHIN,30-May-2024,400.0,PE,19.1,21.0,19.1,21.0,22.65,7,47.1,497600,-11200,06-MAY-2024,
OPTSTK,BALRAMCHIN,30-May-2024,405.0,PE,30.0,30.0,30.0,30.0,30.0,1,6.96,89600,-1600,06-MAY-2024,
OPTSTK,BALRAMCHIN,30-May-2024,410.0,PE,0.0,0.0,0.0,24.55,29.5,0,0.0,129600,0,06-MAY-2024,
OPTSTK,BALRAMCHIN,30-May-2024,415.0,PE,0.0,0.0,0.0,27.65,33.25,0,0.0,32000,0,06-MAY-2024,
OPTSTK,BALRAMCHIN,30-May-2024,420.0,PE,0.0,0.0,0.0,31.1,37.2,0,0.0,91200,0,06-MAY-2024,
OPTSTK,BALRAMCHIN,30-May-2024,425.0,PE,0.0,0.0,0.0,37.05,41.25,0,0.0,27200,0,06-MAY-2024,
OPTSTK,BALRAMCHIN,30-May-2024,430.0,PE,0.0,0.0,0.0,36.2,45.5,0,0.0,17600,0,06-MAY-2024,
OPTSTK,BALRAMCHIN,30-May-2024,435.0,PE,0.0,0.0,0.0,47.85,49.85,0,0.0,11200,0,06-MAY-2024,
OPTSTK,BALRAMCHIN,30-May-2024,440.0,PE,0.0,0.0,0.0,45.8,54.35,0,0.0,65600,0,06-MAY-2024,
OPTSTK,BALRAMCHIN,30-May-2024,450.0,PE,0.0,0.0,0.0,49.5,63.55,0,0.0,22400,0,06-MAY-2024,
OPTSTK,BALRAMCHIN,27-Jun-2024,340.0,CE,0.0,0.0,0.0,43.1,54.15,0,0.0,0,0,06-MAY-2024,
OPTSTK,BALRAMCHIN,27-Jun-2024,350.0,CE,0.0,0.0,0.0,37.25,46.5,0,0.0,0,0,06-MAY-2024,
OPTSTK,BALRAMCHIN,27-Jun-2024,355.0,CE,0.0,0.0,0.0,47.25,42.85,0,0.0,0,0,06-MAY-2024,
OPTSTK,BALRAMCHIN,27-Jun-2024,360.0,CE,0.0,0.0,0.0,32.0,39.4,0,0.0,0,0,06-MAY-2024,
OPTSTK,BALRAMCHIN,27-Jun-2024,365.0,CE,0.0,0.0,0.0,40.55,36.1,0,0.0,0,0,06-MAY-2024,
OPTSTK,BALRAMCHIN,27-Jun-2024,370.0,CE,0.0,0.0,0.0,27.25,33.0,0,0.0,0,0,06-MAY-2024,
OPTSTK,BALRAMCHIN,27-Jun-2024,375.0,CE,0.0,0.0,0.0,34.5,30.1,0,0.0,0,0,06-MAY-2024,
OPTSTK,BALRAMCHIN,27-Jun-2024,380.0,CE,0.0,0.0,0.0,23.05,27.35,0,0.0,0,0,06-MAY-2024,
OPTSTK,BALRAMCHIN,27-Jun-2024,385.0,CE,0.0,0.0,0.0,29.05,24.75,0,0.0,0,0,06-MAY-2024,
OPTSTK,BALRAMCHIN,27-Jun-2024,390.0,CE,0.0,0.0,0.0,19.4,22.35,0,0.0,0,0,06-MAY-2024,
OPTSTK,BALRAMCHIN,27-Jun-2024,395.0,CE,0.0,0.0,0.0,24.25,20.1,0,0.0,0,0,06-MAY-2024,
OPTSTK,BALRAMCHIN,27-Jun-2024,400.0,CE,0.0,0.0,0.0,24.0,18.05,0,0.0,27200,0,06-MAY-2024,
OPTSTK,BALRAMCHIN,27-Jun-2024,405.0,CE,0.0,0.0,0.0,20.05,16.15,0,0.0,0,0,06-MAY-2024,
OPTSTK,BALRAMCHIN,27-Jun-2024,410.0,CE,0.0,0.0,0.0,18.5,14.4,0,0.0,28800,0,06-MAY-2024,
OPTSTK,BALRAMCHIN,27-Jun-2024,415.0,CE,0.0,0.0,0.0,16.45,12.8,0,0.0,0,0,06-MAY-2024,
OPTSTK,BALRAMCHIN,27-Jun-2024,420.0,CE,0.0,0.0,0.0,15.0,11.35,0,0.0,1600,0,06-MAY-2024,
OPTSTK,BALRAMCHIN,27-Jun-2024,425.0,CE,0.0,0.0,0.0,13.35,10.05,0,0.0,0,0,06-MAY-2024,
OPTSTK,BALRAMCHIN,27-Jun-2024,430.0,CE,0.0,0.0,0.0,9.15,8.9,0,0.0,0,0,06-MAY-2024,
OPTSTK,BALRAMCHIN,27-Jun-2024,435.0,CE,0.0,0.0,0.0,10.75,7.8,0,0.0,0,0,06-MAY-2024,
OPTSTK,BALRAMCHIN,27-Jun-2024,440.0,CE,0.0,0.0,0.0,7.45,6.85,0,0.0,0,0,06-MAY-2024,
OPTSTK,BALRAMCHIN,27-Jun-2024,450.0,CE,0.0,0.0,0.0,6.05,5.25,0,0.0,0,0,06-MAY-2024,
OPTSTK,BALRAMCHIN,27-Jun-2024,340.0,PE,0.0,0.0,0.0,15.1,5.05,0,0.0,0,0,06-MAY-2024,
OPTSTK,BALRAMCHIN,27-Jun-2024,350.0,PE,0.0,0.0,0.0,6.0,7.25,0,0.0,3200,0,06-MAY-2024,
OPTSTK,BALRAMCHIN,27-Jun-2024,355.0,PE,0.0,0.0,0.0,9.75,8.6,0,0.0,0,0,06-MAY-2024,
OPTSTK,BALRAMCHIN,27-Jun-2024,360.0,PE,0.0,0.0,0.0,23.6,10.1,0,0.0,0,0,06-MAY-2024,
OPTSTK,BALRAMCHIN,27-Jun-2024,365.0,PE,0.0,0.0,0.0,12.9,11.75,0,0.0,0,0,06-MAY-2024,
OPTSTK,BALRAMCHIN,27-Jun-2024,370.0,PE,0.0,0.0,0.0,28.7,13.6,0,0.0,0,0,06-MAY-2024,
OPTSTK,BALRAMCHIN,27-Jun-2024,375.0,PE,0.0,0.0,0.0,16.7,15.6,0,0.0,0,0,06-MAY-2024,
OPTSTK,BALRAMCHIN,27-Jun-2024,380.0,PE,0.0,0.0,0.0,18.0,17.8,0,0.0,6400,0,06-MAY-2024,
OPTSTK,BALRAMCHIN,27-Jun-2024,385.0,PE,0.0,0.0,0.0,21.15,20.2,0,0.0,0,0,06-MAY-2024,
OPTSTK,BALRAMCHIN,27-Jun-2024,390.0,PE,0.0,0.0,0.0,40.45,22.7,0,0.0,0,0,06-MAY-2024,
OPTSTK,BALRAMCHIN,27-Jun-2024,395.0,PE,0.0,0.0,0.0,26.25,25.45,0,0.0,0,0,06-MAY-2024,
OPTSTK,BALRAMCHIN,27-Jun-2024,400.0,PE,0.0,0.0,0.0,28.0,28.35,0,0.0,24000,0,06-MAY-2024,
OPTSTK,BALRAMCHIN,27-Jun-2024,405.0,PE,0.0,0.0,0.0,31.9,31.4,0,0.0,0,0,06-MAY-2024,
OPTSTK,BALRAMCHIN,27-Jun-2024,410.0,PE,0.0,0.0,0.0,54.2,34.6,0,0.0,0,0,06-MAY-2024,
OPTSTK,BALRAMCHIN,27-Jun-2024,415.0,PE,0.0,0.0,0.0,38.2,37.95,0,0.0,0,0,06-MAY-2024,
OPTSTK,BALRAMCHIN,27-Jun-2024,420.0,PE,0.0,0.0,0.0,61.7,41.45,0,0.0,0,0,06-MAY-2024,
OPTSTK,BALRAMCHIN,27-Jun-2024,425.0,PE,0.0,0.0,0.0,44.95,45.1,0,0.0,0,0,06-MAY-2024,
OPTSTK,BALRAMCHIN,27-Jun-2024,430.0,PE,0.0,0.0,0.0,69.5,48.85,0,0.0,0,0,06-MAY-2024,
OPTSTK,BALRAMCHIN,27-Jun-2024,435.0,PE,0.0,0.0,0.0,52.25,52.75,0,0.0,0,0,06-MAY-2024,
OPTSTK,BALRAMCHIN,27-Jun-2024,440.0,PE,0.0,0.0,0.0,45.0,56.7,0,0.0,1600,0,06-MAY-2024,
OPTSTK,BALRAMCHIN,27-Jun-2024,450.0,PE,0.0,0.0,0.0,86.1,65.0,0,0.0,0,0,06-MAY-2024,
OPTSTK,BALRAMCHIN,25-Jul-2024,340.0,CE,0.0,0.0,0.0,63.1,59.1,0,0.0,0,0,06-MAY-2024,
OPTSTK,BALRAMCHIN,25-Jul-2024,350.0,CE,0.0,0.0,0.0,56.0,51.95,0,0.0,0,0,06-MAY-2024,
OPTSTK,BALRAMCHIN,25-Jul-2024,360.0,CE,0.0,0.0,0.0,49.35,45.3,0,0.0,0,0,06-MAY-2024,
OPTSTK,BALRAMCHIN,25-Jul-2024,370.0,CE,0.0,0.0,0.0,43.25,39.2,0,0.0,0,0,06-MAY-2024,
OPTSTK,BALRAMCHIN,25-Jul-2024,380.0,CE,0.0,0.0,0.0,37.7,33.7,0,0.0,0,0,06-MAY-2024,
OPTSTK,BALRAMCHIN,25-Jul-2024,390.0,CE,0.0,0.0,0.0,32.65,28.75,0,0.0,0,0,06-MAY-2024,
OPTSTK,BALRAMCHIN,25-Jul-2024,400.0,CE,0.0,0.0,0.0,28.1,24.35,0,0.0,0,0,06-MAY-2024,
OPTSTK,BALRAMCHIN,25-Jul-2024,410.0,CE,0.0,0.0,0.0,24.05,20.5,0,0.0,0,0,06-MAY-2024,
OPTSTK,BALRAMCHIN,25-Jul-2024,420.0,CE,0.0,0.0,0.0,20.5,17.15,0,0.0,0,0,06-MAY-2024,
OPTSTK,BALRAMCHIN,25-Jul-2024,430.0,CE,0.0,0.0,0.0,17.35,14.2,0,0.0,0,0,06-MAY-2024,
OPTSTK,BALRAMCHIN,25-Jul-2024,440.0,CE,0.0,0.0,0.0,14.6,11.75,0,0.0,0,0,06-MAY-2024,
OPTSTK,BALRAMCHIN,25-Jul-2024,460.0,CE,0.0,0.0,0.0,10.25,7.85,0,0.0,0,0,06-MAY-2024,
OPTSTK,BALRAMCHIN,25-Jul-2024,340.0,PE,0.0,0.0,0.0,8.95,8.15,0,0.0,0,0,06-MAY-2024,
OPTSTK,BALRAMCHIN,25-Jul-2024,350.0,PE,0.0,0.0,0.0,11.65,10.8,0,0.0,0,0,06-MAY-2024,
OPTSTK,BALRAMCHIN,25-Jul-2024,360.0,PE,0.0,0.0,0.0,14.8,14.0,0,0.0,0,0,06-MAY-2024,
OPTSTK,BALRAMCHIN,25-Jul-2024,370.0,PE,0.0,0.0,0.0,18.55,17.75,0,0.0,0,0,06-MAY-2024,
OPTSTK,BALRAMCHIN,25-Jul-2024,380.0,PE,0.0,0.0,0.0,22.8,22.1,0,0.0,0,0,06-MAY-2024,
OPTSTK,BALRAMCHIN,25-Jul-2024,390.0,PE,0.0,0.0,0.0,27.55,27.0,0,0.0,0,0,06-MAY-2024,
OPTSTK,BALRAMCHIN,25-Jul-2024,400.0,PE,0.0,0.0,0.0,32.85,32.45,0,0.0,0,0,06-MAY-2024,
OPTSTK,BALRAMCHIN,25-Jul-2024,410.0,PE,0.0,0.0,0.0,38.6,38.4,0,0.0,0,0,06-MAY-2024,
OPTSTK,BALRAMCHIN,25-Jul-2024,420.0,PE,0.0,0.0,0.0,44.85,44.9,0,0.0,0,0,06-MAY-2024,
OPTSTK,BALRAMCHIN,25-Jul-2024,430.0,PE,0.0,0.0,0.0,51.55,51.8,0,0.0,0,0,06-MAY-2024,
OPTSTK,BALRAMCHIN,25-Jul-2024,440.0,PE,0.0,0.0,0.0,58.6,59.2,0,0.0,0,0,06-MAY-2024,
OPTSTK,BALRAMCHIN,25-Jul-2024,460.0,PE,0.0,0.0,0.0,73.9,75.0,0,0.0,0,0,06-MAY-2024,
OPTSTK,BANDHANBNK,30-May-2024,160.0,CE,29.25,29.25,29.25,29.25,29.25,1,4.73,60000,2500,06-MAY-2024,
OPTSTK,BANDHANBNK,30-May-2024,165.0,CE,23.25,23.25,23.25,23.25,23.55,2,9.41,12500,5000,06-MAY-2024,
OPTSTK,BANDHANBNK,30-May-2024,167.5,CE,20.3,21.45,20.3,21.15,21.4,4,18.85,27500,0,06-MAY-2024,
OPTSTK,BANDHANBNK,30-May-2024,170.0,CE,21.05,21.25,18.45,19.5,19.3,34,161.24,205000,12500,06-MAY-2024,
OPTSTK,BANDHANBNK,30-May-2024,172.5,CE,17.8,18.25,17.3,17.75,17.75,14,66.57,20000,2500,06-MAY-2024,
OPTSTK,BANDHANBNK,30-May-2024,175.0,CE,14.6,16.4,14.6,16.4,15.4,5,23.8,170000,0,06-MAY-2024,
OPTSTK,BANDHANBNK,30-May-2024,177.5,CE,14.0,14.7,13.7,13.9,13.9,12,57.45,120000,5000,06-MAY-2024,
OPTSTK,BANDHANBNK,30-May-2024,180.0,CE,13.9,13.9,10.8,12.05,12.05,393,1887.54,1175000,-82500,06-MAY-2024,
OPTSTK,BANDHANBNK,30-May-2024,182.5,CE,10.4,10.8,9.6,10.35,10.35,21,101.26,157500,17500,06-MAY-2024,
OPTSTK,BANDHANBNK,30-May-2024,185.0,CE,10.85,10.85,7.9,9.1,9.1,490,2377.86,1115000,62500,06-MAY-2024,
OPTSTK,BANDHANBNK,30-May-2024,187.5,CE,8.6,8.95,6.8,7.8,7.8,284,1386.47,460000,95000,06-MAY-2024,
OPTSTK,BANDHANBNK,30-May-2024,190.0,CE,7.5,8.0,5.65,6.65,6.65,2147,10555.16,3842500,-40000,06-MAY-2024,
OPTSTK,BANDHANBNK,30-May-2024,192.5,CE,6.9,6.95,4.85,5.65,5.65,266,1318.34,475000,15000,06-MAY-2024,
OPTSTK,BANDHANBNK,30-May-2024,195.0,CE,5.55,5.55,4.1,4.75,4.75,580,2896.84,2125000,-77500,06-MAY-2024,
OPTSTK,BANDHANBNK,30-May-2024,197.5,CE,4.7,4.8,3.5,4.05,4.05,99,498.71,205000,0,06-MAY-2024,
OPTSTK,BANDHANBNK,30-May-2024,200.0,CE,4.15,4.25,2.85,3.4,3.4,1857,9445.01,6505000,162500,06-MAY-2024,
OPTSTK,BANDHANBNK,30-May-2024,202.5,CE,3.45,3.45,2.5,2.8,2.8,46,236.11,282500,-7500,06-MAY-2024,
OPTSTK,BANDHANBNK,30-May-2024,205.0,CE,2.8,2.85,2.05,2.4,2.4,255,1322.15,767500,7500,06-MAY-2024,
OPTSTK,BANDHANBNK,30-May-2024,207.5,CE,2.3,2.4,1.9,1.95,1.95,24,125.71,110000,7500,06-MAY-2024,
OPTSTK,BANDHANBNK,30-May-2024,210.0,CE,2.1,2.2,1.45,1.65,1.65,534,2826.0,2507500,-312500,06-MAY-2024,
OPTSTK,BANDHANBNK,30-May-2024,212.5,CE,1.5,1.6,1.3,1.45,1.15,10,53.48,47500,5000,06-MAY-2024,
OPTSTK,BANDHANBNK,30-May-2024,215.0,CE,1.5,1.6,1.05,1.2,1.2,149,805.71,415000,-47500,06-MAY-2024,
OPTSTK,BANDHANBNK,30-May-2024,220.0,CE,1.2,1.25,0.75,0.85,0.85,577,3186.03,1780000,20000,06-MAY-2024,
OPTSTK,BANDHANBNK,30-May-2024,225.0,CE,0.8,0.8,0.5,0.6,0.6,173,975.75,1675000,17500,06-MAY-2024,
OPTSTK,BANDHANBNK,30-May-2024,230.0,CE,0.5,0.5,0.35,0.45,0.45,216,1244.31,1645000,50000,06-MAY-2024,
OPTSTK,BANDHANBNK,30-May-2024,150.0,PE,0.2,0.35,0.2,0.25,0.25,40,150.27,615000,-5000,06-MAY-2024,
OPTSTK,BANDHANBNK,30-May-2024,160.0,PE,0.65,0.9,0.6,0.7,0.7,143,574.52,1265000,-77500,06-MAY-2024,
OPTSTK,BANDHANBNK,30-May-2024,162.5,PE,0.9,1.0,0.8,0.85,0.7,25,102.15,82500,5000,06-MAY-2024,
OPTSTK,BANDHANBNK,30-May-2024,165.0,PE,0.9,1.35,0.75,1.1,1.1,240,996.54,1490000,115000,06-MAY-2024,
OPTSTK,BANDHANBNK,30-May-2024,167.5,PE,1.15,1.65,1.15,1.4,1.25,74,312.18,172500,85000,06-MAY-2024,
OPTSTK,BANDHANBNK,30-May-2024,170.0,PE,1.4,2.15,1.4,1.8,1.8,511,2194.83,1927500,-140000,06-MAY-2024,
OPTSTK,BANDHANBNK,30-May-2024,172.5,PE,1.85,2.65,1.8,2.2,2.2,58,253.34,152500,27500,06-MAY-2024,
OPTSTK,BANDHANBNK,30-May-2024,175.0,PE,2.3,3.3,2.25,2.85,2.85,274,1217.16,972500,-5000,06-MAY-2024,
OPTSTK,BANDHANBNK,30-May-2024,177.5,PE,2.85,4.05,2.8,3.5,3.5,47,212.58,145000,22500,06-MAY-2024,
OPTSTK,BANDHANBNK,30-May-2024,180.0,PE,3.35,4.95,3.35,4.2,4.2,595,2740.08,1992500,247500,06-MAY-2024,
OPTSTK,BANDHANBNK,30-May-2024,182.5,PE,4.0,6.0,4.0,5.15,5.15,115,539.55,207500,10000,06-MAY-2024,
OPTSTK,BANDHANBNK,30-May-2024,185.0,PE,5.15,7.2,4.95,6.3,6.3,494,2362.67,1197500,52500,06-MAY-2024,
OPTSTK,BANDHANBNK,30-May-2024,187.5,PE,6.6,8.55,6.45,7.45,7.45,130,633.75,177500,-20000,06-MAY-2024,
OPTSTK,BANDHANBNK,30-May-2024,190.0,PE,7.3,9.95,7.25,8.8,8.8,398,1976.62,1502500,40000,06-MAY-2024,
OPTSTK,BANDHANBNK,30-May-2024,192.5,PE,8.65,11.5,8.65,10.25,10.25,136,688.95,740000,50000,06-MAY-2024,
OPTSTK,BANDHANBNK,30-May-2024,195.0,PE,11.0,13.15,10.5,11.75,11.75,40,206.87,422500,12500,06-MAY-2024,
OPTSTK,BANDHANBNK,30-May-2024,197.5,PE,0.0,0.0,0.0,13.45,13.7,0,0.0,55000,0,06-MAY-2024,
OPTSTK,BANDHANBNK,30-May-2024,200.0,PE,15.95,17.0,14.5,15.7,15.7,50,269.31,2265000,35000,06-MAY-2024,
OPTSTK,BANDHANBNK,30-May-2024,202.5,PE,16.0,17.6,15.75,17.15,17.15,19,104.15,65000,7500,06-MAY-2024,
OPTSTK,BANDHANBNK,30-May-2024,205.0,PE,18.5,20.05,18.5,19.0,19.0,10,56.02,240000,-5000,06-MAY-2024,
OPTSTK,BANDHANBNK,30-May-2024,207.5,PE,22.7,22.7,20.35,21.3,21.3,15,85.84,22500,5000,06-MAY-2024,
OPTSTK,BANDHANBNK,30-May-2024,210.0,PE,22.9,23.85,22.6,23.3,23.3,18,104.91,820000,0,06-MAY-2024,
OPTSTK,BANDHANBNK,30-May-2024,215.0,PE,0.0,0.0,0.0,23.1,28.1,0,0.0,85000,0,06-MAY-2024,
OPTSTK,BANDHANBNK,30-May-2024,220.0,PE,33.25,33.25,32.6,32.65,32.7,3,18.96,527500,-5000,06-MAY-2024,
OPTSTK,BANDHANBNK,30-May-2024,225.0,PE,36.5,36.5,36.5,36.5,37.45,2,13.07,327500,-5000,06-MAY-2024,
OPTSTK,BANDHANBNK,27-Jun-2024,160.0,CE,0.0,0.0,0.0,27.55,30.35,0,0.0,0,0,06-MAY-2024,
OPTSTK,BANDHANBNK,27-Jun-2024,165.0,CE,0.0,0.0,0.0,24.1,26.3,0,0.0,0,0,06-MAY-2024,
OPTSTK,BANDHANBNK,27-Jun-2024,167.5,CE,0.0,0.0,0.0,23.8,24.35,0,0.0,0,0,06-MAY-2024,
OPTSTK,BANDHANBNK,27-Jun-2024,170.0,CE,0.0,0.0,0.0,20.95,22.5,0,0.0,0,0,06-MAY-2024,
OPTSTK,BANDHANBNK,27-Jun-2024,172.5,CE,0.0,0.0,0.0,20.4,20.75,0,0.0,0,0,06-MAY-2024,
OPTSTK,BANDHANBNK,27-Jun-2024,175.0,CE,0.0,0.0,0.0,18.1,19.05,0,0.0,0,0,06-MAY-2024,
OPTSTK,BANDHANBNK,27-Jun-2024,177.5,CE,0.0,0.0,0.0,17.35,17.45,0,0.0,0,0,06-MAY-2024,
OPTSTK,BANDHANBNK,27-Jun-2024,180.0,CE,0.0,0.0,0.0,17.0,15.95,0,0.0,2500,0,06-MAY-2024,
OPTSTK,BANDHANBNK,27-Jun-2024,182.5,CE,0.0,0.0,0.0,14.6,14.5,0,0.0,0,0,06-MAY-2024,
OPTSTK,BANDHANBNK,27-Jun-2024,185.0,CE,14.0,14.6,14.0,14.6,13.15,2,9.96,5000,5000,06-MAY-2024,
OPTSTK,BANDHANBNK,27-Jun-2024,187.5,CE,0.0,0.0,0.0,12.2,11.9,0,0.0,0,0,06-MAY-2024,
OPTSTK,BANDHANBNK,27-Jun-2024,190.0,CE,12.75,13.9,12.1,13.5,13.5,17,86.28,50000,15000,06-MAY-2024,
OPTSTK,BANDHANBNK,27-Jun-2024,192.5,CE,0.0,0.0,0.0,10.05,9.7,0,0.0,0,0,06-MAY-2024,
OPTSTK,BANDHANBNK,27-Jun-2024,195.0,CE,0.0,0.0,0.0,9.35,8.7,0,0.0,0,0,06-MAY-2024,
OPTSTK,BANDHANBNK,27-Jun-2024,197.5,CE,0.0,0.0,0.0,8.25,7.75,0,0.0,0,0,06-MAY-2024,
OPTSTK,BANDHANBNK,27-Jun-2024,200.0,CE,9.15,10.05,8.6,9.4,9.4,54,282.56,342500,67500,06-MAY-2024,
OPTSTK,BANDHANBNK,27-Jun-2024,202.5,CE,0.0,0.0,0.0,6.7,6.15,0,0.0,0,0,06-MAY-2024,
OPTSTK,BANDHANBNK,27-Jun-2024,205.0,CE,0.0,0.0,0.0,6.5,5.45,0,0.0,0,0,06-MAY-2024,
OPTSTK,BANDHANBNK,27-Jun-2024,207.5,CE,0.0,0.0,0.0,5.4,4.85,0,0.0,0,0,06-MAY-2024,
OPTSTK,BANDHANBNK,27-Jun-2024,210.0,CE,5.75,6.7,5.75,6.3,6.3,18,97.32,60000,30000,06-MAY-2024,
OPTSTK,BANDHANBNK,27-Jun-2024,215.0,CE,4.7,5.0,4.7,4.85,3.3,13,71.45,25000,25000,06-MAY-2024,
OPTSTK,BANDHANBNK,27-Jun-2024,220.0,CE,3.6,4.8,3.6,4.35,4.35,24,134.62,200000,40000,06-MAY-2024,
OPTSTK,BANDHANBNK,27-Jun-2024,150.0,PE,0.0,0.0,0.0,1.25,0.75,0,0.0,55000,0,06-MAY-2024,
OPTSTK,BANDHANBNK,27-Jun-2024,160.0,PE,2.8,3.0,2.8,3.0,1.85,3,12.21,87500,7500,06-MAY-2024,
OPTSTK,BANDHANBNK,27-Jun-2024,165.0,PE,3.9,4.25,3.6,4.0,4.0,5,21.11,27500,10000,06-MAY-2024,
OPTSTK,BANDHANBNK,27-Jun-2024,167.5,PE,0.0,0.0,0.0,4.6,3.3,0,0.0,0,0,06-MAY-2024,
OPTSTK,BANDHANBNK,27-Jun-2024,170.0,PE,5.0,5.7,5.0,5.6,5.6,22,96.5,315000,32500,06-MAY-2024,
OPTSTK,BANDHANBNK,27-Jun-2024,172.5,PE,0.0,0.0,0.0,6.15,4.6,0,0.0,0,0,06-MAY-2024,
OPTSTK,BANDHANBNK,27-Jun-2024,175.0,PE,7.0,7.0,7.0,7.0,5.4,1,4.55,47500,2500,06-MAY-2024,
OPTSTK,BANDHANBNK,27-Jun-2024,177.5,PE,0.0,0.0,0.0,8.0,6.25,0,0.0,0,0,06-MAY-2024,
OPTSTK,BANDHANBNK,27-Jun-2024,180.0,PE,8.35,9.65,8.35,9.4,9.4,56,264.87,355000,62500,06-MAY-2024,
OPTSTK,BANDHANBNK,27-Jun-2024,182.5,PE,0.0,0.0,0.0,10.2,8.3,0,0.0,0,0,06-MAY-2024,
OPTSTK,BANDHANBNK,27-Jun-2024,185.0,PE,9.8,11.25,9.8,11.25,9.4,2,9.77,12500,2500,06-MAY-2024,
OPTSTK,BANDHANBNK,27-Jun-2024,187.5,PE,0.0,0.0,0.0,12.75,10.65,0,0.0,0,0,06-MAY-2024,
OPTSTK,BANDHANBNK,27-Jun-2024,190.0,PE,13.0,14.0,13.0,13.55,13.55,4,20.35,15000,7500,06-MAY-2024,
OPTSTK,BANDHANBNK,27-Jun-2024,192.5,PE,0.0,0.0,0.0,15.55,13.35,0,0.0,0,0,06-MAY-2024,
OPTSTK,BANDHANBNK,27-Jun-2024,195.0,PE,0.0,0.0,0.0,20.9,14.8,0,0.0,0,0,06-MAY-2024,
OPTSTK,BANDHANBNK,27-Jun-2024,197.5,PE,0.0,0.0,0.0,18.65,16.4,0,0.0,0,0,06-MAY-2024,
OPTSTK,BANDHANBNK,27-Jun-2024,200.0,PE,19.55,19.8,18.7,19.5,19.5,18,98.67,92500,37500,06-MAY-2024,
OPTSTK,BANDHANBNK,27-Jun-2024,202.5,PE,0.0,0.0,0.0,17.65,19.7,0,0.0,2500,0,06-MAY-2024,
OPTSTK,BANDHANBNK,27-Jun-2024,205.0,PE,0.0,0.0,0.0,27.85,21.5,0,0.0,0,0,06-MAY-2024,
OPTSTK,BANDHANBNK,27-Jun-2024,207.5,PE,0.0,0.0,0.0,25.7,23.35,0,0.0,0,0,06-MAY-2024,
OPTSTK,BANDHANBNK,27-Jun-2024,210.0,PE,0.0,0.0,0.0,31.6,25.25,0,0.0,0,0,06-MAY-2024,
OPTSTK,BANDHANBNK,27-Jun-2024,215.0,PE,0.0,0.0,0.0,35.55,29.25,0,0.0,0,0,06-MAY-2024,
OPTSTK,BANDHANBNK,25-Jul-2024,150.0,CE,0.0,0.0,0.0,39.55,40.8,0,0.0,0,0,06-MAY-2024,
OPTSTK,BANDHANBNK,25-Jul-2024,160.0,CE,0.0,0.0,0.0,31.7,32.6,0,0.0,0,0,06-MAY-2024,
OPTSTK,BANDHANBNK,25-Jul-2024,165.0,CE,0.0,0.0,0.0,28.1,28.8,0,0.0,0,0,06-MAY-2024,
OPTSTK,BANDHANBNK,25-Jul-2024,170.0,CE,0.0,0.0,0.0,24.75,25.25,0,0.0,0,0,06-MAY-2024,
OPTSTK,BANDHANBNK,25-Jul-2024,175.0,CE,0.0,0.0,0.0,21.7,22.0,0,0.0,0,0,06-MAY-2024,
OPTSTK,BANDHANBNK,25-Jul-2024,180.0,CE,0.0,0.0,0.0,18.85,19.05,0,0.0,0,0,06-MAY-2024,
OPTSTK,BANDHANBNK,25-Jul-2024,185.0,CE,0.0,0.0,0.0,16.35,16.35,0,0.0,0,0,06-MAY-2024,
OPTSTK,BANDHANBNK,25-Jul-2024,190.0,CE,0.0,0.0,0.0,14.05,13.95,0,0.0,0,0,06-MAY-2024,
OPTSTK,BANDHANBNK,25-Jul-2024,195.0,CE,0.0,0.0,0.0,12.0,11.8,0,0.0,0,0,06-MAY-2024,
OPTSTK,BANDHANBNK,25-Jul-2024,200.0,CE,0.0,0.0,0.0,10.2,9.95,0,0.0,0,0,06-MAY-2024,
OPTSTK,BANDHANBNK,25-Jul-2024,205.0,CE,0.0,0.0,0.0,8.65,8.3,0,0.0,0,0,06-MAY-2024,
OPTSTK,BANDHANBNK,25-Jul-2024,210.0,CE,0.0,0.0,0.0,7.3,6.9,0,0.0,0,0,06-MAY-2024,
OPTSTK,BANDHANBNK,25-Jul-2024,220.0,CE,0.0,0.0,0.0,5.1,4.7,0,0.0,0,0,06-MAY-2024,
OPTSTK,BANDHANBNK,25-Jul-2024,150.0,PE,0.0,0.0,0.0,2.25,1.6,0,0.0,0,0,06-MAY-2024,
OPTSTK,BANDHANBNK,25-Jul-2024,160.0,PE,0.0,0.0,0.0,4.0,3.2,0,0.0,22400,0,06-MAY-2024,
OPTSTK,BANDHANBNK,25-Jul-2024,165.0,PE,0.0,0.0,0.0,5.55,4.35,0,0.0,0,0,06-MAY-2024,
OPTSTK,BANDHANBNK,25-Jul-2024,170.0,PE,0.0,0.0,0.0,7.1,5.75,0,0.0,0,0,06-MAY-2024,
OPTSTK,BANDHANBNK,25-Jul-2024,175.0,PE,0.0,0.0,0.0,8.9,7.4,0,0.0,0,0,06-MAY-2024,
OPTSTK,BANDHANBNK,25-Jul-2024,180.0,PE,11.0,11.55,11.0,11.1,11.1,7,37.45,33600,2800,06-MAY-2024,
OPTSTK,BANDHANBNK,25-Jul-2024,185.0,PE,0.0,0.0,0.0,13.4,11.6,0,0.0,0,0,06-MAY-2024,
OPTSTK,BANDHANBNK,25-Jul-2024,190.0,PE,0.0,0.0,0.0,16.0,14.1,0,0.0,0,0,06-MAY-2024,
OPTSTK,BANDHANBNK,25-Jul-2024,195.0,PE,0.0,0.0,0.0,18.9,16.9,0,0.0,0,0,06-MAY-2024,
OPTSTK,BANDHANBNK,25-Jul-2024,200.0,PE,0.0,0.0,0.0,22.0,19.9,0,0.0,0,0,06-MAY-2024,
OPTSTK,BANDHANBNK,25-Jul-2024,205.0,PE,0.0,0.0,0.0,25.35,23.2,0,0.0,0,0,06-MAY-2024,
OPTSTK,BANDHANBNK,25-Jul-2024,210.0,PE,0.0,0.0,0.0,28.9,26.75,0,0.0,0,0,06-MAY-2024,
OPTSTK,BANDHANBNK,25-Jul-2024,220.0,PE,0.0,0.0,0.0,36.55,34.35,0,0.0,0,0,06-MAY-2024,
OPTSTK,BANKBARODA,30-May-2024,210.0,CE,0.0,0.0,0.0,66.0,56.75,0,0.0,8775,0,06-MAY-2024,
OPTSTK,BANKBARODA,30-May-2024,220.0,CE,51.5,51.5,51.5,51.5,46.95,1,7.94,93600,-2925,06-MAY-2024,
OPTSTK,BANKBARODA,30-May-2024,225.0,CE,0.0,0.0,0.0,49.2,42.2,0,0.0,0,0,06-MAY-2024,
OPTSTK,BANKBARODA,30-May-2024,230.0,CE,33.85,33.85,33.45,33.45,37.5,2,15.42,32175,2925,06-MAY-2024,
OPTSTK,BANKBARODA,30-May-2024,235.0,CE,30.9,33.75,30.9,33.65,33.65,7,54.87,20475,5850,06-MAY-2024,
OPTSTK,BANKBARODA,30-May-2024,240.0,CE,28.65,31.85,25.8,29.2,29.2,40,314.61,239850,14625,06-MAY-2024,
OPTSTK,BANKBARODA,30-May-2024,245.0,CE,26.15,26.95,21.1,25.8,24.6,26,205.9,76050,11700,06-MAY-2024,
OPTSTK,BANKBARODA,30-May-2024,250.0,CE,23.0,24.4,17.2,21.4,21.4,386,3056.31,748800,67275,06-MAY-2024,
OPTSTK,BANKBARODA,30-May-2024,255.0,CE,18.5,20.3,14.05,17.85,17.85,73,580.74,114075,8775,06-MAY-2024,
OPTSTK,BANKBARODA,30-May-2024,260.0,CE,22.75,22.75,11.25,15.05,15.05,2165,17351.36,2424825,1193400,06-MAY-2024,
OPTSTK,BANKBARODA,30-May-2024,265.0,CE,12.8,14.0,8.9,11.95,11.95,3462,27982.3,2085525,1032525,06-MAY-2024,
OPTSTK,BANKBARODA,30-May-2024,270.0,CE,15.5,15.5,7.0,9.6,9.6,6022,49204.91,3565575,1719900,06-MAY-2024,
OPTSTK,BANKBARODA,30-May-2024,275.0,CE,12.3,13.0,5.4,7.6,7.6,2773,22909.85,1889550,473850,06-MAY-2024,
OPTSTK,BANKBARODA,30-May-2024,280.0,CE,9.75,9.75,4.15,5.9,5.9,4944,41322.09,4797000,441675,06-MAY-2024,
OPTSTK,BANKBARODA,30-May-2024,285.0,CE,8.1,8.1,3.2,4.6,4.6,2085,17654.49,2477475,-70200,06-MAY-2024,
OPTSTK,BANKBARODA,30-May-2024,290.0,CE,6.15,6.5,2.45,3.45,3.45,2330,19994.92,4317300,450450,06-MAY-2024,
OPTSTK,BANKBARODA,30-May-2024,295.0,CE,4.4,4.4,1.85,2.65,2.65,934,8130.94,1243125,394875,06-MAY-2024,
OPTSTK,BANKBARODA,30-May-2024,300.0,CE,3.75,3.8,1.45,2.1,2.1,3545,31315.26,7303725,157950,06-MAY-2024,
OPTSTK,BANKBARODA,30-May-2024,305.0,CE,2.15,2.15,1.1,1.6,1.6,499,4473.26,511875,298350,06-MAY-2024,
OPTSTK,BANKBARODA,30-May-2024,310.0,CE,2.2,2.2,0.85,1.25,1.25,1127,10257.93,2775825,76050,06-MAY-2024,
OPTSTK,BANKBARODA,30-May-2024,320.0,CE,1.3,1.3,0.55,0.8,0.8,829,7777.41,819000,198900,06-MAY-2024,
OPTSTK,BANKBARODA,30-May-2024,210.0,PE,0.2,0.4,0.2,0.2,0.1,49,301.41,76050,5850,06-MAY-2024,
OPTSTK,BANKBARODA,30-May-2024,220.0,PE,0.3,0.7,0.3,0.65,0.65,215,1386.68,751725,128700,06-MAY-2024,
OPTSTK,BANKBARODA,30-May-2024,225.0,PE,0.9,0.95,0.6,0.9,0.9,41,270.84,46800,46800,06-MAY-2024,
OPTSTK,BANKBARODA,30-May-2024,230.0,PE,0.4,1.45,0.4,1.15,1.15,670,4527.33,1044225,219375,06-MAY-2024,
OPTSTK,BANKBARODA,30-May-2024,235.0,PE,1.0,2.1,0.85,1.6,1.6,390,2697.45,780975,84825,06-MAY-2024,
OPTSTK,BANKBARODA,30-May-2024,240.0,PE,0.95,2.95,0.95,2.2,2.2,1297,9181.3,1886625,-5850,06-MAY-2024,
OPTSTK,BANKBARODA,30-May-2024,245.0,PE,1.65,4.1,1.65,3.05,3.05,879,6374.34,1009125,5850,06-MAY-2024,
OPTSTK,BANKBARODA,30-May-2024,250.0,PE,2.15,5.6,2.15,4.2,4.2,2457,18268.97,2822625,324675,06-MAY-2024,
OPTSTK,BANKBARODA,30-May-2024,255.0,PE,3.2,7.4,3.2,5.6,5.6,1187,9040.47,1196325,286650,06-MAY-2024,
OPTSTK,BANKBARODA,30-May-2024,260.0,PE,4.55,9.7,3.5,7.35,7.35,3504,27417.88,3477825,336375,06-MAY-2024,
OPTSTK,BANKBARODA,30-May-2024,265.0,PE,5.2,12.35,5.2,9.45,9.45,3330,26732.33,1760850,125775,06-MAY-2024,
OPTSTK,BANKBARODA,30-May-2024,270.0,PE,7.9,15.4,7.9,11.9,11.9,2544,20961.42,2691000,236925,06-MAY-2024,
OPTSTK,BANKBARODA,30-May-2024,275.0,PE,8.8,18.65,8.8,14.7,14.7,800,6767.92,921375,-5850,06-MAY-2024,
OPTSTK,BANKBARODA,30-May-2024,280.0,PE,12.55,22.5,12.55,18.05,18.05,585,5098.18,1752075,-76050,06-MAY-2024,
OPTSTK,BANKBARODA,30-May-2024,285.0,PE,20.5,26.4,18.4,21.9,21.9,88,789.95,593775,-38025,06-MAY-2024,
OPTSTK,BANKBARODA,30-May-2024,290.0,PE,24.2,30.65,22.1,26.05,26.05,108,997.85,769275,35100,06-MAY-2024,
OPTSTK,BANKBARODA,30-May-2024,295.0,PE,27.4,35.05,26.15,30.5,30.5,59,562.6,198900,111150,06-MAY-2024,
OPTSTK,BANKBARODA,30-May-2024,300.0,PE,32.55,39.6,30.75,34.75,34.75,116,1134.04,678600,146250,06-MAY-2024,
OPTSTK,BANKBARODA,30-May-2024,305.0,PE,41.6,44.2,36.95,39.2,39.2,31,311.85,81900,29250,06-MAY-2024,
OPTSTK,BANKBARODA,30-May-2024,310.0,PE,41.8,47.0,39.35,43.1,43.7,14,144.07,406575,5850,06-MAY-2024,
OPTSTK,BANKBARODA,30-May-2024,320.0,PE,51.05,53.05,48.8,53.0,53.0,13,141.29,84825,8775,06-MAY-2024,
OPTSTK,BANKBARODA,27-Jun-2024,225.0,CE,0.0,0.0,0.0,48.75,45.0,0,0.0,0,0,06-MAY-2024,
OPTSTK,BANKBARODA,27-Jun-2024,230.0,CE,0.0,0.0,0.0,43.75,40.8,0,0.0,0,0,06-MAY-2024,
OPTSTK,BANKBARODA,27-Jun-2024,235.0,CE,0.0,0.0,0.0,40.5,36.75,0,0.0,0,0,06-MAY-2024,
OPTSTK,BANKBARODA,27-Jun-2024,240.0,CE,0.0,0.0,0.0,36.6,32.9,0,0.0,0,0,06-MAY-2024,
OPTSTK,BANKBARODA,27-Jun-2024,245.0,CE,0.0,0.0,0.0,33.05,29.3,0,0.0,0,0,06-MAY-2024,
OPTSTK,BANKBARODA,27-Jun-2024,250.0,CE,0.0,0.0,0.0,30.2,25.9,0,0.0,0,0,06-MAY-2024,
OPTSTK,BANKBARODA,27-Jun-2024,255.0,CE,0.0,0.0,0.0,26.35,22.75,0,0.0,0,0,06-MAY-2024,
OPTSTK,BANKBARODA,27-Jun-2024,260.0,CE,24.0,24.8,22.6,24.3,19.85,11,91.28,96525,14625,06-MAY-2024,
OPTSTK,BANKBARODA,27-Jun-2024,265.0,CE,0.0,0.0,0.0,20.65,17.2,0,0.0,0,0,06-MAY-2024,
OPTSTK,BANKBARODA,27-Jun-2024,270.0,CE,20.0,20.7,15.3,19.45,14.85,32,270.02,81900,38025,06-MAY-2024,
OPTSTK,BANKBARODA,27-Jun-2024,275.0,CE,0.0,0.0,0.0,15.8,12.7,0,0.0,0,0,06-MAY-2024,
OPTSTK,BANKBARODA,27-Jun-2024,280.0,CE,14.6,16.0,11.9,14.85,14.85,44,378.38,166725,-20475,06-MAY-2024,
OPTSTK,BANKBARODA,27-Jun-2024,285.0,CE,0.0,0.0,0.0,11.9,9.15,0,0.0,0,0,06-MAY-2024,
OPTSTK,BANKBARODA,27-Jun-2024,290.0,CE,10.05,12.05,10.05,11.45,11.45,16,140.92,52650,0,06-MAY-2024,
OPTSTK,BANKBARODA,27-Jun-2024,295.0,CE,0.0,0.0,0.0,8.75,6.45,0,0.0,0,0,06-MAY-2024,
OPTSTK,BANKBARODA,27-Jun-2024,300.0,CE,8.7,9.75,7.0,9.1,9.1,89,803.15,301275,46800,06-MAY-2024,
OPTSTK,BANKBARODA,27-Jun-2024,305.0,CE,0.0,0.0,0.0,6.35,4.4,0,0.0,0,0,06-MAY-2024,
OPTSTK,BANKBARODA,27-Jun-2024,310.0,CE,5.25,5.25,5.25,5.25,3.65,2,18.44,5850,5850,06-MAY-2024,
OPTSTK,BANKBARODA,27-Jun-2024,320.0,CE,0.0,0.0,0.0,5.8,2.4,0,0.0,5850,0,06-MAY-2024,
OPTSTK,BANKBARODA,27-Jun-2024,225.0,PE,0.0,0.0,0.0,2.25,2.0,0,0.0,0,0,06-MAY-2024,
OPTSTK,BANKBARODA,27-Jun-2024,230.0,PE,5.15,5.15,4.9,5.15,5.15,15,103.12,43875,43875,06-MAY-2024,
OPTSTK,BANKBARODA,27-Jun-2024,235.0,PE,0.0,0.0,0.0,3.9,3.6,0,0.0,0,0,06-MAY-2024,
OPTSTK,BANKBARODA,27-Jun-2024,240.0,PE,5.5,8.55,5.5,8.15,8.15,48,347.85,172575,84825,06-MAY-2024,
OPTSTK,BANKBARODA,27-Jun-2024,245.0,PE,0.0,0.0,0.0,6.3,6.05,0,0.0,0,0,06-MAY-2024,
OPTSTK,BANKBARODA,27-Jun-2024,250.0,PE,6.35,12.4,6.35,11.5,11.5,52,396.6,377325,61425,06-MAY-2024,
OPTSTK,BANKBARODA,27-Jun-2024,255.0,PE,0.0,0.0,0.0,9.5,9.4,0,0.0,0,0,06-MAY-2024,
OPTSTK,BANKBARODA,27-Jun-2024,260.0,PE,11.35,17.0,11.35,15.25,15.25,119,958.09,579150,181350,06-MAY-2024,
OPTSTK,BANKBARODA,27-Jun-2024,265.0,PE,0.0,0.0,0.0,10.8,13.8,0,0.0,8775,0,06-MAY-2024,
OPTSTK,BANKBARODA,27-Jun-2024,270.0,PE,15.75,22.0,15.75,20.0,20.0,20,169.9,292500,8775,06-MAY-2024,
OPTSTK,BANKBARODA,27-Jun-2024,275.0,PE,0.0,0.0,0.0,18.75,19.15,0,0.0,0,0,06-MAY-2024,
OPTSTK,BANKBARODA,27-Jun-2024,280.0,PE,0.0,0.0,0.0,15.45,22.25,0,0.0,35100,0,06-MAY-2024,
OPTSTK,BANKBARODA,27-Jun-2024,285.0,PE,0.0,0.0,0.0,24.65,25.5,0,0.0,0,0,06-MAY-2024,
OPTSTK,BANKBARODA,27-Jun-2024,290.0,PE,0.0,0.0,0.0,33.1,29.0,0,0.0,0,0,06-MAY-2024,
OPTSTK,BANKBARODA,27-Jun-2024,295.0,PE,0.0,0.0,0.0,31.4,32.7,0,0.0,0,0,06-MAY-2024,
OPTSTK,BANKBARODA,27-Jun-2024,300.0,PE,36.25,36.7,36.25,36.7,36.55,2,19.68,5850,5850,06-MAY-2024,
OPTSTK,BANKBARODA,27-Jun-2024,305.0,PE,0.0,0.0,0.0,38.9,40.55,0,0.0,0,0,06-MAY-2024,
OPTSTK,BANKBARODA,27-Jun-2024,310.0,PE,0.0,0.0,0.0,47.75,44.75,0,0.0,0,0,06-MAY-2024,
OPTSTK,BANKBARODA,27-Jun-2024,320.0,PE,0.0,0.0,0.0,55.8,53.4,0,0.0,0,0,06-MAY-2024,
OPTSTK,BANKBARODA,25-Jul-2024,220.0,CE,0.0,0.0,0.0,55.6,52.05,0,0.0,0,0,06-MAY-2024,
OPTSTK,BANKBARODA,25-Jul-2024,230.0,CE,0.0,0.0,0.0,47.55,44.0,0,0.0,0,0,06-MAY-2024,
OPTSTK,BANKBARODA,25-Jul-2024,240.0,CE,0.0,0.0,0.0,40.15,36.6,0,0.0,0,0,06-MAY-2024,
OPTSTK,BANKBARODA,25-Jul-2024,250.0,CE,0.0,0.0,0.0,33.4,30.0,0,0.0,0,0,06-MAY-2024,
OPTSTK,BANKBARODA,25-Jul-2024,260.0,CE,0.0,0.0,0.0,27.45,24.2,0,0.0,0,0,06-MAY-2024,
OPTSTK,BANKBARODA,25-Jul-2024,270.0,CE,0.0,0.0,0.0,22.25,19.25,0,0.0,0,0,06-MAY-2024,
OPTSTK,BANKBARODA,25-Jul-2024,280.0,CE,0.0,0.0,0.0,17.85,15.05,0,0.0,0,0,06-MAY-2024,
OPTSTK,BANKBARODA,25-Jul-2024,290.0,CE,0.0,0.0,0.0,14.1,11.65,0,0.0,0,0,06-MAY-2024,
OPTSTK,BANKBARODA,25-Jul-2024,300.0,CE,0.0,0.0,0.0,11.05,8.9,0,0.0,0,0,06-MAY-2024,
OPTSTK,BANKBARODA,25-Jul-2024,310.0,CE,0.0,0.0,0.0,8.55,6.7,0,0.0,0,0,06-MAY-2024,
OPTSTK,BANKBARODA,25-Jul-2024,320.0,CE,0.0,0.0,0.0,6.55,4.95,0,0.0,0,0,06-MAY-2024,
OPTSTK,BANKBARODA,25-Jul-2024,220.0,PE,0.0,0.0,0.0,3.0,2.85,0,0.0,0,0,06-MAY-2024,
OPTSTK,BANKBARODA,25-Jul-2024,230.0,PE,0.0,0.0,0.0,4.75,4.65,0,0.0,0,0,06-MAY-2024,
OPTSTK,BANKBARODA,25-Jul-2024,240.0,PE,0.0,0.0,0.0,7.15,7.1,0,0.0,0,0,06-MAY-2024,
OPTSTK,BANKBARODA,25-Jul-2024,250.0,PE,10.0,10.0,10.0,10.0,10.35,1,7.6,40950,2925,06-MAY-2024,
OPTSTK,BANKBARODA,25-Jul-2024,260.0,PE,0.0,0.0,0.0,14.1,14.4,0,0.0,0,0,06-MAY-2024,
OPTSTK,BANKBARODA,25-Jul-2024,270.0,PE,0.0,0.0,0.0,13.05,19.25,0,0.0,2925,0,06-MAY-2024,
OPTSTK,BANKBARODA,25-Jul-2024,280.0,PE,0.0,0.0,0.0,21.0,24.95,0,0.0,5850,0,06-MAY-2024,
OPTSTK,BANKBARODA,25-Jul-2024,290.0,PE,0.0,0.0,0.0,30.25,31.35,0,0.0,0,0,06-MAY-2024,
OPTSTK,BANKBARODA,25-Jul-2024,300.0,PE,0.0,0.0,0.0,36.95,38.45,0,0.0,0,0,06-MAY-2024,
OPTSTK,BANKBARODA,25-Jul-2024,310.0,PE,0.0,0.0,0.0,44.3,46.1,0,0.0,0,0,06-MAY-2024,
OPTSTK,BANKBARODA,25-Jul-2024,320.0,PE,0.0,0.0,0.0,52.1,54.2,0,0.0,0,0,06-MAY-2024,
OPTSTK,BATAINDIA,30-May-2024,1140.0,CE,0.0,0.0,0.0,239.15,196.55,0,0.0,0,0,06-MAY-2024,
OPTSTK,BATAINDIA,30-May-2024,1160.0,CE,0.0,0.0,0.0,272.95,176.8,0,0.0,0,0,06-MAY-2024,
OPTSTK,BATAINDIA,30-May-2024,1180.0,CE,0.0,0.0,0.0,201.15,157.15,0,0.0,0,0,06-MAY-2024,
OPTSTK,BATAINDIA,30-May-2024,1200.0,CE,145.0,145.0,145.0,145.0,137.85,1,5.04,4875,-375,06-MAY-2024,
OPTSTK,BATAINDIA,30-May-2024,1220.0,CE,0.0,0.0,0.0,122.15,118.95,0,0.0,750,0,06-MAY-2024,
OPTSTK,BATAINDIA,30-May-2024,1230.0,CE,0.0,0.0,0.0,155.95,109.75,0,0.0,0,0,06-MAY-2024,
OPTSTK,BATAINDIA,30-May-2024,1240.0,CE,0.0,0.0,0.0,200.55,100.8,0,0.0,0,0,06-MAY-2024,
OPTSTK,BATAINDIA,30-May-2024,1250.0,CE,90.2,90.25,86.45,86.45,92.05,3,15.06,1875,750,06-MAY-2024,
OPTSTK,BATAINDIA,30-May-2024,1260.0,CE,0.0,0.0,0.0,130.75,83.6,0,0.0,0,0,06-MAY-2024,
OPTSTK,BATAINDIA,30-May-2024,1270.0,CE,76.55,76.55,69.0,73.85,73.85,43,216.31,9750,9750,06-MAY-2024,
OPTSTK,BATAINDIA,30-May-2024,1280.0,CE,70.8,70.8,70.8,70.8,67.75,1,5.06,1500,0,06-MAY-2024,
OPTSTK,BATAINDIA,30-May-2024,1290.0,CE,64.0,64.0,64.0,64.0,60.4,1,5.07,750,0,06-MAY-2024,
OPTSTK,BATAINDIA,30-May-2024,1300.0,CE,56.55,64.55,50.0,53.75,53.75,73,370.93,71250,-750,06-MAY-2024,
OPTSTK,BATAINDIA,30-May-2024,1310.0,CE,55.55,55.55,55.55,55.55,47.1,1,5.12,750,0,06-MAY-2024,
OPTSTK,BATAINDIA,30-May-2024,1320.0,CE,51.0,52.45,39.4,42.7,42.7,53,271.03,10125,5250,06-MAY-2024,
OPTSTK,BATAINDIA,30-May-2024,1330.0,CE,43.6,44.9,34.75,37.5,37.5,241,1237.17,45375,42375,06-MAY-2024,
OPTSTK,BATAINDIA,30-May-2024,1340.0,CE,40.7,41.0,30.55,33.1,33.1,290,1495.27,72750,25875,06-MAY-2024,
OPTSTK,BATAINDIA,30-May-2024,1350.0,CE,36.0,36.95,26.85,29.25,29.25,299,1548.39,89250,21375,06-MAY-2024,
OPTSTK,BATAINDIA,30-May-2024,1360.0,CE,32.95,32.95,23.5,25.15,25.15,111,577.55,97875,1125,06-MAY-2024,
OPTSTK,BATAINDIA,30-May-2024,1370.0,CE,26.0,27.85,20.6,21.7,21.7,89,465.2,144750,6000,06-MAY-2024,
OPTSTK,BATAINDIA,30-May-2024,1380.0,CE,24.0,24.25,17.75,18.4,18.4,129,677.34,103875,-1875,06-MAY-2024,
OPTSTK,BATAINDIA,30-May-2024,1390.0,CE,21.45,21.45,15.85,16.3,16.3,44,232.31,19500,-750,06-MAY-2024,
OPTSTK,BATAINDIA,30-May-2024,1400.0,CE,17.0,18.5,12.7,14.15,14.15,662,3514.1,459750,19500,06-MAY-2024,
OPTSTK,BATAINDIA,30-May-2024,1410.0,CE,14.05,14.05,11.75,11.75,8.6,32,170.76,10875,1500,06-MAY-2024,
OPTSTK,BATAINDIA,30-May-2024,1420.0,CE,13.8,13.8,10.15,10.5,10.5,55,295.2,27375,1500,06-MAY-2024,
OPTSTK,BATAINDIA,30-May-2024,1430.0,CE,11.6,11.75,8.9,8.95,8.95,28,151.26,10500,5625,06-MAY-2024,
OPTSTK,BATAINDIA,30-May-2024,1440.0,CE,9.8,10.15,7.5,7.75,7.75,106,575.83,46875,-5250,06-MAY-2024,
OPTSTK,BATAINDIA,30-May-2024,1450.0,CE,8.55,8.6,6.65,6.75,6.75,70,382.52,49500,-4875,06-MAY-2024,
OPTSTK,BATAINDIA,30-May-2024,1460.0,CE,7.6,7.6,5.6,5.8,5.8,32,175.92,24375,3750,06-MAY-2024,
OPTSTK,BATAINDIA,30-May-2024,1470.0,CE,6.9,6.9,6.9,6.9,2.1,1,5.53,2250,0,06-MAY-2024,
OPTSTK,BATAINDIA,30-May-2024,1480.0,CE,5.25,5.45,4.2,4.3,1.6,48,267.2,14250,3000,06-MAY-2024,
OPTSTK,BATAINDIA,30-May-2024,1490.0,CE,0.0,0.0,0.0,4.7,1.25,0,0.0,13125,0,06-MAY-2024,
OPTSTK,BATAINDIA,30-May-2024,1500.0,CE,4.0,4.3,3.05,3.45,3.45,375,2114.25,307875,-6750,06-MAY-2024,
OPTSTK,BATAINDIA,30-May-2024,1520.0,CE,2.85,2.85,2.4,2.5,0.55,39,222.68,22125,2625,06-MAY-2024,
OPTSTK,BATAINDIA,30-May-2024,1540.0,CE,1.6,1.6,1.6,1.6,0.3,3,17.34,9375,0,06-MAY-2024,
OPTSTK,BATAINDIA,30-May-2024,1560.0,CE,1.2,1.25,1.2,1.25,0.15,9,52.69,141750,-375,06-MAY-2024,
OPTSTK,BATAINDIA,30-May-2024,1580.0,CE,1.3,1.3,0.95,1.05,1.05,11,65.22,68250,0,06-MAY-2024,
OPTSTK,BATAINDIA,30-May-2024,1140.0,PE,0.0,0.0,0.0,0.5,0.1,0,0.0,750,0,06-MAY-2024,
OPTSTK,BATAINDIA,30-May-2024,1160.0,PE,2.5,3.3,2.5,3.05,3.05,124,540.83,40875,36375,06-MAY-2024,
OPTSTK,BATAINDIA,30-May-2024,1180.0,PE,0.0,0.0,0.0,4.05,0.55,0,0.0,1125,0,06-MAY-2024,
OPTSTK,BATAINDIA,30-May-2024,1200.0,PE,3.6,6.9,3.3,6.05,6.05,1775,8027.6,220875,48750,06-MAY-2024,
OPTSTK,BATAINDIA,30-May-2024,1210.0,PE,0.0,0.0,0.0,4.5,1.55,0,0.0,1500,0,06-MAY-2024,
OPTSTK,BATAINDIA,30-May-2024,1220.0,PE,5.25,5.25,5.25,5.25,5.25,3,13.78,1875,1125,06-MAY-2024,
OPTSTK,BATAINDIA,30-May-2024,1230.0,PE,6.4,6.4,6.4,6.4,2.9,1,4.63,22875,375,06-MAY-2024,
OPTSTK,BATAINDIA,30-May-2024,1240.0,PE,9.05,12.8,9.05,11.5,11.5,62,290.86,34125,-2625,06-MAY-2024,
OPTSTK,BATAINDIA,30-May-2024,1250.0,PE,9.0,14.95,8.85,13.2,13.2,460,2177.91,159750,71625,06-MAY-2024,
OPTSTK,BATAINDIA,30-May-2024,1260.0,PE,12.5,17.4,11.35,15.8,15.8,62,296.31,27000,7125,06-MAY-2024,
OPTSTK,BATAINDIA,30-May-2024,1270.0,PE,0.0,0.0,0.0,10.5,8.45,0,0.0,6750,0,06-MAY-2024,
OPTSTK,BATAINDIA,30-May-2024,1280.0,PE,17.0,23.55,16.0,21.15,21.15,85,414.57,66750,3375,06-MAY-2024,
OPTSTK,BATAINDIA,30-May-2024,1290.0,PE,17.0,22.7,17.0,22.7,13.25,2,9.82,2625,0,06-MAY-2024,
OPTSTK,BATAINDIA,30-May-2024,1300.0,PE,23.85,31.15,21.2,28.45,28.45,439,2185.29,190125,4875,06-MAY-2024,
OPTSTK,BATAINDIA,30-May-2024,1310.0,PE,28.0,35.65,28.0,32.65,32.65,44,221.5,15375,1500,06-MAY-2024,
OPTSTK,BATAINDIA,30-May-2024,1320.0,PE,30.5,40.65,28.8,36.55,36.55,99,503.37,34875,4500,06-MAY-2024,
OPTSTK,BATAINDIA,30-May-2024,1330.0,PE,38.55,46.15,33.0,42.6,42.6,157,807.15,16875,12000,06-MAY-2024,
OPTSTK,BATAINDIA,30-May-2024,1340.0,PE,42.5,51.6,38.3,46.75,46.75,102,530.7,85500,6000,06-MAY-2024,
OPTSTK,BATAINDIA,30-May-2024,1350.0,PE,47.6,58.1,44.3,54.25,54.25,66,347.45,55500,750,06-MAY-2024,
OPTSTK,BATAINDIA,30-May-2024,1360.0,PE,52.05,64.0,52.05,59.6,59.6,16,85.06,65625,750,06-MAY-2024,
OPTSTK,BATAINDIA,30-May-2024,1370.0,PE,61.0,67.6,61.0,67.3,51.15,6,32.28,20625,375,06-MAY-2024,
OPTSTK,BATAINDIA,30-May-2024,1380.0,PE,69.0,69.5,69.0,69.5,58.0,2,10.86,17250,375,06-MAY-2024,
OPTSTK,BATAINDIA,30-May-2024,1390.0,PE,75.5,79.3,69.1,79.3,65.3,3,16.47,6750,750,06-MAY-2024,
OPTSTK,BATAINDIA,30-May-2024,1400.0,PE,84.95,93.7,84.95,91.05,91.05,16,89.42,198750,-375,06-MAY-2024,
OPTSTK,BATAINDIA,30-May-2024,1410.0,PE,102.0,102.0,102.0,102.0,80.9,1,5.67,750,-375,06-MAY-2024,
OPTSTK,BATAINDIA,30-May-2024,1420.0,PE,0.0,0.0,0.0,66.4,89.2,0,0.0,750,0,06-MAY-2024,
OPTSTK,BATAINDIA,30-May-2024,1430.0,PE,0.0,0.0,0.0,80.5,97.75,0,0.0,0,0,06-MAY-2024,
OPTSTK,BATAINDIA,30-May-2024,1440.0,PE,0.0,0.0,0.0,108.75,106.55,0,0.0,6375,0,06-MAY-2024,
OPTSTK,BATAINDIA,30-May-2024,1450.0,PE,0.0,0.0,0.0,102.45,115.6,0,0.0,1875,0,06-MAY-2024,
OPTSTK,BATAINDIA,30-May-2024,1460.0,PE,0.0,0.0,0.0,111.8,124.8,0,0.0,1125,0,06-MAY-2024,
OPTSTK,BATAINDIA,30-May-2024,1470.0,PE,0.0,0.0,0.0,108.65,134.1,0,0.0,0,0,06-MAY-2024,
OPTSTK,BATAINDIA,30-May-2024,1480.0,PE,0.0,0.0,0.0,107.6,143.6,0,0.0,375,0,06-MAY-2024,
OPTSTK,BATAINDIA,30-May-2024,1490.0,PE,0.0,0.0,0.0,146.0,153.15,0,0.0,375,0,06-MAY-2024,
OPTSTK,BATAINDIA,30-May-2024,1500.0,PE,181.0,181.0,181.0,181.0,162.8,10,63.03,104625,3000,06-MAY-2024,
OPTSTK,BATAINDIA,30-May-2024,1520.0,PE,0.0,0.0,0.0,118.6,182.3,0,0.0,0,0,06-MAY-2024,
OPTSTK,BATAINDIA,30-May-2024,1540.0,PE,0.0,0.0,0.0,172.3,202.0,0,0.0,1875,0,06-MAY-2024,
OPTSTK,BATAINDIA,30-May-2024,1560.0,PE,0.0,0.0,0.0,147.75,221.75,0,0.0,0,0,06-MAY-2024,
OPTSTK,BATAINDIA,27-Jun-2024,1140.0,CE,0.0,0.0,0.0,247.15,204.25,0,0.0,0,0,06-MAY-2024,
OPTSTK,BATAINDIA,27-Jun-2024,1160.0,CE,0.0,0.0,0.0,228.65,185.3,0,0.0,0,0,06-MAY-2024,
OPTSTK,BATAINDIA,27-Jun-2024,1180.0,CE,0.0,0.0,0.0,210.5,166.8,0,0.0,0,0,06-MAY-2024,
OPTSTK,BATAINDIA,27-Jun-2024,1200.0,CE,0.0,0.0,0.0,192.85,148.8,0,0.0,0,0,06-MAY-2024,
OPTSTK,BATAINDIA,27-Jun-2024,1220.0,CE,0.0,0.0,0.0,175.75,131.45,0,0.0,0,0,06-MAY-2024,
OPTSTK,BATAINDIA,27-Jun-2024,1230.0,CE,0.0,0.0,0.0,144.0,123.1,0,0.0,0,0,06-MAY-2024,
OPTSTK,BATAINDIA,27-Jun-2024,1240.0,CE,0.0,0.0,0.0,159.25,115.0,0,0.0,0,0,06-MAY-2024,
OPTSTK,BATAINDIA,27-Jun-2024,1250.0,CE,0.0,0.0,0.0,127.7,107.1,0,0.0,0,0,06-MAY-2024,
OPTSTK,BATAINDIA,27-Jun-2024,1260.0,CE,0.0,0.0,0.0,143.45,99.45,0,0.0,0,0,06-MAY-2024,
OPTSTK,BATAINDIA,27-Jun-2024,1270.0,CE,0.0,0.0,0.0,112.25,92.15,0,0.0,0,0,06-MAY-2024,
OPTSTK,BATAINDIA,27-Jun-2024,1280.0,CE,0.0,0.0,0.0,128.5,85.05,0,0.0,0,0,06-MAY-2024,
OPTSTK,BATAINDIA,27-Jun-2024,1290.0,CE,0.0,0.0,0.0,97.75,78.3,0,0.0,0,0,06-MAY-2024,
OPTSTK,BATAINDIA,27-Jun-2024,1300.0,CE,0.0,0.0,0.0,114.3,71.9,0,0.0,0,0,06-MAY-2024,
OPTSTK,BATAINDIA,27-Jun-2024,1310.0,CE,0.0,0.0,0.0,84.4,65.8,0,0.0,0,0,06-MAY-2024,
OPTSTK,BATAINDIA,27-Jun-2024,1320.0,CE,0.0,0.0,0.0,101.05,60.0,0,0.0,0,0,06-MAY-2024,
OPTSTK,BATAINDIA,27-Jun-2024,1330.0,CE,0.0,0.0,0.0,72.15,54.55,0,0.0,0,0,06-MAY-2024,
OPTSTK,BATAINDIA,27-Jun-2024,1340.0,CE,0.0,0.0,0.0,88.8,49.45,0,0.0,0,0,06-MAY-2024,
OPTSTK,BATAINDIA,27-Jun-2024,1350.0,CE,0.0,0.0,0.0,61.1,44.65,0,0.0,0,0,06-MAY-2024,
OPTSTK,BATAINDIA,27-Jun-2024,1360.0,CE,34.65,50.0,34.65,50.0,40.2,2,10.51,750,750,06-MAY-2024,
OPTSTK,BATAINDIA,27-Jun-2024,1370.0,CE,0.0,0.0,0.0,51.2,36.1,0,0.0,0,0,06-MAY-2024,
OPTSTK,BATAINDIA,27-Jun-2024,1380.0,CE,0.0,0.0,0.0,67.2,32.3,0,0.0,0,0,06-MAY-2024,
OPTSTK,BATAINDIA,27-Jun-2024,1390.0,CE,0.0,0.0,0.0,42.5,28.8,0,0.0,0,0,06-MAY-2024,
OPTSTK,BATAINDIA,27-Jun-2024,1400.0,CE,41.0,45.7,38.25,41.5,41.5,55,297.52,34500,8250,06-MAY-2024,
OPTSTK,BATAINDIA,27-Jun-2024,1410.0,CE,0.0,0.0,0.0,34.95,22.65,0,0.0,0,0,06-MAY-2024,
OPTSTK,BATAINDIA,27-Jun-2024,1420.0,CE,0.0,0.0,0.0,49.5,20.0,0,0.0,0,0,06-MAY-2024,
OPTSTK,BATAINDIA,27-Jun-2024,1430.0,CE,0.0,0.0,0.0,28.4,17.65,0,0.0,0,0,06-MAY-2024,
OPTSTK,BATAINDIA,27-Jun-2024,1440.0,CE,0.0,0.0,0.0,42.05,15.45,0,0.0,0,0,06-MAY-2024,
OPTSTK,BATAINDIA,27-Jun-2024,1450.0,CE,23.45,23.45,23.45,23.45,13.5,1,5.52,375,375,06-MAY-2024,
OPTSTK,BATAINDIA,27-Jun-2024,1460.0,CE,0.0,0.0,0.0,35.5,11.75,0,0.0,0,0,06-MAY-2024,
OPTSTK,BATAINDIA,27-Jun-2024,1470.0,CE,0.0,0.0,0.0,18.25,10.2,0,0.0,0,0,06-MAY-2024,
OPTSTK,BATAINDIA,27-Jun-2024,1480.0,CE,0.0,0.0,0.0,29.8,8.85,0,0.0,0,0,06-MAY-2024,
OPTSTK,BATAINDIA,27-Jun-2024,1490.0,CE,0.0,0.0,0.0,14.4,7.65,0,0.0,0,0,06-MAY-2024,
OPTSTK,BATAINDIA,27-Jun-2024,1500.0,CE,17.4,17.85,16.0,17.8,17.8,12,68.26,18375,2625,06-MAY-2024,
OPTSTK,BATAINDIA,27-Jun-2024,1520.0,CE,0.0,0.0,0.0,20.55,4.8,0,0.0,0,0,06-MAY-2024,
OPTSTK,BATAINDIA,27-Jun-2024,1540.0,CE,0.0,0.0,0.0,16.9,3.5,0,0.0,0,0,06-MAY-2024,
OPTSTK,BATAINDIA,27-Jun-2024,1560.0,CE,0.0,0.0,0.0,13.85,2.5,0,0.0,0,0,06-MAY-2024,
OPTSTK,BATAINDIA,27-Jun-2024,1140.0,PE,0.0,0.0,0.0,2.6,1.3,0,0.0,0,0,06-MAY-2024,
OPTSTK,BATAINDIA,27-Jun-2024,1160.0,PE,5.15,5.15,5.15,5.15,2.15,3,13.1,3000,1125,06-MAY-2024,
OPTSTK,BATAINDIA,27-Jun-2024,1180.0,PE,0.0,0.0,0.0,5.25,3.4,0,0.0,0,0,06-MAY-2024,
OPTSTK,BATAINDIA,27-Jun-2024,1200.0,PE,0.0,0.0,0.0,7.2,5.2,0,0.0,0,0,06-MAY-2024,
OPTSTK,BATAINDIA,27-Jun-2024,1220.0,PE,0.0,0.0,0.0,9.7,7.7,0,0.0,0,0,06-MAY-2024,
OPTSTK,BATAINDIA,27-Jun-2024,1230.0,PE,0.0,0.0,0.0,9.15,9.25,0,0.0,0,0,06-MAY-2024,
OPTSTK,BATAINDIA,27-Jun-2024,1240.0,PE,0.0,0.0,0.0,12.85,11.0,0,0.0,0,0,06-MAY-2024,
OPTSTK,BATAINDIA,27-Jun-2024,1250.0,PE,0.0,0.0,0.0,12.0,13.0,0,0.0,750,0,06-MAY-2024,
OPTSTK,BATAINDIA,27-Jun-2024,1260.0,PE,0.0,0.0,0.0,20.5,15.3,0,0.0,3000,0,06-MAY-2024,
OPTSTK,BATAINDIA,27-Jun-2024,1270.0,PE,0.0,0.0,0.0,16.85,17.9,0,0.0,0,0,06-MAY-2024,
OPTSTK,BATAINDIA,27-Jun-2024,1280.0,PE,0.0,0.0,0.0,21.4,20.65,0,0.0,0,0,06-MAY-2024,
OPTSTK,BATAINDIA,27-Jun-2024,1290.0,PE,0.0,0.0,0.0,22.15,23.8,0,0.0,0,0,06-MAY-2024,
OPTSTK,BATAINDIA,27-Jun-2024,1300.0,PE,46.0,56.65,46.0,55.7,55.7,53,268.86,31500,9000,06-MAY-2024,
OPTSTK,BATAINDIA,27-Jun-2024,1310.0,PE,0.0,0.0,0.0,28.55,31.1,0,0.0,0,0,06-MAY-2024,
OPTSTK,BATAINDIA,27-Jun-2024,1320.0,PE,0.0,0.0,0.0,33.25,35.2,0,0.0,0,0,06-MAY-2024,
OPTSTK,BATAINDIA,27-Jun-2024,1330.0,PE,0.0,0.0,0.0,36.05,39.65,0,0.0,0,0,06-MAY-2024,
OPTSTK,BATAINDIA,27-Jun-2024,1340.0,PE,0.0,0.0,0.0,40.65,44.45,0,0.0,0,0,06-MAY-2024,
OPTSTK,BATAINDIA,27-Jun-2024,1350.0,PE,0.0,0.0,0.0,44.75,49.55,0,0.0,0,0,06-MAY-2024,
OPTSTK,BATAINDIA,27-Jun-2024,1360.0,PE,0.0,0.0,0.0,49.0,55.0,0,0.0,0,0,06-MAY-2024,
OPTSTK,BATAINDIA,27-Jun-2024,1370.0,PE,0.0,0.0,0.0,54.6,60.8,0,0.0,0,0,06-MAY-2024,
OPTSTK,BATAINDIA,27-Jun-2024,1380.0,PE,0.0,0.0,0.0,60.0,66.85,0,0.0,750,0,06-MAY-2024,
OPTSTK,BATAINDIA,27-Jun-2024,1390.0,PE,0.0,0.0,0.0,65.65,73.25,0,0.0,0,0,06-MAY-2024,
OPTSTK,BATAINDIA,27-Jun-2024,1400.0,PE,96.35,116.9,96.35,116.9,79.95,4,22.62,22125,1125,06-MAY-2024,
OPTSTK,BATAINDIA,27-Jun-2024,1410.0,PE,0.0,0.0,0.0,77.8,86.95,0,0.0,0,0,06-MAY-2024,
OPTSTK,BATAINDIA,27-Jun-2024,1420.0,PE,0.0,0.0,0.0,79.95,94.15,0,0.0,0,0,06-MAY-2024,
OPTSTK,BATAINDIA,27-Jun-2024,1430.0,PE,0.0,0.0,0.0,91.05,101.75,0,0.0,0,0,06-MAY-2024,
OPTSTK,BATAINDIA,27-Jun-2024,1440.0,PE,0.0,0.0,0.0,92.15,109.4,0,0.0,0,0,06-MAY-2024,
OPTSTK,BATAINDIA,27-Jun-2024,1450.0,PE,0.0,0.0,0.0,105.25,117.35,0,0.0,0,0,06-MAY-2024,
OPTSTK,BATAINDIA,27-Jun-2024,1460.0,PE,0.0,0.0,0.0,105.2,125.5,0,0.0,0,0,06-MAY-2024,
OPTSTK,BATAINDIA,27-Jun-2024,1470.0,PE,0.0,0.0,0.0,120.35,133.85,0,0.0,0,0,06-MAY-2024,
OPTSTK,BATAINDIA,27-Jun-2024,1480.0,PE,0.0,0.0,0.0,119.1,142.4,0,0.0,0,0,06-MAY-2024,
OPTSTK,BATAINDIA,27-Jun-2024,1490.0,PE,0.0,0.0,0.0,136.3,151.1,0,0.0,0,0,06-MAY-2024,
OPTSTK,BATAINDIA,27-Jun-2024,1500.0,PE,0.0,0.0,0.0,133.85,159.9,0,0.0,0,0,06-MAY-2024,
OPTSTK,BATAINDIA,27-Jun-2024,1520.0,PE,0.0,0.0,0.0,149.2,177.95,0,0.0,0,0,06-MAY-2024,
OPTSTK,BATAINDIA,27-Jun-2024,1540.0,PE,0.0,0.0,0.0,165.2,196.4,0,0.0,0,0,06-MAY-2024,
OPTSTK,BATAINDIA,27-Jun-2024,1560.0,PE,0.0,0.0,0.0,181.75,215.2,0,0.0,0,0,06-MAY-2024,
OPTSTK,BATAINDIA,25-Jul-2024,1120.0,CE,0.0,0.0,0.0,252.1,231.25,0,0.0,0,0,06-MAY-2024,
OPTSTK,BATAINDIA,25-Jul-2024,1160.0,CE,0.0,0.0,0.0,215.35,194.55,0,0.0,0,0,06-MAY-2024,
OPTSTK,BATAINDIA,25-Jul-2024,1200.0,CE,0.0,0.0,0.0,180.4,159.85,0,0.0,0,0,06-MAY-2024,
OPTSTK,BATAINDIA,25-Jul-2024,1220.0,CE,0.0,0.0,0.0,163.8,143.45,0,0.0,0,0,06-MAY-2024,
OPTSTK,BATAINDIA,25-Jul-2024,1240.0,CE,0.0,0.0,0.0,147.85,127.9,0,0.0,0,0,06-MAY-2024,
OPTSTK,BATAINDIA,25-Jul-2024,1260.0,CE,0.0,0.0,0.0,132.7,113.25,0,0.0,0,0,06-MAY-2024,
OPTSTK,BATAINDIA,25-Jul-2024,1280.0,CE,0.0,0.0,0.0,118.35,99.45,0,0.0,0,0,06-MAY-2024,
OPTSTK,BATAINDIA,25-Jul-2024,1300.0,CE,0.0,0.0,0.0,104.95,86.7,0,0.0,0,0,06-MAY-2024,
OPTSTK,BATAINDIA,25-Jul-2024,1320.0,CE,0.0,0.0,0.0,92.45,75.0,0,0.0,0,0,06-MAY-2024,
OPTSTK,BATAINDIA,25-Jul-2024,1340.0,CE,0.0,0.0,0.0,80.95,64.4,0,0.0,0,0,06-MAY-2024,
OPTSTK,BATAINDIA,25-Jul-2024,1360.0,CE,0.0,0.0,0.0,70.4,54.85,0,0.0,0,0,06-MAY-2024,
OPTSTK,BATAINDIA,25-Jul-2024,1380.0,CE,0.0,0.0,0.0,60.85,46.35,0,0.0,0,0,06-MAY-2024,
OPTSTK,BATAINDIA,25-Jul-2024,1400.0,CE,55.0,55.0,55.0,55.0,38.85,1,5.45,375,375,06-MAY-2024,
OPTSTK,BATAINDIA,25-Jul-2024,1420.0,CE,0.0,0.0,0.0,44.55,32.3,0,0.0,0,0,06-MAY-2024,
OPTSTK,BATAINDIA,25-Jul-2024,1440.0,CE,0.0,0.0,0.0,37.75,26.65,0,0.0,0,0,06-MAY-2024,
OPTSTK,BATAINDIA,25-Jul-2024,1460.0,CE,0.0,0.0,0.0,31.8,21.9,0,0.0,0,0,06-MAY-2024,
OPTSTK,BATAINDIA,25-Jul-2024,1480.0,CE,0.0,0.0,0.0,26.65,17.75,0,0.0,0,0,06-MAY-2024,
OPTSTK,BATAINDIA,25-Jul-2024,1520.0,CE,0.0,0.0,0.0,18.3,11.45,0,0.0,0,0,06-MAY-2024,
OPTSTK,BATAINDIA,25-Jul-2024,1560.0,CE,0.0,0.0,0.0,12.25,7.2,0,0.0,0,0,06-MAY-2024,
OPTSTK,BATAINDIA,25-Jul-2024,1120.0,PE,0.0,0.0,0.0,2.45,2.35,0,0.0,0,0,06-MAY-2024,
OPTSTK,BATAINDIA,25-Jul-2024,1160.0,PE,0.0,0.0,0.0,4.95,5.0,0,0.0,0,0,06-MAY-2024,
OPTSTK,BATAINDIA,25-Jul-2024,1200.0,PE,0.0,0.0,0.0,9.3,9.65,0,0.0,0,0,06-MAY-2024,
OPTSTK,BATAINDIA,25-Jul-2024,1220.0,PE,0.0,0.0,0.0,12.3,13.0,0,0.0,0,0,06-MAY-2024,
OPTSTK,BATAINDIA,25-Jul-2024,1240.0,PE,0.0,0.0,0.0,16.0,17.1,0,0.0,0,0,06-MAY-2024,
OPTSTK,BATAINDIA,25-Jul-2024,1260.0,PE,0.0,0.0,0.0,20.5,22.1,0,0.0,0,0,06-MAY-2024,
OPTSTK,BATAINDIA,25-Jul-2024,1280.0,PE,0.0,0.0,0.0,25.8,28.0,0,0.0,0,0,06-MAY-2024,
OPTSTK,BATAINDIA,25-Jul-2024,1300.0,PE,0.0,0.0,0.0,52.35,34.95,0,0.0,2625,0,06-MAY-2024,
OPTSTK,BATAINDIA,25-Jul-2024,1320.0,PE,0.0,0.0,0.0,39.15,42.95,0,0.0,0,0,06-MAY-2024,
OPTSTK,BATAINDIA,25-Jul-2024,1340.0,PE,0.0,0.0,0.0,47.3,52.0,0,0.0,0,0,06-MAY-2024,
OPTSTK,BATAINDIA,25-Jul-2024,1360.0,PE,0.0,0.0,0.0,56.4,62.15,0,0.0,0,0,06-MAY-2024,
OPTSTK,BATAINDIA,25-Jul-2024,1380.0,PE,0.0,0.0,0.0,66.45,73.35,0,0.0,0,0,06-MAY-2024,
OPTSTK,BATAINDIA,25-Jul-2024,1400.0,PE,0.0,0.0,0.0,77.5,85.5,0,0.0,0,0,06-MAY-2024,
OPTSTK,BATAINDIA,25-Jul-2024,1420.0,PE,0.0,0.0,0.0,89.45,98.65,0,0.0,0,0,06-MAY-2024,
OPTSTK,BATAINDIA,25-Jul-2024,1440.0,PE,0.0,0.0,0.0,102.3,112.7,0,0.0,0,0,06-MAY-2024,
OPTSTK,BATAINDIA,25-Jul-2024,1460.0,PE,0.0,0.0,0.0,115.95,127.6,0,0.0,0,0,06-MAY-2024,
OPTSTK,BATAINDIA,25-Jul-2024,1480.0,PE,0.0,0.0,0.0,130.45,143.15,0,0.0,0,0,06-MAY-2024,
OPTSTK,BATAINDIA,25-Jul-2024,1520.0,PE,0.0,0.0,0.0,161.4,176.25,0,0.0,0,0,06-MAY-2024,
OPTSTK,BATAINDIA,25-Jul-2024,1560.0,PE,0.0,0.0,0.0,194.65,211.3,0,0.0,0,0,06-MAY-2024,
OPTSTK,BEL,30-May-2024,180.0,CE,0.0,0.0,0.0,59.0,52.7,0,0.0,193800,0,06-MAY-2024,
OPTSTK,BEL,30-May-2024,190.0,CE,0.0,0.0,0.0,45.35,42.85,0,0.0,136800,0,06-MAY-2024,
OPTSTK,BEL,30-May-2024,192.5,CE,0.0,0.0,0.0,42.95,40.4,0,0.0,5700,0,06-MAY-2024,
OPTSTK,BEL,30-May-2024,200.0,CE,35.5,35.5,34.7,34.7,33.2,7,46.92,798000,0,06-MAY-2024,
OPTSTK,BEL,30-May-2024,205.0,CE,0.0,0.0,0.0,32.55,28.55,0,0.0,17100,0,06-MAY-2024,
OPTSTK,BEL,30-May-2024,210.0,CE,27.1,27.55,24.5,26.65,24.15,18,120.93,484500,-42750,06-MAY-2024,
OPTSTK,BEL,30-May-2024,215.0,CE,21.2,22.85,20.9,21.6,21.6,12,81.07,85500,-8550,06-MAY-2024,
OPTSTK,BEL,30-May-2024,217.5,CE,21.9,21.9,17.9,19.85,18.1,15,101.33,59850,11400,06-MAY-2024,
OPTSTK,BEL,30-May-2024,220.0,CE,19.45,20.4,16.2,17.4,17.4,141,956.38,912000,-128250,06-MAY-2024,
OPTSTK,BEL,30-May-2024,222.5,CE,16.4,17.4,14.65,16.55,14.5,17,115.77,76950,19950,06-MAY-2024,
OPTSTK,BEL,30-May-2024,225.0,CE,16.5,16.9,13.1,14.15,14.15,83,566.45,387600,37050,06-MAY-2024,
OPTSTK,BEL,30-May-2024,227.5,CE,14.45,14.6,11.6,12.2,12.2,33,226.42,85500,8550,06-MAY-2024,
OPTSTK,BEL,30-May-2024,230.0,CE,13.0,13.55,10.2,11.2,11.2,1622,11165.67,2912700,-176700,06-MAY-2024,
OPTSTK,BEL,30-May-2024,232.5,CE,10.5,12.0,9.05,10.0,10.0,415,2873.42,441750,22800,06-MAY-2024,
OPTSTK,BEL,30-May-2024,235.0,CE,13.6,13.6,7.95,8.85,8.85,3481,24221.11,4172400,484500,06-MAY-2024,
OPTSTK,BEL,30-May-2024,237.5,CE,8.9,9.55,7.0,7.85,7.85,790,5528.05,1427850,-139650,06-MAY-2024,
OPTSTK,BEL,30-May-2024,240.0,CE,7.85,8.5,6.1,6.8,6.8,4595,32367.01,11761950,-302100,06-MAY-2024,
OPTSTK,BEL,30-May-2024,242.5,CE,7.25,7.35,5.45,5.95,5.95,279,1977.11,490200,-28500,06-MAY-2024,
OPTSTK,BEL,30-May-2024,245.0,CE,6.2,6.45,4.6,5.15,5.15,1987,14175.72,3172050,344850,06-MAY-2024,
OPTSTK,BEL,30-May-2024,247.5,CE,5.5,5.6,3.9,4.45,4.45,248,1781.1,666900,344850,06-MAY-2024,
OPTSTK,BEL,30-May-2024,250.0,CE,4.75,4.95,3.45,3.85,3.85,2709,19609.22,7464150,-424650,06-MAY-2024,
OPTSTK,BEL,30-May-2024,252.5,CE,4.15,4.15,3.1,3.2,3.2,35,255.33,421800,5700,06-MAY-2024,
OPTSTK,BEL,30-May-2024,255.0,CE,3.5,3.7,2.6,2.85,2.85,471,3463.09,1530450,22800,06-MAY-2024,
OPTSTK,BEL,30-May-2024,257.5,CE,3.05,3.1,2.25,2.4,2.4,48,355.96,290700,-11400,06-MAY-2024,
OPTSTK,BEL,30-May-2024,260.0,CE,2.6,2.75,1.9,2.1,2.1,1566,11701.16,5323800,-666900,06-MAY-2024,
OPTSTK,BEL,30-May-2024,265.0,CE,1.95,2.0,1.4,1.5,1.5,1315,9991.72,2795850,-1208400,06-MAY-2024,
OPTSTK,BEL,30-May-2024,270.0,CE,1.35,1.45,1.0,1.05,1.05,696,5378.44,2556450,-65550,06-MAY-2024,
OPTSTK,BEL,30-May-2024,180.0,PE,0.15,0.25,0.1,0.2,0.05,11,56.48,270750,14250,06-MAY-2024,
OPTSTK,BEL,30-May-2024,185.0,PE,0.0,0.0,0.0,0.2,0.05,0,0.0,25650,0,06-MAY-2024,
OPTSTK,BEL,30-May-2024,190.0,PE,0.45,0.45,0.3,0.4,0.1,6,32.55,401850,5700,06-MAY-2024,
OPTSTK,BEL,30-May-2024,192.5,PE,0.25,0.4,0.25,0.4,0.4,4,21.98,31350,-2850,06-MAY-2024,
OPTSTK,BEL,30-May-2024,195.0,PE,0.35,0.6,0.35,0.5,0.5,154,858.05,558600,19950,06-MAY-2024,
OPTSTK,BEL,30-May-2024,200.0,PE,0.6,1.0,0.55,0.75,0.75,628,3594.53,2633400,-76950,06-MAY-2024,
OPTSTK,BEL,30-May-2024,202.5,PE,1.0,1.15,0.8,0.85,0.55,20,115.95,62700,25650,06-MAY-2024,
OPTSTK,BEL,30-May-2024,205.0,PE,0.9,1.45,0.9,1.15,1.15,261,1532.77,646950,-76950,06-MAY-2024,
OPTSTK,BEL,30-May-2024,207.5,PE,1.1,1.75,1.0,1.3,1.3,67,398.81,148200,-34200,06-MAY-2024,
OPTSTK,BEL,30-May-2024,210.0,PE,1.2,2.15,1.2,1.75,1.75,1110,6696.04,4226550,-564300,06-MAY-2024,
OPTSTK,BEL,30-May-2024,212.5,PE,1.6,2.65,1.6,2.15,2.15,75,458.65,176700,22800,06-MAY-2024,
OPTSTK,BEL,30-May-2024,215.0,PE,2.2,3.2,1.9,2.6,2.6,882,5466.7,1778400,-91200,06-MAY-2024,
OPTSTK,BEL,30-May-2024,217.5,PE,2.7,3.85,2.4,3.2,3.2,190,1194.15,116850,-208050,06-MAY-2024,
OPTSTK,BEL,30-May-2024,220.0,PE,3.3,4.7,2.9,3.85,3.85,1288,8213.22,4970400,188100,06-MAY-2024,
OPTSTK,BEL,30-May-2024,222.5,PE,4.1,5.4,3.9,4.7,4.7,137,886.79,233700,-11400,06-MAY-2024,
OPTSTK,BEL,30-May-2024,225.0,PE,4.75,6.45,4.15,5.55,5.55,749,4914.03,1881000,-359100,06-MAY-2024,
OPTSTK,BEL,30-May-2024,227.5,PE,5.3,7.4,5.2,6.55,6.55,602,4007.6,461700,-498750,06-MAY-2024,
OPTSTK,BEL,30-May-2024,230.0,PE,6.45,8.75,5.8,7.7,7.7,1966,13304.07,4713900,-510150,06-MAY-2024,
OPTSTK,BEL,30-May-2024,232.5,PE,7.65,9.8,7.1,8.9,8.9,903,6199.06,863550,510150,06-MAY-2024,
OPTSTK,BEL,30-May-2024,235.0,PE,8.7,11.3,8.0,10.3,10.3,1126,7852.48,3040950,-91200,06-MAY-2024,
OPTSTK,BEL,30-May-2024,237.5,PE,10.0,12.8,9.35,11.95,11.95,219,1551.23,741000,-62700,06-MAY-2024,
OPTSTK,BEL,30-May-2024,240.0,PE,11.35,14.5,10.7,13.25,13.25,472,3395.11,3990000,-196650,06-MAY-2024,
OPTSTK,BEL,30-May-2024,242.5,PE,13.05,15.95,12.95,13.5,14.25,22,160.69,202350,-28500,06-MAY-2024,
OPTSTK,BEL,30-May-2024,245.0,PE,14.7,17.7,14.15,15.4,16.0,46,342.21,666900,42750,06-MAY-2024,
OPTSTK,BEL,30-May-2024,247.5,PE,16.55,19.6,15.9,17.15,17.85,29,218.9,122550,2850,06-MAY-2024,
OPTSTK,BEL,30-May-2024,250.0,PE,17.55,21.4,17.55,20.15,20.15,67,513.45,1325250,-76950,06-MAY-2024,
OPTSTK,BEL,30-May-2024,252.5,PE,22.8,23.6,20.6,20.6,21.8,17,132.75,253650,17100,06-MAY-2024,
OPTSTK,BEL,30-May-2024,255.0,PE,24.8,25.05,22.85,24.2,24.2,13,103.39,316350,17100,06-MAY-2024,
OPTSTK,BEL,30-May-2024,257.5,PE,27.15,27.15,23.95,25.3,26.05,8,64.61,171000,5700,06-MAY-2024,
OPTSTK,BEL,30-May-2024,260.0,PE,27.4,27.5,26.1,26.55,28.25,10,81.76,387600,5700,06-MAY-2024,
OPTSTK,BEL,30-May-2024,265.0,PE,0.0,0.0,0.0,31.2,32.75,0,0.0,233700,0,06-MAY-2024,
OPTSTK,BEL,30-May-2024,270.0,PE,34.0,35.55,34.0,35.55,37.45,3,26.08,82650,0,06-MAY-2024,
OPTSTK,BEL,27-Jun-2024,205.0,CE,0.0,0.0,0.0,14.4,31.45,0,0.0,0,0,06-MAY-2024,
OPTSTK,BEL,27-Jun-2024,210.0,CE,0.0,0.0,0.0,32.1,27.55,0,0.0,22800,0,06-MAY-2024,
OPTSTK,BEL,27-Jun-2024,215.0,CE,0.0,0.0,0.0,10.35,23.85,0,0.0,0,0,06-MAY-2024,
OPTSTK,BEL,27-Jun-2024,217.5,CE,0.0,0.0,0.0,27.95,22.1,0,0.0,0,0,06-MAY-2024,
OPTSTK,BEL,27-Jun-2024,220.0,CE,0.0,0.0,0.0,26.0,20.45,0,0.0,5700,0,06-MAY-2024,
OPTSTK,BEL,27-Jun-2024,222.5,CE,0.0,0.0,0.0,24.5,18.85,0,0.0,0,0,06-MAY-2024,
OPTSTK,BEL,27-Jun-2024,225.0,CE,0.0,0.0,0.0,7.25,17.35,0,0.0,0,0,06-MAY-2024,
OPTSTK,BEL,27-Jun-2024,227.5,CE,0.0,0.0,0.0,21.3,15.95,0,0.0,0,0,06-MAY-2024,
OPTSTK,BEL,27-Jun-2024,230.0,CE,18.45,19.95,18.45,18.95,18.95,10,71.02,76950,19950,06-MAY-2024,
OPTSTK,BEL,27-Jun-2024,232.5,CE,0.0,0.0,0.0,18.4,13.35,0,0.0,0,0,06-MAY-2024,
OPTSTK,BEL,27-Jun-2024,235.0,CE,18.5,18.5,16.3,16.5,16.5,17,122.15,65550,22800,06-MAY-2024,
OPTSTK,BEL,27-Jun-2024,237.5,CE,0.0,0.0,0.0,15.8,11.05,0,0.0,0,0,06-MAY-2024,
OPTSTK,BEL,27-Jun-2024,240.0,CE,15.4,15.45,13.8,14.25,14.25,42,305.23,145350,45600,06-MAY-2024,
OPTSTK,BEL,27-Jun-2024,242.5,CE,0.0,0.0,0.0,13.45,9.05,0,0.0,0,0,06-MAY-2024,
OPTSTK,BEL,27-Jun-2024,245.0,CE,12.7,12.7,12.7,12.7,8.15,1,7.34,8550,2850,06-MAY-2024,
OPTSTK,BEL,27-Jun-2024,247.5,CE,0.0,0.0,0.0,11.35,7.35,0,0.0,0,0,06-MAY-2024,
OPTSTK,BEL,27-Jun-2024,250.0,CE,10.6,11.9,10.0,10.75,10.75,134,997.09,718200,173850,06-MAY-2024,
OPTSTK,BEL,27-Jun-2024,252.5,CE,0.0,0.0,0.0,10.0,5.9,0,0.0,8550,0,06-MAY-2024,
OPTSTK,BEL,27-Jun-2024,255.0,CE,10.0,10.0,10.0,10.0,5.3,1,7.55,5700,0,06-MAY-2024,
OPTSTK,BEL,27-Jun-2024,257.5,CE,0.0,0.0,0.0,7.9,4.7,0,0.0,0,0,06-MAY-2024,
OPTSTK,BEL,27-Jun-2024,260.0,CE,7.55,8.6,7.55,7.65,7.65,24,183.39,79800,42750,06-MAY-2024,
OPTSTK,BEL,27-Jun-2024,265.0,CE,0.0,0.0,0.0,2.45,3.3,0,0.0,0,0,06-MAY-2024,
OPTSTK,BEL,27-Jun-2024,270.0,CE,5.0,6.2,5.0,5.55,5.55,63,494.78,139650,139650,06-MAY-2024,
OPTSTK,BEL,27-Jun-2024,180.0,PE,2.0,2.0,2.0,2.0,0.3,3,15.56,59850,8550,06-MAY-2024,
OPTSTK,BEL,27-Jun-2024,200.0,PE,3.45,3.9,3.15,3.6,3.6,39,226.24,430350,45600,06-MAY-2024,
OPTSTK,BEL,27-Jun-2024,205.0,PE,0.0,0.0,0.0,14.25,2.5,0,0.0,0,0,06-MAY-2024,
OPTSTK,BEL,27-Jun-2024,210.0,PE,5.55,6.0,5.4,5.65,5.65,27,165.87,179550,57000,06-MAY-2024,
OPTSTK,BEL,27-Jun-2024,215.0,PE,0.0,0.0,0.0,6.7,4.8,0,0.0,145350,0,06-MAY-2024,
OPTSTK,BEL,27-Jun-2024,217.5,PE,0.0,0.0,0.0,7.7,5.5,0,0.0,45600,0,06-MAY-2024,
OPTSTK,BEL,27-Jun-2024,220.0,PE,8.7,9.15,8.55,9.0,9.0,56,365.18,364800,19950,06-MAY-2024,
OPTSTK,BEL,27-Jun-2024,222.5,PE,0.0,0.0,0.0,6.6,7.25,0,0.0,0,0,06-MAY-2024,
OPTSTK,BEL,27-Jun-2024,225.0,PE,10.65,10.65,10.65,10.65,8.2,1,6.71,2850,2850,06-MAY-2024,
OPTSTK,BEL,27-Jun-2024,227.5,PE,0.0,0.0,0.0,8.35,9.25,0,0.0,0,0,06-MAY-2024,
OPTSTK,BEL,27-Jun-2024,230.0,PE,13.5,14.0,12.25,13.3,13.3,35,242.36,247950,19950,06-MAY-2024,
OPTSTK,BEL,27-Jun-2024,232.5,PE,0.0,0.0,0.0,10.4,11.6,0,0.0,0,0,06-MAY-2024,
OPTSTK,BEL,27-Jun-2024,235.0,PE,15.5,15.5,15.5,15.5,12.85,1,7.13,5700,2850,06-MAY-2024,
OPTSTK,BEL,27-Jun-2024,237.5,PE,0.0,0.0,0.0,12.7,14.25,0,0.0,0,0,06-MAY-2024,
OPTSTK,BEL,27-Jun-2024,240.0,PE,17.95,17.95,17.85,17.85,15.7,5,36.74,68400,14250,06-MAY-2024,
OPTSTK,BEL,27-Jun-2024,242.5,PE,0.0,0.0,0.0,15.3,17.2,0,0.0,0,0,06-MAY-2024,
OPTSTK,BEL,27-Jun-2024,245.0,PE,0.0,0.0,0.0,42.45,18.8,0,0.0,0,0,06-MAY-2024,
OPTSTK,BEL,27-Jun-2024,247.5,PE,0.0,0.0,0.0,18.15,20.45,0,0.0,0,0,06-MAY-2024,
OPTSTK,BEL,27-Jun-2024,250.0,PE,0.0,0.0,0.0,21.25,22.15,0,0.0,37050,0,06-MAY-2024,
OPTSTK,BEL,27-Jun-2024,252.5,PE,0.0,0.0,0.0,21.25,23.95,0,0.0,0,0,06-MAY-2024,
OPTSTK,BEL,27-Jun-2024,255.0,PE,0.0,0.0,0.0,51.15,25.8,0,0.0,0,0,06-MAY-2024,
OPTSTK,BEL,27-Jun-2024,257.5,PE,0.0,0.0,0.0,24.6,27.7,0,0.0,0,0,06-MAY-2024,
OPTSTK,BEL,27-Jun-2024,260.0,PE,0.0,0.0,0.0,55.6,29.65,0,0.0,0,0,06-MAY-2024,
OPTSTK,BEL,27-Jun-2024,265.0,PE,0.0,0.0,0.0,51.65,33.7,0,0.0,0,0,06-MAY-2024,
OPTSTK,BEL,27-Jun-2024,270.0,PE,0.0,0.0,0.0,33.25,37.9,0,0.0,2850,0,06-MAY-2024,
OPTSTK,BEL,25-Jul-2024,200.0,CE,0.0,0.0,0.0,44.2,38.15,0,0.0,0,0,06-MAY-2024,
OPTSTK,BEL,25-Jul-2024,210.0,CE,0.0,0.0,0.0,36.35,30.55,0,0.0,0,0,06-MAY-2024,
OPTSTK,BEL,25-Jul-2024,215.0,CE,0.0,0.0,0.0,32.75,27.05,0,0.0,0,0,06-MAY-2024,
OPTSTK,BEL,25-Jul-2024,220.0,CE,0.0,0.0,0.0,29.35,23.85,0,0.0,0,0,06-MAY-2024,
OPTSTK,BEL,25-Jul-2024,225.0,CE,0.0,0.0,0.0,26.2,20.9,0,0.0,0,0,06-MAY-2024,
OPTSTK,BEL,25-Jul-2024,230.0,CE,0.0,0.0,0.0,23.25,18.2,0,0.0,0,0,06-MAY-2024,
OPTSTK,BEL,25-Jul-2024,235.0,CE,0.0,0.0,0.0,20.55,15.75,0,0.0,0,0,06-MAY-2024,
OPTSTK,BEL,25-Jul-2024,240.0,CE,0.0,0.0,0.0,18.05,13.55,0,0.0,0,0,06-MAY-2024,
OPTSTK,BEL,25-Jul-2024,245.0,CE,0.0,0.0,0.0,15.8,11.6,0,0.0,0,0,06-MAY-2024,
OPTSTK,BEL,25-Jul-2024,250.0,CE,0.0,0.0,0.0,13.8,9.85,0,0.0,0,0,06-MAY-2024,
OPTSTK,BEL,25-Jul-2024,255.0,CE,0.0,0.0,0.0,11.95,8.3,0,0.0,0,0,06-MAY-2024,
OPTSTK,BEL,25-Jul-2024,260.0,CE,0.0,0.0,0.0,10.3,7.0,0,0.0,0,0,06-MAY-2024,
OPTSTK,BEL,25-Jul-2024,270.0,CE,9.0,9.05,9.0,9.0,4.9,4,31.8,14250,8550,06-MAY-2024,
OPTSTK,BEL,25-Jul-2024,200.0,PE,0.0,0.0,0.0,2.95,3.1,0,0.0,0,0,06-MAY-2024,
OPTSTK,BEL,25-Jul-2024,210.0,PE,0.0,0.0,0.0,5.0,5.35,0,0.0,0,0,06-MAY-2024,
OPTSTK,BEL,25-Jul-2024,215.0,PE,0.0,0.0,0.0,6.3,6.8,0,0.0,0,0,06-MAY-2024,
OPTSTK,BEL,25-Jul-2024,220.0,PE,0.0,0.0,0.0,7.8,8.55,0,0.0,0,0,06-MAY-2024,
OPTSTK,BEL,25-Jul-2024,225.0,PE,0.0,0.0,0.0,9.55,10.5,0,0.0,0,0,06-MAY-2024,
OPTSTK,BEL,25-Jul-2024,230.0,PE,0.0,0.0,0.0,11.5,12.7,0,0.0,0,0,06-MAY-2024,
OPTSTK,BEL,25-Jul-2024,235.0,PE,0.0,0.0,0.0,13.7,15.2,0,0.0,0,0,06-MAY-2024,
OPTSTK,BEL,25-Jul-2024,240.0,PE,0.0,0.0,0.0,16.15,17.9,0,0.0,0,0,06-MAY-2024,
OPTSTK,BEL,25-Jul-2024,245.0,PE,0.0,0.0,0.0,18.8,20.85,0,0.0,0,0,06-MAY-2024,
OPTSTK,BEL,25-Jul-2024,250.0,PE,0.0,0.0,0.0,21.65,24.05,0,0.0,0,0,06-MAY-2024,
OPTSTK,BEL,25-Jul-2024,255.0,PE,0.0,0.0,0.0,24.75,27.45,0,0.0,0,0,06-MAY-2024,
OPTSTK,BEL,25-Jul-2024,260.0,PE,29.65,29.65,29.65,29.65,31.05,1,8.25,2850,2850,06-MAY-2024,
OPTSTK,BEL,25-Jul-2024,270.0,PE,0.0,0.0,0.0,35.15,38.75,0,0.0,0,0,06-MAY-2024,
OPTSTK,BERGEPAINT,30-May-2024,420.0,CE,0.0,0.0,0.0,194.45,93.35,0,0.0,0,0,06-MAY-2024,
OPTSTK,BERGEPAINT,30-May-2024,430.0,CE,0.0,0.0,0.0,184.65,83.45,0,0.0,0,0,06-MAY-2024,
OPTSTK,BERGEPAINT,30-May-2024,440.0,CE,0.0,0.0,0.0,84.95,73.7,0,0.0,5280,0,06-MAY-2024,
OPTSTK,BERGEPAINT,30-May-2024,450.0,CE,0.0,0.0,0.0,53.0,64.05,0,0.0,3960,0,06-MAY-2024,
OPTSTK,BERGEPAINT,30-May-2024,455.0,CE,55.65,55.65,55.65,55.65,59.35,2,13.48,2640,2640,06-MAY-2024,
OPTSTK,BERGEPAINT,30-May-2024,460.0,CE,55.4,55.4,53.7,53.7,54.7,4,27.15,6600,2640,06-MAY-2024,
OPTSTK,BERGEPAINT,30-May-2024,465.0,CE,0.0,0.0,0.0,114.6,50.2,0,0.0,0,0,06-MAY-2024,
OPTSTK,BERGEPAINT,30-May-2024,470.0,CE,43.55,43.55,43.2,43.2,43.2,2,13.55,26400,-1320,06-MAY-2024,
OPTSTK,BERGEPAINT,30-May-2024,475.0,CE,43.45,43.5,43.45,43.5,41.55,3,20.53,6600,-3960,06-MAY-2024,
OPTSTK,BERGEPAINT,30-May-2024,480.0,CE,34.0,34.0,34.0,34.0,37.45,1,6.78,11880,0,06-MAY-2024,
OPTSTK,BERGEPAINT,30-May-2024,485.0,CE,0.0,0.0,0.0,35.05,33.55,0,0.0,9240,0,06-MAY-2024,
OPTSTK,BERGEPAINT,30-May-2024,490.0,CE,28.8,28.8,28.8,28.8,29.85,1,6.84,35640,-1320,06-MAY-2024,
OPTSTK,BERGEPAINT,30-May-2024,495.0,CE,25.15,25.9,25.15,25.55,25.55,4,27.48,10560,-3960,06-MAY-2024,
OPTSTK,BERGEPAINT,30-May-2024,500.0,CE,24.1,24.95,21.15,22.5,22.5,76,524.44,203280,-10560,06-MAY-2024,
OPTSTK,BERGEPAINT,30-May-2024,505.0,CE,21.05,22.05,18.6,19.45,19.45,35,242.7,52800,2640,06-MAY-2024,
OPTSTK,BERGEPAINT,30-May-2024,510.0,CE,18.75,19.9,16.2,16.95,16.95,886,6167.95,241560,76560,06-MAY-2024,
OPTSTK,BERGEPAINT,30-May-2024,515.0,CE,14.9,17.25,14.0,14.8,14.8,70,490.03,84480,3960,06-MAY-2024,
OPTSTK,BERGEPAINT,30-May-2024,520.0,CE,14.55,15.2,11.9,12.75,12.75,1253,8819.48,425040,-220440,06-MAY-2024,
OPTSTK,BERGEPAINT,30-May-2024,525.0,CE,12.9,12.9,10.2,10.9,10.9,367,2597.93,139920,13200,06-MAY-2024,
OPTSTK,BERGEPAINT,30-May-2024,530.0,CE,10.35,10.9,8.7,9.3,9.3,482,3433.12,357720,27720,06-MAY-2024,
OPTSTK,BERGEPAINT,30-May-2024,535.0,CE,8.65,9.15,7.4,7.9,7.9,119,853.05,68640,2640,06-MAY-2024,
OPTSTK,BERGEPAINT,30-May-2024,540.0,CE,7.5,7.75,6.15,6.65,6.65,379,2735.27,526680,10560,06-MAY-2024,
OPTSTK,BERGEPAINT,30-May-2024,545.0,CE,5.95,6.3,5.05,5.6,5.6,21,152.64,33000,6600,06-MAY-2024,
OPTSTK,BERGEPAINT,30-May-2024,550.0,CE,5.2,5.45,4.05,4.8,4.8,1493,10932.02,1273800,-54120,06-MAY-2024,
OPTSTK,BERGEPAINT,30-May-2024,555.0,CE,4.2,4.4,3.65,4.2,4.2,9,66.41,43560,3960,06-MAY-2024,
OPTSTK,BERGEPAINT,30-May-2024,560.0,CE,3.5,3.75,2.85,3.5,3.5,151,1122.52,204600,-9240,06-MAY-2024,
OPTSTK,BERGEPAINT,30-May-2024,565.0,CE,0.0,0.0,0.0,3.05,2.1,0,0.0,13200,0,06-MAY-2024,
OPTSTK,BERGEPAINT,30-May-2024,570.0,CE,2.4,2.65,2.0,2.4,2.4,88,664.76,124080,-21120,06-MAY-2024,
OPTSTK,BERGEPAINT,30-May-2024,575.0,CE,0.0,0.0,0.0,30.35,1.3,0,0.0,0,0,06-MAY-2024,
OPTSTK,BERGEPAINT,30-May-2024,580.0,CE,1.85,2.0,1.4,1.7,1.7,92,706.29,116160,-34320,06-MAY-2024,
OPTSTK,BERGEPAINT,30-May-2024,590.0,CE,1.35,1.4,1.05,1.35,1.35,13,101.45,40920,-2640,06-MAY-2024,
OPTSTK,BERGEPAINT,30-May-2024,595.0,CE,0.9,0.95,0.9,0.95,0.45,2,15.73,5280,-1320,06-MAY-2024,
OPTSTK,BERGEPAINT,30-May-2024,600.0,CE,1.2,1.2,0.8,1.05,1.05,229,1816.55,753720,11880,06-MAY-2024,
OPTSTK,BERGEPAINT,30-May-2024,620.0,CE,0.55,0.7,0.35,0.45,0.1,36,294.85,15840,0,06-MAY-2024,
OPTSTK,BERGEPAINT,30-May-2024,650.0,CE,0.3,0.35,0.3,0.35,0.05,11,94.42,26400,0,06-MAY-2024,
OPTSTK,BERGEPAINT,30-May-2024,700.0,CE,0.0,0.0,0.0,0.5,0.0,0,0.0,10560,0,06-MAY-2024,
OPTSTK,BERGEPAINT,30-May-2024,420.0,PE,0.25,1.3,0.25,0.5,0.5,35,194.29,1320,0,06-MAY-2024,
OPTSTK,BERGEPAINT,30-May-2024,430.0,PE,0.5,1.15,0.45,0.95,0.95,52,295.57,59400,5280,06-MAY-2024,
OPTSTK,BERGEPAINT,30-May-2024,440.0,PE,1.2,1.2,1.2,1.2,1.2,4,23.29,56760,0,06-MAY-2024,
OPTSTK,BERGEPAINT,30-May-2024,450.0,PE,1.05,2.15,1.05,2.05,2.05,183,1091.05,186120,5280,06-MAY-2024,
OPTSTK,BERGEPAINT,30-May-2024,455.0,PE,1.65,1.65,1.2,1.2,0.9,2,12.04,5280,1320,06-MAY-2024,
OPTSTK,BERGEPAINT,30-May-2024,460.0,PE,1.95,3.25,1.95,3.1,3.1,40,244.44,126720,5280,06-MAY-2024,
OPTSTK,BERGEPAINT,30-May-2024,465.0,PE,4.05,4.05,4.05,4.05,1.7,1,6.19,18480,1320,06-MAY-2024,
OPTSTK,BERGEPAINT,30-May-2024,470.0,PE,2.65,5.1,2.55,4.7,4.7,66,412.74,195360,-17160,06-MAY-2024,
OPTSTK,BERGEPAINT,30-May-2024,475.0,PE,3.35,6.1,3.25,5.9,5.9,24,151.78,55440,-11880,06-MAY-2024,
OPTSTK,BERGEPAINT,30-May-2024,480.0,PE,4.2,7.15,4.15,6.9,6.9,137,878.88,211200,10560,06-MAY-2024,
OPTSTK,BERGEPAINT,30-May-2024,485.0,PE,6.45,6.6,6.45,6.6,4.95,4,25.95,63360,0,06-MAY-2024,
OPTSTK,BERGEPAINT,30-May-2024,490.0,PE,6.65,10.7,6.4,9.8,9.8,176,1158.71,167640,-60720,06-MAY-2024,
OPTSTK,BERGEPAINT,30-May-2024,495.0,PE,11.45,11.45,11.45,11.45,11.45,1,6.68,43560,-1320,06-MAY-2024,
OPTSTK,BERGEPAINT,30-May-2024,500.0,PE,9.8,15.5,8.9,13.8,13.8,723,4878.6,1059960,-38280,06-MAY-2024,
OPTSTK,BERGEPAINT,30-May-2024,505.0,PE,11.3,18.1,11.3,16.65,16.65,83,568.84,42240,11880,06-MAY-2024,
OPTSTK,BERGEPAINT,30-May-2024,510.0,PE,13.95,20.35,13.55,18.4,18.4,155,1077.08,194040,44880,06-MAY-2024,
OPTSTK,BERGEPAINT,30-May-2024,515.0,PE,17.95,23.5,16.25,21.35,21.35,59,416.56,48840,14520,06-MAY-2024,
OPTSTK,BERGEPAINT,30-May-2024,520.0,PE,18.8,25.55,18.35,24.1,24.1,116,828.54,151800,0,06-MAY-2024,
OPTSTK,BERGEPAINT,30-May-2024,525.0,PE,22.0,29.1,22.0,26.65,26.65,31,224.78,27720,0,06-MAY-2024,
OPTSTK,BERGEPAINT,30-May-2024,530.0,PE,25.4,33.8,25.1,33.8,25.25,6,44.17,42240,-1320,06-MAY-2024,
OPTSTK,BERGEPAINT,30-May-2024,535.0,PE,30.85,30.85,30.85,30.85,28.7,1,7.46,14520,-1320,06-MAY-2024,
OPTSTK,BERGEPAINT,30-May-2024,540.0,PE,33.65,40.45,32.8,37.7,37.7,19,144.72,138600,-1320,06-MAY-2024,
OPTSTK,BERGEPAINT,30-May-2024,545.0,PE,37.5,37.5,37.5,37.5,36.2,1,7.68,3960,-1320,06-MAY-2024,
OPTSTK,BERGEPAINT,30-May-2024,550.0,PE,45.9,46.0,45.7,45.9,45.9,3,23.59,112200,-1320,06-MAY-2024,
OPTSTK,BERGEPAINT,30-May-2024,555.0,PE,49.75,49.75,49.75,49.75,49.75,1,7.98,5280,1320,06-MAY-2024,
OPTSTK,BERGEPAINT,30-May-2024,560.0,PE,48.8,48.8,48.8,48.8,48.7,1,8.03,34320,-1320,06-MAY-2024,
OPTSTK,BERGEPAINT,30-May-2024,565.0,PE,0.0,0.0,0.0,20.65,53.15,0,0.0,0,0,06-MAY-2024,
OPTSTK,BERGEPAINT,30-May-2024,570.0,PE,64.2,64.3,63.45,63.45,63.45,3,25.1,6600,3960,06-MAY-2024,
OPTSTK,BERGEPAINT,30-May-2024,575.0,PE,0.0,0.0,0.0,25.25,62.3,0,0.0,0,0,06-MAY-2024,
OPTSTK,BERGEPAINT,30-May-2024,580.0,PE,0.0,0.0,0.0,85.2,67.0,0,0.0,19800,0,06-MAY-2024,
OPTSTK,BERGEPAINT,30-May-2024,590.0,PE,0.0,0.0,0.0,22.15,76.55,0,0.0,0,0,06-MAY-2024,
OPTSTK,BERGEPAINT,30-May-2024,600.0,PE,0.0,0.0,0.0,73.75,86.25,0,0.0,67320,0,06-MAY-2024,
OPTSTK,BERGEPAINT,27-Jun-2024,420.0,CE,0.0,0.0,0.0,160.9,96.35,0,0.0,0,0,06-MAY-2024,
OPTSTK,BERGEPAINT,27-Jun-2024,430.0,CE,0.0,0.0,0.0,151.25,86.9,0,0.0,0,0,06-MAY-2024,
OPTSTK,BERGEPAINT,27-Jun-2024,440.0,CE,0.0,0.0,0.0,141.7,77.75,0,0.0,0,0,06-MAY-2024,
OPTSTK,BERGEPAINT,27-Jun-2024,450.0,CE,0.0,0.0,0.0,132.3,68.85,0,0.0,0,0,06-MAY-2024,
OPTSTK,BERGEPAINT,27-Jun-2024,455.0,CE,0.0,0.0,0.0,61.8,64.55,0,0.0,0,0,06-MAY-2024,
OPTSTK,BERGEPAINT,27-Jun-2024,460.0,CE,0.0,0.0,0.0,123.0,60.35,0,0.0,0,0,06-MAY-2024,
OPTSTK,BERGEPAINT,27-Jun-2024,465.0,CE,0.0,0.0,0.0,54.0,56.25,0,0.0,0,0,06-MAY-2024,
OPTSTK,BERGEPAINT,27-Jun-2024,470.0,CE,0.0,0.0,0.0,113.9,52.3,0,0.0,0,0,06-MAY-2024,
OPTSTK,BERGEPAINT,27-Jun-2024,475.0,CE,0.0,0.0,0.0,46.75,48.5,0,0.0,0,0,06-MAY-2024,
OPTSTK,BERGEPAINT,27-Jun-2024,480.0,CE,0.0,0.0,0.0,105.0,44.85,0,0.0,0,0,06-MAY-2024,
OPTSTK,BERGEPAINT,27-Jun-2024,485.0,CE,0.0,0.0,0.0,40.05,41.3,0,0.0,0,0,06-MAY-2024,
OPTSTK,BERGEPAINT,27-Jun-2024,490.0,CE,0.0,0.0,0.0,96.35,37.95,0,0.0,0,0,06-MAY-2024,
OPTSTK,BERGEPAINT,27-Jun-2024,495.0,CE,0.0,0.0,0.0,34.0,34.75,0,0.0,0,0,06-MAY-2024,
OPTSTK,BERGEPAINT,27-Jun-2024,500.0,CE,0.0,0.0,0.0,28.0,31.75,0,0.0,5280,0,06-MAY-2024,
OPTSTK,BERGEPAINT,27-Jun-2024,505.0,CE,0.0,0.0,0.0,28.5,28.9,0,0.0,0,0,06-MAY-2024,
OPTSTK,BERGEPAINT,27-Jun-2024,510.0,CE,31.0,31.0,31.0,31.0,26.2,1,7.14,1320,1320,06-MAY-2024,
OPTSTK,BERGEPAINT,27-Jun-2024,515.0,CE,0.0,0.0,0.0,23.7,23.7,0,0.0,0,0,06-MAY-2024,
OPTSTK,BERGEPAINT,27-Jun-2024,520.0,CE,18.0,21.0,18.0,20.45,20.45,36,256.51,58080,19800,06-MAY-2024,
OPTSTK,BERGEPAINT,27-Jun-2024,525.0,CE,17.4,17.4,17.4,17.4,19.2,1,7.15,3960,1320,06-MAY-2024,
OPTSTK,BERGEPAINT,27-Jun-2024,530.0,CE,0.0,0.0,0.0,65.05,17.2,0,0.0,0,0,06-MAY-2024,
OPTSTK,BERGEPAINT,27-Jun-2024,535.0,CE,0.0,0.0,0.0,15.85,15.35,0,0.0,0,0,06-MAY-2024,
OPTSTK,BERGEPAINT,27-Jun-2024,540.0,CE,13.0,14.45,13.0,14.45,13.65,4,29.24,2640,0,06-MAY-2024,
OPTSTK,BERGEPAINT,27-Jun-2024,545.0,CE,0.0,0.0,0.0,12.75,12.15,0,0.0,0,0,06-MAY-2024,
OPTSTK,BERGEPAINT,27-Jun-2024,550.0,CE,0.0,0.0,0.0,51.8,10.75,0,0.0,0,0,06-MAY-2024,
OPTSTK,BERGEPAINT,27-Jun-2024,555.0,CE,0.0,0.0,0.0,10.2,9.5,0,0.0,0,0,06-MAY-2024,
OPTSTK,BERGEPAINT,27-Jun-2024,560.0,CE,0.0,0.0,0.0,45.85,8.35,0,0.0,0,0,06-MAY-2024,
OPTSTK,BERGEPAINT,27-Jun-2024,565.0,CE,0.0,0.0,0.0,8.05,7.3,0,0.0,0,0,06-MAY-2024,
OPTSTK,BERGEPAINT,27-Jun-2024,570.0,CE,0.0,0.0,0.0,40.35,6.35,0,0.0,0,0,06-MAY-2024,
OPTSTK,BERGEPAINT,27-Jun-2024,575.0,CE,0.0,0.0,0.0,6.3,5.55,0,0.0,0,0,06-MAY-2024,
OPTSTK,BERGEPAINT,27-Jun-2024,580.0,CE,0.0,0.0,0.0,35.35,4.8,0,0.0,0,0,06-MAY-2024,
OPTSTK,BERGEPAINT,27-Jun-2024,590.0,CE,0.0,0.0,0.0,3.95,3.6,0,0.0,2640,0,06-MAY-2024,
OPTSTK,BERGEPAINT,27-Jun-2024,600.0,CE,3.25,4.1,3.25,3.85,3.85,50,398.47,99000,-21120,06-MAY-2024,
OPTSTK,BERGEPAINT,27-Jun-2024,420.0,PE,3.0,4.05,2.45,4.05,4.05,13,72.65,29040,14520,06-MAY-2024,
OPTSTK,BERGEPAINT,27-Jun-2024,430.0,PE,0.0,0.0,0.0,0.55,1.15,0,0.0,0,0,06-MAY-2024,
OPTSTK,BERGEPAINT,27-Jun-2024,440.0,PE,0.0,0.0,0.0,0.8,1.85,0,0.0,0,0,06-MAY-2024,
OPTSTK,BERGEPAINT,27-Jun-2024,450.0,PE,6.5,8.4,6.3,8.4,8.4,27,163.16,62040,14520,06-MAY-2024,
OPTSTK,BERGEPAINT,27-Jun-2024,455.0,PE,0.0,0.0,0.0,5.4,3.5,0,0.0,0,0,06-MAY-2024,
OPTSTK,BERGEPAINT,27-Jun-2024,460.0,PE,0.0,0.0,0.0,6.3,4.25,0,0.0,26400,0,06-MAY-2024,
OPTSTK,BERGEPAINT,27-Jun-2024,465.0,PE,0.0,0.0,0.0,7.5,5.1,0,0.0,0,0,06-MAY-2024,
OPTSTK,BERGEPAINT,27-Jun-2024,470.0,PE,11.0,13.15,11.0,13.15,6.1,30,191.08,46200,23760,06-MAY-2024,
OPTSTK,BERGEPAINT,27-Jun-2024,475.0,PE,0.0,0.0,0.0,10.1,7.25,0,0.0,0,0,06-MAY-2024,
OPTSTK,BERGEPAINT,27-Jun-2024,480.0,PE,0.0,0.0,0.0,13.6,8.55,0,0.0,43560,0,06-MAY-2024,
OPTSTK,BERGEPAINT,27-Jun-2024,485.0,PE,0.0,0.0,0.0,13.25,9.95,0,0.0,0,0,06-MAY-2024,
OPTSTK,BERGEPAINT,27-Jun-2024,490.0,PE,14.3,14.5,14.3,14.5,11.55,3,19.97,14520,3960,06-MAY-2024,
OPTSTK,BERGEPAINT,27-Jun-2024,495.0,PE,0.0,0.0,0.0,17.05,13.3,0,0.0,0,0,06-MAY-2024,
OPTSTK,BERGEPAINT,27-Jun-2024,500.0,PE,23.05,30.2,23.05,29.9,29.9,64,446.27,106920,40920,06-MAY-2024,
OPTSTK,BERGEPAINT,27-Jun-2024,505.0,PE,0.0,0.0,0.0,21.5,17.35,0,0.0,0,0,06-MAY-2024,
OPTSTK,BERGEPAINT,27-Jun-2024,510.0,PE,0.0,0.0,0.0,7.8,19.6,0,0.0,0,0,06-MAY-2024,
OPTSTK,BERGEPAINT,27-Jun-2024,515.0,PE,0.0,0.0,0.0,26.55,22.05,0,0.0,0,0,06-MAY-2024,
OPTSTK,BERGEPAINT,27-Jun-2024,520.0,PE,0.0,0.0,0.0,9.95,24.65,0,0.0,0,0,06-MAY-2024,
OPTSTK,BERGEPAINT,27-Jun-2024,525.0,PE,0.0,0.0,0.0,32.2,27.45,0,0.0,0,0,06-MAY-2024,
OPTSTK,BERGEPAINT,27-Jun-2024,530.0,PE,0.0,0.0,0.0,12.5,30.4,0,0.0,0,0,06-MAY-2024,
OPTSTK,BERGEPAINT,27-Jun-2024,535.0,PE,0.0,0.0,0.0,38.45,33.5,0,0.0,0,0,06-MAY-2024,
OPTSTK,BERGEPAINT,27-Jun-2024,540.0,PE,0.0,0.0,0.0,15.5,36.75,0,0.0,0,0,06-MAY-2024,
OPTSTK,BERGEPAINT,27-Jun-2024,545.0,PE,0.0,0.0,0.0,45.25,40.15,0,0.0,0,0,06-MAY-2024,
OPTSTK,BERGEPAINT,27-Jun-2024,550.0,PE,0.0,0.0,0.0,18.9,43.7,0,0.0,0,0,06-MAY-2024,
OPTSTK,BERGEPAINT,27-Jun-2024,555.0,PE,0.0,0.0,0.0,52.55,47.4,0,0.0,0,0,06-MAY-2024,
OPTSTK,BERGEPAINT,27-Jun-2024,560.0,PE,0.0,0.0,0.0,22.8,51.2,0,0.0,0,0,06-MAY-2024,
OPTSTK,BERGEPAINT,27-Jun-2024,565.0,PE,0.0,0.0,0.0,60.25,55.1,0,0.0,0,0,06-MAY-2024,
OPTSTK,BERGEPAINT,27-Jun-2024,570.0,PE,0.0,0.0,0.0,27.15,59.15,0,0.0,0,0,06-MAY-2024,
OPTSTK,BERGEPAINT,27-Jun-2024,575.0,PE,0.0,0.0,0.0,68.4,63.25,0,0.0,0,0,06-MAY-2024,
OPTSTK,BERGEPAINT,27-Jun-2024,580.0,PE,0.0,0.0,0.0,31.95,67.5,0,0.0,0,0,06-MAY-2024,
OPTSTK,BERGEPAINT,27-Jun-2024,590.0,PE,0.0,0.0,0.0,37.2,76.15,0,0.0,0,0,06-MAY-2024,
OPTSTK,BERGEPAINT,27-Jun-2024,600.0,PE,0.0,0.0,0.0,42.9,85.15,0,0.0,0,0,06-MAY-2024,
OPTSTK,BERGEPAINT,25-Jul-2024,420.0,CE,0.0,0.0,0.0,96.0,99.8,0,0.0,0,0,06-MAY-2024,
OPTSTK,BERGEPAINT,25-Jul-2024,440.0,CE,0.0,0.0,0.0,78.9,82.05,0,0.0,0,0,06-MAY-2024,
OPTSTK,BERGEPAINT,25-Jul-2024,450.0,CE,0.0,0.0,0.0,70.85,73.7,0,0.0,0,0,06-MAY-2024,
OPTSTK,BERGEPAINT,25-Jul-2024,460.0,CE,0.0,0.0,0.0,63.25,65.7,0,0.0,0,0,06-MAY-2024,
OPTSTK,BERGEPAINT,25-Jul-2024,470.0,CE,0.0,0.0,0.0,56.1,58.2,0,0.0,0,0,06-MAY-2024,
OPTSTK,BERGEPAINT,25-Jul-2024,480.0,CE,0.0,0.0,0.0,49.4,51.1,0,0.0,0,0,06-MAY-2024,
OPTSTK,BERGEPAINT,25-Jul-2024,490.0,CE,0.0,0.0,0.0,43.2,44.55,0,0.0,0,0,06-MAY-2024,
OPTSTK,BERGEPAINT,25-Jul-2024,500.0,CE,0.0,0.0,0.0,37.55,38.55,0,0.0,0,0,06-MAY-2024,
OPTSTK,BERGEPAINT,25-Jul-2024,510.0,CE,0.0,0.0,0.0,32.45,33.1,0,0.0,0,0,06-MAY-2024,
OPTSTK,BERGEPAINT,25-Jul-2024,520.0,CE,0.0,0.0,0.0,27.8,28.2,0,0.0,0,0,06-MAY-2024,
OPTSTK,BERGEPAINT,25-Jul-2024,530.0,CE,0.0,0.0,0.0,23.7,23.85,0,0.0,0,0,06-MAY-2024,
OPTSTK,BERGEPAINT,25-Jul-2024,540.0,CE,0.0,0.0,0.0,20.05,20.0,0,0.0,0,0,06-MAY-2024,
OPTSTK,BERGEPAINT,25-Jul-2024,550.0,CE,0.0,0.0,0.0,16.85,16.65,0,0.0,0,0,06-MAY-2024,
OPTSTK,BERGEPAINT,25-Jul-2024,560.0,CE,0.0,0.0,0.0,14.1,13.8,0,0.0,0,0,06-MAY-2024,
OPTSTK,BERGEPAINT,25-Jul-2024,570.0,CE,0.0,0.0,0.0,11.75,11.35,0,0.0,0,0,06-MAY-2024,
OPTSTK,BERGEPAINT,25-Jul-2024,580.0,CE,0.0,0.0,0.0,9.7,9.25,0,0.0,0,0,06-MAY-2024,
OPTSTK,BERGEPAINT,25-Jul-2024,600.0,CE,0.0,0.0,0.0,6.5,6.0,0,0.0,0,0,06-MAY-2024,
OPTSTK,BERGEPAINT,25-Jul-2024,420.0,PE,0.0,0.0,0.0,2.7,1.8,0,0.0,0,0,06-MAY-2024,
OPTSTK,BERGEPAINT,25-Jul-2024,440.0,PE,0.0,0.0,0.0,5.25,3.75,0,0.0,0,0,06-MAY-2024,
OPTSTK,BERGEPAINT,25-Jul-2024,450.0,PE,0.0,0.0,0.0,7.05,5.2,0,0.0,0,0,06-MAY-2024,
OPTSTK,BERGEPAINT,25-Jul-2024,460.0,PE,0.0,0.0,0.0,9.25,7.1,0,0.0,0,0,06-MAY-2024,
OPTSTK,BERGEPAINT,25-Jul-2024,470.0,PE,0.0,0.0,0.0,11.9,9.4,0,0.0,0,0,06-MAY-2024,
OPTSTK,BERGEPAINT,25-Jul-2024,480.0,PE,0.0,0.0,0.0,15.05,12.15,0,0.0,0,0,06-MAY-2024,
OPTSTK,BERGEPAINT,25-Jul-2024,490.0,PE,0.0,0.0,0.0,18.65,15.45,0,0.0,0,0,06-MAY-2024,
OPTSTK,BERGEPAINT,25-Jul-2024,500.0,PE,0.0,0.0,0.0,22.85,19.3,0,0.0,0,0,06-MAY-2024,
OPTSTK,BERGEPAINT,25-Jul-2024,510.0,PE,0.0,0.0,0.0,27.5,23.7,0,0.0,0,0,06-MAY-2024,
OPTSTK,BERGEPAINT,25-Jul-2024,520.0,PE,0.0,0.0,0.0,32.7,28.65,0,0.0,0,0,06-MAY-2024,
OPTSTK,BERGEPAINT,25-Jul-2024,530.0,PE,0.0,0.0,0.0,38.4,34.1,0,0.0,0,0,06-MAY-2024,
OPTSTK,BERGEPAINT,25-Jul-2024,540.0,PE,0.0,0.0,0.0,44.6,40.1,0,0.0,0,0,06-MAY-2024,
OPTSTK,BERGEPAINT,25-Jul-2024,550.0,PE,0.0,0.0,0.0,51.25,46.6,0,0.0,0,0,06-MAY-2024,
OPTSTK,BERGEPAINT,25-Jul-2024,560.0,PE,0.0,0.0,0.0,58.3,53.55,0,0.0,0,0,06-MAY-2024,
OPTSTK,BERGEPAINT,25-Jul-2024,570.0,PE,0.0,0.0,0.0,65.75,60.95,0,0.0,0,0,06-MAY-2024,
OPTSTK,BERGEPAINT,25-Jul-2024,580.0,PE,0.0,0.0,0.0,73.5,68.7,0,0.0,0,0,06-MAY-2024,
OPTSTK,BERGEPAINT,25-Jul-2024,600.0,PE,0.0,0.0,0.0,89.95,85.15,0,0.0,0,0,06-MAY-2024,
OPTSTK,BHARATFORG,30-May-2024,1000.0,CE,0.0,0.0,0.0,297.05,253.3,0,0.0,4000,0,06-MAY-2024,
OPTSTK,BHARATFORG,30-May-2024,1100.0,CE,162.8,162.8,157.4,160.1,160.1,2,12.6,500,500,06-MAY-2024,
OPTSTK,BHARATFORG,30-May-2024,1120.0,CE,0.0,0.0,0.0,112.45,139.8,0,0.0,0,0,06-MAY-2024,
OPTSTK,BHARATFORG,30-May-2024,1130.0,CE,0.0,0.0,0.0,150.75,131.2,0,0.0,0,0,06-MAY-2024,
OPTSTK,BHARATFORG,30-May-2024,1140.0,CE,0.0,0.0,0.0,101.85,122.8,0,0.0,0,0,06-MAY-2024,
OPTSTK,BHARATFORG,30-May-2024,1150.0,CE,114.9,114.9,114.9,114.9,114.9,1,6.32,2500,500,06-MAY-2024,
OPTSTK,BHARATFORG,30-May-2024,1160.0,CE,0.0,0.0,0.0,91.95,106.7,0,0.0,0,0,06-MAY-2024,
OPTSTK,BHARATFORG,30-May-2024,1170.0,CE,0.0,0.0,0.0,55.55,99.05,0,0.0,0,0,06-MAY-2024,
OPTSTK,BHARATFORG,30-May-2024,1180.0,CE,0.0,0.0,0.0,150.0,91.7,0,0.0,2500,0,06-MAY-2024,
OPTSTK,BHARATFORG,30-May-2024,1190.0,CE,81.35,81.35,79.9,79.9,84.6,2,12.7,1000,1000,06-MAY-2024,
OPTSTK,BHARATFORG,30-May-2024,1200.0,CE,81.95,82.6,72.9,82.35,82.35,49,313.3,44000,5500,06-MAY-2024,
OPTSTK,BHARATFORG,30-May-2024,1210.0,CE,72.85,72.85,72.85,72.85,71.4,1,6.41,11500,0,06-MAY-2024,
OPTSTK,BHARATFORG,30-May-2024,1220.0,CE,64.35,69.0,61.4,69.0,65.3,6,38.52,52500,0,06-MAY-2024,
OPTSTK,BHARATFORG,30-May-2024,1230.0,CE,58.4,59.3,55.45,59.3,59.5,5,32.2,10500,-1000,06-MAY-2024,
OPTSTK,BHARATFORG,30-May-2024,1240.0,CE,53.7,59.05,50.0,56.6,56.6,53,343.02,27500,1000,06-MAY-2024,
OPTSTK,BHARATFORG,30-May-2024,1250.0,CE,49.5,54.4,44.55,52.55,52.55,206,1338.63,54500,13000,06-MAY-2024,
OPTSTK,BHARATFORG,30-May-2024,1260.0,CE,45.95,49.5,40.05,47.4,47.4,142,926.31,40500,11000,06-MAY-2024,
OPTSTK,BHARATFORG,30-May-2024,1270.0,CE,39.5,45.4,36.35,43.4,43.4,92,602.49,55500,-2000,06-MAY-2024,
OPTSTK,BHARATFORG,30-May-2024,1280.0,CE,36.0,41.05,32.2,39.3,39.3,185,1217.12,65500,-11500,06-MAY-2024,
OPTSTK,BHARATFORG,30-May-2024,1290.0,CE,37.25,37.5,28.95,35.5,35.5,151,998.08,45500,2500,06-MAY-2024,
OPTSTK,BHARATFORG,30-May-2024,1300.0,CE,28.0,35.2,25.5,32.7,32.7,1164,7740.09,442000,118500,06-MAY-2024,
OPTSTK,BHARATFORG,30-May-2024,1310.0,CE,22.75,27.2,22.75,26.45,25.2,18,120.18,24000,-500,06-MAY-2024,
OPTSTK,BHARATFORG,30-May-2024,1320.0,CE,22.8,27.75,19.85,25.65,25.65,357,2396.81,178500,30000,06-MAY-2024,
OPTSTK,BHARATFORG,30-May-2024,1330.0,CE,19.2,25.25,19.2,24.45,24.45,16,108.13,36500,0,06-MAY-2024,
OPTSTK,BHARATFORG,30-May-2024,1340.0,CE,17.1,22.25,15.85,20.95,20.95,66,448.81,74500,6000,06-MAY-2024,
OPTSTK,BHARATFORG,30-May-2024,1350.0,CE,15.7,19.95,13.45,18.2,18.2,391,2670.58,144500,-24000,06-MAY-2024,
OPTSTK,BHARATFORG,30-May-2024,1360.0,CE,12.6,17.0,12.25,16.3,16.3,48,329.84,82000,0,06-MAY-2024,
OPTSTK,BHARATFORG,30-May-2024,1370.0,CE,10.75,12.85,10.75,12.6,11.55,13,89.83,22000,-1500,06-MAY-2024,
OPTSTK,BHARATFORG,30-May-2024,1380.0,CE,10.1,13.6,9.3,12.5,12.5,53,368.65,52500,1500,06-MAY-2024,
OPTSTK,BHARATFORG,30-May-2024,1390.0,CE,9.65,9.95,9.65,9.95,8.7,3,20.99,6500,-1000,06-MAY-2024,
OPTSTK,BHARATFORG,30-May-2024,1400.0,CE,7.4,10.8,6.8,10.1,10.1,350,2464.5,130000,500,06-MAY-2024,
OPTSTK,BHARATFORG,30-May-2024,1410.0,CE,7.35,7.9,7.2,7.9,6.45,8,56.7,3500,-500,06-MAY-2024,
OPTSTK,BHARATFORG,30-May-2024,1420.0,CE,5.9,8.5,5.25,7.9,7.9,170,1212.22,55500,-2000,06-MAY-2024,
OPTSTK,BHARATFORG,30-May-2024,1430.0,CE,6.5,6.5,4.6,5.7,4.7,17,121.97,8500,500,06-MAY-2024,
OPTSTK,BHARATFORG,30-May-2024,1440.0,CE,6.1,6.8,6.1,6.55,6.55,3,21.69,8000,-500,06-MAY-2024,
OPTSTK,BHARATFORG,30-May-2024,1450.0,CE,4.0,5.7,3.45,5.55,5.55,57,414.58,20000,-1500,06-MAY-2024,
OPTSTK,BHARATFORG,30-May-2024,1460.0,CE,4.05,5.1,3.8,4.8,4.8,18,131.81,17500,-1500,06-MAY-2024,
OPTSTK,BHARATFORG,30-May-2024,1480.0,CE,3.25,3.95,2.3,3.8,3.8,338,2506.17,95000,12000,06-MAY-2024,
OPTSTK,BHARATFORG,30-May-2024,1000.0,PE,1.95,2.0,1.5,1.5,0.3,4,20.03,11000,500,06-MAY-2024,
OPTSTK,BHARATFORG,30-May-2024,1050.0,PE,0.8,3.5,0.8,3.5,1.25,12,63.12,500,0,06-MAY-2024,
OPTSTK,BHARATFORG,30-May-2024,1080.0,PE,2.45,5.05,2.45,4.7,4.7,26,140.87,5000,3500,06-MAY-2024,
OPTSTK,BHARATFORG,30-May-2024,1100.0,PE,4.3,7.0,4.05,6.2,6.2,575,3178.35,155000,18000,06-MAY-2024,
OPTSTK,BHARATFORG,30-May-2024,1120.0,PE,0.0,0.0,0.0,61.15,6.25,0,0.0,0,0,06-MAY-2024,
OPTSTK,BHARATFORG,30-May-2024,1130.0,PE,7.1,11.0,7.05,10.35,10.35,48,273.37,18000,4000,06-MAY-2024,
OPTSTK,BHARATFORG,30-May-2024,1140.0,PE,11.1,12.9,9.35,12.25,12.25,57,328.05,39000,5500,06-MAY-2024,
OPTSTK,BHARATFORG,30-May-2024,1150.0,PE,11.3,15.05,8.9,13.35,13.35,129,749.84,85000,19500,06-MAY-2024,
OPTSTK,BHARATFORG,30-May-2024,1160.0,PE,16.5,17.1,13.8,16.0,16.0,20,117.5,42000,2500,06-MAY-2024,
OPTSTK,BHARATFORG,30-May-2024,1170.0,PE,12.55,20.15,12.55,18.7,18.7,117,694.14,46500,6000,06-MAY-2024,
OPTSTK,BHARATFORG,30-May-2024,1180.0,PE,19.8,23.3,17.45,22.0,22.0,86,515.81,25500,3000,06-MAY-2024,
OPTSTK,BHARATFORG,30-May-2024,1190.0,PE,22.05,23.75,20.25,22.25,20.7,21,127.28,13000,3000,06-MAY-2024,
OPTSTK,BHARATFORG,30-May-2024,1200.0,PE,21.4,30.0,19.5,28.1,28.1,885,5425.11,250000,24500,06-MAY-2024,
OPTSTK,BHARATFORG,30-May-2024,1210.0,PE,23.45,31.05,23.45,28.1,27.4,45,278.65,23500,3500,06-MAY-2024,
OPTSTK,BHARATFORG,30-May-2024,1220.0,PE,27.6,38.0,27.3,35.75,35.75,137,858.81,72000,2500,06-MAY-2024,
OPTSTK,BHARATFORG,30-May-2024,1230.0,PE,31.5,42.6,31.0,40.3,40.3,59,373.74,32500,-2000,06-MAY-2024,
OPTSTK,BHARATFORG,30-May-2024,1240.0,PE,36.95,48.5,33.6,44.9,44.9,643,4119.41,198000,127000,06-MAY-2024,
OPTSTK,BHARATFORG,30-May-2024,1250.0,PE,41.55,52.5,38.4,48.75,48.75,380,2462.75,120000,4500,06-MAY-2024,
OPTSTK,BHARATFORG,30-May-2024,1260.0,PE,46.65,56.25,42.4,54.55,54.55,75,491.77,32000,1500,06-MAY-2024,
OPTSTK,BHARATFORG,30-May-2024,1270.0,PE,53.05,62.05,50.1,59.55,59.55,30,199.08,39000,-3000,06-MAY-2024,
OPTSTK,BHARATFORG,30-May-2024,1280.0,PE,57.8,68.65,53.6,65.35,65.35,92,617.78,31000,-8500,06-MAY-2024,
OPTSTK,BHARATFORG,30-May-2024,1290.0,PE,0.0,0.0,0.0,65.0,67.55,0,0.0,22500,0,06-MAY-2024,
OPTSTK,BHARATFORG,30-May-2024,1300.0,PE,70.9,82.2,70.9,82.2,82.2,31,213.21,118000,-6500,06-MAY-2024,
OPTSTK,BHARATFORG,30-May-2024,1310.0,PE,0.0,0.0,0.0,75.1,80.75,0,0.0,18000,0,06-MAY-2024,
OPTSTK,BHARATFORG,30-May-2024,1320.0,PE,90.0,91.3,88.85,88.9,87.85,14,98.69,31500,500,06-MAY-2024,
OPTSTK,BHARATFORG,30-May-2024,1330.0,PE,0.0,0.0,0.0,76.1,95.2,0,0.0,14500,0,06-MAY-2024,
OPTSTK,BHARATFORG,30-May-2024,1340.0,PE,0.0,0.0,0.0,92.6,102.8,0,0.0,2000,0,06-MAY-2024,
OPTSTK,BHARATFORG,30-May-2024,1350.0,PE,0.0,0.0,0.0,104.2,110.55,0,0.0,9500,0,06-MAY-2024,
OPTSTK,BHARATFORG,30-May-2024,1360.0,PE,0.0,0.0,0.0,95.95,118.6,0,0.0,2000,0,06-MAY-2024,
OPTSTK,BHARATFORG,30-May-2024,1370.0,PE,0.0,0.0,0.0,97.85,126.85,0,0.0,3500,0,06-MAY-2024,
OPTSTK,BHARATFORG,30-May-2024,1380.0,PE,0.0,0.0,0.0,93.05,135.25,0,0.0,1500,0,06-MAY-2024,
OPTSTK,BHARATFORG,30-May-2024,1390.0,PE,0.0,0.0,0.0,251.7,143.85,0,0.0,0,0,06-MAY-2024,
OPTSTK,BHARATFORG,30-May-2024,1400.0,PE,0.0,0.0,0.0,146.3,152.65,0,0.0,8500,0,06-MAY-2024,
OPTSTK,BHARATFORG,30-May-2024,1410.0,PE,0.0,0.0,0.0,269.95,161.55,0,0.0,0,0,06-MAY-2024,
OPTSTK,BHARATFORG,30-May-2024,1420.0,PE,0.0,0.0,0.0,262.35,170.55,0,0.0,0,0,06-MAY-2024,
OPTSTK,BHARATFORG,30-May-2024,1440.0,PE,0.0,0.0,0.0,279.55,189.0,0,0.0,0,0,06-MAY-2024,
OPTSTK,BHARATFORG,30-May-2024,1460.0,PE,0.0,0.0,0.0,168.85,207.75,0,0.0,500,0,06-MAY-2024,
OPTSTK,BHARATFORG,27-Jun-2024,1100.0,CE,0.0,0.0,0.0,106.45,173.55,0,0.0,0,0,06-MAY-2024,
OPTSTK,BHARATFORG,27-Jun-2024,1120.0,CE,0.0,0.0,0.0,95.8,157.65,0,0.0,0,0,06-MAY-2024,
OPTSTK,BHARATFORG,27-Jun-2024,1140.0,CE,0.0,0.0,0.0,85.9,142.55,0,0.0,0,0,06-MAY-2024,
OPTSTK,BHARATFORG,27-Jun-2024,1150.0,CE,0.0,0.0,0.0,192.45,135.3,0,0.0,0,0,06-MAY-2024,
OPTSTK,BHARATFORG,27-Jun-2024,1160.0,CE,0.0,0.0,0.0,76.75,128.2,0,0.0,0,0,06-MAY-2024,
OPTSTK,BHARATFORG,27-Jun-2024,1170.0,CE,0.0,0.0,0.0,176.7,121.3,0,0.0,0,0,06-MAY-2024,
OPTSTK,BHARATFORG,27-Jun-2024,1180.0,CE,0.0,0.0,0.0,68.4,114.65,0,0.0,0,0,06-MAY-2024,
OPTSTK,BHARATFORG,27-Jun-2024,1190.0,CE,0.0,0.0,0.0,161.6,108.25,0,0.0,0,0,06-MAY-2024,
OPTSTK,BHARATFORG,27-Jun-2024,1200.0,CE,0.0,0.0,0.0,60.0,102.05,0,0.0,500,0,06-MAY-2024,
OPTSTK,BHARATFORG,27-Jun-2024,1210.0,CE,0.0,0.0,0.0,147.25,96.05,0,0.0,0,0,06-MAY-2024,
OPTSTK,BHARATFORG,27-Jun-2024,1220.0,CE,0.0,0.0,0.0,53.75,90.35,0,0.0,0,0,06-MAY-2024,
OPTSTK,BHARATFORG,27-Jun-2024,1230.0,CE,0.0,0.0,0.0,133.55,84.85,0,0.0,0,0,06-MAY-2024,
OPTSTK,BHARATFORG,27-Jun-2024,1240.0,CE,0.0,0.0,0.0,47.4,79.55,0,0.0,0,0,06-MAY-2024,
OPTSTK,BHARATFORG,27-Jun-2024,1250.0,CE,0.0,0.0,0.0,120.7,74.5,0,0.0,0,0,06-MAY-2024,
OPTSTK,BHARATFORG,27-Jun-2024,1260.0,CE,0.0,0.0,0.0,41.7,69.7,0,0.0,0,0,06-MAY-2024,
OPTSTK,BHARATFORG,27-Jun-2024,1270.0,CE,0.0,0.0,0.0,108.65,65.1,0,0.0,0,0,06-MAY-2024,
OPTSTK,BHARATFORG,27-Jun-2024,1280.0,CE,0.0,0.0,0.0,36.65,60.7,0,0.0,0,0,06-MAY-2024,
OPTSTK,BHARATFORG,27-Jun-2024,1290.0,CE,0.0,0.0,0.0,97.4,56.55,0,0.0,0,0,06-MAY-2024,
OPTSTK,BHARATFORG,27-Jun-2024,1300.0,CE,0.0,0.0,0.0,61.0,52.65,0,0.0,5000,0,06-MAY-2024,
OPTSTK,BHARATFORG,27-Jun-2024,1310.0,CE,0.0,0.0,0.0,86.95,48.9,0,0.0,0,0,06-MAY-2024,
OPTSTK,BHARATFORG,27-Jun-2024,1320.0,CE,0.0,0.0,0.0,27.95,45.4,0,0.0,0,0,06-MAY-2024,
OPTSTK,BHARATFORG,27-Jun-2024,1330.0,CE,0.0,0.0,0.0,77.35,42.05,0,0.0,0,0,06-MAY-2024,
OPTSTK,BHARATFORG,27-Jun-2024,1340.0,CE,0.0,0.0,0.0,24.3,38.9,0,0.0,0,0,06-MAY-2024,
OPTSTK,BHARATFORG,27-Jun-2024,1350.0,CE,0.0,0.0,0.0,50.0,36.0,0,0.0,500,0,06-MAY-2024,
OPTSTK,BHARATFORG,27-Jun-2024,1360.0,CE,0.0,0.0,0.0,21.1,33.2,0,0.0,0,0,06-MAY-2024,
OPTSTK,BHARATFORG,27-Jun-2024,1370.0,CE,0.0,0.0,0.0,60.45,30.7,0,0.0,0,0,06-MAY-2024,
OPTSTK,BHARATFORG,27-Jun-2024,1380.0,CE,0.0,0.0,0.0,18.25,28.3,0,0.0,0,0,06-MAY-2024,
OPTSTK,BHARATFORG,27-Jun-2024,1390.0,CE,0.0,0.0,0.0,53.1,26.0,0,0.0,0,0,06-MAY-2024,
OPTSTK,BHARATFORG,27-Jun-2024,1400.0,CE,0.0,0.0,0.0,28.0,23.85,0,0.0,1500,0,06-MAY-2024,
OPTSTK,BHARATFORG,27-Jun-2024,1410.0,CE,0.0,0.0,0.0,46.5,21.9,0,0.0,0,0,06-MAY-2024,
OPTSTK,BHARATFORG,27-Jun-2024,1420.0,CE,0.0,0.0,0.0,13.55,20.1,0,0.0,0,0,06-MAY-2024,
OPTSTK,BHARATFORG,27-Jun-2024,1440.0,CE,0.0,0.0,0.0,11.65,16.8,0,0.0,0,0,06-MAY-2024,
OPTSTK,BHARATFORG,27-Jun-2024,1460.0,CE,0.0,0.0,0.0,10.0,14.0,0,0.0,0,0,06-MAY-2024,
OPTSTK,BHARATFORG,27-Jun-2024,1100.0,PE,17.9,20.1,17.9,20.05,20.05,6,33.59,10500,1000,06-MAY-2024,
OPTSTK,BHARATFORG,27-Jun-2024,1120.0,PE,0.0,0.0,0.0,66.15,17.75,0,0.0,0,0,06-MAY-2024,
OPTSTK,BHARATFORG,27-Jun-2024,1140.0,PE,0.0,0.0,0.0,12.75,22.4,0,0.0,8000,0,06-MAY-2024,
OPTSTK,BHARATFORG,27-Jun-2024,1150.0,PE,0.0,0.0,0.0,16.15,25.05,0,0.0,0,0,06-MAY-2024,
OPTSTK,BHARATFORG,27-Jun-2024,1160.0,PE,0.0,0.0,0.0,86.45,27.85,0,0.0,0,0,06-MAY-2024,
OPTSTK,BHARATFORG,27-Jun-2024,1170.0,PE,0.0,0.0,0.0,20.15,30.85,0,0.0,0,0,06-MAY-2024,
OPTSTK,BHARATFORG,27-Jun-2024,1180.0,PE,0.0,0.0,0.0,97.7,34.1,0,0.0,0,0,06-MAY-2024,
OPTSTK,BHARATFORG,27-Jun-2024,1190.0,PE,0.0,0.0,0.0,24.8,37.55,0,0.0,0,0,06-MAY-2024,
OPTSTK,BHARATFORG,27-Jun-2024,1200.0,PE,0.0,0.0,0.0,37.95,41.3,0,0.0,4000,0,06-MAY-2024,
OPTSTK,BHARATFORG,27-Jun-2024,1210.0,PE,0.0,0.0,0.0,30.2,45.2,0,0.0,0,0,06-MAY-2024,
OPTSTK,BHARATFORG,27-Jun-2024,1220.0,PE,0.0,0.0,0.0,122.35,49.35,0,0.0,0,0,06-MAY-2024,
OPTSTK,BHARATFORG,27-Jun-2024,1230.0,PE,0.0,0.0,0.0,36.25,53.75,0,0.0,0,0,06-MAY-2024,
OPTSTK,BHARATFORG,27-Jun-2024,1240.0,PE,0.0,0.0,0.0,135.65,58.4,0,0.0,0,0,06-MAY-2024,
OPTSTK,BHARATFORG,27-Jun-2024,1250.0,PE,0.0,0.0,0.0,43.15,63.2,0,0.0,0,0,06-MAY-2024,
OPTSTK,BHARATFORG,27-Jun-2024,1260.0,PE,0.0,0.0,0.0,149.6,68.3,0,0.0,0,0,06-MAY-2024,
OPTSTK,BHARATFORG,27-Jun-2024,1270.0,PE,0.0,0.0,0.0,50.85,73.6,0,0.0,0,0,06-MAY-2024,
OPTSTK,BHARATFORG,27-Jun-2024,1280.0,PE,0.0,0.0,0.0,164.15,79.15,0,0.0,0,0,06-MAY-2024,
OPTSTK,BHARATFORG,27-Jun-2024,1290.0,PE,0.0,0.0,0.0,59.35,84.85,0,0.0,0,0,06-MAY-2024,
OPTSTK,BHARATFORG,27-Jun-2024,1300.0,PE,0.0,0.0,0.0,179.25,90.85,0,0.0,0,0,06-MAY-2024,
OPTSTK,BHARATFORG,27-Jun-2024,1310.0,PE,0.0,0.0,0.0,68.7,97.0,0,0.0,0,0,06-MAY-2024,
OPTSTK,BHARATFORG,27-Jun-2024,1320.0,PE,0.0,0.0,0.0,194.75,103.4,0,0.0,0,0,06-MAY-2024,
OPTSTK,BHARATFORG,27-Jun-2024,1330.0,PE,0.0,0.0,0.0,78.8,109.95,0,0.0,0,0,06-MAY-2024,
OPTSTK,BHARATFORG,27-Jun-2024,1340.0,PE,0.0,0.0,0.0,210.75,116.7,0,0.0,0,0,06-MAY-2024,
OPTSTK,BHARATFORG,27-Jun-2024,1350.0,PE,0.0,0.0,0.0,89.7,123.65,0,0.0,0,0,06-MAY-2024,
OPTSTK,BHARATFORG,27-Jun-2024,1360.0,PE,0.0,0.0,0.0,227.15,130.8,0,0.0,0,0,06-MAY-2024,
OPTSTK,BHARATFORG,27-Jun-2024,1370.0,PE,0.0,0.0,0.0,101.4,138.15,0,0.0,0,0,06-MAY-2024,
OPTSTK,BHARATFORG,27-Jun-2024,1380.0,PE,0.0,0.0,0.0,244.0,145.65,0,0.0,0,0,06-MAY-2024,
OPTSTK,BHARATFORG,27-Jun-2024,1390.0,PE,0.0,0.0,0.0,113.8,153.3,0,0.0,0,0,06-MAY-2024,
OPTSTK,BHARATFORG,27-Jun-2024,1400.0,PE,0.0,0.0,0.0,261.1,161.05,0,0.0,0,0,06-MAY-2024,
OPTSTK,BHARATFORG,27-Jun-2024,1410.0,PE,0.0,0.0,0.0,126.95,169.0,0,0.0,0,0,06-MAY-2024,
OPTSTK,BHARATFORG,27-Jun-2024,1420.0,PE,0.0,0.0,0.0,278.55,177.05,0,0.0,0,0,06-MAY-2024,
OPTSTK,BHARATFORG,27-Jun-2024,1440.0,PE,0.0,0.0,0.0,296.3,193.6,0,0.0,0,0,06-MAY-2024,
OPTSTK,BHARATFORG,27-Jun-2024,1460.0,PE,0.0,0.0,0.0,314.3,210.55,0,0.0,0,0,06-MAY-2024,
OPTSTK,BHARATFORG,25-Jul-2024,1080.0,CE,0.0,0.0,0.0,263.6,204.15,0,0.0,0,0,06-MAY-2024,
OPTSTK,BHARATFORG,25-Jul-2024,1120.0,CE,0.0,0.0,0.0,230.6,173.85,0,0.0,0,0,06-MAY-2024,
OPTSTK,BHARATFORG,25-Jul-2024,1140.0,CE,0.0,0.0,0.0,214.9,159.65,0,0.0,0,0,06-MAY-2024,
OPTSTK,BHARATFORG,25-Jul-2024,1160.0,CE,0.0,0.0,0.0,199.7,146.05,0,0.0,0,0,06-MAY-2024,
OPTSTK,BHARATFORG,25-Jul-2024,1180.0,CE,0.0,0.0,0.0,185.2,133.3,0,0.0,0,0,06-MAY-2024,
OPTSTK,BHARATFORG,25-Jul-2024,1200.0,CE,0.0,0.0,0.0,171.2,121.25,0,0.0,0,0,06-MAY-2024,
OPTSTK,BHARATFORG,25-Jul-2024,1220.0,CE,0.0,0.0,0.0,157.85,109.95,0,0.0,0,0,06-MAY-2024,
OPTSTK,BHARATFORG,25-Jul-2024,1240.0,CE,0.0,0.0,0.0,145.15,99.35,0,0.0,0,0,06-MAY-2024,
OPTSTK,BHARATFORG,25-Jul-2024,1260.0,CE,0.0,0.0,0.0,133.15,89.5,0,0.0,0,0,06-MAY-2024,
OPTSTK,BHARATFORG,25-Jul-2024,1280.0,CE,0.0,0.0,0.0,121.85,80.4,0,0.0,0,0,06-MAY-2024,
OPTSTK,BHARATFORG,25-Jul-2024,1300.0,CE,0.0,0.0,0.0,111.2,72.0,0,0.0,0,0,06-MAY-2024,
OPTSTK,BHARATFORG,25-Jul-2024,1320.0,CE,0.0,0.0,0.0,101.2,64.25,0,0.0,0,0,06-MAY-2024,
OPTSTK,BHARATFORG,25-Jul-2024,1340.0,CE,0.0,0.0,0.0,91.9,57.2,0,0.0,0,0,06-MAY-2024,
OPTSTK,BHARATFORG,25-Jul-2024,1360.0,CE,0.0,0.0,0.0,83.25,50.75,0,0.0,0,0,06-MAY-2024,
OPTSTK,BHARATFORG,25-Jul-2024,1380.0,CE,0.0,0.0,0.0,75.2,44.95,0,0.0,0,0,06-MAY-2024,
OPTSTK,BHARATFORG,25-Jul-2024,1400.0,CE,0.0,0.0,0.0,67.8,39.65,0,0.0,0,0,06-MAY-2024,
OPTSTK,BHARATFORG,25-Jul-2024,1420.0,CE,0.0,0.0,0.0,60.95,34.95,0,0.0,0,0,06-MAY-2024,
OPTSTK,BHARATFORG,25-Jul-2024,1440.0,CE,0.0,0.0,0.0,54.65,30.7,0,0.0,0,0,06-MAY-2024,
OPTSTK,BHARATFORG,25-Jul-2024,1480.0,CE,0.0,0.0,0.0,43.7,23.45,0,0.0,0,0,06-MAY-2024,
OPTSTK,BHARATFORG,25-Jul-2024,1080.0,PE,0.0,0.0,0.0,12.25,18.65,0,0.0,0,0,06-MAY-2024,
OPTSTK,BHARATFORG,25-Jul-2024,1120.0,PE,0.0,0.0,0.0,18.55,27.75,0,0.0,0,0,06-MAY-2024,
OPTSTK,BHARATFORG,25-Jul-2024,1140.0,PE,0.0,0.0,0.0,22.45,33.2,0,0.0,0,0,06-MAY-2024,
OPTSTK,BHARATFORG,25-Jul-2024,1160.0,PE,0.0,0.0,0.0,26.9,39.35,0,0.0,0,0,06-MAY-2024,
OPTSTK,BHARATFORG,25-Jul-2024,1180.0,PE,0.0,0.0,0.0,32.0,46.25,0,0.0,0,0,06-MAY-2024,
OPTSTK,BHARATFORG,25-Jul-2024,1200.0,PE,0.0,0.0,0.0,37.7,53.85,0,0.0,0,0,06-MAY-2024,
OPTSTK,BHARATFORG,25-Jul-2024,1220.0,PE,0.0,0.0,0.0,43.95,62.25,0,0.0,0,0,06-MAY-2024,
OPTSTK,BHARATFORG,25-Jul-2024,1240.0,PE,0.0,0.0,0.0,50.9,71.35,0,0.0,0,0,06-MAY-2024,
OPTSTK,BHARATFORG,25-Jul-2024,1260.0,PE,0.0,0.0,0.0,58.55,81.2,0,0.0,0,0,06-MAY-2024,
OPTSTK,BHARATFORG,25-Jul-2024,1280.0,PE,0.0,0.0,0.0,66.9,91.75,0,0.0,0,0,06-MAY-2024,
OPTSTK,BHARATFORG,25-Jul-2024,1300.0,PE,0.0,0.0,0.0,75.9,103.05,0,0.0,0,0,06-MAY-2024,
OPTSTK,BHARATFORG,25-Jul-2024,1320.0,PE,0.0,0.0,0.0,85.55,115.0,0,0.0,0,0,06-MAY-2024,
OPTSTK,BHARATFORG,25-Jul-2024,1340.0,PE,0.0,0.0,0.0,95.85,127.65,0,0.0,0,0,06-MAY-2024,
OPTSTK,BHARATFORG,25-Jul-2024,1360.0,PE,0.0,0.0,0.0,106.85,140.85,0,0.0,0,0,06-MAY-2024,
OPTSTK,BHARATFORG,25-Jul-2024,1380.0,PE,0.0,0.0,0.0,118.45,154.7,0,0.0,0,0,06-MAY-2024,
OPTSTK,BHARATFORG,25-Jul-2024,1400.0,PE,0.0,0.0,0.0,130.65,169.1,0,0.0,0,0,06-MAY-2024,
OPTSTK,BHARATFORG,25-Jul-2024,1420.0,PE,0.0,0.0,0.0,143.45,184.1,0,0.0,0,0,06-MAY-2024,
OPTSTK,BHARATFORG,25-Jul-2024,1440.0,PE,0.0,0.0,0.0,156.8,199.55,0,0.0,0,0,06-MAY-2024,
OPTSTK,BHARATFORG,25-Jul-2024,1480.0,PE,0.0,0.0,0.0,185.1,231.65,0,0.0,0,0,06-MAY-2024,
OPTSTK,BHARTIARTL,30-May-2024,1000.0,CE,0.0,0.0,0.0,274.25,288.05,0,0.0,21375,0,06-MAY-2024,
OPTSTK,BHARTIARTL,30-May-2024,1100.0,CE,0.0,0.0,0.0,239.1,188.65,0,0.0,2850,0,06-MAY-2024,
OPTSTK,BHARTIARTL,30-May-2024,1110.0,CE,0.0,0.0,0.0,117.0,178.8,0,0.0,8550,0,06-MAY-2024,
OPTSTK,BHARTIARTL,30-May-2024,1120.0,CE,0.0,0.0,0.0,222.5,168.95,0,0.0,1900,0,06-MAY-2024,
OPTSTK,BHARTIARTL,30-May-2024,1140.0,CE,0.0,0.0,0.0,182.15,149.5,0,0.0,950,0,06-MAY-2024,
OPTSTK,BHARTIARTL,30-May-2024,1150.0,CE,152.0,152.0,152.0,152.0,139.9,1,6.18,14725,0,06-MAY-2024,
OPTSTK,BHARTIARTL,30-May-2024,1160.0,CE,145.8,145.8,134.75,134.75,130.4,8,49.39,1900,1900,06-MAY-2024,
OPTSTK,BHARTIARTL,30-May-2024,1170.0,CE,0.0,0.0,0.0,137.0,121.05,0,0.0,0,0,06-MAY-2024,
OPTSTK,BHARTIARTL,30-May-2024,1180.0,CE,0.0,0.0,0.0,39.15,111.9,0,0.0,0,0,06-MAY-2024,
OPTSTK,BHARTIARTL,30-May-2024,1190.0,CE,105.35,105.9,105.35,105.75,105.75,3,18.46,7600,1425,06-MAY-2024,
OPTSTK,BHARTIARTL,30-May-2024,1200.0,CE,100.0,110.35,95.65,97.15,97.15,95,588.12,85975,-4750,06-MAY-2024,
OPTSTK,BHARTIARTL,30-May-2024,1210.0,CE,84.35,98.95,84.35,92.85,85.8,6,37.17,11875,1900,06-MAY-2024,
OPTSTK,BHARTIARTL,30-May-2024,1220.0,CE,80.1,88.05,79.45,79.45,77.7,5,30.94,28975,-950,06-MAY-2024,
OPTSTK,BHARTIARTL,30-May-2024,1230.0,CE,72.05,80.35,67.75,80.35,69.95,6,37.13,8550,950,06-MAY-2024,
OPTSTK,BHARTIARTL,30-May-2024,1240.0,CE,60.35,72.1,59.4,63.65,63.65,19,117.81,15200,-475,06-MAY-2024,
OPTSTK,BHARTIARTL,30-May-2024,1250.0,CE,54.1,66.95,50.65,55.8,55.8,240,1491.2,81700,-1900,06-MAY-2024,
OPTSTK,BHARTIARTL,30-May-2024,1260.0,CE,44.2,60.2,43.0,49.05,49.05,368,2290.75,62700,-27550,06-MAY-2024,
OPTSTK,BHARTIARTL,30-May-2024,1270.0,CE,41.7,52.6,37.45,42.05,42.05,557,3476.28,65075,-19000,06-MAY-2024,
OPTSTK,BHARTIARTL,30-May-2024,1280.0,CE,33.95,46.0,31.55,35.9,35.9,2128,13323.26,210425,-43700,06-MAY-2024,
OPTSTK,BHARTIARTL,30-May-2024,1290.0,CE,29.5,39.95,26.6,30.35,30.35,2848,17890.07,191900,37050,06-MAY-2024,
OPTSTK,BHARTIARTL,30-May-2024,1300.0,CE,23.75,33.95,22.2,25.2,25.2,6579,41493.33,1161850,52250,06-MAY-2024,
OPTSTK,BHARTIARTL,30-May-2024,1310.0,CE,20.7,28.7,18.35,21.0,21.0,3367,21318.81,460750,180500,06-MAY-2024,
OPTSTK,BHARTIARTL,30-May-2024,1320.0,CE,16.0,24.2,15.05,17.35,17.35,4600,29264.75,1580325,484025,06-MAY-2024,
OPTSTK,BHARTIARTL,30-May-2024,1330.0,CE,14.3,20.25,12.4,14.4,14.4,1832,11711.88,631275,55100,06-MAY-2024,
OPTSTK,BHARTIARTL,30-May-2024,1340.0,CE,11.45,16.8,10.1,12.0,12.0,2358,15157.62,1121000,-51775,06-MAY-2024,
OPTSTK,BHARTIARTL,30-May-2024,1350.0,CE,10.05,14.2,8.3,9.95,9.95,4624,29893.62,1875775,292600,06-MAY-2024,
OPTSTK,BHARTIARTL,30-May-2024,1360.0,CE,8.25,11.65,6.8,8.4,8.4,1666,10836.2,1684825,63650,06-MAY-2024,
OPTSTK,BHARTIARTL,30-May-2024,1370.0,CE,6.8,9.95,5.8,7.2,7.2,707,4627.09,167200,6175,06-MAY-2024,
OPTSTK,BHARTIARTL,30-May-2024,1380.0,CE,6.1,8.3,4.9,6.1,6.1,650,4281.03,329175,-2375,06-MAY-2024,
OPTSTK,BHARTIARTL,30-May-2024,1390.0,CE,4.95,7.1,4.2,5.25,5.25,618,4096.53,139175,-475,06-MAY-2024,
OPTSTK,BHARTIARTL,30-May-2024,1400.0,CE,4.4,6.1,3.5,4.6,4.6,3139,20948.0,1438775,70775,06-MAY-2024,
OPTSTK,BHARTIARTL,30-May-2024,1410.0,CE,3.5,5.2,3.05,3.95,3.95,176,1182.23,84550,-9500,06-MAY-2024,
OPTSTK,BHARTIARTL,30-May-2024,1420.0,CE,3.25,4.5,2.6,3.35,3.35,459,3103.7,139650,-2375,06-MAY-2024,
OPTSTK,BHARTIARTL,30-May-2024,1430.0,CE,3.0,3.8,2.2,2.9,2.9,175,1191.29,78375,23275,06-MAY-2024,
OPTSTK,BHARTIARTL,30-May-2024,1440.0,CE,2.2,3.35,1.9,2.55,2.55,804,5509.4,211850,93100,06-MAY-2024,
OPTSTK,BHARTIARTL,30-May-2024,1450.0,CE,2.15,2.95,1.7,2.25,2.25,724,4994.6,376675,-43225,06-MAY-2024,
OPTSTK,BHARTIARTL,30-May-2024,1460.0,CE,1.85,2.6,1.55,2.0,2.0,358,2486.29,128250,-37050,06-MAY-2024,
OPTSTK,BHARTIARTL,30-May-2024,1480.0,CE,1.4,2.3,1.4,1.65,1.65,192,1351.43,256025,-15675,06-MAY-2024,
OPTSTK,BHARTIARTL,30-May-2024,1500.0,CE,2.1,2.1,1.3,1.45,1.45,312,2225.28,387125,22800,06-MAY-2024,
OPTSTK,BHARTIARTL,30-May-2024,1520.0,CE,1.4,1.4,0.9,1.1,1.1,344,2485.7,523450,13300,06-MAY-2024,
OPTSTK,BHARTIARTL,30-May-2024,1000.0,PE,0.4,0.8,0.4,0.8,0.0,53,251.9,32300,-11875,06-MAY-2024,
OPTSTK,BHARTIARTL,30-May-2024,1020.0,PE,1.0,1.0,1.0,1.0,0.0,5,24.24,475,-2375,06-MAY-2024,
OPTSTK,BHARTIARTL,30-May-2024,1100.0,PE,1.0,1.1,0.7,0.95,0.95,97,507.24,223250,-2850,06-MAY-2024,
OPTSTK,BHARTIARTL,30-May-2024,1120.0,PE,0.0,0.0,0.0,42.55,0.4,0,0.0,0,0,06-MAY-2024,
OPTSTK,BHARTIARTL,30-May-2024,1140.0,PE,1.4,1.6,1.25,1.55,1.55,52,281.94,29925,12350,06-MAY-2024,
OPTSTK,BHARTIARTL,30-May-2024,1150.0,PE,1.9,2.0,1.35,1.9,1.9,248,1356.68,204725,-8075,06-MAY-2024,
OPTSTK,BHARTIARTL,30-May-2024,1160.0,PE,2.0,2.4,1.8,2.35,2.35,78,430.58,20425,-5225,06-MAY-2024,
OPTSTK,BHARTIARTL,30-May-2024,1170.0,PE,2.55,2.9,2.1,2.85,2.85,132,735.26,46075,23275,06-MAY-2024,
OPTSTK,BHARTIARTL,30-May-2024,1180.0,PE,2.8,3.65,2.65,3.55,3.55,73,410.26,32775,3325,06-MAY-2024,
OPTSTK,BHARTIARTL,30-May-2024,1190.0,PE,3.85,4.4,3.15,4.35,4.35,83,470.67,47500,-5700,06-MAY-2024,
OPTSTK,BHARTIARTL,30-May-2024,1200.0,PE,5.9,5.9,3.85,5.5,5.5,922,5276.21,768075,-8075,06-MAY-2024,
OPTSTK,BHARTIARTL,30-May-2024,1210.0,PE,5.8,6.7,4.8,6.65,6.65,79,456.24,38000,1425,06-MAY-2024,
OPTSTK,BHARTIARTL,30-May-2024,1220.0,PE,9.95,9.95,5.8,8.05,8.05,457,2663.21,161500,1425,06-MAY-2024,
OPTSTK,BHARTIARTL,30-May-2024,1230.0,PE,9.55,10.0,7.0,9.8,9.8,668,3929.67,171950,5700,06-MAY-2024,
OPTSTK,BHARTIARTL,30-May-2024,1240.0,PE,11.65,12.1,8.6,11.85,11.85,767,4556.14,141075,18050,06-MAY-2024,
OPTSTK,BHARTIARTL,30-May-2024,1250.0,PE,14.1,14.65,10.65,14.3,14.3,1748,10482.77,525825,187150,06-MAY-2024,
OPTSTK,BHARTIARTL,30-May-2024,1260.0,PE,16.65,17.8,12.8,17.05,17.05,953,5773.02,359100,-2375,06-MAY-2024,
OPTSTK,BHARTIARTL,30-May-2024,1270.0,PE,20.25,21.6,15.5,20.3,20.3,1196,7319.77,163400,2375,06-MAY-2024,
OPTSTK,BHARTIARTL,30-May-2024,1280.0,PE,23.95,26.0,18.55,24.05,24.05,4497,27819.89,304950,73150,06-MAY-2024,
OPTSTK,BHARTIARTL,30-May-2024,1290.0,PE,27.25,30.4,22.35,28.3,28.3,1948,12179.27,127775,3325,06-MAY-2024,
OPTSTK,BHARTIARTL,30-May-2024,1300.0,PE,37.5,37.5,26.35,33.15,33.15,1963,12408.49,543875,39900,06-MAY-2024,
OPTSTK,BHARTIARTL,30-May-2024,1310.0,PE,40.05,40.6,31.45,38.75,38.75,377,2409.22,76950,-3800,06-MAY-2024,
OPTSTK,BHARTIARTL,30-May-2024,1320.0,PE,48.6,48.6,37.15,45.35,45.35,202,1307.44,141075,-11400,06-MAY-2024,
OPTSTK,BHARTIARTL,30-May-2024,1330.0,PE,49.2,54.25,42.65,52.55,52.55,131,857.31,118275,-6175,06-MAY-2024,
OPTSTK,BHARTIARTL,30-May-2024,1340.0,PE,60.5,62.0,50.1,59.65,59.65,87,577.12,108300,-2850,06-MAY-2024,
OPTSTK,BHARTIARTL,30-May-2024,1350.0,PE,64.1,71.65,56.2,68.0,68.0,109,732.46,195700,-15675,06-MAY-2024,
OPTSTK,BHARTIARTL,30-May-2024,1360.0,PE,0.0,0.0,0.0,80.65,79.95,0,0.0,101650,0,06-MAY-2024,
OPTSTK,BHARTIARTL,30-May-2024,1370.0,PE,87.05,87.05,72.9,85.0,85.0,33,227.25,25175,-2375,06-MAY-2024,
OPTSTK,BHARTIARTL,30-May-2024,1380.0,PE,90.95,97.85,80.8,94.05,94.05,54,376.83,30875,1900,06-MAY-2024,
OPTSTK,BHARTIARTL,30-May-2024,1390.0,PE,0.0,0.0,0.0,82.1,105.3,0,0.0,11875,0,06-MAY-2024,
OPTSTK,BHARTIARTL,30-May-2024,1400.0,PE,109.0,113.55,109.0,112.7,112.7,14,100.51,81700,4750,06-MAY-2024,
OPTSTK,BHARTIARTL,30-May-2024,1410.0,PE,0.0,0.0,0.0,125.5,123.3,0,0.0,19475,0,06-MAY-2024,
OPTSTK,BHARTIARTL,30-May-2024,1420.0,PE,0.0,0.0,0.0,89.2,132.6,0,0.0,950,0,06-MAY-2024,
OPTSTK,BHARTIARTL,30-May-2024,1430.0,PE,0.0,0.0,0.0,97.75,142.0,0,0.0,1425,0,06-MAY-2024,
OPTSTK,BHARTIARTL,30-May-2024,1440.0,PE,0.0,0.0,0.0,105.45,151.5,0,0.0,475,0,06-MAY-2024,
OPTSTK,BHARTIARTL,30-May-2024,1450.0,PE,0.0,0.0,0.0,114.15,161.1,0,0.0,475,0,06-MAY-2024,
OPTSTK,BHARTIARTL,30-May-2024,1460.0,PE,0.0,0.0,0.0,124.9,170.75,0,0.0,475,0,06-MAY-2024,
OPTSTK,BHARTIARTL,30-May-2024,1480.0,PE,0.0,0.0,0.0,330.7,190.3,0,0.0,0,0,06-MAY-2024,
OPTSTK,BHARTIARTL,30-May-2024,1500.0,PE,0.0,0.0,0.0,153.1,210.0,0,0.0,950,0,06-MAY-2024,
OPTSTK,BHARTIARTL,30-May-2024,1520.0,PE,0.0,0.0,0.0,369.55,229.75,0,0.0,0,0,06-MAY-2024,
OPTSTK,BHARTIARTL,27-Jun-2024,1100.0,CE,0.0,0.0,0.0,158.45,196.6,0,0.0,0,0,06-MAY-2024,
OPTSTK,BHARTIARTL,27-Jun-2024,1120.0,CE,0.0,0.0,0.0,142.25,177.9,0,0.0,0,0,06-MAY-2024,
OPTSTK,BHARTIARTL,27-Jun-2024,1140.0,CE,0.0,0.0,0.0,126.9,159.7,0,0.0,0,0,06-MAY-2024,
OPTSTK,BHARTIARTL,27-Jun-2024,1160.0,CE,0.0,0.0,0.0,112.4,142.1,0,0.0,0,0,06-MAY-2024,
OPTSTK,BHARTIARTL,27-Jun-2024,1170.0,CE,0.0,0.0,0.0,188.05,133.55,0,0.0,0,0,06-MAY-2024,
OPTSTK,BHARTIARTL,27-Jun-2024,1180.0,CE,0.0,0.0,0.0,98.8,125.25,0,0.0,0,0,06-MAY-2024,
OPTSTK,BHARTIARTL,27-Jun-2024,1190.0,CE,0.0,0.0,0.0,170.35,117.15,0,0.0,0,0,06-MAY-2024,
OPTSTK,BHARTIARTL,27-Jun-2024,1200.0,CE,0.0,0.0,0.0,115.0,109.3,0,0.0,2850,0,06-MAY-2024,
OPTSTK,BHARTIARTL,27-Jun-2024,1210.0,CE,0.0,0.0,0.0,153.2,101.7,0,0.0,0,0,06-MAY-2024,
OPTSTK,BHARTIARTL,27-Jun-2024,1220.0,CE,0.0,0.0,0.0,74.75,94.4,0,0.0,0,0,06-MAY-2024,
OPTSTK,BHARTIARTL,27-Jun-2024,1230.0,CE,0.0,0.0,0.0,136.8,87.35,0,0.0,0,0,06-MAY-2024,
OPTSTK,BHARTIARTL,27-Jun-2024,1240.0,CE,0.0,0.0,0.0,64.3,80.6,0,0.0,0,0,06-MAY-2024,
OPTSTK,BHARTIARTL,27-Jun-2024,1250.0,CE,0.0,0.0,0.0,80.0,74.15,0,0.0,1425,0,06-MAY-2024,
OPTSTK,BHARTIARTL,27-Jun-2024,1260.0,CE,0.0,0.0,0.0,54.9,68.05,0,0.0,0,0,06-MAY-2024,
OPTSTK,BHARTIARTL,27-Jun-2024,1270.0,CE,0.0,0.0,0.0,106.65,62.25,0,0.0,0,0,06-MAY-2024,
OPTSTK,BHARTIARTL,27-Jun-2024,1280.0,CE,0.0,0.0,0.0,46.55,56.8,0,0.0,0,0,06-MAY-2024,
OPTSTK,BHARTIARTL,27-Jun-2024,1290.0,CE,0.0,0.0,0.0,77.4,51.65,0,0.0,475,0,06-MAY-2024,
OPTSTK,BHARTIARTL,27-Jun-2024,1300.0,CE,55.4,68.5,55.4,61.1,61.1,120,776.33,100225,33725,06-MAY-2024,
OPTSTK,BHARTIARTL,27-Jun-2024,1310.0,CE,0.0,0.0,0.0,48.25,42.35,0,0.0,1425,0,06-MAY-2024,
OPTSTK,BHARTIARTL,27-Jun-2024,1320.0,CE,0.0,0.0,0.0,66.9,38.15,0,0.0,0,0,06-MAY-2024,
OPTSTK,BHARTIARTL,27-Jun-2024,1330.0,CE,0.0,0.0,0.0,36.35,34.25,0,0.0,950,0,06-MAY-2024,
OPTSTK,BHARTIARTL,27-Jun-2024,1340.0,CE,0.0,0.0,0.0,50.45,30.7,0,0.0,950,0,06-MAY-2024,
OPTSTK,BHARTIARTL,27-Jun-2024,1350.0,CE,47.2,47.2,37.95,39.5,27.4,6,39.62,18525,2375,06-MAY-2024,
OPTSTK,BHARTIARTL,27-Jun-2024,1360.0,CE,30.0,35.0,30.0,35.0,24.4,2,13.22,1900,475,06-MAY-2024,
OPTSTK,BHARTIARTL,27-Jun-2024,1370.0,CE,0.0,0.0,0.0,49.35,21.65,0,0.0,0,0,06-MAY-2024,
OPTSTK,BHARTIARTL,27-Jun-2024,1380.0,CE,0.0,0.0,0.0,33.1,19.2,0,0.0,475,0,06-MAY-2024,
OPTSTK,BHARTIARTL,27-Jun-2024,1390.0,CE,0.0,0.0,0.0,41.2,16.9,0,0.0,0,0,06-MAY-2024,
OPTSTK,BHARTIARTL,27-Jun-2024,1400.0,CE,21.45,25.45,21.45,25.4,25.4,43,290.81,57000,8075,06-MAY-2024,
OPTSTK,BHARTIARTL,27-Jun-2024,1410.0,CE,0.0,0.0,0.0,34.1,13.05,0,0.0,0,0,06-MAY-2024,
OPTSTK,BHARTIARTL,27-Jun-2024,1420.0,CE,0.0,0.0,0.0,11.95,11.4,0,0.0,0,0,06-MAY-2024,
OPTSTK,BHARTIARTL,27-Jun-2024,1430.0,CE,0.0,0.0,0.0,27.95,9.95,0,0.0,0,0,06-MAY-2024,
OPTSTK,BHARTIARTL,27-Jun-2024,1440.0,CE,0.0,0.0,0.0,9.55,8.65,0,0.0,0,0,06-MAY-2024,
OPTSTK,BHARTIARTL,27-Jun-2024,1450.0,CE,0.0,0.0,0.0,22.8,7.5,0,0.0,0,0,06-MAY-2024,
OPTSTK,BHARTIARTL,27-Jun-2024,1460.0,CE,12.0,12.0,12.0,12.0,6.45,1,6.99,475,475,06-MAY-2024,
OPTSTK,BHARTIARTL,27-Jun-2024,1480.0,CE,0.0,0.0,0.0,6.0,4.8,0,0.0,0,0,06-MAY-2024,
OPTSTK,BHARTIARTL,27-Jun-2024,1500.0,CE,6.85,6.85,6.85,6.85,3.5,2,14.31,17100,0,06-MAY-2024,
OPTSTK,BHARTIARTL,27-Jun-2024,1520.0,CE,5.65,5.65,5.65,5.65,2.55,1,7.24,950,0,06-MAY-2024,
OPTSTK,BHARTIARTL,27-Jun-2024,1100.0,PE,0.0,0.0,0.0,10.2,1.85,0,0.0,0,0,06-MAY-2024,
OPTSTK,BHARTIARTL,27-Jun-2024,1120.0,PE,0.0,0.0,0.0,13.65,2.95,0,0.0,0,0,06-MAY-2024,
OPTSTK,BHARTIARTL,27-Jun-2024,1140.0,PE,0.0,0.0,0.0,17.9,4.55,0,0.0,0,0,06-MAY-2024,
OPTSTK,BHARTIARTL,27-Jun-2024,1160.0,PE,0.0,0.0,0.0,23.1,6.75,0,0.0,0,0,06-MAY-2024,
OPTSTK,BHARTIARTL,27-Jun-2024,1170.0,PE,0.0,0.0,0.0,4.7,8.1,0,0.0,0,0,06-MAY-2024,
OPTSTK,BHARTIARTL,27-Jun-2024,1180.0,PE,0.0,0.0,0.0,29.1,9.7,0,0.0,0,0,06-MAY-2024,
OPTSTK,BHARTIARTL,27-Jun-2024,1190.0,PE,0.0,0.0,0.0,6.7,11.5,0,0.0,0,0,06-MAY-2024,
OPTSTK,BHARTIARTL,27-Jun-2024,1200.0,PE,19.0,22.35,16.25,20.0,20.0,17,98.52,59375,4750,06-MAY-2024,
OPTSTK,BHARTIARTL,27-Jun-2024,1210.0,PE,0.0,0.0,0.0,9.35,15.85,0,0.0,0,0,06-MAY-2024,
OPTSTK,BHARTIARTL,27-Jun-2024,1220.0,PE,21.0,21.0,21.0,21.0,18.45,1,5.89,1425,475,06-MAY-2024,
OPTSTK,BHARTIARTL,27-Jun-2024,1230.0,PE,0.0,0.0,0.0,12.7,21.25,0,0.0,0,0,06-MAY-2024,
OPTSTK,BHARTIARTL,27-Jun-2024,1240.0,PE,0.0,0.0,0.0,53.55,24.4,0,0.0,0,0,06-MAY-2024,
OPTSTK,BHARTIARTL,27-Jun-2024,1250.0,PE,30.0,34.4,30.0,34.4,34.4,2,12.18,2850,950,06-MAY-2024,
OPTSTK,BHARTIARTL,27-Jun-2024,1260.0,PE,0.0,0.0,0.0,21.45,31.65,0,0.0,475,0,06-MAY-2024,
OPTSTK,BHARTIARTL,27-Jun-2024,1270.0,PE,0.0,0.0,0.0,43.0,35.75,0,0.0,15675,0,06-MAY-2024,
OPTSTK,BHARTIARTL,27-Jun-2024,1280.0,PE,0.0,0.0,0.0,75.05,40.2,0,0.0,0,0,06-MAY-2024,
OPTSTK,BHARTIARTL,27-Jun-2024,1290.0,PE,0.0,0.0,0.0,28.05,44.95,0,0.0,0,0,06-MAY-2024,
OPTSTK,BHARTIARTL,27-Jun-2024,1300.0,PE,55.8,64.5,55.8,59.5,50.05,46,297.43,63175,12825,06-MAY-2024,
OPTSTK,BHARTIARTL,27-Jun-2024,1310.0,PE,0.0,0.0,0.0,35.25,55.45,0,0.0,0,0,06-MAY-2024,
OPTSTK,BHARTIARTL,27-Jun-2024,1320.0,PE,0.0,0.0,0.0,60.0,61.15,0,0.0,475,0,06-MAY-2024,
OPTSTK,BHARTIARTL,27-Jun-2024,1330.0,PE,0.0,0.0,0.0,43.55,67.15,0,0.0,0,0,06-MAY-2024,
OPTSTK,BHARTIARTL,27-Jun-2024,1340.0,PE,0.0,0.0,0.0,114.55,73.5,0,0.0,0,0,06-MAY-2024,
OPTSTK,BHARTIARTL,27-Jun-2024,1350.0,PE,0.0,0.0,0.0,52.95,80.1,0,0.0,0,0,06-MAY-2024,
OPTSTK,BHARTIARTL,27-Jun-2024,1360.0,PE,0.0,0.0,0.0,129.45,87.0,0,0.0,0,0,06-MAY-2024,
OPTSTK,BHARTIARTL,27-Jun-2024,1370.0,PE,0.0,0.0,0.0,63.45,94.15,0,0.0,0,0,06-MAY-2024,
OPTSTK,BHARTIARTL,27-Jun-2024,1380.0,PE,0.0,0.0,0.0,145.0,101.6,0,0.0,0,0,06-MAY-2024,
OPTSTK,BHARTIARTL,27-Jun-2024,1390.0,PE,0.0,0.0,0.0,75.05,109.2,0,0.0,0,0,06-MAY-2024,
OPTSTK,BHARTIARTL,27-Jun-2024,1400.0,PE,0.0,0.0,0.0,161.2,117.05,0,0.0,0,0,06-MAY-2024,
OPTSTK,BHARTIARTL,27-Jun-2024,1410.0,PE,0.0,0.0,0.0,87.7,125.1,0,0.0,0,0,06-MAY-2024,
OPTSTK,BHARTIARTL,27-Jun-2024,1420.0,PE,0.0,0.0,0.0,177.95,133.35,0,0.0,0,0,06-MAY-2024,
OPTSTK,BHARTIARTL,27-Jun-2024,1430.0,PE,0.0,0.0,0.0,101.35,141.8,0,0.0,0,0,06-MAY-2024,
OPTSTK,BHARTIARTL,27-Jun-2024,1440.0,PE,0.0,0.0,0.0,195.2,150.4,0,0.0,0,0,06-MAY-2024,
OPTSTK,BHARTIARTL,27-Jun-2024,1450.0,PE,0.0,0.0,0.0,115.9,159.15,0,0.0,0,0,06-MAY-2024,
OPTSTK,BHARTIARTL,27-Jun-2024,1460.0,PE,0.0,0.0,0.0,212.9,168.0,0,0.0,0,0,06-MAY-2024,
OPTSTK,BHARTIARTL,27-Jun-2024,1480.0,PE,0.0,0.0,0.0,230.95,186.15,0,0.0,0,0,06-MAY-2024,
OPTSTK,BHARTIARTL,27-Jun-2024,1500.0,PE,0.0,0.0,0.0,249.3,204.65,0,0.0,0,0,06-MAY-2024,
OPTSTK,BHARTIARTL,27-Jun-2024,1520.0,PE,0.0,0.0,0.0,267.9,223.45,0,0.0,0,0,06-MAY-2024,
OPTSTK,BHARTIARTL,25-Jul-2024,1080.0,CE,0.0,0.0,0.0,280.1,223.6,0,0.0,0,0,06-MAY-2024,
OPTSTK,BHARTIARTL,25-Jul-2024,1120.0,CE,0.0,0.0,0.0,242.8,187.5,0,0.0,0,0,06-MAY-2024,
OPTSTK,BHARTIARTL,25-Jul-2024,1160.0,CE,0.0,0.0,0.0,206.95,153.6,0,0.0,0,0,06-MAY-2024,
OPTSTK,BHARTIARTL,25-Jul-2024,1180.0,CE,0.0,0.0,0.0,189.8,137.75,0,0.0,0,0,06-MAY-2024,
OPTSTK,BHARTIARTL,25-Jul-2024,1200.0,CE,0.0,0.0,0.0,173.15,122.7,0,0.0,0,0,06-MAY-2024,
OPTSTK,BHARTIARTL,25-Jul-2024,1220.0,CE,0.0,0.0,0.0,157.2,108.5,0,0.0,0,0,06-MAY-2024,
OPTSTK,BHARTIARTL,25-Jul-2024,1240.0,CE,0.0,0.0,0.0,142.0,95.3,0,0.0,0,0,06-MAY-2024,
OPTSTK,BHARTIARTL,25-Jul-2024,1260.0,CE,0.0,0.0,0.0,127.6,83.1,0,0.0,0,0,06-MAY-2024,
OPTSTK,BHARTIARTL,25-Jul-2024,1280.0,CE,0.0,0.0,0.0,113.95,71.95,0,0.0,0,0,06-MAY-2024,
OPTSTK,BHARTIARTL,25-Jul-2024,1300.0,CE,0.0,0.0,0.0,101.25,61.85,0,0.0,0,0,06-MAY-2024,
OPTSTK,BHARTIARTL,25-Jul-2024,1320.0,CE,0.0,0.0,0.0,89.45,52.8,0,0.0,0,0,06-MAY-2024,
OPTSTK,BHARTIARTL,25-Jul-2024,1340.0,CE,0.0,0.0,0.0,78.55,44.7,0,0.0,0,0,06-MAY-2024,
OPTSTK,BHARTIARTL,25-Jul-2024,1360.0,CE,0.0,0.0,0.0,68.65,37.6,0,0.0,0,0,06-MAY-2024,
OPTSTK,BHARTIARTL,25-Jul-2024,1380.0,CE,0.0,0.0,0.0,59.6,31.35,0,0.0,0,0,06-MAY-2024,
OPTSTK,BHARTIARTL,25-Jul-2024,1400.0,CE,0.0,0.0,0.0,51.45,26.05,0,0.0,0,0,06-MAY-2024,
OPTSTK,BHARTIARTL,25-Jul-2024,1420.0,CE,0.0,0.0,0.0,44.2,21.4,0,0.0,0,0,06-MAY-2024,
OPTSTK,BHARTIARTL,25-Jul-2024,1440.0,CE,0.0,0.0,0.0,37.75,17.5,0,0.0,0,0,06-MAY-2024,
OPTSTK,BHARTIARTL,25-Jul-2024,1460.0,CE,0.0,0.0,0.0,32.05,14.2,0,0.0,0,0,06-MAY-2024,
OPTSTK,BHARTIARTL,25-Jul-2024,1480.0,CE,0.0,0.0,0.0,27.1,11.45,0,0.0,0,0,06-MAY-2024,
OPTSTK,BHARTIARTL,25-Jul-2024,1520.0,CE,0.0,0.0,0.0,19.0,7.3,0,0.0,0,0,06-MAY-2024,
OPTSTK,BHARTIARTL,25-Jul-2024,1080.0,PE,0.0,0.0,0.0,1.9,3.15,0,0.0,0,0,06-MAY-2024,
OPTSTK,BHARTIARTL,25-Jul-2024,1120.0,PE,0.0,0.0,0.0,3.9,6.4,0,0.0,0,0,06-MAY-2024,
OPTSTK,BHARTIARTL,25-Jul-2024,1160.0,PE,0.0,0.0,0.0,7.3,11.85,0,0.0,0,0,06-MAY-2024,
OPTSTK,BHARTIARTL,25-Jul-2024,1180.0,PE,0.0,0.0,0.0,9.75,15.65,0,0.0,0,0,06-MAY-2024,
OPTSTK,BHARTIARTL,25-Jul-2024,1200.0,PE,0.0,0.0,0.0,12.8,20.35,0,0.0,0,0,06-MAY-2024,
OPTSTK,BHARTIARTL,25-Jul-2024,1220.0,PE,0.0,0.0,0.0,16.5,25.8,0,0.0,0,0,06-MAY-2024,
OPTSTK,BHARTIARTL,25-Jul-2024,1240.0,PE,0.0,0.0,0.0,20.9,32.3,0,0.0,0,0,06-MAY-2024,
OPTSTK,BHARTIARTL,25-Jul-2024,1260.0,PE,0.0,0.0,0.0,26.15,39.8,0,0.0,0,0,06-MAY-2024,
OPTSTK,BHARTIARTL,25-Jul-2024,1280.0,PE,0.0,0.0,0.0,32.1,48.35,0,0.0,0,0,06-MAY-2024,
OPTSTK,BHARTIARTL,25-Jul-2024,1300.0,PE,0.0,0.0,0.0,60.0,57.9,0,0.0,1900,0,06-MAY-2024,
OPTSTK,BHARTIARTL,25-Jul-2024,1320.0,PE,0.0,0.0,0.0,46.9,68.5,0,0.0,0,0,06-MAY-2024,
OPTSTK,BHARTIARTL,25-Jul-2024,1340.0,PE,0.0,0.0,0.0,55.65,80.1,0,0.0,0,0,06-MAY-2024,
OPTSTK,BHARTIARTL,25-Jul-2024,1360.0,PE,0.0,0.0,0.0,65.35,92.7,0,0.0,0,0,06-MAY-2024,
OPTSTK,BHARTIARTL,25-Jul-2024,1380.0,PE,0.0,0.0,0.0,76.0,106.15,0,0.0,0,0,06-MAY-2024,
OPTSTK,BHARTIARTL,25-Jul-2024,1400.0,PE,0.0,0.0,0.0,87.5,120.5,0,0.0,0,0,06-MAY-2024,
OPTSTK,BHARTIARTL,25-Jul-2024,1420.0,PE,0.0,0.0,0.0,99.85,135.55,0,0.0,0,0,06-MAY-2024,
OPTSTK,BHARTIARTL,25-Jul-2024,1440.0,PE,0.0,0.0,0.0,113.0,151.35,0,0.0,0,0,06-MAY-2024,
OPTSTK,BHARTIARTL,25-Jul-2024,1460.0,PE,0.0,0.0,0.0,126.95,167.75,0,0.0,0,0,06-MAY-2024,
OPTSTK,BHARTIARTL,25-Jul-2024,1480.0,PE,0.0,0.0,0.0,141.7,184.65,0,0.0,0,0,06-MAY-2024,
OPTSTK,BHARTIARTL,25-Jul-2024,1520.0,PE,0.0,0.0,0.0,172.85,219.85,0,0.0,0,0,06-MAY-2024,
OPTSTK,BHEL,30-May-2024,220.0,CE,0.0,0.0,0.0,91.6,70.25,0,0.0,380625,0,06-MAY-2024,
OPTSTK,BHEL,30-May-2024,230.0,CE,71.0,71.0,55.0,59.35,59.35,11,84.69,84000,-2625,06-MAY-2024,
OPTSTK,BHEL,30-May-2024,235.0,CE,53.35,53.35,53.35,53.35,56.0,3,22.7,7875,0,06-MAY-2024,
OPTSTK,BHEL,30-May-2024,240.0,CE,50.95,54.55,47.55,54.55,51.45,5,38.19,89250,0,06-MAY-2024,
OPTSTK,BHEL,30-May-2024,245.0,CE,49.05,50.85,49.05,50.85,47.0,2,15.48,15750,5250,06-MAY-2024,
OPTSTK,BHEL,30-May-2024,250.0,CE,42.75,47.2,37.0,42.4,42.4,63,482.73,443625,47250,06-MAY-2024,
OPTSTK,BHEL,30-May-2024,255.0,CE,32.9,32.9,32.9,32.9,38.55,1,7.55,126000,2625,06-MAY-2024,
OPTSTK,BHEL,30-May-2024,260.0,CE,34.0,38.8,28.9,33.3,33.3,124,954.04,1252125,-31500,06-MAY-2024,
OPTSTK,BHEL,30-May-2024,265.0,CE,32.5,35.0,25.7,30.4,30.4,66,511.07,422625,-5250,06-MAY-2024,
OPTSTK,BHEL,30-May-2024,270.0,CE,40.55,40.55,22.3,25.95,25.95,545,4250.14,2475375,-52500,06-MAY-2024,
OPTSTK,BHEL,30-May-2024,275.0,CE,32.9,32.9,19.5,22.5,22.5,128,1002.86,254625,-49875,06-MAY-2024,
OPTSTK,BHEL,30-May-2024,280.0,CE,32.0,32.1,16.5,19.8,19.8,2244,17668.08,2714250,178500,06-MAY-2024,
OPTSTK,BHEL,30-May-2024,285.0,CE,23.65,24.25,14.15,16.8,16.8,2159,17109.69,1155000,212625,06-MAY-2024,
OPTSTK,BHEL,30-May-2024,290.0,CE,22.7,22.7,12.2,14.8,14.8,9220,73916.94,4559625,1081500,06-MAY-2024,
OPTSTK,BHEL,30-May-2024,295.0,CE,21.6,21.6,10.4,12.5,12.5,3699,29973.57,1047375,367500,06-MAY-2024,
OPTSTK,BHEL,30-May-2024,300.0,CE,20.3,20.45,8.9,10.65,10.65,12487,102181.13,6124125,1779750,06-MAY-2024,
OPTSTK,BHEL,30-May-2024,305.0,CE,17.6,18.0,7.65,9.2,9.2,3664,30339.16,1399125,409500,06-MAY-2024,
OPTSTK,BHEL,30-May-2024,310.0,CE,13.15,16.0,6.5,7.95,7.95,7579,63454.72,4008375,850500,06-MAY-2024,
OPTSTK,BHEL,30-May-2024,315.0,CE,13.6,13.6,5.65,6.85,6.85,2954,25026.74,1816500,-60375,06-MAY-2024,
OPTSTK,BHEL,30-May-2024,320.0,CE,12.05,12.05,4.9,5.8,5.8,7149,61300.85,6074250,1396500,06-MAY-2024,
OPTSTK,BHEL,30-May-2024,325.0,CE,10.0,10.3,4.15,4.95,4.95,2224,19302.06,1071000,215250,06-MAY-2024,
OPTSTK,BHEL,30-May-2024,330.0,CE,8.9,9.05,3.55,4.2,4.2,3482,30611.99,3845625,585375,06-MAY-2024,
OPTSTK,BHEL,30-May-2024,335.0,CE,7.2,7.5,3.0,3.6,3.6,1735,15445.55,1916250,13125,06-MAY-2024,
OPTSTK,BHEL,30-May-2024,340.0,CE,6.4,6.45,2.55,3.05,3.05,1931,17407.82,2312625,611625,06-MAY-2024,
OPTSTK,BHEL,30-May-2024,345.0,CE,5.55,5.55,2.2,2.55,2.55,649,5929.08,346500,23625,06-MAY-2024,
OPTSTK,BHEL,30-May-2024,350.0,CE,5.75,5.75,1.9,2.3,2.3,3771,34902.64,5016375,892500,06-MAY-2024,
OPTSTK,BHEL,30-May-2024,200.0,PE,0.15,0.35,0.15,0.3,0.05,44,231.34,469875,0,06-MAY-2024,
OPTSTK,BHEL,30-May-2024,210.0,PE,0.2,0.45,0.15,0.4,0.4,26,143.55,207375,-10500,06-MAY-2024,
OPTSTK,BHEL,30-May-2024,215.0,PE,0.5,0.6,0.3,0.45,0.2,27,152.69,63000,-23625,06-MAY-2024,
OPTSTK,BHEL,30-May-2024,220.0,PE,0.25,0.8,0.25,0.65,0.65,268,1551.91,1588125,70875,06-MAY-2024,
OPTSTK,BHEL,30-May-2024,230.0,PE,0.35,1.3,0.3,0.95,0.95,695,4211.32,1575000,-401625,06-MAY-2024,
OPTSTK,BHEL,30-May-2024,235.0,PE,0.5,1.8,0.45,1.25,1.25,312,1933.78,315000,-21000,06-MAY-2024,
OPTSTK,BHEL,30-May-2024,240.0,PE,0.55,2.4,0.55,1.5,1.5,1023,6483.22,1462125,5250,06-MAY-2024,
OPTSTK,BHEL,30-May-2024,245.0,PE,0.75,3.15,0.75,2.0,2.0,307,1989.52,346500,70875,06-MAY-2024,
OPTSTK,BHEL,30-May-2024,250.0,PE,0.9,4.15,0.9,2.55,2.55,2212,14663.76,2436000,666750,06-MAY-2024,
OPTSTK,BHEL,30-May-2024,255.0,PE,1.25,5.3,1.25,3.25,3.25,739,5007.27,538125,44625,06-MAY-2024,
OPTSTK,BHEL,30-May-2024,260.0,PE,1.55,6.65,1.55,4.05,4.05,3576,24787.91,2428125,-65625,06-MAY-2024,
OPTSTK,BHEL,30-May-2024,265.0,PE,2.2,8.15,2.2,5.1,5.1,1752,12428.76,1034250,55125,06-MAY-2024,
OPTSTK,BHEL,30-May-2024,270.0,PE,2.8,10.0,2.65,6.5,6.5,4018,29168.19,3115875,-63000,06-MAY-2024,
OPTSTK,BHEL,30-May-2024,275.0,PE,3.55,12.1,3.4,8.15,8.15,2692,20015.33,1239000,-133875,06-MAY-2024,
OPTSTK,BHEL,30-May-2024,280.0,PE,4.5,14.5,4.45,10.05,10.05,7030,53564.95,3362625,-220500,06-MAY-2024,
OPTSTK,BHEL,30-May-2024,285.0,PE,5.8,17.25,5.8,12.2,12.2,3979,31084.21,874125,-131250,06-MAY-2024,
OPTSTK,BHEL,30-May-2024,290.0,PE,7.2,20.1,6.95,14.9,14.9,6467,51668.36,2394000,273000,06-MAY-2024,
OPTSTK,BHEL,30-May-2024,295.0,PE,9.4,23.0,9.4,17.7,17.7,1777,14518.75,556500,-42000,06-MAY-2024,
OPTSTK,BHEL,30-May-2024,300.0,PE,11.1,26.85,11.1,20.85,20.85,3039,25504.55,2302125,-921375,06-MAY-2024,
OPTSTK,BHEL,30-May-2024,305.0,PE,13.8,29.65,13.8,24.45,24.45,475,4063.4,819000,-55125,06-MAY-2024,
OPTSTK,BHEL,30-May-2024,310.0,PE,16.5,33.5,16.3,27.85,27.85,775,6811.07,989625,-430500,06-MAY-2024,
OPTSTK,BHEL,30-May-2024,315.0,PE,19.35,38.15,19.35,31.7,31.7,168,1522.11,669375,-123375,06-MAY-2024,
OPTSTK,BHEL,30-May-2024,320.0,PE,26.55,41.75,26.55,36.55,36.55,137,1267.54,861000,-102375,06-MAY-2024,
OPTSTK,BHEL,30-May-2024,325.0,PE,28.7,44.55,28.7,38.35,39.4,14,132.9,70875,-13125,06-MAY-2024,
OPTSTK,BHEL,30-May-2024,330.0,PE,31.3,50.0,31.3,41.0,43.5,12,116.79,131250,0,06-MAY-2024,
OPTSTK,BHEL,30-May-2024,335.0,PE,0.0,0.0,0.0,30.0,47.75,0,0.0,15750,0,06-MAY-2024,
OPTSTK,BHEL,30-May-2024,340.0,PE,47.8,52.8,47.8,52.8,52.8,5,51.23,15750,2625,06-MAY-2024,
OPTSTK,BHEL,30-May-2024,345.0,PE,0.0,0.0,0.0,53.7,56.6,0,0.0,0,0,06-MAY-2024,
OPTSTK,BHEL,30-May-2024,350.0,PE,46.45,65.6,46.45,59.5,61.2,14,150.57,42000,-10500,06-MAY-2024,
OPTSTK,BHEL,27-Jun-2024,245.0,CE,0.0,0.0,0.0,40.4,52.15,0,0.0,0,0,06-MAY-2024,
OPTSTK,BHEL,27-Jun-2024,250.0,CE,52.0,52.0,52.0,52.0,48.35,1,7.92,123375,2625,06-MAY-2024,
OPTSTK,BHEL,27-Jun-2024,255.0,CE,0.0,0.0,0.0,34.2,44.75,0,0.0,0,0,06-MAY-2024,
OPTSTK,BHEL,27-Jun-2024,260.0,CE,45.1,45.3,45.1,45.3,41.3,2,16.02,15750,5250,06-MAY-2024,
OPTSTK,BHEL,27-Jun-2024,265.0,CE,0.0,0.0,0.0,28.7,38.0,0,0.0,0,0,06-MAY-2024,
OPTSTK,BHEL,27-Jun-2024,270.0,CE,0.0,0.0,0.0,53.45,34.85,0,0.0,60375,0,06-MAY-2024,
OPTSTK,BHEL,27-Jun-2024,275.0,CE,0.0,0.0,0.0,50.6,31.9,0,0.0,2625,0,06-MAY-2024,
OPTSTK,BHEL,27-Jun-2024,280.0,CE,32.5,34.85,29.9,31.65,31.65,112,917.76,236250,154875,06-MAY-2024,
OPTSTK,BHEL,27-Jun-2024,285.0,CE,28.0,28.1,26.6,26.6,26.55,4,32.83,31500,5250,06-MAY-2024,
OPTSTK,BHEL,27-Jun-2024,290.0,CE,28.0,31.0,24.0,27.75,27.75,101,844.52,202125,118125,06-MAY-2024,
OPTSTK,BHEL,27-Jun-2024,295.0,CE,22.85,26.95,22.85,26.95,21.85,2,16.79,13125,5250,06-MAY-2024,
OPTSTK,BHEL,27-Jun-2024,300.0,CE,29.65,30.0,20.0,22.8,22.8,208,1765.35,412125,207375,06-MAY-2024,
OPTSTK,BHEL,27-Jun-2024,305.0,CE,20.3,22.25,19.15,22.25,17.85,5,42.71,7875,5250,06-MAY-2024,
OPTSTK,BHEL,27-Jun-2024,310.0,CE,25.15,25.15,16.3,19.65,19.65,76,658.51,110250,-18375,06-MAY-2024,
OPTSTK,BHEL,27-Jun-2024,315.0,CE,18.0,18.6,15.7,18.6,14.4,4,34.87,10500,2625,06-MAY-2024,
OPTSTK,BHEL,27-Jun-2024,320.0,CE,22.05,22.4,14.0,16.6,16.6,95,842.19,160125,15750,06-MAY-2024,
OPTSTK,BHEL,27-Jun-2024,325.0,CE,0.0,0.0,0.0,18.95,11.55,0,0.0,5250,0,06-MAY-2024,
OPTSTK,BHEL,27-Jun-2024,330.0,CE,17.0,17.0,12.0,13.6,13.6,24,216.93,84000,0,06-MAY-2024,
OPTSTK,BHEL,27-Jun-2024,335.0,CE,17.5,17.5,11.5,13.5,9.2,6,55.13,28875,7875,06-MAY-2024,
OPTSTK,BHEL,27-Jun-2024,340.0,CE,10.0,13.95,10.0,11.2,11.2,7,64.6,52500,18375,06-MAY-2024,
OPTSTK,BHEL,27-Jun-2024,345.0,CE,0.0,0.0,0.0,8.7,7.25,0,0.0,0,0,06-MAY-2024,
OPTSTK,BHEL,27-Jun-2024,350.0,CE,9.0,9.0,9.0,9.0,9.0,2,18.84,5250,5250,06-MAY-2024,
OPTSTK,BHEL,27-Jun-2024,220.0,PE,2.55,3.35,2.55,3.2,3.2,18,105.4,36750,10500,06-MAY-2024,
OPTSTK,BHEL,27-Jun-2024,240.0,PE,4.95,6.85,4.95,6.15,6.15,44,284.04,152250,34125,06-MAY-2024,
OPTSTK,BHEL,27-Jun-2024,245.0,PE,0.0,0.0,0.0,10.7,5.65,0,0.0,0,0,06-MAY-2024,
OPTSTK,BHEL,27-Jun-2024,250.0,PE,5.0,10.0,5.0,8.65,8.65,70,474.41,212625,133875,06-MAY-2024,
OPTSTK,BHEL,27-Jun-2024,255.0,PE,9.0,11.9,9.0,11.9,8.15,2,13.93,18375,2625,06-MAY-2024,
OPTSTK,BHEL,27-Jun-2024,260.0,PE,9.4,14.0,9.4,11.25,11.25,39,278.26,139125,63000,06-MAY-2024,
OPTSTK,BHEL,27-Jun-2024,265.0,PE,0.0,0.0,0.0,18.75,11.3,0,0.0,0,0,06-MAY-2024,
OPTSTK,BHEL,27-Jun-2024,270.0,PE,10.0,17.0,10.0,15.3,15.3,51,380.19,236250,34125,06-MAY-2024,
OPTSTK,BHEL,27-Jun-2024,275.0,PE,17.75,17.75,17.75,17.75,15.15,1,7.68,2625,2625,06-MAY-2024,
OPTSTK,BHEL,27-Jun-2024,280.0,PE,13.05,23.3,13.05,19.55,19.55,95,746.06,333375,60375,06-MAY-2024,
OPTSTK,BHEL,27-Jun-2024,285.0,PE,25.05,26.1,20.5,21.55,19.65,11,88.7,21000,5250,06-MAY-2024,
OPTSTK,BHEL,27-Jun-2024,290.0,PE,19.1,28.5,19.1,24.25,24.25,44,362.78,133875,42000,06-MAY-2024,
OPTSTK,BHEL,27-Jun-2024,295.0,PE,26.65,27.9,26.65,27.9,27.9,4,33.85,15750,5250,06-MAY-2024,
OPTSTK,BHEL,27-Jun-2024,300.0,PE,21.15,35.0,21.15,30.35,30.35,34,293.57,246750,28875,06-MAY-2024,
OPTSTK,BHEL,27-Jun-2024,305.0,PE,0.0,0.0,0.0,42.6,30.75,0,0.0,0,0,06-MAY-2024,
OPTSTK,BHEL,27-Jun-2024,310.0,PE,28.25,34.25,28.25,34.25,33.9,2,17.91,60375,0,06-MAY-2024,
OPTSTK,BHEL,27-Jun-2024,315.0,PE,35.0,35.0,35.0,35.0,37.2,2,18.37,13125,0,06-MAY-2024,
OPTSTK,BHEL,27-Jun-2024,320.0,PE,0.0,0.0,0.0,74.6,40.65,0,0.0,0,0,06-MAY-2024,
OPTSTK,BHEL,27-Jun-2024,325.0,PE,0.0,0.0,0.0,57.75,44.25,0,0.0,0,0,06-MAY-2024,
OPTSTK,BHEL,27-Jun-2024,330.0,PE,34.25,34.25,34.25,34.25,47.95,1,9.56,7875,2625,06-MAY-2024,
OPTSTK,BHEL,27-Jun-2024,335.0,PE,0.0,0.0,0.0,60.0,51.8,0,0.0,0,0,06-MAY-2024,
OPTSTK,BHEL,27-Jun-2024,340.0,PE,0.0,0.0,0.0,91.75,55.75,0,0.0,0,0,06-MAY-2024,
OPTSTK,BHEL,27-Jun-2024,345.0,PE,0.0,0.0,0.0,57.15,59.75,0,0.0,0,0,06-MAY-2024,
OPTSTK,BHEL,27-Jun-2024,350.0,PE,0.0,0.0,0.0,92.55,63.85,0,0.0,0,0,06-MAY-2024,
OPTSTK,BHEL,25-Jul-2024,240.0,CE,0.0,0.0,0.0,48.4,60.5,0,0.0,0,0,06-MAY-2024,
OPTSTK,BHEL,25-Jul-2024,250.0,CE,0.0,0.0,0.0,42.25,53.35,0,0.0,0,0,06-MAY-2024,
OPTSTK,BHEL,25-Jul-2024,260.0,CE,0.0,0.0,0.0,36.65,46.75,0,0.0,0,0,06-MAY-2024,
OPTSTK,BHEL,25-Jul-2024,270.0,CE,0.0,0.0,0.0,31.6,40.75,0,0.0,0,0,06-MAY-2024,
OPTSTK,BHEL,25-Jul-2024,280.0,CE,0.0,0.0,0.0,27.15,35.3,0,0.0,0,0,06-MAY-2024,
OPTSTK,BHEL,25-Jul-2024,290.0,CE,0.0,0.0,0.0,23.15,30.4,0,0.0,0,0,06-MAY-2024,
OPTSTK,BHEL,25-Jul-2024,300.0,CE,0.0,0.0,0.0,19.7,26.05,0,0.0,0,0,06-MAY-2024,
OPTSTK,BHEL,25-Jul-2024,310.0,CE,0.0,0.0,0.0,16.65,22.2,0,0.0,0,0,06-MAY-2024,
OPTSTK,BHEL,25-Jul-2024,320.0,CE,18.1,18.1,18.1,18.1,18.8,1,8.87,10500,0,06-MAY-2024,
OPTSTK,BHEL,25-Jul-2024,330.0,CE,0.0,0.0,0.0,11.8,15.9,0,0.0,0,0,06-MAY-2024,
OPTSTK,BHEL,25-Jul-2024,340.0,CE,0.0,0.0,0.0,17.4,13.35,0,0.0,5250,0,06-MAY-2024,
OPTSTK,BHEL,25-Jul-2024,350.0,CE,0.0,0.0,0.0,8.25,11.2,0,0.0,0,0,06-MAY-2024,
OPTSTK,BHEL,25-Jul-2024,240.0,PE,0.0,0.0,0.0,12.45,7.75,0,0.0,0,0,06-MAY-2024,
OPTSTK,BHEL,25-Jul-2024,250.0,PE,0.0,0.0,0.0,16.1,10.45,0,0.0,0,0,06-MAY-2024,
OPTSTK,BHEL,25-Jul-2024,260.0,PE,0.0,0.0,0.0,20.35,13.7,0,0.0,0,0,06-MAY-2024,
OPTSTK,BHEL,25-Jul-2024,270.0,PE,0.0,0.0,0.0,25.15,17.55,0,0.0,0,0,06-MAY-2024,
OPTSTK,BHEL,25-Jul-2024,280.0,PE,0.0,0.0,0.0,30.45,21.9,0,0.0,0,0,06-MAY-2024,
OPTSTK,BHEL,25-Jul-2024,290.0,PE,0.0,0.0,0.0,36.35,26.85,0,0.0,0,0,06-MAY-2024,
OPTSTK,BHEL,25-Jul-2024,300.0,PE,25.5,25.5,25.5,25.5,32.35,1,8.54,5250,2625,06-MAY-2024,
OPTSTK,BHEL,25-Jul-2024,310.0,PE,0.0,0.0,0.0,49.45,38.35,0,0.0,0,0,06-MAY-2024,
OPTSTK,BHEL,25-Jul-2024,320.0,PE,0.0,0.0,0.0,56.7,44.8,0,0.0,0,0,06-MAY-2024,
OPTSTK,BHEL,25-Jul-2024,330.0,PE,0.0,0.0,0.0,64.25,51.7,0,0.0,0,0,06-MAY-2024,
OPTSTK,BHEL,25-Jul-2024,340.0,PE,0.0,0.0,0.0,72.15,59.05,0,0.0,0,0,06-MAY-2024,
OPTSTK,BHEL,25-Jul-2024,350.0,PE,0.0,0.0,0.0,80.35,66.7,0,0.0,0,0,06-MAY-2024,
OPTSTK,BIOCON,30-May-2024,220.0,CE,0.0,0.0,0.0,94.15,81.7,0,0.0,100000,0,06-MAY-2024,
OPTSTK,BIOCON,30-May-2024,230.0,CE,0.0,0.0,0.0,77.9,71.75,0,0.0,2500,0,06-MAY-2024,
OPTSTK,BIOCON,30-May-2024,240.0,CE,0.0,0.0,0.0,54.7,61.9,0,0.0,5000,0,06-MAY-2024,
OPTSTK,BIOCON,30-May-2024,250.0,CE,0.0,0.0,0.0,59.5,52.15,0,0.0,40000,0,06-MAY-2024,
OPTSTK,BIOCON,30-May-2024,255.0,CE,0.0,0.0,0.0,22.0,47.4,0,0.0,2500,0,06-MAY-2024,
OPTSTK,BIOCON,30-May-2024,260.0,CE,0.0,0.0,0.0,50.0,42.75,0,0.0,97500,0,06-MAY-2024,
OPTSTK,BIOCON,30-May-2024,265.0,CE,0.0,0.0,0.0,44.15,38.25,0,0.0,37500,0,06-MAY-2024,
OPTSTK,BIOCON,30-May-2024,270.0,CE,0.0,0.0,0.0,39.95,33.9,0,0.0,165000,0,06-MAY-2024,
OPTSTK,BIOCON,30-May-2024,275.0,CE,0.0,0.0,0.0,40.0,29.8,0,0.0,65000,0,06-MAY-2024,
OPTSTK,BIOCON,30-May-2024,280.0,CE,26.05,26.05,26.0,26.05,26.05,2,15.3,1180000,-5000,06-MAY-2024,
OPTSTK,BIOCON,30-May-2024,285.0,CE,14.85,14.85,14.85,14.85,22.25,2,14.99,90000,-5000,06-MAY-2024,
OPTSTK,BIOCON,30-May-2024,290.0,CE,20.0,20.0,20.0,20.0,18.95,1,7.75,850000,-2500,06-MAY-2024,
OPTSTK,BIOCON,30-May-2024,295.0,CE,0.0,0.0,0.0,18.0,15.95,0,0.0,215000,0,06-MAY-2024,
OPTSTK,BIOCON,30-May-2024,300.0,CE,13.15,14.95,13.15,14.95,13.25,2,15.7,2382500,-5000,06-MAY-2024,
OPTSTK,BIOCON,30-May-2024,305.0,CE,10.0,12.1,10.0,12.1,12.1,4,31.63,272500,-10000,06-MAY-2024,
OPTSTK,BIOCON,30-May-2024,310.0,CE,4.1,10.7,4.1,10.0,10.0,9,71.54,1580000,-22500,06-MAY-2024,
OPTSTK,BIOCON,30-May-2024,315.0,CE,9.7,9.7,3.0,3.0,7.1,11,88.37,515000,-27500,06-MAY-2024,
OPTSTK,BIOCON,30-May-2024,320.0,CE,6.75,6.75,5.85,6.5,6.5,15,122.31,2137500,-37500,06-MAY-2024,
OPTSTK,BIOCON,30-May-2024,325.0,CE,6.4,6.4,6.4,6.4,4.45,2,16.57,380000,-5000,06-MAY-2024,
OPTSTK,BIOCON,30-May-2024,330.0,CE,5.2,5.2,2.3,3.1,3.1,10,83.39,2242500,-25000,06-MAY-2024,
OPTSTK,BIOCON,30-May-2024,335.0,CE,0.0,0.0,0.0,5.2,2.65,0,0.0,737500,0,06-MAY-2024,
OPTSTK,BIOCON,30-May-2024,340.0,CE,0.0,0.0,0.0,2.85,2.0,0,0.0,490000,0,06-MAY-2024,
OPTSTK,BIOCON,30-May-2024,345.0,CE,0.0,0.0,0.0,3.0,1.5,0,0.0,297500,0,06-MAY-2024,
OPTSTK,BIOCON,30-May-2024,350.0,CE,1.1,1.1,0.95,1.0,1.1,6,52.65,557500,-15000,06-MAY-2024,
OPTSTK,BIOCON,30-May-2024,220.0,PE,0.0,0.0,0.0,0.25,0.05,0,0.0,242500,0,06-MAY-2024,
OPTSTK,BIOCON,30-May-2024,230.0,PE,0.35,0.7,0.35,0.7,0.05,5,28.82,180000,-12500,06-MAY-2024,
OPTSTK,BIOCON,30-May-2024,240.0,PE,0.0,0.0,0.0,0.5,0.15,0,0.0,380000,0,06-MAY-2024,
OPTSTK,BIOCON,30-May-2024,245.0,PE,0.0,0.0,0.0,0.75,0.2,0,0.0,60000,0,06-MAY-2024,
OPTSTK,BIOCON,30-May-2024,250.0,PE,0.65,0.8,0.65,0.8,0.35,3,18.8,755000,-7500,06-MAY-2024,
OPTSTK,BIOCON,30-May-2024,255.0,PE,0.5,0.5,0.5,0.5,0.6,4,25.55,302500,-10000,06-MAY-2024,
OPTSTK,BIOCON,30-May-2024,260.0,PE,0.85,0.85,0.85,0.85,0.9,1,6.52,612500,-2500,06-MAY-2024,
OPTSTK,BIOCON,30-May-2024,265.0,PE,0.0,0.0,0.0,0.6,1.4,0,0.0,170000,0,06-MAY-2024,
OPTSTK,BIOCON,30-May-2024,270.0,PE,0.0,0.0,0.0,1.6,2.0,0,0.0,790000,0,06-MAY-2024,
OPTSTK,BIOCON,30-May-2024,275.0,PE,0.0,0.0,0.0,1.0,2.85,0,0.0,707500,0,06-MAY-2024,
OPTSTK,BIOCON,30-May-2024,280.0,PE,5.0,5.0,3.1,3.1,3.95,4,28.41,725000,-10000,06-MAY-2024,
OPTSTK,BIOCON,30-May-2024,285.0,PE,0.0,0.0,0.0,3.25,5.3,0,0.0,185000,0,06-MAY-2024,
OPTSTK,BIOCON,30-May-2024,290.0,PE,4.6,5.85,4.6,5.85,6.95,4,29.55,1087500,-10000,06-MAY-2024,
OPTSTK,BIOCON,30-May-2024,295.0,PE,6.05,6.05,6.05,6.05,8.9,1,7.52,235000,-2500,06-MAY-2024,
OPTSTK,BIOCON,30-May-2024,300.0,PE,10.0,10.0,9.5,10.0,11.2,4,30.97,1295000,-10000,06-MAY-2024,
OPTSTK,BIOCON,30-May-2024,305.0,PE,0.0,0.0,0.0,8.5,13.85,0,0.0,220000,0,06-MAY-2024,
OPTSTK,BIOCON,30-May-2024,310.0,PE,13.4,13.4,13.4,13.4,16.75,1,8.08,385000,-2500,06-MAY-2024,
OPTSTK,BIOCON,30-May-2024,315.0,PE,20.0,20.0,20.0,20.0,20.0,1,8.37,140000,-2500,06-MAY-2024,
OPTSTK,BIOCON,30-May-2024,320.0,PE,0.0,0.0,0.0,17.5,23.5,0,0.0,537500,0,06-MAY-2024,
OPTSTK,BIOCON,30-May-2024,325.0,PE,0.0,0.0,0.0,23.85,27.3,0,0.0,117500,0,06-MAY-2024,
OPTSTK,BIOCON,30-May-2024,330.0,PE,0.0,0.0,0.0,27.45,31.25,0,0.0,90000,0,06-MAY-2024,
OPTSTK,BIOCON,30-May-2024,335.0,PE,0.0,0.0,0.0,38.9,35.45,0,0.0,132500,0,06-MAY-2024,
OPTSTK,BIOCON,30-May-2024,340.0,PE,0.0,0.0,0.0,35.4,39.8,0,0.0,32500,0,06-MAY-2024,
OPTSTK,BIOCON,30-May-2024,345.0,PE,0.0,0.0,0.0,42.55,44.25,0,0.0,35000,0,06-MAY-2024,
OPTSTK,BIOCON,30-May-2024,350.0,PE,0.0,0.0,0.0,43.6,48.85,0,0.0,17500,0,06-MAY-2024,
OPTSTK,BIOCON,27-Jun-2024,260.0,CE,0.0,0.0,0.0,24.6,46.6,0,0.0,0,0,06-MAY-2024,
OPTSTK,BIOCON,27-Jun-2024,270.0,CE,0.0,0.0,0.0,19.75,38.7,0,0.0,0,0,06-MAY-2024,
OPTSTK,BIOCON,27-Jun-2024,275.0,CE,0.0,0.0,0.0,30.1,35.05,0,0.0,0,0,06-MAY-2024,
OPTSTK,BIOCON,27-Jun-2024,280.0,CE,0.0,0.0,0.0,15.65,31.55,0,0.0,0,0,06-MAY-2024,
OPTSTK,BIOCON,27-Jun-2024,285.0,CE,0.0,0.0,0.0,24.2,28.3,0,0.0,0,0,06-MAY-2024,
OPTSTK,BIOCON,27-Jun-2024,290.0,CE,0.0,0.0,0.0,12.25,25.25,0,0.0,0,0,06-MAY-2024,
OPTSTK,BIOCON,27-Jun-2024,295.0,CE,0.0,0.0,0.0,19.15,22.45,0,0.0,0,0,06-MAY-2024,
OPTSTK,BIOCON,27-Jun-2024,300.0,CE,0.0,0.0,0.0,26.6,19.85,0,0.0,25000,0,06-MAY-2024,
OPTSTK,BIOCON,27-Jun-2024,305.0,CE,0.0,0.0,0.0,14.9,17.45,0,0.0,0,0,06-MAY-2024,
OPTSTK,BIOCON,27-Jun-2024,310.0,CE,0.0,0.0,0.0,29.95,15.3,0,0.0,27500,0,06-MAY-2024,
OPTSTK,BIOCON,27-Jun-2024,315.0,CE,0.0,0.0,0.0,11.4,13.3,0,0.0,0,0,06-MAY-2024,
OPTSTK,BIOCON,27-Jun-2024,320.0,CE,0.0,0.0,0.0,16.4,11.55,0,0.0,2500,0,06-MAY-2024,
OPTSTK,BIOCON,27-Jun-2024,325.0,CE,0.0,0.0,0.0,8.6,10.0,0,0.0,0,0,06-MAY-2024,
OPTSTK,BIOCON,27-Jun-2024,330.0,CE,0.0,0.0,0.0,12.8,8.6,0,0.0,17500,0,06-MAY-2024,
OPTSTK,BIOCON,27-Jun-2024,335.0,CE,0.0,0.0,0.0,6.4,7.35,0,0.0,0,0,06-MAY-2024,
OPTSTK,BIOCON,27-Jun-2024,340.0,CE,0.0,0.0,0.0,3.1,6.3,0,0.0,0,0,06-MAY-2024,
OPTSTK,BIOCON,27-Jun-2024,350.0,CE,0.0,0.0,0.0,2.3,4.5,0,0.0,0,0,06-MAY-2024,
OPTSTK,BIOCON,27-Jun-2024,250.0,PE,0.0,0.0,0.0,2.0,1.9,0,0.0,25000,0,06-MAY-2024,
OPTSTK,BIOCON,27-Jun-2024,260.0,PE,0.0,0.0,0.0,15.8,3.25,0,0.0,0,0,06-MAY-2024,
OPTSTK,BIOCON,27-Jun-2024,270.0,PE,0.0,0.0,0.0,20.8,5.25,0,0.0,0,0,06-MAY-2024,
OPTSTK,BIOCON,27-Jun-2024,275.0,PE,0.0,0.0,0.0,10.0,6.55,0,0.0,0,0,06-MAY-2024,
OPTSTK,BIOCON,27-Jun-2024,280.0,PE,0.0,0.0,0.0,26.5,8.0,0,0.0,0,0,06-MAY-2024,
OPTSTK,BIOCON,27-Jun-2024,285.0,PE,0.0,0.0,0.0,13.95,9.7,0,0.0,0,0,06-MAY-2024,
OPTSTK,BIOCON,27-Jun-2024,290.0,PE,0.0,0.0,0.0,32.95,11.6,0,0.0,0,0,06-MAY-2024,
OPTSTK,BIOCON,27-Jun-2024,295.0,PE,0.0,0.0,0.0,18.8,13.75,0,0.0,0,0,06-MAY-2024,
OPTSTK,BIOCON,27-Jun-2024,300.0,PE,0.0,0.0,0.0,13.5,16.1,0,0.0,5000,0,06-MAY-2024,
OPTSTK,BIOCON,27-Jun-2024,305.0,PE,0.0,0.0,0.0,24.4,18.65,0,0.0,0,0,06-MAY-2024,
OPTSTK,BIOCON,27-Jun-2024,310.0,PE,0.0,0.0,0.0,47.6,21.45,0,0.0,0,0,06-MAY-2024,
OPTSTK,BIOCON,27-Jun-2024,315.0,PE,0.0,0.0,0.0,30.8,24.45,0,0.0,0,0,06-MAY-2024,
OPTSTK,BIOCON,27-Jun-2024,320.0,PE,0.0,0.0,0.0,55.65,27.6,0,0.0,0,0,06-MAY-2024,
OPTSTK,BIOCON,27-Jun-2024,325.0,PE,0.0,0.0,0.0,37.9,31.0,0,0.0,0,0,06-MAY-2024,
OPTSTK,BIOCON,27-Jun-2024,330.0,PE,0.0,0.0,0.0,64.1,34.55,0,0.0,0,0,06-MAY-2024,
OPTSTK,BIOCON,27-Jun-2024,335.0,PE,0.0,0.0,0.0,45.55,38.25,0,0.0,0,0,06-MAY-2024,
OPTSTK,BIOCON,27-Jun-2024,340.0,PE,0.0,0.0,0.0,72.85,42.15,0,0.0,0,0,06-MAY-2024,
OPTSTK,BIOCON,27-Jun-2024,350.0,PE,0.0,0.0,0.0,81.85,50.25,0,0.0,0,0,06-MAY-2024,
OPTSTK,BIOCON,25-Jul-2024,260.0,CE,0.0,0.0,0.0,44.25,50.3,0,0.0,0,0,06-MAY-2024,
OPTSTK,BIOCON,25-Jul-2024,270.0,CE,0.0,0.0,0.0,37.5,42.95,0,0.0,0,0,06-MAY-2024,
OPTSTK,BIOCON,25-Jul-2024,280.0,CE,0.0,0.0,0.0,31.45,36.2,0,0.0,0,0,06-MAY-2024,
OPTSTK,BIOCON,25-Jul-2024,290.0,CE,0.0,0.0,0.0,26.1,30.2,0,0.0,0,0,06-MAY-2024,
OPTSTK,BIOCON,25-Jul-2024,300.0,CE,0.0,0.0,0.0,21.45,24.95,0,0.0,0,0,06-MAY-2024,
OPTSTK,BIOCON,25-Jul-2024,310.0,CE,0.0,0.0,0.0,17.45,20.35,0,0.0,0,0,06-MAY-2024,
OPTSTK,BIOCON,25-Jul-2024,320.0,CE,0.0,0.0,0.0,14.05,16.4,0,0.0,0,0,06-MAY-2024,
OPTSTK,BIOCON,25-Jul-2024,330.0,CE,0.0,0.0,0.0,11.2,13.1,0,0.0,0,0,06-MAY-2024,
OPTSTK,BIOCON,25-Jul-2024,340.0,CE,0.0,0.0,0.0,8.9,10.4,0,0.0,0,0,06-MAY-2024,
OPTSTK,BIOCON,25-Jul-2024,360.0,CE,0.0,0.0,0.0,5.45,6.35,0,0.0,0,0,06-MAY-2024,
OPTSTK,BIOCON,25-Jul-2024,260.0,PE,0.0,0.0,0.0,7.95,5.55,0,0.0,0,0,06-MAY-2024,
OPTSTK,BIOCON,25-Jul-2024,270.0,PE,0.0,0.0,0.0,11.0,8.0,0,0.0,0,0,06-MAY-2024,
OPTSTK,BIOCON,25-Jul-2024,280.0,PE,0.0,0.0,0.0,14.75,11.15,0,0.0,0,0,06-MAY-2024,
OPTSTK,BIOCON,25-Jul-2024,290.0,PE,0.0,0.0,0.0,19.25,15.0,0,0.0,0,0,06-MAY-2024,
OPTSTK,BIOCON,25-Jul-2024,300.0,PE,0.0,0.0,0.0,24.4,19.55,0,0.0,0,0,06-MAY-2024,
OPTSTK,BIOCON,25-Jul-2024,310.0,PE,0.0,0.0,0.0,30.2,24.8,0,0.0,0,0,06-MAY-2024,
OPTSTK,BIOCON,25-Jul-2024,320.0,PE,0.0,0.0,0.0,36.65,30.7,0,0.0,0,0,06-MAY-2024,
OPTSTK,BIOCON,25-Jul-2024,330.0,PE,0.0,0.0,0.0,43.6,37.25,0,0.0,0,0,06-MAY-2024,
OPTSTK,BIOCON,25-Jul-2024,340.0,PE,0.0,0.0,0.0,51.1,44.35,0,0.0,0,0,06-MAY-2024,
OPTSTK,BIOCON,25-Jul-2024,360.0,PE,0.0,0.0,0.0,67.3,60.0,0,0.0,0,0,06-MAY-2024,
OPTSTK,BOSCHLTD,30-May-2024,24500.0,CE,0.0,0.0,0.0,4701.75,5647.8,0,0.0,0,0,06-MAY-2024,
OPTSTK,BOSCHLTD,30-May-2024,25000.0,CE,0.0,0.0,0.0,4273.2,5151.5,0,0.0,0,0,06-MAY-2024,
OPTSTK,BOSCHLTD,30-May-2024,25500.0,CE,0.0,0.0,0.0,3861.1,4657.0,0,0.0,0,0,06-MAY-2024,
OPTSTK,BOSCHLTD,30-May-2024,26000.0,CE,0.0,0.0,0.0,3467.6,4166.05,0,0.0,0,0,06-MAY-2024,
OPTSTK,BOSCHLTD,30-May-2024,26250.0,CE,0.0,0.0,0.0,4235.8,3922.75,0,0.0,0,0,06-MAY-2024,
OPTSTK,BOSCHLTD,30-May-2024,26500.0,CE,0.0,0.0,0.0,3095.7,3681.5,0,0.0,0,0,06-MAY-2024,
OPTSTK,BOSCHLTD,30-May-2024,26750.0,CE,0.0,0.0,0.0,3800.5,3442.8,0,0.0,0,0,06-MAY-2024,
OPTSTK,BOSCHLTD,30-May-2024,27000.0,CE,0.0,0.0,0.0,2970.15,3207.4,0,0.0,25,0,06-MAY-2024,
OPTSTK,BOSCHLTD,30-May-2024,27250.0,CE,0.0,0.0,0.0,3383.25,2975.95,0,0.0,0,0,06-MAY-2024,
OPTSTK,BOSCHLTD,30-May-2024,27500.0,CE,0.0,0.0,0.0,2417.3,2749.3,0,0.0,0,0,06-MAY-2024,
OPTSTK,BOSCHLTD,30-May-2024,27750.0,CE,0.0,0.0,0.0,2987.1,2528.25,0,0.0,0,0,06-MAY-2024,
OPTSTK,BOSCHLTD,30-May-2024,28000.0,CE,0.0,0.0,0.0,3188.25,2313.75,0,0.0,175,0,06-MAY-2024,
OPTSTK,BOSCHLTD,30-May-2024,28250.0,CE,0.0,0.0,0.0,2615.55,2106.6,0,0.0,0,0,06-MAY-2024,
OPTSTK,BOSCHLTD,30-May-2024,28500.0,CE,0.0,0.0,0.0,1839.3,1907.8,0,0.0,0,0,06-MAY-2024,
OPTSTK,BOSCHLTD,30-May-2024,28750.0,CE,0.0,0.0,0.0,2267.8,1719.2,0,0.0,0,0,06-MAY-2024,
OPTSTK,BOSCHLTD,30-May-2024,29000.0,CE,1936.0,1936.0,1501.0,1761.65,1761.65,31,237.53,5275,0,06-MAY-2024,
OPTSTK,BOSCHLTD,30-May-2024,29250.0,CE,1450.0,1450.0,1450.0,1450.0,1368.8,2,15.35,475,-50,06-MAY-2024,
OPTSTK,BOSCHLTD,30-May-2024,29500.0,CE,1200.0,1448.9,1182.1,1410.6,1410.6,18,138.6,600,-150,06-MAY-2024,
OPTSTK,BOSCHLTD,30-May-2024,29750.0,CE,1140.3,1182.2,1113.8,1113.8,1064.1,3,23.17,300,0,06-MAY-2024,
OPTSTK,BOSCHLTD,30-May-2024,30000.0,CE,1260.0,1260.0,889.05,1159.75,1159.75,225,1746.5,12050,-175,06-MAY-2024,
OPTSTK,BOSCHLTD,30-May-2024,30250.0,CE,0.0,0.0,0.0,1311.1,805.9,0,0.0,75,0,06-MAY-2024,
OPTSTK,BOSCHLTD,30-May-2024,30500.0,CE,851.2,915.0,700.0,908.35,908.35,32,250.38,1475,-75,06-MAY-2024,
OPTSTK,BOSCHLTD,30-May-2024,30750.0,CE,0.0,0.0,0.0,1169.9,594.1,0,0.0,0,0,06-MAY-2024,
OPTSTK,BOSCHLTD,30-May-2024,31000.0,CE,825.0,825.0,530.0,720.9,720.9,416,3290.72,15350,825,06-MAY-2024,
OPTSTK,BOSCHLTD,30-May-2024,31250.0,CE,490.0,490.0,490.0,490.0,426.0,1,7.93,125,25,06-MAY-2024,
OPTSTK,BOSCHLTD,30-May-2024,31500.0,CE,630.0,630.0,488.45,500.0,500.0,27,215.96,975,225,06-MAY-2024,
OPTSTK,BOSCHLTD,30-May-2024,31750.0,CE,324.95,324.95,324.95,324.95,297.35,1,8.01,225,0,06-MAY-2024,
OPTSTK,BOSCHLTD,30-May-2024,32000.0,CE,399.0,437.55,299.05,408.8,408.8,180,1456.05,9050,-675,06-MAY-2024,
OPTSTK,BOSCHLTD,30-May-2024,32250.0,CE,0.0,0.0,0.0,524.05,201.65,0,0.0,25,0,06-MAY-2024,
OPTSTK,BOSCHLTD,30-May-2024,32500.0,CE,365.0,365.0,286.35,286.35,164.3,3,24.61,1125,0,06-MAY-2024,
OPTSTK,BOSCHLTD,30-May-2024,32750.0,CE,0.0,0.0,0.0,440.3,132.9,0,0.0,350,0,06-MAY-2024,
OPTSTK,BOSCHLTD,30-May-2024,33000.0,CE,300.0,300.0,160.0,227.0,227.0,113,938.13,5350,-75,06-MAY-2024,
OPTSTK,BOSCHLTD,30-May-2024,33250.0,CE,0.0,0.0,0.0,328.0,85.15,0,0.0,0,0,06-MAY-2024,
OPTSTK,BOSCHLTD,30-May-2024,33500.0,CE,120.0,165.0,120.0,161.95,161.95,16,134.61,6150,-25,06-MAY-2024,
OPTSTK,BOSCHLTD,30-May-2024,33750.0,CE,0.0,0.0,0.0,325.9,53.05,0,0.0,0,0,06-MAY-2024,
OPTSTK,BOSCHLTD,30-May-2024,34000.0,CE,139.95,140.0,84.45,119.0,119.0,47,400.8,1575,-50,06-MAY-2024,
OPTSTK,BOSCHLTD,30-May-2024,34250.0,CE,0.0,0.0,0.0,254.9,32.1,0,0.0,0,0,06-MAY-2024,
OPTSTK,BOSCHLTD,30-May-2024,34500.0,CE,80.0,97.8,60.45,87.55,87.55,93,803.95,6975,-300,06-MAY-2024,
OPTSTK,BOSCHLTD,30-May-2024,34750.0,CE,0.0,0.0,0.0,197.55,18.95,0,0.0,0,0,06-MAY-2024,
OPTSTK,BOSCHLTD,30-May-2024,35000.0,CE,0.0,0.0,0.0,165.95,14.4,0,0.0,0,0,06-MAY-2024,
OPTSTK,BOSCHLTD,30-May-2024,35500.0,CE,61.1,61.1,40.05,46.25,46.25,76,675.36,5075,-225,06-MAY-2024,
OPTSTK,BOSCHLTD,30-May-2024,24500.0,PE,0.0,0.0,0.0,166.05,0.85,0,0.0,0,0,06-MAY-2024,
OPTSTK,BOSCHLTD,30-May-2024,25000.0,PE,0.0,0.0,0.0,30.0,2.25,0,0.0,100,0,06-MAY-2024,
OPTSTK,BOSCHLTD,30-May-2024,25500.0,PE,0.0,0.0,0.0,307.2,5.45,0,0.0,0,0,06-MAY-2024,
OPTSTK,BOSCHLTD,30-May-2024,26000.0,PE,61.0,81.55,61.0,76.4,76.4,9,58.66,550,50,06-MAY-2024,
OPTSTK,BOSCHLTD,30-May-2024,26250.0,PE,0.0,0.0,0.0,102.0,17.75,0,0.0,0,0,06-MAY-2024,
OPTSTK,BOSCHLTD,30-May-2024,26500.0,PE,0.0,0.0,0.0,91.35,25.3,0,0.0,325,0,06-MAY-2024,
OPTSTK,BOSCHLTD,30-May-2024,26750.0,PE,0.0,0.0,0.0,121.0,35.5,0,0.0,25,0,06-MAY-2024,
OPTSTK,BOSCHLTD,30-May-2024,27000.0,PE,134.95,180.0,134.95,143.35,143.35,148,1004.6,9750,350,06-MAY-2024,
OPTSTK,BOSCHLTD,30-May-2024,27250.0,PE,0.0,0.0,0.0,268.95,66.35,0,0.0,0,0,06-MAY-2024,
OPTSTK,BOSCHLTD,30-May-2024,27500.0,PE,173.0,173.0,173.0,173.0,88.55,1,6.91,25,0,06-MAY-2024,
OPTSTK,BOSCHLTD,30-May-2024,27750.0,PE,0.0,0.0,0.0,375.0,116.35,0,0.0,25,0,06-MAY-2024,
OPTSTK,BOSCHLTD,30-May-2024,28000.0,PE,284.85,361.85,280.0,301.75,301.75,103,729.05,6475,-125,06-MAY-2024,
OPTSTK,BOSCHLTD,30-May-2024,28250.0,PE,0.0,0.0,0.0,489.0,192.4,0,0.0,0,0,06-MAY-2024,
OPTSTK,BOSCHLTD,30-May-2024,28500.0,PE,432.2,503.95,404.05,404.05,242.4,10,72.32,2725,-75,06-MAY-2024,
OPTSTK,BOSCHLTD,30-May-2024,28750.0,PE,0.0,0.0,0.0,500.0,302.65,0,0.0,125,0,06-MAY-2024,
OPTSTK,BOSCHLTD,30-May-2024,29000.0,PE,580.0,690.05,534.65,561.55,561.55,493,3648.66,8975,-900,06-MAY-2024,
OPTSTK,BOSCHLTD,30-May-2024,29250.0,PE,650.0,730.0,650.0,699.5,449.95,9,67.4,575,-200,06-MAY-2024,
OPTSTK,BOSCHLTD,30-May-2024,29500.0,PE,800.0,840.0,750.0,750.0,540.7,10,75.72,2250,25,06-MAY-2024,
OPTSTK,BOSCHLTD,30-May-2024,29750.0,PE,0.0,0.0,0.0,798.95,642.95,0,0.0,150,0,06-MAY-2024,
OPTSTK,BOSCHLTD,30-May-2024,30000.0,PE,919.4,1170.0,919.4,997.65,997.65,267,2071.13,11500,1800,06-MAY-2024,
OPTSTK,BOSCHLTD,30-May-2024,30250.0,PE,0.0,0.0,0.0,1249.35,882.4,0,0.0,0,0,06-MAY-2024,
OPTSTK,BOSCHLTD,30-May-2024,30500.0,PE,1284.15,1284.15,1284.15,1284.15,1019.7,1,7.94,725,-25,06-MAY-2024,
OPTSTK,BOSCHLTD,30-May-2024,30750.0,PE,0.0,0.0,0.0,1512.85,1168.35,0,0.0,0,0,06-MAY-2024,
OPTSTK,BOSCHLTD,30-May-2024,31000.0,PE,1600.15,1600.15,1600.15,1600.15,1327.9,2,16.3,500,-25,06-MAY-2024,
OPTSTK,BOSCHLTD,30-May-2024,31250.0,PE,0.0,0.0,0.0,1804.85,1497.9,0,0.0,0,0,06-MAY-2024,
OPTSTK,BOSCHLTD,30-May-2024,31500.0,PE,0.0,0.0,0.0,3027.6,1677.7,0,0.0,0,0,06-MAY-2024,
OPTSTK,BOSCHLTD,30-May-2024,31750.0,PE,0.0,0.0,0.0,1606.1,1867.0,0,0.0,100,0,06-MAY-2024,
OPTSTK,BOSCHLTD,30-May-2024,32000.0,PE,0.0,0.0,0.0,3403.05,2064.2,0,0.0,0,0,06-MAY-2024,
OPTSTK,BOSCHLTD,30-May-2024,32250.0,PE,0.0,0.0,0.0,2468.4,2269.0,0,0.0,0,0,06-MAY-2024,
OPTSTK,BOSCHLTD,30-May-2024,32500.0,PE,0.0,0.0,0.0,3792.7,2480.45,0,0.0,0,0,06-MAY-2024,
OPTSTK,BOSCHLTD,30-May-2024,32750.0,PE,0.0,0.0,0.0,2837.65,2697.95,0,0.0,0,0,06-MAY-2024,
OPTSTK,BOSCHLTD,30-May-2024,33000.0,PE,0.0,0.0,0.0,4198.55,2920.6,0,0.0,0,0,06-MAY-2024,
OPTSTK,BOSCHLTD,30-May-2024,33250.0,PE,0.0,0.0,0.0,3225.2,3147.85,0,0.0,0,0,06-MAY-2024,
OPTSTK,BOSCHLTD,30-May-2024,33500.0,PE,3811.45,3811.45,3672.9,3672.9,3379.0,2,18.62,50,50,06-MAY-2024,
OPTSTK,BOSCHLTD,30-May-2024,33750.0,PE,0.0,0.0,0.0,3632.15,3613.45,0,0.0,0,0,06-MAY-2024,
OPTSTK,BOSCHLTD,30-May-2024,34000.0,PE,0.0,0.0,0.0,5048.65,3850.65,0,0.0,0,0,06-MAY-2024,
OPTSTK,BOSCHLTD,30-May-2024,34250.0,PE,0.0,0.0,0.0,4055.0,4090.2,0,0.0,0,0,06-MAY-2024,
OPTSTK,BOSCHLTD,30-May-2024,34500.0,PE,0.0,0.0,0.0,5489.75,4331.7,0,0.0,0,0,06-MAY-2024,
OPTSTK,BOSCHLTD,30-May-2024,34750.0,PE,0.0,0.0,0.0,4491.6,4574.75,0,0.0,0,0,06-MAY-2024,
OPTSTK,BOSCHLTD,30-May-2024,35000.0,PE,0.0,0.0,0.0,5939.55,4819.05,0,0.0,0,0,06-MAY-2024,
OPTSTK,BOSCHLTD,27-Jun-2024,24500.0,CE,0.0,0.0,0.0,6043.65,5806.3,0,0.0,0,0,06-MAY-2024,
OPTSTK,BOSCHLTD,27-Jun-2024,25000.0,CE,0.0,0.0,0.0,5585.05,5325.25,0,0.0,0,0,06-MAY-2024,
OPTSTK,BOSCHLTD,27-Jun-2024,25500.0,CE,0.0,0.0,0.0,5136.9,4851.55,0,0.0,0,0,06-MAY-2024,
OPTSTK,BOSCHLTD,27-Jun-2024,26000.0,CE,0.0,0.0,0.0,4701.3,4387.85,0,0.0,0,0,06-MAY-2024,
OPTSTK,BOSCHLTD,27-Jun-2024,26250.0,CE,0.0,0.0,0.0,3253.25,4160.7,0,0.0,0,0,06-MAY-2024,
OPTSTK,BOSCHLTD,27-Jun-2024,26500.0,CE,0.0,0.0,0.0,4280.25,3937.15,0,0.0,0,0,06-MAY-2024,
OPTSTK,BOSCHLTD,27-Jun-2024,26750.0,CE,0.0,0.0,0.0,2860.4,3717.7,0,0.0,0,0,06-MAY-2024,
OPTSTK,BOSCHLTD,27-Jun-2024,27000.0,CE,0.0,0.0,0.0,3875.9,3502.75,0,0.0,0,0,06-MAY-2024,
OPTSTK,BOSCHLTD,27-Jun-2024,27250.0,CE,0.0,0.0,0.0,2493.0,3292.75,0,0.0,0,0,06-MAY-2024,
OPTSTK,BOSCHLTD,27-Jun-2024,27500.0,CE,0.0,0.0,0.0,3490.1,3088.1,0,0.0,0,0,06-MAY-2024,
OPTSTK,BOSCHLTD,27-Jun-2024,27750.0,CE,0.0,0.0,0.0,2150.75,2889.2,0,0.0,0,0,06-MAY-2024,
OPTSTK,BOSCHLTD,27-Jun-2024,28000.0,CE,0.0,0.0,0.0,3125.55,2696.45,0,0.0,0,0,06-MAY-2024,
OPTSTK,BOSCHLTD,27-Jun-2024,28250.0,CE,0.0,0.0,0.0,1838.7,2511.25,0,0.0,0,0,06-MAY-2024,
OPTSTK,BOSCHLTD,27-Jun-2024,28500.0,CE,0.0,0.0,0.0,2780.6,2330.35,0,0.0,0,0,06-MAY-2024,
OPTSTK,BOSCHLTD,27-Jun-2024,28750.0,CE,0.0,0.0,0.0,1556.55,2158.2,0,0.0,0,0,06-MAY-2024,
OPTSTK,BOSCHLTD,27-Jun-2024,29000.0,CE,0.0,0.0,0.0,2460.15,1993.5,0,0.0,0,0,06-MAY-2024,
OPTSTK,BOSCHLTD,27-Jun-2024,29250.0,CE,0.0,0.0,0.0,1304.5,1836.4,0,0.0,0,0,06-MAY-2024,
OPTSTK,BOSCHLTD,27-Jun-2024,29500.0,CE,0.0,0.0,0.0,2163.6,1687.05,0,0.0,0,0,06-MAY-2024,
OPTSTK,BOSCHLTD,27-Jun-2024,29750.0,CE,0.0,0.0,0.0,1082.45,1545.6,0,0.0,0,0,06-MAY-2024,
OPTSTK,BOSCHLTD,27-Jun-2024,30000.0,CE,0.0,0.0,0.0,1891.2,1412.1,0,0.0,0,0,06-MAY-2024,
OPTSTK,BOSCHLTD,27-Jun-2024,30250.0,CE,0.0,0.0,0.0,889.15,1286.4,0,0.0,0,0,06-MAY-2024,
OPTSTK,BOSCHLTD,27-Jun-2024,30500.0,CE,0.0,0.0,0.0,1642.95,1168.65,0,0.0,0,0,06-MAY-2024,
OPTSTK,BOSCHLTD,27-Jun-2024,30750.0,CE,0.0,0.0,0.0,723.1,1058.7,0,0.0,0,0,06-MAY-2024,
OPTSTK,BOSCHLTD,27-Jun-2024,31000.0,CE,0.0,0.0,0.0,1418.7,956.4,0,0.0,0,0,06-MAY-2024,
OPTSTK,BOSCHLTD,27-Jun-2024,31250.0,CE,0.0,0.0,0.0,582.15,861.5,0,0.0,0,0,06-MAY-2024,
OPTSTK,BOSCHLTD,27-Jun-2024,31500.0,CE,0.0,0.0,0.0,1217.65,773.8,0,0.0,0,0,06-MAY-2024,
OPTSTK,BOSCHLTD,27-Jun-2024,31750.0,CE,0.0,0.0,0.0,464.75,693.1,0,0.0,0,0,06-MAY-2024,
OPTSTK,BOSCHLTD,27-Jun-2024,32000.0,CE,0.0,0.0,0.0,1038.75,619.0,0,0.0,0,0,06-MAY-2024,
OPTSTK,BOSCHLTD,27-Jun-2024,32250.0,CE,0.0,0.0,0.0,367.1,551.3,0,0.0,0,0,06-MAY-2024,
OPTSTK,BOSCHLTD,27-Jun-2024,32500.0,CE,0.0,0.0,0.0,880.9,491.15,0,0.0,0,0,06-MAY-2024,
OPTSTK,BOSCHLTD,27-Jun-2024,32750.0,CE,0.0,0.0,0.0,287.15,434.2,0,0.0,0,0,06-MAY-2024,
OPTSTK,BOSCHLTD,27-Jun-2024,33000.0,CE,0.0,0.0,0.0,742.6,383.6,0,0.0,0,0,06-MAY-2024,
OPTSTK,BOSCHLTD,27-Jun-2024,33250.0,CE,0.0,0.0,0.0,222.5,337.9,0,0.0,0,0,06-MAY-2024,
OPTSTK,BOSCHLTD,27-Jun-2024,33500.0,CE,0.0,0.0,0.0,624.2,296.85,0,0.0,0,0,06-MAY-2024,
OPTSTK,BOSCHLTD,27-Jun-2024,33750.0,CE,0.0,0.0,0.0,170.85,260.1,0,0.0,0,0,06-MAY-2024,
OPTSTK,BOSCHLTD,27-Jun-2024,34000.0,CE,0.0,0.0,0.0,519.55,227.25,0,0.0,0,0,06-MAY-2024,
OPTSTK,BOSCHLTD,27-Jun-2024,34250.0,CE,0.0,0.0,0.0,129.95,198.0,0,0.0,0,0,06-MAY-2024,
OPTSTK,BOSCHLTD,27-Jun-2024,34500.0,CE,0.0,0.0,0.0,430.75,172.05,0,0.0,0,0,06-MAY-2024,
OPTSTK,BOSCHLTD,27-Jun-2024,34750.0,CE,0.0,0.0,0.0,98.0,149.15,0,0.0,0,0,06-MAY-2024,
OPTSTK,BOSCHLTD,27-Jun-2024,35000.0,CE,0.0,0.0,0.0,355.15,128.9,0,0.0,0,0,06-MAY-2024,
OPTSTK,BOSCHLTD,27-Jun-2024,24500.0,PE,0.0,0.0,0.0,74.45,19.9,0,0.0,0,0,06-MAY-2024,
OPTSTK,BOSCHLTD,27-Jun-2024,25000.0,PE,70.25,70.25,70.25,70.25,33.7,2,12.53,100,50,06-MAY-2024,
OPTSTK,BOSCHLTD,27-Jun-2024,25500.0,PE,0.0,0.0,0.0,149.85,54.85,0,0.0,0,0,06-MAY-2024,
OPTSTK,BOSCHLTD,27-Jun-2024,26000.0,PE,0.0,0.0,0.0,205.3,86.0,0,0.0,0,0,06-MAY-2024,
OPTSTK,BOSCHLTD,27-Jun-2024,26250.0,PE,0.0,0.0,0.0,273.1,106.25,0,0.0,0,0,06-MAY-2024,
OPTSTK,BOSCHLTD,27-Jun-2024,26500.0,PE,0.0,0.0,0.0,275.35,130.15,0,0.0,0,0,06-MAY-2024,
OPTSTK,BOSCHLTD,27-Jun-2024,26750.0,PE,0.0,0.0,0.0,373.95,158.15,0,0.0,0,0,06-MAY-2024,
OPTSTK,BOSCHLTD,27-Jun-2024,27000.0,PE,0.0,0.0,0.0,362.05,190.6,0,0.0,0,0,06-MAY-2024,
OPTSTK,BOSCHLTD,27-Jun-2024,27250.0,PE,0.0,0.0,0.0,500.3,228.05,0,0.0,0,0,06-MAY-2024,
OPTSTK,BOSCHLTD,27-Jun-2024,27500.0,PE,0.0,0.0,0.0,467.35,270.8,0,0.0,0,0,06-MAY-2024,
OPTSTK,BOSCHLTD,27-Jun-2024,27750.0,PE,0.0,0.0,0.0,651.75,319.3,0,0.0,0,0,06-MAY-2024,
OPTSTK,BOSCHLTD,27-Jun-2024,28000.0,PE,0.0,0.0,0.0,593.8,374.0,0,0.0,0,0,06-MAY-2024,
OPTSTK,BOSCHLTD,27-Jun-2024,28250.0,PE,0.0,0.0,0.0,833.45,436.25,0,0.0,0,0,06-MAY-2024,
OPTSTK,BOSCHLTD,27-Jun-2024,28500.0,PE,0.0,0.0,0.0,739.9,502.75,0,0.0,0,0,06-MAY-2024,
OPTSTK,BOSCHLTD,27-Jun-2024,28750.0,PE,0.0,0.0,0.0,1045.0,578.0,0,0.0,0,0,06-MAY-2024,
OPTSTK,BOSCHLTD,27-Jun-2024,29000.0,PE,0.0,0.0,0.0,845.0,660.7,0,0.0,75,0,06-MAY-2024,
OPTSTK,BOSCHLTD,27-Jun-2024,29250.0,PE,0.0,0.0,0.0,1286.7,751.05,0,0.0,0,0,06-MAY-2024,
OPTSTK,BOSCHLTD,27-Jun-2024,29500.0,PE,0.0,0.0,0.0,1105.05,849.15,0,0.0,0,0,06-MAY-2024,
OPTSTK,BOSCHLTD,27-Jun-2024,29750.0,PE,0.0,0.0,0.0,1558.35,955.1,0,0.0,0,0,06-MAY-2024,
OPTSTK,BOSCHLTD,27-Jun-2024,30000.0,PE,0.0,0.0,0.0,1323.75,1069.0,0,0.0,0,0,06-MAY-2024,
OPTSTK,BOSCHLTD,27-Jun-2024,30250.0,PE,0.0,0.0,0.0,1858.85,1190.75,0,0.0,0,0,06-MAY-2024,
OPTSTK,BOSCHLTD,27-Jun-2024,30500.0,PE,0.0,0.0,0.0,1566.55,1320.45,0,0.0,0,0,06-MAY-2024,
OPTSTK,BOSCHLTD,27-Jun-2024,30750.0,PE,0.0,0.0,0.0,2186.5,1457.9,0,0.0,0,0,06-MAY-2024,
OPTSTK,BOSCHLTD,27-Jun-2024,31000.0,PE,0.0,0.0,0.0,1833.35,1603.0,0,0.0,0,0,06-MAY-2024,
OPTSTK,BOSCHLTD,27-Jun-2024,31250.0,PE,0.0,0.0,0.0,2539.3,1755.55,0,0.0,0,0,06-MAY-2024,
OPTSTK,BOSCHLTD,27-Jun-2024,31500.0,PE,0.0,0.0,0.0,2123.35,1915.3,0,0.0,0,0,06-MAY-2024,
OPTSTK,BOSCHLTD,27-Jun-2024,31750.0,PE,0.0,0.0,0.0,2915.6,2082.0,0,0.0,0,0,06-MAY-2024,
OPTSTK,BOSCHLTD,27-Jun-2024,32000.0,PE,0.0,0.0,0.0,2435.55,2255.35,0,0.0,0,0,06-MAY-2024,
OPTSTK,BOSCHLTD,27-Jun-2024,32250.0,PE,0.0,0.0,0.0,3311.7,2435.05,0,0.0,0,0,06-MAY-2024,
OPTSTK,BOSCHLTD,27-Jun-2024,32500.0,PE,0.0,0.0,0.0,2768.75,2622.35,0,0.0,0,0,06-MAY-2024,
OPTSTK,BOSCHLTD,27-Jun-2024,32750.0,PE,0.0,0.0,0.0,3725.5,2812.8,0,0.0,0,0,06-MAY-2024,
OPTSTK,BOSCHLTD,27-Jun-2024,33000.0,PE,0.0,0.0,0.0,3121.55,3009.6,0,0.0,0,0,06-MAY-2024,
OPTSTK,BOSCHLTD,27-Jun-2024,33250.0,PE,0.0,0.0,0.0,4154.6,3211.35,0,0.0,0,0,06-MAY-2024,
OPTSTK,BOSCHLTD,27-Jun-2024,33500.0,PE,0.0,0.0,0.0,3494.15,3417.75,0,0.0,0,0,06-MAY-2024,
OPTSTK,BOSCHLTD,27-Jun-2024,33750.0,PE,0.0,0.0,0.0,4596.65,3628.35,0,0.0,0,0,06-MAY-2024,
OPTSTK,BOSCHLTD,27-Jun-2024,34000.0,PE,0.0,0.0,0.0,3880.6,3842.95,0,0.0,0,0,06-MAY-2024,
OPTSTK,BOSCHLTD,27-Jun-2024,34250.0,PE,0.0,0.0,0.0,5049.5,4061.15,0,0.0,0,0,06-MAY-2024,
OPTSTK,BOSCHLTD,27-Jun-2024,34500.0,PE,0.0,0.0,0.0,4282.85,4282.65,0,0.0,0,0,06-MAY-2024,
OPTSTK,BOSCHLTD,27-Jun-2024,34750.0,PE,0.0,0.0,0.0,5511.25,4507.15,0,0.0,0,0,06-MAY-2024,
OPTSTK,BOSCHLTD,27-Jun-2024,35000.0,PE,0.0,0.0,0.0,4698.3,4734.35,0,0.0,0,0,06-MAY-2024,
OPTSTK,BOSCHLTD,25-Jul-2024,25000.0,CE,0.0,0.0,0.0,4551.8,5520.1,0,0.0,0,0,06-MAY-2024,
OPTSTK,BOSCHLTD,25-Jul-2024,26000.0,CE,0.0,0.0,0.0,3728.05,4626.5,0,0.0,0,0,06-MAY-2024,
OPTSTK,BOSCHLTD,25-Jul-2024,26500.0,CE,0.0,0.0,0.0,3344.15,4200.45,0,0.0,0,0,06-MAY-2024,
OPTSTK,BOSCHLTD,25-Jul-2024,27000.0,CE,0.0,0.0,0.0,2982.15,3791.25,0,0.0,0,0,06-MAY-2024,
OPTSTK,BOSCHLTD,25-Jul-2024,27500.0,CE,0.0,0.0,0.0,2640.9,3401.0,0,0.0,0,0,06-MAY-2024,
OPTSTK,BOSCHLTD,25-Jul-2024,28000.0,CE,0.0,0.0,0.0,2324.95,3032.6,0,0.0,0,0,06-MAY-2024,
OPTSTK,BOSCHLTD,25-Jul-2024,28500.0,CE,0.0,0.0,0.0,2033.75,2684.55,0,0.0,0,0,06-MAY-2024,
OPTSTK,BOSCHLTD,25-Jul-2024,29000.0,CE,0.0,0.0,0.0,1767.5,2362.05,0,0.0,0,0,06-MAY-2024,
OPTSTK,BOSCHLTD,25-Jul-2024,29500.0,CE,0.0,0.0,0.0,1526.1,2064.4,0,0.0,0,0,06-MAY-2024,
OPTSTK,BOSCHLTD,25-Jul-2024,30000.0,CE,0.0,0.0,0.0,1309.3,1792.2,0,0.0,0,0,06-MAY-2024,
OPTSTK,BOSCHLTD,25-Jul-2024,30500.0,CE,0.0,0.0,0.0,1116.05,1545.2,0,0.0,0,0,06-MAY-2024,
OPTSTK,BOSCHLTD,25-Jul-2024,31000.0,CE,0.0,0.0,0.0,945.3,1323.3,0,0.0,0,0,06-MAY-2024,
OPTSTK,BOSCHLTD,25-Jul-2024,31500.0,CE,0.0,0.0,0.0,795.6,1125.65,0,0.0,0,0,06-MAY-2024,
OPTSTK,BOSCHLTD,25-Jul-2024,32000.0,CE,0.0,0.0,0.0,666.9,951.05,0,0.0,0,0,06-MAY-2024,
OPTSTK,BOSCHLTD,25-Jul-2024,32500.0,CE,0.0,0.0,0.0,554.05,798.25,0,0.0,0,0,06-MAY-2024,
OPTSTK,BOSCHLTD,25-Jul-2024,33000.0,CE,0.0,0.0,0.0,458.05,666.9,0,0.0,0,0,06-MAY-2024,
OPTSTK,BOSCHLTD,25-Jul-2024,33500.0,CE,0.0,0.0,0.0,376.45,553.3,0,0.0,0,0,06-MAY-2024,
OPTSTK,BOSCHLTD,25-Jul-2024,34000.0,CE,0.0,0.0,0.0,307.65,454.6,0,0.0,0,0,06-MAY-2024,
OPTSTK,BOSCHLTD,25-Jul-2024,34500.0,CE,0.0,0.0,0.0,250.0,372.0,0,0.0,0,0,06-MAY-2024,
OPTSTK,BOSCHLTD,25-Jul-2024,35000.0,CE,0.0,0.0,0.0,202.0,302.55,0,0.0,0,0,06-MAY-2024,
OPTSTK,BOSCHLTD,25-Jul-2024,25000.0,PE,0.0,0.0,0.0,199.25,90.95,0,0.0,0,0,06-MAY-2024,
OPTSTK,BOSCHLTD,25-Jul-2024,26000.0,PE,0.0,0.0,0.0,357.45,181.55,0,0.0,0,0,06-MAY-2024,
OPTSTK,BOSCHLTD,25-Jul-2024,26500.0,PE,0.0,0.0,0.0,464.5,247.6,0,0.0,0,0,06-MAY-2024,
OPTSTK,BOSCHLTD,25-Jul-2024,27000.0,PE,0.0,0.0,0.0,593.45,330.45,0,0.0,0,0,06-MAY-2024,
OPTSTK,BOSCHLTD,25-Jul-2024,27500.0,PE,0.0,0.0,0.0,743.2,432.35,0,0.0,0,0,06-MAY-2024,
OPTSTK,BOSCHLTD,25-Jul-2024,28000.0,PE,0.0,0.0,0.0,918.25,556.05,0,0.0,0,0,06-MAY-2024,
OPTSTK,BOSCHLTD,25-Jul-2024,28500.0,PE,0.0,0.0,0.0,1118.0,700.05,0,0.0,0,0,06-MAY-2024,
OPTSTK,BOSCHLTD,25-Jul-2024,29000.0,PE,0.0,0.0,0.0,1342.75,869.65,0,0.0,0,0,06-MAY-2024,
OPTSTK,BOSCHLTD,25-Jul-2024,29500.0,PE,0.0,0.0,0.0,1592.3,1064.15,0,0.0,0,0,06-MAY-2024,
OPTSTK,BOSCHLTD,25-Jul-2024,30000.0,PE,0.0,0.0,0.0,1866.45,1284.0,0,0.0,0,0,06-MAY-2024,
OPTSTK,BOSCHLTD,25-Jul-2024,30500.0,PE,0.0,0.0,0.0,2164.15,1529.1,0,0.0,0,0,06-MAY-2024,
OPTSTK,BOSCHLTD,25-Jul-2024,31000.0,PE,0.0,0.0,0.0,2484.35,1799.3,0,0.0,0,0,06-MAY-2024,
OPTSTK,BOSCHLTD,25-Jul-2024,31500.0,PE,0.0,0.0,0.0,2825.65,2093.75,0,0.0,0,0,06-MAY-2024,
OPTSTK,BOSCHLTD,25-Jul-2024,32000.0,PE,0.0,0.0,0.0,3187.9,2411.25,0,0.0,0,0,06-MAY-2024,
OPTSTK,BOSCHLTD,25-Jul-2024,32500.0,PE,0.0,0.0,0.0,3566.05,2750.5,0,0.0,0,0,06-MAY-2024,
OPTSTK,BOSCHLTD,25-Jul-2024,33000.0,PE,0.0,0.0,0.0,3961.0,3111.3,0,0.0,0,0,06-MAY-2024,
OPTSTK,BOSCHLTD,25-Jul-2024,33500.0,PE,0.0,0.0,0.0,4370.4,3489.8,0,0.0,0,0,06-MAY-2024,
OPTSTK,BOSCHLTD,25-Jul-2024,34000.0,PE,0.0,0.0,0.0,4792.55,3883.2,0,0.0,0,0,06-MAY-2024,
OPTSTK,BOSCHLTD,25-Jul-2024,34500.0,PE,0.0,0.0,0.0,5225.85,4292.7,0,0.0,0,0,06-MAY-2024,
OPTSTK,BOSCHLTD,25-Jul-2024,35000.0,PE,0.0,0.0,0.0,5668.85,4715.3,0,0.0,0,0,06-MAY-2024,
OPTSTK,BPCL,30-May-2024,500.0,CE,118.25,118.25,118.25,118.25,112.85,1,5.56,856800,0,06-MAY-2024,
OPTSTK,BPCL,30-May-2024,520.0,CE,94.85,94.85,94.85,94.85,94.85,1,5.53,8100,0,06-MAY-2024,
OPTSTK,BPCL,30-May-2024,530.0,CE,0.0,0.0,0.0,69.35,84.1,0,0.0,3600,0,06-MAY-2024,
OPTSTK,BPCL,30-May-2024,540.0,CE,0.0,0.0,0.0,90.0,74.9,0,0.0,1800,0,06-MAY-2024,
OPTSTK,BPCL,30-May-2024,550.0,CE,74.0,74.0,74.0,74.0,66.1,10,56.16,163800,-9000,06-MAY-2024,
OPTSTK,BPCL,30-May-2024,560.0,CE,0.0,0.0,0.0,70.5,57.7,0,0.0,89100,0,06-MAY-2024,
OPTSTK,BPCL,30-May-2024,570.0,CE,56.65,56.65,50.45,51.9,51.9,6,33.68,130500,-1800,06-MAY-2024,
OPTSTK,BPCL,30-May-2024,580.0,CE,54.5,54.5,41.0,43.8,43.8,35,196.78,119700,4500,06-MAY-2024,
OPTSTK,BPCL,30-May-2024,590.0,CE,36.9,42.1,35.3,36.75,36.75,47,266.13,159300,-3600,06-MAY-2024,
OPTSTK,BPCL,30-May-2024,600.0,CE,41.0,41.0,28.25,30.5,30.5,624,3548.34,753300,14400,06-MAY-2024,
OPTSTK,BPCL,30-May-2024,610.0,CE,36.6,36.6,23.1,25.0,25.0,1609,9209.35,590400,188100,06-MAY-2024,
OPTSTK,BPCL,30-May-2024,620.0,CE,31.8,33.0,18.7,20.3,20.3,4627,26712.9,1118700,310500,06-MAY-2024,
OPTSTK,BPCL,30-May-2024,630.0,CE,28.0,28.0,14.95,16.2,16.2,3462,20185.95,1669500,204300,06-MAY-2024,
OPTSTK,BPCL,30-May-2024,640.0,CE,21.7,21.95,11.8,12.8,12.8,3098,18245.05,1443600,38700,06-MAY-2024,
OPTSTK,BPCL,30-May-2024,650.0,CE,17.95,19.1,9.4,10.25,10.25,4463,26555.25,2359800,33300,06-MAY-2024,
OPTSTK,BPCL,30-May-2024,660.0,CE,14.45,14.45,7.35,8.0,8.0,2080,12521.24,683100,72900,06-MAY-2024,
OPTSTK,BPCL,30-May-2024,670.0,CE,11.65,11.65,5.7,6.2,6.2,2083,12686.47,1079100,118800,06-MAY-2024,
OPTSTK,BPCL,30-May-2024,680.0,CE,9.05,9.05,4.5,4.95,4.95,2009,12392.72,1238400,-229500,06-MAY-2024,
OPTSTK,BPCL,30-May-2024,690.0,CE,7.4,7.4,3.55,3.95,3.95,580,3625.32,96300,55800,06-MAY-2024,
OPTSTK,BPCL,30-May-2024,700.0,CE,6.05,6.15,2.9,3.2,3.2,2622,16603.63,2232900,-47700,06-MAY-2024,
OPTSTK,BPCL,30-May-2024,720.0,CE,3.7,3.7,1.85,2.1,2.1,580,3770.61,279900,105300,06-MAY-2024,
OPTSTK,BPCL,30-May-2024,500.0,PE,0.55,0.85,0.45,0.75,0.75,190,856.17,629100,-1800,06-MAY-2024,
OPTSTK,BPCL,30-May-2024,520.0,PE,0.8,1.75,0.8,1.5,1.5,435,2041.44,299700,90900,06-MAY-2024,
OPTSTK,BPCL,30-May-2024,530.0,PE,1.1,2.25,0.95,2.15,2.15,194,928.47,270900,31500,06-MAY-2024,
OPTSTK,BPCL,30-May-2024,540.0,PE,1.45,3.2,1.35,2.95,2.95,249,1215.87,285300,-4500,06-MAY-2024,
OPTSTK,BPCL,30-May-2024,550.0,PE,2.1,4.4,1.85,4.15,4.15,1369,6821.23,873000,63900,06-MAY-2024,
OPTSTK,BPCL,30-May-2024,560.0,PE,2.9,6.05,2.7,5.65,5.65,1424,7241.99,434700,65700,06-MAY-2024,
OPTSTK,BPCL,30-May-2024,570.0,PE,3.6,8.15,3.4,7.65,7.65,2254,11698.8,551700,18900,06-MAY-2024,
OPTSTK,BPCL,30-May-2024,580.0,PE,4.85,10.8,4.8,10.3,10.3,3709,19662.12,1492200,302400,06-MAY-2024,
OPTSTK,BPCL,30-May-2024,590.0,PE,6.5,14.05,6.45,13.25,13.25,2453,13280.65,384300,33300,06-MAY-2024,
OPTSTK,BPCL,30-May-2024,600.0,PE,8.85,18.15,8.8,17.0,17.0,5527,30608.91,1526400,56700,06-MAY-2024,
OPTSTK,BPCL,30-May-2024,610.0,PE,12.0,22.9,11.7,21.45,21.45,3918,22192.19,492300,73800,06-MAY-2024,
OPTSTK,BPCL,30-May-2024,620.0,PE,15.45,28.3,15.4,26.6,26.6,2792,16166.22,801900,-93600,06-MAY-2024,
OPTSTK,BPCL,30-May-2024,630.0,PE,19.85,34.35,19.5,32.6,32.6,1435,8508.85,429300,-62100,06-MAY-2024,
OPTSTK,BPCL,30-May-2024,640.0,PE,24.75,41.3,24.75,39.25,39.25,344,2087.39,670500,-18900,06-MAY-2024,
OPTSTK,BPCL,30-May-2024,650.0,PE,33.2,48.55,33.2,46.4,46.4,165,1027.97,306000,30600,06-MAY-2024,
OPTSTK,BPCL,30-May-2024,660.0,PE,51.9,54.75,51.85,53.0,54.0,8,51.33,46800,-6300,06-MAY-2024,
OPTSTK,BPCL,30-May-2024,670.0,PE,57.0,63.0,55.25,55.65,62.15,11,72.1,38700,1800,06-MAY-2024,
OPTSTK,BPCL,30-May-2024,680.0,PE,0.0,0.0,0.0,53.7,70.7,0,0.0,22500,0,06-MAY-2024,
OPTSTK,BPCL,30-May-2024,690.0,PE,0.0,0.0,0.0,91.6,79.55,0,0.0,0,0,06-MAY-2024,
OPTSTK,BPCL,30-May-2024,700.0,PE,89.6,89.6,85.05,89.2,89.2,15,106.43,315000,0,06-MAY-2024,
OPTSTK,BPCL,30-May-2024,720.0,PE,0.0,0.0,0.0,115.2,107.55,0,0.0,0,0,06-MAY-2024,
OPTSTK,BPCL,27-Jun-2024,520.0,CE,0.0,0.0,0.0,101.35,99.65,0,0.0,0,0,06-MAY-2024,
OPTSTK,BPCL,27-Jun-2024,540.0,CE,0.0,0.0,0.0,86.35,82.85,0,0.0,0,0,06-MAY-2024,
OPTSTK,BPCL,27-Jun-2024,550.0,CE,0.0,0.0,0.0,72.55,75.0,0,0.0,0,0,06-MAY-2024,
OPTSTK,BPCL,27-Jun-2024,560.0,CE,0.0,0.0,0.0,72.6,67.5,0,0.0,0,0,06-MAY-2024,
OPTSTK,BPCL,27-Jun-2024,570.0,CE,0.0,0.0,0.0,58.85,60.4,0,0.0,0,0,06-MAY-2024,
OPTSTK,BPCL,27-Jun-2024,580.0,CE,70.35,70.35,67.35,67.35,53.8,2,11.67,1800,1800,06-MAY-2024,
OPTSTK,BPCL,27-Jun-2024,590.0,CE,0.0,0.0,0.0,47.5,47.6,0,0.0,0,0,06-MAY-2024,
OPTSTK,BPCL,27-Jun-2024,600.0,CE,50.25,50.25,50.25,50.25,50.25,3,17.55,23400,0,06-MAY-2024,
OPTSTK,BPCL,27-Jun-2024,610.0,CE,0.0,0.0,0.0,55.15,36.7,0,0.0,1800,0,06-MAY-2024,
OPTSTK,BPCL,27-Jun-2024,620.0,CE,0.0,0.0,0.0,49.0,31.95,0,0.0,41400,0,06-MAY-2024,
OPTSTK,BPCL,27-Jun-2024,630.0,CE,41.85,41.85,41.85,41.85,27.65,1,6.04,14400,900,06-MAY-2024,
OPTSTK,BPCL,27-Jun-2024,640.0,CE,38.5,40.0,28.55,33.0,33.0,7,42.49,9900,4500,06-MAY-2024,
OPTSTK,BPCL,27-Jun-2024,650.0,CE,31.0,31.5,28.0,29.2,29.2,19,116.25,54900,7200,06-MAY-2024,
OPTSTK,BPCL,27-Jun-2024,660.0,CE,0.0,0.0,0.0,25.5,17.35,0,0.0,0,0,06-MAY-2024,
OPTSTK,BPCL,27-Jun-2024,670.0,CE,0.0,0.0,0.0,15.65,14.7,0,0.0,0,0,06-MAY-2024,
OPTSTK,BPCL,27-Jun-2024,680.0,CE,20.8,21.0,18.95,20.0,20.0,8,50.41,69300,0,06-MAY-2024,
OPTSTK,BPCL,27-Jun-2024,690.0,CE,0.0,0.0,0.0,11.4,10.4,0,0.0,0,0,06-MAY-2024,
OPTSTK,BPCL,27-Jun-2024,700.0,CE,14.0,14.0,13.1,13.1,8.65,3,19.26,4500,2700,06-MAY-2024,
OPTSTK,BPCL,27-Jun-2024,720.0,CE,10.0,10.0,10.0,10.0,5.95,2,13.14,1800,1800,06-MAY-2024,
OPTSTK,BPCL,27-Jun-2024,520.0,PE,5.35,6.0,5.35,6.0,6.0,18,85.19,24300,15300,06-MAY-2024,
OPTSTK,BPCL,27-Jun-2024,540.0,PE,0.0,0.0,0.0,4.5,7.05,0,0.0,13500,0,06-MAY-2024,
OPTSTK,BPCL,27-Jun-2024,550.0,PE,12.5,12.5,12.0,12.5,9.05,35,177.17,58500,29700,06-MAY-2024,
OPTSTK,BPCL,27-Jun-2024,560.0,PE,11.4,13.95,11.4,13.95,11.5,5,25.8,8100,1800,06-MAY-2024,
OPTSTK,BPCL,27-Jun-2024,570.0,PE,0.0,0.0,0.0,15.0,14.3,0,0.0,14400,0,06-MAY-2024,
OPTSTK,BPCL,27-Jun-2024,580.0,PE,20.0,20.0,20.0,20.0,17.55,1,5.4,17100,900,06-MAY-2024,
OPTSTK,BPCL,27-Jun-2024,590.0,PE,0.0,0.0,0.0,26.05,21.3,0,0.0,0,0,06-MAY-2024,
OPTSTK,BPCL,27-Jun-2024,600.0,PE,30.0,34.05,30.0,33.15,33.15,25,142.14,162000,17100,06-MAY-2024,
OPTSTK,BPCL,27-Jun-2024,610.0,PE,28.5,35.7,28.5,34.15,30.15,4,23.1,3600,2700,06-MAY-2024,
OPTSTK,BPCL,27-Jun-2024,620.0,PE,35.3,41.2,35.3,41.15,41.15,6,35.59,11700,2700,06-MAY-2024,
OPTSTK,BPCL,27-Jun-2024,630.0,PE,0.0,0.0,0.0,31.1,40.9,0,0.0,1800,0,06-MAY-2024,
OPTSTK,BPCL,27-Jun-2024,640.0,PE,0.0,0.0,0.0,58.35,46.95,0,0.0,0,0,06-MAY-2024,
OPTSTK,BPCL,27-Jun-2024,650.0,PE,0.0,0.0,0.0,40.5,53.45,0,0.0,3600,0,06-MAY-2024,
OPTSTK,BPCL,27-Jun-2024,660.0,PE,0.0,0.0,0.0,71.35,60.3,0,0.0,0,0,06-MAY-2024,
OPTSTK,BPCL,27-Jun-2024,670.0,PE,0.0,0.0,0.0,73.85,67.55,0,0.0,0,0,06-MAY-2024,
OPTSTK,BPCL,27-Jun-2024,680.0,PE,0.0,0.0,0.0,85.5,75.15,0,0.0,0,0,06-MAY-2024,
OPTSTK,BPCL,27-Jun-2024,690.0,PE,0.0,0.0,0.0,89.35,83.05,0,0.0,0,0,06-MAY-2024,
OPTSTK,BPCL,27-Jun-2024,700.0,PE,0.0,0.0,0.0,85.0,91.2,0,0.0,900,0,06-MAY-2024,
OPTSTK,BPCL,27-Jun-2024,720.0,PE,0.0,0.0,0.0,116.7,108.25,0,0.0,0,0,06-MAY-2024,
OPTSTK,BPCL,25-Jul-2024,520.0,CE,0.0,0.0,0.0,102.4,106.0,0,0.0,0,0,06-MAY-2024,
OPTSTK,BPCL,25-Jul-2024,540.0,CE,0.0,0.0,0.0,87.35,90.3,0,0.0,0,0,06-MAY-2024,
OPTSTK,BPCL,25-Jul-2024,560.0,CE,0.0,0.0,0.0,73.55,75.9,0,0.0,0,0,06-MAY-2024,
OPTSTK,BPCL,25-Jul-2024,580.0,CE,0.0,0.0,0.0,61.2,62.95,0,0.0,0,0,06-MAY-2024,
OPTSTK,BPCL,25-Jul-2024,600.0,CE,0.0,0.0,0.0,50.35,51.5,0,0.0,0,0,06-MAY-2024,
OPTSTK,BPCL,25-Jul-2024,620.0,CE,0.0,0.0,0.0,40.9,41.55,0,0.0,0,0,06-MAY-2024,
OPTSTK,BPCL,25-Jul-2024,640.0,CE,0.0,0.0,0.0,32.85,33.1,0,0.0,0,0,06-MAY-2024,
OPTSTK,BPCL,25-Jul-2024,660.0,CE,0.0,0.0,0.0,26.1,26.05,0,0.0,0,0,06-MAY-2024,
OPTSTK,BPCL,25-Jul-2024,680.0,CE,0.0,0.0,0.0,20.5,20.25,0,0.0,0,0,06-MAY-2024,
OPTSTK,BPCL,25-Jul-2024,700.0,CE,0.0,0.0,0.0,16.0,15.55,0,0.0,0,0,06-MAY-2024,
OPTSTK,BPCL,25-Jul-2024,720.0,CE,0.0,0.0,0.0,12.3,11.8,0,0.0,0,0,06-MAY-2024,
OPTSTK,BPCL,25-Jul-2024,520.0,PE,0.0,0.0,0.0,9.6,7.5,0,0.0,0,0,06-MAY-2024,
OPTSTK,BPCL,25-Jul-2024,540.0,PE,0.0,0.0,0.0,14.2,11.5,0,0.0,0,0,06-MAY-2024,
OPTSTK,BPCL,25-Jul-2024,560.0,PE,0.0,0.0,0.0,20.05,16.8,0,0.0,0,0,06-MAY-2024,
OPTSTK,BPCL,25-Jul-2024,580.0,PE,0.0,0.0,0.0,27.35,23.5,0,0.0,0,0,06-MAY-2024,
OPTSTK,BPCL,25-Jul-2024,600.0,PE,0.0,0.0,0.0,36.1,31.75,0,0.0,0,0,06-MAY-2024,
OPTSTK,BPCL,25-Jul-2024,620.0,PE,0.0,0.0,0.0,46.3,41.5,0,0.0,0,0,06-MAY-2024,
OPTSTK,BPCL,25-Jul-2024,640.0,PE,0.0,0.0,0.0,57.9,52.75,0,0.0,0,0,06-MAY-2024,
OPTSTK,BPCL,25-Jul-2024,660.0,PE,0.0,0.0,0.0,70.8,65.35,0,0.0,0,0,06-MAY-2024,
OPTSTK,BPCL,25-Jul-2024,680.0,PE,0.0,0.0,0.0,84.85,79.25,0,0.0,0,0,06-MAY-2024,
OPTSTK,BPCL,25-Jul-2024,700.0,PE,0.0,0.0,0.0,99.95,94.25,0,0.0,0,0,06-MAY-2024,
OPTSTK,BPCL,25-Jul-2024,720.0,PE,0.0,0.0,0.0,115.9,110.2,0,0.0,0,0,06-MAY-2024,
OPTSTK,BRITANNIA,30-May-2024,4000.0,CE,0.0,0.0,0.0,1041.55,1080.05,0,0.0,0,0,06-MAY-2024,
OPTSTK,BRITANNIA,30-May-2024,4100.0,CE,917.0,917.0,917.0,917.0,980.55,3,30.1,600,600,06-MAY-2024,
OPTSTK,BRITANNIA,30-May-2024,4200.0,CE,0.0,0.0,0.0,852.75,881.05,0,0.0,0,0,06-MAY-2024,
OPTSTK,BRITANNIA,30-May-2024,4250.0,CE,0.0,0.0,0.0,721.3,831.35,0,0.0,0,0,06-MAY-2024,
OPTSTK,BRITANNIA,30-May-2024,4300.0,CE,0.0,0.0,0.0,761.65,781.7,0,0.0,0,0,06-MAY-2024,
OPTSTK,BRITANNIA,30-May-2024,4350.0,CE,0.0,0.0,0.0,629.1,732.15,0,0.0,0,0,06-MAY-2024,
OPTSTK,BRITANNIA,30-May-2024,4400.0,CE,0.0,0.0,0.0,383.05,682.75,0,0.0,600,0,06-MAY-2024,
OPTSTK,BRITANNIA,30-May-2024,4450.0,CE,0.0,0.0,0.0,540.55,633.6,0,0.0,0,0,06-MAY-2024,
OPTSTK,BRITANNIA,30-May-2024,4500.0,CE,448.0,630.0,448.0,565.75,584.8,4,40.46,1600,0,06-MAY-2024,
OPTSTK,BRITANNIA,30-May-2024,4550.0,CE,366.3,374.3,361.55,361.55,536.55,7,68.82,400,400,06-MAY-2024,
OPTSTK,BRITANNIA,30-May-2024,4600.0,CE,370.0,640.0,320.95,640.0,489.0,8,80.23,2000,-400,06-MAY-2024,
OPTSTK,BRITANNIA,30-May-2024,4650.0,CE,279.1,406.1,279.1,406.1,442.4,11,110.08,2400,600,06-MAY-2024,
OPTSTK,BRITANNIA,30-May-2024,4700.0,CE,234.85,551.3,216.05,422.6,422.6,432,4335.25,13200,-8400,06-MAY-2024,
OPTSTK,BRITANNIA,30-May-2024,4750.0,CE,155.05,495.25,155.05,372.6,372.6,327,3287.5,9200,-8200,06-MAY-2024,
OPTSTK,BRITANNIA,30-May-2024,4800.0,CE,150.15,460.65,126.0,341.15,341.15,3972,39984.45,69200,-92200,06-MAY-2024,
OPTSTK,BRITANNIA,30-May-2024,4850.0,CE,97.0,416.35,97.0,302.95,302.95,1383,13935.98,16800,-17200,06-MAY-2024,
OPTSTK,BRITANNIA,30-May-2024,4900.0,CE,88.85,379.2,87.45,258.5,258.5,7552,76548.39,65200,8600,06-MAY-2024,
OPTSTK,BRITANNIA,30-May-2024,4950.0,CE,68.5,331.3,68.4,222.45,222.45,3902,39794.53,26000,-2000,06-MAY-2024,
OPTSTK,BRITANNIA,30-May-2024,5000.0,CE,57.0,300.6,50.0,194.9,194.9,17492,179973.7,143200,-5200,06-MAY-2024,
OPTSTK,BRITANNIA,30-May-2024,5050.0,CE,68.0,260.65,48.85,162.45,162.45,3202,33290.58,24200,23000,06-MAY-2024,
OPTSTK,BRITANNIA,30-May-2024,5100.0,CE,40.0,244.1,40.0,135.15,135.15,13842,144836.05,127200,80600,06-MAY-2024,
OPTSTK,BRITANNIA,30-May-2024,5150.0,CE,34.95,196.45,32.0,114.25,114.25,4868,51322.6,61200,52800,06-MAY-2024,
OPTSTK,BRITANNIA,30-May-2024,5200.0,CE,30.0,166.7,24.3,89.55,89.55,19429,205798.56,242600,204400,06-MAY-2024,
OPTSTK,BRITANNIA,30-May-2024,5250.0,CE,25.0,137.45,19.6,75.4,75.4,3084,32868.73,31400,8000,06-MAY-2024,
OPTSTK,BRITANNIA,30-May-2024,5300.0,CE,22.0,118.1,14.5,59.9,59.9,10523,112970.94,136600,65200,06-MAY-2024,
OPTSTK,BRITANNIA,30-May-2024,5350.0,CE,53.6,88.55,38.7,47.15,47.15,230,2487.91,12200,12200,06-MAY-2024,
OPTSTK,BRITANNIA,30-May-2024,5400.0,CE,11.0,80.0,9.5,39.95,39.95,9855,107298.27,121200,71800,06-MAY-2024,
OPTSTK,BRITANNIA,30-May-2024,5450.0,CE,34.75,39.0,27.35,30.75,30.75,34,372.79,5400,5400,06-MAY-2024,
OPTSTK,BRITANNIA,30-May-2024,5500.0,CE,11.75,55.2,6.45,26.7,26.7,9692,107245.18,172000,171400,06-MAY-2024,
OPTSTK,BRITANNIA,30-May-2024,5550.0,CE,27.05,42.7,16.45,21.35,21.35,141,1573.24,6400,6400,06-MAY-2024,
OPTSTK,BRITANNIA,30-May-2024,5600.0,CE,4.95,35.0,1.0,18.15,18.15,12829,144197.23,201600,165200,06-MAY-2024,
OPTSTK,BRITANNIA,30-May-2024,5650.0,CE,23.65,27.55,11.0,14.85,14.85,582,6601.28,18600,18600,06-MAY-2024,
OPTSTK,BRITANNIA,30-May-2024,4000.0,PE,0.0,0.0,0.0,3.7,0.0,0,0.0,0,0,06-MAY-2024,
OPTSTK,BRITANNIA,30-May-2024,4100.0,PE,0.0,0.0,0.0,6.65,0.05,0,0.0,0,0,06-MAY-2024,
OPTSTK,BRITANNIA,30-May-2024,4200.0,PE,2.15,2.7,2.0,2.55,2.55,14,117.66,2400,2400,06-MAY-2024,
OPTSTK,BRITANNIA,30-May-2024,4250.0,PE,0.0,0.0,0.0,8.15,0.15,0,0.0,0,0,06-MAY-2024,
OPTSTK,BRITANNIA,30-May-2024,4300.0,PE,11.95,12.15,3.1,4.65,4.65,893,7690.42,42400,24400,06-MAY-2024,
OPTSTK,BRITANNIA,30-May-2024,4350.0,PE,8.6,8.6,6.65,6.65,0.5,6,52.29,400,400,06-MAY-2024,
OPTSTK,BRITANNIA,30-May-2024,4400.0,PE,9.0,16.45,4.6,8.0,8.0,1707,15052.43,96600,-24000,06-MAY-2024,
OPTSTK,BRITANNIA,30-May-2024,4450.0,PE,6.3,18.15,6.25,7.85,7.85,467,4165.41,13400,-4800,06-MAY-2024,
OPTSTK,BRITANNIA,30-May-2024,4500.0,PE,20.0,23.95,7.2,11.55,11.55,4547,41025.69,89000,35000,06-MAY-2024,
OPTSTK,BRITANNIA,30-May-2024,4550.0,PE,28.35,29.4,9.7,14.6,14.6,558,5094.78,11400,6600,06-MAY-2024,
OPTSTK,BRITANNIA,30-May-2024,4600.0,PE,35.55,36.25,11.8,17.45,17.45,3669,33879.88,95600,15000,06-MAY-2024,
OPTSTK,BRITANNIA,30-May-2024,4650.0,PE,26.6,45.25,15.0,21.5,21.5,1462,13661.32,18800,9000,06-MAY-2024,
OPTSTK,BRITANNIA,30-May-2024,4700.0,PE,61.95,62.0,18.0,26.65,26.65,5614,53081.59,155400,57000,06-MAY-2024,
OPTSTK,BRITANNIA,30-May-2024,4750.0,PE,51.55,74.55,22.05,32.0,32.0,2336,22354.99,57400,20600,06-MAY-2024,
OPTSTK,BRITANNIA,30-May-2024,4800.0,PE,104.3,104.3,26.35,39.55,39.55,9381,90885.46,210600,99600,06-MAY-2024,
OPTSTK,BRITANNIA,30-May-2024,4850.0,PE,66.05,118.3,31.8,49.85,49.85,2876,28216.81,49600,41200,06-MAY-2024,
OPTSTK,BRITANNIA,30-May-2024,4900.0,PE,100.0,141.05,38.2,62.55,62.55,6984,69345.74,117000,107200,06-MAY-2024,
OPTSTK,BRITANNIA,30-May-2024,4950.0,PE,122.15,166.75,46.1,76.6,76.6,1908,19174.88,36000,35600,06-MAY-2024,
OPTSTK,BRITANNIA,30-May-2024,5000.0,PE,141.0,206.3,55.2,95.3,95.3,9117,92783.6,311600,293200,06-MAY-2024,
OPTSTK,BRITANNIA,30-May-2024,5050.0,PE,171.0,171.0,67.05,113.45,113.45,2142,22076.71,31000,31000,06-MAY-2024,
OPTSTK,BRITANNIA,30-May-2024,5100.0,PE,217.0,278.65,83.0,136.4,136.4,5827,60814.06,79400,74600,06-MAY-2024,
OPTSTK,BRITANNIA,30-May-2024,5150.0,PE,261.0,293.5,100.0,162.5,162.5,1550,16391.51,17200,16400,06-MAY-2024,
OPTSTK,BRITANNIA,30-May-2024,5200.0,PE,307.0,307.0,120.15,192.3,192.3,1186,12717.28,20200,19800,06-MAY-2024,
OPTSTK,BRITANNIA,30-May-2024,5250.0,PE,356.4,356.4,148.8,229.25,229.25,168,1830.24,4800,4600,06-MAY-2024,
OPTSTK,BRITANNIA,30-May-2024,5300.0,PE,180.0,301.2,180.0,250.0,250.0,77,849.69,3000,2400,06-MAY-2024,
OPTSTK,BRITANNIA,30-May-2024,5350.0,PE,0.0,0.0,0.0,432.0,299.65,0,0.0,0,0,06-MAY-2024,
OPTSTK,BRITANNIA,30-May-2024,5400.0,PE,318.0,358.95,318.0,358.95,340.8,3,34.4,400,400,06-MAY-2024,
OPTSTK,BRITANNIA,30-May-2024,5450.0,PE,0.0,0.0,0.0,513.4,383.7,0,0.0,0,0,06-MAY-2024,
OPTSTK,BRITANNIA,30-May-2024,5500.0,PE,535.0,535.0,328.55,475.0,428.1,21,247.76,2600,1200,06-MAY-2024,
OPTSTK,BRITANNIA,30-May-2024,5550.0,PE,0.0,0.0,0.0,599.35,473.8,0,0.0,0,0,06-MAY-2024,
OPTSTK,BRITANNIA,30-May-2024,5600.0,PE,0.0,0.0,0.0,593.75,520.45,0,0.0,0,0,06-MAY-2024,
OPTSTK,BRITANNIA,30-May-2024,5650.0,PE,0.0,0.0,0.0,688.85,567.95,0,0.0,0,0,06-MAY-2024,
OPTSTK,BRITANNIA,27-Jun-2024,4000.0,CE,0.0,0.0,0.0,987.25,1103.2,0,0.0,0,0,06-MAY-2024,
OPTSTK,BRITANNIA,27-Jun-2024,4100.0,CE,0.0,0.0,0.0,892.55,1004.8,0,0.0,0,0,06-MAY-2024,
OPTSTK,BRITANNIA,27-Jun-2024,4200.0,CE,0.0,0.0,0.0,799.8,906.95,0,0.0,0,0,06-MAY-2024,
OPTSTK,BRITANNIA,27-Jun-2024,4250.0,CE,0.0,0.0,0.0,658.75,858.4,0,0.0,0,0,06-MAY-2024,
OPTSTK,BRITANNIA,27-Jun-2024,4300.0,CE,0.0,0.0,0.0,709.85,810.15,0,0.0,0,0,06-MAY-2024,
OPTSTK,BRITANNIA,27-Jun-2024,4350.0,CE,0.0,0.0,0.0,568.55,762.4,0,0.0,0,0,06-MAY-2024,
OPTSTK,BRITANNIA,27-Jun-2024,4400.0,CE,0.0,0.0,0.0,623.4,715.15,0,0.0,0,0,06-MAY-2024,
OPTSTK,BRITANNIA,27-Jun-2024,4450.0,CE,0.0,0.0,0.0,482.85,668.55,0,0.0,0,0,06-MAY-2024,
OPTSTK,BRITANNIA,27-Jun-2024,4500.0,CE,0.0,0.0,0.0,541.4,622.8,0,0.0,0,0,06-MAY-2024,
OPTSTK,BRITANNIA,27-Jun-2024,4550.0,CE,0.0,0.0,0.0,402.9,577.95,0,0.0,0,0,06-MAY-2024,
OPTSTK,BRITANNIA,27-Jun-2024,4600.0,CE,0.0,0.0,0.0,464.6,534.2,0,0.0,0,0,06-MAY-2024,
OPTSTK,BRITANNIA,27-Jun-2024,4650.0,CE,0.0,0.0,0.0,329.75,491.7,0,0.0,0,0,06-MAY-2024,
OPTSTK,BRITANNIA,27-Jun-2024,4700.0,CE,0.0,0.0,0.0,393.65,450.6,0,0.0,0,0,06-MAY-2024,
OPTSTK,BRITANNIA,27-Jun-2024,4750.0,CE,0.0,0.0,0.0,264.6,411.1,0,0.0,0,0,06-MAY-2024,
OPTSTK,BRITANNIA,27-Jun-2024,4800.0,CE,0.0,0.0,0.0,329.35,373.45,0,0.0,0,0,06-MAY-2024,
OPTSTK,BRITANNIA,27-Jun-2024,4850.0,CE,0.0,0.0,0.0,207.9,337.2,0,0.0,0,0,06-MAY-2024,
OPTSTK,BRITANNIA,27-Jun-2024,4900.0,CE,176.6,425.0,176.6,425.0,303.15,2,20.8,200,200,06-MAY-2024,
OPTSTK,BRITANNIA,27-Jun-2024,4950.0,CE,0.0,0.0,0.0,159.85,271.2,0,0.0,0,0,06-MAY-2024,
OPTSTK,BRITANNIA,27-Jun-2024,5000.0,CE,228.55,286.8,228.55,286.8,241.3,3,31.57,400,400,06-MAY-2024,
OPTSTK,BRITANNIA,27-Jun-2024,5050.0,CE,0.0,0.0,0.0,120.25,213.6,0,0.0,0,0,06-MAY-2024,
OPTSTK,BRITANNIA,27-Jun-2024,5100.0,CE,0.0,0.0,0.0,177.95,188.0,0,0.0,0,0,06-MAY-2024,
OPTSTK,BRITANNIA,27-Jun-2024,5150.0,CE,0.0,0.0,0.0,88.45,164.6,0,0.0,0,0,06-MAY-2024,
OPTSTK,BRITANNIA,27-Jun-2024,5200.0,CE,0.0,0.0,0.0,141.05,143.35,0,0.0,0,0,06-MAY-2024,
OPTSTK,BRITANNIA,27-Jun-2024,5250.0,CE,0.0,0.0,0.0,63.75,124.1,0,0.0,0,0,06-MAY-2024,
OPTSTK,BRITANNIA,27-Jun-2024,5300.0,CE,0.0,0.0,0.0,110.25,106.85,0,0.0,0,0,06-MAY-2024,
OPTSTK,BRITANNIA,27-Jun-2024,5350.0,CE,0.0,0.0,0.0,44.9,91.5,0,0.0,0,0,06-MAY-2024,
OPTSTK,BRITANNIA,27-Jun-2024,5400.0,CE,0.0,0.0,0.0,85.35,77.9,0,0.0,0,0,06-MAY-2024,
OPTSTK,BRITANNIA,27-Jun-2024,5450.0,CE,0.0,0.0,0.0,30.95,66.05,0,0.0,0,0,06-MAY-2024,
OPTSTK,BRITANNIA,27-Jun-2024,5500.0,CE,0.0,0.0,0.0,64.85,55.65,0,0.0,0,0,06-MAY-2024,
OPTSTK,BRITANNIA,27-Jun-2024,5550.0,CE,0.0,0.0,0.0,20.85,46.6,0,0.0,0,0,06-MAY-2024,
OPTSTK,BRITANNIA,27-Jun-2024,5600.0,CE,0.0,0.0,0.0,48.75,38.85,0,0.0,0,0,06-MAY-2024,
OPTSTK,BRITANNIA,27-Jun-2024,5650.0,CE,0.0,0.0,0.0,13.8,32.2,0,0.0,0,0,06-MAY-2024,
OPTSTK,BRITANNIA,27-Jun-2024,4000.0,PE,0.0,0.0,0.0,4.5,0.4,0,0.0,0,0,06-MAY-2024,
OPTSTK,BRITANNIA,27-Jun-2024,4100.0,PE,0.0,0.0,0.0,8.0,0.95,0,0.0,0,0,06-MAY-2024,
OPTSTK,BRITANNIA,27-Jun-2024,4200.0,PE,0.0,0.0,0.0,13.5,2.05,0,0.0,0,0,06-MAY-2024,
OPTSTK,BRITANNIA,27-Jun-2024,4250.0,PE,0.0,0.0,0.0,11.35,3.0,0,0.0,0,0,06-MAY-2024,
OPTSTK,BRITANNIA,27-Jun-2024,4300.0,PE,0.0,0.0,0.0,21.75,4.25,0,0.0,0,0,06-MAY-2024,
OPTSTK,BRITANNIA,27-Jun-2024,4350.0,PE,0.0,0.0,0.0,19.9,5.95,0,0.0,0,0,06-MAY-2024,
OPTSTK,BRITANNIA,27-Jun-2024,4400.0,PE,0.0,0.0,0.0,33.5,8.2,0,0.0,0,0,06-MAY-2024,
OPTSTK,BRITANNIA,27-Jun-2024,4450.0,PE,0.0,0.0,0.0,32.9,11.1,0,0.0,0,0,06-MAY-2024,
OPTSTK,BRITANNIA,27-Jun-2024,4500.0,PE,40.4,53.0,36.05,48.2,48.2,32,290.65,11000,3800,06-MAY-2024,
OPTSTK,BRITANNIA,27-Jun-2024,4550.0,PE,0.0,0.0,0.0,51.7,19.45,0,0.0,0,0,06-MAY-2024,
OPTSTK,BRITANNIA,27-Jun-2024,4600.0,PE,0.0,0.0,0.0,71.15,25.2,0,0.0,0,0,06-MAY-2024,
OPTSTK,BRITANNIA,27-Jun-2024,4650.0,PE,0.0,0.0,0.0,125.15,32.2,0,0.0,200,0,06-MAY-2024,
OPTSTK,BRITANNIA,27-Jun-2024,4700.0,PE,60.0,61.1,60.0,61.1,40.6,8,76.17,2200,1400,06-MAY-2024,
OPTSTK,BRITANNIA,27-Jun-2024,4750.0,PE,0.0,0.0,0.0,110.9,50.55,0,0.0,0,0,06-MAY-2024,
OPTSTK,BRITANNIA,27-Jun-2024,4800.0,PE,67.35,80.55,67.35,80.55,62.4,2,19.49,400,400,06-MAY-2024,
OPTSTK,BRITANNIA,27-Jun-2024,4850.0,PE,0.0,0.0,0.0,152.95,75.6,0,0.0,0,0,06-MAY-2024,
OPTSTK,BRITANNIA,27-Jun-2024,4900.0,PE,0.0,0.0,0.0,173.1,91.1,0,0.0,0,0,06-MAY-2024,
OPTSTK,BRITANNIA,27-Jun-2024,4950.0,PE,0.0,0.0,0.0,203.65,108.6,0,0.0,0,0,06-MAY-2024,
OPTSTK,BRITANNIA,27-Jun-2024,5000.0,PE,0.0,0.0,0.0,220.85,128.2,0,0.0,0,0,06-MAY-2024,
OPTSTK,BRITANNIA,27-Jun-2024,5050.0,PE,0.0,0.0,0.0,262.8,149.95,0,0.0,0,0,06-MAY-2024,
OPTSTK,BRITANNIA,27-Jun-2024,5100.0,PE,0.0,0.0,0.0,275.55,173.85,0,0.0,0,0,06-MAY-2024,
OPTSTK,BRITANNIA,27-Jun-2024,5150.0,PE,0.0,0.0,0.0,329.75,199.95,0,0.0,0,0,06-MAY-2024,
OPTSTK,BRITANNIA,27-Jun-2024,5200.0,PE,0.0,0.0,0.0,336.85,228.15,0,0.0,0,0,06-MAY-2024,
OPTSTK,BRITANNIA,27-Jun-2024,5250.0,PE,0.0,0.0,0.0,403.75,258.4,0,0.0,0,0,06-MAY-2024,
OPTSTK,BRITANNIA,27-Jun-2024,5300.0,PE,0.0,0.0,0.0,404.3,290.65,0,0.0,0,0,06-MAY-2024,
OPTSTK,BRITANNIA,27-Jun-2024,5350.0,PE,0.0,0.0,0.0,483.65,324.8,0,0.0,0,0,06-MAY-2024,
OPTSTK,BRITANNIA,27-Jun-2024,5400.0,PE,0.0,0.0,0.0,477.6,360.7,0,0.0,0,0,06-MAY-2024,
OPTSTK,BRITANNIA,27-Jun-2024,5450.0,PE,0.0,0.0,0.0,568.45,398.3,0,0.0,0,0,06-MAY-2024,
OPTSTK,BRITANNIA,27-Jun-2024,5500.0,PE,422.6,422.6,418.95,418.95,437.4,4,47.36,800,800,06-MAY-2024,
OPTSTK,BRITANNIA,27-Jun-2024,5550.0,PE,0.0,0.0,0.0,657.15,477.85,0,0.0,0,0,06-MAY-2024,
OPTSTK,BRITANNIA,27-Jun-2024,5600.0,PE,0.0,0.0,0.0,637.45,519.55,0,0.0,0,0,06-MAY-2024,
OPTSTK,BRITANNIA,27-Jun-2024,5650.0,PE,0.0,0.0,0.0,748.8,562.35,0,0.0,0,0,06-MAY-2024,
OPTSTK,BRITANNIA,25-Jul-2024,4000.0,CE,0.0,0.0,0.0,922.25,1126.9,0,0.0,0,0,06-MAY-2024,
OPTSTK,BRITANNIA,25-Jul-2024,4200.0,CE,0.0,0.0,0.0,737.05,934.95,0,0.0,0,0,06-MAY-2024,
OPTSTK,BRITANNIA,25-Jul-2024,4300.0,CE,0.0,0.0,0.0,648.85,841.35,0,0.0,0,0,06-MAY-2024,
OPTSTK,BRITANNIA,25-Jul-2024,4400.0,CE,0.0,0.0,0.0,564.75,750.25,0,0.0,0,0,06-MAY-2024,
OPTSTK,BRITANNIA,25-Jul-2024,4500.0,CE,0.0,0.0,0.0,485.6,662.4,0,0.0,0,0,06-MAY-2024,
OPTSTK,BRITANNIA,25-Jul-2024,4600.0,CE,0.0,0.0,0.0,412.35,578.6,0,0.0,0,0,06-MAY-2024,
OPTSTK,BRITANNIA,25-Jul-2024,4700.0,CE,0.0,0.0,0.0,345.25,499.65,0,0.0,0,0,06-MAY-2024,
OPTSTK,BRITANNIA,25-Jul-2024,4800.0,CE,0.0,0.0,0.0,285.3,426.5,0,0.0,0,0,06-MAY-2024,
OPTSTK,BRITANNIA,25-Jul-2024,4900.0,CE,0.0,0.0,0.0,232.45,359.25,0,0.0,0,0,06-MAY-2024,
OPTSTK,BRITANNIA,25-Jul-2024,5000.0,CE,0.0,0.0,0.0,186.7,298.9,0,0.0,0,0,06-MAY-2024,
OPTSTK,BRITANNIA,25-Jul-2024,5100.0,CE,0.0,0.0,0.0,147.8,245.45,0,0.0,0,0,06-MAY-2024,
OPTSTK,BRITANNIA,25-Jul-2024,5200.0,CE,0.0,0.0,0.0,115.4,198.85,0,0.0,0,0,06-MAY-2024,
OPTSTK,BRITANNIA,25-Jul-2024,5300.0,CE,0.0,0.0,0.0,89.05,159.0,0,0.0,0,0,06-MAY-2024,
OPTSTK,BRITANNIA,25-Jul-2024,5400.0,CE,0.0,0.0,0.0,67.5,125.45,0,0.0,0,0,06-MAY-2024,
OPTSTK,BRITANNIA,25-Jul-2024,5500.0,CE,0.0,0.0,0.0,50.55,97.65,0,0.0,0,0,06-MAY-2024,
OPTSTK,BRITANNIA,25-Jul-2024,5600.0,CE,0.0,0.0,0.0,37.35,75.15,0,0.0,0,0,06-MAY-2024,
OPTSTK,BRITANNIA,25-Jul-2024,4000.0,PE,0.0,0.0,0.0,5.85,2.1,0,0.0,0,0,06-MAY-2024,
OPTSTK,BRITANNIA,25-Jul-2024,4200.0,PE,0.0,0.0,0.0,17.0,6.95,0,0.0,0,0,06-MAY-2024,
OPTSTK,BRITANNIA,25-Jul-2024,4300.0,PE,0.0,0.0,0.0,27.05,11.8,0,0.0,0,0,06-MAY-2024,
OPTSTK,BRITANNIA,25-Jul-2024,4400.0,PE,0.0,0.0,0.0,41.1,19.1,0,0.0,0,0,06-MAY-2024,
OPTSTK,BRITANNIA,25-Jul-2024,4500.0,PE,0.0,0.0,0.0,60.2,29.65,0,0.0,0,0,06-MAY-2024,
OPTSTK,BRITANNIA,25-Jul-2024,4600.0,PE,0.0,0.0,0.0,85.15,44.25,0,0.0,0,0,06-MAY-2024,
OPTSTK,BRITANNIA,25-Jul-2024,4700.0,PE,0.0,0.0,0.0,116.25,63.75,0,0.0,0,0,06-MAY-2024,
OPTSTK,BRITANNIA,25-Jul-2024,4800.0,PE,0.0,0.0,0.0,154.45,89.0,0,0.0,0,0,06-MAY-2024,
OPTSTK,BRITANNIA,25-Jul-2024,4900.0,PE,0.0,0.0,0.0,199.8,120.15,0,0.0,0,0,06-MAY-2024,
OPTSTK,BRITANNIA,25-Jul-2024,5000.0,PE,0.0,0.0,0.0,252.25,158.25,0,0.0,0,0,06-MAY-2024,
OPTSTK,BRITANNIA,25-Jul-2024,5100.0,PE,0.0,0.0,0.0,311.55,203.2,0,0.0,0,0,06-MAY-2024,
OPTSTK,BRITANNIA,25-Jul-2024,5200.0,PE,0.0,0.0,0.0,377.35,255.05,0,0.0,0,0,06-MAY-2024,
OPTSTK,BRITANNIA,25-Jul-2024,5300.0,PE,0.0,0.0,0.0,449.15,313.65,0,0.0,0,0,06-MAY-2024,
OPTSTK,BRITANNIA,25-Jul-2024,5400.0,PE,0.0,0.0,0.0,525.85,378.5,0,0.0,0,0,06-MAY-2024,
OPTSTK,BRITANNIA,25-Jul-2024,5500.0,PE,0.0,0.0,0.0,607.1,449.1,0,0.0,0,0,06-MAY-2024,
OPTSTK,BRITANNIA,25-Jul-2024,5600.0,PE,0.0,0.0,0.0,692.1,525.05,0,0.0,0,0,06-MAY-2024,
OPTSTK,BSOFT,30-May-2024,520.0,CE,0.0,0.0,0.0,266.6,102.35,0,0.0,0,0,06-MAY-2024,
OPTSTK,BSOFT,30-May-2024,540.0,CE,0.0,0.0,0.0,109.7,83.95,0,0.0,0,0,06-MAY-2024,
OPTSTK,BSOFT,30-May-2024,550.0,CE,0.0,0.0,0.0,200.15,75.2,0,0.0,0,0,06-MAY-2024,
OPTSTK,BSOFT,30-May-2024,560.0,CE,72.75,75.85,72.75,75.85,66.75,2,12.68,6000,2000,06-MAY-2024,
OPTSTK,BSOFT,30-May-2024,570.0,CE,63.8,63.8,63.8,63.8,58.8,1,6.33,3000,1000,06-MAY-2024,
OPTSTK,BSOFT,30-May-2024,580.0,CE,63.0,63.0,53.1,53.1,53.1,5,31.85,6000,3000,06-MAY-2024,
OPTSTK,BSOFT,30-May-2024,590.0,CE,55.0,55.0,51.85,51.85,44.35,2,12.86,2000,0,06-MAY-2024,
OPTSTK,BSOFT,30-May-2024,600.0,CE,53.0,53.0,38.4,39.7,39.7,45,288.68,66000,22000,06-MAY-2024,
OPTSTK,BSOFT,30-May-2024,610.0,CE,42.0,42.0,32.0,32.95,32.95,74,477.82,76000,48000,06-MAY-2024,
OPTSTK,BSOFT,30-May-2024,620.0,CE,34.4,34.4,26.3,27.7,27.7,278,1803.27,99000,91000,06-MAY-2024,
OPTSTK,BSOFT,30-May-2024,630.0,CE,31.55,31.55,21.65,22.8,22.8,774,5079.0,243000,151000,06-MAY-2024,
OPTSTK,BSOFT,30-May-2024,640.0,CE,27.0,27.85,17.85,19.0,19.0,933,6173.38,441000,192000,06-MAY-2024,
OPTSTK,BSOFT,30-May-2024,650.0,CE,22.3,23.0,14.5,15.65,15.65,1130,7542.2,762000,225000,06-MAY-2024,
OPTSTK,BSOFT,30-May-2024,660.0,CE,18.85,18.85,12.0,12.8,12.8,727,4902.87,604000,118000,06-MAY-2024,
OPTSTK,BSOFT,30-May-2024,670.0,CE,14.55,15.45,9.8,10.65,10.65,788,5372.56,1096000,101000,06-MAY-2024,
OPTSTK,BSOFT,30-May-2024,680.0,CE,12.3,12.55,8.2,8.7,8.7,815,5620.62,842000,20000,06-MAY-2024,
OPTSTK,BSOFT,30-May-2024,690.0,CE,10.1,10.5,6.65,7.1,7.1,350,2442.76,339000,-13000,06-MAY-2024,
OPTSTK,BSOFT,30-May-2024,700.0,CE,8.15,8.15,5.5,5.85,5.85,1198,8461.59,1371000,-16000,06-MAY-2024,
OPTSTK,BSOFT,30-May-2024,710.0,CE,6.4,6.55,4.45,5.0,5.0,72,515.0,116000,-17000,06-MAY-2024,
OPTSTK,BSOFT,30-May-2024,720.0,CE,5.05,5.05,3.7,3.9,3.9,203,1470.06,320000,11000,06-MAY-2024,
OPTSTK,BSOFT,30-May-2024,730.0,CE,4.2,4.3,3.05,3.15,3.15,211,1547.57,185000,-54000,06-MAY-2024,
OPTSTK,BSOFT,30-May-2024,740.0,CE,3.4,3.4,2.5,2.65,2.65,151,1121.66,286000,-43000,06-MAY-2024,
OPTSTK,BSOFT,30-May-2024,750.0,CE,3.1,3.1,2.05,2.25,2.25,352,2648.15,676000,-49000,06-MAY-2024,
OPTSTK,BSOFT,30-May-2024,760.0,CE,2.2,2.2,1.7,1.7,1.7,76,579.03,153000,-24000,06-MAY-2024,
OPTSTK,BSOFT,30-May-2024,770.0,CE,1.8,1.8,1.45,1.55,0.6,14,108.03,78000,2000,06-MAY-2024,
OPTSTK,BSOFT,30-May-2024,780.0,CE,1.1,1.45,1.1,1.1,1.1,5,39.05,102000,-3000,06-MAY-2024,
OPTSTK,BSOFT,30-May-2024,790.0,CE,0.0,0.0,0.0,1.25,0.35,0,0.0,75000,0,06-MAY-2024,
OPTSTK,BSOFT,30-May-2024,800.0,CE,1.2,1.2,0.8,0.9,0.9,237,1898.22,655000,14000,06-MAY-2024,
OPTSTK,BSOFT,30-May-2024,810.0,CE,0.0,0.0,0.0,0.8,0.15,0,0.0,4000,0,06-MAY-2024,
OPTSTK,BSOFT,30-May-2024,820.0,CE,0.0,0.0,0.0,0.85,0.15,0,0.0,139000,0,06-MAY-2024,
OPTSTK,BSOFT,30-May-2024,830.0,CE,0.75,0.75,0.75,0.75,0.1,1,8.3,2000,-1000,06-MAY-2024,
OPTSTK,BSOFT,30-May-2024,850.0,CE,0.25,0.45,0.25,0.45,0.45,12,102.04,164000,-3000,06-MAY-2024,
OPTSTK,BSOFT,30-May-2024,900.0,CE,0.25,0.3,0.2,0.3,0.0,21,189.05,52000,-9000,06-MAY-2024,
OPTSTK,BSOFT,30-May-2024,520.0,PE,1.5,3.35,1.5,2.8,2.8,1102,5762.64,189000,162000,06-MAY-2024,
OPTSTK,BSOFT,30-May-2024,540.0,PE,2.25,4.6,2.25,4.0,4.0,1642,8927.55,274000,-31000,06-MAY-2024,
OPTSTK,BSOFT,30-May-2024,550.0,PE,4.45,5.5,4.45,5.0,5.0,90,499.46,77000,77000,06-MAY-2024,
OPTSTK,BSOFT,30-May-2024,560.0,PE,4.1,7.0,3.75,6.15,6.15,372,2103.81,446000,24000,06-MAY-2024,
OPTSTK,BSOFT,30-May-2024,570.0,PE,5.8,8.7,5.1,7.8,7.8,72,415.38,45000,28000,06-MAY-2024,
OPTSTK,BSOFT,30-May-2024,580.0,PE,5.75,10.8,5.75,9.95,9.95,384,2261.1,270000,-22000,06-MAY-2024,
OPTSTK,BSOFT,30-May-2024,590.0,PE,10.2,13.5,9.65,12.75,12.75,60,360.9,81000,-5000,06-MAY-2024,
OPTSTK,BSOFT,30-May-2024,600.0,PE,9.85,16.75,9.8,15.8,15.8,947,5815.57,443000,-11000,06-MAY-2024,
OPTSTK,BSOFT,30-May-2024,610.0,PE,13.25,20.7,13.25,19.75,19.75,141,885.63,104000,10000,06-MAY-2024,
OPTSTK,BSOFT,30-May-2024,620.0,PE,15.55,25.25,15.45,24.1,24.1,520,3339.95,264000,8000,06-MAY-2024,
OPTSTK,BSOFT,30-May-2024,630.0,PE,19.55,30.5,19.25,29.1,29.1,429,2815.18,180000,40000,06-MAY-2024,
OPTSTK,BSOFT,30-May-2024,640.0,PE,25.05,36.7,23.0,35.35,35.35,210,1409.83,186000,-30000,06-MAY-2024,
OPTSTK,BSOFT,30-May-2024,650.0,PE,29.45,42.8,29.3,41.45,41.45,157,1080.87,277000,-22000,06-MAY-2024,
OPTSTK,BSOFT,30-May-2024,660.0,PE,40.05,50.05,39.4,50.05,50.05,43,303.27,217000,1000,06-MAY-2024,
OPTSTK,BSOFT,30-May-2024,670.0,PE,50.5,57.4,48.2,57.15,57.15,13,93.98,168000,-4000,06-MAY-2024,
OPTSTK,BSOFT,30-May-2024,680.0,PE,52.3,64.85,51.5,64.85,64.85,47,346.89,193000,16000,06-MAY-2024,
OPTSTK,BSOFT,30-May-2024,690.0,PE,67.4,73.85,67.4,73.3,73.3,13,99.07,149000,3000,06-MAY-2024,
OPTSTK,BSOFT,30-May-2024,700.0,PE,72.0,81.6,72.0,79.8,82.6,18,139.89,307000,5000,06-MAY-2024,
OPTSTK,BSOFT,30-May-2024,710.0,PE,86.45,91.6,86.45,91.15,91.15,3,23.98,39000,-1000,06-MAY-2024,
OPTSTK,BSOFT,30-May-2024,720.0,PE,0.0,0.0,0.0,88.0,100.6,0,0.0,108000,0,06-MAY-2024,
OPTSTK,BSOFT,30-May-2024,730.0,PE,0.0,0.0,0.0,85.7,109.9,0,0.0,26000,0,06-MAY-2024,
OPTSTK,BSOFT,30-May-2024,740.0,PE,0.0,0.0,0.0,100.0,119.35,0,0.0,11000,0,06-MAY-2024,
OPTSTK,BSOFT,30-May-2024,750.0,PE,121.0,121.0,121.0,121.0,128.9,1,8.71,54000,1000,06-MAY-2024,
OPTSTK,BSOFT,30-May-2024,760.0,PE,0.0,0.0,0.0,92.25,138.55,0,0.0,2000,0,06-MAY-2024,
OPTSTK,BSOFT,30-May-2024,770.0,PE,0.0,0.0,0.0,100.0,148.25,0,0.0,9000,0,06-MAY-2024,
OPTSTK,BSOFT,30-May-2024,780.0,PE,0.0,0.0,0.0,117.05,158.05,0,0.0,3000,0,06-MAY-2024,
OPTSTK,BSOFT,30-May-2024,790.0,PE,0.0,0.0,0.0,127.15,167.9,0,0.0,8000,0,06-MAY-2024,
OPTSTK,BSOFT,30-May-2024,800.0,PE,0.0,0.0,0.0,161.35,177.75,0,0.0,42000,0,06-MAY-2024,
OPTSTK,BSOFT,30-May-2024,810.0,PE,0.0,0.0,0.0,123.0,187.65,0,0.0,1000,0,06-MAY-2024,
OPTSTK,BSOFT,30-May-2024,820.0,PE,0.0,0.0,0.0,130.55,197.55,0,0.0,8000,0,06-MAY-2024,
OPTSTK,BSOFT,30-May-2024,850.0,PE,0.0,0.0,0.0,173.1,227.35,0,0.0,7000,0,06-MAY-2024,
OPTSTK,BSOFT,27-Jun-2024,520.0,CE,0.0,0.0,0.0,233.0,109.35,0,0.0,0,0,06-MAY-2024,
OPTSTK,BSOFT,27-Jun-2024,540.0,CE,0.0,0.0,0.0,214.4,92.8,0,0.0,0,0,06-MAY-2024,
OPTSTK,BSOFT,27-Jun-2024,550.0,CE,0.0,0.0,0.0,123.55,85.0,0,0.0,0,0,06-MAY-2024,
OPTSTK,BSOFT,27-Jun-2024,560.0,CE,0.0,0.0,0.0,196.25,77.6,0,0.0,0,0,06-MAY-2024,
OPTSTK,BSOFT,27-Jun-2024,570.0,CE,0.0,0.0,0.0,107.25,70.5,0,0.0,0,0,06-MAY-2024,
OPTSTK,BSOFT,27-Jun-2024,580.0,CE,0.0,0.0,0.0,178.6,63.75,0,0.0,0,0,06-MAY-2024,
OPTSTK,BSOFT,27-Jun-2024,590.0,CE,0.0,0.0,0.0,92.1,57.45,0,0.0,0,0,06-MAY-2024,
OPTSTK,BSOFT,27-Jun-2024,600.0,CE,0.0,0.0,0.0,161.6,51.6,0,0.0,0,0,06-MAY-2024,
OPTSTK,BSOFT,27-Jun-2024,610.0,CE,0.0,0.0,0.0,78.15,46.1,0,0.0,0,0,06-MAY-2024,
OPTSTK,BSOFT,27-Jun-2024,620.0,CE,0.0,0.0,0.0,145.4,41.05,0,0.0,0,0,06-MAY-2024,
OPTSTK,BSOFT,27-Jun-2024,630.0,CE,0.0,0.0,0.0,65.55,36.4,0,0.0,0,0,06-MAY-2024,
OPTSTK,BSOFT,27-Jun-2024,640.0,CE,0.0,0.0,0.0,130.0,32.15,0,0.0,0,0,06-MAY-2024,
OPTSTK,BSOFT,27-Jun-2024,650.0,CE,37.45,38.0,36.65,37.1,37.1,8,54.99,9000,6000,06-MAY-2024,
OPTSTK,BSOFT,27-Jun-2024,660.0,CE,0.0,0.0,0.0,115.55,24.8,0,0.0,0,0,06-MAY-2024,
OPTSTK,BSOFT,27-Jun-2024,670.0,CE,0.0,0.0,0.0,44.65,21.65,0,0.0,0,0,06-MAY-2024,
OPTSTK,BSOFT,27-Jun-2024,680.0,CE,0.0,0.0,0.0,26.0,18.8,0,0.0,2000,0,06-MAY-2024,
OPTSTK,BSOFT,27-Jun-2024,690.0,CE,0.0,0.0,0.0,36.2,16.35,0,0.0,0,0,06-MAY-2024,
OPTSTK,BSOFT,27-Jun-2024,700.0,CE,22.35,23.0,19.15,21.75,21.75,31,223.49,31000,9000,06-MAY-2024,
OPTSTK,BSOFT,27-Jun-2024,710.0,CE,0.0,0.0,0.0,29.1,12.15,0,0.0,0,0,06-MAY-2024,
OPTSTK,BSOFT,27-Jun-2024,720.0,CE,0.0,0.0,0.0,78.25,10.4,0,0.0,0,0,06-MAY-2024,
OPTSTK,BSOFT,27-Jun-2024,730.0,CE,0.0,0.0,0.0,23.1,8.9,0,0.0,0,0,06-MAY-2024,
OPTSTK,BSOFT,27-Jun-2024,740.0,CE,0.0,0.0,0.0,67.9,7.55,0,0.0,0,0,06-MAY-2024,
OPTSTK,BSOFT,27-Jun-2024,750.0,CE,0.0,0.0,0.0,18.2,6.45,0,0.0,0,0,06-MAY-2024,
OPTSTK,BSOFT,27-Jun-2024,760.0,CE,0.0,0.0,0.0,15.0,5.45,0,0.0,3000,0,06-MAY-2024,
OPTSTK,BSOFT,27-Jun-2024,780.0,CE,0.0,0.0,0.0,50.3,3.85,0,0.0,0,0,06-MAY-2024,
OPTSTK,BSOFT,27-Jun-2024,800.0,CE,6.0,6.0,6.0,6.0,2.7,1,8.06,2000,0,06-MAY-2024,
OPTSTK,BSOFT,27-Jun-2024,520.0,PE,4.2,7.45,4.2,7.45,5.2,10,52.56,13000,9000,06-MAY-2024,
OPTSTK,BSOFT,27-Jun-2024,540.0,PE,6.85,11.9,6.85,11.9,11.9,14,76.97,14000,9000,06-MAY-2024,
OPTSTK,BSOFT,27-Jun-2024,550.0,PE,0.0,0.0,0.0,6.7,10.55,0,0.0,0,0,06-MAY-2024,
OPTSTK,BSOFT,27-Jun-2024,560.0,PE,0.0,0.0,0.0,4.2,13.0,0,0.0,0,0,06-MAY-2024,
OPTSTK,BSOFT,27-Jun-2024,570.0,PE,0.0,0.0,0.0,10.15,15.8,0,0.0,0,0,06-MAY-2024,
OPTSTK,BSOFT,27-Jun-2024,580.0,PE,0.0,0.0,0.0,13.05,19.0,0,0.0,2000,0,06-MAY-2024,
OPTSTK,BSOFT,27-Jun-2024,590.0,PE,0.0,0.0,0.0,15.0,22.6,0,0.0,8000,0,06-MAY-2024,
OPTSTK,BSOFT,27-Jun-2024,600.0,PE,27.5,32.0,27.5,30.2,26.6,27,169.96,43000,18000,06-MAY-2024,
OPTSTK,BSOFT,27-Jun-2024,610.0,PE,0.0,0.0,0.0,15.0,31.05,0,0.0,2000,0,06-MAY-2024,
OPTSTK,BSOFT,27-Jun-2024,620.0,PE,0.0,0.0,0.0,17.0,35.85,0,0.0,5000,0,06-MAY-2024,
OPTSTK,BSOFT,27-Jun-2024,630.0,PE,0.0,0.0,0.0,27.7,41.1,0,0.0,0,0,06-MAY-2024,
OPTSTK,BSOFT,27-Jun-2024,640.0,PE,0.0,0.0,0.0,16.55,46.75,0,0.0,0,0,06-MAY-2024,
OPTSTK,BSOFT,27-Jun-2024,650.0,PE,0.0,0.0,0.0,38.6,52.8,0,0.0,4000,0,06-MAY-2024,
OPTSTK,BSOFT,27-Jun-2024,660.0,PE,0.0,0.0,0.0,21.75,59.2,0,0.0,0,0,06-MAY-2024,
OPTSTK,BSOFT,27-Jun-2024,670.0,PE,0.0,0.0,0.0,46.3,65.95,0,0.0,0,0,06-MAY-2024,
OPTSTK,BSOFT,27-Jun-2024,680.0,PE,0.0,0.0,0.0,27.9,73.0,0,0.0,0,0,06-MAY-2024,
OPTSTK,BSOFT,27-Jun-2024,690.0,PE,0.0,0.0,0.0,57.6,80.45,0,0.0,0,0,06-MAY-2024,
OPTSTK,BSOFT,27-Jun-2024,700.0,PE,0.0,0.0,0.0,35.1,88.1,0,0.0,0,0,06-MAY-2024,
OPTSTK,BSOFT,27-Jun-2024,710.0,PE,0.0,0.0,0.0,70.2,96.0,0,0.0,0,0,06-MAY-2024,
OPTSTK,BSOFT,27-Jun-2024,720.0,PE,0.0,0.0,0.0,43.35,104.2,0,0.0,0,0,06-MAY-2024,
OPTSTK,BSOFT,27-Jun-2024,730.0,PE,0.0,0.0,0.0,84.0,112.55,0,0.0,0,0,06-MAY-2024,
OPTSTK,BSOFT,27-Jun-2024,740.0,PE,0.0,0.0,0.0,52.7,121.15,0,0.0,0,0,06-MAY-2024,
OPTSTK,BSOFT,27-Jun-2024,750.0,PE,0.0,0.0,0.0,98.85,129.9,0,0.0,0,0,06-MAY-2024,
OPTSTK,BSOFT,27-Jun-2024,760.0,PE,0.0,0.0,0.0,63.0,138.8,0,0.0,0,0,06-MAY-2024,
OPTSTK,BSOFT,27-Jun-2024,780.0,PE,0.0,0.0,0.0,74.35,157.05,0,0.0,0,0,06-MAY-2024,
OPTSTK,BSOFT,27-Jun-2024,800.0,PE,0.0,0.0,0.0,86.65,175.65,0,0.0,0,0,06-MAY-2024,
OPTSTK,BSOFT,25-Jul-2024,520.0,CE,0.0,0.0,0.0,155.6,116.5,0,0.0,0,0,06-MAY-2024,
OPTSTK,BSOFT,25-Jul-2024,560.0,CE,0.0,0.0,0.0,123.1,86.85,0,0.0,0,0,06-MAY-2024,
OPTSTK,BSOFT,25-Jul-2024,580.0,CE,0.0,0.0,0.0,108.3,73.85,0,0.0,0,0,06-MAY-2024,
OPTSTK,BSOFT,25-Jul-2024,600.0,CE,0.0,0.0,0.0,94.5,62.2,0,0.0,0,0,06-MAY-2024,
OPTSTK,BSOFT,25-Jul-2024,620.0,CE,0.0,0.0,0.0,81.9,51.9,0,0.0,0,0,06-MAY-2024,
OPTSTK,BSOFT,25-Jul-2024,640.0,CE,0.0,0.0,0.0,70.45,42.9,0,0.0,0,0,06-MAY-2024,
OPTSTK,BSOFT,25-Jul-2024,660.0,CE,0.0,0.0,0.0,60.2,35.15,0,0.0,0,0,06-MAY-2024,
OPTSTK,BSOFT,25-Jul-2024,680.0,CE,0.0,0.0,0.0,51.05,28.55,0,0.0,0,0,06-MAY-2024,
OPTSTK,BSOFT,25-Jul-2024,700.0,CE,0.0,0.0,0.0,43.0,22.95,0,0.0,0,0,06-MAY-2024,
OPTSTK,BSOFT,25-Jul-2024,720.0,CE,0.0,0.0,0.0,36.0,18.4,0,0.0,0,0,06-MAY-2024,
OPTSTK,BSOFT,25-Jul-2024,740.0,CE,0.0,0.0,0.0,29.95,14.55,0,0.0,0,0,06-MAY-2024,
OPTSTK,BSOFT,25-Jul-2024,760.0,CE,0.0,0.0,0.0,24.85,11.5,0,0.0,0,0,06-MAY-2024,
OPTSTK,BSOFT,25-Jul-2024,800.0,CE,0.0,0.0,0.0,16.7,7.0,0,0.0,0,0,06-MAY-2024,
OPTSTK,BSOFT,25-Jul-2024,520.0,PE,0.0,0.0,0.0,6.3,9.45,0,0.0,0,0,06-MAY-2024,
OPTSTK,BSOFT,25-Jul-2024,560.0,PE,0.0,0.0,0.0,8.0,19.2,0,0.0,1000,0,06-MAY-2024,
OPTSTK,BSOFT,25-Jul-2024,580.0,PE,0.0,0.0,0.0,17.85,25.9,0,0.0,0,0,06-MAY-2024,
OPTSTK,BSOFT,25-Jul-2024,600.0,PE,0.0,0.0,0.0,18.0,33.95,0,0.0,2000,0,06-MAY-2024,
OPTSTK,BSOFT,25-Jul-2024,620.0,PE,0.0,0.0,0.0,30.75,43.3,0,0.0,0,0,06-MAY-2024,
OPTSTK,BSOFT,25-Jul-2024,640.0,PE,0.0,0.0,0.0,38.95,54.0,0,0.0,0,0,06-MAY-2024,
OPTSTK,BSOFT,25-Jul-2024,660.0,PE,0.0,0.0,0.0,48.3,65.9,0,0.0,0,0,06-MAY-2024,
OPTSTK,BSOFT,25-Jul-2024,680.0,PE,0.0,0.0,0.0,58.8,79.0,0,0.0,0,0,06-MAY-2024,
OPTSTK,BSOFT,25-Jul-2024,700.0,PE,0.0,0.0,0.0,70.45,93.1,0,0.0,0,0,06-MAY-2024,
OPTSTK,BSOFT,25-Jul-2024,720.0,PE,0.0,0.0,0.0,83.05,108.2,0,0.0,0,0,06-MAY-2024,
OPTSTK,BSOFT,25-Jul-2024,740.0,PE,0.0,0.0,0.0,96.65,124.1,0,0.0,0,0,06-MAY-2024,
OPTSTK,BSOFT,25-Jul-2024,760.0,PE,0.0,0.0,0.0,111.15,140.65,0,0.0,0,0,06-MAY-2024,
OPTSTK,BSOFT,25-Jul-2024,800.0,PE,0.0,0.0,0.0,142.3,175.55,0,0.0,0,0,06-MAY-2024,
OPTSTK,CANBK,30-May-2024,500.0,CE,110.45,110.45,93.6,96.0,95.15,8,64.76,137700,0,06-MAY-2024,
OPTSTK,CANBK,30-May-2024,510.0,CE,0.0,0.0,0.0,81.8,85.8,0,0.0,0,0,06-MAY-2024,
OPTSTK,CANBK,30-May-2024,520.0,CE,0.0,0.0,0.0,84.45,76.7,0,0.0,13500,0,06-MAY-2024,
OPTSTK,CANBK,30-May-2024,530.0,CE,0.0,0.0,0.0,75.85,67.95,0,0.0,24300,0,06-MAY-2024,
OPTSTK,CANBK,30-May-2024,540.0,CE,0.0,0.0,0.0,63.0,59.6,0,0.0,0,0,06-MAY-2024,
OPTSTK,CANBK,30-May-2024,550.0,CE,61.6,61.6,50.0,52.95,52.95,102,832.16,375300,74250,06-MAY-2024,
OPTSTK,CANBK,30-May-2024,560.0,CE,56.85,56.85,42.7,45.1,45.1,408,3354.32,733050,333450,06-MAY-2024,
OPTSTK,CANBK,30-May-2024,570.0,CE,45.1,47.0,36.05,38.5,38.5,297,2446.57,376650,187650,06-MAY-2024,
OPTSTK,CANBK,30-May-2024,580.0,CE,40.55,41.95,29.7,32.15,32.15,1286,10674.57,1067850,-54000,06-MAY-2024,
OPTSTK,CANBK,30-May-2024,590.0,CE,32.25,35.0,24.3,26.55,26.55,2151,17927.87,1312200,486000,06-MAY-2024,
OPTSTK,CANBK,30-May-2024,600.0,CE,38.95,38.95,19.55,21.6,21.6,6156,51766.38,3276450,1698300,06-MAY-2024,
OPTSTK,CANBK,30-May-2024,610.0,CE,30.1,30.2,15.65,17.65,17.65,3844,32647.03,1432350,656100,06-MAY-2024,
OPTSTK,CANBK,30-May-2024,620.0,CE,29.25,29.25,12.6,14.2,14.2,5079,43582.83,2652750,479250,06-MAY-2024,
OPTSTK,CANBK,30-May-2024,630.0,CE,24.5,24.5,9.95,11.4,11.4,3808,33040.23,2393550,257850,06-MAY-2024,
OPTSTK,CANBK,30-May-2024,640.0,CE,20.0,20.15,2.35,9.0,9.0,3325,29170.93,1871100,148500,06-MAY-2024,
OPTSTK,CANBK,30-May-2024,650.0,CE,16.0,16.0,6.15,7.25,7.25,6222,55257.84,3481650,152550,06-MAY-2024,
OPTSTK,CANBK,30-May-2024,660.0,CE,10.4,10.55,4.7,5.6,5.6,2126,19113.02,1382400,-113400,06-MAY-2024,
OPTSTK,CANBK,30-May-2024,670.0,CE,8.1,8.1,3.65,4.4,4.4,1339,12196.83,831600,10800,06-MAY-2024,
OPTSTK,CANBK,30-May-2024,680.0,CE,7.35,7.6,2.8,3.5,3.5,2042,18845.56,1462050,-553500,06-MAY-2024,
OPTSTK,CANBK,30-May-2024,690.0,CE,4.55,4.6,2.2,2.7,2.7,327,3058.79,189000,152550,06-MAY-2024,
OPTSTK,CANBK,30-May-2024,700.0,CE,5.0,5.0,1.8,2.15,2.15,3824,36258.76,3572100,-525150,06-MAY-2024,
OPTSTK,CANBK,30-May-2024,500.0,PE,0.65,2.2,0.05,1.15,1.15,1268,8581.2,816750,-276750,06-MAY-2024,
OPTSTK,CANBK,30-May-2024,510.0,PE,0.0,0.0,0.0,18.05,1.6,0,0.0,0,0,06-MAY-2024,
OPTSTK,CANBK,30-May-2024,520.0,PE,1.4,3.7,0.9,2.85,2.85,479,3379.58,502200,51300,06-MAY-2024,
OPTSTK,CANBK,30-May-2024,530.0,PE,1.6,4.9,1.6,3.9,3.9,556,4005.54,445500,-17550,06-MAY-2024,
OPTSTK,CANBK,30-May-2024,540.0,PE,2.4,6.5,2.3,5.35,5.35,1420,10448.8,818100,-153900,06-MAY-2024,
OPTSTK,CANBK,30-May-2024,550.0,PE,2.7,8.5,2.7,7.35,7.35,2531,19019.82,1767150,112050,06-MAY-2024,
OPTSTK,CANBK,30-May-2024,560.0,PE,3.8,11.1,3.8,9.7,9.7,1641,12606.09,885600,-125550,06-MAY-2024,
OPTSTK,CANBK,30-May-2024,570.0,PE,5.4,14.35,5.4,12.75,12.75,1582,12412.63,1648350,105300,06-MAY-2024,
OPTSTK,CANBK,30-May-2024,580.0,PE,6.45,18.25,6.45,16.55,16.55,2360,18958.24,1773900,342900,06-MAY-2024,
OPTSTK,CANBK,30-May-2024,590.0,PE,9.85,23.25,9.6,20.9,20.9,2237,18414.47,1587600,502200,06-MAY-2024,
OPTSTK,CANBK,30-May-2024,600.0,PE,11.15,28.3,11.15,26.15,26.15,4030,33911.94,3445200,608850,06-MAY-2024,
OPTSTK,CANBK,30-May-2024,610.0,PE,17.15,34.4,16.0,32.2,32.2,628,5399.1,878850,82350,06-MAY-2024,
OPTSTK,CANBK,30-May-2024,620.0,PE,18.95,40.9,18.95,38.75,38.75,1419,12541.23,1379700,-334800,06-MAY-2024,
OPTSTK,CANBK,30-May-2024,630.0,PE,23.8,48.05,23.8,45.6,45.6,558,5044.76,761400,-20250,06-MAY-2024,
OPTSTK,CANBK,30-May-2024,640.0,PE,34.2,56.0,34.2,53.15,53.15,215,2008.48,448200,-86400,06-MAY-2024,
OPTSTK,CANBK,30-May-2024,650.0,PE,52.5,64.05,51.2,60.95,60.95,42,401.89,972000,4050,06-MAY-2024,
OPTSTK,CANBK,30-May-2024,660.0,PE,59.05,71.7,59.05,70.2,70.2,39,382.48,268650,28350,06-MAY-2024,
OPTSTK,CANBK,30-May-2024,670.0,PE,68.05,80.85,68.05,74.15,78.9,17,171.3,195750,16200,06-MAY-2024,
OPTSTK,CANBK,30-May-2024,680.0,PE,71.5,89.3,71.5,89.3,87.9,38,391.43,171450,32400,06-MAY-2024,
OPTSTK,CANBK,30-May-2024,690.0,PE,85.85,94.65,85.85,94.65,97.1,8,84.26,28350,9450,06-MAY-2024,
OPTSTK,CANBK,30-May-2024,700.0,PE,85.7,108.15,85.7,106.5,106.5,24,259.44,344250,10800,06-MAY-2024,
OPTSTK,CANBK,27-Jun-2024,510.0,CE,0.0,0.0,0.0,117.95,93.1,0,0.0,0,0,06-MAY-2024,
OPTSTK,CANBK,27-Jun-2024,520.0,CE,0.0,0.0,0.0,86.85,84.95,0,0.0,0,0,06-MAY-2024,
OPTSTK,CANBK,27-Jun-2024,530.0,CE,0.0,0.0,0.0,101.15,77.2,0,0.0,0,0,06-MAY-2024,
OPTSTK,CANBK,27-Jun-2024,540.0,CE,0.0,0.0,0.0,73.5,69.8,0,0.0,0,0,06-MAY-2024,
OPTSTK,CANBK,27-Jun-2024,550.0,CE,0.0,0.0,0.0,85.55,62.75,0,0.0,0,0,06-MAY-2024,
OPTSTK,CANBK,27-Jun-2024,560.0,CE,0.0,0.0,0.0,61.6,56.2,0,0.0,0,0,06-MAY-2024,
OPTSTK,CANBK,27-Jun-2024,570.0,CE,0.0,0.0,0.0,71.25,50.05,0,0.0,0,0,06-MAY-2024,
OPTSTK,CANBK,27-Jun-2024,580.0,CE,0.0,0.0,0.0,51.05,44.4,0,0.0,0,0,06-MAY-2024,
OPTSTK,CANBK,27-Jun-2024,590.0,CE,45.85,45.85,45.85,45.85,39.15,2,17.16,2700,2700,06-MAY-2024,
OPTSTK,CANBK,27-Jun-2024,600.0,CE,44.0,45.7,39.1,41.25,41.25,88,762.04,66150,58050,06-MAY-2024,
OPTSTK,CANBK,27-Jun-2024,610.0,CE,38.05,39.8,38.05,39.8,30.0,2,17.52,4050,2700,06-MAY-2024,
OPTSTK,CANBK,27-Jun-2024,620.0,CE,44.45,44.45,31.25,32.25,32.25,75,662.91,105300,59400,06-MAY-2024,
OPTSTK,CANBK,27-Jun-2024,630.0,CE,38.85,38.85,27.15,29.9,22.55,22,196.08,28350,8100,06-MAY-2024,
OPTSTK,CANBK,27-Jun-2024,640.0,CE,30.9,30.9,23.35,23.35,23.35,24,215.77,28350,12150,06-MAY-2024,
OPTSTK,CANBK,27-Jun-2024,650.0,CE,25.35,25.35,20.6,22.05,22.05,13,118.01,16200,6750,06-MAY-2024,
OPTSTK,CANBK,27-Jun-2024,660.0,CE,22.7,22.75,17.9,18.25,14.25,21,192.57,51300,18900,06-MAY-2024,
OPTSTK,CANBK,27-Jun-2024,670.0,CE,0.0,0.0,0.0,26.0,12.1,0,0.0,1350,0,06-MAY-2024,
OPTSTK,CANBK,27-Jun-2024,680.0,CE,13.2,16.2,13.0,16.2,16.2,15,140.61,14850,14850,06-MAY-2024,
OPTSTK,CANBK,27-Jun-2024,690.0,CE,0.0,0.0,0.0,17.6,8.6,0,0.0,0,0,06-MAY-2024,
OPTSTK,CANBK,27-Jun-2024,700.0,CE,17.65,17.65,10.0,11.6,11.6,104,999.46,149850,24300,06-MAY-2024,
OPTSTK,CANBK,27-Jun-2024,510.0,PE,0.0,0.0,0.0,4.7,6.05,0,0.0,0,0,06-MAY-2024,
OPTSTK,CANBK,27-Jun-2024,520.0,PE,0.0,0.0,0.0,16.5,7.8,0,0.0,0,0,06-MAY-2024,
OPTSTK,CANBK,27-Jun-2024,530.0,PE,14.0,14.0,14.0,14.0,9.9,1,7.34,1350,1350,06-MAY-2024,
OPTSTK,CANBK,27-Jun-2024,540.0,PE,17.3,18.6,15.75,18.6,18.6,40,300.93,54000,52650,06-MAY-2024,
OPTSTK,CANBK,27-Jun-2024,550.0,PE,20.0,21.0,20.0,21.0,15.3,2,15.4,2700,2700,06-MAY-2024,
OPTSTK,CANBK,27-Jun-2024,560.0,PE,13.0,25.4,13.0,25.0,18.6,43,338.71,74250,22950,06-MAY-2024,
OPTSTK,CANBK,27-Jun-2024,570.0,PE,25.0,28.95,25.0,28.95,28.95,10,80.72,22950,13500,06-MAY-2024,
OPTSTK,CANBK,27-Jun-2024,580.0,PE,21.2,35.4,21.2,34.85,34.85,101,834.79,129600,52650,06-MAY-2024,
OPTSTK,CANBK,27-Jun-2024,590.0,PE,0.0,0.0,0.0,24.3,31.25,0,0.0,0,0,06-MAY-2024,
OPTSTK,CANBK,27-Jun-2024,600.0,PE,27.25,46.0,27.25,45.65,45.65,133,1152.95,130950,79650,06-MAY-2024,
OPTSTK,CANBK,27-Jun-2024,610.0,PE,45.3,45.3,45.3,45.3,41.95,1,8.84,4050,1350,06-MAY-2024,
OPTSTK,CANBK,27-Jun-2024,620.0,PE,46.35,55.4,46.35,55.4,47.9,5,45.2,29700,2700,06-MAY-2024,
OPTSTK,CANBK,27-Jun-2024,630.0,PE,0.0,0.0,0.0,43.0,54.3,0,0.0,0,0,06-MAY-2024,
OPTSTK,CANBK,27-Jun-2024,640.0,PE,0.0,0.0,0.0,50.0,61.05,0,0.0,4050,0,06-MAY-2024,
OPTSTK,CANBK,27-Jun-2024,650.0,PE,0.0,0.0,0.0,54.7,68.15,0,0.0,0,0,06-MAY-2024,
OPTSTK,CANBK,27-Jun-2024,660.0,PE,0.0,0.0,0.0,89.0,75.65,0,0.0,0,0,06-MAY-2024,
OPTSTK,CANBK,27-Jun-2024,670.0,PE,0.0,0.0,0.0,67.75,83.4,0,0.0,0,0,06-MAY-2024,
OPTSTK,CANBK,27-Jun-2024,680.0,PE,0.0,0.0,0.0,104.1,91.4,0,0.0,0,0,06-MAY-2024,
OPTSTK,CANBK,27-Jun-2024,690.0,PE,0.0,0.0,0.0,82.1,99.7,0,0.0,0,0,06-MAY-2024,
OPTSTK,CANBK,27-Jun-2024,700.0,PE,0.0,0.0,0.0,120.0,108.2,0,0.0,0,0,06-MAY-2024,
OPTSTK,CANBK,25-Jul-2024,520.0,CE,0.0,0.0,0.0,116.1,92.7,0,0.0,0,0,06-MAY-2024,
OPTSTK,CANBK,25-Jul-2024,540.0,CE,0.0,0.0,0.0,100.8,78.5,0,0.0,0,0,06-MAY-2024,
OPTSTK,CANBK,25-Jul-2024,560.0,CE,0.0,0.0,0.0,86.7,65.65,0,0.0,0,0,06-MAY-2024,
OPTSTK,CANBK,25-Jul-2024,580.0,CE,0.0,0.0,0.0,73.85,54.3,0,0.0,0,0,06-MAY-2024,
OPTSTK,CANBK,25-Jul-2024,600.0,CE,0.0,0.0,0.0,62.3,44.35,0,0.0,0,0,06-MAY-2024,
OPTSTK,CANBK,25-Jul-2024,620.0,CE,0.0,0.0,0.0,52.05,35.85,0,0.0,0,0,06-MAY-2024,
OPTSTK,CANBK,25-Jul-2024,640.0,CE,0.0,0.0,0.0,43.1,28.65,0,0.0,0,0,06-MAY-2024,
OPTSTK,CANBK,25-Jul-2024,660.0,CE,0.0,0.0,0.0,35.4,22.65,0,0.0,0,0,06-MAY-2024,
OPTSTK,CANBK,25-Jul-2024,680.0,CE,0.0,0.0,0.0,28.8,17.75,0,0.0,0,0,06-MAY-2024,
OPTSTK,CANBK,25-Jul-2024,720.0,CE,0.0,0.0,0.0,18.7,10.6,0,0.0,0,0,06-MAY-2024,
OPTSTK,CANBK,25-Jul-2024,520.0,PE,0.0,0.0,0.0,9.85,12.65,0,0.0,0,0,06-MAY-2024,
OPTSTK,CANBK,25-Jul-2024,540.0,PE,0.0,0.0,0.0,14.2,18.15,0,0.0,0,0,06-MAY-2024,
OPTSTK,CANBK,25-Jul-2024,560.0,PE,0.0,0.0,0.0,19.75,25.0,0,0.0,0,0,06-MAY-2024,
OPTSTK,CANBK,25-Jul-2024,580.0,PE,0.0,0.0,0.0,26.5,33.3,0,0.0,0,0,06-MAY-2024,
OPTSTK,CANBK,25-Jul-2024,600.0,PE,0.0,0.0,0.0,34.6,43.05,0,0.0,0,0,06-MAY-2024,
OPTSTK,CANBK,25-Jul-2024,620.0,PE,0.0,0.0,0.0,44.0,54.25,0,0.0,0,0,06-MAY-2024,
OPTSTK,CANBK,25-Jul-2024,640.0,PE,0.0,0.0,0.0,54.7,66.75,0,0.0,0,0,06-MAY-2024,
OPTSTK,CANBK,25-Jul-2024,660.0,PE,0.0,0.0,0.0,66.65,80.4,0,0.0,0,0,06-MAY-2024,
OPTSTK,CANBK,25-Jul-2024,680.0,PE,0.0,0.0,0.0,79.7,95.2,0,0.0,0,0,06-MAY-2024,
OPTSTK,CANBK,25-Jul-2024,720.0,PE,0.0,0.0,0.0,108.85,127.4,0,0.0,0,0,06-MAY-2024,
OPTSTK,CANFINHOME,30-May-2024,640.0,CE,0.0,0.0,0.0,113.4,123.6,0,0.0,975,0,06-MAY-2024,
OPTSTK,CANFINHOME,30-May-2024,660.0,CE,0.0,0.0,0.0,95.85,104.9,0,0.0,975,0,06-MAY-2024,
OPTSTK,CANFINHOME,30-May-2024,680.0,CE,0.0,0.0,0.0,91.5,87.05,0,0.0,3900,0,06-MAY-2024,
OPTSTK,CANFINHOME,30-May-2024,690.0,CE,0.0,0.0,0.0,77.55,78.6,0,0.0,1950,0,06-MAY-2024,
OPTSTK,CANFINHOME,30-May-2024,700.0,CE,71.15,74.0,71.15,74.0,70.55,17,128.26,28275,7800,06-MAY-2024,
OPTSTK,CANFINHOME,30-May-2024,710.0,CE,0.0,0.0,0.0,68.6,62.85,0,0.0,5850,0,06-MAY-2024,
OPTSTK,CANFINHOME,30-May-2024,720.0,CE,0.0,0.0,0.0,60.0,55.6,0,0.0,975,0,06-MAY-2024,
OPTSTK,CANFINHOME,30-May-2024,730.0,CE,50.5,50.95,45.7,45.7,48.85,17,129.02,14625,-2925,06-MAY-2024,
OPTSTK,CANFINHOME,30-May-2024,740.0,CE,46.3,46.3,46.3,46.3,42.6,2,15.33,48750,-975,06-MAY-2024,
OPTSTK,CANFINHOME,30-May-2024,750.0,CE,37.0,38.85,32.0,32.9,32.9,22,168.38,158925,5850,06-MAY-2024,
OPTSTK,CANFINHOME,30-May-2024,760.0,CE,28.15,33.95,26.45,28.2,28.2,56,431.15,135525,15600,06-MAY-2024,
OPTSTK,CANFINHOME,30-May-2024,770.0,CE,31.0,31.0,22.7,23.2,23.2,76,589.82,139425,28275,06-MAY-2024,
OPTSTK,CANFINHOME,30-May-2024,780.0,CE,24.9,26.0,19.0,19.7,19.7,270,2110.43,405600,4875,06-MAY-2024,
OPTSTK,CANFINHOME,30-May-2024,790.0,CE,20.6,20.6,15.2,15.9,15.9,62,488.38,109200,3900,06-MAY-2024,
OPTSTK,CANFINHOME,30-May-2024,800.0,CE,17.55,17.55,12.5,13.2,13.2,360,2858.53,548925,-33150,06-MAY-2024,
OPTSTK,CANFINHOME,30-May-2024,810.0,CE,10.2,13.0,10.2,10.8,10.8,22,176.25,70200,-1950,06-MAY-2024,
OPTSTK,CANFINHOME,30-May-2024,820.0,CE,9.95,10.3,7.9,8.55,8.55,66,533.68,115050,-1950,06-MAY-2024,
OPTSTK,CANFINHOME,30-May-2024,830.0,CE,8.0,8.2,6.35,6.6,6.6,141,1151.33,185250,86775,06-MAY-2024,
OPTSTK,CANFINHOME,30-May-2024,840.0,CE,6.5,6.5,5.0,5.5,7.1,27,222.64,60450,14625,06-MAY-2024,
OPTSTK,CANFINHOME,30-May-2024,850.0,CE,5.0,5.5,4.0,4.2,4.2,182,1516.58,234975,1950,06-MAY-2024,
OPTSTK,CANFINHOME,30-May-2024,860.0,CE,4.85,4.85,3.1,3.15,3.15,84,707.47,150150,11700,06-MAY-2024,
OPTSTK,CANFINHOME,30-May-2024,880.0,CE,0.0,0.0,0.0,30.6,2.8,0,0.0,0,0,06-MAY-2024,
OPTSTK,CANFINHOME,30-May-2024,900.0,CE,2.1,2.1,1.4,1.5,1.5,237,2083.47,441675,79950,06-MAY-2024,
OPTSTK,CANFINHOME,30-May-2024,920.0,CE,1.0,1.0,0.65,0.7,0.7,57,511.71,280800,1950,06-MAY-2024,
OPTSTK,CANFINHOME,30-May-2024,640.0,PE,0.8,1.0,0.75,0.8,0.8,24,149.95,117975,0,06-MAY-2024,
OPTSTK,CANFINHOME,30-May-2024,660.0,PE,1.5,1.5,1.0,1.45,2.3,62,399.63,210600,-24375,06-MAY-2024,
OPTSTK,CANFINHOME,30-May-2024,670.0,PE,0.0,0.0,0.0,1.75,3.2,0,0.0,64350,0,06-MAY-2024,
OPTSTK,CANFINHOME,30-May-2024,680.0,PE,2.0,3.0,2.0,2.65,2.65,104,691.93,312975,8775,06-MAY-2024,
OPTSTK,CANFINHOME,30-May-2024,690.0,PE,2.6,4.25,2.6,3.8,3.8,60,405.71,106275,-13650,06-MAY-2024,
OPTSTK,CANFINHOME,30-May-2024,700.0,PE,4.1,5.8,3.6,5.3,5.3,271,1862.04,547950,13650,06-MAY-2024,
OPTSTK,CANFINHOME,30-May-2024,710.0,PE,6.3,7.35,5.4,7.1,7.1,14,97.79,25350,-6825,06-MAY-2024,
OPTSTK,CANFINHOME,30-May-2024,720.0,PE,7.25,9.95,7.25,9.75,9.75,119,844.84,126750,-35100,06-MAY-2024,
OPTSTK,CANFINHOME,30-May-2024,730.0,PE,9.6,13.0,9.25,12.55,12.55,48,346.8,120900,-1950,06-MAY-2024,
OPTSTK,CANFINHOME,30-May-2024,740.0,PE,11.0,17.0,11.0,16.35,16.35,63,463.51,94575,975,06-MAY-2024,
OPTSTK,CANFINHOME,30-May-2024,750.0,PE,16.25,21.0,15.65,20.0,20.0,105,786.94,271050,-16575,06-MAY-2024,
OPTSTK,CANFINHOME,30-May-2024,760.0,PE,21.0,26.0,19.8,25.35,25.35,47,358.82,55575,2925,06-MAY-2024,
OPTSTK,CANFINHOME,30-May-2024,770.0,PE,25.45,31.45,23.05,30.9,30.9,51,396.87,76050,-2925,06-MAY-2024,
OPTSTK,CANFINHOME,30-May-2024,780.0,PE,35.5,38.0,30.0,37.05,37.05,7,55.66,77025,-975,06-MAY-2024,
OPTSTK,CANFINHOME,30-May-2024,790.0,PE,0.0,0.0,0.0,33.1,45.95,0,0.0,27300,0,06-MAY-2024,
OPTSTK,CANFINHOME,30-May-2024,800.0,PE,47.8,49.6,45.05,45.05,52.7,14,115.78,96525,-8775,06-MAY-2024,
OPTSTK,CANFINHOME,30-May-2024,810.0,PE,0.0,0.0,0.0,46.8,59.85,0,0.0,14625,0,06-MAY-2024,
OPTSTK,CANFINHOME,30-May-2024,820.0,PE,0.0,0.0,0.0,59.9,67.45,0,0.0,4875,0,06-MAY-2024,
OPTSTK,CANFINHOME,30-May-2024,830.0,PE,0.0,0.0,0.0,61.25,75.4,0,0.0,9750,0,06-MAY-2024,
OPTSTK,CANFINHOME,30-May-2024,840.0,PE,76.5,82.5,76.5,82.5,82.5,3,26.92,7800,-1950,06-MAY-2024,
OPTSTK,CANFINHOME,30-May-2024,850.0,PE,0.0,0.0,0.0,85.0,92.2,0,0.0,8775,0,06-MAY-2024,
OPTSTK,CANFINHOME,30-May-2024,860.0,PE,0.0,0.0,0.0,86.4,101.0,0,0.0,8775,0,06-MAY-2024,
OPTSTK,CANFINHOME,30-May-2024,880.0,PE,0.0,0.0,0.0,120.2,119.2,0,0.0,0,0,06-MAY-2024,
OPTSTK,CANFINHOME,27-Jun-2024,640.0,CE,0.0,0.0,0.0,137.4,131.4,0,0.0,0,0,06-MAY-2024,
OPTSTK,CANFINHOME,27-Jun-2024,660.0,CE,0.0,0.0,0.0,122.25,114.5,0,0.0,0,0,06-MAY-2024,
OPTSTK,CANFINHOME,27-Jun-2024,680.0,CE,0.0,0.0,0.0,108.05,98.6,0,0.0,0,0,06-MAY-2024,
OPTSTK,CANFINHOME,27-Jun-2024,690.0,CE,0.0,0.0,0.0,85.25,91.1,0,0.0,0,0,06-MAY-2024,
OPTSTK,CANFINHOME,27-Jun-2024,700.0,CE,0.0,0.0,0.0,94.85,83.9,0,0.0,0,0,06-MAY-2024,
OPTSTK,CANFINHOME,27-Jun-2024,710.0,CE,0.0,0.0,0.0,72.45,77.0,0,0.0,0,0,06-MAY-2024,
OPTSTK,CANFINHOME,27-Jun-2024,720.0,CE,0.0,0.0,0.0,82.75,70.5,0,0.0,0,0,06-MAY-2024,
OPTSTK,CANFINHOME,27-Jun-2024,730.0,CE,0.0,0.0,0.0,60.95,64.3,0,0.0,0,0,06-MAY-2024,
OPTSTK,CANFINHOME,27-Jun-2024,740.0,CE,0.0,0.0,0.0,71.75,58.5,0,0.0,0,0,06-MAY-2024,
OPTSTK,CANFINHOME,27-Jun-2024,750.0,CE,0.0,0.0,0.0,50.75,53.05,0,0.0,0,0,06-MAY-2024,
OPTSTK,CANFINHOME,27-Jun-2024,760.0,CE,0.0,0.0,0.0,49.1,47.95,0,0.0,975,0,06-MAY-2024,
OPTSTK,CANFINHOME,27-Jun-2024,770.0,CE,0.0,0.0,0.0,41.85,43.2,0,0.0,0,0,06-MAY-2024,
OPTSTK,CANFINHOME,27-Jun-2024,780.0,CE,0.0,0.0,0.0,43.0,38.8,0,0.0,975,0,06-MAY-2024,
OPTSTK,CANFINHOME,27-Jun-2024,790.0,CE,0.0,0.0,0.0,34.15,34.7,0,0.0,0,0,06-MAY-2024,
OPTSTK,CANFINHOME,27-Jun-2024,800.0,CE,39.45,39.45,32.0,37.3,31.0,27,219.96,47775,6825,06-MAY-2024,
OPTSTK,CANFINHOME,27-Jun-2024,810.0,CE,0.0,0.0,0.0,27.6,27.6,0,0.0,0,0,06-MAY-2024,
OPTSTK,CANFINHOME,27-Jun-2024,820.0,CE,0.0,0.0,0.0,38.15,24.45,0,0.0,0,0,06-MAY-2024,
OPTSTK,CANFINHOME,27-Jun-2024,830.0,CE,0.0,0.0,0.0,22.15,21.65,0,0.0,0,0,06-MAY-2024,
OPTSTK,CANFINHOME,27-Jun-2024,840.0,CE,0.0,0.0,0.0,32.1,19.15,0,0.0,0,0,06-MAY-2024,
OPTSTK,CANFINHOME,27-Jun-2024,850.0,CE,21.0,21.0,21.0,21.0,16.85,1,8.49,975,975,06-MAY-2024,
OPTSTK,CANFINHOME,27-Jun-2024,860.0,CE,0.0,0.0,0.0,26.9,14.75,0,0.0,0,0,06-MAY-2024,
OPTSTK,CANFINHOME,27-Jun-2024,880.0,CE,0.0,0.0,0.0,22.45,11.25,0,0.0,0,0,06-MAY-2024,
OPTSTK,CANFINHOME,27-Jun-2024,640.0,PE,0.0,0.0,0.0,13.0,5.25,0,0.0,0,0,06-MAY-2024,
OPTSTK,CANFINHOME,27-Jun-2024,660.0,PE,0.0,0.0,0.0,17.5,8.15,0,0.0,0,0,06-MAY-2024,
OPTSTK,CANFINHOME,27-Jun-2024,680.0,PE,0.0,0.0,0.0,22.95,12.05,0,0.0,0,0,06-MAY-2024,
OPTSTK,CANFINHOME,27-Jun-2024,690.0,PE,0.0,0.0,0.0,21.2,14.45,0,0.0,0,0,06-MAY-2024,
OPTSTK,CANFINHOME,27-Jun-2024,700.0,PE,17.0,24.0,15.0,24.0,24.0,22,154.29,38025,16575,06-MAY-2024,
OPTSTK,CANFINHOME,27-Jun-2024,710.0,PE,0.0,0.0,0.0,28.15,20.15,0,0.0,0,0,06-MAY-2024,
OPTSTK,CANFINHOME,27-Jun-2024,720.0,PE,0.0,0.0,0.0,36.95,23.5,0,0.0,0,0,06-MAY-2024,
OPTSTK,CANFINHOME,27-Jun-2024,730.0,PE,0.0,0.0,0.0,36.4,27.25,0,0.0,0,0,06-MAY-2024,
OPTSTK,CANFINHOME,27-Jun-2024,740.0,PE,0.0,0.0,0.0,45.6,31.3,0,0.0,0,0,06-MAY-2024,
OPTSTK,CANFINHOME,27-Jun-2024,750.0,PE,37.7,44.5,37.7,44.5,44.5,2,15.42,2925,0,06-MAY-2024,
OPTSTK,CANFINHOME,27-Jun-2024,760.0,PE,0.0,0.0,0.0,37.7,40.55,0,0.0,11700,0,06-MAY-2024,
OPTSTK,CANFINHOME,27-Jun-2024,770.0,PE,0.0,0.0,0.0,56.8,45.7,0,0.0,0,0,06-MAY-2024,
OPTSTK,CANFINHOME,27-Jun-2024,780.0,PE,0.0,0.0,0.0,66.05,51.2,0,0.0,0,0,06-MAY-2024,
OPTSTK,CANFINHOME,27-Jun-2024,790.0,PE,0.0,0.0,0.0,68.85,57.05,0,0.0,0,0,06-MAY-2024,
OPTSTK,CANFINHOME,27-Jun-2024,800.0,PE,0.0,0.0,0.0,77.8,63.2,0,0.0,0,0,06-MAY-2024,
OPTSTK,CANFINHOME,27-Jun-2024,810.0,PE,0.0,0.0,0.0,82.05,69.7,0,0.0,0,0,06-MAY-2024,
OPTSTK,CANFINHOME,27-Jun-2024,820.0,PE,0.0,0.0,0.0,90.55,76.45,0,0.0,0,0,06-MAY-2024,
OPTSTK,CANFINHOME,27-Jun-2024,830.0,PE,0.0,0.0,0.0,96.35,83.55,0,0.0,0,0,06-MAY-2024,
OPTSTK,CANFINHOME,27-Jun-2024,840.0,PE,0.0,0.0,0.0,104.15,90.9,0,0.0,0,0,06-MAY-2024,
OPTSTK,CANFINHOME,27-Jun-2024,850.0,PE,0.0,0.0,0.0,111.55,98.55,0,0.0,0,0,06-MAY-2024,
OPTSTK,CANFINHOME,27-Jun-2024,860.0,PE,0.0,0.0,0.0,118.6,106.35,0,0.0,0,0,06-MAY-2024,
OPTSTK,CANFINHOME,27-Jun-2024,880.0,PE,0.0,0.0,0.0,133.75,122.65,0,0.0,0,0,06-MAY-2024,
OPTSTK,CANFINHOME,25-Jul-2024,640.0,CE,0.0,0.0,0.0,131.15,139.55,0,0.0,0,0,06-MAY-2024,
OPTSTK,CANFINHOME,25-Jul-2024,660.0,CE,0.0,0.0,0.0,116.35,123.75,0,0.0,0,0,06-MAY-2024,
OPTSTK,CANFINHOME,25-Jul-2024,680.0,CE,0.0,0.0,0.0,102.45,108.95,0,0.0,0,0,06-MAY-2024,
OPTSTK,CANFINHOME,25-Jul-2024,700.0,CE,0.0,0.0,0.0,89.65,95.1,0,0.0,0,0,06-MAY-2024,
OPTSTK,CANFINHOME,25-Jul-2024,720.0,CE,0.0,0.0,0.0,77.95,82.45,0,0.0,0,0,06-MAY-2024,
OPTSTK,CANFINHOME,25-Jul-2024,740.0,CE,0.0,0.0,0.0,67.35,70.9,0,0.0,0,0,06-MAY-2024,
OPTSTK,CANFINHOME,25-Jul-2024,760.0,CE,0.0,0.0,0.0,57.8,60.55,0,0.0,0,0,06-MAY-2024,
OPTSTK,CANFINHOME,25-Jul-2024,780.0,CE,0.0,0.0,0.0,49.3,51.3,0,0.0,0,0,06-MAY-2024,
OPTSTK,CANFINHOME,25-Jul-2024,800.0,CE,0.0,0.0,0.0,41.8,43.2,0,0.0,0,0,06-MAY-2024,
OPTSTK,CANFINHOME,25-Jul-2024,820.0,CE,0.0,0.0,0.0,35.25,36.1,0,0.0,0,0,06-MAY-2024,
OPTSTK,CANFINHOME,25-Jul-2024,840.0,CE,0.0,0.0,0.0,29.55,29.95,0,0.0,0,0,06-MAY-2024,
OPTSTK,CANFINHOME,25-Jul-2024,860.0,CE,0.0,0.0,0.0,24.7,24.75,0,0.0,0,0,06-MAY-2024,
OPTSTK,CANFINHOME,25-Jul-2024,880.0,CE,0.0,0.0,0.0,20.5,20.3,0,0.0,0,0,06-MAY-2024,
OPTSTK,CANFINHOME,25-Jul-2024,640.0,PE,0.0,0.0,0.0,14.2,9.9,0,0.0,0,0,06-MAY-2024,
OPTSTK,CANFINHOME,25-Jul-2024,660.0,PE,0.0,0.0,0.0,19.05,13.75,0,0.0,0,0,06-MAY-2024,
OPTSTK,CANFINHOME,25-Jul-2024,680.0,PE,0.0,0.0,0.0,24.75,18.65,0,0.0,0,0,06-MAY-2024,
OPTSTK,CANFINHOME,25-Jul-2024,700.0,PE,0.0,0.0,0.0,31.6,24.5,0,0.0,0,0,06-MAY-2024,
OPTSTK,CANFINHOME,25-Jul-2024,720.0,PE,0.0,0.0,0.0,39.55,31.5,0,0.0,0,0,06-MAY-2024,
OPTSTK,CANFINHOME,25-Jul-2024,740.0,PE,0.0,0.0,0.0,48.6,39.65,0,0.0,0,0,06-MAY-2024,
OPTSTK,CANFINHOME,25-Jul-2024,760.0,PE,0.0,0.0,0.0,50.0,49.0,0,0.0,975,0,06-MAY-2024,
OPTSTK,CANFINHOME,25-Jul-2024,780.0,PE,0.0,0.0,0.0,69.85,59.45,0,0.0,0,0,06-MAY-2024,
OPTSTK,CANFINHOME,25-Jul-2024,800.0,PE,0.0,0.0,0.0,81.95,71.0,0,0.0,0,0,06-MAY-2024,
OPTSTK,CANFINHOME,25-Jul-2024,820.0,PE,0.0,0.0,0.0,95.05,83.55,0,0.0,0,0,06-MAY-2024,
OPTSTK,CANFINHOME,25-Jul-2024,840.0,PE,0.0,0.0,0.0,109.0,97.1,0,0.0,0,0,06-MAY-2024,
OPTSTK,CANFINHOME,25-Jul-2024,860.0,PE,0.0,0.0,0.0,123.75,111.6,0,0.0,0,0,06-MAY-2024,
OPTSTK,CANFINHOME,25-Jul-2024,880.0,PE,0.0,0.0,0.0,139.2,126.8,0,0.0,0,0,06-MAY-2024,
OPTSTK,CHAMBLFERT,30-May-2024,310.0,CE,0.0,0.0,0.0,99.35,92.65,0,0.0,1900,0,06-MAY-2024,
OPTSTK,CHAMBLFERT,30-May-2024,340.0,CE,0.0,0.0,0.0,65.65,63.6,0,0.0,13300,0,06-MAY-2024,
OPTSTK,CHAMBLFERT,30-May-2024,350.0,CE,0.0,0.0,0.0,82.05,54.4,0,0.0,5700,0,06-MAY-2024,
OPTSTK,CHAMBLFERT,30-May-2024,360.0,CE,48.25,49.6,46.75,46.75,46.75,29,224.78,49400,-11400,06-MAY-2024,
OPTSTK,CHAMBLFERT,30-May-2024,365.0,CE,0.0,0.0,0.0,47.35,41.55,0,0.0,3800,0,06-MAY-2024,
OPTSTK,CHAMBLFERT,30-May-2024,370.0,CE,38.6,43.5,37.0,40.75,37.6,11,85.63,51300,3800,06-MAY-2024,
OPTSTK,CHAMBLFERT,30-May-2024,375.0,CE,37.35,37.35,37.35,37.35,33.85,2,15.66,9500,1900,06-MAY-2024,
OPTSTK,CHAMBLFERT,30-May-2024,380.0,CE,32.75,32.75,32.0,32.45,30.3,3,23.5,51300,-1900,06-MAY-2024,
OPTSTK,CHAMBLFERT,30-May-2024,385.0,CE,27.6,27.6,27.6,27.6,26.95,1,7.83,9500,1900,06-MAY-2024,
OPTSTK,CHAMBLFERT,30-May-2024,390.0,CE,30.9,31.25,23.6,24.8,24.8,59,467.73,125400,30400,06-MAY-2024,
OPTSTK,CHAMBLFERT,30-May-2024,395.0,CE,23.6,23.6,21.85,22.15,20.95,9,71.42,85500,-3800,06-MAY-2024,
OPTSTK,CHAMBLFERT,30-May-2024,400.0,CE,23.05,26.5,17.9,19.5,19.5,383,3063.13,397100,-17100,06-MAY-2024,
OPTSTK,CHAMBLFERT,30-May-2024,405.0,CE,20.95,23.7,15.65,17.25,17.25,367,2952.54,129200,-20900,06-MAY-2024,
OPTSTK,CHAMBLFERT,30-May-2024,410.0,CE,18.75,20.65,13.65,15.0,15.0,732,5921.89,315400,34200,06-MAY-2024,
OPTSTK,CHAMBLFERT,30-May-2024,415.0,CE,15.75,18.15,11.75,13.05,13.05,743,6063.23,513000,-115900,06-MAY-2024,
OPTSTK,CHAMBLFERT,30-May-2024,420.0,CE,13.95,15.6,9.85,11.3,11.3,907,7447.63,695400,-13300,06-MAY-2024,
OPTSTK,CHAMBLFERT,30-May-2024,425.0,CE,13.0,13.65,8.7,9.7,9.7,100,827.08,178600,-1900,06-MAY-2024,
OPTSTK,CHAMBLFERT,30-May-2024,430.0,CE,9.9,11.7,7.3,8.35,8.35,508,4235.94,556700,30400,06-MAY-2024,
OPTSTK,CHAMBLFERT,30-May-2024,435.0,CE,9.75,9.75,6.35,7.0,7.0,24,201.7,121600,-9500,06-MAY-2024,
OPTSTK,CHAMBLFERT,30-May-2024,440.0,CE,7.75,8.35,5.15,6.1,6.1,246,2086.7,313500,-3800,06-MAY-2024,
OPTSTK,CHAMBLFERT,30-May-2024,445.0,CE,6.05,6.65,4.5,5.0,4.1,28,239.74,53200,-20900,06-MAY-2024,
OPTSTK,CHAMBLFERT,30-May-2024,450.0,CE,4.95,6.0,3.65,4.4,4.4,460,3972.09,579500,24700,06-MAY-2024,
OPTSTK,CHAMBLFERT,30-May-2024,455.0,CE,4.15,4.15,3.2,3.75,3.75,17,148.12,96900,-3800,06-MAY-2024,
OPTSTK,CHAMBLFERT,30-May-2024,460.0,CE,3.45,4.05,2.55,3.2,3.2,67,589.62,266000,32300,06-MAY-2024,
OPTSTK,CHAMBLFERT,30-May-2024,470.0,CE,2.55,2.75,1.9,2.25,2.25,255,2287.64,332500,-95000,06-MAY-2024,
OPTSTK,CHAMBLFERT,30-May-2024,480.0,CE,1.7,1.95,1.3,1.6,1.6,350,3201.92,423700,47500,06-MAY-2024,
OPTSTK,CHAMBLFERT,30-May-2024,320.0,PE,0.0,0.0,0.0,0.4,0.2,0,0.0,24700,0,06-MAY-2024,
OPTSTK,CHAMBLFERT,30-May-2024,330.0,PE,0.0,0.0,0.0,0.7,0.45,0,0.0,36100,0,06-MAY-2024,
OPTSTK,CHAMBLFERT,30-May-2024,340.0,PE,1.15,1.35,0.95,1.2,1.2,187,1212.21,256500,-1900,06-MAY-2024,
OPTSTK,CHAMBLFERT,30-May-2024,350.0,PE,1.25,2.15,1.25,1.9,1.9,128,855.62,214700,15200,06-MAY-2024,
OPTSTK,CHAMBLFERT,30-May-2024,355.0,PE,0.0,0.0,0.0,1.8,2.2,0,0.0,19000,0,06-MAY-2024,
OPTSTK,CHAMBLFERT,30-May-2024,360.0,PE,2.0,3.35,1.95,3.2,3.2,346,2384.31,349600,-3800,06-MAY-2024,
OPTSTK,CHAMBLFERT,30-May-2024,365.0,PE,3.95,4.05,3.35,4.0,4.0,14,98.11,43700,0,06-MAY-2024,
OPTSTK,CHAMBLFERT,30-May-2024,370.0,PE,4.25,5.15,3.25,5.05,5.05,127,903.89,309700,87400,06-MAY-2024,
OPTSTK,CHAMBLFERT,30-May-2024,375.0,PE,4.05,6.35,4.0,6.2,6.2,29,209.56,57000,-11400,06-MAY-2024,
OPTSTK,CHAMBLFERT,30-May-2024,380.0,PE,6.45,7.8,5.0,7.5,7.5,200,1469.79,277400,-62700,06-MAY-2024,
OPTSTK,CHAMBLFERT,30-May-2024,385.0,PE,6.0,9.4,6.0,9.3,9.3,31,231.5,129200,5700,06-MAY-2024,
OPTSTK,CHAMBLFERT,30-May-2024,390.0,PE,9.6,11.4,7.0,10.9,10.9,293,2225.67,305900,28500,06-MAY-2024,
OPTSTK,CHAMBLFERT,30-May-2024,395.0,PE,9.0,13.6,9.0,13.3,13.3,109,843.45,93100,38000,06-MAY-2024,
OPTSTK,CHAMBLFERT,30-May-2024,400.0,PE,13.05,16.2,10.15,15.4,15.4,371,2917.65,334400,-36100,06-MAY-2024,
OPTSTK,CHAMBLFERT,30-May-2024,405.0,PE,12.25,18.7,12.25,17.95,17.95,163,1304.77,125400,-32300,06-MAY-2024,
OPTSTK,CHAMBLFERT,30-May-2024,410.0,PE,18.0,21.55,14.3,20.75,20.75,357,2908.34,224200,30400,06-MAY-2024,
OPTSTK,CHAMBLFERT,30-May-2024,415.0,PE,17.2,23.3,17.2,23.3,23.3,14,115.83,85500,-5700,06-MAY-2024,
OPTSTK,CHAMBLFERT,30-May-2024,420.0,PE,21.0,28.0,19.5,27.1,27.1,131,1106.53,351500,-28500,06-MAY-2024,
OPTSTK,CHAMBLFERT,30-May-2024,425.0,PE,24.85,30.95,24.85,30.75,30.75,9,77.57,57000,-3800,06-MAY-2024,
OPTSTK,CHAMBLFERT,30-May-2024,430.0,PE,25.65,34.25,25.5,33.75,34.05,26,228.03,117800,0,06-MAY-2024,
OPTSTK,CHAMBLFERT,30-May-2024,435.0,PE,30.4,36.4,29.0,35.9,37.85,8,71.33,60800,-1900,06-MAY-2024,
OPTSTK,CHAMBLFERT,30-May-2024,440.0,PE,38.75,40.35,38.75,40.35,41.8,6,54.68,68400,-5700,06-MAY-2024,
OPTSTK,CHAMBLFERT,30-May-2024,445.0,PE,46.15,46.15,46.15,46.15,45.9,1,9.33,19000,-1900,06-MAY-2024,
OPTSTK,CHAMBLFERT,30-May-2024,450.0,PE,49.1,49.1,49.1,49.1,50.15,1,9.48,41800,1900,06-MAY-2024,
OPTSTK,CHAMBLFERT,30-May-2024,455.0,PE,0.0,0.0,0.0,32.0,54.55,0,0.0,3800,0,06-MAY-2024,
OPTSTK,CHAMBLFERT,30-May-2024,460.0,PE,48.45,50.85,48.45,50.85,59.0,2,19.36,1900,-3800,06-MAY-2024,
OPTSTK,CHAMBLFERT,30-May-2024,470.0,PE,0.0,0.0,0.0,49.5,68.15,0,0.0,7600,0,06-MAY-2024,
OPTSTK,CHAMBLFERT,30-May-2024,480.0,PE,0.0,0.0,0.0,122.95,77.55,0,0.0,0,0,06-MAY-2024,
OPTSTK,CHAMBLFERT,27-Jun-2024,360.0,CE,0.0,0.0,0.0,22.2,52.3,0,0.0,0,0,06-MAY-2024,
OPTSTK,CHAMBLFERT,27-Jun-2024,370.0,CE,0.0,0.0,0.0,18.55,45.15,0,0.0,0,0,06-MAY-2024,
OPTSTK,CHAMBLFERT,27-Jun-2024,375.0,CE,0.0,0.0,0.0,50.15,41.75,0,0.0,0,0,06-MAY-2024,
OPTSTK,CHAMBLFERT,27-Jun-2024,380.0,CE,0.0,0.0,0.0,15.45,38.55,0,0.0,0,0,06-MAY-2024,
OPTSTK,CHAMBLFERT,27-Jun-2024,385.0,CE,0.0,0.0,0.0,43.6,35.5,0,0.0,0,0,06-MAY-2024,
OPTSTK,CHAMBLFERT,27-Jun-2024,390.0,CE,0.0,0.0,0.0,12.75,32.6,0,0.0,0,0,06-MAY-2024,
OPTSTK,CHAMBLFERT,27-Jun-2024,395.0,CE,0.0,0.0,0.0,37.6,29.85,0,0.0,0,0,06-MAY-2024,
OPTSTK,CHAMBLFERT,27-Jun-2024,400.0,CE,29.95,29.95,29.95,29.95,27.3,1,8.16,1900,1900,06-MAY-2024,
OPTSTK,CHAMBLFERT,27-Jun-2024,405.0,CE,0.0,0.0,0.0,32.2,24.9,0,0.0,0,0,06-MAY-2024,
OPTSTK,CHAMBLFERT,27-Jun-2024,410.0,CE,0.0,0.0,0.0,8.55,22.65,0,0.0,0,0,06-MAY-2024,
OPTSTK,CHAMBLFERT,27-Jun-2024,415.0,CE,0.0,0.0,0.0,27.4,20.55,0,0.0,0,0,06-MAY-2024,
OPTSTK,CHAMBLFERT,27-Jun-2024,420.0,CE,0.0,0.0,0.0,6.95,18.6,0,0.0,0,0,06-MAY-2024,
OPTSTK,CHAMBLFERT,27-Jun-2024,425.0,CE,0.0,0.0,0.0,23.1,16.75,0,0.0,0,0,06-MAY-2024,
OPTSTK,CHAMBLFERT,27-Jun-2024,430.0,CE,0.0,0.0,0.0,28.0,15.1,0,0.0,1900,0,06-MAY-2024,
OPTSTK,CHAMBLFERT,27-Jun-2024,435.0,CE,0.0,0.0,0.0,19.35,13.6,0,0.0,0,0,06-MAY-2024,
OPTSTK,CHAMBLFERT,27-Jun-2024,440.0,CE,0.0,0.0,0.0,13.0,12.15,0,0.0,1900,0,06-MAY-2024,
OPTSTK,CHAMBLFERT,27-Jun-2024,445.0,CE,0.0,0.0,0.0,16.1,10.9,0,0.0,0,0,06-MAY-2024,
OPTSTK,CHAMBLFERT,27-Jun-2024,450.0,CE,0.0,0.0,0.0,5.65,9.75,0,0.0,0,0,06-MAY-2024,
OPTSTK,CHAMBLFERT,27-Jun-2024,455.0,CE,0.0,0.0,0.0,13.3,8.65,0,0.0,0,0,06-MAY-2024,
OPTSTK,CHAMBLFERT,27-Jun-2024,460.0,CE,0.0,0.0,0.0,10.6,7.7,0,0.0,1900,0,06-MAY-2024,
OPTSTK,CHAMBLFERT,27-Jun-2024,470.0,CE,0.0,0.0,0.0,6.6,6.05,0,0.0,0,0,06-MAY-2024,
OPTSTK,CHAMBLFERT,27-Jun-2024,480.0,CE,0.0,0.0,0.0,1.8,4.7,0,0.0,0,0,06-MAY-2024,
OPTSTK,CHAMBLFERT,27-Jun-2024,360.0,PE,0.0,0.0,0.0,33.75,7.45,0,0.0,0,0,06-MAY-2024,
OPTSTK,CHAMBLFERT,27-Jun-2024,370.0,PE,0.0,0.0,0.0,39.95,10.2,0,0.0,0,0,06-MAY-2024,
OPTSTK,CHAMBLFERT,27-Jun-2024,375.0,PE,0.0,0.0,0.0,11.6,11.75,0,0.0,0,0,06-MAY-2024,
OPTSTK,CHAMBLFERT,27-Jun-2024,380.0,PE,0.0,0.0,0.0,46.65,13.5,0,0.0,0,0,06-MAY-2024,
OPTSTK,CHAMBLFERT,27-Jun-2024,385.0,PE,0.0,0.0,0.0,14.9,15.35,0,0.0,0,0,06-MAY-2024,
OPTSTK,CHAMBLFERT,27-Jun-2024,390.0,PE,0.0,0.0,0.0,53.8,17.45,0,0.0,0,0,06-MAY-2024,
OPTSTK,CHAMBLFERT,27-Jun-2024,395.0,PE,0.0,0.0,0.0,18.8,19.65,0,0.0,0,0,06-MAY-2024,
OPTSTK,CHAMBLFERT,27-Jun-2024,400.0,PE,22.0,22.0,22.0,22.0,22.0,1,8.01,1900,1900,06-MAY-2024,
OPTSTK,CHAMBLFERT,27-Jun-2024,405.0,PE,0.0,0.0,0.0,23.3,24.55,0,0.0,0,0,06-MAY-2024,
OPTSTK,CHAMBLFERT,27-Jun-2024,410.0,PE,0.0,0.0,0.0,69.25,27.25,0,0.0,0,0,06-MAY-2024,
OPTSTK,CHAMBLFERT,27-Jun-2024,415.0,PE,0.0,0.0,0.0,28.35,30.1,0,0.0,0,0,06-MAY-2024,
OPTSTK,CHAMBLFERT,27-Jun-2024,420.0,PE,0.0,0.0,0.0,77.45,33.1,0,0.0,0,0,06-MAY-2024,
OPTSTK,CHAMBLFERT,27-Jun-2024,425.0,PE,0.0,0.0,0.0,33.95,36.25,0,0.0,0,0,06-MAY-2024,
OPTSTK,CHAMBLFERT,27-Jun-2024,430.0,PE,0.0,0.0,0.0,85.95,39.55,0,0.0,0,0,06-MAY-2024,
OPTSTK,CHAMBLFERT,27-Jun-2024,435.0,PE,0.0,0.0,0.0,40.05,42.95,0,0.0,0,0,06-MAY-2024,
OPTSTK,CHAMBLFERT,27-Jun-2024,440.0,PE,0.0,0.0,0.0,94.65,46.5,0,0.0,0,0,06-MAY-2024,
OPTSTK,CHAMBLFERT,27-Jun-2024,445.0,PE,0.0,0.0,0.0,46.7,50.15,0,0.0,0,0,06-MAY-2024,
OPTSTK,CHAMBLFERT,27-Jun-2024,450.0,PE,0.0,0.0,0.0,90.25,53.95,0,0.0,0,0,06-MAY-2024,
OPTSTK,CHAMBLFERT,27-Jun-2024,455.0,PE,0.0,0.0,0.0,53.75,57.85,0,0.0,0,0,06-MAY-2024,
OPTSTK,CHAMBLFERT,27-Jun-2024,460.0,PE,0.0,0.0,0.0,112.65,61.8,0,0.0,0,0,06-MAY-2024,
OPTSTK,CHAMBLFERT,27-Jun-2024,470.0,PE,0.0,0.0,0.0,88.3,70.05,0,0.0,0,0,06-MAY-2024,
OPTSTK,CHAMBLFERT,27-Jun-2024,480.0,PE,0.0,0.0,0.0,131.25,78.6,0,0.0,0,0,06-MAY-2024,
OPTSTK,CHAMBLFERT,25-Jul-2024,340.0,CE,0.0,0.0,0.0,81.45,73.0,0,0.0,0,0,06-MAY-2024,
OPTSTK,CHAMBLFERT,25-Jul-2024,360.0,CE,0.0,0.0,0.0,66.35,58.15,0,0.0,0,0,06-MAY-2024,
OPTSTK,CHAMBLFERT,25-Jul-2024,380.0,CE,0.0,0.0,0.0,52.9,45.15,0,0.0,0,0,06-MAY-2024,
OPTSTK,CHAMBLFERT,25-Jul-2024,390.0,CE,0.0,0.0,0.0,46.95,39.45,0,0.0,0,0,06-MAY-2024,
OPTSTK,CHAMBLFERT,25-Jul-2024,400.0,CE,0.0,0.0,0.0,41.4,34.25,0,0.0,0,0,06-MAY-2024,
OPTSTK,CHAMBLFERT,25-Jul-2024,410.0,CE,0.0,0.0,0.0,36.4,29.55,0,0.0,0,0,06-MAY-2024,
OPTSTK,CHAMBLFERT,25-Jul-2024,420.0,CE,0.0,0.0,0.0,31.8,25.4,0,0.0,0,0,06-MAY-2024,
OPTSTK,CHAMBLFERT,25-Jul-2024,430.0,CE,0.0,0.0,0.0,27.7,21.7,0,0.0,0,0,06-MAY-2024,
OPTSTK,CHAMBLFERT,25-Jul-2024,440.0,CE,0.0,0.0,0.0,24.0,18.4,0,0.0,0,0,06-MAY-2024,
OPTSTK,CHAMBLFERT,25-Jul-2024,450.0,CE,0.0,0.0,0.0,20.7,15.55,0,0.0,0,0,06-MAY-2024,
OPTSTK,CHAMBLFERT,25-Jul-2024,460.0,CE,0.0,0.0,0.0,17.8,13.1,0,0.0,0,0,06-MAY-2024,
OPTSTK,CHAMBLFERT,25-Jul-2024,480.0,CE,0.0,0.0,0.0,13.0,9.15,0,0.0,0,0,06-MAY-2024,
OPTSTK,CHAMBLFERT,25-Jul-2024,340.0,PE,0.0,0.0,0.0,6.5,6.5,0,0.0,0,0,06-MAY-2024,
OPTSTK,CHAMBLFERT,25-Jul-2024,360.0,PE,0.0,0.0,0.0,11.0,11.3,0,0.0,0,0,06-MAY-2024,
OPTSTK,CHAMBLFERT,25-Jul-2024,380.0,PE,0.0,0.0,0.0,17.2,18.0,0,0.0,0,0,06-MAY-2024,
OPTSTK,CHAMBLFERT,25-Jul-2024,390.0,PE,0.0,0.0,0.0,21.05,22.1,0,0.0,0,0,06-MAY-2024,
OPTSTK,CHAMBLFERT,25-Jul-2024,400.0,PE,0.0,0.0,0.0,25.35,26.8,0,0.0,0,0,06-MAY-2024,
OPTSTK,CHAMBLFERT,25-Jul-2024,410.0,PE,0.0,0.0,0.0,30.15,31.95,0,0.0,0,0,06-MAY-2024,
OPTSTK,CHAMBLFERT,25-Jul-2024,420.0,PE,0.0,0.0,0.0,35.35,37.6,0,0.0,0,0,06-MAY-2024,
OPTSTK,CHAMBLFERT,25-Jul-2024,430.0,PE,0.0,0.0,0.0,41.05,43.75,0,0.0,0,0,06-MAY-2024,
OPTSTK,CHAMBLFERT,25-Jul-2024,440.0,PE,0.0,0.0,0.0,47.2,50.3,0,0.0,0,0,06-MAY-2024,
OPTSTK,CHAMBLFERT,25-Jul-2024,450.0,PE,0.0,0.0,0.0,53.75,57.3,0,0.0,0,0,06-MAY-2024,
OPTSTK,CHAMBLFERT,25-Jul-2024,460.0,PE,0.0,0.0,0.0,60.65,64.7,0,0.0,0,0,06-MAY-2024,
OPTSTK,CHAMBLFERT,25-Jul-2024,480.0,PE,0.0,0.0,0.0,75.5,80.4,0,0.0,0,0,06-MAY-2024,
OPTSTK,CHOLAFIN,30-May-2024,880.0,CE,0.0,0.0,0.0,234.25,450.1,0,0.0,0,0,06-MAY-2024,
OPTSTK,CHOLAFIN,30-May-2024,920.0,CE,0.0,0.0,0.0,200.85,410.25,0,0.0,0,0,06-MAY-2024,
OPTSTK,CHOLAFIN,30-May-2024,960.0,CE,0.0,0.0,0.0,274.75,370.45,0,0.0,1875,0,06-MAY-2024,
OPTSTK,CHOLAFIN,30-May-2024,1000.0,CE,0.0,0.0,0.0,296.75,330.7,0,0.0,19375,0,06-MAY-2024,
OPTSTK,CHOLAFIN,30-May-2024,1020.0,CE,0.0,0.0,0.0,165.4,310.85,0,0.0,0,0,06-MAY-2024,
OPTSTK,CHOLAFIN,30-May-2024,1040.0,CE,0.0,0.0,0.0,140.2,291.05,0,0.0,1250,0,06-MAY-2024,
OPTSTK,CHOLAFIN,30-May-2024,1060.0,CE,0.0,0.0,0.0,135.45,271.3,0,0.0,0,0,06-MAY-2024,
OPTSTK,CHOLAFIN,30-May-2024,1080.0,CE,258.75,258.75,258.75,258.75,251.7,2,16.73,1875,625,06-MAY-2024,
OPTSTK,CHOLAFIN,30-May-2024,1100.0,CE,0.0,0.0,0.0,214.45,232.25,0,0.0,24375,0,06-MAY-2024,
OPTSTK,CHOLAFIN,30-May-2024,1120.0,CE,0.0,0.0,0.0,158.45,213.05,0,0.0,15625,0,06-MAY-2024,
OPTSTK,CHOLAFIN,30-May-2024,1140.0,CE,201.0,201.0,201.0,201.0,194.2,2,16.76,33750,0,06-MAY-2024,
OPTSTK,CHOLAFIN,30-May-2024,1160.0,CE,168.0,196.0,168.0,196.0,175.75,5,41.8,82500,-1875,06-MAY-2024,
OPTSTK,CHOLAFIN,30-May-2024,1180.0,CE,148.0,151.25,139.7,139.7,157.9,6,49.81,63750,625,06-MAY-2024,
OPTSTK,CHOLAFIN,30-May-2024,1200.0,CE,128.0,158.0,120.05,139.85,139.85,48,401.75,258750,5000,06-MAY-2024,
OPTSTK,CHOLAFIN,30-May-2024,1220.0,CE,112.15,138.85,108.3,127.0,124.3,19,159.59,120625,-1875,06-MAY-2024,
OPTSTK,CHOLAFIN,30-May-2024,1240.0,CE,96.95,123.0,88.65,109.6,108.8,23,194.36,101250,-5625,06-MAY-2024,
OPTSTK,CHOLAFIN,30-May-2024,1260.0,CE,80.0,105.4,73.1,93.1,94.35,37,311.73,101875,-3750,06-MAY-2024,
OPTSTK,CHOLAFIN,30-May-2024,1280.0,CE,63.8,90.35,59.95,75.8,75.8,98,831.83,80000,-17500,06-MAY-2024,
OPTSTK,CHOLAFIN,30-May-2024,1300.0,CE,54.45,76.8,47.4,62.6,62.6,988,8421.62,368125,-13750,06-MAY-2024,
OPTSTK,CHOLAFIN,30-May-2024,1320.0,CE,45.0,64.2,37.9,50.55,50.55,1134,9733.46,149375,-41250,06-MAY-2024,
OPTSTK,CHOLAFIN,30-May-2024,1340.0,CE,34.65,53.55,30.0,41.0,41.0,2019,17474.75,276875,36875,06-MAY-2024,
OPTSTK,CHOLAFIN,30-May-2024,1360.0,CE,28.85,43.65,23.6,32.7,32.7,1655,14432.93,365625,-21875,06-MAY-2024,
OPTSTK,CHOLAFIN,30-May-2024,1380.0,CE,23.95,35.0,18.5,26.1,26.1,688,6050.28,282500,-625,06-MAY-2024,
OPTSTK,CHOLAFIN,30-May-2024,1400.0,CE,18.05,28.3,14.5,20.45,20.45,1720,15288.36,265625,-3125,06-MAY-2024,
OPTSTK,CHOLAFIN,30-May-2024,1420.0,CE,13.65,22.05,10.9,15.95,15.95,748,6715.46,164375,11875,06-MAY-2024,
OPTSTK,CHOLAFIN,30-May-2024,1440.0,CE,10.95,17.3,8.35,12.25,12.25,469,4258.75,100625,2500,06-MAY-2024,
OPTSTK,CHOLAFIN,30-May-2024,1480.0,CE,7.05,10.85,4.8,7.25,7.25,1013,9420.03,130625,12500,06-MAY-2024,
OPTSTK,CHOLAFIN,30-May-2024,880.0,PE,0.6,0.65,0.25,0.35,0.35,108,594.25,55000,-5625,06-MAY-2024,
OPTSTK,CHOLAFIN,30-May-2024,920.0,PE,0.0,0.0,0.0,14.95,0.0,0,0.0,0,0,06-MAY-2024,
OPTSTK,CHOLAFIN,30-May-2024,960.0,PE,0.0,0.0,0.0,0.4,0.05,0,0.0,1250,0,06-MAY-2024,
OPTSTK,CHOLAFIN,30-May-2024,1000.0,PE,0.55,0.7,0.45,0.5,0.5,101,631.59,122500,-21875,06-MAY-2024,
OPTSTK,CHOLAFIN,30-May-2024,1020.0,PE,0.0,0.0,0.0,0.95,0.15,0,0.0,7500,0,06-MAY-2024,
OPTSTK,CHOLAFIN,30-May-2024,1040.0,PE,0.0,0.0,0.0,1.15,0.25,0,0.0,43750,0,06-MAY-2024,
OPTSTK,CHOLAFIN,30-May-2024,1060.0,PE,1.5,1.5,1.5,1.5,0.4,1,6.63,38750,0,06-MAY-2024,
OPTSTK,CHOLAFIN,30-May-2024,1080.0,PE,1.3,1.4,1.05,1.3,0.7,6,40.54,46875,0,06-MAY-2024,
OPTSTK,CHOLAFIN,30-May-2024,1100.0,PE,2.0,2.35,1.5,1.65,1.65,89,612.91,217500,-5000,06-MAY-2024,
OPTSTK,CHOLAFIN,30-May-2024,1120.0,PE,2.7,3.0,2.05,2.2,2.2,35,245.5,172500,-4375,06-MAY-2024,
OPTSTK,CHOLAFIN,30-May-2024,1140.0,PE,3.65,4.25,2.75,2.9,2.9,132,943.36,121250,-5625,06-MAY-2024,
OPTSTK,CHOLAFIN,30-May-2024,1160.0,PE,4.8,5.75,3.45,4.05,4.05,280,2037.47,154375,18125,06-MAY-2024,
OPTSTK,CHOLAFIN,30-May-2024,1180.0,PE,6.5,7.6,4.65,5.4,5.4,213,1578.36,121250,-6250,06-MAY-2024,
OPTSTK,CHOLAFIN,30-May-2024,1200.0,PE,8.45,10.2,5.6,7.0,7.0,647,4882.38,413750,51875,06-MAY-2024,
OPTSTK,CHOLAFIN,30-May-2024,1220.0,PE,10.55,13.2,7.2,9.2,9.2,302,2321.04,173125,18125,06-MAY-2024,
OPTSTK,CHOLAFIN,30-May-2024,1240.0,PE,15.05,17.5,9.3,12.05,12.05,628,4913.65,220625,20000,06-MAY-2024,
OPTSTK,CHOLAFIN,30-May-2024,1260.0,PE,18.25,22.75,12.0,15.65,15.65,496,3955.66,200000,-15625,06-MAY-2024,
OPTSTK,CHOLAFIN,30-May-2024,1280.0,PE,26.2,29.65,16.25,20.95,20.95,585,4757.75,134375,37500,06-MAY-2024,
OPTSTK,CHOLAFIN,30-May-2024,1300.0,PE,33.1,38.2,21.4,27.5,27.5,1268,10523.04,302500,38125,06-MAY-2024,
OPTSTK,CHOLAFIN,30-May-2024,1320.0,PE,43.9,48.9,28.0,36.05,36.05,544,4609.77,79375,3750,06-MAY-2024,
OPTSTK,CHOLAFIN,30-May-2024,1340.0,PE,55.15,59.65,37.25,46.1,46.1,481,4160.5,81250,25625,06-MAY-2024,
OPTSTK,CHOLAFIN,30-May-2024,1360.0,PE,67.5,74.6,47.05,58.15,58.15,178,1572.94,39375,5000,06-MAY-2024,
OPTSTK,CHOLAFIN,30-May-2024,1380.0,PE,68.15,68.2,68.15,68.2,80.1,2,18.1,8750,1250,06-MAY-2024,
OPTSTK,CHOLAFIN,30-May-2024,1400.0,PE,92.7,92.7,72.55,85.0,85.0,29,268.02,15625,4375,06-MAY-2024,
OPTSTK,CHOLAFIN,30-May-2024,1420.0,PE,0.0,0.0,0.0,255.55,108.4,0,0.0,0,0,06-MAY-2024,
OPTSTK,CHOLAFIN,30-May-2024,1440.0,PE,0.0,0.0,0.0,332.9,123.9,0,0.0,0,0,06-MAY-2024,
OPTSTK,CHOLAFIN,30-May-2024,1480.0,PE,0.0,0.0,0.0,349.05,157.15,0,0.0,0,0,06-MAY-2024,
OPTSTK,CHOLAFIN,27-Jun-2024,960.0,CE,0.0,0.0,0.0,226.75,376.5,0,0.0,0,0,06-MAY-2024,
OPTSTK,CHOLAFIN,27-Jun-2024,1000.0,CE,0.0,0.0,0.0,194.7,337.65,0,0.0,0,0,06-MAY-2024,
OPTSTK,CHOLAFIN,27-Jun-2024,1040.0,CE,0.0,0.0,0.0,165.1,299.45,0,0.0,0,0,06-MAY-2024,
OPTSTK,CHOLAFIN,27-Jun-2024,1060.0,CE,0.0,0.0,0.0,135.15,280.75,0,0.0,0,0,06-MAY-2024,
OPTSTK,CHOLAFIN,27-Jun-2024,1080.0,CE,0.0,0.0,0.0,138.15,262.3,0,0.0,0,0,06-MAY-2024,
OPTSTK,CHOLAFIN,27-Jun-2024,1100.0,CE,0.0,0.0,0.0,108.55,244.25,0,0.0,0,0,06-MAY-2024,
OPTSTK,CHOLAFIN,27-Jun-2024,1120.0,CE,0.0,0.0,0.0,114.25,226.65,0,0.0,0,0,06-MAY-2024,
OPTSTK,CHOLAFIN,27-Jun-2024,1140.0,CE,0.0,0.0,0.0,85.55,209.5,0,0.0,0,0,06-MAY-2024,
OPTSTK,CHOLAFIN,27-Jun-2024,1160.0,CE,0.0,0.0,0.0,93.25,192.95,0,0.0,0,0,06-MAY-2024,
OPTSTK,CHOLAFIN,27-Jun-2024,1180.0,CE,0.0,0.0,0.0,66.1,177.0,0,0.0,0,0,06-MAY-2024,
OPTSTK,CHOLAFIN,27-Jun-2024,1200.0,CE,0.0,0.0,0.0,149.65,161.7,0,0.0,21250,0,06-MAY-2024,
OPTSTK,CHOLAFIN,27-Jun-2024,1220.0,CE,0.0,0.0,0.0,50.1,147.15,0,0.0,0,0,06-MAY-2024,
OPTSTK,CHOLAFIN,27-Jun-2024,1240.0,CE,0.0,0.0,0.0,59.95,133.25,0,0.0,0,0,06-MAY-2024,
OPTSTK,CHOLAFIN,27-Jun-2024,1260.0,CE,0.0,0.0,0.0,37.3,120.2,0,0.0,0,0,06-MAY-2024,
OPTSTK,CHOLAFIN,27-Jun-2024,1280.0,CE,0.0,0.0,0.0,47.25,108.0,0,0.0,0,0,06-MAY-2024,
OPTSTK,CHOLAFIN,27-Jun-2024,1300.0,CE,86.65,109.0,86.65,101.9,96.6,18,157.64,53125,0,06-MAY-2024,
OPTSTK,CHOLAFIN,27-Jun-2024,1320.0,CE,90.0,90.0,90.0,90.0,86.05,1,8.81,625,625,06-MAY-2024,
OPTSTK,CHOLAFIN,27-Jun-2024,1340.0,CE,0.0,0.0,0.0,19.6,76.35,0,0.0,0,0,06-MAY-2024,
OPTSTK,CHOLAFIN,27-Jun-2024,1360.0,CE,70.0,70.0,70.0,70.0,67.4,1,8.93,1875,625,06-MAY-2024,
OPTSTK,CHOLAFIN,27-Jun-2024,1380.0,CE,0.0,0.0,0.0,13.85,59.3,0,0.0,0,0,06-MAY-2024,
OPTSTK,CHOLAFIN,27-Jun-2024,1400.0,CE,55.5,63.0,55.0,57.0,57.0,20,182.37,23750,9375,06-MAY-2024,
OPTSTK,CHOLAFIN,27-Jun-2024,1420.0,CE,0.0,0.0,0.0,9.65,45.3,0,0.0,0,0,06-MAY-2024,
OPTSTK,CHOLAFIN,27-Jun-2024,1440.0,CE,0.0,0.0,0.0,16.5,39.35,0,0.0,0,0,06-MAY-2024,
OPTSTK,CHOLAFIN,27-Jun-2024,1480.0,CE,0.0,0.0,0.0,12.4,29.4,0,0.0,0,0,06-MAY-2024,
OPTSTK,CHOLAFIN,27-Jun-2024,960.0,PE,0.0,0.0,0.0,13.0,0.6,0,0.0,0,0,06-MAY-2024,
OPTSTK,CHOLAFIN,27-Jun-2024,1000.0,PE,0.0,0.0,0.0,20.2,1.35,0,0.0,0,0,06-MAY-2024,
OPTSTK,CHOLAFIN,27-Jun-2024,1040.0,PE,0.0,0.0,0.0,29.9,2.75,0,0.0,0,0,06-MAY-2024,
OPTSTK,CHOLAFIN,27-Jun-2024,1060.0,PE,0.0,0.0,0.0,26.5,3.8,0,0.0,0,0,06-MAY-2024,
OPTSTK,CHOLAFIN,27-Jun-2024,1080.0,PE,0.0,0.0,0.0,42.25,5.2,0,0.0,0,0,06-MAY-2024,
OPTSTK,CHOLAFIN,27-Jun-2024,1100.0,PE,0.0,0.0,0.0,12.0,6.9,0,0.0,4375,0,06-MAY-2024,
OPTSTK,CHOLAFIN,27-Jun-2024,1120.0,PE,0.0,0.0,0.0,57.6,9.1,0,0.0,0,0,06-MAY-2024,
OPTSTK,CHOLAFIN,27-Jun-2024,1140.0,PE,0.0,0.0,0.0,55.9,11.75,0,0.0,0,0,06-MAY-2024,
OPTSTK,CHOLAFIN,27-Jun-2024,1160.0,PE,0.0,0.0,0.0,15.0,15.0,0,0.0,5000,0,06-MAY-2024,
OPTSTK,CHOLAFIN,27-Jun-2024,1180.0,PE,0.0,0.0,0.0,75.95,18.8,0,0.0,0,0,06-MAY-2024,
OPTSTK,CHOLAFIN,27-Jun-2024,1200.0,PE,30.0,30.0,29.95,29.95,29.95,3,23.06,29375,625,06-MAY-2024,
OPTSTK,CHOLAFIN,27-Jun-2024,1220.0,PE,0.0,0.0,0.0,99.45,28.55,0,0.0,0,0,06-MAY-2024,
OPTSTK,CHOLAFIN,27-Jun-2024,1240.0,PE,0.0,0.0,0.0,121.2,34.45,0,0.0,0,0,06-MAY-2024,
OPTSTK,CHOLAFIN,27-Jun-2024,1260.0,PE,0.0,0.0,0.0,126.15,41.25,0,0.0,0,0,06-MAY-2024,
OPTSTK,CHOLAFIN,27-Jun-2024,1280.0,PE,0.0,0.0,0.0,147.8,48.8,0,0.0,0,0,06-MAY-2024,
OPTSTK,CHOLAFIN,27-Jun-2024,1300.0,PE,62.0,62.0,48.75,59.95,59.95,10,84.68,4375,3750,06-MAY-2024,
OPTSTK,CHOLAFIN,27-Jun-2024,1320.0,PE,0.0,0.0,0.0,176.7,66.45,0,0.0,0,0,06-MAY-2024,
OPTSTK,CHOLAFIN,27-Jun-2024,1340.0,PE,0.0,0.0,0.0,187.45,76.55,0,0.0,0,0,06-MAY-2024,
OPTSTK,CHOLAFIN,27-Jun-2024,1360.0,PE,0.0,0.0,0.0,207.55,87.4,0,0.0,0,0,06-MAY-2024,
OPTSTK,CHOLAFIN,27-Jun-2024,1380.0,PE,0.0,0.0,0.0,221.2,99.05,0,0.0,0,0,06-MAY-2024,
OPTSTK,CHOLAFIN,27-Jun-2024,1400.0,PE,0.0,0.0,0.0,240.15,111.5,0,0.0,0,0,06-MAY-2024,
OPTSTK,CHOLAFIN,27-Jun-2024,1420.0,PE,0.0,0.0,0.0,256.5,124.65,0,0.0,0,0,06-MAY-2024,
OPTSTK,CHOLAFIN,27-Jun-2024,1440.0,PE,0.0,0.0,0.0,274.15,138.5,0,0.0,0,0,06-MAY-2024,
OPTSTK,CHOLAFIN,27-Jun-2024,1480.0,PE,0.0,0.0,0.0,309.35,168.15,0,0.0,0,0,06-MAY-2024,
OPTSTK,CHOLAFIN,25-Jul-2024,960.0,CE,0.0,0.0,0.0,225.8,383.5,0,0.0,0,0,06-MAY-2024,
OPTSTK,CHOLAFIN,25-Jul-2024,1040.0,CE,0.0,0.0,0.0,164.25,309.4,0,0.0,0,0,06-MAY-2024,
OPTSTK,CHOLAFIN,25-Jul-2024,1080.0,CE,0.0,0.0,0.0,137.35,274.25,0,0.0,0,0,06-MAY-2024,
OPTSTK,CHOLAFIN,25-Jul-2024,1120.0,CE,0.0,0.0,0.0,113.5,240.75,0,0.0,0,0,06-MAY-2024,
OPTSTK,CHOLAFIN,25-Jul-2024,1160.0,CE,0.0,0.0,0.0,92.6,209.3,0,0.0,0,0,06-MAY-2024,
OPTSTK,CHOLAFIN,25-Jul-2024,1200.0,CE,0.0,0.0,0.0,74.65,180.1,0,0.0,0,0,06-MAY-2024,
OPTSTK,CHOLAFIN,25-Jul-2024,1240.0,CE,0.0,0.0,0.0,59.5,153.3,0,0.0,0,0,06-MAY-2024,
OPTSTK,CHOLAFIN,25-Jul-2024,1280.0,CE,0.0,0.0,0.0,46.85,129.25,0,0.0,0,0,06-MAY-2024,
OPTSTK,CHOLAFIN,25-Jul-2024,1320.0,CE,0.0,0.0,0.0,36.55,107.85,0,0.0,0,0,06-MAY-2024,
OPTSTK,CHOLAFIN,25-Jul-2024,1360.0,CE,0.0,0.0,0.0,28.2,89.05,0,0.0,0,0,06-MAY-2024,
OPTSTK,CHOLAFIN,25-Jul-2024,1400.0,CE,0.0,0.0,0.0,21.55,72.85,0,0.0,0,0,06-MAY-2024,
OPTSTK,CHOLAFIN,25-Jul-2024,1440.0,CE,0.0,0.0,0.0,16.3,59.05,0,0.0,0,0,06-MAY-2024,
OPTSTK,CHOLAFIN,25-Jul-2024,960.0,PE,0.0,0.0,0.0,13.1,2.3,0,0.0,0,0,06-MAY-2024,
OPTSTK,CHOLAFIN,25-Jul-2024,1040.0,PE,0.0,0.0,0.0,30.1,7.0,0,0.0,0,0,06-MAY-2024,
OPTSTK,CHOLAFIN,25-Jul-2024,1080.0,PE,0.0,0.0,0.0,42.5,11.2,0,0.0,0,0,06-MAY-2024,
OPTSTK,CHOLAFIN,25-Jul-2024,1120.0,PE,0.0,0.0,0.0,57.95,17.05,0,0.0,0,0,06-MAY-2024,
OPTSTK,CHOLAFIN,25-Jul-2024,1160.0,PE,0.0,0.0,0.0,76.3,24.95,0,0.0,0,0,06-MAY-2024,
OPTSTK,CHOLAFIN,25-Jul-2024,1200.0,PE,0.0,0.0,0.0,97.65,35.15,0,0.0,0,0,06-MAY-2024,
OPTSTK,CHOLAFIN,25-Jul-2024,1240.0,PE,0.0,0.0,0.0,121.75,47.7,0,0.0,0,0,06-MAY-2024,
OPTSTK,CHOLAFIN,25-Jul-2024,1280.0,PE,0.0,0.0,0.0,148.35,63.0,0,0.0,0,0,06-MAY-2024,
OPTSTK,CHOLAFIN,25-Jul-2024,1320.0,PE,0.0,0.0,0.0,177.35,80.95,0,0.0,0,0,06-MAY-2024,
OPTSTK,CHOLAFIN,25-Jul-2024,1360.0,PE,0.0,0.0,0.0,208.25,101.55,0,0.0,0,0,06-MAY-2024,
OPTSTK,CHOLAFIN,25-Jul-2024,1400.0,PE,0.0,0.0,0.0,240.9,124.75,0,0.0,0,0,06-MAY-2024,
OPTSTK,CHOLAFIN,25-Jul-2024,1440.0,PE,0.0,0.0,0.0,274.95,150.25,0,0.0,0,0,06-MAY-2024,
OPTSTK,CIPLA,30-May-2024,1160.0,CE,0.0,0.0,0.0,344.2,268.85,0,0.0,0,0,06-MAY-2024,
OPTSTK,CIPLA,30-May-2024,1200.0,CE,0.0,0.0,0.0,307.05,229.25,0,0.0,0,0,06-MAY-2024,
OPTSTK,CIPLA,30-May-2024,1240.0,CE,0.0,0.0,0.0,271.1,190.1,0,0.0,0,0,06-MAY-2024,
OPTSTK,CIPLA,30-May-2024,1260.0,CE,0.0,0.0,0.0,253.7,170.95,0,0.0,0,0,06-MAY-2024,
OPTSTK,CIPLA,30-May-2024,1280.0,CE,155.0,155.0,155.0,155.0,152.15,1,9.32,650,650,06-MAY-2024,
OPTSTK,CIPLA,30-May-2024,1300.0,CE,137.7,137.7,137.7,137.7,134.0,1,9.34,18200,-650,06-MAY-2024,
OPTSTK,CIPLA,30-May-2024,1320.0,CE,0.0,0.0,0.0,130.15,116.55,0,0.0,2600,0,06-MAY-2024,
OPTSTK,CIPLA,30-May-2024,1340.0,CE,99.6,99.65,99.6,99.65,100.05,2,18.71,14950,0,06-MAY-2024,
OPTSTK,CIPLA,30-May-2024,1360.0,CE,78.75,78.75,78.75,78.75,84.75,1,9.35,42250,-650,06-MAY-2024,
OPTSTK,CIPLA,30-May-2024,1380.0,CE,69.45,74.3,63.95,73.8,73.8,19,179.29,33150,-1950,06-MAY-2024,
OPTSTK,CIPLA,30-May-2024,1400.0,CE,60.7,62.75,48.8,61.0,61.0,439,4154.95,246350,-11050,06-MAY-2024,
OPTSTK,CIPLA,30-May-2024,1420.0,CE,50.15,51.35,38.4,49.35,49.35,1636,15604.64,286650,101400,06-MAY-2024,
OPTSTK,CIPLA,30-May-2024,1440.0,CE,38.9,41.05,30.0,39.4,39.4,1164,11167.47,182650,-26000,06-MAY-2024,
OPTSTK,CIPLA,30-May-2024,1460.0,CE,30.35,32.15,22.6,30.75,30.75,689,6664.82,159250,2600,06-MAY-2024,
OPTSTK,CIPLA,30-May-2024,1480.0,CE,23.95,24.95,17.75,24.0,24.0,440,4294.27,68250,5850,06-MAY-2024,
OPTSTK,CIPLA,30-May-2024,1500.0,CE,17.75,19.25,13.15,18.65,18.65,1089,10734.43,322400,0,06-MAY-2024,
OPTSTK,CIPLA,30-May-2024,1520.0,CE,13.0,14.5,9.85,14.05,14.05,314,3126.87,76700,12350,06-MAY-2024,
OPTSTK,CIPLA,30-May-2024,1540.0,CE,10.15,11.05,7.1,10.6,10.6,338,3403.41,112450,-11700,06-MAY-2024,
OPTSTK,CIPLA,30-May-2024,1560.0,CE,6.25,8.2,5.4,8.1,8.1,58,590.69,159250,-1950,06-MAY-2024,
OPTSTK,CIPLA,30-May-2024,1580.0,CE,5.3,6.3,4.0,6.05,6.05,206,2122.79,36400,-2600,06-MAY-2024,
OPTSTK,CIPLA,30-May-2024,1600.0,CE,4.3,4.75,3.1,4.65,4.65,495,5160.8,186550,14950,06-MAY-2024,
OPTSTK,CIPLA,30-May-2024,1620.0,CE,2.6,3.5,2.4,3.4,3.4,63,664.6,35750,-8450,06-MAY-2024,
OPTSTK,CIPLA,30-May-2024,1640.0,CE,2.3,2.6,1.65,2.5,2.5,40,427.01,68250,9100,06-MAY-2024,
OPTSTK,CIPLA,30-May-2024,1680.0,CE,1.7,1.7,1.15,1.35,1.35,179,1956.21,358150,11700,06-MAY-2024,
OPTSTK,CIPLA,30-May-2024,1120.0,PE,0.0,0.0,0.0,2.45,0.05,0,0.0,650,0,06-MAY-2024,
OPTSTK,CIPLA,30-May-2024,1160.0,PE,0.0,0.0,0.0,2.75,0.1,0,0.0,0,0,06-MAY-2024,
OPTSTK,CIPLA,30-May-2024,1200.0,PE,0.95,1.3,0.85,1.0,0.3,34,265.42,31850,-650,06-MAY-2024,
OPTSTK,CIPLA,30-May-2024,1240.0,PE,0.0,0.0,0.0,8.25,1.0,0,0.0,0,0,06-MAY-2024,
OPTSTK,CIPLA,30-May-2024,1260.0,PE,2.0,3.1,2.0,2.4,2.4,195,1600.4,128700,11700,06-MAY-2024,
OPTSTK,CIPLA,30-May-2024,1280.0,PE,3.2,4.6,3.2,3.6,3.6,204,1702.33,177450,58500,06-MAY-2024,
OPTSTK,CIPLA,30-May-2024,1300.0,PE,5.15,6.8,4.7,5.15,5.15,328,2783.3,213200,-3900,06-MAY-2024,
OPTSTK,CIPLA,30-May-2024,1320.0,PE,7.6,9.0,6.55,7.35,7.35,65,560.94,94250,8450,06-MAY-2024,
OPTSTK,CIPLA,30-May-2024,1340.0,PE,9.5,12.85,9.5,10.55,10.55,105,922.17,75400,6500,06-MAY-2024,
OPTSTK,CIPLA,30-May-2024,1360.0,PE,14.0,18.05,13.35,14.7,14.7,441,3941.84,280150,-37050,06-MAY-2024,
OPTSTK,CIPLA,30-May-2024,1380.0,PE,18.35,24.0,18.3,19.95,19.95,279,2539.58,89050,-11050,06-MAY-2024,
OPTSTK,CIPLA,30-May-2024,1400.0,PE,30.0,32.2,20.0,26.75,26.75,622,5771.98,213200,-29250,06-MAY-2024,
OPTSTK,CIPLA,30-May-2024,1420.0,PE,34.4,42.0,32.85,34.7,34.7,660,6247.84,99450,24050,06-MAY-2024,
OPTSTK,CIPLA,30-May-2024,1440.0,PE,44.8,53.0,42.4,45.1,45.1,183,1767.67,48750,-5200,06-MAY-2024,
OPTSTK,CIPLA,30-May-2024,1460.0,PE,57.8,64.85,54.0,56.7,56.7,28,276.32,21450,0,06-MAY-2024,
OPTSTK,CIPLA,30-May-2024,1480.0,PE,69.95,70.15,69.95,70.15,71.9,2,20.15,7150,-1300,06-MAY-2024,
OPTSTK,CIPLA,30-May-2024,1500.0,PE,87.65,94.4,82.85,84.25,84.25,29,298.8,24700,-3900,06-MAY-2024,
OPTSTK,CIPLA,30-May-2024,1520.0,PE,0.0,0.0,0.0,96.25,101.9,0,0.0,5850,0,06-MAY-2024,
OPTSTK,CIPLA,30-May-2024,1540.0,PE,122.6,122.65,122.6,122.65,118.4,2,21.61,13650,1300,06-MAY-2024,
OPTSTK,CIPLA,30-May-2024,1560.0,PE,132.8,132.8,132.8,132.8,135.75,1,11.0,650,0,06-MAY-2024,
OPTSTK,CIPLA,30-May-2024,1600.0,PE,0.0,0.0,0.0,141.35,172.3,0,0.0,0,0,06-MAY-2024,
OPTSTK,CIPLA,30-May-2024,1640.0,PE,0.0,0.0,0.0,169.35,210.4,0,0.0,0,0,06-MAY-2024,
OPTSTK,CIPLA,30-May-2024,1680.0,PE,0.0,0.0,0.0,199.55,249.45,0,0.0,0,0,06-MAY-2024,
OPTSTK,CIPLA,30-May-2024,1720.0,PE,0.0,0.0,0.0,358.55,288.9,0,0.0,1300,0,06-MAY-2024,
OPTSTK,CIPLA,27-Jun-2024,1160.0,CE,0.0,0.0,0.0,359.7,276.6,0,0.0,0,0,06-MAY-2024,
OPTSTK,CIPLA,27-Jun-2024,1200.0,CE,0.0,0.0,0.0,322.15,238.55,0,0.0,0,0,06-MAY-2024,
OPTSTK,CIPLA,27-Jun-2024,1240.0,CE,0.0,0.0,0.0,285.55,201.8,0,0.0,0,0,06-MAY-2024,
OPTSTK,CIPLA,27-Jun-2024,1260.0,CE,0.0,0.0,0.0,175.0,184.1,0,0.0,0,0,06-MAY-2024,
OPTSTK,CIPLA,27-Jun-2024,1280.0,CE,0.0,0.0,0.0,250.4,167.05,0,0.0,0,0,06-MAY-2024,
OPTSTK,CIPLA,27-Jun-2024,1300.0,CE,0.0,0.0,0.0,143.6,150.6,0,0.0,0,0,06-MAY-2024,
OPTSTK,CIPLA,27-Jun-2024,1320.0,CE,0.0,0.0,0.0,216.95,134.95,0,0.0,0,0,06-MAY-2024,
OPTSTK,CIPLA,27-Jun-2024,1340.0,CE,0.0,0.0,0.0,115.35,120.2,0,0.0,0,0,06-MAY-2024,
OPTSTK,CIPLA,27-Jun-2024,1360.0,CE,0.0,0.0,0.0,185.65,106.2,0,0.0,0,0,06-MAY-2024,
OPTSTK,CIPLA,27-Jun-2024,1380.0,CE,0.0,0.0,0.0,90.65,93.3,0,0.0,0,0,06-MAY-2024,
OPTSTK,CIPLA,27-Jun-2024,1400.0,CE,95.0,96.0,95.0,96.0,81.35,14,136.07,9100,9100,06-MAY-2024,
OPTSTK,CIPLA,27-Jun-2024,1420.0,CE,0.0,0.0,0.0,69.6,70.45,0,0.0,0,0,06-MAY-2024,
OPTSTK,CIPLA,27-Jun-2024,1440.0,CE,0.0,0.0,0.0,130.75,60.55,0,0.0,0,0,06-MAY-2024,
OPTSTK,CIPLA,27-Jun-2024,1460.0,CE,0.0,0.0,0.0,52.25,51.65,0,0.0,0,0,06-MAY-2024,
OPTSTK,CIPLA,27-Jun-2024,1480.0,CE,0.0,0.0,0.0,107.5,43.75,0,0.0,0,0,06-MAY-2024,
OPTSTK,CIPLA,27-Jun-2024,1500.0,CE,43.75,54.05,43.0,52.8,52.8,152,1530.25,131300,45500,06-MAY-2024,
OPTSTK,CIPLA,27-Jun-2024,1520.0,CE,0.0,0.0,0.0,25.0,30.7,0,0.0,650,0,06-MAY-2024,
OPTSTK,CIPLA,27-Jun-2024,1540.0,CE,35.0,36.15,35.0,36.15,25.55,5,51.2,3250,3250,06-MAY-2024,
OPTSTK,CIPLA,27-Jun-2024,1560.0,CE,0.0,0.0,0.0,69.85,21.0,0,0.0,0,0,06-MAY-2024,
OPTSTK,CIPLA,27-Jun-2024,1600.0,CE,15.7,27.0,15.7,27.0,13.9,10,105.44,9100,-650,06-MAY-2024,
OPTSTK,CIPLA,27-Jun-2024,1640.0,CE,0.0,0.0,0.0,43.0,9.0,0,0.0,0,0,06-MAY-2024,
OPTSTK,CIPLA,27-Jun-2024,1680.0,CE,0.0,0.0,0.0,33.2,5.65,0,0.0,0,0,06-MAY-2024,
OPTSTK,CIPLA,27-Jun-2024,1160.0,PE,0.0,0.0,0.0,2.05,1.25,0,0.0,0,0,06-MAY-2024,
OPTSTK,CIPLA,27-Jun-2024,1200.0,PE,5.9,5.9,5.9,5.9,2.75,4,31.35,0,-2600,06-MAY-2024,
OPTSTK,CIPLA,27-Jun-2024,1240.0,PE,0.0,0.0,0.0,6.45,5.6,0,0.0,0,0,06-MAY-2024,
OPTSTK,CIPLA,27-Jun-2024,1260.0,PE,0.0,0.0,0.0,7.5,7.75,0,0.0,3900,0,06-MAY-2024,
OPTSTK,CIPLA,27-Jun-2024,1280.0,PE,0.0,0.0,0.0,10.55,10.45,0,0.0,0,0,06-MAY-2024,
OPTSTK,CIPLA,27-Jun-2024,1300.0,PE,0.0,0.0,0.0,15.0,13.8,0,0.0,4550,0,06-MAY-2024,
OPTSTK,CIPLA,27-Jun-2024,1320.0,PE,0.0,0.0,0.0,16.4,17.95,0,0.0,0,0,06-MAY-2024,
OPTSTK,CIPLA,27-Jun-2024,1340.0,PE,0.0,0.0,0.0,32.35,23.0,0,0.0,0,0,06-MAY-2024,
OPTSTK,CIPLA,27-Jun-2024,1360.0,PE,0.0,0.0,0.0,24.4,28.8,0,0.0,0,0,06-MAY-2024,
OPTSTK,CIPLA,27-Jun-2024,1380.0,PE,0.0,0.0,0.0,47.15,35.65,0,0.0,0,0,06-MAY-2024,
OPTSTK,CIPLA,27-Jun-2024,1400.0,PE,47.0,51.75,46.0,51.75,51.75,3,28.24,5200,1950,06-MAY-2024,
OPTSTK,CIPLA,27-Jun-2024,1420.0,PE,0.0,0.0,0.0,65.6,52.4,0,0.0,0,0,06-MAY-2024,
OPTSTK,CIPLA,27-Jun-2024,1440.0,PE,0.0,0.0,0.0,53.1,62.3,0,0.0,650,0,06-MAY-2024,
OPTSTK,CIPLA,27-Jun-2024,1460.0,PE,0.0,0.0,0.0,87.75,73.2,0,0.0,0,0,06-MAY-2024,
OPTSTK,CIPLA,27-Jun-2024,1480.0,PE,0.0,0.0,0.0,64.1,85.1,0,0.0,0,0,06-MAY-2024,
OPTSTK,CIPLA,27-Jun-2024,1500.0,PE,0.0,0.0,0.0,113.3,97.95,0,0.0,0,0,06-MAY-2024,
OPTSTK,CIPLA,27-Jun-2024,1520.0,PE,0.0,0.0,0.0,83.1,111.65,0,0.0,0,0,06-MAY-2024,
OPTSTK,CIPLA,27-Jun-2024,1540.0,PE,0.0,0.0,0.0,142.05,126.25,0,0.0,0,0,06-MAY-2024,
OPTSTK,CIPLA,27-Jun-2024,1560.0,PE,0.0,0.0,0.0,105.0,141.5,0,0.0,0,0,06-MAY-2024,
OPTSTK,CIPLA,27-Jun-2024,1600.0,PE,0.0,0.0,0.0,129.6,174.05,0,0.0,0,0,06-MAY-2024,
OPTSTK,CIPLA,27-Jun-2024,1640.0,PE,0.0,0.0,0.0,156.75,208.7,0,0.0,0,0,06-MAY-2024,
OPTSTK,CIPLA,27-Jun-2024,1680.0,PE,0.0,0.0,0.0,186.2,244.95,0,0.0,0,0,06-MAY-2024,
OPTSTK,CIPLA,25-Jul-2024,1200.0,CE,0.0,0.0,0.0,238.0,248.9,0,0.0,0,0,06-MAY-2024,
OPTSTK,CIPLA,25-Jul-2024,1240.0,CE,0.0,0.0,0.0,204.65,214.05,0,0.0,0,0,06-MAY-2024,
OPTSTK,CIPLA,25-Jul-2024,1280.0,CE,0.0,0.0,0.0,173.6,181.35,0,0.0,0,0,06-MAY-2024,
OPTSTK,CIPLA,25-Jul-2024,1320.0,CE,0.0,0.0,0.0,145.15,151.2,0,0.0,0,0,06-MAY-2024,
OPTSTK,CIPLA,25-Jul-2024,1360.0,CE,0.0,0.0,0.0,119.6,123.9,0,0.0,0,0,06-MAY-2024,
OPTSTK,CIPLA,25-Jul-2024,1400.0,CE,0.0,0.0,0.0,97.15,99.85,0,0.0,0,0,06-MAY-2024,
OPTSTK,CIPLA,25-Jul-2024,1440.0,CE,0.0,0.0,0.0,77.7,79.05,0,0.0,0,0,06-MAY-2024,
OPTSTK,CIPLA,25-Jul-2024,1480.0,CE,0.0,0.0,0.0,61.25,61.5,0,0.0,0,0,06-MAY-2024,
OPTSTK,CIPLA,25-Jul-2024,1520.0,CE,0.0,0.0,0.0,47.6,47.05,0,0.0,0,0,06-MAY-2024,
OPTSTK,CIPLA,25-Jul-2024,1560.0,CE,0.0,0.0,0.0,36.45,35.4,0,0.0,0,0,06-MAY-2024,
OPTSTK,CIPLA,25-Jul-2024,1600.0,CE,0.0,0.0,0.0,27.6,26.2,0,0.0,0,0,06-MAY-2024,
OPTSTK,CIPLA,25-Jul-2024,1680.0,CE,0.0,0.0,0.0,15.15,13.7,0,0.0,0,0,06-MAY-2024,
OPTSTK,CIPLA,25-Jul-2024,1200.0,PE,0.0,0.0,0.0,10.1,6.5,0,0.0,0,0,06-MAY-2024,
OPTSTK,CIPLA,25-Jul-2024,1240.0,PE,0.0,0.0,0.0,16.05,11.05,0,0.0,0,0,06-MAY-2024,
OPTSTK,CIPLA,25-Jul-2024,1280.0,PE,0.0,0.0,0.0,24.3,17.7,0,0.0,0,0,06-MAY-2024,
OPTSTK,CIPLA,25-Jul-2024,1320.0,PE,0.0,0.0,0.0,35.1,26.95,0,0.0,0,0,06-MAY-2024,
OPTSTK,CIPLA,25-Jul-2024,1360.0,PE,0.0,0.0,0.0,48.85,39.0,0,0.0,0,0,06-MAY-2024,
OPTSTK,CIPLA,25-Jul-2024,1400.0,PE,0.0,0.0,0.0,65.65,54.3,0,0.0,0,0,06-MAY-2024,
OPTSTK,CIPLA,25-Jul-2024,1440.0,PE,0.0,0.0,0.0,85.5,72.9,0,0.0,0,0,06-MAY-2024,
OPTSTK,CIPLA,25-Jul-2024,1480.0,PE,0.0,0.0,0.0,108.35,94.7,0,0.0,0,0,06-MAY-2024,
OPTSTK,CIPLA,25-Jul-2024,1520.0,PE,0.0,0.0,0.0,133.95,119.6,0,0.0,0,0,06-MAY-2024,
OPTSTK,CIPLA,25-Jul-2024,1560.0,PE,0.0,0.0,0.0,162.1,147.3,0,0.0,0,0,06-MAY-2024,
OPTSTK,CIPLA,25-Jul-2024,1600.0,PE,0.0,0.0,0.0,192.5,177.5,0,0.0,0,0,06-MAY-2024,
OPTSTK,CIPLA,25-Jul-2024,1680.0,PE,0.0,0.0,0.0,258.65,243.7,0,0.0,0,0,06-MAY-2024,
OPTSTK,COALINDIA,30-May-2024,380.0,CE,76.0,83.8,76.0,83.8,83.8,2,19.31,27300,0,06-MAY-2024,
OPTSTK,COALINDIA,30-May-2024,385.0,CE,0.0,0.0,0.0,60.15,77.75,0,0.0,0,0,06-MAY-2024,
OPTSTK,COALINDIA,30-May-2024,390.0,CE,0.0,0.0,0.0,68.0,72.95,0,0.0,8400,0,06-MAY-2024,
OPTSTK,COALINDIA,30-May-2024,395.0,CE,0.0,0.0,0.0,52.65,68.2,0,0.0,0,0,06-MAY-2024,
OPTSTK,COALINDIA,30-May-2024,400.0,CE,78.15,78.15,52.4,64.6,64.6,40,390.95,233100,-4200,06-MAY-2024,
OPTSTK,COALINDIA,30-May-2024,405.0,CE,46.75,53.85,46.75,53.85,58.9,3,28.6,14700,2100,06-MAY-2024,
OPTSTK,COALINDIA,30-May-2024,410.0,CE,67.95,67.95,41.8,55.1,54.4,19,184.09,71400,-4200,06-MAY-2024,
OPTSTK,COALINDIA,30-May-2024,415.0,CE,40.45,52.25,39.25,52.25,50.05,8,77.5,18900,8400,06-MAY-2024,
OPTSTK,COALINDIA,30-May-2024,420.0,CE,59.4,59.4,33.85,47.0,47.0,15,146.23,105000,-4200,06-MAY-2024,
OPTSTK,COALINDIA,30-May-2024,425.0,CE,51.9,51.9,31.7,41.5,41.7,30,294.37,58800,6300,06-MAY-2024,
OPTSTK,COALINDIA,30-May-2024,430.0,CE,51.0,51.0,26.2,37.2,37.2,123,1208.4,233100,8400,06-MAY-2024,
OPTSTK,COALINDIA,30-May-2024,435.0,CE,47.0,47.0,22.7,33.5,34.05,60,588.72,84000,-8400,06-MAY-2024,
OPTSTK,COALINDIA,30-May-2024,440.0,CE,44.8,45.0,19.85,29.8,29.8,589,5803.56,405300,-10500,06-MAY-2024,
OPTSTK,COALINDIA,30-May-2024,445.0,CE,38.35,41.85,17.0,26.55,26.55,266,2626.83,182700,27300,06-MAY-2024,
OPTSTK,COALINDIA,30-May-2024,450.0,CE,34.6,37.7,14.6,23.2,23.2,4371,43380.53,1745100,33600,06-MAY-2024,
OPTSTK,COALINDIA,30-May-2024,455.0,CE,31.0,33.8,12.5,20.3,20.3,2136,21320.55,739200,60900,06-MAY-2024,
OPTSTK,COALINDIA,30-May-2024,460.0,CE,28.0,30.0,10.65,17.6,17.6,11095,111317.72,4794300,350700,06-MAY-2024,
OPTSTK,COALINDIA,30-May-2024,465.0,CE,25.05,26.6,9.25,15.35,15.35,4316,43610.74,1281000,191100,06-MAY-2024,
OPTSTK,COALINDIA,30-May-2024,470.0,CE,21.8,23.95,7.9,13.25,13.25,15155,154278.21,6342000,1096200,06-MAY-2024,
OPTSTK,COALINDIA,30-May-2024,475.0,CE,20.0,21.2,6.8,11.3,11.3,7816,80122.31,2379300,816900,06-MAY-2024,
OPTSTK,COALINDIA,30-May-2024,480.0,CE,17.0,18.8,5.75,9.6,9.6,19167,197882.45,6260100,1209600,06-MAY-2024,
OPTSTK,COALINDIA,30-May-2024,485.0,CE,14.0,16.45,4.85,8.1,8.1,4360,45324.43,1234800,75600,06-MAY-2024,
OPTSTK,COALINDIA,30-May-2024,490.0,CE,12.5,14.75,4.1,6.9,6.9,8028,84015.94,5254200,443100,06-MAY-2024,
OPTSTK,COALINDIA,30-May-2024,495.0,CE,10.25,12.6,3.65,5.9,5.9,2197,23174.32,703500,161700,06-MAY-2024,
OPTSTK,COALINDIA,30-May-2024,500.0,CE,9.15,11.05,3.05,5.05,5.05,17781,189068.49,7919100,296100,06-MAY-2024,
OPTSTK,COALINDIA,30-May-2024,505.0,CE,7.65,9.5,2.65,4.35,4.35,722,7733.15,273000,273000,06-MAY-2024,
OPTSTK,COALINDIA,30-May-2024,510.0,CE,8.1,8.4,2.3,3.7,3.7,4646,50204.17,1404900,-86100,06-MAY-2024,
OPTSTK,COALINDIA,30-May-2024,515.0,CE,6.25,6.95,2.0,3.15,3.15,405,4409.59,115500,115500,06-MAY-2024,
OPTSTK,COALINDIA,30-May-2024,520.0,CE,5.45,6.2,1.7,2.7,2.7,7969,87603.15,4922400,-86100,06-MAY-2024,
OPTSTK,COALINDIA,30-May-2024,530.0,CE,3.5,4.65,1.25,1.95,1.95,2643,29548.37,919800,919800,06-MAY-2024,
OPTSTK,COALINDIA,30-May-2024,360.0,PE,0.25,0.85,0.2,0.3,0.3,68,514.7,520800,73500,06-MAY-2024,
OPTSTK,COALINDIA,30-May-2024,380.0,PE,0.4,1.7,0.35,0.55,0.55,554,4432.03,611100,-8400,06-MAY-2024,
OPTSTK,COALINDIA,30-May-2024,385.0,PE,1.45,1.5,0.6,0.75,0.4,31,251.45,50400,50400,06-MAY-2024,
OPTSTK,COALINDIA,30-May-2024,390.0,PE,0.6,2.3,0.5,0.85,0.85,520,4273.8,676200,191100,06-MAY-2024,
OPTSTK,COALINDIA,30-May-2024,395.0,PE,0.65,2.85,0.55,1.1,1.1,429,3572.67,455700,109200,06-MAY-2024,
OPTSTK,COALINDIA,30-May-2024,400.0,PE,0.9,3.45,0.7,1.45,1.45,2367,19973.84,3798900,369600,06-MAY-2024,
OPTSTK,COALINDIA,30-May-2024,405.0,PE,1.0,4.0,0.75,1.7,1.7,585,5004.52,384300,50400,06-MAY-2024,
OPTSTK,COALINDIA,30-May-2024,410.0,PE,1.15,4.85,0.9,2.1,2.1,1450,12564.85,1169700,231000,06-MAY-2024,
OPTSTK,COALINDIA,30-May-2024,415.0,PE,1.4,5.65,1.05,2.55,2.55,987,8669.99,396900,-16800,06-MAY-2024,
OPTSTK,COALINDIA,30-May-2024,420.0,PE,1.6,6.75,1.25,3.15,3.15,3088,27472.59,1929900,-31500,06-MAY-2024,
OPTSTK,COALINDIA,30-May-2024,425.0,PE,2.05,8.1,1.6,3.85,3.85,1078,9721.5,627900,86100,06-MAY-2024,
OPTSTK,COALINDIA,30-May-2024,430.0,PE,2.45,9.6,1.85,4.8,4.8,3236,29570.06,1190700,-285600,06-MAY-2024,
OPTSTK,COALINDIA,30-May-2024,435.0,PE,2.85,11.4,2.3,5.8,5.8,1522,14109.99,375900,-88200,06-MAY-2024,
OPTSTK,COALINDIA,30-May-2024,440.0,PE,3.5,13.5,2.8,7.05,7.05,4685,44050.78,1986600,-86100,06-MAY-2024,
OPTSTK,COALINDIA,30-May-2024,445.0,PE,4.45,15.8,3.4,8.55,8.55,2790,26620.3,976500,403200,06-MAY-2024,
OPTSTK,COALINDIA,30-May-2024,450.0,PE,4.8,18.4,4.25,10.3,10.3,8657,83796.03,2828700,-90300,06-MAY-2024,
OPTSTK,COALINDIA,30-May-2024,455.0,PE,5.6,21.25,5.25,12.3,12.3,3677,36104.19,1446900,-138600,06-MAY-2024,
OPTSTK,COALINDIA,30-May-2024,460.0,PE,7.45,24.25,6.4,14.6,14.6,8371,83419.7,3731700,144900,06-MAY-2024,
OPTSTK,COALINDIA,30-May-2024,465.0,PE,9.4,27.85,8.2,17.2,17.2,3147,31784.73,669900,-100800,06-MAY-2024,
OPTSTK,COALINDIA,30-May-2024,470.0,PE,10.95,31.5,10.05,20.2,20.2,3947,40408.45,1646400,-283500,06-MAY-2024,
OPTSTK,COALINDIA,30-May-2024,475.0,PE,13.8,34.85,12.2,23.15,23.15,1031,10710.53,516600,-86100,06-MAY-2024,
OPTSTK,COALINDIA,30-May-2024,480.0,PE,15.0,39.0,14.7,26.3,26.3,1302,13737.99,674100,48300,06-MAY-2024,
OPTSTK,COALINDIA,30-May-2024,485.0,PE,20.4,42.7,17.5,29.45,29.45,279,2993.8,249900,25200,06-MAY-2024,
OPTSTK,COALINDIA,30-May-2024,490.0,PE,23.6,47.0,20.65,33.35,33.35,121,1328.51,336000,52500,06-MAY-2024,
OPTSTK,COALINDIA,30-May-2024,495.0,PE,25.5,48.4,23.65,37.9,37.9,100,1108.39,140700,23100,06-MAY-2024,
OPTSTK,COALINDIA,30-May-2024,500.0,PE,27.8,55.6,27.0,41.85,41.85,73,826.84,394800,29400,06-MAY-2024,
OPTSTK,COALINDIA,30-May-2024,505.0,PE,36.3,59.6,36.3,41.4,46.4,20,233.38,21000,21000,06-MAY-2024,
OPTSTK,COALINDIA,30-May-2024,510.0,PE,34.2,65.0,34.2,50.75,50.6,28,329.55,84000,27300,06-MAY-2024,
OPTSTK,COALINDIA,30-May-2024,515.0,PE,38.95,64.55,38.95,58.6,54.95,4,47.95,6300,6300,06-MAY-2024,
OPTSTK,COALINDIA,30-May-2024,520.0,PE,43.85,66.7,43.85,58.9,59.4,14,169.78,50400,14700,06-MAY-2024,
OPTSTK,COALINDIA,30-May-2024,530.0,PE,0.0,0.0,0.0,91.4,68.5,0,0.0,0,0,06-MAY-2024,
OPTSTK,COALINDIA,27-Jun-2024,380.0,CE,0.0,0.0,0.0,69.2,86.35,0,0.0,0,0,06-MAY-2024,
OPTSTK,COALINDIA,27-Jun-2024,385.0,CE,0.0,0.0,0.0,76.2,81.85,0,0.0,0,0,06-MAY-2024,
OPTSTK,COALINDIA,27-Jun-2024,390.0,CE,0.0,0.0,0.0,61.9,77.4,0,0.0,0,0,06-MAY-2024,
OPTSTK,COALINDIA,27-Jun-2024,395.0,CE,0.0,0.0,0.0,67.9,73.1,0,0.0,0,0,06-MAY-2024,
OPTSTK,COALINDIA,27-Jun-2024,400.0,CE,0.0,0.0,0.0,55.0,68.85,0,0.0,0,0,06-MAY-2024,
OPTSTK,COALINDIA,27-Jun-2024,405.0,CE,0.0,0.0,0.0,60.05,64.7,0,0.0,0,0,06-MAY-2024,
OPTSTK,COALINDIA,27-Jun-2024,410.0,CE,0.0,0.0,0.0,48.6,60.65,0,0.0,0,0,06-MAY-2024,
OPTSTK,COALINDIA,27-Jun-2024,415.0,CE,0.0,0.0,0.0,62.0,56.75,0,0.0,2100,0,06-MAY-2024,
OPTSTK,COALINDIA,27-Jun-2024,420.0,CE,59.0,59.0,58.5,58.5,53.0,2,20.1,8400,2100,06-MAY-2024,
OPTSTK,COALINDIA,27-Jun-2024,425.0,CE,0.0,0.0,0.0,45.9,49.35,0,0.0,0,0,06-MAY-2024,
OPTSTK,COALINDIA,27-Jun-2024,430.0,CE,0.0,0.0,0.0,37.3,45.85,0,0.0,0,0,06-MAY-2024,
OPTSTK,COALINDIA,27-Jun-2024,435.0,CE,0.0,0.0,0.0,39.6,42.5,0,0.0,0,0,06-MAY-2024,
OPTSTK,COALINDIA,27-Jun-2024,440.0,CE,0.0,0.0,0.0,32.4,39.3,0,0.0,0,0,06-MAY-2024,
OPTSTK,COALINDIA,27-Jun-2024,445.0,CE,0.0,0.0,0.0,33.9,36.25,0,0.0,0,0,06-MAY-2024,
OPTSTK,COALINDIA,27-Jun-2024,450.0,CE,34.65,43.0,31.0,37.85,37.85,27,275.71,58800,14700,06-MAY-2024,
OPTSTK,COALINDIA,27-Jun-2024,455.0,CE,36.0,36.0,36.0,36.0,30.6,1,10.31,0,-2100,06-MAY-2024,
OPTSTK,COALINDIA,27-Jun-2024,460.0,CE,42.8,42.8,25.85,33.0,33.0,29,300.89,109200,14700,06-MAY-2024,
OPTSTK,COALINDIA,27-Jun-2024,465.0,CE,30.95,30.95,30.95,30.95,25.6,1,10.41,0,-2100,06-MAY-2024,
OPTSTK,COALINDIA,27-Jun-2024,470.0,CE,36.45,36.45,22.45,28.2,28.2,36,377.39,65100,29400,06-MAY-2024,
OPTSTK,COALINDIA,27-Jun-2024,475.0,CE,27.0,30.4,26.95,26.95,21.2,6,63.4,6300,6300,06-MAY-2024,
OPTSTK,COALINDIA,27-Jun-2024,480.0,CE,32.5,32.5,18.45,24.4,24.4,70,740.09,58800,23100,06-MAY-2024,
OPTSTK,COALINDIA,27-Jun-2024,485.0,CE,24.4,24.4,24.4,24.4,17.4,1,10.69,2100,2100,06-MAY-2024,
OPTSTK,COALINDIA,27-Jun-2024,490.0,CE,20.35,21.95,20.35,21.95,15.7,2,21.46,4200,0,06-MAY-2024,
OPTSTK,COALINDIA,27-Jun-2024,495.0,CE,0.0,0.0,0.0,13.85,14.1,0,0.0,0,0,06-MAY-2024,
OPTSTK,COALINDIA,27-Jun-2024,500.0,CE,24.0,25.2,12.8,17.85,17.85,381,4153.37,720300,197400,06-MAY-2024,
OPTSTK,COALINDIA,27-Jun-2024,505.0,CE,0.0,0.0,0.0,11.3,11.35,0,0.0,0,0,06-MAY-2024,
OPTSTK,COALINDIA,27-Jun-2024,510.0,CE,0.0,0.0,0.0,10.45,10.2,0,0.0,0,0,06-MAY-2024,
OPTSTK,COALINDIA,27-Jun-2024,515.0,CE,0.0,0.0,0.0,9.15,9.05,0,0.0,0,0,06-MAY-2024,
OPTSTK,COALINDIA,27-Jun-2024,520.0,CE,16.3,17.65,9.4,12.45,8.05,81,907.57,245700,126000,06-MAY-2024,
OPTSTK,COALINDIA,27-Jun-2024,530.0,CE,8.0,12.35,8.0,10.0,6.35,10,113.43,21000,21000,06-MAY-2024,
OPTSTK,COALINDIA,27-Jun-2024,380.0,PE,0.0,0.0,0.0,8.35,1.85,0,0.0,0,0,06-MAY-2024,
OPTSTK,COALINDIA,27-Jun-2024,385.0,PE,0.0,0.0,0.0,3.9,2.3,0,0.0,0,0,06-MAY-2024,
OPTSTK,COALINDIA,27-Jun-2024,390.0,PE,0.0,0.0,0.0,10.8,2.8,0,0.0,0,0,06-MAY-2024,
OPTSTK,COALINDIA,27-Jun-2024,395.0,PE,0.0,0.0,0.0,5.5,3.4,0,0.0,0,0,06-MAY-2024,
OPTSTK,COALINDIA,27-Jun-2024,400.0,PE,4.1,8.5,4.1,6.65,4.1,147,1255.34,375900,73500,06-MAY-2024,
OPTSTK,COALINDIA,27-Jun-2024,405.0,PE,0.0,0.0,0.0,7.55,4.9,0,0.0,0,0,06-MAY-2024,
OPTSTK,COALINDIA,27-Jun-2024,410.0,PE,7.0,8.75,6.8,8.75,5.85,31,272.34,65100,65100,06-MAY-2024,
OPTSTK,COALINDIA,27-Jun-2024,415.0,PE,7.5,10.0,7.5,10.0,6.9,8,71.08,16800,16800,06-MAY-2024,
OPTSTK,COALINDIA,27-Jun-2024,420.0,PE,15.0,15.0,9.2,11.1,11.1,21,189.96,159600,23100,06-MAY-2024,
OPTSTK,COALINDIA,27-Jun-2024,425.0,PE,0.0,0.0,0.0,13.1,9.4,0,0.0,0,0,06-MAY-2024,
OPTSTK,COALINDIA,27-Jun-2024,430.0,PE,9.45,17.0,9.45,14.65,10.8,44,409.93,111300,58800,06-MAY-2024,
OPTSTK,COALINDIA,27-Jun-2024,435.0,PE,15.05,15.05,15.05,15.05,12.4,1,9.45,2100,2100,06-MAY-2024,
OPTSTK,COALINDIA,27-Jun-2024,440.0,PE,13.05,21.95,13.05,17.15,17.15,31,297.93,306600,12600,06-MAY-2024,
OPTSTK,COALINDIA,27-Jun-2024,445.0,PE,0.0,0.0,0.0,20.9,16.05,0,0.0,0,0,06-MAY-2024,
OPTSTK,COALINDIA,27-Jun-2024,450.0,PE,15.0,27.3,15.0,21.85,21.85,181,1793.81,380100,79800,06-MAY-2024,
OPTSTK,COALINDIA,27-Jun-2024,455.0,PE,0.0,0.0,0.0,25.65,20.3,0,0.0,0,0,06-MAY-2024,
OPTSTK,COALINDIA,27-Jun-2024,460.0,PE,19.45,31.0,19.45,26.25,26.25,43,438.59,134400,44100,06-MAY-2024,
OPTSTK,COALINDIA,27-Jun-2024,465.0,PE,29.25,29.25,29.0,29.0,25.2,4,41.5,8400,8400,06-MAY-2024,
OPTSTK,COALINDIA,27-Jun-2024,470.0,PE,32.4,34.4,32.4,34.4,27.85,2,21.14,2100,2100,06-MAY-2024,
OPTSTK,COALINDIA,27-Jun-2024,475.0,PE,0.0,0.0,0.0,36.9,30.7,0,0.0,0,0,06-MAY-2024,
OPTSTK,COALINDIA,27-Jun-2024,480.0,PE,0.0,0.0,0.0,54.75,33.65,0,0.0,0,0,06-MAY-2024,
OPTSTK,COALINDIA,27-Jun-2024,485.0,PE,0.0,0.0,0.0,43.3,36.8,0,0.0,0,0,06-MAY-2024,
OPTSTK,COALINDIA,27-Jun-2024,490.0,PE,0.0,0.0,0.0,61.9,40.05,0,0.0,0,0,06-MAY-2024,
OPTSTK,COALINDIA,27-Jun-2024,495.0,PE,0.0,0.0,0.0,50.2,43.4,0,0.0,0,0,06-MAY-2024,
OPTSTK,COALINDIA,27-Jun-2024,500.0,PE,49.35,49.35,49.35,49.35,46.9,1,11.53,6300,2100,06-MAY-2024,
OPTSTK,COALINDIA,27-Jun-2024,505.0,PE,0.0,0.0,0.0,57.55,50.55,0,0.0,0,0,06-MAY-2024,
OPTSTK,COALINDIA,27-Jun-2024,510.0,PE,0.0,0.0,0.0,77.2,54.35,0,0.0,0,0,06-MAY-2024,
OPTSTK,COALINDIA,27-Jun-2024,515.0,PE,0.0,0.0,0.0,65.25,58.15,0,0.0,0,0,06-MAY-2024,
OPTSTK,COALINDIA,27-Jun-2024,520.0,PE,0.0,0.0,0.0,85.3,62.1,0,0.0,0,0,06-MAY-2024,
OPTSTK,COALINDIA,27-Jun-2024,530.0,PE,0.0,0.0,0.0,93.65,70.3,0,0.0,0,0,06-MAY-2024,
OPTSTK,COALINDIA,25-Jul-2024,380.0,CE,0.0,0.0,0.0,84.9,90.5,0,0.0,0,0,06-MAY-2024,
OPTSTK,COALINDIA,25-Jul-2024,390.0,CE,0.0,0.0,0.0,76.85,82.1,0,0.0,0,0,06-MAY-2024,
OPTSTK,COALINDIA,25-Jul-2024,400.0,CE,0.0,0.0,0.0,69.25,74.05,0,0.0,0,0,06-MAY-2024,
OPTSTK,COALINDIA,25-Jul-2024,410.0,CE,0.0,0.0,0.0,62.1,66.45,0,0.0,0,0,06-MAY-2024,
OPTSTK,COALINDIA,25-Jul-2024,420.0,CE,0.0,0.0,0.0,55.35,59.25,0,0.0,0,0,06-MAY-2024,
OPTSTK,COALINDIA,25-Jul-2024,430.0,CE,0.0,0.0,0.0,49.05,52.5,0,0.0,0,0,06-MAY-2024,
OPTSTK,COALINDIA,25-Jul-2024,440.0,CE,0.0,0.0,0.0,43.25,46.25,0,0.0,0,0,06-MAY-2024,
OPTSTK,COALINDIA,25-Jul-2024,450.0,CE,0.0,0.0,0.0,37.95,40.55,0,0.0,0,0,06-MAY-2024,
OPTSTK,COALINDIA,25-Jul-2024,460.0,CE,0.0,0.0,0.0,33.15,35.3,0,0.0,0,0,06-MAY-2024,
OPTSTK,COALINDIA,25-Jul-2024,470.0,CE,0.0,0.0,0.0,28.8,30.6,0,0.0,0,0,06-MAY-2024,
OPTSTK,COALINDIA,25-Jul-2024,480.0,CE,0.0,0.0,0.0,24.85,26.35,0,0.0,0,0,06-MAY-2024,
OPTSTK,COALINDIA,25-Jul-2024,490.0,CE,0.0,0.0,0.0,21.4,22.55,0,0.0,0,0,06-MAY-2024,
OPTSTK,COALINDIA,25-Jul-2024,500.0,CE,0.0,0.0,0.0,18.3,19.2,0,0.0,0,0,06-MAY-2024,
OPTSTK,COALINDIA,25-Jul-2024,510.0,CE,0.0,0.0,0.0,15.6,16.25,0,0.0,0,0,06-MAY-2024,
OPTSTK,COALINDIA,25-Jul-2024,520.0,CE,0.0,0.0,0.0,13.25,13.75,0,0.0,0,0,06-MAY-2024,
OPTSTK,COALINDIA,25-Jul-2024,540.0,CE,0.0,0.0,0.0,9.4,9.6,0,0.0,0,0,06-MAY-2024,
OPTSTK,COALINDIA,25-Jul-2024,380.0,PE,0.0,0.0,0.0,5.55,3.9,0,0.0,0,0,06-MAY-2024,
OPTSTK,COALINDIA,25-Jul-2024,390.0,PE,0.0,0.0,0.0,7.4,5.35,0,0.0,0,0,06-MAY-2024,
OPTSTK,COALINDIA,25-Jul-2024,400.0,PE,8.0,10.0,8.0,10.0,7.15,6,51.57,23100,6300,06-MAY-2024,
OPTSTK,COALINDIA,25-Jul-2024,410.0,PE,12.0,12.0,12.0,12.0,9.35,1,8.86,2100,2100,06-MAY-2024,
OPTSTK,COALINDIA,25-Jul-2024,420.0,PE,11.0,11.0,10.8,10.8,12.0,2,18.09,14700,0,06-MAY-2024,
OPTSTK,COALINDIA,25-Jul-2024,430.0,PE,19.0,19.0,19.0,19.0,15.1,1,9.42,2100,2100,06-MAY-2024,
OPTSTK,COALINDIA,25-Jul-2024,440.0,PE,0.0,0.0,0.0,22.9,18.7,0,0.0,0,0,06-MAY-2024,
OPTSTK,COALINDIA,25-Jul-2024,450.0,PE,0.0,0.0,0.0,27.4,22.85,0,0.0,0,0,06-MAY-2024,
OPTSTK,COALINDIA,25-Jul-2024,460.0,PE,0.0,0.0,0.0,32.4,27.45,0,0.0,0,0,06-MAY-2024,
OPTSTK,COALINDIA,25-Jul-2024,470.0,PE,0.0,0.0,0.0,37.85,32.55,0,0.0,0,0,06-MAY-2024,
OPTSTK,COALINDIA,25-Jul-2024,480.0,PE,0.0,0.0,0.0,43.75,38.15,0,0.0,0,0,06-MAY-2024,
OPTSTK,COALINDIA,25-Jul-2024,490.0,PE,0.0,0.0,0.0,50.1,44.2,0,0.0,0,0,06-MAY-2024,
OPTSTK,COALINDIA,25-Jul-2024,500.0,PE,0.0,0.0,0.0,56.85,50.7,0,0.0,0,0,06-MAY-2024,
OPTSTK,COALINDIA,25-Jul-2024,510.0,PE,0.0,0.0,0.0,63.95,57.6,0,0.0,0,0,06-MAY-2024,
OPTSTK,COALINDIA,25-Jul-2024,520.0,PE,0.0,0.0,0.0,71.4,64.9,0,0.0,0,0,06-MAY-2024,
OPTSTK,COALINDIA,25-Jul-2024,540.0,PE,0.0,0.0,0.0,87.2,80.45,0,0.0,0,0,06-MAY-2024,
OPTSTK,COFORGE,30-May-2024,3400.0,CE,0.0,0.0,0.0,2144.2,1029.5,0,0.0,0,0,06-MAY-2024,
OPTSTK,COFORGE,30-May-2024,3600.0,CE,0.0,0.0,0.0,2629.75,833.45,0,0.0,0,0,06-MAY-2024,
OPTSTK,COFORGE,30-May-2024,3800.0,CE,0.0,0.0,0.0,1954.55,644.3,0,0.0,0,0,06-MAY-2024,
OPTSTK,COFORGE,30-May-2024,3900.0,CE,0.0,0.0,0.0,1653.3,554.7,0,0.0,0,0,06-MAY-2024,
OPTSTK,COFORGE,30-May-2024,4000.0,CE,532.0,532.0,470.25,473.6,473.6,60,404.62,8850,3000,06-MAY-2024,
OPTSTK,COFORGE,30-May-2024,4100.0,CE,452.55,452.55,394.4,397.05,391.35,9,60.88,300,0,06-MAY-2024,
OPTSTK,COFORGE,30-May-2024,4200.0,CE,385.0,385.0,309.15,309.2,309.2,71,484.68,8550,5550,06-MAY-2024,
OPTSTK,COFORGE,30-May-2024,4300.0,CE,277.8,301.05,243.25,244.2,244.2,104,712.42,12300,7050,06-MAY-2024,
OPTSTK,COFORGE,30-May-2024,4400.0,CE,254.95,255.0,188.0,190.35,190.35,1495,10339.19,86100,52650,06-MAY-2024,
OPTSTK,COFORGE,30-May-2024,4500.0,CE,197.95,201.5,143.0,145.35,145.35,5129,35902.91,420000,118050,06-MAY-2024,
OPTSTK,COFORGE,30-May-2024,4600.0,CE,148.95,154.05,106.1,108.05,108.05,4408,31243.19,370050,60450,06-MAY-2024,
OPTSTK,COFORGE,30-May-2024,4700.0,CE,116.0,116.0,78.25,79.6,79.6,2947,21181.04,273000,37050,06-MAY-2024,
OPTSTK,COFORGE,30-May-2024,4800.0,CE,79.95,85.0,57.4,58.65,58.65,2813,20533.62,283050,39600,06-MAY-2024,
OPTSTK,COFORGE,30-May-2024,4900.0,CE,61.0,61.25,43.5,44.3,44.3,2117,15715.4,220050,47250,06-MAY-2024,
OPTSTK,COFORGE,30-May-2024,5000.0,CE,44.0,46.0,32.9,34.15,34.15,4675,35326.18,641850,87000,06-MAY-2024,
OPTSTK,COFORGE,30-May-2024,5100.0,CE,32.9,33.95,24.5,25.6,25.6,1511,11622.12,247350,-18000,06-MAY-2024,
OPTSTK,COFORGE,30-May-2024,5200.0,CE,26.45,26.5,18.7,19.7,19.7,2000,15663.13,285000,11400,06-MAY-2024,
OPTSTK,COFORGE,30-May-2024,5300.0,CE,20.1,20.1,14.3,15.0,15.0,1146,9139.0,147750,2250,06-MAY-2024,
OPTSTK,COFORGE,30-May-2024,5400.0,CE,15.45,16.05,10.15,11.9,11.9,999,8111.11,189000,1650,06-MAY-2024,
OPTSTK,COFORGE,30-May-2024,5500.0,CE,13.05,13.05,8.65,9.5,9.5,2220,18349.61,504600,-43050,06-MAY-2024,
OPTSTK,COFORGE,30-May-2024,5600.0,CE,10.0,10.05,6.45,6.9,6.9,697,5862.91,113100,5250,06-MAY-2024,
OPTSTK,COFORGE,30-May-2024,5700.0,CE,8.2,8.35,5.25,5.75,5.75,613,5246.88,88650,14400,06-MAY-2024,
OPTSTK,COFORGE,30-May-2024,5800.0,CE,6.75,7.0,4.7,4.9,4.9,757,6591.95,74400,5250,06-MAY-2024,
OPTSTK,COFORGE,30-May-2024,5900.0,CE,5.5,5.65,3.95,4.85,4.85,228,2019.32,32850,-2400,06-MAY-2024,
OPTSTK,COFORGE,30-May-2024,6000.0,CE,6.0,6.0,2.05,4.25,4.25,777,6998.05,292500,-10950,06-MAY-2024,
OPTSTK,COFORGE,30-May-2024,6100.0,CE,4.0,4.55,2.7,3.8,3.8,125,1144.45,15000,-1950,06-MAY-2024,
OPTSTK,COFORGE,30-May-2024,6200.0,CE,4.7,4.7,3.05,3.25,3.25,29,269.86,22950,300,06-MAY-2024,
OPTSTK,COFORGE,30-May-2024,6300.0,CE,2.95,3.2,1.8,3.0,0.1,73,690.13,18150,-4500,06-MAY-2024,
OPTSTK,COFORGE,30-May-2024,6400.0,CE,2.45,3.0,1.2,1.95,1.95,80,768.24,41850,-900,06-MAY-2024,
OPTSTK,COFORGE,30-May-2024,6600.0,CE,1.7,2.9,1.0,2.75,2.75,32,316.87,5850,-2250,06-MAY-2024,
OPTSTK,COFORGE,30-May-2024,3400.0,PE,0.0,0.0,0.0,0.2,0.8,0,0.0,0,0,06-MAY-2024,
OPTSTK,COFORGE,30-May-2024,3600.0,PE,6.65,6.65,6.65,6.65,6.65,18,97.37,2700,2700,06-MAY-2024,
OPTSTK,COFORGE,30-May-2024,3800.0,PE,12.0,28.5,12.0,23.9,23.9,3524,20213.72,143400,62850,06-MAY-2024,
OPTSTK,COFORGE,30-May-2024,3900.0,PE,18.85,35.65,18.0,30.75,30.75,961,5661.73,52650,28050,06-MAY-2024,
OPTSTK,COFORGE,30-May-2024,4000.0,PE,29.95,46.95,21.95,41.4,41.4,2777,16816.49,230100,17100,06-MAY-2024,
OPTSTK,COFORGE,30-May-2024,4100.0,PE,37.8,62.25,34.45,56.75,56.75,1451,9039.19,100200,19950,06-MAY-2024,
OPTSTK,COFORGE,30-May-2024,4200.0,PE,50.15,85.45,49.4,80.4,80.4,2218,14207.91,241500,12750,06-MAY-2024,
OPTSTK,COFORGE,30-May-2024,4300.0,PE,75.1,118.35,73.15,114.0,114.0,1104,7290.72,85200,19950,06-MAY-2024,
OPTSTK,COFORGE,30-May-2024,4400.0,PE,110.0,162.0,105.0,159.45,159.45,2034,13863.17,153750,31200,06-MAY-2024,
OPTSTK,COFORGE,30-May-2024,4500.0,PE,159.05,230.95,148.55,214.35,214.35,2154,15151.94,232500,-4800,06-MAY-2024,
OPTSTK,COFORGE,30-May-2024,4600.0,PE,199.15,280.3,199.15,276.9,276.9,539,3918.95,142800,-9750,06-MAY-2024,
OPTSTK,COFORGE,30-May-2024,4700.0,PE,293.55,348.9,280.0,347.45,347.45,167,1256.25,82050,3900,06-MAY-2024,
OPTSTK,COFORGE,30-May-2024,4800.0,PE,340.05,430.25,340.05,426.9,426.9,89,693.54,61350,-750,06-MAY-2024,
OPTSTK,COFORGE,30-May-2024,4900.0,PE,490.0,509.6,440.05,509.6,509.15,24,193.38,42900,-150,06-MAY-2024,
OPTSTK,COFORGE,30-May-2024,5000.0,PE,519.3,603.9,518.4,600.0,600.0,88,734.08,104550,600,06-MAY-2024,
OPTSTK,COFORGE,30-May-2024,5100.0,PE,619.3,690.0,605.5,688.8,688.8,43,370.67,112350,600,06-MAY-2024,
OPTSTK,COFORGE,30-May-2024,5200.0,PE,719.4,776.05,698.0,776.05,777.3,40,355.63,46500,300,06-MAY-2024,
OPTSTK,COFORGE,30-May-2024,5300.0,PE,836.1,882.2,831.0,882.2,882.2,4,36.87,28350,0,06-MAY-2024,
OPTSTK,COFORGE,30-May-2024,5400.0,PE,962.5,978.85,905.0,978.85,968.15,5,47.54,24000,-600,06-MAY-2024,
OPTSTK,COFORGE,30-May-2024,5500.0,PE,1003.4,1087.15,1003.4,1087.15,1087.15,28,274.44,69600,-2400,06-MAY-2024,
OPTSTK,COFORGE,30-May-2024,5600.0,PE,1120.0,1120.0,1092.0,1092.0,1163.55,2,20.11,26850,-300,06-MAY-2024,
OPTSTK,COFORGE,30-May-2024,5700.0,PE,1227.5,1227.5,1200.15,1200.15,1262.2,22,228.05,8400,-1350,06-MAY-2024,
OPTSTK,COFORGE,30-May-2024,5800.0,PE,1320.0,1337.7,1320.0,1337.7,1361.15,2,21.38,13500,-300,06-MAY-2024,
OPTSTK,COFORGE,30-May-2024,5900.0,PE,0.0,0.0,0.0,868.0,1460.3,0,0.0,1200,0,06-MAY-2024,
OPTSTK,COFORGE,30-May-2024,6000.0,PE,1565.0,1565.0,1565.0,1565.0,1565.0,1,11.34,15900,150,06-MAY-2024,
OPTSTK,COFORGE,30-May-2024,6100.0,PE,0.0,0.0,0.0,880.0,1659.0,0,0.0,300,0,06-MAY-2024,
OPTSTK,COFORGE,30-May-2024,6200.0,PE,0.0,0.0,0.0,978.9,1758.5,0,0.0,300,0,06-MAY-2024,
OPTSTK,COFORGE,30-May-2024,6300.0,PE,0.0,0.0,0.0,957.7,1858.0,0,0.0,2100,0,06-MAY-2024,
OPTSTK,COFORGE,30-May-2024,6400.0,PE,0.0,0.0,0.0,1250.0,1957.5,0,0.0,1200,0,06-MAY-2024,
OPTSTK,COFORGE,30-May-2024,6600.0,PE,0.0,0.0,0.0,1389.4,2156.55,0,0.0,1500,0,06-MAY-2024,
OPTSTK,COFORGE,30-May-2024,6800.0,PE,0.0,0.0,0.0,1275.0,2355.6,0,0.0,150,0,06-MAY-2024,
OPTSTK,COFORGE,27-Jun-2024,3400.0,CE,0.0,0.0,0.0,1858.9,1057.8,0,0.0,0,0,06-MAY-2024,
OPTSTK,COFORGE,27-Jun-2024,3600.0,CE,0.0,0.0,0.0,1969.95,873.7,0,0.0,0,0,06-MAY-2024,
OPTSTK,COFORGE,27-Jun-2024,3800.0,CE,0.0,0.0,0.0,1777.45,701.75,0,0.0,0,0,06-MAY-2024,
OPTSTK,COFORGE,27-Jun-2024,3900.0,CE,0.0,0.0,0.0,1368.0,621.8,0,0.0,0,0,06-MAY-2024,
OPTSTK,COFORGE,27-Jun-2024,4000.0,CE,0.0,0.0,0.0,1588.4,546.8,0,0.0,0,0,06-MAY-2024,
OPTSTK,COFORGE,27-Jun-2024,4100.0,CE,0.0,0.0,0.0,1180.75,476.65,0,0.0,0,0,06-MAY-2024,
OPTSTK,COFORGE,27-Jun-2024,4200.0,CE,0.0,0.0,0.0,1404.55,412.3,0,0.0,0,0,06-MAY-2024,
OPTSTK,COFORGE,27-Jun-2024,4300.0,CE,0.0,0.0,0.0,1001.45,353.7,0,0.0,0,0,06-MAY-2024,
OPTSTK,COFORGE,27-Jun-2024,4400.0,CE,320.0,320.0,315.0,315.35,315.35,14,99.02,2100,2100,06-MAY-2024,
OPTSTK,COFORGE,27-Jun-2024,4500.0,CE,310.0,315.55,273.95,277.75,277.75,53,381.18,9750,4350,06-MAY-2024,
OPTSTK,COFORGE,27-Jun-2024,4600.0,CE,238.95,238.95,238.95,238.95,238.95,1,7.25,600,0,06-MAY-2024,
OPTSTK,COFORGE,27-Jun-2024,4700.0,CE,225.0,225.0,199.0,199.0,176.65,8,58.94,2700,450,06-MAY-2024,
OPTSTK,COFORGE,27-Jun-2024,4800.0,CE,0.0,0.0,0.0,905.15,145.6,0,0.0,0,0,06-MAY-2024,
OPTSTK,COFORGE,27-Jun-2024,4900.0,CE,0.0,0.0,0.0,542.55,119.3,0,0.0,0,0,06-MAY-2024,
OPTSTK,COFORGE,27-Jun-2024,5000.0,CE,139.9,139.9,116.1,122.6,122.6,140,1076.53,26700,9750,06-MAY-2024,
OPTSTK,COFORGE,27-Jun-2024,5100.0,CE,0.0,0.0,0.0,424.1,78.05,0,0.0,0,0,06-MAY-2024,
OPTSTK,COFORGE,27-Jun-2024,5200.0,CE,82.55,90.65,82.0,90.65,62.55,4,31.7,750,450,06-MAY-2024,
OPTSTK,COFORGE,27-Jun-2024,5300.0,CE,0.0,0.0,0.0,324.5,49.75,0,0.0,0,0,06-MAY-2024,
OPTSTK,COFORGE,27-Jun-2024,5400.0,CE,0.0,0.0,0.0,57.8,39.3,0,0.0,9750,0,06-MAY-2024,
OPTSTK,COFORGE,27-Jun-2024,5500.0,CE,48.05,51.0,48.05,51.0,51.0,4,33.29,600,-300,06-MAY-2024,
OPTSTK,COFORGE,27-Jun-2024,5600.0,CE,0.0,0.0,0.0,422.8,24.1,0,0.0,0,0,06-MAY-2024,
OPTSTK,COFORGE,27-Jun-2024,5700.0,CE,0.0,0.0,0.0,178.6,18.7,0,0.0,0,0,06-MAY-2024,
OPTSTK,COFORGE,27-Jun-2024,5800.0,CE,29.7,29.7,27.0,27.0,14.45,2,17.48,3150,300,06-MAY-2024,
OPTSTK,COFORGE,27-Jun-2024,5900.0,CE,0.0,0.0,0.0,128.95,11.1,0,0.0,0,0,06-MAY-2024,
OPTSTK,COFORGE,27-Jun-2024,6000.0,CE,0.0,0.0,0.0,24.0,8.45,0,0.0,450,0,06-MAY-2024,
OPTSTK,COFORGE,27-Jun-2024,6200.0,CE,0.0,0.0,0.0,210.75,4.85,0,0.0,0,0,06-MAY-2024,
OPTSTK,COFORGE,27-Jun-2024,3400.0,PE,0.0,0.0,0.0,1.2,9.7,0,0.0,0,0,06-MAY-2024,
OPTSTK,COFORGE,27-Jun-2024,3600.0,PE,0.0,0.0,0.0,3.15,23.55,0,0.0,0,0,06-MAY-2024,
OPTSTK,COFORGE,27-Jun-2024,3800.0,PE,0.0,0.0,0.0,7.1,49.55,0,0.0,0,0,06-MAY-2024,
OPTSTK,COFORGE,27-Jun-2024,3900.0,PE,80.0,80.0,80.0,80.0,68.6,1,5.97,150,150,06-MAY-2024,
OPTSTK,COFORGE,27-Jun-2024,4000.0,PE,75.1,117.95,75.1,116.2,116.2,86,530.0,28200,8100,06-MAY-2024,
OPTSTK,COFORGE,27-Jun-2024,4100.0,PE,0.0,0.0,0.0,18.85,121.35,0,0.0,0,0,06-MAY-2024,
OPTSTK,COFORGE,27-Jun-2024,4200.0,PE,141.05,172.0,141.05,172.0,172.0,9,58.88,2550,1350,06-MAY-2024,
OPTSTK,COFORGE,27-Jun-2024,4300.0,PE,0.0,0.0,0.0,37.05,196.35,0,0.0,0,0,06-MAY-2024,
OPTSTK,COFORGE,27-Jun-2024,4400.0,PE,220.0,270.7,218.25,264.3,264.3,27,188.2,7200,2100,06-MAY-2024,
OPTSTK,COFORGE,27-Jun-2024,4500.0,PE,263.55,325.0,258.05,322.4,322.4,54,388.77,14550,3300,06-MAY-2024,
OPTSTK,COFORGE,27-Jun-2024,4600.0,PE,0.0,0.0,0.0,285.8,352.2,0,0.0,1800,0,06-MAY-2024,
OPTSTK,COFORGE,27-Jun-2024,4700.0,PE,0.0,0.0,0.0,366.85,415.15,0,0.0,300,0,06-MAY-2024,
OPTSTK,COFORGE,27-Jun-2024,4800.0,PE,0.0,0.0,0.0,415.0,483.05,0,0.0,1950,0,06-MAY-2024,
OPTSTK,COFORGE,27-Jun-2024,4900.0,PE,0.0,0.0,0.0,170.6,555.75,0,0.0,0,0,06-MAY-2024,
OPTSTK,COFORGE,27-Jun-2024,5000.0,PE,605.0,645.0,605.0,645.0,632.4,2,16.87,4950,150,06-MAY-2024,
OPTSTK,COFORGE,27-Jun-2024,5100.0,PE,0.0,0.0,0.0,249.65,712.5,0,0.0,0,0,06-MAY-2024,
OPTSTK,COFORGE,27-Jun-2024,5200.0,PE,0.0,0.0,0.0,238.9,795.9,0,0.0,0,0,06-MAY-2024,
OPTSTK,COFORGE,27-Jun-2024,5300.0,PE,0.0,0.0,0.0,347.55,882.1,0,0.0,0,0,06-MAY-2024,
OPTSTK,COFORGE,27-Jun-2024,5400.0,PE,0.0,0.0,0.0,322.1,970.6,0,0.0,0,0,06-MAY-2024,
OPTSTK,COFORGE,27-Jun-2024,5500.0,PE,0.0,0.0,0.0,463.7,1061.15,0,0.0,0,0,06-MAY-2024,
OPTSTK,COFORGE,27-Jun-2024,5600.0,PE,0.0,0.0,0.0,420.3,1153.35,0,0.0,0,0,06-MAY-2024,
OPTSTK,COFORGE,27-Jun-2024,5700.0,PE,0.0,0.0,0.0,596.6,1246.9,0,0.0,0,0,06-MAY-2024,
OPTSTK,COFORGE,27-Jun-2024,5800.0,PE,0.0,0.0,0.0,400.0,1341.6,0,0.0,300,0,06-MAY-2024,
OPTSTK,COFORGE,27-Jun-2024,5900.0,PE,0.0,0.0,0.0,744.45,1437.25,0,0.0,0,0,06-MAY-2024,
OPTSTK,COFORGE,27-Jun-2024,6000.0,PE,0.0,0.0,0.0,659.1,1533.6,0,0.0,0,0,06-MAY-2024,
OPTSTK,COFORGE,27-Jun-2024,6200.0,PE,0.0,0.0,0.0,797.45,1727.95,0,0.0,0,0,06-MAY-2024,
OPTSTK,COFORGE,25-Jul-2024,3600.0,CE,0.0,0.0,0.0,1682.6,917.95,0,0.0,0,0,06-MAY-2024,
OPTSTK,COFORGE,25-Jul-2024,3800.0,CE,0.0,0.0,0.0,1494.0,757.25,0,0.0,0,0,06-MAY-2024,
OPTSTK,COFORGE,25-Jul-2024,4000.0,CE,0.0,0.0,0.0,1311.15,612.6,0,0.0,0,0,06-MAY-2024,
OPTSTK,COFORGE,25-Jul-2024,4200.0,CE,0.0,0.0,0.0,1136.3,485.65,0,0.0,0,0,06-MAY-2024,
OPTSTK,COFORGE,25-Jul-2024,4400.0,CE,0.0,0.0,0.0,971.8,377.7,0,0.0,0,0,06-MAY-2024,
OPTSTK,COFORGE,25-Jul-2024,4600.0,CE,0.0,0.0,0.0,820.0,288.2,0,0.0,0,0,06-MAY-2024,
OPTSTK,COFORGE,25-Jul-2024,4800.0,CE,0.0,0.0,0.0,681.95,215.95,0,0.0,0,0,06-MAY-2024,
OPTSTK,COFORGE,25-Jul-2024,5000.0,CE,0.0,0.0,0.0,559.55,159.05,0,0.0,0,0,06-MAY-2024,
OPTSTK,COFORGE,25-Jul-2024,5200.0,CE,0.0,0.0,0.0,452.95,115.45,0,0.0,0,0,06-MAY-2024,
OPTSTK,COFORGE,25-Jul-2024,5400.0,CE,0.0,0.0,0.0,361.8,82.5,0,0.0,0,0,06-MAY-2024,
OPTSTK,COFORGE,25-Jul-2024,5600.0,CE,0.0,0.0,0.0,285.35,58.15,0,0.0,0,0,06-MAY-2024,
OPTSTK,COFORGE,25-Jul-2024,5800.0,CE,0.0,0.0,0.0,222.35,40.45,0,0.0,0,0,06-MAY-2024,
OPTSTK,COFORGE,25-Jul-2024,6000.0,CE,0.0,0.0,0.0,117.0,27.8,0,0.0,2100,0,06-MAY-2024,
OPTSTK,COFORGE,25-Jul-2024,3600.0,PE,0.0,0.0,0.0,7.1,47.95,0,0.0,0,0,06-MAY-2024,
OPTSTK,COFORGE,25-Jul-2024,3800.0,PE,0.0,0.0,0.0,14.9,84.15,0,0.0,0,0,06-MAY-2024,
OPTSTK,COFORGE,25-Jul-2024,4000.0,PE,100.0,100.0,100.0,100.0,136.35,2,12.3,1500,150,06-MAY-2024,
OPTSTK,COFORGE,25-Jul-2024,4200.0,PE,0.0,0.0,0.0,49.95,206.2,0,0.0,0,0,06-MAY-2024,
OPTSTK,COFORGE,25-Jul-2024,4400.0,PE,0.0,0.0,0.0,81.85,295.1,0,0.0,0,0,06-MAY-2024,
OPTSTK,COFORGE,25-Jul-2024,4600.0,PE,0.0,0.0,0.0,126.4,402.4,0,0.0,0,0,06-MAY-2024,
OPTSTK,COFORGE,25-Jul-2024,4800.0,PE,0.0,0.0,0.0,240.75,527.0,0,0.0,150,0,06-MAY-2024,
OPTSTK,COFORGE,25-Jul-2024,5000.0,PE,0.0,0.0,0.0,258.75,666.95,0,0.0,0,0,06-MAY-2024,
OPTSTK,COFORGE,25-Jul-2024,5200.0,PE,0.0,0.0,0.0,350.0,820.2,0,0.0,150,0,06-MAY-2024,
OPTSTK,COFORGE,25-Jul-2024,5400.0,PE,0.0,0.0,0.0,453.8,984.1,0,0.0,0,0,06-MAY-2024,
OPTSTK,COFORGE,25-Jul-2024,5600.0,PE,0.0,0.0,0.0,573.75,1156.6,0,0.0,0,0,06-MAY-2024,
OPTSTK,COFORGE,25-Jul-2024,5800.0,PE,0.0,0.0,0.0,707.1,1335.7,0,0.0,0,0,06-MAY-2024,
OPTSTK,COFORGE,25-Jul-2024,6000.0,PE,0.0,0.0,0.0,852.65,1519.9,0,0.0,0,0,06-MAY-2024,
OPTSTK,COLPAL,30-May-2024,2240.0,CE,0.0,0.0,0.0,596.4,628.65,0,0.0,350,0,06-MAY-2024,
OPTSTK,COLPAL,30-May-2024,2400.0,CE,0.0,0.0,0.0,448.75,469.65,0,0.0,3850,0,06-MAY-2024,
OPTSTK,COLPAL,30-May-2024,2440.0,CE,0.0,0.0,0.0,199.25,430.1,0,0.0,0,0,06-MAY-2024,
OPTSTK,COLPAL,30-May-2024,2480.0,CE,0.0,0.0,0.0,175.0,390.8,0,0.0,0,0,06-MAY-2024,
OPTSTK,COLPAL,30-May-2024,2500.0,CE,0.0,0.0,0.0,236.0,371.3,0,0.0,1750,0,06-MAY-2024,
OPTSTK,COLPAL,30-May-2024,2520.0,CE,0.0,0.0,0.0,152.7,351.95,0,0.0,0,0,06-MAY-2024,
OPTSTK,COLPAL,30-May-2024,2560.0,CE,0.0,0.0,0.0,132.4,313.7,0,0.0,0,0,06-MAY-2024,
OPTSTK,COLPAL,30-May-2024,2580.0,CE,0.0,0.0,0.0,211.2,294.95,0,0.0,0,0,06-MAY-2024,
OPTSTK,COLPAL,30-May-2024,2600.0,CE,262.95,262.95,261.4,262.05,262.05,15,150.25,5250,-5250,06-MAY-2024,
OPTSTK,COLPAL,30-May-2024,2620.0,CE,0.0,0.0,0.0,184.6,258.25,0,0.0,0,0,06-MAY-2024,
OPTSTK,COLPAL,30-May-2024,2640.0,CE,0.0,0.0,0.0,150.45,240.45,0,0.0,1050,0,06-MAY-2024,
OPTSTK,COLPAL,30-May-2024,2660.0,CE,0.0,0.0,0.0,185.0,223.1,0,0.0,700,0,06-MAY-2024,
OPTSTK,COLPAL,30-May-2024,2680.0,CE,0.0,0.0,0.0,169.9,206.2,0,0.0,700,0,06-MAY-2024,
OPTSTK,COLPAL,30-May-2024,2700.0,CE,163.65,181.2,138.5,181.2,181.2,9,89.91,8400,350,06-MAY-2024,
OPTSTK,COLPAL,30-May-2024,2720.0,CE,0.0,0.0,0.0,153.7,174.1,0,0.0,1050,0,06-MAY-2024,
OPTSTK,COLPAL,30-May-2024,2740.0,CE,123.95,123.95,123.95,123.95,159.1,1,10.02,4900,0,06-MAY-2024,
OPTSTK,COLPAL,30-May-2024,2760.0,CE,0.0,0.0,0.0,99.75,144.55,0,0.0,1750,0,06-MAY-2024,
OPTSTK,COLPAL,30-May-2024,2780.0,CE,101.65,101.65,96.8,98.8,130.85,7,70.53,5600,350,06-MAY-2024,
OPTSTK,COLPAL,30-May-2024,2800.0,CE,85.0,123.95,75.7,116.2,116.2,750,7624.32,75250,18550,06-MAY-2024,
OPTSTK,COLPAL,30-May-2024,2820.0,CE,72.05,112.0,65.25,103.8,103.8,124,1262.45,11550,3150,06-MAY-2024,
OPTSTK,COLPAL,30-May-2024,2840.0,CE,74.95,102.75,60.5,90.75,90.75,363,3713.09,33600,5250,06-MAY-2024,
OPTSTK,COLPAL,30-May-2024,2860.0,CE,60.05,90.25,53.2,84.75,84.75,217,2231.26,43050,16100,06-MAY-2024,
OPTSTK,COLPAL,30-May-2024,2880.0,CE,78.95,85.6,76.0,77.65,77.65,84,869.54,19250,3150,06-MAY-2024,
OPTSTK,COLPAL,30-May-2024,2900.0,CE,42.0,76.4,38.5,69.0,69.0,1095,11351.89,78400,20650,06-MAY-2024,
OPTSTK,COLPAL,30-May-2024,2920.0,CE,41.2,65.55,34.5,61.55,61.55,156,1625.21,15400,10150,06-MAY-2024,
OPTSTK,COLPAL,30-May-2024,2940.0,CE,53.1,55.8,52.85,54.55,54.55,6,62.88,1400,1050,06-MAY-2024,
OPTSTK,COLPAL,30-May-2024,2960.0,CE,24.85,53.7,24.85,48.5,48.5,68,713.55,8050,-1050,06-MAY-2024,
OPTSTK,COLPAL,30-May-2024,2980.0,CE,0.0,0.0,0.0,26.65,36.95,0,0.0,2100,0,06-MAY-2024,
OPTSTK,COLPAL,30-May-2024,3000.0,CE,18.05,41.5,17.5,37.0,37.0,959,10173.18,65450,12250,06-MAY-2024,
OPTSTK,COLPAL,30-May-2024,3020.0,CE,19.05,37.2,16.4,33.6,33.6,77,821.68,5600,1050,06-MAY-2024,
OPTSTK,COLPAL,30-May-2024,3040.0,CE,13.3,31.15,12.8,29.0,29.0,93,997.41,12950,1750,06-MAY-2024,
OPTSTK,COLPAL,30-May-2024,3060.0,CE,13.45,26.15,10.8,24.05,24.05,61,656.81,8750,2100,06-MAY-2024,
OPTSTK,COLPAL,30-May-2024,3080.0,CE,9.75,22.0,9.75,21.5,21.5,21,227.59,16450,350,06-MAY-2024,
OPTSTK,COLPAL,30-May-2024,3100.0,CE,9.0,19.45,7.75,18.1,18.1,175,1907.13,30450,12600,06-MAY-2024,
OPTSTK,COLPAL,30-May-2024,3120.0,CE,7.05,16.05,6.2,15.0,15.0,88,964.34,14700,-1400,06-MAY-2024,
OPTSTK,COLPAL,30-May-2024,3160.0,CE,11.35,11.35,11.35,11.35,11.35,3,33.29,7700,0,06-MAY-2024,
OPTSTK,COLPAL,30-May-2024,3200.0,CE,5.0,8.7,3.0,7.75,7.75,692,7763.76,52850,3500,06-MAY-2024,
OPTSTK,COLPAL,30-May-2024,3240.0,CE,5.15,5.15,5.15,5.15,5.15,1,11.35,350,350,06-MAY-2024,
OPTSTK,COLPAL,30-May-2024,2400.0,PE,2.5,2.5,2.5,2.5,0.25,3,25.22,5600,0,06-MAY-2024,
OPTSTK,COLPAL,30-May-2024,2440.0,PE,0.0,0.0,0.0,68.15,0.55,0,0.0,0,0,06-MAY-2024,
OPTSTK,COLPAL,30-May-2024,2460.0,PE,0.0,0.0,0.0,4.0,0.75,0,0.0,350,0,06-MAY-2024,
OPTSTK,COLPAL,30-May-2024,2480.0,PE,0.0,0.0,0.0,83.2,1.05,0,0.0,0,0,06-MAY-2024,
OPTSTK,COLPAL,30-May-2024,2500.0,PE,5.9,7.0,4.5,5.6,5.6,143,1254.14,48650,20300,06-MAY-2024,
OPTSTK,COLPAL,30-May-2024,2520.0,PE,0.0,0.0,0.0,5.2,2.0,0,0.0,3500,0,06-MAY-2024,
OPTSTK,COLPAL,30-May-2024,2540.0,PE,0.0,0.0,0.0,5.35,2.7,0,0.0,0,0,06-MAY-2024,
OPTSTK,COLPAL,30-May-2024,2560.0,PE,0.0,0.0,0.0,11.0,3.6,0,0.0,1750,0,06-MAY-2024,
OPTSTK,COLPAL,30-May-2024,2580.0,PE,0.0,0.0,0.0,10.4,4.75,0,0.0,12600,0,06-MAY-2024,
OPTSTK,COLPAL,30-May-2024,2600.0,PE,12.0,17.5,11.5,13.0,13.0,122,1116.18,61950,2450,06-MAY-2024,
OPTSTK,COLPAL,30-May-2024,2620.0,PE,15.0,15.0,15.0,15.0,15.0,1,9.22,1400,0,06-MAY-2024,
OPTSTK,COLPAL,30-May-2024,2640.0,PE,0.0,0.0,0.0,26.35,10.0,0,0.0,3500,0,06-MAY-2024,
OPTSTK,COLPAL,30-May-2024,2660.0,PE,22.0,28.05,19.6,21.05,21.05,53,497.81,13650,4550,06-MAY-2024,
OPTSTK,COLPAL,30-May-2024,2680.0,PE,24.0,24.0,24.0,24.0,24.0,1,9.46,8050,350,06-MAY-2024,
OPTSTK,COLPAL,30-May-2024,2700.0,PE,39.5,40.0,27.0,29.6,29.6,219,2093.66,39200,5600,06-MAY-2024,
OPTSTK,COLPAL,30-May-2024,2720.0,PE,0.0,0.0,0.0,37.3,23.3,0,0.0,2450,0,06-MAY-2024,
OPTSTK,COLPAL,30-May-2024,2740.0,PE,52.0,52.0,46.1,46.1,28.15,7,68.31,7700,0,06-MAY-2024,
OPTSTK,COLPAL,30-May-2024,2760.0,PE,56.0,56.0,42.1,45.15,45.15,14,137.51,13650,2800,06-MAY-2024,
OPTSTK,COLPAL,30-May-2024,2780.0,PE,63.1,71.45,50.35,52.2,52.2,41,407.27,11900,-1750,06-MAY-2024,
OPTSTK,COLPAL,30-May-2024,2800.0,PE,70.5,81.6,58.15,61.45,61.45,160,1604.72,36050,5250,06-MAY-2024,
OPTSTK,COLPAL,30-May-2024,2820.0,PE,88.35,88.35,67.25,71.2,71.2,10,101.29,4550,2450,06-MAY-2024,
OPTSTK,COLPAL,30-May-2024,2840.0,PE,87.9,93.95,76.4,80.7,80.7,23,235.4,6650,2800,06-MAY-2024,
OPTSTK,COLPAL,30-May-2024,2860.0,PE,106.7,106.7,86.65,92.15,92.15,19,196.38,6650,4200,06-MAY-2024,
OPTSTK,COLPAL,30-May-2024,2880.0,PE,0.0,0.0,0.0,112.1,82.45,0,0.0,700,0,06-MAY-2024,
OPTSTK,COLPAL,30-May-2024,2900.0,PE,125.0,125.0,111.0,111.05,111.05,4,42.2,1050,-350,06-MAY-2024,
OPTSTK,COLPAL,30-May-2024,2920.0,PE,0.0,0.0,0.0,139.9,105.2,0,0.0,1050,0,06-MAY-2024,
OPTSTK,COLPAL,30-May-2024,2940.0,PE,0.0,0.0,0.0,240.85,117.7,0,0.0,0,0,06-MAY-2024,
OPTSTK,COLPAL,30-May-2024,2960.0,PE,170.3,170.3,170.05,170.05,130.95,2,21.91,700,700,06-MAY-2024,
OPTSTK,COLPAL,30-May-2024,2980.0,PE,0.0,0.0,0.0,271.45,144.9,0,0.0,0,0,06-MAY-2024,
OPTSTK,COLPAL,30-May-2024,3000.0,PE,0.0,0.0,0.0,201.1,159.65,0,0.0,1050,0,06-MAY-2024,
OPTSTK,COLPAL,30-May-2024,3020.0,PE,0.0,0.0,0.0,223.1,174.75,0,0.0,350,0,06-MAY-2024,
OPTSTK,COLPAL,30-May-2024,3040.0,PE,0.0,0.0,0.0,253.8,190.55,0,0.0,1050,0,06-MAY-2024,
OPTSTK,COLPAL,30-May-2024,3060.0,PE,0.0,0.0,0.0,336.9,206.9,0,0.0,0,0,06-MAY-2024,
OPTSTK,COLPAL,30-May-2024,3080.0,PE,0.0,0.0,0.0,509.05,223.7,0,0.0,0,0,06-MAY-2024,
OPTSTK,COLPAL,30-May-2024,3100.0,PE,0.0,0.0,0.0,371.35,240.9,0,0.0,0,0,06-MAY-2024,
OPTSTK,COLPAL,30-May-2024,3120.0,PE,0.0,0.0,0.0,545.95,258.55,0,0.0,0,0,06-MAY-2024,
OPTSTK,COLPAL,30-May-2024,3160.0,PE,0.0,0.0,0.0,583.3,294.75,0,0.0,0,0,06-MAY-2024,
OPTSTK,COLPAL,30-May-2024,3200.0,PE,0.0,0.0,0.0,621.0,332.0,0,0.0,0,0,06-MAY-2024,
OPTSTK,COLPAL,30-May-2024,3240.0,PE,0.0,0.0,0.0,659.0,370.05,0,0.0,0,0,06-MAY-2024,
OPTSTK,COLPAL,27-Jun-2024,2400.0,CE,0.0,0.0,0.0,376.8,486.5,0,0.0,0,0,06-MAY-2024,
OPTSTK,COLPAL,27-Jun-2024,2440.0,CE,0.0,0.0,0.0,344.25,448.65,0,0.0,0,0,06-MAY-2024,
OPTSTK,COLPAL,27-Jun-2024,2480.0,CE,0.0,0.0,0.0,313.05,411.5,0,0.0,0,0,06-MAY-2024,
OPTSTK,COLPAL,27-Jun-2024,2520.0,CE,0.0,0.0,0.0,283.35,375.25,0,0.0,0,0,06-MAY-2024,
OPTSTK,COLPAL,27-Jun-2024,2560.0,CE,0.0,0.0,0.0,255.05,340.05,0,0.0,0,0,06-MAY-2024,
OPTSTK,COLPAL,27-Jun-2024,2580.0,CE,0.0,0.0,0.0,284.65,322.95,0,0.0,0,0,06-MAY-2024,
OPTSTK,COLPAL,27-Jun-2024,2600.0,CE,0.0,0.0,0.0,228.5,306.15,0,0.0,0,0,06-MAY-2024,
OPTSTK,COLPAL,27-Jun-2024,2620.0,CE,0.0,0.0,0.0,254.5,289.7,0,0.0,0,0,06-MAY-2024,
OPTSTK,COLPAL,27-Jun-2024,2640.0,CE,0.0,0.0,0.0,203.7,273.65,0,0.0,0,0,06-MAY-2024,
OPTSTK,COLPAL,27-Jun-2024,2660.0,CE,0.0,0.0,0.0,225.85,258.05,0,0.0,0,0,06-MAY-2024,
OPTSTK,COLPAL,27-Jun-2024,2680.0,CE,0.0,0.0,0.0,180.65,242.85,0,0.0,0,0,06-MAY-2024,
OPTSTK,COLPAL,27-Jun-2024,2700.0,CE,0.0,0.0,0.0,199.2,228.25,0,0.0,0,0,06-MAY-2024,
OPTSTK,COLPAL,27-Jun-2024,2720.0,CE,0.0,0.0,0.0,159.35,213.85,0,0.0,0,0,06-MAY-2024,
OPTSTK,COLPAL,27-Jun-2024,2740.0,CE,0.0,0.0,0.0,174.55,200.1,0,0.0,0,0,06-MAY-2024,
OPTSTK,COLPAL,27-Jun-2024,2760.0,CE,0.0,0.0,0.0,139.85,186.9,0,0.0,0,0,06-MAY-2024,
OPTSTK,COLPAL,27-Jun-2024,2780.0,CE,0.0,0.0,0.0,151.85,174.2,0,0.0,0,0,06-MAY-2024,
OPTSTK,COLPAL,27-Jun-2024,2800.0,CE,0.0,0.0,0.0,122.1,162.0,0,0.0,0,0,06-MAY-2024,
OPTSTK,COLPAL,27-Jun-2024,2820.0,CE,0.0,0.0,0.0,131.2,150.4,0,0.0,0,0,06-MAY-2024,
OPTSTK,COLPAL,27-Jun-2024,2840.0,CE,0.0,0.0,0.0,106.1,139.3,0,0.0,0,0,06-MAY-2024,
OPTSTK,COLPAL,27-Jun-2024,2860.0,CE,0.0,0.0,0.0,112.55,128.75,0,0.0,0,0,06-MAY-2024,
OPTSTK,COLPAL,27-Jun-2024,2880.0,CE,0.0,0.0,0.0,91.65,118.75,0,0.0,0,0,06-MAY-2024,
OPTSTK,COLPAL,27-Jun-2024,2900.0,CE,0.0,0.0,0.0,95.9,109.3,0,0.0,0,0,06-MAY-2024,
OPTSTK,COLPAL,27-Jun-2024,2920.0,CE,0.0,0.0,0.0,78.8,100.4,0,0.0,0,0,06-MAY-2024,
OPTSTK,COLPAL,27-Jun-2024,2940.0,CE,0.0,0.0,0.0,81.1,92.0,0,0.0,0,0,06-MAY-2024,
OPTSTK,COLPAL,27-Jun-2024,2960.0,CE,0.0,0.0,0.0,67.4,84.15,0,0.0,0,0,06-MAY-2024,
OPTSTK,COLPAL,27-Jun-2024,2980.0,CE,0.0,0.0,0.0,68.15,76.8,0,0.0,0,0,06-MAY-2024,
OPTSTK,COLPAL,27-Jun-2024,3000.0,CE,52.6,83.0,52.6,80.45,80.45,29,311.33,7700,3150,06-MAY-2024,
OPTSTK,COLPAL,27-Jun-2024,3020.0,CE,0.0,0.0,0.0,56.8,63.55,0,0.0,0,0,06-MAY-2024,
OPTSTK,COLPAL,27-Jun-2024,3040.0,CE,0.0,0.0,0.0,48.65,57.65,0,0.0,0,0,06-MAY-2024,
OPTSTK,COLPAL,27-Jun-2024,3060.0,CE,0.0,0.0,0.0,47.2,52.15,0,0.0,0,0,06-MAY-2024,
OPTSTK,COLPAL,27-Jun-2024,3080.0,CE,0.0,0.0,0.0,41.05,47.25,0,0.0,0,0,06-MAY-2024,
OPTSTK,COLPAL,27-Jun-2024,3100.0,CE,49.9,49.9,49.9,49.9,49.9,1,11.02,350,350,06-MAY-2024,
OPTSTK,COLPAL,27-Jun-2024,3120.0,CE,25.3,25.3,25.3,25.3,38.2,1,11.0,0,-350,06-MAY-2024,
OPTSTK,COLPAL,27-Jun-2024,3160.0,CE,0.0,0.0,0.0,28.75,30.7,0,0.0,0,0,06-MAY-2024,
OPTSTK,COLPAL,27-Jun-2024,3200.0,CE,0.0,0.0,0.0,23.9,24.5,0,0.0,0,0,06-MAY-2024,
OPTSTK,COLPAL,27-Jun-2024,3240.0,CE,0.0,0.0,0.0,19.8,19.35,0,0.0,0,0,06-MAY-2024,
OPTSTK,COLPAL,27-Jun-2024,2400.0,PE,0.0,0.0,0.0,23.55,3.45,0,0.0,0,0,06-MAY-2024,
OPTSTK,COLPAL,27-Jun-2024,2440.0,PE,0.0,0.0,0.0,30.3,5.2,0,0.0,0,0,06-MAY-2024,
OPTSTK,COLPAL,27-Jun-2024,2480.0,PE,0.0,0.0,0.0,38.35,7.65,0,0.0,0,0,06-MAY-2024,
OPTSTK,COLPAL,27-Jun-2024,2520.0,PE,0.0,0.0,0.0,48.0,11.0,0,0.0,0,0,06-MAY-2024,
OPTSTK,COLPAL,27-Jun-2024,2560.0,PE,0.0,0.0,0.0,58.95,15.4,0,0.0,0,0,06-MAY-2024,
OPTSTK,COLPAL,27-Jun-2024,2580.0,PE,0.0,0.0,0.0,32.65,18.05,0,0.0,0,0,06-MAY-2024,
OPTSTK,COLPAL,27-Jun-2024,2600.0,PE,0.0,0.0,0.0,71.7,21.05,0,0.0,0,0,06-MAY-2024,
OPTSTK,COLPAL,27-Jun-2024,2620.0,PE,0.0,0.0,0.0,42.0,24.4,0,0.0,0,0,06-MAY-2024,
OPTSTK,COLPAL,27-Jun-2024,2640.0,PE,0.0,0.0,0.0,86.15,28.15,0,0.0,0,0,06-MAY-2024,
OPTSTK,COLPAL,27-Jun-2024,2660.0,PE,0.0,0.0,0.0,52.85,32.35,0,0.0,0,0,06-MAY-2024,
OPTSTK,COLPAL,27-Jun-2024,2680.0,PE,0.0,0.0,0.0,102.4,36.95,0,0.0,0,0,06-MAY-2024,
OPTSTK,COLPAL,27-Jun-2024,2700.0,PE,0.0,0.0,0.0,65.7,42.1,0,0.0,0,0,06-MAY-2024,
OPTSTK,COLPAL,27-Jun-2024,2720.0,PE,0.0,0.0,0.0,120.4,47.55,0,0.0,0,0,06-MAY-2024,
OPTSTK,COLPAL,27-Jun-2024,2740.0,PE,0.0,0.0,0.0,80.55,53.6,0,0.0,0,0,06-MAY-2024,
OPTSTK,COLPAL,27-Jun-2024,2760.0,PE,0.0,0.0,0.0,140.2,60.15,0,0.0,0,0,06-MAY-2024,
OPTSTK,COLPAL,27-Jun-2024,2780.0,PE,0.0,0.0,0.0,97.35,67.25,0,0.0,0,0,06-MAY-2024,
OPTSTK,COLPAL,27-Jun-2024,2800.0,PE,0.0,0.0,0.0,161.75,74.85,0,0.0,0,0,06-MAY-2024,
OPTSTK,COLPAL,27-Jun-2024,2820.0,PE,0.0,0.0,0.0,116.2,83.0,0,0.0,0,0,06-MAY-2024,
OPTSTK,COLPAL,27-Jun-2024,2840.0,PE,0.0,0.0,0.0,184.95,91.75,0,0.0,0,0,06-MAY-2024,
OPTSTK,COLPAL,27-Jun-2024,2860.0,PE,0.0,0.0,0.0,137.05,101.0,0,0.0,0,0,06-MAY-2024,
OPTSTK,COLPAL,27-Jun-2024,2880.0,PE,0.0,0.0,0.0,209.85,110.8,0,0.0,0,0,06-MAY-2024,
OPTSTK,COLPAL,27-Jun-2024,2900.0,PE,0.0,0.0,0.0,159.9,121.1,0,0.0,0,0,06-MAY-2024,
OPTSTK,COLPAL,27-Jun-2024,2920.0,PE,0.0,0.0,0.0,236.25,132.0,0,0.0,0,0,06-MAY-2024,
OPTSTK,COLPAL,27-Jun-2024,2940.0,PE,0.0,0.0,0.0,184.6,143.4,0,0.0,0,0,06-MAY-2024,
OPTSTK,COLPAL,27-Jun-2024,2960.0,PE,0.0,0.0,0.0,264.15,155.35,0,0.0,0,0,06-MAY-2024,
OPTSTK,COLPAL,27-Jun-2024,2980.0,PE,0.0,0.0,0.0,211.1,167.8,0,0.0,0,0,06-MAY-2024,
OPTSTK,COLPAL,27-Jun-2024,3000.0,PE,0.0,0.0,0.0,293.55,180.75,0,0.0,0,0,06-MAY-2024,
OPTSTK,COLPAL,27-Jun-2024,3020.0,PE,0.0,0.0,0.0,239.3,194.15,0,0.0,0,0,06-MAY-2024,
OPTSTK,COLPAL,27-Jun-2024,3040.0,PE,0.0,0.0,0.0,324.0,208.0,0,0.0,0,0,06-MAY-2024,
OPTSTK,COLPAL,27-Jun-2024,3060.0,PE,0.0,0.0,0.0,269.2,222.3,0,0.0,0,0,06-MAY-2024,
OPTSTK,COLPAL,27-Jun-2024,3080.0,PE,0.0,0.0,0.0,355.65,237.2,0,0.0,0,0,06-MAY-2024,
OPTSTK,COLPAL,27-Jun-2024,3100.0,PE,0.0,0.0,0.0,300.25,252.35,0,0.0,0,0,06-MAY-2024,
OPTSTK,COLPAL,27-Jun-2024,3120.0,PE,0.0,0.0,0.0,388.3,267.75,0,0.0,0,0,06-MAY-2024,
OPTSTK,COLPAL,27-Jun-2024,3160.0,PE,0.0,0.0,0.0,421.9,299.85,0,0.0,0,0,06-MAY-2024,
OPTSTK,COLPAL,27-Jun-2024,3200.0,PE,0.0,0.0,0.0,456.35,333.2,0,0.0,0,0,06-MAY-2024,
OPTSTK,COLPAL,27-Jun-2024,3240.0,PE,0.0,0.0,0.0,491.5,367.65,0,0.0,0,0,06-MAY-2024,
OPTSTK,COLPAL,25-Jul-2024,2400.0,CE,0.0,0.0,0.0,458.95,505.25,0,0.0,0,0,06-MAY-2024,
OPTSTK,COLPAL,25-Jul-2024,2480.0,CE,0.0,0.0,0.0,391.05,433.8,0,0.0,0,0,06-MAY-2024,
OPTSTK,COLPAL,25-Jul-2024,2560.0,CE,0.0,0.0,0.0,327.9,366.3,0,0.0,0,0,06-MAY-2024,
OPTSTK,COLPAL,25-Jul-2024,2600.0,CE,0.0,0.0,0.0,298.4,334.35,0,0.0,0,0,06-MAY-2024,
OPTSTK,COLPAL,25-Jul-2024,2640.0,CE,0.0,0.0,0.0,270.2,303.75,0,0.0,0,0,06-MAY-2024,
OPTSTK,COLPAL,25-Jul-2024,2680.0,CE,0.0,0.0,0.0,243.7,274.75,0,0.0,0,0,06-MAY-2024,
OPTSTK,COLPAL,25-Jul-2024,2720.0,CE,0.0,0.0,0.0,218.8,247.1,0,0.0,0,0,06-MAY-2024,
OPTSTK,COLPAL,25-Jul-2024,2760.0,CE,0.0,0.0,0.0,195.55,221.25,0,0.0,0,0,06-MAY-2024,
OPTSTK,COLPAL,25-Jul-2024,2800.0,CE,0.0,0.0,0.0,174.0,197.1,0,0.0,0,0,06-MAY-2024,
OPTSTK,COLPAL,25-Jul-2024,2840.0,CE,0.0,0.0,0.0,154.1,174.75,0,0.0,0,0,06-MAY-2024,
OPTSTK,COLPAL,25-Jul-2024,2880.0,CE,0.0,0.0,0.0,135.85,154.1,0,0.0,0,0,06-MAY-2024,
OPTSTK,COLPAL,25-Jul-2024,2920.0,CE,0.0,0.0,0.0,119.25,135.2,0,0.0,0,0,06-MAY-2024,
OPTSTK,COLPAL,25-Jul-2024,2960.0,CE,0.0,0.0,0.0,104.2,118.05,0,0.0,0,0,06-MAY-2024,
OPTSTK,COLPAL,25-Jul-2024,3000.0,CE,0.0,0.0,0.0,90.65,102.5,0,0.0,0,0,06-MAY-2024,
OPTSTK,COLPAL,25-Jul-2024,3040.0,CE,0.0,0.0,0.0,78.5,88.6,0,0.0,0,0,06-MAY-2024,
OPTSTK,COLPAL,25-Jul-2024,3080.0,CE,0.0,0.0,0.0,67.65,76.15,0,0.0,0,0,06-MAY-2024,
OPTSTK,COLPAL,25-Jul-2024,3120.0,CE,0.0,0.0,0.0,58.25,65.15,0,0.0,0,0,06-MAY-2024,
OPTSTK,COLPAL,25-Jul-2024,3200.0,CE,0.0,0.0,0.0,42.35,47.05,0,0.0,0,0,06-MAY-2024,
OPTSTK,COLPAL,25-Jul-2024,3280.0,CE,0.0,0.0,0.0,30.3,33.3,0,0.0,0,0,06-MAY-2024,
OPTSTK,COLPAL,25-Jul-2024,2400.0,PE,0.0,0.0,0.0,15.95,9.0,0,0.0,0,0,06-MAY-2024,
OPTSTK,COLPAL,25-Jul-2024,2480.0,PE,0.0,0.0,0.0,26.65,16.3,0,0.0,0,0,06-MAY-2024,
OPTSTK,COLPAL,25-Jul-2024,2560.0,PE,0.0,0.0,0.0,42.0,27.5,0,0.0,0,0,06-MAY-2024,
OPTSTK,COLPAL,25-Jul-2024,2600.0,PE,0.0,0.0,0.0,51.8,34.95,0,0.0,0,0,06-MAY-2024,
OPTSTK,COLPAL,25-Jul-2024,2640.0,PE,0.0,0.0,0.0,62.85,43.7,0,0.0,0,0,06-MAY-2024,
OPTSTK,COLPAL,25-Jul-2024,2680.0,PE,0.0,0.0,0.0,75.65,54.05,0,0.0,0,0,06-MAY-2024,
OPTSTK,COLPAL,25-Jul-2024,2720.0,PE,0.0,0.0,0.0,90.0,65.8,0,0.0,0,0,06-MAY-2024,
OPTSTK,COLPAL,25-Jul-2024,2760.0,PE,0.0,0.0,0.0,106.05,79.3,0,0.0,0,0,06-MAY-2024,
OPTSTK,COLPAL,25-Jul-2024,2800.0,PE,0.0,0.0,0.0,123.8,94.55,0,0.0,0,0,06-MAY-2024,
OPTSTK,COLPAL,25-Jul-2024,2840.0,PE,0.0,0.0,0.0,143.15,111.55,0,0.0,0,0,06-MAY-2024,
OPTSTK,COLPAL,25-Jul-2024,2880.0,PE,0.0,0.0,0.0,164.2,130.25,0,0.0,0,0,06-MAY-2024,
OPTSTK,COLPAL,25-Jul-2024,2920.0,PE,0.0,0.0,0.0,186.85,150.75,0,0.0,0,0,06-MAY-2024,
OPTSTK,COLPAL,25-Jul-2024,2960.0,PE,0.0,0.0,0.0,211.1,172.95,0,0.0,0,0,06-MAY-2024,
OPTSTK,COLPAL,25-Jul-2024,3000.0,PE,0.0,0.0,0.0,236.8,196.8,0,0.0,0,0,06-MAY-2024,
OPTSTK,COLPAL,25-Jul-2024,3040.0,PE,0.0,0.0,0.0,263.95,222.2,0,0.0,0,0,06-MAY-2024,
OPTSTK,COLPAL,25-Jul-2024,3080.0,PE,0.0,0.0,0.0,292.4,249.15,0,0.0,0,0,06-MAY-2024,
OPTSTK,COLPAL,25-Jul-2024,3120.0,PE,0.0,0.0,0.0,322.25,277.55,0,0.0,0,0,06-MAY-2024,
OPTSTK,COLPAL,25-Jul-2024,3200.0,PE,0.0,0.0,0.0,384.9,338.2,0,0.0,0,0,06-MAY-2024,
OPTSTK,COLPAL,25-Jul-2024,3280.0,PE,0.0,0.0,0.0,451.45,403.15,0,0.0,0,0,06-MAY-2024,
OPTSTK,CONCOR,30-May-2024,800.0,CE,0.0,0.0,0.0,260.0,236.15,0,0.0,36000,0,06-MAY-2024,
OPTSTK,CONCOR,30-May-2024,880.0,CE,0.0,0.0,0.0,134.6,157.85,0,0.0,0,0,06-MAY-2024,
OPTSTK,CONCOR,30-May-2024,900.0,CE,0.0,0.0,0.0,169.55,139.05,0,0.0,30000,0,06-MAY-2024,
OPTSTK,CONCOR,30-May-2024,920.0,CE,0.0,0.0,0.0,147.8,120.9,0,0.0,10000,0,06-MAY-2024,
OPTSTK,CONCOR,30-May-2024,930.0,CE,119.15,119.15,119.15,119.15,112.15,1,10.49,15000,-1000,06-MAY-2024,
OPTSTK,CONCOR,30-May-2024,940.0,CE,110.4,110.4,101.2,101.2,101.2,3,31.36,39000,-2000,06-MAY-2024,
OPTSTK,CONCOR,30-May-2024,950.0,CE,109.0,110.0,97.05,97.3,97.3,23,241.99,396000,0,06-MAY-2024,
OPTSTK,CONCOR,30-May-2024,960.0,CE,90.0,90.0,88.15,88.15,87.45,4,41.98,57000,0,06-MAY-2024,
OPTSTK,CONCOR,30-May-2024,970.0,CE,84.3,85.1,82.3,84.0,79.8,8,84.34,56000,0,06-MAY-2024,
OPTSTK,CONCOR,30-May-2024,980.0,CE,77.45,83.6,76.25,76.75,72.5,18,190.47,59000,-3000,06-MAY-2024,
OPTSTK,CONCOR,30-May-2024,990.0,CE,77.05,77.05,70.0,70.1,65.6,10,106.18,33000,-2000,06-MAY-2024,
OPTSTK,CONCOR,30-May-2024,1000.0,CE,80.0,81.45,57.5,58.45,58.45,84,894.03,215000,-26000,06-MAY-2024,
OPTSTK,CONCOR,30-May-2024,1010.0,CE,63.1,63.1,54.35,54.9,53.0,3,32.02,51000,1000,06-MAY-2024,
OPTSTK,CONCOR,30-May-2024,1020.0,CE,64.0,64.0,46.7,46.7,47.3,17,182.11,97000,2000,06-MAY-2024,
OPTSTK,CONCOR,30-May-2024,1030.0,CE,44.5,49.5,40.0,41.5,41.5,40,429.77,45000,7000,06-MAY-2024,
OPTSTK,CONCOR,30-May-2024,1040.0,CE,53.15,53.45,36.0,37.65,37.65,245,2649.18,127000,29000,06-MAY-2024,
OPTSTK,CONCOR,30-May-2024,1050.0,CE,46.5,49.0,32.0,33.3,33.3,497,5402.06,308000,19000,06-MAY-2024,
OPTSTK,CONCOR,30-May-2024,1060.0,CE,43.0,44.65,28.4,29.7,29.7,627,6865.6,302000,57000,06-MAY-2024,
OPTSTK,CONCOR,30-May-2024,1070.0,CE,35.75,39.45,24.35,25.75,25.75,343,3773.49,239000,0,06-MAY-2024,
OPTSTK,CONCOR,30-May-2024,1080.0,CE,32.95,35.05,21.9,22.95,22.95,514,5683.66,312000,28000,06-MAY-2024,
OPTSTK,CONCOR,30-May-2024,1090.0,CE,31.05,31.05,19.25,20.25,20.25,106,1179.65,89000,19000,06-MAY-2024,
OPTSTK,CONCOR,30-May-2024,1100.0,CE,26.1,27.6,16.6,17.45,17.45,1253,14038.11,778000,134000,06-MAY-2024,
OPTSTK,CONCOR,30-May-2024,1110.0,CE,23.5,23.5,14.8,15.1,15.1,36,406.24,129000,-3000,06-MAY-2024,
OPTSTK,CONCOR,30-May-2024,1120.0,CE,19.0,20.65,12.3,13.2,13.2,183,2076.84,200000,22000,06-MAY-2024,
OPTSTK,CONCOR,30-May-2024,1130.0,CE,15.05,15.05,10.65,11.3,9.8,12,137.17,37000,5000,06-MAY-2024,
OPTSTK,CONCOR,30-May-2024,1140.0,CE,14.25,14.25,9.25,9.8,9.8,149,1714.82,155000,-2000,06-MAY-2024,
OPTSTK,CONCOR,30-May-2024,1150.0,CE,12.6,13.75,8.0,8.35,8.35,291,3374.43,191000,30000,06-MAY-2024,
OPTSTK,CONCOR,30-May-2024,1160.0,CE,10.75,10.75,6.75,7.35,7.35,40,467.2,35000,7000,06-MAY-2024,
OPTSTK,CONCOR,30-May-2024,1180.0,CE,7.25,7.25,5.0,5.0,5.0,66,782.53,63000,17000,06-MAY-2024,
OPTSTK,CONCOR,30-May-2024,1200.0,CE,6.0,6.45,3.65,4.05,4.05,592,7130.98,464000,17000,06-MAY-2024,
OPTSTK,CONCOR,30-May-2024,780.0,PE,0.0,0.0,0.0,0.5,0.05,0,0.0,5000,0,06-MAY-2024,
OPTSTK,CONCOR,30-May-2024,800.0,PE,0.5,0.5,0.5,0.5,0.5,2,16.01,22000,0,06-MAY-2024,
OPTSTK,CONCOR,30-May-2024,810.0,PE,0.0,0.0,0.0,0.3,0.15,0,0.0,3000,0,06-MAY-2024,
OPTSTK,CONCOR,30-May-2024,820.0,PE,0.0,0.0,0.0,0.95,0.2,0,0.0,1000,0,06-MAY-2024,
OPTSTK,CONCOR,30-May-2024,850.0,PE,0.9,1.05,0.75,0.95,0.55,16,136.14,59000,-1000,06-MAY-2024,
OPTSTK,CONCOR,30-May-2024,880.0,PE,1.0,2.5,1.0,2.1,1.45,43,379.29,72000,-2000,06-MAY-2024,
OPTSTK,CONCOR,30-May-2024,890.0,PE,0.0,0.0,0.0,1.95,1.9,0,0.0,2000,0,06-MAY-2024,
OPTSTK,CONCOR,30-May-2024,900.0,PE,1.45,3.2,1.45,3.0,3.0,368,3321.49,224000,15000,06-MAY-2024,
OPTSTK,CONCOR,30-May-2024,910.0,PE,0.0,0.0,0.0,6.4,3.35,0,0.0,43000,0,06-MAY-2024,
OPTSTK,CONCOR,30-May-2024,920.0,PE,2.5,4.35,2.5,4.3,4.3,56,517.35,70000,-8000,06-MAY-2024,
OPTSTK,CONCOR,30-May-2024,930.0,PE,3.8,5.85,3.8,5.5,5.5,29,271.15,63000,5000,06-MAY-2024,
OPTSTK,CONCOR,30-May-2024,940.0,PE,3.65,7.35,3.65,6.4,6.4,97,917.44,144000,18000,06-MAY-2024,
OPTSTK,CONCOR,30-May-2024,950.0,PE,5.4,8.8,5.0,8.45,8.45,244,2335.57,383000,6000,06-MAY-2024,
OPTSTK,CONCOR,30-May-2024,960.0,PE,6.25,11.0,5.9,10.3,10.3,184,1782.48,198000,-28000,06-MAY-2024,
OPTSTK,CONCOR,30-May-2024,970.0,PE,7.7,13.0,7.35,12.45,12.45,412,4039.75,209000,-49000,06-MAY-2024,
OPTSTK,CONCOR,30-May-2024,980.0,PE,10.0,15.3,9.3,15.15,15.15,146,1448.89,174000,-2000,06-MAY-2024,
OPTSTK,CONCOR,30-May-2024,990.0,PE,14.55,18.4,13.45,18.1,18.1,66,664.03,85000,-7000,06-MAY-2024,
OPTSTK,CONCOR,30-May-2024,1000.0,PE,13.0,22.65,13.0,21.15,21.15,463,4717.71,362000,41000,06-MAY-2024,
OPTSTK,CONCOR,30-May-2024,1010.0,PE,17.5,25.7,17.5,24.65,24.65,57,588.38,32000,-14000,06-MAY-2024,
OPTSTK,CONCOR,30-May-2024,1020.0,PE,20.0,30.5,20.0,28.9,28.9,125,1306.93,97000,-14000,06-MAY-2024,
OPTSTK,CONCOR,30-May-2024,1030.0,PE,21.95,36.0,21.45,33.9,33.9,140,1484.18,129000,10000,06-MAY-2024,
OPTSTK,CONCOR,30-May-2024,1040.0,PE,27.5,40.9,27.5,39.55,39.55,165,1775.42,84000,9000,06-MAY-2024,
OPTSTK,CONCOR,30-May-2024,1050.0,PE,31.0,46.0,30.0,44.1,44.1,295,3213.36,152000,25000,06-MAY-2024,
OPTSTK,CONCOR,30-May-2024,1060.0,PE,36.8,51.9,35.15,50.6,50.6,104,1148.39,80000,-1000,06-MAY-2024,
OPTSTK,CONCOR,30-May-2024,1070.0,PE,40.7,59.9,40.7,58.3,58.3,40,449.31,59000,8000,06-MAY-2024,
OPTSTK,CONCOR,30-May-2024,1080.0,PE,50.8,63.9,50.8,58.5,64.2,4,45.51,39000,-2000,06-MAY-2024,
OPTSTK,CONCOR,30-May-2024,1090.0,PE,63.0,70.75,62.35,70.7,70.7,13,150.3,4000,-4000,06-MAY-2024,
OPTSTK,CONCOR,30-May-2024,1100.0,PE,62.0,79.8,62.0,76.0,78.55,40,469.29,130000,-19000,06-MAY-2024,
OPTSTK,CONCOR,30-May-2024,1110.0,PE,0.0,0.0,0.0,218.05,86.15,0,0.0,0,0,06-MAY-2024,
OPTSTK,CONCOR,30-May-2024,1120.0,PE,93.6,93.6,92.5,92.5,94.1,2,24.26,4000,1000,06-MAY-2024,
OPTSTK,CONCOR,30-May-2024,1130.0,PE,98.1,98.1,98.1,98.1,102.25,1,12.28,2000,1000,06-MAY-2024,
OPTSTK,CONCOR,30-May-2024,1140.0,PE,97.15,110.0,97.15,110.0,110.0,3,37.37,5000,1000,06-MAY-2024,
OPTSTK,CONCOR,30-May-2024,1150.0,PE,0.0,0.0,0.0,97.7,119.25,0,0.0,2000,0,06-MAY-2024,
OPTSTK,CONCOR,30-May-2024,1160.0,PE,0.0,0.0,0.0,179.35,128.05,0,0.0,0,0,06-MAY-2024,
OPTSTK,CONCOR,30-May-2024,1180.0,PE,0.0,0.0,0.0,196.05,146.15,0,0.0,0,0,06-MAY-2024,
OPTSTK,CONCOR,30-May-2024,1200.0,PE,0.0,0.0,0.0,213.2,164.8,0,0.0,0,0,06-MAY-2024,
OPTSTK,CONCOR,27-Jun-2024,880.0,CE,0.0,0.0,0.0,68.85,168.25,0,0.0,0,0,06-MAY-2024,
OPTSTK,CONCOR,27-Jun-2024,900.0,CE,0.0,0.0,0.0,60.0,151.2,0,0.0,1000,0,06-MAY-2024,
OPTSTK,CONCOR,27-Jun-2024,920.0,CE,0.0,0.0,0.0,50.7,134.9,0,0.0,0,0,06-MAY-2024,
OPTSTK,CONCOR,27-Jun-2024,940.0,CE,0.0,0.0,0.0,43.1,119.5,0,0.0,0,0,06-MAY-2024,
OPTSTK,CONCOR,27-Jun-2024,950.0,CE,0.0,0.0,0.0,96.35,112.2,0,0.0,0,0,06-MAY-2024,
OPTSTK,CONCOR,27-Jun-2024,960.0,CE,0.0,0.0,0.0,36.45,105.1,0,0.0,0,0,06-MAY-2024,
OPTSTK,CONCOR,27-Jun-2024,970.0,CE,0.0,0.0,0.0,83.95,98.2,0,0.0,0,0,06-MAY-2024,
OPTSTK,CONCOR,27-Jun-2024,980.0,CE,0.0,0.0,0.0,30.6,91.65,0,0.0,0,0,06-MAY-2024,
OPTSTK,CONCOR,27-Jun-2024,990.0,CE,0.0,0.0,0.0,72.65,85.35,0,0.0,0,0,06-MAY-2024,
OPTSTK,CONCOR,27-Jun-2024,1000.0,CE,0.0,0.0,0.0,25.65,79.35,0,0.0,0,0,06-MAY-2024,
OPTSTK,CONCOR,27-Jun-2024,1010.0,CE,0.0,0.0,0.0,62.45,73.6,0,0.0,0,0,06-MAY-2024,
OPTSTK,CONCOR,27-Jun-2024,1020.0,CE,0.0,0.0,0.0,21.3,68.15,0,0.0,0,0,06-MAY-2024,
OPTSTK,CONCOR,27-Jun-2024,1030.0,CE,0.0,0.0,0.0,53.25,62.95,0,0.0,0,0,06-MAY-2024,
OPTSTK,CONCOR,27-Jun-2024,1040.0,CE,0.0,0.0,0.0,17.6,58.05,0,0.0,0,0,06-MAY-2024,
OPTSTK,CONCOR,27-Jun-2024,1050.0,CE,63.05,65.5,61.75,64.3,64.3,12,133.67,9000,8000,06-MAY-2024,
OPTSTK,CONCOR,27-Jun-2024,1060.0,CE,0.0,0.0,0.0,14.5,49.05,0,0.0,0,0,06-MAY-2024,
OPTSTK,CONCOR,27-Jun-2024,1070.0,CE,54.05,54.05,54.05,54.05,45.0,1,11.24,0,-1000,06-MAY-2024,
OPTSTK,CONCOR,27-Jun-2024,1080.0,CE,0.0,0.0,0.0,11.85,41.15,0,0.0,0,0,06-MAY-2024,
OPTSTK,CONCOR,27-Jun-2024,1090.0,CE,0.0,0.0,0.0,31.7,37.6,0,0.0,0,0,06-MAY-2024,
OPTSTK,CONCOR,27-Jun-2024,1100.0,CE,51.5,51.5,40.0,43.0,34.25,34,388.73,44000,29000,06-MAY-2024,
OPTSTK,CONCOR,27-Jun-2024,1110.0,CE,0.0,0.0,0.0,26.35,31.15,0,0.0,0,0,06-MAY-2024,
OPTSTK,CONCOR,27-Jun-2024,1120.0,CE,0.0,0.0,0.0,7.85,28.3,0,0.0,0,0,06-MAY-2024,
OPTSTK,CONCOR,27-Jun-2024,1130.0,CE,0.0,0.0,0.0,21.75,25.65,0,0.0,0,0,06-MAY-2024,
OPTSTK,CONCOR,27-Jun-2024,1140.0,CE,0.0,0.0,0.0,8.3,23.25,0,0.0,0,0,06-MAY-2024,
OPTSTK,CONCOR,27-Jun-2024,1150.0,CE,21.65,30.0,21.65,30.0,21.0,6,70.71,6000,6000,06-MAY-2024,
OPTSTK,CONCOR,27-Jun-2024,1160.0,CE,0.0,0.0,0.0,5.1,18.9,0,0.0,0,0,06-MAY-2024,
OPTSTK,CONCOR,27-Jun-2024,1180.0,CE,0.0,0.0,0.0,7.2,15.25,0,0.0,0,0,06-MAY-2024,
OPTSTK,CONCOR,27-Jun-2024,1200.0,CE,18.85,19.75,18.3,18.3,12.25,4,48.76,3000,1000,06-MAY-2024,
OPTSTK,CONCOR,27-Jun-2024,880.0,PE,0.0,0.0,0.0,51.0,6.8,0,0.0,0,0,06-MAY-2024,
OPTSTK,CONCOR,27-Jun-2024,900.0,PE,10.0,12.85,10.0,12.75,9.55,16,145.79,23000,11000,06-MAY-2024,
OPTSTK,CONCOR,27-Jun-2024,920.0,PE,17.35,17.35,17.35,17.35,17.35,1,9.37,4000,0,06-MAY-2024,
OPTSTK,CONCOR,27-Jun-2024,940.0,PE,22.9,22.9,22.9,22.9,22.9,1,9.62,2000,0,06-MAY-2024,
OPTSTK,CONCOR,27-Jun-2024,950.0,PE,0.0,0.0,0.0,29.65,20.05,0,0.0,0,0,06-MAY-2024,
OPTSTK,CONCOR,27-Jun-2024,960.0,PE,0.0,0.0,0.0,97.2,22.85,0,0.0,0,0,06-MAY-2024,
OPTSTK,CONCOR,27-Jun-2024,970.0,PE,0.0,0.0,0.0,37.0,25.85,0,0.0,0,0,06-MAY-2024,
OPTSTK,CONCOR,27-Jun-2024,980.0,PE,0.0,0.0,0.0,111.0,29.2,0,0.0,0,0,06-MAY-2024,
OPTSTK,CONCOR,27-Jun-2024,990.0,PE,0.0,0.0,0.0,45.45,32.8,0,0.0,0,0,06-MAY-2024,
OPTSTK,CONCOR,27-Jun-2024,1000.0,PE,36.3,42.0,36.3,41.15,41.15,4,41.55,12000,4000,06-MAY-2024,
OPTSTK,CONCOR,27-Jun-2024,1010.0,PE,0.0,0.0,0.0,54.95,40.85,0,0.0,0,0,06-MAY-2024,
OPTSTK,CONCOR,27-Jun-2024,1020.0,PE,0.0,0.0,0.0,141.0,45.3,0,0.0,0,0,06-MAY-2024,
OPTSTK,CONCOR,27-Jun-2024,1030.0,PE,0.0,0.0,0.0,65.55,50.0,0,0.0,0,0,06-MAY-2024,
OPTSTK,CONCOR,27-Jun-2024,1040.0,PE,0.0,0.0,0.0,156.9,55.0,0,0.0,0,0,06-MAY-2024,
OPTSTK,CONCOR,27-Jun-2024,1050.0,PE,0.0,0.0,0.0,77.15,60.25,0,0.0,0,0,06-MAY-2024,
OPTSTK,CONCOR,27-Jun-2024,1060.0,PE,0.0,0.0,0.0,173.45,65.8,0,0.0,0,0,06-MAY-2024,
OPTSTK,CONCOR,27-Jun-2024,1070.0,PE,0.0,0.0,0.0,89.75,71.6,0,0.0,0,0,06-MAY-2024,
OPTSTK,CONCOR,27-Jun-2024,1080.0,PE,0.0,0.0,0.0,190.45,77.7,0,0.0,0,0,06-MAY-2024,
OPTSTK,CONCOR,27-Jun-2024,1090.0,PE,0.0,0.0,0.0,103.25,84.0,0,0.0,0,0,06-MAY-2024,
OPTSTK,CONCOR,27-Jun-2024,1100.0,PE,0.0,0.0,0.0,207.9,90.55,0,0.0,0,0,06-MAY-2024,
OPTSTK,CONCOR,27-Jun-2024,1110.0,PE,0.0,0.0,0.0,117.65,97.35,0,0.0,0,0,06-MAY-2024,
OPTSTK,CONCOR,27-Jun-2024,1120.0,PE,0.0,0.0,0.0,225.7,104.4,0,0.0,0,0,06-MAY-2024,
OPTSTK,CONCOR,27-Jun-2024,1130.0,PE,0.0,0.0,0.0,132.8,111.65,0,0.0,0,0,06-MAY-2024,
OPTSTK,CONCOR,27-Jun-2024,1140.0,PE,0.0,0.0,0.0,225.9,119.15,0,0.0,0,0,06-MAY-2024,
OPTSTK,CONCOR,27-Jun-2024,1150.0,PE,0.0,0.0,0.0,148.6,126.8,0,0.0,0,0,06-MAY-2024,
OPTSTK,CONCOR,27-Jun-2024,1160.0,PE,0.0,0.0,0.0,262.25,134.6,0,0.0,0,0,06-MAY-2024,
OPTSTK,CONCOR,27-Jun-2024,1180.0,PE,0.0,0.0,0.0,234.75,150.75,0,0.0,0,0,06-MAY-2024,
OPTSTK,CONCOR,27-Jun-2024,1200.0,PE,0.0,0.0,0.0,299.7,167.55,0,0.0,0,0,06-MAY-2024,
OPTSTK,CONCOR,25-Jul-2024,920.0,CE,0.0,0.0,0.0,129.65,147.8,0,0.0,0,0,06-MAY-2024,
OPTSTK,CONCOR,25-Jul-2024,940.0,CE,0.0,0.0,0.0,116.35,133.4,0,0.0,0,0,06-MAY-2024,
OPTSTK,CONCOR,25-Jul-2024,960.0,CE,0.0,0.0,0.0,104.0,119.8,0,0.0,0,0,06-MAY-2024,
OPTSTK,CONCOR,25-Jul-2024,980.0,CE,0.0,0.0,0.0,92.5,107.1,0,0.0,0,0,06-MAY-2024,
OPTSTK,CONCOR,25-Jul-2024,1000.0,CE,0.0,0.0,0.0,81.9,95.25,0,0.0,0,0,06-MAY-2024,
OPTSTK,CONCOR,25-Jul-2024,1020.0,CE,0.0,0.0,0.0,72.2,84.35,0,0.0,0,0,06-MAY-2024,
OPTSTK,CONCOR,25-Jul-2024,1040.0,CE,0.0,0.0,0.0,63.35,74.35,0,0.0,0,0,06-MAY-2024,
OPTSTK,CONCOR,25-Jul-2024,1060.0,CE,0.0,0.0,0.0,55.35,65.2,0,0.0,0,0,06-MAY-2024,
OPTSTK,CONCOR,25-Jul-2024,1080.0,CE,0.0,0.0,0.0,48.15,56.95,0,0.0,0,0,06-MAY-2024,
OPTSTK,CONCOR,25-Jul-2024,1100.0,CE,0.0,0.0,0.0,41.7,49.5,0,0.0,0,0,06-MAY-2024,
OPTSTK,CONCOR,25-Jul-2024,1120.0,CE,0.0,0.0,0.0,36.0,42.85,0,0.0,0,0,06-MAY-2024,
OPTSTK,CONCOR,25-Jul-2024,1140.0,CE,0.0,0.0,0.0,30.95,36.9,0,0.0,0,0,06-MAY-2024,
OPTSTK,CONCOR,25-Jul-2024,1160.0,CE,0.0,0.0,0.0,26.55,31.7,0,0.0,0,0,06-MAY-2024,
OPTSTK,CONCOR,25-Jul-2024,1200.0,CE,0.0,0.0,0.0,19.2,23.1,0,0.0,0,0,06-MAY-2024,
OPTSTK,CONCOR,25-Jul-2024,920.0,PE,0.0,0.0,0.0,28.25,20.9,0,0.0,0,0,06-MAY-2024,
OPTSTK,CONCOR,25-Jul-2024,940.0,PE,0.0,0.0,0.0,34.6,26.2,0,0.0,0,0,06-MAY-2024,
OPTSTK,CONCOR,25-Jul-2024,960.0,PE,0.0,0.0,0.0,41.85,32.25,0,0.0,0,0,06-MAY-2024,
OPTSTK,CONCOR,25-Jul-2024,980.0,PE,0.0,0.0,0.0,50.0,39.25,0,0.0,0,0,06-MAY-2024,
OPTSTK,CONCOR,25-Jul-2024,1000.0,PE,0.0,0.0,0.0,59.05,47.1,0,0.0,0,0,06-MAY-2024,
OPTSTK,CONCOR,25-Jul-2024,1020.0,PE,0.0,0.0,0.0,68.95,55.9,0,0.0,0,0,06-MAY-2024,
OPTSTK,CONCOR,25-Jul-2024,1040.0,PE,0.0,0.0,0.0,79.75,65.55,0,0.0,0,0,06-MAY-2024,
OPTSTK,CONCOR,25-Jul-2024,1060.0,PE,75.0,75.0,75.0,75.0,76.1,1,11.35,1000,1000,06-MAY-2024,
OPTSTK,CONCOR,25-Jul-2024,1080.0,PE,0.0,0.0,0.0,103.85,87.5,0,0.0,0,0,06-MAY-2024,
OPTSTK,CONCOR,25-Jul-2024,1100.0,PE,0.0,0.0,0.0,117.05,99.75,0,0.0,0,0,06-MAY-2024,
OPTSTK,CONCOR,25-Jul-2024,1120.0,PE,0.0,0.0,0.0,130.95,112.8,0,0.0,0,0,06-MAY-2024,
OPTSTK,CONCOR,25-Jul-2024,1140.0,PE,0.0,0.0,0.0,145.6,126.55,0,0.0,0,0,06-MAY-2024,
OPTSTK,CONCOR,25-Jul-2024,1160.0,PE,0.0,0.0,0.0,160.8,141.05,0,0.0,0,0,06-MAY-2024,
OPTSTK,CONCOR,25-Jul-2024,1200.0,PE,0.0,0.0,0.0,192.75,171.75,0,0.0,0,0,06-MAY-2024,
OPTSTK,COROMANDEL,30-May-2024,1000.0,CE,0.0,0.0,0.0,195.0,227.1,0,0.0,5600,0,06-MAY-2024,
OPTSTK,COROMANDEL,30-May-2024,1020.0,CE,0.0,0.0,0.0,108.65,207.35,0,0.0,0,0,06-MAY-2024,
OPTSTK,COROMANDEL,30-May-2024,1040.0,CE,0.0,0.0,0.0,96.35,187.75,0,0.0,0,0,06-MAY-2024,
OPTSTK,COROMANDEL,30-May-2024,1050.0,CE,168.95,168.95,168.95,168.95,178.05,1,8.53,700,0,06-MAY-2024,
OPTSTK,COROMANDEL,30-May-2024,1060.0,CE,0.0,0.0,0.0,130.7,168.4,0,0.0,700,0,06-MAY-2024,
OPTSTK,COROMANDEL,30-May-2024,1070.0,CE,0.0,0.0,0.0,59.0,158.9,0,0.0,1400,0,06-MAY-2024,
OPTSTK,COROMANDEL,30-May-2024,1080.0,CE,0.0,0.0,0.0,120.0,149.45,0,0.0,2100,0,06-MAY-2024,
OPTSTK,COROMANDEL,30-May-2024,1090.0,CE,0.0,0.0,0.0,128.45,140.15,0,0.0,1400,0,06-MAY-2024,
OPTSTK,COROMANDEL,30-May-2024,1100.0,CE,120.0,138.0,105.0,138.0,131.05,91,775.15,193200,-11900,06-MAY-2024,
OPTSTK,COROMANDEL,30-May-2024,1110.0,CE,107.0,116.65,105.5,116.1,122.1,50,426.25,12600,-26600,06-MAY-2024,
OPTSTK,COROMANDEL,30-May-2024,1120.0,CE,102.35,110.0,102.35,110.0,113.35,6,51.55,10500,-700,06-MAY-2024,
OPTSTK,COROMANDEL,30-May-2024,1130.0,CE,93.65,106.8,93.65,102.55,102.55,4,34.41,9800,-700,06-MAY-2024,
OPTSTK,COROMANDEL,30-May-2024,1140.0,CE,85.3,95.0,85.3,95.0,96.65,3,25.79,7000,-700,06-MAY-2024,
OPTSTK,COROMANDEL,30-May-2024,1150.0,CE,70.05,90.0,70.0,90.0,90.0,12,103.5,30100,-1400,06-MAY-2024,
OPTSTK,COROMANDEL,30-May-2024,1160.0,CE,0.0,0.0,0.0,59.55,81.1,0,0.0,3500,0,06-MAY-2024,
OPTSTK,COROMANDEL,30-May-2024,1170.0,CE,62.95,63.0,62.95,63.0,73.8,3,25.89,26600,1400,06-MAY-2024,
OPTSTK,COROMANDEL,30-May-2024,1180.0,CE,55.35,66.8,52.55,66.1,66.9,11,95.53,25900,2800,06-MAY-2024,
OPTSTK,COROMANDEL,30-May-2024,1190.0,CE,41.45,62.0,41.45,56.75,56.75,11,95.74,18200,-700,06-MAY-2024,
OPTSTK,COROMANDEL,30-May-2024,1200.0,CE,41.4,57.15,33.1,52.7,52.7,756,6614.26,196000,-4200,06-MAY-2024,
OPTSTK,COROMANDEL,30-May-2024,1210.0,CE,34.2,50.0,33.2,49.0,49.0,40,351.4,26600,2800,06-MAY-2024,
OPTSTK,COROMANDEL,30-May-2024,1220.0,CE,31.2,46.65,28.0,43.0,43.0,249,2200.11,52500,28700,06-MAY-2024,
OPTSTK,COROMANDEL,30-May-2024,1230.0,CE,25.0,41.25,25.0,38.4,38.4,173,1536.17,35000,31500,06-MAY-2024,
OPTSTK,COROMANDEL,30-May-2024,1240.0,CE,25.0,36.45,21.8,33.9,33.9,116,1033.51,35700,31500,06-MAY-2024,
OPTSTK,COROMANDEL,30-May-2024,1250.0,CE,19.25,32.5,15.8,29.75,29.75,1176,10523.06,238000,28000,06-MAY-2024,
OPTSTK,COROMANDEL,30-May-2024,1260.0,CE,17.7,29.15,17.7,26.5,26.5,86,774.16,30800,11200,06-MAY-2024,
OPTSTK,COROMANDEL,30-May-2024,1270.0,CE,18.8,25.7,18.8,23.6,23.6,13,117.73,2100,2100,06-MAY-2024,
OPTSTK,COROMANDEL,30-May-2024,1280.0,CE,16.2,23.15,16.2,20.0,20.0,57,518.87,31500,14700,06-MAY-2024,
OPTSTK,COROMANDEL,30-May-2024,1290.0,CE,13.95,17.9,13.95,17.35,17.35,4,36.58,2100,700,06-MAY-2024,
OPTSTK,COROMANDEL,30-May-2024,1300.0,CE,8.9,17.7,7.0,15.65,15.65,2439,22459.64,324800,182000,06-MAY-2024,
OPTSTK,COROMANDEL,30-May-2024,1310.0,CE,14.9,15.2,12.0,13.15,13.15,21,194.59,7000,6300,06-MAY-2024,
OPTSTK,COROMANDEL,30-May-2024,1320.0,CE,8.0,13.9,7.0,11.85,11.85,30,279.47,19600,2800,06-MAY-2024,
OPTSTK,COROMANDEL,30-May-2024,1330.0,CE,9.0,12.0,8.1,9.9,9.9,28,262.57,21000,7700,06-MAY-2024,
OPTSTK,COROMANDEL,30-May-2024,1340.0,CE,12.35,13.0,8.5,8.75,8.75,63,595.42,22400,13300,06-MAY-2024,
OPTSTK,COROMANDEL,30-May-2024,1360.0,CE,4.7,8.7,4.4,6.6,6.6,319,3052.65,102200,81200,06-MAY-2024,
OPTSTK,COROMANDEL,30-May-2024,960.0,PE,0.0,0.0,0.0,0.9,0.05,0,0.0,7700,0,06-MAY-2024,
OPTSTK,COROMANDEL,30-May-2024,980.0,PE,0.0,0.0,0.0,2.5,0.1,0,0.0,2800,0,06-MAY-2024,
OPTSTK,COROMANDEL,30-May-2024,990.0,PE,0.0,0.0,0.0,0.5,0.1,0,0.0,700,0,06-MAY-2024,
OPTSTK,COROMANDEL,30-May-2024,1000.0,PE,0.95,1.35,0.95,1.05,1.05,70,490.57,154700,-1400,06-MAY-2024,
OPTSTK,COROMANDEL,30-May-2024,1010.0,PE,0.0,0.0,0.0,2.0,0.25,0,0.0,700,0,06-MAY-2024,
OPTSTK,COROMANDEL,30-May-2024,1020.0,PE,0.0,0.0,0.0,33.85,0.35,0,0.0,0,0,06-MAY-2024,
OPTSTK,COROMANDEL,30-May-2024,1040.0,PE,1.95,2.7,1.6,1.75,1.75,92,671.12,7000,-3500,06-MAY-2024,
OPTSTK,COROMANDEL,30-May-2024,1050.0,PE,2.45,2.45,1.75,1.9,1.9,97,714.24,97300,-16800,06-MAY-2024,
OPTSTK,COROMANDEL,30-May-2024,1060.0,PE,0.0,0.0,0.0,2.0,1.25,0,0.0,42000,0,06-MAY-2024,
OPTSTK,COROMANDEL,30-May-2024,1070.0,PE,0.0,0.0,0.0,38.0,1.65,0,0.0,1400,0,06-MAY-2024,
OPTSTK,COROMANDEL,30-May-2024,1080.0,PE,0.0,0.0,0.0,2.55,2.15,0,0.0,66500,0,06-MAY-2024,
OPTSTK,COROMANDEL,30-May-2024,1090.0,PE,3.8,4.1,2.5,2.55,2.55,14,107.11,14000,2100,06-MAY-2024,
OPTSTK,COROMANDEL,30-May-2024,1100.0,PE,3.85,5.6,3.05,3.3,3.3,355,2742.94,315000,9100,06-MAY-2024,
OPTSTK,COROMANDEL,30-May-2024,1110.0,PE,4.0,5.0,3.5,3.75,3.75,41,319.81,114800,0,06-MAY-2024,
OPTSTK,COROMANDEL,30-May-2024,1120.0,PE,5.2,5.7,4.1,4.5,4.5,72,566.88,343000,700,06-MAY-2024,
OPTSTK,COROMANDEL,30-May-2024,1130.0,PE,7.55,8.1,5.05,5.7,5.7,106,842.93,72100,38500,06-MAY-2024,
OPTSTK,COROMANDEL,30-May-2024,1140.0,PE,10.05,11.65,6.55,7.45,7.45,33,265.1,31500,9100,06-MAY-2024,
OPTSTK,COROMANDEL,30-May-2024,1150.0,PE,10.85,13.95,8.2,8.75,8.75,552,4479.1,203700,44100,06-MAY-2024,
OPTSTK,COROMANDEL,30-May-2024,1160.0,PE,16.1,16.1,10.2,12.0,13.45,98,804.11,25900,-8400,06-MAY-2024,
OPTSTK,COROMANDEL,30-May-2024,1170.0,PE,19.0,19.0,12.55,13.75,13.75,55,455.76,35000,8400,06-MAY-2024,
OPTSTK,COROMANDEL,30-May-2024,1180.0,PE,22.1,22.85,14.6,15.2,19.15,66,552.86,42000,4900,06-MAY-2024,
OPTSTK,COROMANDEL,30-May-2024,1190.0,PE,19.25,20.3,17.9,20.1,20.1,15,126.93,26600,7000,06-MAY-2024,
OPTSTK,COROMANDEL,30-May-2024,1200.0,PE,27.0,32.45,21.1,23.85,23.85,294,2518.42,121800,18900,06-MAY-2024,
OPTSTK,COROMANDEL,30-May-2024,1210.0,PE,31.05,36.35,25.05,26.8,30.6,14,121.42,7000,2800,06-MAY-2024,
OPTSTK,COROMANDEL,30-May-2024,1220.0,PE,34.9,35.0,30.0,33.85,33.85,26,227.93,25200,6300,06-MAY-2024,
OPTSTK,COROMANDEL,30-May-2024,1230.0,PE,40.0,48.35,36.0,38.5,38.5,25,222.05,9100,7700,06-MAY-2024,
OPTSTK,COROMANDEL,30-May-2024,1240.0,PE,55.0,55.0,41.35,44.95,44.95,32,287.52,14700,13300,06-MAY-2024,
OPTSTK,COROMANDEL,30-May-2024,1250.0,PE,59.8,59.85,46.65,48.0,51.45,24,218.24,18900,10500,06-MAY-2024,
OPTSTK,COROMANDEL,30-May-2024,1260.0,PE,56.25,58.8,53.65,58.8,58.8,15,138.15,7700,5600,06-MAY-2024,
OPTSTK,COROMANDEL,30-May-2024,1270.0,PE,0.0,0.0,0.0,186.9,64.2,0,0.0,0,0,06-MAY-2024,
OPTSTK,COROMANDEL,30-May-2024,1280.0,PE,0.0,0.0,0.0,93.5,71.1,0,0.0,1400,0,06-MAY-2024,
OPTSTK,COROMANDEL,30-May-2024,1290.0,PE,0.0,0.0,0.0,204.95,78.35,0,0.0,0,0,06-MAY-2024,
OPTSTK,COROMANDEL,30-May-2024,1300.0,PE,0.0,0.0,0.0,124.9,85.9,0,0.0,2800,0,06-MAY-2024,
OPTSTK,COROMANDEL,30-May-2024,1310.0,PE,0.0,0.0,0.0,223.35,93.75,0,0.0,0,0,06-MAY-2024,
OPTSTK,COROMANDEL,30-May-2024,1320.0,PE,0.0,0.0,0.0,230.3,101.85,0,0.0,0,0,06-MAY-2024,
OPTSTK,COROMANDEL,30-May-2024,1340.0,PE,0.0,0.0,0.0,248.05,118.75,0,0.0,0,0,06-MAY-2024,
OPTSTK,COROMANDEL,30-May-2024,1360.0,PE,0.0,0.0,0.0,266.15,136.45,0,0.0,0,0,06-MAY-2024,
OPTSTK,COROMANDEL,27-Jun-2024,1020.0,CE,0.0,0.0,0.0,105.7,215.75,0,0.0,0,0,06-MAY-2024,
OPTSTK,COROMANDEL,27-Jun-2024,1040.0,CE,0.0,0.0,0.0,93.35,197.35,0,0.0,0,0,06-MAY-2024,
OPTSTK,COROMANDEL,27-Jun-2024,1060.0,CE,0.0,0.0,0.0,81.95,179.45,0,0.0,0,0,06-MAY-2024,
OPTSTK,COROMANDEL,27-Jun-2024,1070.0,CE,0.0,0.0,0.0,86.75,170.7,0,0.0,0,0,06-MAY-2024,
OPTSTK,COROMANDEL,27-Jun-2024,1080.0,CE,0.0,0.0,0.0,71.55,162.1,0,0.0,0,0,06-MAY-2024,
OPTSTK,COROMANDEL,27-Jun-2024,1090.0,CE,0.0,0.0,0.0,74.8,153.7,0,0.0,0,0,06-MAY-2024,
OPTSTK,COROMANDEL,27-Jun-2024,1100.0,CE,0.0,0.0,0.0,62.05,145.45,0,0.0,0,0,06-MAY-2024,
OPTSTK,COROMANDEL,27-Jun-2024,1110.0,CE,0.0,0.0,0.0,63.95,137.45,0,0.0,0,0,06-MAY-2024,
OPTSTK,COROMANDEL,27-Jun-2024,1120.0,CE,0.0,0.0,0.0,53.55,129.65,0,0.0,0,0,06-MAY-2024,
OPTSTK,COROMANDEL,27-Jun-2024,1130.0,CE,0.0,0.0,0.0,54.2,122.05,0,0.0,0,0,06-MAY-2024,
OPTSTK,COROMANDEL,27-Jun-2024,1140.0,CE,0.0,0.0,0.0,45.95,114.7,0,0.0,0,0,06-MAY-2024,
OPTSTK,COROMANDEL,27-Jun-2024,1150.0,CE,0.0,0.0,0.0,45.6,107.5,0,0.0,0,0,06-MAY-2024,
OPTSTK,COROMANDEL,27-Jun-2024,1160.0,CE,0.0,0.0,0.0,39.2,100.65,0,0.0,0,0,06-MAY-2024,
OPTSTK,COROMANDEL,27-Jun-2024,1170.0,CE,0.0,0.0,0.0,38.05,94.05,0,0.0,0,0,06-MAY-2024,
OPTSTK,COROMANDEL,27-Jun-2024,1180.0,CE,0.0,0.0,0.0,33.25,87.7,0,0.0,0,0,06-MAY-2024,
OPTSTK,COROMANDEL,27-Jun-2024,1190.0,CE,0.0,0.0,0.0,31.5,81.6,0,0.0,0,0,06-MAY-2024,
OPTSTK,COROMANDEL,27-Jun-2024,1200.0,CE,61.0,85.05,61.0,85.05,75.8,6,53.47,8400,2100,06-MAY-2024,
OPTSTK,COROMANDEL,27-Jun-2024,1210.0,CE,0.0,0.0,0.0,25.85,70.25,0,0.0,0,0,06-MAY-2024,
OPTSTK,COROMANDEL,27-Jun-2024,1220.0,CE,0.0,0.0,0.0,23.65,65.0,0,0.0,0,0,06-MAY-2024,
OPTSTK,COROMANDEL,27-Jun-2024,1230.0,CE,0.0,0.0,0.0,21.1,60.0,0,0.0,0,0,06-MAY-2024,
OPTSTK,COROMANDEL,27-Jun-2024,1240.0,CE,52.2,52.2,52.2,52.2,52.2,2,18.09,1400,1400,06-MAY-2024,
OPTSTK,COROMANDEL,27-Jun-2024,1250.0,CE,45.55,56.05,45.55,56.05,56.05,3,27.34,1400,1400,06-MAY-2024,
OPTSTK,COROMANDEL,27-Jun-2024,1260.0,CE,0.0,0.0,0.0,16.4,46.65,0,0.0,0,0,06-MAY-2024,
OPTSTK,COROMANDEL,27-Jun-2024,1270.0,CE,0.0,0.0,0.0,13.65,42.75,0,0.0,0,0,06-MAY-2024,
OPTSTK,COROMANDEL,27-Jun-2024,1280.0,CE,0.0,0.0,0.0,13.55,39.05,0,0.0,0,0,06-MAY-2024,
OPTSTK,COROMANDEL,27-Jun-2024,1290.0,CE,0.0,0.0,0.0,10.85,35.65,0,0.0,0,0,06-MAY-2024,
OPTSTK,COROMANDEL,27-Jun-2024,1300.0,CE,39.0,41.0,39.0,41.0,32.45,2,18.76,8400,1400,06-MAY-2024,
OPTSTK,COROMANDEL,27-Jun-2024,1310.0,CE,0.0,0.0,0.0,8.6,29.5,0,0.0,0,0,06-MAY-2024,
OPTSTK,COROMANDEL,27-Jun-2024,1320.0,CE,0.0,0.0,0.0,9.15,26.75,0,0.0,0,0,06-MAY-2024,
OPTSTK,COROMANDEL,27-Jun-2024,1340.0,CE,0.0,0.0,0.0,7.45,21.9,0,0.0,0,0,06-MAY-2024,
OPTSTK,COROMANDEL,27-Jun-2024,1360.0,CE,0.0,0.0,0.0,6.05,17.75,0,0.0,0,0,06-MAY-2024,
OPTSTK,COROMANDEL,27-Jun-2024,1020.0,PE,0.0,0.0,0.0,32.4,2.95,0,0.0,0,0,06-MAY-2024,
OPTSTK,COROMANDEL,27-Jun-2024,1040.0,PE,0.0,0.0,0.0,39.7,4.35,0,0.0,0,0,06-MAY-2024,
OPTSTK,COROMANDEL,27-Jun-2024,1060.0,PE,0.0,0.0,0.0,47.95,6.2,0,0.0,0,0,06-MAY-2024,
OPTSTK,COROMANDEL,27-Jun-2024,1070.0,PE,0.0,0.0,0.0,31.35,7.35,0,0.0,0,0,06-MAY-2024,
OPTSTK,COROMANDEL,27-Jun-2024,1080.0,PE,0.0,0.0,0.0,57.2,8.7,0,0.0,0,0,06-MAY-2024,
OPTSTK,COROMANDEL,27-Jun-2024,1090.0,PE,0.0,0.0,0.0,39.15,10.15,0,0.0,0,0,06-MAY-2024,
OPTSTK,COROMANDEL,27-Jun-2024,1100.0,PE,0.0,0.0,0.0,20.4,11.85,0,0.0,2100,0,06-MAY-2024,
OPTSTK,COROMANDEL,27-Jun-2024,1110.0,PE,0.0,0.0,0.0,48.1,13.7,0,0.0,0,0,06-MAY-2024,
OPTSTK,COROMANDEL,27-Jun-2024,1120.0,PE,0.0,0.0,0.0,78.5,15.8,0,0.0,0,0,06-MAY-2024,
OPTSTK,COROMANDEL,27-Jun-2024,1130.0,PE,0.0,0.0,0.0,58.1,18.1,0,0.0,0,0,06-MAY-2024,
OPTSTK,COROMANDEL,27-Jun-2024,1140.0,PE,0.0,0.0,0.0,90.55,20.65,0,0.0,0,0,06-MAY-2024,
OPTSTK,COROMANDEL,27-Jun-2024,1150.0,PE,0.0,0.0,0.0,30.0,23.35,0,0.0,7000,0,06-MAY-2024,
OPTSTK,COROMANDEL,27-Jun-2024,1160.0,PE,0.0,0.0,0.0,103.4,26.4,0,0.0,0,0,06-MAY-2024,
OPTSTK,COROMANDEL,27-Jun-2024,1170.0,PE,0.0,0.0,0.0,81.4,29.7,0,0.0,0,0,06-MAY-2024,
OPTSTK,COROMANDEL,27-Jun-2024,1180.0,PE,0.0,0.0,0.0,117.1,33.25,0,0.0,0,0,06-MAY-2024,
OPTSTK,COROMANDEL,27-Jun-2024,1190.0,PE,0.0,0.0,0.0,94.6,37.05,0,0.0,0,0,06-MAY-2024,
OPTSTK,COROMANDEL,27-Jun-2024,1200.0,PE,0.0,0.0,0.0,131.6,41.15,0,0.0,0,0,06-MAY-2024,
OPTSTK,COROMANDEL,27-Jun-2024,1210.0,PE,0.0,0.0,0.0,108.7,45.5,0,0.0,0,0,06-MAY-2024,
OPTSTK,COROMANDEL,27-Jun-2024,1220.0,PE,0.0,0.0,0.0,146.8,50.15,0,0.0,0,0,06-MAY-2024,
OPTSTK,COROMANDEL,27-Jun-2024,1230.0,PE,0.0,0.0,0.0,123.75,55.05,0,0.0,0,0,06-MAY-2024,
OPTSTK,COROMANDEL,27-Jun-2024,1240.0,PE,0.0,0.0,0.0,162.5,60.2,0,0.0,0,0,06-MAY-2024,
OPTSTK,COROMANDEL,27-Jun-2024,1250.0,PE,0.0,0.0,0.0,139.4,65.65,0,0.0,0,0,06-MAY-2024,
OPTSTK,COROMANDEL,27-Jun-2024,1260.0,PE,0.0,0.0,0.0,178.8,71.4,0,0.0,0,0,06-MAY-2024,
OPTSTK,COROMANDEL,27-Jun-2024,1270.0,PE,0.0,0.0,0.0,155.8,77.35,0,0.0,0,0,06-MAY-2024,
OPTSTK,COROMANDEL,27-Jun-2024,1280.0,PE,0.0,0.0,0.0,195.65,83.6,0,0.0,0,0,06-MAY-2024,
OPTSTK,COROMANDEL,27-Jun-2024,1290.0,PE,0.0,0.0,0.0,172.75,90.05,0,0.0,0,0,06-MAY-2024,
OPTSTK,COROMANDEL,27-Jun-2024,1300.0,PE,0.0,0.0,0.0,212.85,96.75,0,0.0,0,0,06-MAY-2024,
OPTSTK,COROMANDEL,27-Jun-2024,1310.0,PE,0.0,0.0,0.0,190.2,103.7,0,0.0,0,0,06-MAY-2024,
OPTSTK,COROMANDEL,27-Jun-2024,1320.0,PE,0.0,0.0,0.0,230.5,110.85,0,0.0,0,0,06-MAY-2024,
OPTSTK,COROMANDEL,27-Jun-2024,1340.0,PE,0.0,0.0,0.0,248.45,125.8,0,0.0,0,0,06-MAY-2024,
OPTSTK,COROMANDEL,27-Jun-2024,1360.0,PE,0.0,0.0,0.0,266.7,141.45,0,0.0,0,0,06-MAY-2024,
OPTSTK,COROMANDEL,25-Jul-2024,1040.0,CE,0.0,0.0,0.0,119.8,207.8,0,0.0,0,0,06-MAY-2024,
OPTSTK,COROMANDEL,25-Jul-2024,1080.0,CE,0.0,0.0,0.0,94.65,174.6,0,0.0,0,0,06-MAY-2024,
OPTSTK,COROMANDEL,25-Jul-2024,1100.0,CE,0.0,0.0,0.0,83.5,159.0,0,0.0,0,0,06-MAY-2024,
OPTSTK,COROMANDEL,25-Jul-2024,1120.0,CE,0.0,0.0,0.0,73.25,144.15,0,0.0,0,0,06-MAY-2024,
OPTSTK,COROMANDEL,25-Jul-2024,1140.0,CE,0.0,0.0,0.0,63.9,130.0,0,0.0,0,0,06-MAY-2024,
OPTSTK,COROMANDEL,25-Jul-2024,1160.0,CE,0.0,0.0,0.0,55.45,116.75,0,0.0,0,0,06-MAY-2024,
OPTSTK,COROMANDEL,25-Jul-2024,1180.0,CE,0.0,0.0,0.0,47.9,104.3,0,0.0,0,0,06-MAY-2024,
OPTSTK,COROMANDEL,25-Jul-2024,1200.0,CE,0.0,0.0,0.0,41.15,92.8,0,0.0,0,0,06-MAY-2024,
OPTSTK,COROMANDEL,25-Jul-2024,1220.0,CE,0.0,0.0,0.0,35.15,82.1,0,0.0,0,0,06-MAY-2024,
OPTSTK,COROMANDEL,25-Jul-2024,1240.0,CE,0.0,0.0,0.0,29.95,72.35,0,0.0,0,0,06-MAY-2024,
OPTSTK,COROMANDEL,25-Jul-2024,1260.0,CE,0.0,0.0,0.0,25.4,63.4,0,0.0,0,0,06-MAY-2024,
OPTSTK,COROMANDEL,25-Jul-2024,1280.0,CE,0.0,0.0,0.0,21.35,55.3,0,0.0,0,0,06-MAY-2024,
OPTSTK,COROMANDEL,25-Jul-2024,1300.0,CE,0.0,0.0,0.0,17.9,48.05,0,0.0,0,0,06-MAY-2024,
OPTSTK,COROMANDEL,25-Jul-2024,1320.0,CE,0.0,0.0,0.0,14.95,41.55,0,0.0,0,0,06-MAY-2024,
OPTSTK,COROMANDEL,25-Jul-2024,1360.0,CE,0.0,0.0,0.0,10.3,30.65,0,0.0,0,0,06-MAY-2024,
OPTSTK,COROMANDEL,25-Jul-2024,1040.0,PE,0.0,0.0,0.0,29.1,9.05,0,0.0,0,0,06-MAY-2024,
OPTSTK,COROMANDEL,25-Jul-2024,1080.0,PE,0.0,0.0,0.0,43.2,15.25,0,0.0,0,0,06-MAY-2024,
OPTSTK,COROMANDEL,25-Jul-2024,1100.0,PE,0.0,0.0,0.0,51.65,19.3,0,0.0,0,0,06-MAY-2024,
OPTSTK,COROMANDEL,25-Jul-2024,1120.0,PE,0.0,0.0,0.0,61.05,24.15,0,0.0,0,0,06-MAY-2024,
OPTSTK,COROMANDEL,25-Jul-2024,1140.0,PE,0.0,0.0,0.0,71.35,29.7,0,0.0,0,0,06-MAY-2024,
OPTSTK,COROMANDEL,25-Jul-2024,1160.0,PE,0.0,0.0,0.0,82.55,36.1,0,0.0,0,0,06-MAY-2024,
OPTSTK,COROMANDEL,25-Jul-2024,1180.0,PE,0.0,0.0,0.0,94.6,43.35,0,0.0,0,0,06-MAY-2024,
OPTSTK,COROMANDEL,25-Jul-2024,1200.0,PE,0.0,0.0,0.0,107.5,51.5,0,0.0,0,0,06-MAY-2024,
OPTSTK,COROMANDEL,25-Jul-2024,1220.0,PE,0.0,0.0,0.0,121.15,60.55,0,0.0,0,0,06-MAY-2024,
OPTSTK,COROMANDEL,25-Jul-2024,1240.0,PE,0.0,0.0,0.0,135.6,70.45,0,0.0,0,0,06-MAY-2024,
OPTSTK,COROMANDEL,25-Jul-2024,1260.0,PE,0.0,0.0,0.0,150.65,81.2,0,0.0,0,0,06-MAY-2024,
OPTSTK,COROMANDEL,25-Jul-2024,1280.0,PE,0.0,0.0,0.0,166.3,92.8,0,0.0,0,0,06-MAY-2024,
OPTSTK,COROMANDEL,25-Jul-2024,1300.0,PE,0.0,0.0,0.0,182.5,105.2,0,0.0,0,0,06-MAY-2024,
OPTSTK,COROMANDEL,25-Jul-2024,1320.0,PE,0.0,0.0,0.0,199.15,118.35,0,0.0,0,0,06-MAY-2024,
OPTSTK,COROMANDEL,25-Jul-2024,1360.0,PE,0.0,0.0,0.0,233.8,146.85,0,0.0,0,0,06-MAY-2024,
OPTSTK,CROMPTON,30-May-2024,250.0,CE,0.0,0.0,0.0,68.3,74.6,0,0.0,1800,0,06-MAY-2024,
OPTSTK,CROMPTON,30-May-2024,260.0,CE,0.0,0.0,0.0,69.65,64.65,0,0.0,1800,0,06-MAY-2024,
OPTSTK,CROMPTON,30-May-2024,270.0,CE,63.6,63.6,59.05,59.05,54.75,9,53.68,12600,-3600,06-MAY-2024,
OPTSTK,CROMPTON,30-May-2024,275.0,CE,0.0,0.0,0.0,30.1,49.85,0,0.0,0,0,06-MAY-2024,
OPTSTK,CROMPTON,30-May-2024,280.0,CE,53.1,53.9,47.6,47.6,47.6,29,173.12,12600,0,06-MAY-2024,
OPTSTK,CROMPTON,30-May-2024,285.0,CE,0.0,0.0,0.0,45.15,40.25,0,0.0,7200,0,06-MAY-2024,
OPTSTK,CROMPTON,30-May-2024,287.5,CE,0.0,0.0,0.0,31.5,37.95,0,0.0,1800,0,06-MAY-2024,
OPTSTK,CROMPTON,30-May-2024,290.0,CE,46.35,46.35,42.75,43.0,35.65,8,48.18,36000,1800,06-MAY-2024,
OPTSTK,CROMPTON,30-May-2024,292.5,CE,0.0,0.0,0.0,37.2,33.4,0,0.0,1800,0,06-MAY-2024,
OPTSTK,CROMPTON,30-May-2024,295.0,CE,0.0,0.0,0.0,37.0,31.15,0,0.0,7200,0,06-MAY-2024,
OPTSTK,CROMPTON,30-May-2024,297.5,CE,0.0,0.0,0.0,15.3,29.0,0,0.0,5400,0,06-MAY-2024,
OPTSTK,CROMPTON,30-May-2024,300.0,CE,35.0,37.8,28.85,29.75,29.75,31,186.32,324000,-5400,06-MAY-2024,
OPTSTK,CROMPTON,30-May-2024,302.5,CE,32.15,32.15,32.15,32.15,24.9,1,6.02,3600,1800,06-MAY-2024,
OPTSTK,CROMPTON,30-May-2024,305.0,CE,32.25,32.45,28.75,28.75,22.95,10,60.57,54000,-3600,06-MAY-2024,
OPTSTK,CROMPTON,30-May-2024,307.5,CE,28.55,28.55,27.55,27.55,21.05,2,12.07,1800,0,06-MAY-2024,
OPTSTK,CROMPTON,30-May-2024,310.0,CE,27.0,30.1,22.35,22.7,22.7,19,115.27,282600,-7200,06-MAY-2024,
OPTSTK,CROMPTON,30-May-2024,312.5,CE,0.0,0.0,0.0,22.7,17.55,0,0.0,7200,0,06-MAY-2024,
OPTSTK,CROMPTON,30-May-2024,315.0,CE,23.15,25.3,19.8,19.9,19.9,10,60.76,73800,-9000,06-MAY-2024,
OPTSTK,CROMPTON,30-May-2024,317.5,CE,0.0,0.0,0.0,18.55,14.35,0,0.0,14400,0,06-MAY-2024,
OPTSTK,CROMPTON,30-May-2024,320.0,CE,20.05,23.65,15.35,16.8,16.8,321,1963.71,390600,-72000,06-MAY-2024,
OPTSTK,CROMPTON,30-May-2024,322.5,CE,18.45,18.45,18.25,18.25,11.6,2,12.27,7200,1800,06-MAY-2024,
OPTSTK,CROMPTON,30-May-2024,325.0,CE,18.4,20.0,12.45,14.1,14.1,101,621.18,244800,-16200,06-MAY-2024,
OPTSTK,CROMPTON,30-May-2024,327.5,CE,17.4,18.15,11.6,13.1,13.1,63,389.77,111600,7200,06-MAY-2024,
OPTSTK,CROMPTON,30-May-2024,330.0,CE,14.9,18.4,10.55,11.75,11.75,3856,23868.53,2730600,-1571400,06-MAY-2024,
OPTSTK,CROMPTON,30-May-2024,332.5,CE,11.9,11.9,8.65,10.75,10.75,6,37.07,63000,-3600,06-MAY-2024,
OPTSTK,CROMPTON,30-May-2024,335.0,CE,14.8,15.2,8.9,9.95,9.95,157,982.14,198000,32400,06-MAY-2024,
OPTSTK,CROMPTON,30-May-2024,337.5,CE,11.7,12.7,8.55,8.6,8.6,10,62.81,21600,-7200,06-MAY-2024,
OPTSTK,CROMPTON,30-May-2024,340.0,CE,11.5,13.75,7.45,8.3,8.3,946,5969.77,626400,-142200,06-MAY-2024,
OPTSTK,CROMPTON,30-May-2024,342.5,CE,0.0,0.0,0.0,0.5,4.15,0,0.0,0,0,06-MAY-2024,
OPTSTK,CROMPTON,30-May-2024,345.0,CE,9.05,9.05,6.15,7.15,7.15,10,63.5,126000,-1800,06-MAY-2024,
OPTSTK,CROMPTON,30-May-2024,347.5,CE,0.0,0.0,0.0,0.35,3.05,0,0.0,0,0,06-MAY-2024,
OPTSTK,CROMPTON,30-May-2024,350.0,CE,7.75,10.0,4.9,5.5,5.5,959,6177.04,549000,-39600,06-MAY-2024,
OPTSTK,CROMPTON,30-May-2024,352.5,CE,0.0,0.0,0.0,0.3,2.2,0,0.0,0,0,06-MAY-2024,
OPTSTK,CROMPTON,30-May-2024,355.0,CE,5.95,6.0,5.25,5.4,5.4,15,97.36,160200,-21600,06-MAY-2024,
OPTSTK,CROMPTON,30-May-2024,360.0,CE,5.05,7.05,3.35,3.9,3.9,403,2649.38,513000,-39600,06-MAY-2024,
OPTSTK,CROMPTON,30-May-2024,365.0,CE,5.0,6.0,2.8,3.35,3.35,55,365.67,88200,37800,06-MAY-2024,
OPTSTK,CROMPTON,30-May-2024,250.0,PE,0.4,0.55,0.4,0.55,0.0,7,31.56,126000,0,06-MAY-2024,
OPTSTK,CROMPTON,30-May-2024,260.0,PE,0.0,0.0,0.0,0.5,0.05,0,0.0,102600,0,06-MAY-2024,
OPTSTK,CROMPTON,30-May-2024,270.0,PE,0.9,1.1,0.85,1.05,1.05,18,87.79,405000,9000,06-MAY-2024,
OPTSTK,CROMPTON,30-May-2024,275.0,PE,0.0,0.0,0.0,9.1,0.2,0,0.0,0,0,06-MAY-2024,
OPTSTK,CROMPTON,30-May-2024,280.0,PE,1.2,1.85,1.0,1.7,1.7,88,445.85,559800,10800,06-MAY-2024,
OPTSTK,CROMPTON,30-May-2024,285.0,PE,1.5,1.9,1.4,1.9,0.55,28,144.47,73800,36000,06-MAY-2024,
OPTSTK,CROMPTON,30-May-2024,287.5,PE,0.0,0.0,0.0,23.7,0.7,0,0.0,0,0,06-MAY-2024,
OPTSTK,CROMPTON,30-May-2024,290.0,PE,2.05,3.05,1.65,2.85,2.85,88,463.13,363600,27000,06-MAY-2024,
OPTSTK,CROMPTON,30-May-2024,292.5,PE,0.0,0.0,0.0,3.05,1.15,0,0.0,19800,0,06-MAY-2024,
OPTSTK,CROMPTON,30-May-2024,295.0,PE,3.05,3.9,2.4,3.65,3.65,6,32.22,208800,0,06-MAY-2024,
OPTSTK,CROMPTON,30-May-2024,297.5,PE,3.0,3.0,3.0,3.0,1.75,1,5.4,0,-1800,06-MAY-2024,
OPTSTK,CROMPTON,30-May-2024,300.0,PE,3.0,5.1,3.0,4.85,4.85,199,1090.33,828000,64800,06-MAY-2024,
OPTSTK,CROMPTON,30-May-2024,302.5,PE,0.0,0.0,0.0,5.5,2.6,0,0.0,5400,0,06-MAY-2024,
OPTSTK,CROMPTON,30-May-2024,305.0,PE,5.0,5.1,4.25,5.1,3.15,7,39.01,59400,5400,06-MAY-2024,
OPTSTK,CROMPTON,30-May-2024,307.5,PE,7.0,7.0,7.0,7.0,7.0,2,11.32,12600,1800,06-MAY-2024,
OPTSTK,CROMPTON,30-May-2024,310.0,PE,6.65,8.1,4.8,7.9,7.9,84,479.2,228600,-23400,06-MAY-2024,
OPTSTK,CROMPTON,30-May-2024,312.5,PE,7.8,9.35,7.8,9.35,9.35,3,17.35,19800,3600,06-MAY-2024,
OPTSTK,CROMPTON,30-May-2024,315.0,PE,6.7,9.65,6.7,9.4,9.4,25,145.31,81000,5400,06-MAY-2024,
OPTSTK,CROMPTON,30-May-2024,317.5,PE,9.0,9.0,9.0,9.0,7.0,1,5.87,1800,1800,06-MAY-2024,
OPTSTK,CROMPTON,30-May-2024,320.0,PE,9.6,12.25,8.35,11.8,11.8,300,1780.97,311400,10800,06-MAY-2024,
OPTSTK,CROMPTON,30-May-2024,322.5,PE,9.5,12.8,9.5,12.75,12.75,12,72.08,9000,0,06-MAY-2024,
OPTSTK,CROMPTON,30-May-2024,325.0,PE,11.55,15.0,10.65,14.65,14.65,42,254.89,77400,10800,06-MAY-2024,
OPTSTK,CROMPTON,30-May-2024,327.5,PE,11.9,15.8,11.3,15.6,15.6,26,159.81,84600,3600,06-MAY-2024,
OPTSTK,CROMPTON,30-May-2024,330.0,PE,14.0,17.9,12.85,16.9,16.9,250,1553.62,349200,-30600,06-MAY-2024,
OPTSTK,CROMPTON,30-May-2024,332.5,PE,15.85,16.25,15.85,16.25,14.7,2,12.54,18000,0,06-MAY-2024,
OPTSTK,CROMPTON,30-May-2024,335.0,PE,15.9,20.6,15.6,19.7,19.7,21,133.28,41400,9000,06-MAY-2024,
OPTSTK,CROMPTON,30-May-2024,337.5,PE,18.35,23.55,17.0,23.55,23.55,13,84.27,19800,18000,06-MAY-2024,
OPTSTK,CROMPTON,30-May-2024,340.0,PE,20.05,21.75,18.5,21.2,19.8,10,64.79,14400,3600,06-MAY-2024,
OPTSTK,CROMPTON,30-May-2024,342.5,PE,0.0,0.0,0.0,71.3,21.65,0,0.0,0,0,06-MAY-2024,
OPTSTK,CROMPTON,30-May-2024,345.0,PE,0.0,0.0,0.0,25.3,23.55,0,0.0,9000,0,06-MAY-2024,
OPTSTK,CROMPTON,30-May-2024,347.5,PE,28.1,28.1,28.1,28.1,28.1,1,6.76,1800,1800,06-MAY-2024,
OPTSTK,CROMPTON,30-May-2024,350.0,PE,26.35,28.2,25.2,28.1,27.6,21,142.45,86400,14400,06-MAY-2024,
OPTSTK,CROMPTON,30-May-2024,352.5,PE,0.0,0.0,0.0,78.45,29.7,0,0.0,0,0,06-MAY-2024,
OPTSTK,CROMPTON,30-May-2024,355.0,PE,0.0,0.0,0.0,30.5,31.85,0,0.0,1800,0,06-MAY-2024,
OPTSTK,CROMPTON,30-May-2024,360.0,PE,34.1,34.15,34.1,34.15,36.25,2,14.18,5400,1800,06-MAY-2024,
OPTSTK,CROMPTON,30-May-2024,365.0,PE,38.45,38.45,38.45,38.45,40.85,1,7.26,1800,1800,06-MAY-2024,
OPTSTK,CROMPTON,27-Jun-2024,275.0,CE,0.0,0.0,0.0,15.2,52.4,0,0.0,0,0,06-MAY-2024,
OPTSTK,CROMPTON,27-Jun-2024,280.0,CE,0.0,0.0,0.0,13.1,47.9,0,0.0,0,0,06-MAY-2024,
OPTSTK,CROMPTON,27-Jun-2024,285.0,CE,0.0,0.0,0.0,11.25,43.55,0,0.0,0,0,06-MAY-2024,
OPTSTK,CROMPTON,27-Jun-2024,287.5,CE,0.0,0.0,0.0,31.85,41.45,0,0.0,0,0,06-MAY-2024,
OPTSTK,CROMPTON,27-Jun-2024,290.0,CE,0.0,0.0,0.0,9.6,39.35,0,0.0,0,0,06-MAY-2024,
OPTSTK,CROMPTON,27-Jun-2024,292.5,CE,0.0,0.0,0.0,28.35,37.35,0,0.0,0,0,06-MAY-2024,
OPTSTK,CROMPTON,27-Jun-2024,295.0,CE,0.0,0.0,0.0,8.15,35.35,0,0.0,0,0,06-MAY-2024,
OPTSTK,CROMPTON,27-Jun-2024,297.5,CE,0.0,0.0,0.0,25.1,33.45,0,0.0,0,0,06-MAY-2024,
OPTSTK,CROMPTON,27-Jun-2024,300.0,CE,0.0,0.0,0.0,28.0,31.55,0,0.0,1800,0,06-MAY-2024,
OPTSTK,CROMPTON,27-Jun-2024,302.5,CE,0.0,0.0,0.0,22.1,29.75,0,0.0,0,0,06-MAY-2024,
OPTSTK,CROMPTON,27-Jun-2024,305.0,CE,0.0,0.0,0.0,5.85,27.95,0,0.0,0,0,06-MAY-2024,
OPTSTK,CROMPTON,27-Jun-2024,307.5,CE,0.0,0.0,0.0,19.35,26.25,0,0.0,0,0,06-MAY-2024,
OPTSTK,CROMPTON,27-Jun-2024,310.0,CE,0.0,0.0,0.0,4.9,24.65,0,0.0,0,0,06-MAY-2024,
OPTSTK,CROMPTON,27-Jun-2024,312.5,CE,0.0,0.0,0.0,16.85,23.05,0,0.0,0,0,06-MAY-2024,
OPTSTK,CROMPTON,27-Jun-2024,315.0,CE,0.0,0.0,0.0,4.05,21.55,0,0.0,0,0,06-MAY-2024,
OPTSTK,CROMPTON,27-Jun-2024,317.5,CE,0.0,0.0,0.0,14.55,20.1,0,0.0,0,0,06-MAY-2024,
OPTSTK,CROMPTON,27-Jun-2024,320.0,CE,0.0,0.0,0.0,3.35,18.7,0,0.0,0,0,06-MAY-2024,
OPTSTK,CROMPTON,27-Jun-2024,322.5,CE,0.0,0.0,0.0,12.5,17.4,0,0.0,0,0,06-MAY-2024,
OPTSTK,CROMPTON,27-Jun-2024,325.0,CE,0.0,0.0,0.0,2.8,16.15,0,0.0,0,0,06-MAY-2024,
OPTSTK,CROMPTON,27-Jun-2024,327.5,CE,0.0,0.0,0.0,10.7,14.95,0,0.0,0,0,06-MAY-2024,
OPTSTK,CROMPTON,27-Jun-2024,330.0,CE,22.9,23.0,22.8,22.8,13.8,4,25.41,25200,5400,06-MAY-2024,
OPTSTK,CROMPTON,27-Jun-2024,332.5,CE,0.0,0.0,0.0,9.1,12.75,0,0.0,0,0,06-MAY-2024,
OPTSTK,CROMPTON,27-Jun-2024,335.0,CE,0.0,0.0,0.0,1.9,11.75,0,0.0,0,0,06-MAY-2024,
OPTSTK,CROMPTON,27-Jun-2024,337.5,CE,0.0,0.0,0.0,7.65,10.8,0,0.0,0,0,06-MAY-2024,
OPTSTK,CROMPTON,27-Jun-2024,340.0,CE,0.0,0.0,0.0,1.55,9.9,0,0.0,0,0,06-MAY-2024,
OPTSTK,CROMPTON,27-Jun-2024,342.5,CE,0.0,0.0,0.0,6.45,9.05,0,0.0,0,0,06-MAY-2024,
OPTSTK,CROMPTON,27-Jun-2024,345.0,CE,0.0,0.0,0.0,1.25,8.3,0,0.0,0,0,06-MAY-2024,
OPTSTK,CROMPTON,27-Jun-2024,347.5,CE,0.0,0.0,0.0,5.4,7.6,0,0.0,0,0,06-MAY-2024,
OPTSTK,CROMPTON,27-Jun-2024,350.0,CE,13.2,13.2,13.2,13.2,6.9,1,6.53,9000,0,06-MAY-2024,
OPTSTK,CROMPTON,27-Jun-2024,352.5,CE,0.0,0.0,0.0,4.45,6.3,0,0.0,0,0,06-MAY-2024,
OPTSTK,CROMPTON,27-Jun-2024,355.0,CE,0.0,0.0,0.0,0.8,5.75,0,0.0,0,0,06-MAY-2024,
OPTSTK,CROMPTON,27-Jun-2024,360.0,CE,0.0,0.0,0.0,0.65,4.7,0,0.0,0,0,06-MAY-2024,
OPTSTK,CROMPTON,27-Jun-2024,365.0,CE,0.0,0.0,0.0,1.0,3.85,0,0.0,0,0,06-MAY-2024,
OPTSTK,CROMPTON,27-Jun-2024,275.0,PE,0.0,0.0,0.0,17.75,1.15,0,0.0,0,0,06-MAY-2024,
OPTSTK,CROMPTON,27-Jun-2024,280.0,PE,3.85,5.45,3.85,5.45,5.45,13,66.48,59400,9000,06-MAY-2024,
OPTSTK,CROMPTON,27-Jun-2024,285.0,PE,0.0,0.0,0.0,23.65,2.2,0,0.0,0,0,06-MAY-2024,
OPTSTK,CROMPTON,27-Jun-2024,287.5,PE,0.0,0.0,0.0,5.95,2.6,0,0.0,0,0,06-MAY-2024,
OPTSTK,CROMPTON,27-Jun-2024,290.0,PE,5.9,5.9,5.85,5.85,3.0,3,15.97,25200,0,06-MAY-2024,
OPTSTK,CROMPTON,27-Jun-2024,292.5,PE,0.0,0.0,0.0,7.45,3.45,0,0.0,0,0,06-MAY-2024,
OPTSTK,CROMPTON,27-Jun-2024,295.0,PE,0.0,0.0,0.0,30.4,3.9,0,0.0,0,0,06-MAY-2024,
OPTSTK,CROMPTON,27-Jun-2024,297.5,PE,0.0,0.0,0.0,9.15,4.45,0,0.0,0,0,06-MAY-2024,
OPTSTK,CROMPTON,27-Jun-2024,300.0,PE,8.0,8.0,7.5,7.8,5.05,6,33.24,63000,1800,06-MAY-2024,
OPTSTK,CROMPTON,27-Jun-2024,302.5,PE,0.0,0.0,0.0,11.05,5.75,0,0.0,0,0,06-MAY-2024,
OPTSTK,CROMPTON,27-Jun-2024,305.0,PE,0.0,0.0,0.0,37.9,6.45,0,0.0,0,0,06-MAY-2024,
OPTSTK,CROMPTON,27-Jun-2024,307.5,PE,0.0,0.0,0.0,13.25,7.2,0,0.0,0,0,06-MAY-2024,
OPTSTK,CROMPTON,27-Jun-2024,310.0,PE,10.5,10.5,10.5,10.5,8.05,1,5.76,3600,0,06-MAY-2024,
OPTSTK,CROMPTON,27-Jun-2024,312.5,PE,0.0,0.0,0.0,15.65,8.95,0,0.0,0,0,06-MAY-2024,
OPTSTK,CROMPTON,27-Jun-2024,315.0,PE,0.0,0.0,0.0,45.95,9.9,0,0.0,0,0,06-MAY-2024,
OPTSTK,CROMPTON,27-Jun-2024,317.5,PE,0.0,0.0,0.0,18.3,10.9,0,0.0,0,0,06-MAY-2024,
OPTSTK,CROMPTON,27-Jun-2024,320.0,PE,16.0,16.0,16.0,16.0,12.0,1,6.04,1800,1800,06-MAY-2024,
OPTSTK,CROMPTON,27-Jun-2024,322.5,PE,0.0,0.0,0.0,21.2,13.15,0,0.0,0,0,06-MAY-2024,
OPTSTK,CROMPTON,27-Jun-2024,325.0,PE,0.0,0.0,0.0,54.5,14.4,0,0.0,0,0,06-MAY-2024,
OPTSTK,CROMPTON,27-Jun-2024,327.5,PE,0.0,0.0,0.0,24.35,15.65,0,0.0,0,0,06-MAY-2024,
OPTSTK,CROMPTON,27-Jun-2024,330.0,PE,0.0,0.0,0.0,58.9,17.0,0,0.0,0,0,06-MAY-2024,
OPTSTK,CROMPTON,27-Jun-2024,332.5,PE,0.0,0.0,0.0,27.65,18.4,0,0.0,0,0,06-MAY-2024,
OPTSTK,CROMPTON,27-Jun-2024,335.0,PE,0.0,0.0,0.0,63.4,19.9,0,0.0,0,0,06-MAY-2024,
OPTSTK,CROMPTON,27-Jun-2024,337.5,PE,0.0,0.0,0.0,31.2,21.4,0,0.0,0,0,06-MAY-2024,
OPTSTK,CROMPTON,27-Jun-2024,340.0,PE,0.0,0.0,0.0,67.95,23.0,0,0.0,0,0,06-MAY-2024,
OPTSTK,CROMPTON,27-Jun-2024,342.5,PE,0.0,0.0,0.0,34.9,24.65,0,0.0,0,0,06-MAY-2024,
OPTSTK,CROMPTON,27-Jun-2024,345.0,PE,0.0,0.0,0.0,72.6,26.35,0,0.0,0,0,06-MAY-2024,
OPTSTK,CROMPTON,27-Jun-2024,347.5,PE,0.0,0.0,0.0,38.8,28.1,0,0.0,0,0,06-MAY-2024,
OPTSTK,CROMPTON,27-Jun-2024,350.0,PE,0.0,0.0,0.0,77.25,29.9,0,0.0,0,0,06-MAY-2024,
OPTSTK,CROMPTON,27-Jun-2024,352.5,PE,0.0,0.0,0.0,42.8,31.75,0,0.0,0,0,06-MAY-2024,
OPTSTK,CROMPTON,27-Jun-2024,355.0,PE,0.0,0.0,0.0,81.95,33.65,0,0.0,0,0,06-MAY-2024,
OPTSTK,CROMPTON,27-Jun-2024,360.0,PE,0.0,0.0,0.0,86.75,37.6,0,0.0,0,0,06-MAY-2024,
OPTSTK,CROMPTON,27-Jun-2024,365.0,PE,0.0,0.0,0.0,80.1,41.65,0,0.0,0,0,06-MAY-2024,
OPTSTK,CROMPTON,25-Jul-2024,270.0,CE,0.0,0.0,0.0,48.55,59.5,0,0.0,0,0,06-MAY-2024,
OPTSTK,CROMPTON,25-Jul-2024,280.0,CE,0.0,0.0,0.0,40.85,50.9,0,0.0,0,0,06-MAY-2024,
OPTSTK,CROMPTON,25-Jul-2024,285.0,CE,0.0,0.0,0.0,37.25,46.85,0,0.0,0,0,06-MAY-2024,
OPTSTK,CROMPTON,25-Jul-2024,290.0,CE,0.0,0.0,0.0,33.85,42.9,0,0.0,0,0,06-MAY-2024,
OPTSTK,CROMPTON,25-Jul-2024,295.0,CE,0.0,0.0,0.0,30.6,39.15,0,0.0,0,0,06-MAY-2024,
OPTSTK,CROMPTON,25-Jul-2024,300.0,CE,0.0,0.0,0.0,27.6,35.55,0,0.0,0,0,06-MAY-2024,
OPTSTK,CROMPTON,25-Jul-2024,305.0,CE,0.0,0.0,0.0,24.8,32.15,0,0.0,0,0,06-MAY-2024,
OPTSTK,CROMPTON,25-Jul-2024,310.0,CE,0.0,0.0,0.0,22.15,29.0,0,0.0,0,0,06-MAY-2024,
OPTSTK,CROMPTON,25-Jul-2024,315.0,CE,0.0,0.0,0.0,19.75,26.0,0,0.0,0,0,06-MAY-2024,
OPTSTK,CROMPTON,25-Jul-2024,320.0,CE,0.0,0.0,0.0,17.55,23.2,0,0.0,0,0,06-MAY-2024,
OPTSTK,CROMPTON,25-Jul-2024,325.0,CE,0.0,0.0,0.0,15.5,20.65,0,0.0,0,0,06-MAY-2024,
OPTSTK,CROMPTON,25-Jul-2024,330.0,CE,0.0,0.0,0.0,13.65,18.3,0,0.0,0,0,06-MAY-2024,
OPTSTK,CROMPTON,25-Jul-2024,335.0,CE,0.0,0.0,0.0,12.0,16.15,0,0.0,0,0,06-MAY-2024,
OPTSTK,CROMPTON,25-Jul-2024,340.0,CE,0.0,0.0,0.0,10.5,14.15,0,0.0,0,0,06-MAY-2024,
OPTSTK,CROMPTON,25-Jul-2024,345.0,CE,0.0,0.0,0.0,9.15,12.4,0,0.0,0,0,06-MAY-2024,
OPTSTK,CROMPTON,25-Jul-2024,350.0,CE,0.0,0.0,0.0,7.95,10.8,0,0.0,0,0,06-MAY-2024,
OPTSTK,CROMPTON,25-Jul-2024,355.0,CE,0.0,0.0,0.0,6.85,9.35,0,0.0,0,0,06-MAY-2024,
OPTSTK,CROMPTON,25-Jul-2024,360.0,CE,0.0,0.0,0.0,5.95,8.1,0,0.0,0,0,06-MAY-2024,
OPTSTK,CROMPTON,25-Jul-2024,370.0,CE,0.0,0.0,0.0,4.35,6.0,0,0.0,0,0,06-MAY-2024,
OPTSTK,CROMPTON,25-Jul-2024,270.0,PE,0.0,0.0,0.0,3.9,1.85,0,0.0,0,0,06-MAY-2024,
OPTSTK,CROMPTON,25-Jul-2024,280.0,PE,0.0,0.0,0.0,6.05,3.1,0,0.0,0,0,06-MAY-2024,
OPTSTK,CROMPTON,25-Jul-2024,285.0,PE,0.0,0.0,0.0,7.35,3.9,0,0.0,0,0,06-MAY-2024,
OPTSTK,CROMPTON,25-Jul-2024,290.0,PE,0.0,0.0,0.0,8.85,4.9,0,0.0,0,0,06-MAY-2024,
OPTSTK,CROMPTON,25-Jul-2024,295.0,PE,0.0,0.0,0.0,10.55,6.1,0,0.0,0,0,06-MAY-2024,
OPTSTK,CROMPTON,25-Jul-2024,300.0,PE,0.0,0.0,0.0,12.45,7.4,0,0.0,0,0,06-MAY-2024,
OPTSTK,CROMPTON,25-Jul-2024,305.0,PE,0.0,0.0,0.0,14.55,8.95,0,0.0,0,0,06-MAY-2024,
OPTSTK,CROMPTON,25-Jul-2024,310.0,PE,0.0,0.0,0.0,16.8,10.7,0,0.0,0,0,06-MAY-2024,
OPTSTK,CROMPTON,25-Jul-2024,315.0,PE,0.0,0.0,0.0,19.3,12.6,0,0.0,0,0,06-MAY-2024,
OPTSTK,CROMPTON,25-Jul-2024,320.0,PE,0.0,0.0,0.0,22.0,14.75,0,0.0,0,0,06-MAY-2024,
OPTSTK,CROMPTON,25-Jul-2024,325.0,PE,0.0,0.0,0.0,24.9,17.1,0,0.0,0,0,06-MAY-2024,
OPTSTK,CROMPTON,25-Jul-2024,330.0,PE,0.0,0.0,0.0,27.95,19.7,0,0.0,0,0,06-MAY-2024,
OPTSTK,CROMPTON,25-Jul-2024,335.0,PE,0.0,0.0,0.0,31.2,22.45,0,0.0,0,0,06-MAY-2024,
OPTSTK,CROMPTON,25-Jul-2024,340.0,PE,0.0,0.0,0.0,34.6,25.4,0,0.0,0,0,06-MAY-2024,
OPTSTK,CROMPTON,25-Jul-2024,345.0,PE,0.0,0.0,0.0,38.15,28.55,0,0.0,0,0,06-MAY-2024,
OPTSTK,CROMPTON,25-Jul-2024,350.0,PE,0.0,0.0,0.0,41.9,31.85,0,0.0,0,0,06-MAY-2024,
OPTSTK,CROMPTON,25-Jul-2024,355.0,PE,0.0,0.0,0.0,45.7,35.35,0,0.0,0,0,06-MAY-2024,
OPTSTK,CROMPTON,25-Jul-2024,360.0,PE,0.0,0.0,0.0,49.7,39.0,0,0.0,0,0,06-MAY-2024,
OPTSTK,CROMPTON,25-Jul-2024,370.0,PE,0.0,0.0,0.0,57.95,46.75,0,0.0,0,0,06-MAY-2024,
OPTSTK,CUB,30-May-2024,138.0,CE,0.0,0.0,0.0,7.7,22.8,0,0.0,0,0,06-MAY-2024,
OPTSTK,CUB,30-May-2024,140.0,CE,21.55,22.95,21.55,22.95,20.95,2,16.22,30000,0,06-MAY-2024,
OPTSTK,CUB,30-May-2024,142.0,CE,0.0,0.0,0.0,6.05,19.15,0,0.0,0,0,06-MAY-2024,
OPTSTK,CUB,30-May-2024,144.0,CE,0.0,0.0,0.0,17.85,17.4,0,0.0,5000,0,06-MAY-2024,
OPTSTK,CUB,30-May-2024,145.0,CE,0.0,0.0,0.0,19.75,16.55,0,0.0,15000,0,06-MAY-2024,
OPTSTK,CUB,30-May-2024,146.0,CE,0.0,0.0,0.0,16.0,15.7,0,0.0,5000,0,06-MAY-2024,
OPTSTK,CUB,30-May-2024,147.0,CE,0.0,0.0,0.0,4.45,14.9,0,0.0,0,0,06-MAY-2024,
OPTSTK,CUB,30-May-2024,148.0,CE,0.0,0.0,0.0,16.4,14.1,0,0.0,10000,0,06-MAY-2024,
OPTSTK,CUB,30-May-2024,149.0,CE,0.0,0.0,0.0,15.75,13.35,0,0.0,5000,0,06-MAY-2024,
OPTSTK,CUB,30-May-2024,150.0,CE,12.7,14.95,12.7,14.6,12.55,3,24.61,185000,10000,06-MAY-2024,
OPTSTK,CUB,30-May-2024,151.0,CE,0.0,0.0,0.0,3.4,11.85,0,0.0,0,0,06-MAY-2024,
OPTSTK,CUB,30-May-2024,152.0,CE,0.0,0.0,0.0,13.15,11.15,0,0.0,10000,0,06-MAY-2024,
OPTSTK,CUB,30-May-2024,153.0,CE,0.0,0.0,0.0,10.75,10.45,0,0.0,30000,0,06-MAY-2024,
OPTSTK,CUB,30-May-2024,154.0,CE,0.0,0.0,0.0,10.1,9.8,0,0.0,10000,0,06-MAY-2024,
OPTSTK,CUB,30-May-2024,155.0,CE,9.8,11.55,8.8,9.8,9.8,16,132.05,255000,0,06-MAY-2024,
OPTSTK,CUB,30-May-2024,156.0,CE,9.5,10.85,9.5,10.6,8.55,4,33.22,30000,0,06-MAY-2024,
OPTSTK,CUB,30-May-2024,157.0,CE,8.0,10.0,7.4,8.55,8.55,14,115.96,110000,5000,06-MAY-2024,
OPTSTK,CUB,30-May-2024,158.0,CE,7.2,10.1,7.2,8.05,8.05,27,225.38,55000,-5000,06-MAY-2024,
OPTSTK,CUB,30-May-2024,159.0,CE,6.7,9.0,6.7,7.5,7.5,14,116.87,90000,20000,06-MAY-2024,
OPTSTK,CUB,30-May-2024,160.0,CE,7.4,9.1,5.9,7.05,7.05,1341,11228.6,1370000,225000,06-MAY-2024,
OPTSTK,CUB,30-May-2024,161.0,CE,5.8,7.7,5.5,6.6,6.6,22,184.52,110000,10000,06-MAY-2024,
OPTSTK,CUB,30-May-2024,162.0,CE,6.6,7.9,5.35,6.15,6.15,87,732.75,285000,-5000,06-MAY-2024,
OPTSTK,CUB,30-May-2024,163.0,CE,6.35,6.9,4.95,5.6,5.6,70,591.55,110000,-10000,06-MAY-2024,
OPTSTK,CUB,30-May-2024,164.0,CE,5.1,7.0,4.9,5.45,5.45,71,603.7,285000,-10000,06-MAY-2024,
OPTSTK,CUB,30-May-2024,165.0,CE,4.9,6.6,4.15,5.0,5.0,518,4417.08,1625000,590000,06-MAY-2024,
OPTSTK,CUB,30-May-2024,166.0,CE,3.9,6.05,3.9,4.55,4.55,30,256.36,200000,20000,06-MAY-2024,
OPTSTK,CUB,30-May-2024,167.0,CE,4.95,5.65,4.2,4.25,4.25,11,94.41,35000,-10000,06-MAY-2024,
OPTSTK,CUB,30-May-2024,168.0,CE,3.55,4.7,3.25,3.95,3.95,11,94.55,100000,15000,06-MAY-2024,
OPTSTK,CUB,30-May-2024,169.0,CE,3.3,4.25,3.3,3.65,3.65,10,86.37,60000,0,06-MAY-2024,
OPTSTK,CUB,30-May-2024,170.0,CE,3.5,4.55,2.7,3.35,3.35,626,5434.96,1750000,70000,06-MAY-2024,
OPTSTK,CUB,30-May-2024,171.0,CE,3.5,3.5,3.35,3.35,2.4,2,17.44,25000,10000,06-MAY-2024,
OPTSTK,CUB,30-May-2024,172.0,CE,2.25,2.9,2.25,2.9,2.9,2,17.45,30000,-5000,06-MAY-2024,
OPTSTK,CUB,30-May-2024,173.0,CE,2.95,3.55,2.65,2.65,2.65,27,237.87,350000,100000,06-MAY-2024,
OPTSTK,CUB,30-May-2024,174.0,CE,0.0,0.0,0.0,2.45,1.8,0,0.0,10000,0,06-MAY-2024,
OPTSTK,CUB,30-May-2024,175.0,CE,1.95,3.05,1.95,2.2,2.2,162,1437.39,750000,155000,06-MAY-2024,
OPTSTK,CUB,30-May-2024,176.0,CE,2.4,2.4,2.4,2.4,1.45,2,17.84,10000,5000,06-MAY-2024,
OPTSTK,CUB,30-May-2024,178.0,CE,0.0,0.0,0.0,0.4,1.15,0,0.0,0,0,06-MAY-2024,
OPTSTK,CUB,30-May-2024,179.0,CE,2.0,2.0,2.0,2.0,1.05,1,9.05,15000,0,06-MAY-2024,
OPTSTK,CUB,30-May-2024,180.0,CE,1.5,2.05,1.1,1.4,1.4,370,3358.48,1135000,105000,06-MAY-2024,
OPTSTK,CUB,30-May-2024,182.0,CE,1.25,1.25,1.15,1.15,0.75,4,36.64,15000,15000,06-MAY-2024,
OPTSTK,CUB,30-May-2024,120.0,PE,0.1,0.1,0.1,0.1,0.0,3,18.01,45000,0,06-MAY-2024,
OPTSTK,CUB,30-May-2024,130.0,PE,0.0,0.0,0.0,0.25,0.1,0,0.0,235000,0,06-MAY-2024,
OPTSTK,CUB,30-May-2024,131.0,PE,0.3,1.85,0.25,0.3,0.1,28,184.31,105000,55000,06-MAY-2024,
OPTSTK,CUB,30-May-2024,135.0,PE,0.6,0.6,0.3,0.3,0.2,8,54.16,30000,0,06-MAY-2024,
OPTSTK,CUB,30-May-2024,138.0,PE,0.0,0.0,0.0,0.4,0.35,0,0.0,5000,0,06-MAY-2024,
OPTSTK,CUB,30-May-2024,140.0,PE,0.7,0.85,0.55,0.65,0.65,56,393.93,685000,140000,06-MAY-2024,
OPTSTK,CUB,30-May-2024,142.0,PE,0.0,0.0,0.0,11.2,0.7,0,0.0,0,0,06-MAY-2024,
OPTSTK,CUB,30-May-2024,144.0,PE,0.0,0.0,0.0,1.25,0.95,0,0.0,15000,0,06-MAY-2024,
OPTSTK,CUB,30-May-2024,145.0,PE,1.4,1.4,0.85,1.2,1.2,39,284.79,705000,45000,06-MAY-2024,
OPTSTK,CUB,30-May-2024,146.0,PE,0.0,0.0,0.0,13.8,1.25,0,0.0,0,0,06-MAY-2024,
OPTSTK,CUB,30-May-2024,147.0,PE,0.0,0.0,0.0,14.5,1.4,0,0.0,0,0,06-MAY-2024,
OPTSTK,CUB,30-May-2024,148.0,PE,1.6,1.6,1.6,1.6,1.6,1,7.48,15000,5000,06-MAY-2024,
OPTSTK,CUB,30-May-2024,149.0,PE,0.0,0.0,0.0,1.85,1.85,0,0.0,30000,0,06-MAY-2024,
OPTSTK,CUB,30-May-2024,150.0,PE,2.05,2.35,1.55,2.15,2.15,70,531.96,1045000,90000,06-MAY-2024,
OPTSTK,CUB,30-May-2024,151.0,PE,2.35,2.35,2.35,2.35,2.35,1,7.66,15000,5000,06-MAY-2024,
OPTSTK,CUB,30-May-2024,152.0,PE,0.0,0.0,0.0,2.6,2.65,0,0.0,10000,0,06-MAY-2024,
OPTSTK,CUB,30-May-2024,153.0,PE,0.0,0.0,0.0,2.6,2.95,0,0.0,80000,0,06-MAY-2024,
OPTSTK,CUB,30-May-2024,154.0,PE,0.0,0.0,0.0,3.0,3.25,0,0.0,45000,0,06-MAY-2024,
OPTSTK,CUB,30-May-2024,155.0,PE,3.55,4.0,2.75,3.7,3.7,57,451.73,450000,-20000,06-MAY-2024,
OPTSTK,CUB,30-May-2024,156.0,PE,4.25,4.5,2.9,4.05,4.05,31,247.73,75000,45000,06-MAY-2024,
OPTSTK,CUB,30-May-2024,157.0,PE,4.25,4.8,3.65,4.5,4.5,30,241.88,80000,-25000,06-MAY-2024,
OPTSTK,CUB,30-May-2024,158.0,PE,4.9,5.25,3.8,5.0,5.0,49,398.42,85000,-40000,06-MAY-2024,
OPTSTK,CUB,30-May-2024,159.0,PE,5.5,5.6,4.35,5.45,5.45,23,188.55,40000,-15000,06-MAY-2024,
OPTSTK,CUB,30-May-2024,160.0,PE,5.45,6.35,4.35,5.95,5.95,328,2717.88,640000,110000,06-MAY-2024,
OPTSTK,CUB,30-May-2024,161.0,PE,6.8,6.8,4.85,5.8,6.35,46,383.65,55000,-35000,06-MAY-2024,
OPTSTK,CUB,30-May-2024,162.0,PE,7.1,7.2,5.25,7.05,7.05,23,193.59,100000,55000,06-MAY-2024,
OPTSTK,CUB,30-May-2024,163.0,PE,7.55,7.85,5.75,7.65,7.65,43,365.26,70000,0,06-MAY-2024,
OPTSTK,CUB,30-May-2024,164.0,PE,7.8,8.25,6.75,8.25,8.25,19,162.9,45000,0,06-MAY-2024,
OPTSTK,CUB,30-May-2024,165.0,PE,8.7,9.05,6.8,8.95,8.95,30,259.38,215000,5000,06-MAY-2024,
OPTSTK,CUB,30-May-2024,166.0,PE,0.0,0.0,0.0,9.15,9.3,0,0.0,30000,0,06-MAY-2024,
OPTSTK,CUB,30-May-2024,167.0,PE,9.1,10.15,9.1,10.1,10.1,5,44.15,15000,10000,06-MAY-2024,
OPTSTK,CUB,30-May-2024,168.0,PE,9.7,11.15,9.7,11.05,10.65,3,26.79,5000,0,06-MAY-2024,
OPTSTK,CUB,30-May-2024,169.0,PE,10.15,11.5,10.15,11.5,11.5,2,17.98,35000,5000,06-MAY-2024,
OPTSTK,CUB,30-May-2024,170.0,PE,11.4,12.7,10.45,10.75,12.05,13,118.14,65000,-10000,06-MAY-2024,
OPTSTK,CUB,30-May-2024,171.0,PE,12.45,12.45,12.45,12.45,12.85,1,9.17,5000,0,06-MAY-2024,
OPTSTK,CUB,30-May-2024,172.0,PE,12.15,12.15,12.15,12.15,13.6,1,9.2,5000,0,06-MAY-2024,
OPTSTK,CUB,30-May-2024,173.0,PE,0.0,0.0,0.0,32.1,14.4,0,0.0,0,0,06-MAY-2024,
OPTSTK,CUB,30-May-2024,174.0,PE,0.0,0.0,0.0,37.3,15.2,0,0.0,0,0,06-MAY-2024,
OPTSTK,CUB,30-May-2024,175.0,PE,0.0,0.0,0.0,16.25,16.0,0,0.0,20000,0,06-MAY-2024,
OPTSTK,CUB,30-May-2024,176.0,PE,0.0,0.0,0.0,39.2,16.85,0,0.0,0,0,06-MAY-2024,
OPTSTK,CUB,30-May-2024,178.0,PE,0.0,0.0,0.0,41.1,18.55,0,0.0,0,0,06-MAY-2024,
OPTSTK,CUB,30-May-2024,180.0,PE,0.0,0.0,0.0,42.65,20.3,0,0.0,0,0,06-MAY-2024,
OPTSTK,CUB,30-May-2024,182.0,PE,20.0,20.35,20.0,20.35,22.1,2,20.21,10000,10000,06-MAY-2024,
OPTSTK,CUB,27-Jun-2024,138.0,CE,0.0,0.0,0.0,9.75,24.6,0,0.0,0,0,06-MAY-2024,
OPTSTK,CUB,27-Jun-2024,140.0,CE,0.0,0.0,0.0,8.9,22.95,0,0.0,0,0,06-MAY-2024,
OPTSTK,CUB,27-Jun-2024,142.0,CE,0.0,0.0,0.0,8.1,21.35,0,0.0,0,0,06-MAY-2024,
OPTSTK,CUB,27-Jun-2024,144.0,CE,0.0,0.0,0.0,7.35,19.8,0,0.0,0,0,06-MAY-2024,
OPTSTK,CUB,27-Jun-2024,146.0,CE,0.0,0.0,0.0,6.65,18.3,0,0.0,0,0,06-MAY-2024,
OPTSTK,CUB,27-Jun-2024,147.0,CE,0.0,0.0,0.0,16.6,17.55,0,0.0,0,0,06-MAY-2024,
OPTSTK,CUB,27-Jun-2024,148.0,CE,0.0,0.0,0.0,6.0,16.85,0,0.0,0,0,06-MAY-2024,
OPTSTK,CUB,27-Jun-2024,149.0,CE,0.0,0.0,0.0,15.3,16.15,0,0.0,0,0,06-MAY-2024,
OPTSTK,CUB,27-Jun-2024,150.0,CE,0.0,0.0,0.0,5.4,15.45,0,0.0,0,0,06-MAY-2024,
OPTSTK,CUB,27-Jun-2024,151.0,CE,0.0,0.0,0.0,14.1,14.8,0,0.0,0,0,06-MAY-2024,
OPTSTK,CUB,27-Jun-2024,152.0,CE,0.0,0.0,0.0,4.9,14.15,0,0.0,0,0,06-MAY-2024,
OPTSTK,CUB,27-Jun-2024,153.0,CE,0.0,0.0,0.0,12.9,13.55,0,0.0,0,0,06-MAY-2024,
OPTSTK,CUB,27-Jun-2024,154.0,CE,0.0,0.0,0.0,4.4,12.95,0,0.0,0,0,06-MAY-2024,
OPTSTK,CUB,27-Jun-2024,155.0,CE,0.0,0.0,0.0,11.85,12.35,0,0.0,0,0,06-MAY-2024,
OPTSTK,CUB,27-Jun-2024,156.0,CE,0.0,0.0,0.0,3.95,11.75,0,0.0,0,0,06-MAY-2024,
OPTSTK,CUB,27-Jun-2024,157.0,CE,0.0,0.0,0.0,10.8,11.2,0,0.0,0,0,06-MAY-2024,
OPTSTK,CUB,27-Jun-2024,158.0,CE,0.0,0.0,0.0,3.55,10.7,0,0.0,0,0,06-MAY-2024,
OPTSTK,CUB,27-Jun-2024,159.0,CE,0.0,0.0,0.0,9.85,10.15,0,0.0,0,0,06-MAY-2024,
OPTSTK,CUB,27-Jun-2024,160.0,CE,12.25,12.25,11.9,11.9,11.9,2,17.2,45000,5000,06-MAY-2024,
OPTSTK,CUB,27-Jun-2024,161.0,CE,0.0,0.0,0.0,8.95,9.15,0,0.0,0,0,06-MAY-2024,
OPTSTK,CUB,27-Jun-2024,162.0,CE,0.0,0.0,0.0,2.8,8.7,0,0.0,0,0,06-MAY-2024,
OPTSTK,CUB,27-Jun-2024,163.0,CE,0.0,0.0,0.0,8.1,8.25,0,0.0,0,0,06-MAY-2024,
OPTSTK,CUB,27-Jun-2024,164.0,CE,0.0,0.0,0.0,2.5,7.8,0,0.0,0,0,06-MAY-2024,
OPTSTK,CUB,27-Jun-2024,165.0,CE,0.0,0.0,0.0,7.35,7.4,0,0.0,0,0,06-MAY-2024,
OPTSTK,CUB,27-Jun-2024,166.0,CE,0.0,0.0,0.0,2.25,7.0,0,0.0,0,0,06-MAY-2024,
OPTSTK,CUB,27-Jun-2024,167.0,CE,0.0,0.0,0.0,6.6,6.65,0,0.0,0,0,06-MAY-2024,
OPTSTK,CUB,27-Jun-2024,168.0,CE,0.0,0.0,0.0,2.0,6.25,0,0.0,0,0,06-MAY-2024,
OPTSTK,CUB,27-Jun-2024,169.0,CE,0.0,0.0,0.0,5.95,5.9,0,0.0,0,0,06-MAY-2024,
OPTSTK,CUB,27-Jun-2024,170.0,CE,8.45,9.0,8.45,9.0,5.6,5,44.65,320000,5000,06-MAY-2024,
OPTSTK,CUB,27-Jun-2024,171.0,CE,0.0,0.0,0.0,5.35,5.25,0,0.0,0,0,06-MAY-2024,
OPTSTK,CUB,27-Jun-2024,172.0,CE,0.0,0.0,0.0,1.55,4.95,0,0.0,0,0,06-MAY-2024,
OPTSTK,CUB,27-Jun-2024,173.0,CE,0.0,0.0,0.0,4.8,4.65,0,0.0,0,0,06-MAY-2024,
OPTSTK,CUB,27-Jun-2024,174.0,CE,0.0,0.0,0.0,1.95,4.4,0,0.0,0,0,06-MAY-2024,
OPTSTK,CUB,27-Jun-2024,176.0,CE,0.0,0.0,0.0,1.2,3.9,0,0.0,0,0,06-MAY-2024,
OPTSTK,CUB,27-Jun-2024,178.0,CE,0.0,0.0,0.0,2.3,3.4,0,0.0,0,0,06-MAY-2024,
OPTSTK,CUB,27-Jun-2024,180.0,CE,0.0,0.0,0.0,0.95,3.0,0,0.0,0,0,06-MAY-2024,
OPTSTK,CUB,27-Jun-2024,182.0,CE,0.0,0.0,0.0,2.65,2.6,0,0.0,0,0,06-MAY-2024,
OPTSTK,CUB,27-Jun-2024,138.0,PE,0.0,0.0,0.0,10.15,1.4,0,0.0,0,0,06-MAY-2024,
OPTSTK,CUB,27-Jun-2024,140.0,PE,2.25,2.25,2.25,2.25,1.7,1,7.11,20000,5000,06-MAY-2024,
OPTSTK,CUB,27-Jun-2024,142.0,PE,0.0,0.0,0.0,12.4,2.05,0,0.0,0,0,06-MAY-2024,
OPTSTK,CUB,27-Jun-2024,144.0,PE,0.0,0.0,0.0,13.6,2.5,0,0.0,0,0,06-MAY-2024,
OPTSTK,CUB,27-Jun-2024,146.0,PE,0.0,0.0,0.0,14.9,3.0,0,0.0,0,0,06-MAY-2024,
OPTSTK,CUB,27-Jun-2024,147.0,PE,0.0,0.0,0.0,4.65,3.25,0,0.0,0,0,06-MAY-2024,
OPTSTK,CUB,27-Jun-2024,148.0,PE,0.0,0.0,0.0,16.2,3.5,0,0.0,0,0,06-MAY-2024,
OPTSTK,CUB,27-Jun-2024,149.0,PE,0.0,0.0,0.0,5.35,3.8,0,0.0,0,0,06-MAY-2024,
OPTSTK,CUB,27-Jun-2024,150.0,PE,0.0,0.0,0.0,17.6,4.1,0,0.0,0,0,06-MAY-2024,
OPTSTK,CUB,27-Jun-2024,151.0,PE,0.0,0.0,0.0,6.1,4.45,0,0.0,0,0,06-MAY-2024,
OPTSTK,CUB,27-Jun-2024,152.0,PE,0.0,0.0,0.0,19.0,4.8,0,0.0,0,0,06-MAY-2024,
OPTSTK,CUB,27-Jun-2024,153.0,PE,0.0,0.0,0.0,6.9,5.15,0,0.0,0,0,06-MAY-2024,
OPTSTK,CUB,27-Jun-2024,154.0,PE,0.0,0.0,0.0,20.5,5.55,0,0.0,0,0,06-MAY-2024,
OPTSTK,CUB,27-Jun-2024,155.0,PE,0.0,0.0,0.0,7.8,5.95,0,0.0,0,0,06-MAY-2024,
OPTSTK,CUB,27-Jun-2024,156.0,PE,7.0,7.0,7.0,7.0,6.35,1,8.15,5000,5000,06-MAY-2024,
OPTSTK,CUB,27-Jun-2024,157.0,PE,0.0,0.0,0.0,8.75,6.8,0,0.0,0,0,06-MAY-2024,
OPTSTK,CUB,27-Jun-2024,158.0,PE,0.0,0.0,0.0,23.55,7.25,0,0.0,0,0,06-MAY-2024,
OPTSTK,CUB,27-Jun-2024,159.0,PE,0.0,0.0,0.0,9.75,7.7,0,0.0,0,0,06-MAY-2024,
OPTSTK,CUB,27-Jun-2024,160.0,PE,0.0,0.0,0.0,8.65,8.2,0,0.0,10000,0,06-MAY-2024,
OPTSTK,CUB,27-Jun-2024,161.0,PE,0.0,0.0,0.0,10.85,8.7,0,0.0,0,0,06-MAY-2024,
OPTSTK,CUB,27-Jun-2024,162.0,PE,0.0,0.0,0.0,26.75,9.25,0,0.0,0,0,06-MAY-2024,
OPTSTK,CUB,27-Jun-2024,163.0,PE,0.0,0.0,0.0,11.95,9.8,0,0.0,0,0,06-MAY-2024,
OPTSTK,CUB,27-Jun-2024,164.0,PE,0.0,0.0,0.0,28.4,10.35,0,0.0,0,0,06-MAY-2024,
OPTSTK,CUB,27-Jun-2024,165.0,PE,0.0,0.0,0.0,13.15,10.9,0,0.0,0,0,06-MAY-2024,
OPTSTK,CUB,27-Jun-2024,166.0,PE,0.0,0.0,0.0,30.1,11.5,0,0.0,0,0,06-MAY-2024,
OPTSTK,CUB,27-Jun-2024,167.0,PE,0.0,0.0,0.0,14.4,12.1,0,0.0,0,0,06-MAY-2024,
OPTSTK,CUB,27-Jun-2024,168.0,PE,0.0,0.0,0.0,31.85,12.75,0,0.0,0,0,06-MAY-2024,
OPTSTK,CUB,27-Jun-2024,169.0,PE,0.0,0.0,0.0,15.75,13.35,0,0.0,0,0,06-MAY-2024,
OPTSTK,CUB,27-Jun-2024,170.0,PE,0.0,0.0,0.0,33.55,14.0,0,0.0,0,0,06-MAY-2024,
OPTSTK,CUB,27-Jun-2024,171.0,PE,0.0,0.0,0.0,17.1,14.7,0,0.0,0,0,06-MAY-2024,
OPTSTK,CUB,27-Jun-2024,172.0,PE,0.0,0.0,0.0,35.35,15.4,0,0.0,0,0,06-MAY-2024,
OPTSTK,CUB,27-Jun-2024,173.0,PE,0.0,0.0,0.0,18.5,16.1,0,0.0,0,0,06-MAY-2024,
OPTSTK,CUB,27-Jun-2024,174.0,PE,0.0,0.0,0.0,33.05,16.8,0,0.0,0,0,06-MAY-2024,
OPTSTK,CUB,27-Jun-2024,176.0,PE,0.0,0.0,0.0,38.9,18.25,0,0.0,0,0,06-MAY-2024,
OPTSTK,CUB,27-Jun-2024,178.0,PE,0.0,0.0,0.0,32.45,19.8,0,0.0,0,0,06-MAY-2024,
OPTSTK,CUB,27-Jun-2024,180.0,PE,0.0,0.0,0.0,42.6,21.35,0,0.0,0,0,06-MAY-2024,
OPTSTK,CUB,27-Jun-2024,182.0,PE,0.0,0.0,0.0,31.8,22.95,0,0.0,0,0,06-MAY-2024,
OPTSTK,CUB,25-Jul-2024,140.0,CE,0.0,0.0,0.0,23.5,24.85,0,0.0,0,0,06-MAY-2024,
OPTSTK,CUB,25-Jul-2024,144.0,CE,0.0,0.0,0.0,20.75,21.9,0,0.0,0,0,06-MAY-2024,
OPTSTK,CUB,25-Jul-2024,146.0,CE,0.0,0.0,0.0,19.45,20.5,0,0.0,0,0,06-MAY-2024,
OPTSTK,CUB,25-Jul-2024,148.0,CE,0.0,0.0,0.0,18.15,19.15,0,0.0,0,0,06-MAY-2024,
OPTSTK,CUB,25-Jul-2024,150.0,CE,0.0,0.0,0.0,16.95,17.85,0,0.0,0,0,06-MAY-2024,
OPTSTK,CUB,25-Jul-2024,152.0,CE,0.0,0.0,0.0,15.8,16.6,0,0.0,0,0,06-MAY-2024,
OPTSTK,CUB,25-Jul-2024,154.0,CE,0.0,0.0,0.0,14.75,15.4,0,0.0,0,0,06-MAY-2024,
OPTSTK,CUB,25-Jul-2024,156.0,CE,0.0,0.0,0.0,13.7,14.3,0,0.0,0,0,06-MAY-2024,
OPTSTK,CUB,25-Jul-2024,158.0,CE,0.0,0.0,0.0,12.7,13.25,0,0.0,0,0,06-MAY-2024,
OPTSTK,CUB,25-Jul-2024,160.0,CE,0.0,0.0,0.0,11.75,12.2,0,0.0,0,0,06-MAY-2024,
OPTSTK,CUB,25-Jul-2024,162.0,CE,0.0,0.0,0.0,10.9,11.25,0,0.0,0,0,06-MAY-2024,
OPTSTK,CUB,25-Jul-2024,164.0,CE,0.0,0.0,0.0,10.05,10.35,0,0.0,0,0,06-MAY-2024,
OPTSTK,CUB,25-Jul-2024,166.0,CE,0.0,0.0,0.0,9.25,9.5,0,0.0,0,0,06-MAY-2024,
OPTSTK,CUB,25-Jul-2024,168.0,CE,0.0,0.0,0.0,8.55,8.75,0,0.0,0,0,06-MAY-2024,
OPTSTK,CUB,25-Jul-2024,170.0,CE,0.0,0.0,0.0,7.85,8.0,0,0.0,0,0,06-MAY-2024,
OPTSTK,CUB,25-Jul-2024,172.0,CE,0.0,0.0,0.0,7.2,7.3,0,0.0,0,0,06-MAY-2024,
OPTSTK,CUB,25-Jul-2024,174.0,CE,0.0,0.0,0.0,6.6,6.65,0,0.0,0,0,06-MAY-2024,
OPTSTK,CUB,25-Jul-2024,176.0,CE,0.0,0.0,0.0,6.05,6.05,0,0.0,0,0,06-MAY-2024,
OPTSTK,CUB,25-Jul-2024,180.0,CE,0.0,0.0,0.0,5.05,5.0,0,0.0,0,0,06-MAY-2024,
OPTSTK,CUB,25-Jul-2024,184.0,CE,0.0,0.0,0.0,4.2,4.1,0,0.0,0,0,06-MAY-2024,
OPTSTK,CUB,25-Jul-2024,140.0,PE,0.0,0.0,0.0,3.9,2.85,0,0.0,0,0,06-MAY-2024,
OPTSTK,CUB,25-Jul-2024,144.0,PE,0.0,0.0,0.0,5.05,3.85,0,0.0,0,0,06-MAY-2024,
OPTSTK,CUB,25-Jul-2024,146.0,PE,0.0,0.0,0.0,5.7,4.4,0,0.0,0,0,06-MAY-2024,
OPTSTK,CUB,25-Jul-2024,148.0,PE,0.0,0.0,0.0,6.4,5.0,0,0.0,0,0,06-MAY-2024,
OPTSTK,CUB,25-Jul-2024,150.0,PE,0.0,0.0,0.0,7.15,5.65,0,0.0,0,0,06-MAY-2024,
OPTSTK,CUB,25-Jul-2024,152.0,PE,0.0,0.0,0.0,8.0,6.4,0,0.0,0,0,06-MAY-2024,
OPTSTK,CUB,25-Jul-2024,154.0,PE,0.0,0.0,0.0,8.85,7.2,0,0.0,0,0,06-MAY-2024,
OPTSTK,CUB,25-Jul-2024,156.0,PE,0.0,0.0,0.0,9.75,8.05,0,0.0,0,0,06-MAY-2024,
OPTSTK,CUB,25-Jul-2024,158.0,PE,0.0,0.0,0.0,10.75,8.95,0,0.0,0,0,06-MAY-2024,
OPTSTK,CUB,25-Jul-2024,160.0,PE,0.0,0.0,0.0,11.75,9.9,0,0.0,0,0,06-MAY-2024,
OPTSTK,CUB,25-Jul-2024,162.0,PE,0.0,0.0,0.0,12.85,10.9,0,0.0,0,0,06-MAY-2024,
OPTSTK,CUB,25-Jul-2024,164.0,PE,0.0,0.0,0.0,14.0,11.95,0,0.0,0,0,06-MAY-2024,
OPTSTK,CUB,25-Jul-2024,166.0,PE,0.0,0.0,0.0,15.15,13.1,0,0.0,0,0,06-MAY-2024,
OPTSTK,CUB,25-Jul-2024,168.0,PE,0.0,0.0,0.0,16.4,14.3,0,0.0,0,0,06-MAY-2024,
OPTSTK,CUB,25-Jul-2024,170.0,PE,0.0,0.0,0.0,17.7,15.5,0,0.0,0,0,06-MAY-2024,
OPTSTK,CUB,25-Jul-2024,172.0,PE,0.0,0.0,0.0,19.0,16.8,0,0.0,0,0,06-MAY-2024,
OPTSTK,CUB,25-Jul-2024,174.0,PE,0.0,0.0,0.0,20.35,18.1,0,0.0,0,0,06-MAY-2024,
OPTSTK,CUB,25-Jul-2024,176.0,PE,0.0,0.0,0.0,21.75,19.5,0,0.0,0,0,06-MAY-2024,
OPTSTK,CUB,25-Jul-2024,180.0,PE,0.0,0.0,0.0,24.7,22.35,0,0.0,0,0,06-MAY-2024,
OPTSTK,CUB,25-Jul-2024,184.0,PE,0.0,0.0,0.0,27.8,25.4,0,0.0,0,0,06-MAY-2024,
OPTSTK,CUMMINSIND,30-May-2024,2520.0,CE,0.0,0.0,0.0,628.15,901.45,0,0.0,600,0,06-MAY-2024,
OPTSTK,CUMMINSIND,30-May-2024,2600.0,CE,820.0,850.0,810.0,830.0,830.0,4,41.13,1500,-300,06-MAY-2024,
OPTSTK,CUMMINSIND,30-May-2024,2700.0,CE,0.0,0.0,0.0,615.5,722.45,0,0.0,600,0,06-MAY-2024,
OPTSTK,CUMMINSIND,30-May-2024,2800.0,CE,0.0,0.0,0.0,409.4,623.4,0,0.0,600,0,06-MAY-2024,
OPTSTK,CUMMINSIND,30-May-2024,2840.0,CE,0.0,0.0,0.0,157.15,584.0,0,0.0,0,0,06-MAY-2024,
OPTSTK,CUMMINSIND,30-May-2024,2880.0,CE,0.0,0.0,0.0,141.15,544.85,0,0.0,0,0,06-MAY-2024,
OPTSTK,CUMMINSIND,30-May-2024,2900.0,CE,0.0,0.0,0.0,365.0,525.4,0,0.0,2100,0,06-MAY-2024,
OPTSTK,CUMMINSIND,30-May-2024,2920.0,CE,0.0,0.0,0.0,126.45,506.05,0,0.0,0,0,06-MAY-2024,
OPTSTK,CUMMINSIND,30-May-2024,2960.0,CE,0.0,0.0,0.0,112.95,467.7,0,0.0,0,0,06-MAY-2024,
OPTSTK,CUMMINSIND,30-May-2024,3000.0,CE,0.0,0.0,0.0,448.8,429.9,0,0.0,10200,0,06-MAY-2024,
OPTSTK,CUMMINSIND,30-May-2024,3020.0,CE,0.0,0.0,0.0,169.55,411.3,0,0.0,0,0,06-MAY-2024,
OPTSTK,CUMMINSIND,30-May-2024,3040.0,CE,0.0,0.0,0.0,89.4,392.9,0,0.0,0,0,06-MAY-2024,
OPTSTK,CUMMINSIND,30-May-2024,3060.0,CE,0.0,0.0,0.0,386.75,374.75,0,0.0,1200,0,06-MAY-2024,
OPTSTK,CUMMINSIND,30-May-2024,3080.0,CE,0.0,0.0,0.0,79.35,356.85,0,0.0,0,0,06-MAY-2024,
OPTSTK,CUMMINSIND,30-May-2024,3100.0,CE,310.45,310.45,310.0,310.0,339.25,6,61.38,9300,-900,06-MAY-2024,
OPTSTK,CUMMINSIND,30-May-2024,3120.0,CE,328.0,328.0,328.0,328.0,321.95,1,10.34,600,0,06-MAY-2024,
OPTSTK,CUMMINSIND,30-May-2024,3140.0,CE,0.0,0.0,0.0,233.25,305.0,0,0.0,600,0,06-MAY-2024,
OPTSTK,CUMMINSIND,30-May-2024,3160.0,CE,0.0,0.0,0.0,301.15,288.4,0,0.0,2700,0,06-MAY-2024,
OPTSTK,CUMMINSIND,30-May-2024,3180.0,CE,288.25,288.25,288.25,288.25,288.25,1,10.4,3000,0,06-MAY-2024,
OPTSTK,CUMMINSIND,30-May-2024,3200.0,CE,250.0,273.3,228.5,273.3,256.45,39,403.11,21900,-4200,06-MAY-2024,
OPTSTK,CUMMINSIND,30-May-2024,3220.0,CE,0.0,0.0,0.0,300.0,241.1,0,0.0,3300,0,06-MAY-2024,
OPTSTK,CUMMINSIND,30-May-2024,3240.0,CE,226.45,226.45,202.15,207.5,226.35,16,165.5,10200,-3600,06-MAY-2024,
OPTSTK,CUMMINSIND,30-May-2024,3260.0,CE,192.0,196.55,192.0,195.3,211.8,5,51.81,6600,-600,06-MAY-2024,
OPTSTK,CUMMINSIND,30-May-2024,3280.0,CE,200.75,218.1,186.2,218.1,218.1,5,52.31,8400,-1200,06-MAY-2024,
OPTSTK,CUMMINSIND,30-May-2024,3300.0,CE,190.5,210.9,167.6,206.85,206.85,139,1454.81,49800,-6900,06-MAY-2024,
OPTSTK,CUMMINSIND,30-May-2024,3320.0,CE,164.25,199.45,164.25,199.45,199.45,8,84.05,18300,-1500,06-MAY-2024,
OPTSTK,CUMMINSIND,30-May-2024,3340.0,CE,151.4,182.75,151.4,182.75,182.75,15,158.03,17400,300,06-MAY-2024,
OPTSTK,CUMMINSIND,30-May-2024,3360.0,CE,167.5,168.15,136.0,167.95,147.65,15,158.01,5100,-600,06-MAY-2024,
OPTSTK,CUMMINSIND,30-May-2024,3380.0,CE,160.0,161.1,127.5,159.7,159.7,71,751.16,10200,4500,06-MAY-2024,
OPTSTK,CUMMINSIND,30-May-2024,3400.0,CE,146.5,158.6,117.1,152.0,152.0,1091,11582.58,123000,7800,06-MAY-2024,
OPTSTK,CUMMINSIND,30-May-2024,3420.0,CE,126.05,145.0,112.0,140.95,140.95,111,1182.79,12300,-5700,06-MAY-2024,
OPTSTK,CUMMINSIND,30-May-2024,3440.0,CE,127.65,134.85,100.45,131.5,131.5,160,1709.33,23400,600,06-MAY-2024,
OPTSTK,CUMMINSIND,30-May-2024,3460.0,CE,112.05,127.5,93.2,121.3,121.3,66,706.74,21900,-4200,06-MAY-2024,
OPTSTK,CUMMINSIND,30-May-2024,3480.0,CE,107.1,112.85,85.4,111.7,111.7,36,387.0,20700,900,06-MAY-2024,
OPTSTK,CUMMINSIND,30-May-2024,3500.0,CE,112.95,112.95,79.8,104.85,104.85,700,7550.54,93900,-4500,06-MAY-2024,
OPTSTK,CUMMINSIND,30-May-2024,3520.0,CE,91.6,91.6,89.75,90.85,73.7,4,43.32,9600,0,06-MAY-2024,
OPTSTK,CUMMINSIND,30-May-2024,3540.0,CE,85.15,85.15,77.25,77.85,66.85,4,43.43,1200,600,06-MAY-2024,
OPTSTK,CUMMINSIND,30-May-2024,3560.0,CE,0.0,0.0,0.0,80.0,60.5,0,0.0,15900,0,06-MAY-2024,
OPTSTK,CUMMINSIND,30-May-2024,3580.0,CE,0.0,0.0,0.0,22.8,54.65,0,0.0,0,0,06-MAY-2024,
OPTSTK,CUMMINSIND,30-May-2024,3600.0,CE,59.95,74.0,52.0,69.5,69.5,577,6338.67,55500,-15300,06-MAY-2024,
OPTSTK,CUMMINSIND,30-May-2024,3620.0,CE,0.0,0.0,0.0,19.25,44.4,0,0.0,0,0,06-MAY-2024,
OPTSTK,CUMMINSIND,30-May-2024,3640.0,CE,58.0,59.0,50.0,59.0,59.0,10,110.77,11100,-300,06-MAY-2024,
OPTSTK,CUMMINSIND,30-May-2024,3660.0,CE,0.0,0.0,0.0,16.15,35.5,0,0.0,0,0,06-MAY-2024,
OPTSTK,CUMMINSIND,30-May-2024,3680.0,CE,44.0,44.0,38.0,40.5,31.7,14,156.29,13200,-1500,06-MAY-2024,
OPTSTK,CUMMINSIND,30-May-2024,3700.0,CE,40.0,53.2,33.0,45.9,45.9,20,224.4,11400,1200,06-MAY-2024,
OPTSTK,CUMMINSIND,30-May-2024,3720.0,CE,41.3,42.0,29.95,41.2,41.2,110,1239.26,38400,-5100,06-MAY-2024,
OPTSTK,CUMMINSIND,30-May-2024,3740.0,CE,0.0,0.0,0.0,12.35,22.2,0,0.0,0,0,06-MAY-2024,
OPTSTK,CUMMINSIND,30-May-2024,3760.0,CE,0.0,0.0,0.0,7.8,19.65,0,0.0,0,0,06-MAY-2024,
OPTSTK,CUMMINSIND,30-May-2024,3780.0,CE,0.0,0.0,0.0,6.05,17.3,0,0.0,0,0,06-MAY-2024,
OPTSTK,CUMMINSIND,30-May-2024,3800.0,CE,20.25,26.3,20.25,20.95,15.25,17,194.98,10500,300,06-MAY-2024,
OPTSTK,CUMMINSIND,30-May-2024,3820.0,CE,0.0,0.0,0.0,6.15,13.4,0,0.0,0,0,06-MAY-2024,
OPTSTK,CUMMINSIND,30-May-2024,3840.0,CE,0.0,0.0,0.0,22.0,11.7,0,0.0,600,0,06-MAY-2024,
OPTSTK,CUMMINSIND,30-May-2024,3860.0,CE,0.0,0.0,0.0,22.95,10.25,0,0.0,600,0,06-MAY-2024,
OPTSTK,CUMMINSIND,30-May-2024,3880.0,CE,0.0,0.0,0.0,5.85,8.95,0,0.0,0,0,06-MAY-2024,
OPTSTK,CUMMINSIND,30-May-2024,3900.0,CE,16.0,17.0,11.0,16.15,16.15,54,634.1,10800,1500,06-MAY-2024,
OPTSTK,CUMMINSIND,30-May-2024,3920.0,CE,10.2,10.2,10.2,10.2,6.75,1,11.79,600,0,06-MAY-2024,
OPTSTK,CUMMINSIND,30-May-2024,3940.0,CE,0.0,0.0,0.0,4.75,5.85,0,0.0,0,0,06-MAY-2024,
OPTSTK,CUMMINSIND,30-May-2024,3960.0,CE,10.0,12.5,8.25,12.3,12.3,20,238.26,5700,2100,06-MAY-2024,
OPTSTK,CUMMINSIND,30-May-2024,2520.0,PE,0.0,0.0,0.0,2.5,0.05,0,0.0,600,0,06-MAY-2024,
OPTSTK,CUMMINSIND,30-May-2024,2600.0,PE,2.35,2.35,2.3,2.3,2.3,4,31.22,5700,900,06-MAY-2024,
OPTSTK,CUMMINSIND,30-May-2024,2700.0,PE,2.15,2.7,2.15,2.45,2.45,14,113.49,65400,-2100,06-MAY-2024,
OPTSTK,CUMMINSIND,30-May-2024,2800.0,PE,4.3,4.75,3.5,4.25,0.65,34,286.02,32100,900,06-MAY-2024,
OPTSTK,CUMMINSIND,30-May-2024,2840.0,PE,6.0,6.0,6.0,6.0,1.1,1,8.53,3600,-300,06-MAY-2024,
OPTSTK,CUMMINSIND,30-May-2024,2880.0,PE,0.0,0.0,0.0,14.95,1.75,0,0.0,900,0,06-MAY-2024,
OPTSTK,CUMMINSIND,30-May-2024,2900.0,PE,8.7,11.3,8.15,8.8,8.8,72,628.48,42300,7200,06-MAY-2024,
OPTSTK,CUMMINSIND,30-May-2024,2920.0,PE,0.0,0.0,0.0,9.95,2.75,0,0.0,1500,0,06-MAY-2024,
OPTSTK,CUMMINSIND,30-May-2024,2940.0,PE,0.0,0.0,0.0,20.2,3.45,0,0.0,1500,0,06-MAY-2024,
OPTSTK,CUMMINSIND,30-May-2024,2960.0,PE,7.0,7.0,7.0,7.0,7.0,1,8.9,5100,0,06-MAY-2024,
OPTSTK,CUMMINSIND,30-May-2024,2980.0,PE,0.0,0.0,0.0,16.3,5.15,0,0.0,3000,0,06-MAY-2024,
OPTSTK,CUMMINSIND,30-May-2024,3000.0,PE,14.05,22.0,13.5,16.5,16.5,175,1584.21,90600,-9600,06-MAY-2024,
OPTSTK,CUMMINSIND,30-May-2024,3020.0,PE,0.0,0.0,0.0,146.4,7.55,0,0.0,0,0,06-MAY-2024,
OPTSTK,CUMMINSIND,30-May-2024,3040.0,PE,21.8,26.55,21.35,26.35,9.1,15,137.88,4200,3900,06-MAY-2024,
OPTSTK,CUMMINSIND,30-May-2024,3060.0,PE,23.95,24.0,22.7,22.7,10.85,4,37.0,3900,300,06-MAY-2024,
OPTSTK,CUMMINSIND,30-May-2024,3080.0,PE,27.0,31.0,27.0,31.0,12.85,2,18.65,3600,0,06-MAY-2024,
OPTSTK,CUMMINSIND,30-May-2024,3100.0,PE,27.95,39.0,26.1,29.75,29.75,101,949.12,78900,3600,06-MAY-2024,
OPTSTK,CUMMINSIND,30-May-2024,3120.0,PE,0.0,0.0,0.0,36.65,17.75,0,0.0,1500,0,06-MAY-2024,
OPTSTK,CUMMINSIND,30-May-2024,3140.0,PE,49.65,49.65,49.65,49.65,20.7,1,9.56,3000,300,06-MAY-2024,
OPTSTK,CUMMINSIND,30-May-2024,3160.0,PE,45.2,45.2,39.0,39.25,39.25,31,297.58,10200,5100,06-MAY-2024,
OPTSTK,CUMMINSIND,30-May-2024,3180.0,PE,46.45,47.6,45.0,47.25,27.75,6,58.08,4200,300,06-MAY-2024,
OPTSTK,CUMMINSIND,30-May-2024,3200.0,PE,48.5,65.6,48.0,49.1,49.1,260,2540.58,99000,-9300,06-MAY-2024,
OPTSTK,CUMMINSIND,30-May-2024,3220.0,PE,0.0,0.0,0.0,47.9,36.45,0,0.0,5100,0,06-MAY-2024,
OPTSTK,CUMMINSIND,30-May-2024,3240.0,PE,62.2,79.85,57.55,62.45,62.45,42,417.29,18600,-8100,06-MAY-2024,
OPTSTK,CUMMINSIND,30-May-2024,3260.0,PE,71.8,81.4,71.8,81.4,46.95,7,70.02,10200,1200,06-MAY-2024,
OPTSTK,CUMMINSIND,30-May-2024,3280.0,PE,90.0,90.0,70.7,74.0,74.0,4,40.32,11100,0,06-MAY-2024,
OPTSTK,CUMMINSIND,30-May-2024,3300.0,PE,85.95,104.0,77.0,80.25,80.25,259,2634.49,64500,-7500,06-MAY-2024,
OPTSTK,CUMMINSIND,30-May-2024,3320.0,PE,108.75,108.75,87.05,87.4,87.4,7,71.71,9000,-600,06-MAY-2024,
OPTSTK,CUMMINSIND,30-May-2024,3340.0,PE,112.0,117.6,94.35,96.5,96.5,15,154.98,3600,-900,06-MAY-2024,
OPTSTK,CUMMINSIND,30-May-2024,3360.0,PE,120.6,132.65,100.4,102.6,102.6,16,166.85,1500,600,06-MAY-2024,
OPTSTK,CUMMINSIND,30-May-2024,3380.0,PE,125.9,142.2,110.9,111.5,111.5,38,399.18,5100,600,06-MAY-2024,
OPTSTK,CUMMINSIND,30-May-2024,3400.0,PE,110.0,154.5,110.0,121.85,121.85,334,3539.38,94200,-5700,06-MAY-2024,
OPTSTK,CUMMINSIND,30-May-2024,3420.0,PE,142.75,160.95,127.4,132.7,132.7,27,288.41,8400,-300,06-MAY-2024,
OPTSTK,CUMMINSIND,30-May-2024,3440.0,PE,160.25,160.25,151.05,151.05,120.6,2,21.57,1500,600,06-MAY-2024,
OPTSTK,CUMMINSIND,30-May-2024,3460.0,PE,0.0,0.0,0.0,168.7,131.6,0,0.0,3000,0,06-MAY-2024,
OPTSTK,CUMMINSIND,30-May-2024,3480.0,PE,0.0,0.0,0.0,558.55,143.1,0,0.0,0,0,06-MAY-2024,
OPTSTK,CUMMINSIND,30-May-2024,3500.0,PE,134.0,216.55,134.0,177.95,177.95,29,320.74,9600,2400,06-MAY-2024,
OPTSTK,CUMMINSIND,30-May-2024,3520.0,PE,0.0,0.0,0.0,735.4,167.7,0,0.0,0,0,06-MAY-2024,
OPTSTK,CUMMINSIND,30-May-2024,3540.0,PE,0.0,0.0,0.0,517.45,180.75,0,0.0,0,0,06-MAY-2024,
OPTSTK,CUMMINSIND,30-May-2024,3560.0,PE,0.0,0.0,0.0,220.65,194.3,0,0.0,300,0,06-MAY-2024,
OPTSTK,CUMMINSIND,30-May-2024,3580.0,PE,0.0,0.0,0.0,552.8,208.35,0,0.0,0,0,06-MAY-2024,
OPTSTK,CUMMINSIND,30-May-2024,3600.0,PE,249.95,249.95,249.95,249.95,222.8,1,11.54,300,-300,06-MAY-2024,
OPTSTK,CUMMINSIND,30-May-2024,3620.0,PE,0.0,0.0,0.0,588.75,237.9,0,0.0,0,0,06-MAY-2024,
OPTSTK,CUMMINSIND,30-May-2024,3640.0,PE,0.0,0.0,0.0,606.9,253.1,0,0.0,0,0,06-MAY-2024,
OPTSTK,CUMMINSIND,30-May-2024,3660.0,PE,0.0,0.0,0.0,625.15,268.85,0,0.0,0,0,06-MAY-2024,
OPTSTK,CUMMINSIND,30-May-2024,3680.0,PE,0.0,0.0,0.0,317.3,284.95,0,0.0,300,0,06-MAY-2024,
OPTSTK,CUMMINSIND,30-May-2024,3700.0,PE,0.0,0.0,0.0,662.05,301.35,0,0.0,0,0,06-MAY-2024,
OPTSTK,CUMMINSIND,30-May-2024,3720.0,PE,0.0,0.0,0.0,680.65,318.1,0,0.0,0,0,06-MAY-2024,
OPTSTK,CUMMINSIND,30-May-2024,3740.0,PE,0.0,0.0,0.0,670.15,335.15,0,0.0,0,0,06-MAY-2024,
OPTSTK,CUMMINSIND,30-May-2024,3760.0,PE,0.0,0.0,0.0,919.7,352.5,0,0.0,0,0,06-MAY-2024,
OPTSTK,CUMMINSIND,30-May-2024,3780.0,PE,0.0,0.0,0.0,691.25,370.1,0,0.0,0,0,06-MAY-2024,
OPTSTK,CUMMINSIND,30-May-2024,3800.0,PE,0.0,0.0,0.0,755.85,387.9,0,0.0,0,0,06-MAY-2024,
OPTSTK,CUMMINSIND,30-May-2024,3820.0,PE,0.0,0.0,0.0,672.85,405.95,0,0.0,0,0,06-MAY-2024,
OPTSTK,CUMMINSIND,30-May-2024,3840.0,PE,0.0,0.0,0.0,893.15,424.2,0,0.0,0,0,06-MAY-2024,
OPTSTK,CUMMINSIND,30-May-2024,3860.0,PE,0.0,0.0,0.0,676.8,442.65,0,0.0,0,0,06-MAY-2024,
OPTSTK,CUMMINSIND,30-May-2024,3880.0,PE,0.0,0.0,0.0,832.2,461.25,0,0.0,0,0,06-MAY-2024,
OPTSTK,CUMMINSIND,30-May-2024,3900.0,PE,0.0,0.0,0.0,633.8,480.0,0,0.0,0,0,06-MAY-2024,
OPTSTK,CUMMINSIND,30-May-2024,3920.0,PE,0.0,0.0,0.0,940.85,498.85,0,0.0,0,0,06-MAY-2024,
OPTSTK,CUMMINSIND,30-May-2024,3940.0,PE,0.0,0.0,0.0,672.2,517.85,0,0.0,0,0,06-MAY-2024,
OPTSTK,CUMMINSIND,30-May-2024,3960.0,PE,0.0,0.0,0.0,909.3,537.0,0,0.0,0,0,06-MAY-2024,
OPTSTK,CUMMINSIND,27-Jun-2024,2840.0,CE,0.0,0.0,0.0,313.1,608.35,0,0.0,0,0,06-MAY-2024,
OPTSTK,CUMMINSIND,27-Jun-2024,2880.0,CE,0.0,0.0,0.0,288.2,571.65,0,0.0,0,0,06-MAY-2024,
OPTSTK,CUMMINSIND,27-Jun-2024,2920.0,CE,0.0,0.0,0.0,264.55,535.6,0,0.0,0,0,06-MAY-2024,
OPTSTK,CUMMINSIND,27-Jun-2024,2960.0,CE,0.0,0.0,0.0,242.2,500.3,0,0.0,0,0,06-MAY-2024,
OPTSTK,CUMMINSIND,27-Jun-2024,3000.0,CE,0.0,0.0,0.0,221.2,465.9,0,0.0,0,0,06-MAY-2024,
OPTSTK,CUMMINSIND,27-Jun-2024,3020.0,CE,0.0,0.0,0.0,322.4,449.05,0,0.0,0,0,06-MAY-2024,
OPTSTK,CUMMINSIND,27-Jun-2024,3040.0,CE,0.0,0.0,0.0,201.5,432.45,0,0.0,0,0,06-MAY-2024,
OPTSTK,CUMMINSIND,27-Jun-2024,3060.0,CE,0.0,0.0,0.0,295.25,416.1,0,0.0,0,0,06-MAY-2024,
OPTSTK,CUMMINSIND,27-Jun-2024,3080.0,CE,0.0,0.0,0.0,183.05,400.05,0,0.0,0,0,06-MAY-2024,
OPTSTK,CUMMINSIND,27-Jun-2024,3100.0,CE,0.0,0.0,0.0,269.55,384.3,0,0.0,0,0,06-MAY-2024,
OPTSTK,CUMMINSIND,27-Jun-2024,3120.0,CE,0.0,0.0,0.0,165.9,368.85,0,0.0,0,0,06-MAY-2024,
OPTSTK,CUMMINSIND,27-Jun-2024,3140.0,CE,0.0,0.0,0.0,245.3,353.7,0,0.0,0,0,06-MAY-2024,
OPTSTK,CUMMINSIND,27-Jun-2024,3160.0,CE,0.0,0.0,0.0,149.95,339.0,0,0.0,0,0,06-MAY-2024,
OPTSTK,CUMMINSIND,27-Jun-2024,3180.0,CE,0.0,0.0,0.0,222.5,324.5,0,0.0,0,0,06-MAY-2024,
OPTSTK,CUMMINSIND,27-Jun-2024,3200.0,CE,315.0,315.0,315.0,315.0,310.3,1,10.54,300,300,06-MAY-2024,
OPTSTK,CUMMINSIND,27-Jun-2024,3220.0,CE,0.0,0.0,0.0,201.15,296.35,0,0.0,0,0,06-MAY-2024,
OPTSTK,CUMMINSIND,27-Jun-2024,3240.0,CE,0.0,0.0,0.0,121.65,282.9,0,0.0,0,0,06-MAY-2024,
OPTSTK,CUMMINSIND,27-Jun-2024,3260.0,CE,0.0,0.0,0.0,181.2,269.8,0,0.0,0,0,06-MAY-2024,
OPTSTK,CUMMINSIND,27-Jun-2024,3280.0,CE,0.0,0.0,0.0,109.15,257.1,0,0.0,0,0,06-MAY-2024,
OPTSTK,CUMMINSIND,27-Jun-2024,3300.0,CE,0.0,0.0,0.0,162.75,244.75,0,0.0,0,0,06-MAY-2024,
OPTSTK,CUMMINSIND,27-Jun-2024,3320.0,CE,0.0,0.0,0.0,97.7,232.75,0,0.0,0,0,06-MAY-2024,
OPTSTK,CUMMINSIND,27-Jun-2024,3340.0,CE,0.0,0.0,0.0,145.65,221.2,0,0.0,0,0,06-MAY-2024,
OPTSTK,CUMMINSIND,27-Jun-2024,3360.0,CE,0.0,0.0,0.0,87.25,209.95,0,0.0,0,0,06-MAY-2024,
OPTSTK,CUMMINSIND,27-Jun-2024,3380.0,CE,0.0,0.0,0.0,129.9,199.1,0,0.0,0,0,06-MAY-2024,
OPTSTK,CUMMINSIND,27-Jun-2024,3400.0,CE,220.0,231.95,220.0,226.0,226.0,4,43.47,900,900,06-MAY-2024,
OPTSTK,CUMMINSIND,27-Jun-2024,3420.0,CE,0.0,0.0,0.0,115.5,178.55,0,0.0,0,0,06-MAY-2024,
OPTSTK,CUMMINSIND,27-Jun-2024,3440.0,CE,0.0,0.0,0.0,69.35,168.85,0,0.0,0,0,06-MAY-2024,
OPTSTK,CUMMINSIND,27-Jun-2024,3460.0,CE,0.0,0.0,0.0,102.35,159.55,0,0.0,0,0,06-MAY-2024,
OPTSTK,CUMMINSIND,27-Jun-2024,3480.0,CE,0.0,0.0,0.0,61.4,150.6,0,0.0,0,0,06-MAY-2024,
OPTSTK,CUMMINSIND,27-Jun-2024,3500.0,CE,0.0,0.0,0.0,90.4,142.0,0,0.0,0,0,06-MAY-2024,
OPTSTK,CUMMINSIND,27-Jun-2024,3520.0,CE,0.0,0.0,0.0,54.4,133.8,0,0.0,0,0,06-MAY-2024,
OPTSTK,CUMMINSIND,27-Jun-2024,3540.0,CE,0.0,0.0,0.0,79.6,125.9,0,0.0,0,0,06-MAY-2024,
OPTSTK,CUMMINSIND,27-Jun-2024,3560.0,CE,0.0,0.0,0.0,48.05,118.4,0,0.0,0,0,06-MAY-2024,
OPTSTK,CUMMINSIND,27-Jun-2024,3580.0,CE,0.0,0.0,0.0,70.05,111.2,0,0.0,0,0,06-MAY-2024,
OPTSTK,CUMMINSIND,27-Jun-2024,3600.0,CE,0.0,0.0,0.0,42.35,104.35,0,0.0,0,0,06-MAY-2024,
OPTSTK,CUMMINSIND,27-Jun-2024,3620.0,CE,0.0,0.0,0.0,61.25,97.85,0,0.0,0,0,06-MAY-2024,
OPTSTK,CUMMINSIND,27-Jun-2024,3640.0,CE,0.0,0.0,0.0,37.25,91.65,0,0.0,0,0,06-MAY-2024,
OPTSTK,CUMMINSIND,27-Jun-2024,3660.0,CE,0.0,0.0,0.0,53.4,85.8,0,0.0,0,0,06-MAY-2024,
OPTSTK,CUMMINSIND,27-Jun-2024,3680.0,CE,0.0,0.0,0.0,32.7,80.2,0,0.0,0,0,06-MAY-2024,
OPTSTK,CUMMINSIND,27-Jun-2024,3700.0,CE,0.0,0.0,0.0,46.45,74.95,0,0.0,0,0,06-MAY-2024,
OPTSTK,CUMMINSIND,27-Jun-2024,3720.0,CE,0.0,0.0,0.0,28.65,70.1,0,0.0,0,0,06-MAY-2024,
OPTSTK,CUMMINSIND,27-Jun-2024,3740.0,CE,0.0,0.0,0.0,40.3,65.4,0,0.0,0,0,06-MAY-2024,
OPTSTK,CUMMINSIND,27-Jun-2024,3760.0,CE,0.0,0.0,0.0,25.05,60.95,0,0.0,0,0,06-MAY-2024,
OPTSTK,CUMMINSIND,27-Jun-2024,3780.0,CE,0.0,0.0,0.0,34.85,56.6,0,0.0,0,0,06-MAY-2024,
OPTSTK,CUMMINSIND,27-Jun-2024,3800.0,CE,0.0,0.0,0.0,18.45,52.65,0,0.0,0,0,06-MAY-2024,
OPTSTK,CUMMINSIND,27-Jun-2024,3820.0,CE,0.0,0.0,0.0,30.05,48.9,0,0.0,0,0,06-MAY-2024,
OPTSTK,CUMMINSIND,27-Jun-2024,3840.0,CE,0.0,0.0,0.0,19.05,45.4,0,0.0,0,0,06-MAY-2024,
OPTSTK,CUMMINSIND,27-Jun-2024,3860.0,CE,0.0,0.0,0.0,25.85,42.1,0,0.0,0,0,06-MAY-2024,
OPTSTK,CUMMINSIND,27-Jun-2024,3880.0,CE,0.0,0.0,0.0,17.25,39.05,0,0.0,0,0,06-MAY-2024,
OPTSTK,CUMMINSIND,27-Jun-2024,3900.0,CE,0.0,0.0,0.0,22.15,36.15,0,0.0,0,0,06-MAY-2024,
OPTSTK,CUMMINSIND,27-Jun-2024,3920.0,CE,0.0,0.0,0.0,14.4,33.45,0,0.0,0,0,06-MAY-2024,
OPTSTK,CUMMINSIND,27-Jun-2024,3940.0,CE,0.0,0.0,0.0,18.95,30.9,0,0.0,0,0,06-MAY-2024,
OPTSTK,CUMMINSIND,27-Jun-2024,3960.0,CE,0.0,0.0,0.0,18.85,28.55,0,0.0,0,0,06-MAY-2024,
OPTSTK,CUMMINSIND,27-Jun-2024,2760.0,PE,0.0,0.0,0.0,20.0,5.2,0,0.0,1800,0,06-MAY-2024,
OPTSTK,CUMMINSIND,27-Jun-2024,2800.0,PE,23.85,31.75,23.85,31.75,7.0,2,16.96,2100,300,06-MAY-2024,
OPTSTK,CUMMINSIND,27-Jun-2024,2840.0,PE,0.0,0.0,0.0,96.1,9.3,0,0.0,0,0,06-MAY-2024,
OPTSTK,CUMMINSIND,27-Jun-2024,2880.0,PE,0.0,0.0,0.0,110.45,12.15,0,0.0,0,0,06-MAY-2024,
OPTSTK,CUMMINSIND,27-Jun-2024,2920.0,PE,0.0,0.0,0.0,126.1,15.7,0,0.0,0,0,06-MAY-2024,
OPTSTK,CUMMINSIND,27-Jun-2024,2960.0,PE,0.0,0.0,0.0,143.05,20.0,0,0.0,0,0,06-MAY-2024,
OPTSTK,CUMMINSIND,27-Jun-2024,3000.0,PE,45.0,45.0,45.0,45.0,25.2,1,9.13,1500,300,06-MAY-2024,
OPTSTK,CUMMINSIND,27-Jun-2024,3020.0,PE,0.0,0.0,0.0,71.15,28.15,0,0.0,0,0,06-MAY-2024,
OPTSTK,CUMMINSIND,27-Jun-2024,3040.0,PE,0.0,0.0,0.0,180.9,31.35,0,0.0,0,0,06-MAY-2024,
OPTSTK,CUMMINSIND,27-Jun-2024,3060.0,PE,0.0,0.0,0.0,83.45,34.8,0,0.0,0,0,06-MAY-2024,
OPTSTK,CUMMINSIND,27-Jun-2024,3080.0,PE,0.0,0.0,0.0,201.75,38.55,0,0.0,0,0,06-MAY-2024,
OPTSTK,CUMMINSIND,27-Jun-2024,3100.0,PE,0.0,0.0,0.0,97.3,42.55,0,0.0,0,0,06-MAY-2024,
OPTSTK,CUMMINSIND,27-Jun-2024,3120.0,PE,0.0,0.0,0.0,223.9,46.9,0,0.0,0,0,06-MAY-2024,
OPTSTK,CUMMINSIND,27-Jun-2024,3140.0,PE,0.0,0.0,0.0,112.55,51.55,0,0.0,0,0,06-MAY-2024,
OPTSTK,CUMMINSIND,27-Jun-2024,3160.0,PE,0.0,0.0,0.0,247.25,56.65,0,0.0,0,0,06-MAY-2024,
OPTSTK,CUMMINSIND,27-Jun-2024,3180.0,PE,0.0,0.0,0.0,129.25,61.9,0,0.0,0,0,06-MAY-2024,
OPTSTK,CUMMINSIND,27-Jun-2024,3200.0,PE,0.0,0.0,0.0,90.0,67.55,0,0.0,300,0,06-MAY-2024,
OPTSTK,CUMMINSIND,27-Jun-2024,3220.0,PE,0.0,0.0,0.0,147.4,73.4,0,0.0,0,0,06-MAY-2024,
OPTSTK,CUMMINSIND,27-Jun-2024,3240.0,PE,0.0,0.0,0.0,297.5,79.7,0,0.0,0,0,06-MAY-2024,
OPTSTK,CUMMINSIND,27-Jun-2024,3260.0,PE,0.0,0.0,0.0,166.95,86.45,0,0.0,0,0,06-MAY-2024,
OPTSTK,CUMMINSIND,27-Jun-2024,3280.0,PE,0.0,0.0,0.0,324.3,93.5,0,0.0,0,0,06-MAY-2024,
OPTSTK,CUMMINSIND,27-Jun-2024,3300.0,PE,0.0,0.0,0.0,187.95,100.95,0,0.0,0,0,06-MAY-2024,
OPTSTK,CUMMINSIND,27-Jun-2024,3320.0,PE,0.0,0.0,0.0,352.15,108.75,0,0.0,0,0,06-MAY-2024,
OPTSTK,CUMMINSIND,27-Jun-2024,3340.0,PE,0.0,0.0,0.0,210.35,116.95,0,0.0,0,0,06-MAY-2024,
OPTSTK,CUMMINSIND,27-Jun-2024,3360.0,PE,0.0,0.0,0.0,380.95,125.55,0,0.0,0,0,06-MAY-2024,
OPTSTK,CUMMINSIND,27-Jun-2024,3380.0,PE,0.0,0.0,0.0,234.15,134.5,0,0.0,0,0,06-MAY-2024,
OPTSTK,CUMMINSIND,27-Jun-2024,3400.0,PE,0.0,0.0,0.0,410.9,143.85,0,0.0,0,0,06-MAY-2024,
OPTSTK,CUMMINSIND,27-Jun-2024,3420.0,PE,0.0,0.0,0.0,259.25,153.55,0,0.0,0,0,06-MAY-2024,
OPTSTK,CUMMINSIND,27-Jun-2024,3440.0,PE,0.0,0.0,0.0,441.6,163.65,0,0.0,0,0,06-MAY-2024,
OPTSTK,CUMMINSIND,27-Jun-2024,3460.0,PE,0.0,0.0,0.0,285.6,174.1,0,0.0,0,0,06-MAY-2024,
OPTSTK,CUMMINSIND,27-Jun-2024,3480.0,PE,0.0,0.0,0.0,473.0,184.95,0,0.0,0,0,06-MAY-2024,
OPTSTK,CUMMINSIND,27-Jun-2024,3500.0,PE,0.0,0.0,0.0,313.15,196.15,0,0.0,0,0,06-MAY-2024,
OPTSTK,CUMMINSIND,27-Jun-2024,3520.0,PE,0.0,0.0,0.0,505.2,207.7,0,0.0,0,0,06-MAY-2024,
OPTSTK,CUMMINSIND,27-Jun-2024,3540.0,PE,0.0,0.0,0.0,341.85,219.65,0,0.0,0,0,06-MAY-2024,
OPTSTK,CUMMINSIND,27-Jun-2024,3560.0,PE,0.0,0.0,0.0,538.15,231.9,0,0.0,0,0,06-MAY-2024,
OPTSTK,CUMMINSIND,27-Jun-2024,3580.0,PE,0.0,0.0,0.0,371.75,244.5,0,0.0,0,0,06-MAY-2024,
OPTSTK,CUMMINSIND,27-Jun-2024,3600.0,PE,0.0,0.0,0.0,571.75,257.5,0,0.0,0,0,06-MAY-2024,
OPTSTK,CUMMINSIND,27-Jun-2024,3620.0,PE,0.0,0.0,0.0,402.45,270.75,0,0.0,0,0,06-MAY-2024,
OPTSTK,CUMMINSIND,27-Jun-2024,3640.0,PE,0.0,0.0,0.0,605.95,284.35,0,0.0,0,0,06-MAY-2024,
OPTSTK,CUMMINSIND,27-Jun-2024,3660.0,PE,0.0,0.0,0.0,434.15,298.3,0,0.0,0,0,06-MAY-2024,
OPTSTK,CUMMINSIND,27-Jun-2024,3680.0,PE,0.0,0.0,0.0,640.7,312.5,0,0.0,0,0,06-MAY-2024,
OPTSTK,CUMMINSIND,27-Jun-2024,3700.0,PE,0.0,0.0,0.0,466.7,327.0,0,0.0,0,0,06-MAY-2024,
OPTSTK,CUMMINSIND,27-Jun-2024,3720.0,PE,0.0,0.0,0.0,675.95,341.95,0,0.0,0,0,06-MAY-2024,
OPTSTK,CUMMINSIND,27-Jun-2024,3740.0,PE,0.0,0.0,0.0,500.0,357.05,0,0.0,0,0,06-MAY-2024,
OPTSTK,CUMMINSIND,27-Jun-2024,3760.0,PE,0.0,0.0,0.0,711.6,372.4,0,0.0,0,0,06-MAY-2024,
OPTSTK,CUMMINSIND,27-Jun-2024,3780.0,PE,0.0,0.0,0.0,534.05,387.85,0,0.0,0,0,06-MAY-2024,
OPTSTK,CUMMINSIND,27-Jun-2024,3800.0,PE,0.0,0.0,0.0,702.4,403.7,0,0.0,0,0,06-MAY-2024,
OPTSTK,CUMMINSIND,27-Jun-2024,3820.0,PE,0.0,0.0,0.0,568.75,419.75,0,0.0,0,0,06-MAY-2024,
OPTSTK,CUMMINSIND,27-Jun-2024,3840.0,PE,0.0,0.0,0.0,784.2,436.05,0,0.0,0,0,06-MAY-2024,
OPTSTK,CUMMINSIND,27-Jun-2024,3860.0,PE,0.0,0.0,0.0,604.05,452.55,0,0.0,0,0,06-MAY-2024,
OPTSTK,CUMMINSIND,27-Jun-2024,3880.0,PE,0.0,0.0,0.0,688.05,469.25,0,0.0,0,0,06-MAY-2024,
OPTSTK,CUMMINSIND,27-Jun-2024,3900.0,PE,0.0,0.0,0.0,639.85,486.15,0,0.0,0,0,06-MAY-2024,
OPTSTK,CUMMINSIND,27-Jun-2024,3920.0,PE,0.0,0.0,0.0,858.1,503.25,0,0.0,0,0,06-MAY-2024,
OPTSTK,CUMMINSIND,27-Jun-2024,3940.0,PE,0.0,0.0,0.0,676.15,520.5,0,0.0,0,0,06-MAY-2024,
OPTSTK,CUMMINSIND,27-Jun-2024,3960.0,PE,0.0,0.0,0.0,684.2,537.95,0,0.0,0,0,06-MAY-2024,
OPTSTK,CUMMINSIND,25-Jul-2024,2880.0,CE,0.0,0.0,0.0,462.05,600.9,0,0.0,0,0,06-MAY-2024,
OPTSTK,CUMMINSIND,25-Jul-2024,2960.0,CE,0.0,0.0,0.0,403.65,533.75,0,0.0,0,0,06-MAY-2024,
OPTSTK,CUMMINSIND,25-Jul-2024,3000.0,CE,0.0,0.0,0.0,375.85,501.5,0,0.0,0,0,06-MAY-2024,
OPTSTK,CUMMINSIND,25-Jul-2024,3040.0,CE,0.0,0.0,0.0,349.4,470.15,0,0.0,0,0,06-MAY-2024,
OPTSTK,CUMMINSIND,25-Jul-2024,3080.0,CE,0.0,0.0,0.0,324.1,439.75,0,0.0,0,0,06-MAY-2024,
OPTSTK,CUMMINSIND,25-Jul-2024,3120.0,CE,0.0,0.0,0.0,299.95,410.55,0,0.0,0,0,06-MAY-2024,
OPTSTK,CUMMINSIND,25-Jul-2024,3160.0,CE,0.0,0.0,0.0,277.05,382.3,0,0.0,0,0,06-MAY-2024,
OPTSTK,CUMMINSIND,25-Jul-2024,3200.0,CE,0.0,0.0,0.0,255.35,355.1,0,0.0,0,0,06-MAY-2024,
OPTSTK,CUMMINSIND,25-Jul-2024,3240.0,CE,0.0,0.0,0.0,234.8,329.2,0,0.0,0,0,06-MAY-2024,
OPTSTK,CUMMINSIND,25-Jul-2024,3280.0,CE,0.0,0.0,0.0,215.45,304.5,0,0.0,0,0,06-MAY-2024,
OPTSTK,CUMMINSIND,25-Jul-2024,3320.0,CE,0.0,0.0,0.0,197.3,281.0,0,0.0,0,0,06-MAY-2024,
OPTSTK,CUMMINSIND,25-Jul-2024,3360.0,CE,0.0,0.0,0.0,180.3,258.75,0,0.0,0,0,06-MAY-2024,
OPTSTK,CUMMINSIND,25-Jul-2024,3400.0,CE,0.0,0.0,0.0,164.4,237.7,0,0.0,0,0,06-MAY-2024,
OPTSTK,CUMMINSIND,25-Jul-2024,3440.0,CE,0.0,0.0,0.0,149.6,217.85,0,0.0,0,0,06-MAY-2024,
OPTSTK,CUMMINSIND,25-Jul-2024,3480.0,CE,0.0,0.0,0.0,135.85,199.25,0,0.0,0,0,06-MAY-2024,
OPTSTK,CUMMINSIND,25-Jul-2024,3520.0,CE,0.0,0.0,0.0,123.15,181.8,0,0.0,0,0,06-MAY-2024,
OPTSTK,CUMMINSIND,25-Jul-2024,3560.0,CE,0.0,0.0,0.0,111.4,165.5,0,0.0,0,0,06-MAY-2024,
OPTSTK,CUMMINSIND,25-Jul-2024,3600.0,CE,0.0,0.0,0.0,100.55,150.35,0,0.0,0,0,06-MAY-2024,
OPTSTK,CUMMINSIND,25-Jul-2024,3640.0,CE,0.0,0.0,0.0,90.75,136.25,0,0.0,0,0,06-MAY-2024,
OPTSTK,CUMMINSIND,25-Jul-2024,3680.0,CE,0.0,0.0,0.0,81.7,123.2,0,0.0,0,0,06-MAY-2024,
OPTSTK,CUMMINSIND,25-Jul-2024,3720.0,CE,0.0,0.0,0.0,73.25,111.2,0,0.0,0,0,06-MAY-2024,
OPTSTK,CUMMINSIND,25-Jul-2024,3760.0,CE,0.0,0.0,0.0,65.65,100.15,0,0.0,0,0,06-MAY-2024,
OPTSTK,CUMMINSIND,25-Jul-2024,3800.0,CE,0.0,0.0,0.0,58.7,90.15,0,0.0,0,0,06-MAY-2024,
OPTSTK,CUMMINSIND,25-Jul-2024,3840.0,CE,0.0,0.0,0.0,52.45,80.9,0,0.0,0,0,06-MAY-2024,
OPTSTK,CUMMINSIND,25-Jul-2024,3880.0,CE,0.0,0.0,0.0,46.75,72.3,0,0.0,0,0,06-MAY-2024,
OPTSTK,CUMMINSIND,25-Jul-2024,3920.0,CE,0.0,0.0,0.0,41.6,64.6,0,0.0,0,0,06-MAY-2024,
OPTSTK,CUMMINSIND,25-Jul-2024,3960.0,CE,0.0,0.0,0.0,36.95,57.6,0,0.0,0,0,06-MAY-2024,
OPTSTK,CUMMINSIND,25-Jul-2024,2880.0,PE,0.0,0.0,0.0,56.65,25.6,0,0.0,0,0,06-MAY-2024,
OPTSTK,CUMMINSIND,25-Jul-2024,2960.0,PE,0.0,0.0,0.0,76.8,37.2,0,0.0,0,0,06-MAY-2024,
OPTSTK,CUMMINSIND,25-Jul-2024,3000.0,PE,0.0,0.0,0.0,88.3,44.25,0,0.0,0,0,06-MAY-2024,
OPTSTK,CUMMINSIND,25-Jul-2024,3040.0,PE,0.0,0.0,0.0,101.1,52.25,0,0.0,0,0,06-MAY-2024,
OPTSTK,CUMMINSIND,25-Jul-2024,3080.0,PE,0.0,0.0,0.0,115.05,61.3,0,0.0,0,0,06-MAY-2024,
OPTSTK,CUMMINSIND,25-Jul-2024,3120.0,PE,0.0,0.0,0.0,130.25,71.45,0,0.0,0,0,06-MAY-2024,
OPTSTK,CUMMINSIND,25-Jul-2024,3160.0,PE,0.0,0.0,0.0,146.6,82.55,0,0.0,0,0,06-MAY-2024,
OPTSTK,CUMMINSIND,25-Jul-2024,3200.0,PE,0.0,0.0,0.0,164.15,94.7,0,0.0,0,0,06-MAY-2024,
OPTSTK,CUMMINSIND,25-Jul-2024,3240.0,PE,0.0,0.0,0.0,182.9,108.2,0,0.0,0,0,06-MAY-2024,
OPTSTK,CUMMINSIND,25-Jul-2024,3280.0,PE,0.0,0.0,0.0,202.85,122.85,0,0.0,0,0,06-MAY-2024,
OPTSTK,CUMMINSIND,25-Jul-2024,3320.0,PE,0.0,0.0,0.0,223.95,138.75,0,0.0,0,0,06-MAY-2024,
OPTSTK,CUMMINSIND,25-Jul-2024,3360.0,PE,0.0,0.0,0.0,246.2,155.85,0,0.0,0,0,06-MAY-2024,
OPTSTK,CUMMINSIND,25-Jul-2024,3400.0,PE,0.0,0.0,0.0,269.6,174.15,0,0.0,0,0,06-MAY-2024,
OPTSTK,CUMMINSIND,25-Jul-2024,3440.0,PE,0.0,0.0,0.0,294.1,193.7,0,0.0,0,0,06-MAY-2024,
OPTSTK,CUMMINSIND,25-Jul-2024,3480.0,PE,0.0,0.0,0.0,319.6,214.4,0,0.0,0,0,06-MAY-2024,
OPTSTK,CUMMINSIND,25-Jul-2024,3520.0,PE,0.0,0.0,0.0,346.15,236.35,0,0.0,0,0,06-MAY-2024,
OPTSTK,CUMMINSIND,25-Jul-2024,3560.0,PE,0.0,0.0,0.0,373.7,259.4,0,0.0,0,0,06-MAY-2024,
OPTSTK,CUMMINSIND,25-Jul-2024,3600.0,PE,0.0,0.0,0.0,402.15,283.6,0,0.0,0,0,06-MAY-2024,
OPTSTK,CUMMINSIND,25-Jul-2024,3640.0,PE,0.0,0.0,0.0,431.65,308.9,0,0.0,0,0,06-MAY-2024,
OPTSTK,CUMMINSIND,25-Jul-2024,3680.0,PE,0.0,0.0,0.0,461.8,335.25,0,0.0,0,0,06-MAY-2024,
OPTSTK,CUMMINSIND,25-Jul-2024,3720.0,PE,0.0,0.0,0.0,492.65,362.6,0,0.0,0,0,06-MAY-2024,
OPTSTK,CUMMINSIND,25-Jul-2024,3760.0,PE,0.0,0.0,0.0,524.35,390.9,0,0.0,0,0,06-MAY-2024,
OPTSTK,CUMMINSIND,25-Jul-2024,3800.0,PE,0.0,0.0,0.0,556.7,420.3,0,0.0,0,0,06-MAY-2024,
OPTSTK,CUMMINSIND,25-Jul-2024,3840.0,PE,0.0,0.0,0.0,589.7,450.4,0,0.0,0,0,06-MAY-2024,
OPTSTK,CUMMINSIND,25-Jul-2024,3880.0,PE,0.0,0.0,0.0,623.3,481.2,0,0.0,0,0,06-MAY-2024,
OPTSTK,CUMMINSIND,25-Jul-2024,3920.0,PE,0.0,0.0,0.0,657.4,512.85,0,0.0,0,0,06-MAY-2024,
OPTSTK,CUMMINSIND,25-Jul-2024,3960.0,PE,0.0,0.0,0.0,692.05,545.2,0,0.0,0,0,06-MAY-2024,
OPTSTK,DABUR,30-May-2024,430.0,CE,0.0,0.0,0.0,116.3,102.8,0,0.0,0,0,06-MAY-2024,
OPTSTK,DABUR,30-May-2024,440.0,CE,0.0,0.0,0.0,74.0,92.85,0,0.0,1250,0,06-MAY-2024,
OPTSTK,DABUR,30-May-2024,450.0,CE,0.0,0.0,0.0,97.3,82.9,0,0.0,0,0,06-MAY-2024,
OPTSTK,DABUR,30-May-2024,455.0,CE,0.0,0.0,0.0,74.6,77.95,0,0.0,0,0,06-MAY-2024,
OPTSTK,DABUR,30-May-2024,460.0,CE,0.0,0.0,0.0,70.5,73.0,0,0.0,1250,0,06-MAY-2024,
OPTSTK,DABUR,30-May-2024,465.0,CE,0.0,0.0,0.0,46.1,68.05,0,0.0,1250,0,06-MAY-2024,
OPTSTK,DABUR,30-May-2024,470.0,CE,0.0,0.0,0.0,41.85,63.15,0,0.0,2500,0,06-MAY-2024,
OPTSTK,DABUR,30-May-2024,475.0,CE,0.0,0.0,0.0,42.05,58.3,0,0.0,8750,0,06-MAY-2024,
OPTSTK,DABUR,30-May-2024,480.0,CE,0.0,0.0,0.0,55.4,53.45,0,0.0,17500,0,06-MAY-2024,
OPTSTK,DABUR,30-May-2024,485.0,CE,49.65,49.65,49.65,49.65,48.7,1,6.68,12500,0,06-MAY-2024,
OPTSTK,DABUR,30-May-2024,490.0,CE,44.5,45.0,44.5,44.75,44.75,2,13.36,26250,-1250,06-MAY-2024,
OPTSTK,DABUR,30-May-2024,495.0,CE,0.0,0.0,0.0,37.95,39.55,0,0.0,6250,0,06-MAY-2024,
OPTSTK,DABUR,30-May-2024,500.0,CE,37.0,40.45,31.0,35.7,35.7,195,1305.15,190000,-42500,06-MAY-2024,
OPTSTK,DABUR,30-May-2024,505.0,CE,31.15,34.6,30.65,32.4,31.0,16,107.47,73750,2500,06-MAY-2024,
OPTSTK,DABUR,30-May-2024,510.0,CE,28.0,31.65,22.75,26.75,26.75,322,2152.36,337500,-25000,06-MAY-2024,
OPTSTK,DABUR,30-May-2024,515.0,CE,22.7,27.5,19.15,23.1,23.1,56,376.85,133750,-10000,06-MAY-2024,
OPTSTK,DABUR,30-May-2024,520.0,CE,18.85,23.7,15.9,19.4,19.4,422,2840.92,995000,-65000,06-MAY-2024,
OPTSTK,DABUR,30-May-2024,525.0,CE,17.5,20.0,13.15,16.05,16.05,649,4383.62,175000,-8750,06-MAY-2024,
OPTSTK,DABUR,30-May-2024,530.0,CE,14.55,16.8,10.8,13.15,13.15,2242,15213.17,970000,-146250,06-MAY-2024,
OPTSTK,DABUR,30-May-2024,535.0,CE,11.85,14.0,8.8,10.75,10.75,1027,7003.61,380000,-23750,06-MAY-2024,
OPTSTK,DABUR,30-May-2024,540.0,CE,9.6,11.5,7.1,8.7,8.7,4038,27696.46,1391250,-51250,06-MAY-2024,
OPTSTK,DABUR,30-May-2024,545.0,CE,7.5,9.3,5.75,6.95,6.95,546,3767.22,251250,-17500,06-MAY-2024,
OPTSTK,DABUR,30-May-2024,550.0,CE,6.3,7.5,4.6,5.65,5.65,2808,19505.41,1528750,36250,06-MAY-2024,
OPTSTK,DABUR,30-May-2024,555.0,CE,4.9,6.1,3.8,4.6,4.6,223,1560.01,130000,-10000,06-MAY-2024,
OPTSTK,DABUR,30-May-2024,560.0,CE,4.05,5.05,3.1,3.75,3.75,963,6786.53,832500,27500,06-MAY-2024,
OPTSTK,DABUR,30-May-2024,565.0,CE,3.25,4.05,2.65,3.05,3.05,99,703.02,158750,25000,06-MAY-2024,
OPTSTK,DABUR,30-May-2024,570.0,CE,2.65,3.3,2.1,2.55,2.55,368,2633.3,541250,50000,06-MAY-2024,
OPTSTK,DABUR,30-May-2024,575.0,CE,2.3,2.6,1.85,2.15,2.15,89,642.0,138750,32500,06-MAY-2024,
OPTSTK,DABUR,30-May-2024,580.0,CE,2.0,2.35,1.5,1.8,1.8,494,3592.24,592500,-45000,06-MAY-2024,
OPTSTK,DABUR,30-May-2024,585.0,CE,1.35,1.7,1.25,1.5,0.8,17,124.61,37500,-5000,06-MAY-2024,
OPTSTK,DABUR,30-May-2024,590.0,CE,1.15,1.6,1.05,1.25,1.25,136,1005.02,171250,-8750,06-MAY-2024,
OPTSTK,DABUR,30-May-2024,595.0,CE,0.0,0.0,0.0,2.35,0.4,0,0.0,0,0,06-MAY-2024,
OPTSTK,DABUR,30-May-2024,600.0,CE,1.0,1.65,0.7,0.95,0.95,1186,8908.14,933750,60000,06-MAY-2024,
OPTSTK,DABUR,30-May-2024,605.0,CE,0.0,0.0,0.0,1.6,0.2,0,0.0,0,0,06-MAY-2024,
OPTSTK,DABUR,30-May-2024,610.0,CE,0.85,0.95,0.5,0.7,0.7,95,725.19,236250,7500,06-MAY-2024,
OPTSTK,DABUR,30-May-2024,430.0,PE,0.45,0.45,0.25,0.25,0.0,7,37.65,45000,0,06-MAY-2024,
OPTSTK,DABUR,30-May-2024,440.0,PE,0.25,0.3,0.25,0.3,0.0,2,11.0,30000,0,06-MAY-2024,
OPTSTK,DABUR,30-May-2024,450.0,PE,0.35,0.35,0.25,0.35,0.35,49,275.81,237500,-16250,06-MAY-2024,
OPTSTK,DABUR,30-May-2024,455.0,PE,0.35,0.35,0.3,0.3,0.05,4,22.76,87500,0,06-MAY-2024,
OPTSTK,DABUR,30-May-2024,460.0,PE,0.45,0.5,0.35,0.45,0.45,30,172.66,205000,-11250,06-MAY-2024,
OPTSTK,DABUR,30-May-2024,465.0,PE,0.6,0.8,0.55,0.55,0.55,15,87.3,45000,-3750,06-MAY-2024,
OPTSTK,DABUR,30-May-2024,470.0,PE,0.7,0.9,0.6,0.85,0.2,77,453.1,518750,-31250,06-MAY-2024,
OPTSTK,DABUR,30-May-2024,475.0,PE,0.95,1.1,0.9,1.0,1.0,68,404.6,485000,-7500,06-MAY-2024,
OPTSTK,DABUR,30-May-2024,480.0,PE,1.05,1.45,0.95,1.25,1.25,377,2267.73,2417500,-20000,06-MAY-2024,
OPTSTK,DABUR,30-May-2024,485.0,PE,1.15,1.7,1.15,1.45,1.45,102,620.11,182500,-16250,06-MAY-2024,
OPTSTK,DABUR,30-May-2024,490.0,PE,1.75,2.15,1.3,1.75,1.75,222,1364.7,562500,36250,06-MAY-2024,
OPTSTK,DABUR,30-May-2024,495.0,PE,2.0,2.75,1.75,2.1,2.1,60,372.77,96250,-5000,06-MAY-2024,
OPTSTK,DABUR,30-May-2024,500.0,PE,2.0,3.4,1.95,2.55,2.55,855,5371.39,1088750,-307500,06-MAY-2024,
OPTSTK,DABUR,30-May-2024,505.0,PE,2.45,4.2,2.25,3.25,3.25,77,489.26,103750,-22500,06-MAY-2024,
OPTSTK,DABUR,30-May-2024,510.0,PE,3.25,5.4,2.8,4.0,4.0,601,3862.29,590000,-46250,06-MAY-2024,
OPTSTK,DABUR,30-May-2024,515.0,PE,3.85,6.6,3.55,5.1,5.1,265,1722.29,311250,-11250,06-MAY-2024,
OPTSTK,DABUR,30-May-2024,520.0,PE,5.05,8.5,4.55,6.25,6.25,445,2929.44,645000,-41250,06-MAY-2024,
OPTSTK,DABUR,30-May-2024,525.0,PE,6.4,10.8,5.9,8.05,8.05,384,2560.13,141250,-27500,06-MAY-2024,
OPTSTK,DABUR,30-May-2024,530.0,PE,8.25,13.3,7.5,10.2,10.2,597,4031.62,335000,-81250,06-MAY-2024,
OPTSTK,DABUR,30-May-2024,535.0,PE,10.55,16.2,9.7,12.75,12.75,265,1814.11,175000,-6250,06-MAY-2024,
OPTSTK,DABUR,30-May-2024,540.0,PE,13.65,19.55,12.2,15.6,15.6,262,1818.59,168750,5000,06-MAY-2024,
OPTSTK,DABUR,30-May-2024,545.0,PE,0.0,0.0,0.0,18.35,19.25,0,0.0,15000,0,06-MAY-2024,
OPTSTK,DABUR,30-May-2024,550.0,PE,21.0,27.0,18.15,22.0,22.0,113,809.77,237500,20000,06-MAY-2024,
OPTSTK,DABUR,30-May-2024,555.0,PE,0.0,0.0,0.0,25.35,26.35,0,0.0,12500,0,06-MAY-2024,
OPTSTK,DABUR,30-May-2024,560.0,PE,29.5,30.1,29.5,30.1,30.1,2,14.74,37500,-1250,06-MAY-2024,
OPTSTK,DABUR,30-May-2024,565.0,PE,33.45,35.65,33.45,35.65,34.35,2,14.98,15000,2500,06-MAY-2024,
OPTSTK,DABUR,30-May-2024,570.0,PE,0.0,0.0,0.0,43.3,38.65,0,0.0,18750,0,06-MAY-2024,
OPTSTK,DABUR,30-May-2024,575.0,PE,0.0,0.0,0.0,40.35,43.05,0,0.0,1250,0,06-MAY-2024,
OPTSTK,DABUR,30-May-2024,580.0,PE,0.0,0.0,0.0,53.9,47.65,0,0.0,6250,0,06-MAY-2024,
OPTSTK,DABUR,30-May-2024,585.0,PE,0.0,0.0,0.0,58.15,52.3,0,0.0,0,0,06-MAY-2024,
OPTSTK,DABUR,30-May-2024,590.0,PE,0.0,0.0,0.0,51.2,57.05,0,0.0,0,0,06-MAY-2024,
OPTSTK,DABUR,30-May-2024,595.0,PE,0.0,0.0,0.0,66.95,61.85,0,0.0,0,0,06-MAY-2024,
OPTSTK,DABUR,30-May-2024,600.0,PE,66.5,67.0,66.5,66.85,66.85,3,25.0,40000,1250,06-MAY-2024,
OPTSTK,DABUR,30-May-2024,605.0,PE,0.0,0.0,0.0,76.05,71.6,0,0.0,0,0,06-MAY-2024,
OPTSTK,DABUR,30-May-2024,610.0,PE,0.0,0.0,0.0,82.1,76.55,0,0.0,20000,0,06-MAY-2024,
OPTSTK,DABUR,27-Jun-2024,430.0,CE,0.0,0.0,0.0,101.35,105.3,0,0.0,0,0,06-MAY-2024,
OPTSTK,DABUR,27-Jun-2024,440.0,CE,0.0,0.0,0.0,91.9,95.5,0,0.0,0,0,06-MAY-2024,
OPTSTK,DABUR,27-Jun-2024,450.0,CE,0.0,0.0,0.0,82.65,85.8,0,0.0,0,0,06-MAY-2024,
OPTSTK,DABUR,27-Jun-2024,455.0,CE,0.0,0.0,0.0,59.35,80.95,0,0.0,0,0,06-MAY-2024,
OPTSTK,DABUR,27-Jun-2024,460.0,CE,0.0,0.0,0.0,73.65,76.2,0,0.0,0,0,06-MAY-2024,
OPTSTK,DABUR,27-Jun-2024,465.0,CE,0.0,0.0,0.0,50.8,71.5,0,0.0,0,0,06-MAY-2024,
OPTSTK,DABUR,27-Jun-2024,470.0,CE,0.0,0.0,0.0,64.95,66.85,0,0.0,0,0,06-MAY-2024,
OPTSTK,DABUR,27-Jun-2024,475.0,CE,0.0,0.0,0.0,42.8,62.25,0,0.0,0,0,06-MAY-2024,
OPTSTK,DABUR,27-Jun-2024,480.0,CE,0.0,0.0,0.0,56.75,57.8,0,0.0,0,0,06-MAY-2024,
OPTSTK,DABUR,27-Jun-2024,485.0,CE,0.0,0.0,0.0,35.45,53.4,0,0.0,0,0,06-MAY-2024,
OPTSTK,DABUR,27-Jun-2024,490.0,CE,0.0,0.0,0.0,49.0,49.2,0,0.0,0,0,06-MAY-2024,
OPTSTK,DABUR,27-Jun-2024,495.0,CE,0.0,0.0,0.0,28.8,45.1,0,0.0,0,0,06-MAY-2024,
OPTSTK,DABUR,27-Jun-2024,500.0,CE,0.0,0.0,0.0,43.5,41.15,0,0.0,25000,0,06-MAY-2024,
OPTSTK,DABUR,27-Jun-2024,505.0,CE,0.0,0.0,0.0,23.0,37.4,0,0.0,0,0,06-MAY-2024,
OPTSTK,DABUR,27-Jun-2024,510.0,CE,0.0,0.0,0.0,30.55,33.75,0,0.0,1250,0,06-MAY-2024,
OPTSTK,DABUR,27-Jun-2024,515.0,CE,0.0,0.0,0.0,18.0,30.4,0,0.0,0,0,06-MAY-2024,
OPTSTK,DABUR,27-Jun-2024,520.0,CE,0.0,0.0,0.0,29.0,27.2,0,0.0,5000,0,06-MAY-2024,
OPTSTK,DABUR,27-Jun-2024,525.0,CE,0.0,0.0,0.0,13.85,24.2,0,0.0,0,0,06-MAY-2024,
OPTSTK,DABUR,27-Jun-2024,530.0,CE,0.0,0.0,0.0,24.15,21.45,0,0.0,0,0,06-MAY-2024,
OPTSTK,DABUR,27-Jun-2024,535.0,CE,0.0,0.0,0.0,10.4,18.9,0,0.0,0,0,06-MAY-2024,
OPTSTK,DABUR,27-Jun-2024,540.0,CE,0.0,0.0,0.0,20.0,16.55,0,0.0,8750,0,06-MAY-2024,
OPTSTK,DABUR,27-Jun-2024,545.0,CE,0.0,0.0,0.0,7.7,14.4,0,0.0,0,0,06-MAY-2024,
OPTSTK,DABUR,27-Jun-2024,550.0,CE,15.1,18.5,15.0,17.0,17.0,38,268.93,72500,5000,06-MAY-2024,
OPTSTK,DABUR,27-Jun-2024,555.0,CE,0.0,0.0,0.0,5.6,10.75,0,0.0,0,0,06-MAY-2024,
OPTSTK,DABUR,27-Jun-2024,560.0,CE,0.0,0.0,0.0,12.45,9.2,0,0.0,0,0,06-MAY-2024,
OPTSTK,DABUR,27-Jun-2024,565.0,CE,0.0,0.0,0.0,3.95,7.85,0,0.0,0,0,06-MAY-2024,
OPTSTK,DABUR,27-Jun-2024,570.0,CE,0.0,0.0,0.0,9.75,6.65,0,0.0,0,0,06-MAY-2024,
OPTSTK,DABUR,27-Jun-2024,575.0,CE,0.0,0.0,0.0,2.75,5.6,0,0.0,0,0,06-MAY-2024,
OPTSTK,DABUR,27-Jun-2024,580.0,CE,0.0,0.0,0.0,7.5,4.7,0,0.0,0,0,06-MAY-2024,
OPTSTK,DABUR,27-Jun-2024,585.0,CE,0.0,0.0,0.0,1.9,3.95,0,0.0,0,0,06-MAY-2024,
OPTSTK,DABUR,27-Jun-2024,590.0,CE,0.0,0.0,0.0,5.75,3.25,0,0.0,0,0,06-MAY-2024,
OPTSTK,DABUR,27-Jun-2024,595.0,CE,0.0,0.0,0.0,1.25,2.7,0,0.0,0,0,06-MAY-2024,
OPTSTK,DABUR,27-Jun-2024,600.0,CE,0.0,0.0,0.0,4.3,2.2,0,0.0,0,0,06-MAY-2024,
OPTSTK,DABUR,27-Jun-2024,605.0,CE,0.0,0.0,0.0,0.85,1.8,0,0.0,0,0,06-MAY-2024,
OPTSTK,DABUR,27-Jun-2024,610.0,CE,0.0,0.0,0.0,3.2,1.45,0,0.0,0,0,06-MAY-2024,
OPTSTK,DABUR,27-Jun-2024,430.0,PE,0.0,0.0,0.0,0.5,0.1,0,0.0,0,0,06-MAY-2024,
OPTSTK,DABUR,27-Jun-2024,440.0,PE,0.0,0.0,0.0,0.9,0.15,0,0.0,0,0,06-MAY-2024,
OPTSTK,DABUR,27-Jun-2024,450.0,PE,1.95,2.0,1.95,2.0,2.0,2,11.29,13750,0,06-MAY-2024,
OPTSTK,DABUR,27-Jun-2024,455.0,PE,0.0,0.0,0.0,2.2,0.45,0,0.0,0,0,06-MAY-2024,
OPTSTK,DABUR,27-Jun-2024,460.0,PE,0.0,0.0,0.0,2.25,0.65,0,0.0,0,0,06-MAY-2024,
OPTSTK,DABUR,27-Jun-2024,465.0,PE,0.0,0.0,0.0,3.5,0.9,0,0.0,0,0,06-MAY-2024,
OPTSTK,DABUR,27-Jun-2024,470.0,PE,0.0,0.0,0.0,3.4,1.2,0,0.0,0,0,06-MAY-2024,
OPTSTK,DABUR,27-Jun-2024,475.0,PE,0.0,0.0,0.0,5.4,1.55,0,0.0,0,0,06-MAY-2024,
OPTSTK,DABUR,27-Jun-2024,480.0,PE,0.0,0.0,0.0,5.0,2.05,0,0.0,0,0,06-MAY-2024,
OPTSTK,DABUR,27-Jun-2024,485.0,PE,0.0,0.0,0.0,7.9,2.6,0,0.0,0,0,06-MAY-2024,
OPTSTK,DABUR,27-Jun-2024,490.0,PE,6.2,6.2,5.3,5.3,3.35,23,142.56,27500,18750,06-MAY-2024,
OPTSTK,DABUR,27-Jun-2024,495.0,PE,0.0,0.0,0.0,11.15,4.2,0,0.0,0,0,06-MAY-2024,
OPTSTK,DABUR,27-Jun-2024,500.0,PE,6.5,8.9,6.5,8.5,8.5,64,406.58,108750,17500,06-MAY-2024,
OPTSTK,DABUR,27-Jun-2024,505.0,PE,0.0,0.0,0.0,15.25,6.4,0,0.0,0,0,06-MAY-2024,
OPTSTK,DABUR,27-Jun-2024,510.0,PE,0.0,0.0,0.0,15.0,7.7,0,0.0,1250,0,06-MAY-2024,
OPTSTK,DABUR,27-Jun-2024,515.0,PE,0.0,0.0,0.0,20.1,9.25,0,0.0,0,0,06-MAY-2024,
OPTSTK,DABUR,27-Jun-2024,520.0,PE,13.5,15.9,13.5,15.9,11.05,2,13.36,3750,1250,06-MAY-2024,
OPTSTK,DABUR,27-Jun-2024,525.0,PE,0.0,0.0,0.0,25.8,13.0,0,0.0,0,0,06-MAY-2024,
OPTSTK,DABUR,27-Jun-2024,530.0,PE,0.0,0.0,0.0,21.55,15.15,0,0.0,0,0,06-MAY-2024,
OPTSTK,DABUR,27-Jun-2024,535.0,PE,0.0,0.0,0.0,32.25,17.55,0,0.0,0,0,06-MAY-2024,
OPTSTK,DABUR,27-Jun-2024,540.0,PE,0.0,0.0,0.0,21.0,20.15,0,0.0,8750,0,06-MAY-2024,
OPTSTK,DABUR,27-Jun-2024,545.0,PE,0.0,0.0,0.0,39.45,23.0,0,0.0,0,0,06-MAY-2024,
OPTSTK,DABUR,27-Jun-2024,550.0,PE,0.0,0.0,0.0,26.75,26.0,0,0.0,3750,0,06-MAY-2024,
OPTSTK,DABUR,27-Jun-2024,555.0,PE,0.0,0.0,0.0,47.15,29.25,0,0.0,0,0,06-MAY-2024,
OPTSTK,DABUR,27-Jun-2024,560.0,PE,0.0,0.0,0.0,39.3,32.65,0,0.0,0,0,06-MAY-2024,
OPTSTK,DABUR,27-Jun-2024,565.0,PE,0.0,0.0,0.0,55.45,36.25,0,0.0,0,0,06-MAY-2024,
OPTSTK,DABUR,27-Jun-2024,570.0,PE,0.0,0.0,0.0,46.4,40.0,0,0.0,0,0,06-MAY-2024,
OPTSTK,DABUR,27-Jun-2024,575.0,PE,0.0,0.0,0.0,64.1,43.9,0,0.0,0,0,06-MAY-2024,
OPTSTK,DABUR,27-Jun-2024,580.0,PE,0.0,0.0,0.0,54.0,47.95,0,0.0,0,0,06-MAY-2024,
OPTSTK,DABUR,27-Jun-2024,585.0,PE,0.0,0.0,0.0,73.1,52.1,0,0.0,0,0,06-MAY-2024,
OPTSTK,DABUR,27-Jun-2024,590.0,PE,0.0,0.0,0.0,62.05,56.4,0,0.0,0,0,06-MAY-2024,
OPTSTK,DABUR,27-Jun-2024,595.0,PE,0.0,0.0,0.0,82.35,60.75,0,0.0,0,0,06-MAY-2024,
OPTSTK,DABUR,27-Jun-2024,600.0,PE,0.0,0.0,0.0,70.45,65.25,0,0.0,0,0,06-MAY-2024,
OPTSTK,DABUR,27-Jun-2024,605.0,PE,0.0,0.0,0.0,91.8,69.75,0,0.0,0,0,06-MAY-2024,
OPTSTK,DABUR,27-Jun-2024,610.0,PE,0.0,0.0,0.0,79.15,74.4,0,0.0,0,0,06-MAY-2024,
OPTSTK,DABUR,25-Jul-2024,420.0,CE,0.0,0.0,0.0,94.75,117.6,0,0.0,0,0,06-MAY-2024,
OPTSTK,DABUR,25-Jul-2024,440.0,CE,0.0,0.0,0.0,76.35,98.35,0,0.0,0,0,06-MAY-2024,
OPTSTK,DABUR,25-Jul-2024,460.0,CE,0.0,0.0,0.0,59.2,79.65,0,0.0,0,0,06-MAY-2024,
OPTSTK,DABUR,25-Jul-2024,470.0,CE,0.0,0.0,0.0,51.3,70.7,0,0.0,0,0,06-MAY-2024,
OPTSTK,DABUR,25-Jul-2024,480.0,CE,0.0,0.0,0.0,43.95,62.15,0,0.0,0,0,06-MAY-2024,
OPTSTK,DABUR,25-Jul-2024,490.0,CE,0.0,0.0,0.0,37.15,54.0,0,0.0,0,0,06-MAY-2024,
OPTSTK,DABUR,25-Jul-2024,500.0,CE,0.0,0.0,0.0,31.05,46.4,0,0.0,0,0,06-MAY-2024,
OPTSTK,DABUR,25-Jul-2024,510.0,CE,0.0,0.0,0.0,25.65,39.4,0,0.0,0,0,06-MAY-2024,
OPTSTK,DABUR,25-Jul-2024,520.0,CE,0.0,0.0,0.0,20.9,33.0,0,0.0,0,0,06-MAY-2024,
OPTSTK,DABUR,25-Jul-2024,530.0,CE,0.0,0.0,0.0,16.85,27.3,0,0.0,0,0,06-MAY-2024,
OPTSTK,DABUR,25-Jul-2024,540.0,CE,0.0,0.0,0.0,13.35,22.3,0,0.0,0,0,06-MAY-2024,
OPTSTK,DABUR,25-Jul-2024,550.0,CE,0.0,0.0,0.0,10.5,17.95,0,0.0,0,0,06-MAY-2024,
OPTSTK,DABUR,25-Jul-2024,560.0,CE,0.0,0.0,0.0,8.15,14.3,0,0.0,0,0,06-MAY-2024,
OPTSTK,DABUR,25-Jul-2024,570.0,CE,0.0,0.0,0.0,6.25,11.2,0,0.0,0,0,06-MAY-2024,
OPTSTK,DABUR,25-Jul-2024,580.0,CE,0.0,0.0,0.0,4.7,8.7,0,0.0,0,0,06-MAY-2024,
OPTSTK,DABUR,25-Jul-2024,590.0,CE,0.0,0.0,0.0,3.55,6.65,0,0.0,0,0,06-MAY-2024,
OPTSTK,DABUR,25-Jul-2024,600.0,CE,0.0,0.0,0.0,2.6,5.0,0,0.0,0,0,06-MAY-2024,
OPTSTK,DABUR,25-Jul-2024,620.0,CE,0.0,0.0,0.0,1.4,2.75,0,0.0,0,0,06-MAY-2024,
OPTSTK,DABUR,25-Jul-2024,420.0,PE,0.0,0.0,0.0,0.75,0.2,0,0.0,0,0,06-MAY-2024,
OPTSTK,DABUR,25-Jul-2024,440.0,PE,0.0,0.0,0.0,1.95,0.6,0,0.0,0,0,06-MAY-2024,
OPTSTK,DABUR,25-Jul-2024,460.0,PE,0.0,0.0,0.0,4.4,1.6,0,0.0,0,0,06-MAY-2024,
OPTSTK,DABUR,25-Jul-2024,470.0,PE,0.0,0.0,0.0,6.35,2.5,0,0.0,0,0,06-MAY-2024,
OPTSTK,DABUR,25-Jul-2024,480.0,PE,0.0,0.0,0.0,8.8,3.75,0,0.0,0,0,06-MAY-2024,
OPTSTK,DABUR,25-Jul-2024,490.0,PE,0.0,0.0,0.0,11.85,5.45,0,0.0,0,0,06-MAY-2024,
OPTSTK,DABUR,25-Jul-2024,500.0,PE,12.0,12.0,12.0,12.0,7.7,2,12.8,2500,2500,06-MAY-2024,
OPTSTK,DABUR,25-Jul-2024,510.0,PE,0.0,0.0,0.0,20.0,10.5,0,0.0,0,0,06-MAY-2024,
OPTSTK,DABUR,25-Jul-2024,520.0,PE,0.0,0.0,0.0,25.05,14.0,0,0.0,0,0,06-MAY-2024,
OPTSTK,DABUR,25-Jul-2024,530.0,PE,0.0,0.0,0.0,30.8,18.15,0,0.0,0,0,06-MAY-2024,
OPTSTK,DABUR,25-Jul-2024,540.0,PE,0.0,0.0,0.0,37.15,22.95,0,0.0,0,0,06-MAY-2024,
OPTSTK,DABUR,25-Jul-2024,550.0,PE,0.0,0.0,0.0,44.1,28.45,0,0.0,0,0,06-MAY-2024,
OPTSTK,DABUR,25-Jul-2024,560.0,PE,0.0,0.0,0.0,51.6,34.65,0,0.0,0,0,06-MAY-2024,
OPTSTK,DABUR,25-Jul-2024,570.0,PE,0.0,0.0,0.0,59.5,41.4,0,0.0,0,0,06-MAY-2024,
OPTSTK,DABUR,25-Jul-2024,580.0,PE,0.0,0.0,0.0,67.8,48.75,0,0.0,0,0,06-MAY-2024,
OPTSTK,DABUR,25-Jul-2024,590.0,PE,0.0,0.0,0.0,76.45,56.5,0,0.0,0,0,06-MAY-2024,
OPTSTK,DABUR,25-Jul-2024,600.0,PE,0.0,0.0,0.0,85.35,64.75,0,0.0,0,0,06-MAY-2024,
OPTSTK,DABUR,25-Jul-2024,620.0,PE,0.0,0.0,0.0,103.75,82.15,0,0.0,0,0,06-MAY-2024,
OPTSTK,DALBHARAT,30-May-2024,1520.0,CE,0.0,0.0,0.0,538.0,283.4,0,0.0,0,0,06-MAY-2024,
OPTSTK,DALBHARAT,30-May-2024,1560.0,CE,245.85,245.85,245.85,245.85,245.5,1,4.51,250,250,06-MAY-2024,
OPTSTK,DALBHARAT,30-May-2024,1600.0,CE,205.0,205.0,198.2,198.2,209.0,2,9.0,500,500,06-MAY-2024,
OPTSTK,DALBHARAT,30-May-2024,1620.0,CE,185.55,185.55,185.55,185.55,191.45,1,4.51,250,0,06-MAY-2024,
OPTSTK,DALBHARAT,30-May-2024,1640.0,CE,162.35,163.35,161.75,163.35,174.5,8,36.04,1250,1250,06-MAY-2024,
OPTSTK,DALBHARAT,30-May-2024,1660.0,CE,0.0,0.0,0.0,148.8,158.15,0,0.0,500,0,06-MAY-2024,
OPTSTK,DALBHARAT,30-May-2024,1680.0,CE,126.45,126.45,126.45,126.45,142.55,1,4.51,1000,250,06-MAY-2024,
OPTSTK,DALBHARAT,30-May-2024,1700.0,CE,118.0,124.75,118.0,124.75,127.8,11,50.01,3000,2750,06-MAY-2024,
OPTSTK,DALBHARAT,30-May-2024,1720.0,CE,0.0,0.0,0.0,134.4,113.75,0,0.0,500,0,06-MAY-2024,
OPTSTK,DALBHARAT,30-May-2024,1740.0,CE,0.0,0.0,0.0,105.0,100.7,0,0.0,250,0,06-MAY-2024,
OPTSTK,DALBHARAT,30-May-2024,1760.0,CE,80.0,81.2,71.0,80.0,88.6,16,73.5,5750,1250,06-MAY-2024,
OPTSTK,DALBHARAT,30-May-2024,1780.0,CE,74.65,74.65,58.7,65.75,65.75,15,69.21,2750,1250,06-MAY-2024,
OPTSTK,DALBHARAT,30-May-2024,1800.0,CE,64.0,65.7,49.0,59.55,59.55,490,2275.02,109250,3500,06-MAY-2024,
OPTSTK,DALBHARAT,30-May-2024,1820.0,CE,54.0,54.45,40.7,48.25,48.25,107,499.37,25000,1250,06-MAY-2024,
OPTSTK,DALBHARAT,30-May-2024,1840.0,CE,46.0,46.95,34.3,42.15,42.15,242,1136.82,43250,-5500,06-MAY-2024,
OPTSTK,DALBHARAT,30-May-2024,1860.0,CE,36.0,36.5,28.4,35.7,35.7,51,241.46,48500,-1000,06-MAY-2024,
OPTSTK,DALBHARAT,30-May-2024,1880.0,CE,29.45,30.3,28.0,30.3,35.7,4,19.09,13500,-250,06-MAY-2024,
OPTSTK,DALBHARAT,30-May-2024,1900.0,CE,27.05,28.55,19.25,24.75,24.75,592,2845.99,202000,-1750,06-MAY-2024,
OPTSTK,DALBHARAT,30-May-2024,1920.0,CE,20.0,20.0,18.0,20.0,20.0,4,19.39,6000,-500,06-MAY-2024,
OPTSTK,DALBHARAT,30-May-2024,1940.0,CE,13.9,17.2,13.55,17.0,17.0,47,229.81,26250,2250,06-MAY-2024,
OPTSTK,DALBHARAT,30-May-2024,1960.0,CE,14.45,14.45,11.35,13.7,17.05,31,152.87,30000,-3250,06-MAY-2024,
OPTSTK,DALBHARAT,30-May-2024,1980.0,CE,12.9,12.9,9.0,9.0,13.95,6,29.85,23250,500,06-MAY-2024,
OPTSTK,DALBHARAT,30-May-2024,2000.0,CE,11.7,11.75,7.55,9.9,9.9,513,2576.73,312500,-15000,06-MAY-2024,
OPTSTK,DALBHARAT,30-May-2024,2020.0,CE,5.95,8.0,5.9,7.9,9.15,7,35.47,4250,250,06-MAY-2024,
OPTSTK,DALBHARAT,30-May-2024,2040.0,CE,0.0,0.0,0.0,7.5,7.35,0,0.0,1500,0,06-MAY-2024,
OPTSTK,DALBHARAT,30-May-2024,2060.0,CE,5.05,6.3,4.85,6.0,6.0,78,402.85,58750,250,06-MAY-2024,
OPTSTK,DALBHARAT,30-May-2024,2080.0,CE,0.0,0.0,0.0,48.9,4.6,0,0.0,250,0,06-MAY-2024,
OPTSTK,DALBHARAT,30-May-2024,2100.0,CE,4.45,4.7,3.0,3.9,3.9,383,2014.4,105000,1500,06-MAY-2024,
OPTSTK,DALBHARAT,30-May-2024,2120.0,CE,0.0,0.0,0.0,119.15,2.85,0,0.0,0,0,06-MAY-2024,
OPTSTK,DALBHARAT,30-May-2024,2160.0,CE,0.0,0.0,0.0,2.55,1.7,0,0.0,26000,0,06-MAY-2024,
OPTSTK,DALBHARAT,30-May-2024,2200.0,CE,2.1,2.2,1.45,1.6,1.6,198,1089.81,85250,-2000,06-MAY-2024,
OPTSTK,DALBHARAT,30-May-2024,2220.0,CE,0.0,0.0,0.0,2.3,0.75,0,0.0,250,0,06-MAY-2024,
OPTSTK,DALBHARAT,30-May-2024,2240.0,CE,2.0,2.0,2.0,2.0,0.6,1,5.6,750,0,06-MAY-2024,
OPTSTK,DALBHARAT,30-May-2024,2280.0,CE,1.5,1.5,1.0,1.05,0.35,18,102.65,4750,-1750,06-MAY-2024,
OPTSTK,DALBHARAT,30-May-2024,2320.0,CE,0.0,0.0,0.0,0.95,0.2,0,0.0,12750,0,06-MAY-2024,
OPTSTK,DALBHARAT,30-May-2024,1520.0,PE,0.0,0.0,0.0,5.5,1.9,0,0.0,0,0,06-MAY-2024,
OPTSTK,DALBHARAT,30-May-2024,1560.0,PE,0.0,0.0,0.0,7.9,3.85,0,0.0,0,0,06-MAY-2024,
OPTSTK,DALBHARAT,30-May-2024,1600.0,PE,4.9,9.4,3.9,4.0,4.0,280,1124.89,60750,-23250,06-MAY-2024,
OPTSTK,DALBHARAT,30-May-2024,1620.0,PE,6.0,6.0,6.0,6.0,9.55,1,4.06,1500,250,06-MAY-2024,
OPTSTK,DALBHARAT,30-May-2024,1640.0,PE,9.5,12.6,6.75,6.75,6.75,28,115.42,32750,-3250,06-MAY-2024,
OPTSTK,DALBHARAT,30-May-2024,1660.0,PE,14.15,15.2,10.5,10.8,16.05,9,37.64,2000,-1000,06-MAY-2024,
OPTSTK,DALBHARAT,30-May-2024,1680.0,PE,11.8,19.6,11.7,19.6,19.6,16,67.82,21000,-1750,06-MAY-2024,
OPTSTK,DALBHARAT,30-May-2024,1700.0,PE,15.0,24.95,14.4,15.8,15.8,759,3263.93,215750,2250,06-MAY-2024,
OPTSTK,DALBHARAT,30-May-2024,1720.0,PE,19.0,29.7,19.0,20.15,20.15,49,213.95,28750,-7250,06-MAY-2024,
OPTSTK,DALBHARAT,30-May-2024,1740.0,PE,23.9,36.0,23.9,25.75,25.75,23,101.73,16500,-500,06-MAY-2024,
OPTSTK,DALBHARAT,30-May-2024,1760.0,PE,30.8,44.1,27.85,34.25,34.25,25,112.24,27000,1000,06-MAY-2024,
OPTSTK,DALBHARAT,30-May-2024,1780.0,PE,45.0,53.15,38.5,43.55,43.55,50,228.18,23750,750,06-MAY-2024,
OPTSTK,DALBHARAT,30-May-2024,1800.0,PE,49.95,64.05,44.95,51.05,51.05,168,778.8,138250,-1500,06-MAY-2024,
OPTSTK,DALBHARAT,30-May-2024,1820.0,PE,65.8,70.1,58.2,65.05,65.05,14,65.97,9750,-250,06-MAY-2024,
OPTSTK,DALBHARAT,30-May-2024,1840.0,PE,70.75,84.8,70.7,84.8,86.75,11,52.8,15750,-1250,06-MAY-2024,
OPTSTK,DALBHARAT,30-May-2024,1860.0,PE,86.0,89.0,86.0,86.15,99.25,3,14.6,35000,-750,06-MAY-2024,
OPTSTK,DALBHARAT,30-May-2024,1880.0,PE,0.0,0.0,0.0,104.9,112.6,0,0.0,2250,0,06-MAY-2024,
OPTSTK,DALBHARAT,30-May-2024,1900.0,PE,109.0,129.25,109.0,117.1,126.75,13,65.57,54500,1000,06-MAY-2024,
OPTSTK,DALBHARAT,30-May-2024,1920.0,PE,142.0,142.0,142.0,142.0,141.8,1,5.15,2250,-250,06-MAY-2024,
OPTSTK,DALBHARAT,30-May-2024,1940.0,PE,155.95,155.95,155.95,155.95,157.35,1,5.23,3250,250,06-MAY-2024,
OPTSTK,DALBHARAT,30-May-2024,1960.0,PE,178.7,178.75,165.35,165.35,173.6,3,16.0,3750,500,06-MAY-2024,
OPTSTK,DALBHARAT,30-May-2024,1980.0,PE,0.0,0.0,0.0,173.85,190.35,0,0.0,1500,0,06-MAY-2024,
OPTSTK,DALBHARAT,30-May-2024,2000.0,PE,208.75,208.75,208.75,208.75,207.65,1,5.52,21000,0,06-MAY-2024,
OPTSTK,DALBHARAT,30-May-2024,2020.0,PE,0.0,0.0,0.0,218.2,225.4,0,0.0,250,0,06-MAY-2024,
OPTSTK,DALBHARAT,30-May-2024,2040.0,PE,0.0,0.0,0.0,132.2,243.45,0,0.0,0,0,06-MAY-2024,
OPTSTK,DALBHARAT,30-May-2024,2080.0,PE,0.0,0.0,0.0,153.15,280.6,0,0.0,0,0,06-MAY-2024,
OPTSTK,DALBHARAT,30-May-2024,2100.0,PE,309.95,309.95,309.95,309.95,299.5,1,6.02,6250,250,06-MAY-2024,
OPTSTK,DALBHARAT,30-May-2024,2120.0,PE,0.0,0.0,0.0,175.75,318.6,0,0.0,0,0,06-MAY-2024,
OPTSTK,DALBHARAT,30-May-2024,2200.0,PE,0.0,0.0,0.0,389.6,396.4,0,0.0,2000,0,06-MAY-2024,
OPTSTK,DALBHARAT,30-May-2024,2320.0,PE,0.0,0.0,0.0,475.05,515.05,0,0.0,3000,0,06-MAY-2024,
OPTSTK,DALBHARAT,27-Jun-2024,1520.0,CE,0.0,0.0,0.0,457.65,300.25,0,0.0,0,0,06-MAY-2024,
OPTSTK,DALBHARAT,27-Jun-2024,1560.0,CE,0.0,0.0,0.0,421.8,265.75,0,0.0,0,0,06-MAY-2024,
OPTSTK,DALBHARAT,27-Jun-2024,1600.0,CE,0.0,0.0,0.0,387.0,232.95,0,0.0,0,0,06-MAY-2024,
OPTSTK,DALBHARAT,27-Jun-2024,1620.0,CE,0.0,0.0,0.0,233.65,217.3,0,0.0,0,0,06-MAY-2024,
OPTSTK,DALBHARAT,27-Jun-2024,1640.0,CE,0.0,0.0,0.0,353.35,202.2,0,0.0,0,0,06-MAY-2024,
OPTSTK,DALBHARAT,27-Jun-2024,1660.0,CE,0.0,0.0,0.0,203.85,187.7,0,0.0,0,0,06-MAY-2024,
OPTSTK,DALBHARAT,27-Jun-2024,1680.0,CE,0.0,0.0,0.0,321.1,173.65,0,0.0,0,0,06-MAY-2024,
OPTSTK,DALBHARAT,27-Jun-2024,1700.0,CE,0.0,0.0,0.0,176.15,160.3,0,0.0,0,0,06-MAY-2024,
OPTSTK,DALBHARAT,27-Jun-2024,1720.0,CE,0.0,0.0,0.0,290.3,147.55,0,0.0,0,0,06-MAY-2024,
OPTSTK,DALBHARAT,27-Jun-2024,1740.0,CE,0.0,0.0,0.0,150.85,135.5,0,0.0,0,0,06-MAY-2024,
OPTSTK,DALBHARAT,27-Jun-2024,1760.0,CE,0.0,0.0,0.0,261.15,124.1,0,0.0,0,0,06-MAY-2024,
OPTSTK,DALBHARAT,27-Jun-2024,1780.0,CE,0.0,0.0,0.0,128.0,113.3,0,0.0,0,0,06-MAY-2024,
OPTSTK,DALBHARAT,27-Jun-2024,1800.0,CE,0.0,0.0,0.0,233.6,103.2,0,0.0,0,0,06-MAY-2024,
OPTSTK,DALBHARAT,27-Jun-2024,1820.0,CE,0.0,0.0,0.0,107.6,93.75,0,0.0,0,0,06-MAY-2024,
OPTSTK,DALBHARAT,27-Jun-2024,1840.0,CE,0.0,0.0,0.0,207.95,84.9,0,0.0,0,0,06-MAY-2024,
OPTSTK,DALBHARAT,27-Jun-2024,1860.0,CE,0.0,0.0,0.0,89.6,76.7,0,0.0,0,0,06-MAY-2024,
OPTSTK,DALBHARAT,27-Jun-2024,1880.0,CE,0.0,0.0,0.0,184.2,69.1,0,0.0,0,0,06-MAY-2024,
OPTSTK,DALBHARAT,27-Jun-2024,1900.0,CE,0.0,0.0,0.0,73.95,62.1,0,0.0,0,0,06-MAY-2024,
OPTSTK,DALBHARAT,27-Jun-2024,1920.0,CE,0.0,0.0,0.0,162.3,55.65,0,0.0,0,0,06-MAY-2024,
OPTSTK,DALBHARAT,27-Jun-2024,1940.0,CE,0.0,0.0,0.0,60.45,49.75,0,0.0,0,0,06-MAY-2024,
OPTSTK,DALBHARAT,27-Jun-2024,1960.0,CE,0.0,0.0,0.0,142.25,44.35,0,0.0,0,0,06-MAY-2024,
OPTSTK,DALBHARAT,27-Jun-2024,1980.0,CE,0.0,0.0,0.0,49.0,39.55,0,0.0,0,0,06-MAY-2024,
OPTSTK,DALBHARAT,27-Jun-2024,2000.0,CE,0.0,0.0,0.0,124.1,35.1,0,0.0,0,0,06-MAY-2024,
OPTSTK,DALBHARAT,27-Jun-2024,2020.0,CE,0.0,0.0,0.0,39.45,31.0,0,0.0,0,0,06-MAY-2024,
OPTSTK,DALBHARAT,27-Jun-2024,2040.0,CE,0.0,0.0,0.0,107.7,27.35,0,0.0,0,0,06-MAY-2024,
OPTSTK,DALBHARAT,27-Jun-2024,2080.0,CE,0.0,0.0,0.0,93.05,21.2,0,0.0,0,0,06-MAY-2024,
OPTSTK,DALBHARAT,27-Jun-2024,2120.0,CE,0.0,0.0,0.0,80.0,16.25,0,0.0,0,0,06-MAY-2024,
OPTSTK,DALBHARAT,27-Jun-2024,1520.0,PE,0.0,0.0,0.0,8.3,10.15,0,0.0,0,0,06-MAY-2024,
OPTSTK,DALBHARAT,27-Jun-2024,1560.0,PE,0.0,0.0,0.0,11.8,15.2,0,0.0,0,0,06-MAY-2024,
OPTSTK,DALBHARAT,27-Jun-2024,1600.0,PE,0.0,0.0,0.0,19.0,22.0,0,0.0,1750,0,06-MAY-2024,
OPTSTK,DALBHARAT,27-Jun-2024,1620.0,PE,0.0,0.0,0.0,23.0,26.15,0,0.0,1000,0,06-MAY-2024,
OPTSTK,DALBHARAT,27-Jun-2024,1640.0,PE,0.0,0.0,0.0,21.9,30.85,0,0.0,0,0,06-MAY-2024,
OPTSTK,DALBHARAT,27-Jun-2024,1660.0,PE,0.0,0.0,0.0,36.6,36.1,0,0.0,0,0,06-MAY-2024,
OPTSTK,DALBHARAT,27-Jun-2024,1680.0,PE,37.0,37.0,17.0,17.0,41.85,2,8.53,0,0,06-MAY-2024,
OPTSTK,DALBHARAT,27-Jun-2024,1700.0,PE,0.0,0.0,0.0,41.95,48.3,0,0.0,1500,0,06-MAY-2024,
OPTSTK,DALBHARAT,27-Jun-2024,1720.0,PE,0.0,0.0,0.0,37.4,55.4,0,0.0,0,0,06-MAY-2024,
OPTSTK,DALBHARAT,27-Jun-2024,1740.0,PE,0.0,0.0,0.0,62.6,63.15,0,0.0,0,0,06-MAY-2024,
OPTSTK,DALBHARAT,27-Jun-2024,1760.0,PE,0.0,0.0,0.0,47.55,71.5,0,0.0,0,0,06-MAY-2024,
OPTSTK,DALBHARAT,27-Jun-2024,1780.0,PE,0.0,0.0,0.0,79.25,80.55,0,0.0,0,0,06-MAY-2024,
OPTSTK,DALBHARAT,27-Jun-2024,1800.0,PE,0.0,0.0,0.0,59.3,90.2,0,0.0,0,0,06-MAY-2024,
OPTSTK,DALBHARAT,27-Jun-2024,1820.0,PE,0.0,0.0,0.0,98.35,100.55,0,0.0,0,0,06-MAY-2024,
OPTSTK,DALBHARAT,27-Jun-2024,1840.0,PE,0.0,0.0,0.0,72.95,111.5,0,0.0,0,0,06-MAY-2024,
OPTSTK,DALBHARAT,27-Jun-2024,1860.0,PE,0.0,0.0,0.0,119.85,123.1,0,0.0,0,0,06-MAY-2024,
OPTSTK,DALBHARAT,27-Jun-2024,1880.0,PE,0.0,0.0,0.0,100.0,135.3,0,0.0,250,0,06-MAY-2024,
OPTSTK,DALBHARAT,27-Jun-2024,1900.0,PE,0.0,0.0,0.0,143.65,148.1,0,0.0,0,0,06-MAY-2024,
OPTSTK,DALBHARAT,27-Jun-2024,1920.0,PE,0.0,0.0,0.0,105.85,161.45,0,0.0,0,0,06-MAY-2024,
OPTSTK,DALBHARAT,27-Jun-2024,1940.0,PE,0.0,0.0,0.0,169.7,175.3,0,0.0,0,0,06-MAY-2024,
OPTSTK,DALBHARAT,27-Jun-2024,1960.0,PE,0.0,0.0,0.0,125.1,189.7,0,0.0,0,0,06-MAY-2024,
OPTSTK,DALBHARAT,27-Jun-2024,1980.0,PE,0.0,0.0,0.0,197.7,204.7,0,0.0,0,0,06-MAY-2024,
OPTSTK,DALBHARAT,27-Jun-2024,2000.0,PE,0.0,0.0,0.0,146.2,220.05,0,0.0,0,0,06-MAY-2024,
OPTSTK,DALBHARAT,27-Jun-2024,2020.0,PE,0.0,0.0,0.0,227.7,235.75,0,0.0,0,0,06-MAY-2024,
OPTSTK,DALBHARAT,27-Jun-2024,2040.0,PE,0.0,0.0,0.0,169.1,251.9,0,0.0,0,0,06-MAY-2024,
OPTSTK,DALBHARAT,27-Jun-2024,2080.0,PE,0.0,0.0,0.0,193.7,285.3,0,0.0,0,0,06-MAY-2024,
OPTSTK,DALBHARAT,27-Jun-2024,2120.0,PE,0.0,0.0,0.0,219.95,319.95,0,0.0,0,0,06-MAY-2024,
OPTSTK,DALBHARAT,25-Jul-2024,1440.0,CE,0.0,0.0,0.0,402.1,387.0,0,0.0,0,0,06-MAY-2024,
OPTSTK,DALBHARAT,25-Jul-2024,1520.0,CE,0.0,0.0,0.0,333.0,318.05,0,0.0,0,0,06-MAY-2024,
OPTSTK,DALBHARAT,25-Jul-2024,1600.0,CE,0.0,0.0,0.0,269.55,255.05,0,0.0,0,0,06-MAY-2024,
OPTSTK,DALBHARAT,25-Jul-2024,1640.0,CE,0.0,0.0,0.0,240.4,226.3,0,0.0,0,0,06-MAY-2024,
OPTSTK,DALBHARAT,25-Jul-2024,1680.0,CE,0.0,0.0,0.0,213.0,199.35,0,0.0,0,0,06-MAY-2024,
OPTSTK,DALBHARAT,25-Jul-2024,1720.0,CE,0.0,0.0,0.0,187.7,174.55,0,0.0,0,0,06-MAY-2024,
OPTSTK,DALBHARAT,25-Jul-2024,1760.0,CE,0.0,0.0,0.0,164.35,151.8,0,0.0,0,0,06-MAY-2024,
OPTSTK,DALBHARAT,25-Jul-2024,1800.0,CE,0.0,0.0,0.0,143.05,131.2,0,0.0,0,0,06-MAY-2024,
OPTSTK,DALBHARAT,25-Jul-2024,1840.0,CE,0.0,0.0,0.0,123.8,112.65,0,0.0,0,0,06-MAY-2024,
OPTSTK,DALBHARAT,25-Jul-2024,1880.0,CE,0.0,0.0,0.0,106.5,96.15,0,0.0,0,0,06-MAY-2024,
OPTSTK,DALBHARAT,25-Jul-2024,1920.0,CE,0.0,0.0,0.0,91.1,81.5,0,0.0,0,0,06-MAY-2024,
OPTSTK,DALBHARAT,25-Jul-2024,1960.0,CE,0.0,0.0,0.0,77.45,68.7,0,0.0,0,0,06-MAY-2024,
OPTSTK,DALBHARAT,25-Jul-2024,2000.0,CE,0.0,0.0,0.0,65.5,57.6,0,0.0,0,0,06-MAY-2024,
OPTSTK,DALBHARAT,25-Jul-2024,2040.0,CE,0.0,0.0,0.0,55.2,48.1,0,0.0,0,0,06-MAY-2024,
OPTSTK,DALBHARAT,25-Jul-2024,2080.0,CE,0.0,0.0,0.0,46.25,39.8,0,0.0,0,0,06-MAY-2024,
OPTSTK,DALBHARAT,25-Jul-2024,2160.0,CE,0.0,0.0,0.0,31.9,26.9,0,0.0,0,0,06-MAY-2024,
OPTSTK,DALBHARAT,25-Jul-2024,1440.0,PE,0.0,0.0,0.0,9.65,9.75,0,0.0,0,0,06-MAY-2024,
OPTSTK,DALBHARAT,25-Jul-2024,1520.0,PE,0.0,0.0,0.0,19.1,19.6,0,0.0,0,0,06-MAY-2024,
OPTSTK,DALBHARAT,25-Jul-2024,1600.0,PE,0.0,0.0,0.0,34.2,35.35,0,0.0,0,0,06-MAY-2024,
OPTSTK,DALBHARAT,25-Jul-2024,1640.0,PE,0.0,0.0,0.0,44.35,45.9,0,0.0,0,0,06-MAY-2024,
OPTSTK,DALBHARAT,25-Jul-2024,1680.0,PE,0.0,0.0,0.0,56.25,58.35,0,0.0,0,0,06-MAY-2024,
OPTSTK,DALBHARAT,25-Jul-2024,1720.0,PE,0.0,0.0,0.0,70.15,72.9,0,0.0,0,0,06-MAY-2024,
OPTSTK,DALBHARAT,25-Jul-2024,1760.0,PE,0.0,0.0,0.0,86.1,89.55,0,0.0,0,0,06-MAY-2024,
OPTSTK,DALBHARAT,25-Jul-2024,1800.0,PE,100.0,100.0,100.0,100.0,108.3,1,5.22,275,275,06-MAY-2024,
OPTSTK,DALBHARAT,25-Jul-2024,1840.0,PE,0.0,0.0,0.0,124.1,129.1,0,0.0,0,0,06-MAY-2024,
OPTSTK,DALBHARAT,25-Jul-2024,1880.0,PE,0.0,0.0,0.0,146.1,151.95,0,0.0,0,0,06-MAY-2024,
OPTSTK,DALBHARAT,25-Jul-2024,1920.0,PE,0.0,0.0,0.0,169.95,176.7,0,0.0,0,0,06-MAY-2024,
OPTSTK,DALBHARAT,25-Jul-2024,1960.0,PE,0.0,0.0,0.0,195.6,203.3,0,0.0,0,0,06-MAY-2024,
OPTSTK,DALBHARAT,25-Jul-2024,2000.0,PE,0.0,0.0,0.0,222.95,231.5,0,0.0,0,0,06-MAY-2024,
OPTSTK,DALBHARAT,25-Jul-2024,2040.0,PE,0.0,0.0,0.0,251.9,261.4,0,0.0,0,0,06-MAY-2024,
OPTSTK,DALBHARAT,25-Jul-2024,2080.0,PE,0.0,0.0,0.0,282.25,292.5,0,0.0,0,0,06-MAY-2024,
OPTSTK,DALBHARAT,25-Jul-2024,2160.0,PE,0.0,0.0,0.0,346.45,358.35,0,0.0,0,0,06-MAY-2024,
OPTSTK,DEEPAKNTR,30-May-2024,2120.0,CE,0.0,0.0,0.0,227.15,454.9,0,0.0,0,0,06-MAY-2024,
OPTSTK,DEEPAKNTR,30-May-2024,2140.0,CE,0.0,0.0,0.0,299.7,435.35,0,0.0,1200,0,06-MAY-2024,
OPTSTK,DEEPAKNTR,30-May-2024,2160.0,CE,0.0,0.0,0.0,204.35,415.95,0,0.0,0,0,06-MAY-2024,
OPTSTK,DEEPAKNTR,30-May-2024,2200.0,CE,410.0,415.0,410.0,415.0,377.55,2,15.67,3600,-300,06-MAY-2024,
OPTSTK,DEEPAKNTR,30-May-2024,2220.0,CE,0.0,0.0,0.0,90.9,358.6,0,0.0,0,0,06-MAY-2024,
OPTSTK,DEEPAKNTR,30-May-2024,2240.0,CE,0.0,0.0,0.0,254.4,339.9,0,0.0,300,0,06-MAY-2024,
OPTSTK,DEEPAKNTR,30-May-2024,2260.0,CE,301.7,301.7,301.7,301.7,321.45,2,15.37,2100,600,06-MAY-2024,
OPTSTK,DEEPAKNTR,30-May-2024,2280.0,CE,301.7,301.7,301.7,301.7,303.25,1,7.74,1500,300,06-MAY-2024,
OPTSTK,DEEPAKNTR,30-May-2024,2300.0,CE,285.0,335.0,285.0,311.95,285.4,20,157.04,28200,-1800,06-MAY-2024,
OPTSTK,DEEPAKNTR,30-May-2024,2320.0,CE,0.0,0.0,0.0,227.8,267.95,0,0.0,900,0,06-MAY-2024,
OPTSTK,DEEPAKNTR,30-May-2024,2340.0,CE,0.0,0.0,0.0,170.0,250.85,0,0.0,2700,0,06-MAY-2024,
OPTSTK,DEEPAKNTR,30-May-2024,2360.0,CE,293.05,293.05,260.0,260.0,234.25,5,39.54,3300,-300,06-MAY-2024,
OPTSTK,DEEPAKNTR,30-May-2024,2380.0,CE,244.05,249.9,224.6,224.6,218.1,6,47.13,3300,0,06-MAY-2024,
OPTSTK,DEEPAKNTR,30-May-2024,2400.0,CE,185.0,259.6,185.0,216.95,216.95,400,3145.85,56100,-30300,06-MAY-2024,
OPTSTK,DEEPAKNTR,30-May-2024,2420.0,CE,183.6,230.65,183.6,200.0,200.0,16,126.4,6600,0,06-MAY-2024,
OPTSTK,DEEPAKNTR,30-May-2024,2440.0,CE,136.0,230.0,136.0,188.2,172.9,64,506.18,6300,-2100,06-MAY-2024,
OPTSTK,DEEPAKNTR,30-May-2024,2460.0,CE,161.25,213.35,150.7,174.85,174.85,155,1229.96,7500,-8100,06-MAY-2024,
OPTSTK,DEEPAKNTR,30-May-2024,2480.0,CE,103.05,200.6,103.05,162.4,162.4,103,818.11,8700,-9900,06-MAY-2024,
OPTSTK,DEEPAKNTR,30-May-2024,2500.0,CE,97.7,190.0,97.7,149.15,149.15,2744,21865.65,126000,-85800,06-MAY-2024,
OPTSTK,DEEPAKNTR,30-May-2024,2520.0,CE,109.7,176.05,109.7,138.7,138.7,395,3153.77,23700,-1500,06-MAY-2024,
OPTSTK,DEEPAKNTR,30-May-2024,2540.0,CE,89.55,162.2,89.4,126.75,126.75,666,5337.66,27600,-6600,06-MAY-2024,
OPTSTK,DEEPAKNTR,30-May-2024,2560.0,CE,100.0,152.55,87.3,117.05,117.05,2057,16563.42,48600,29700,06-MAY-2024,
OPTSTK,DEEPAKNTR,30-May-2024,2580.0,CE,120.0,140.0,87.9,107.05,107.05,660,5327.93,24600,16500,06-MAY-2024,
OPTSTK,DEEPAKNTR,30-May-2024,2600.0,CE,55.0,130.0,55.0,97.9,97.9,16221,131835.14,314400,149400,06-MAY-2024,
OPTSTK,DEEPAKNTR,30-May-2024,2620.0,CE,99.95,120.25,74.3,89.5,89.5,1021,8328.79,28200,23700,06-MAY-2024,
OPTSTK,DEEPAKNTR,30-May-2024,2640.0,CE,55.0,110.65,55.0,81.8,81.8,1839,15056.79,48900,21900,06-MAY-2024,
OPTSTK,DEEPAKNTR,30-May-2024,2660.0,CE,101.65,102.0,60.5,73.9,73.9,235,1931.52,9900,7500,06-MAY-2024,
OPTSTK,DEEPAKNTR,30-May-2024,2680.0,CE,40.1,93.55,40.1,66.4,66.4,319,2636.61,36600,2100,06-MAY-2024,
OPTSTK,DEEPAKNTR,30-May-2024,2700.0,CE,34.0,86.0,34.0,60.45,60.45,5277,43827.12,120600,101400,06-MAY-2024,
OPTSTK,DEEPAKNTR,30-May-2024,2720.0,CE,37.0,77.4,37.0,54.2,54.2,329,2745.18,22200,-1800,06-MAY-2024,
OPTSTK,DEEPAKNTR,30-May-2024,2740.0,CE,57.65,69.35,40.05,49.55,49.55,37,310.22,3600,3600,06-MAY-2024,
OPTSTK,DEEPAKNTR,30-May-2024,2760.0,CE,28.0,63.35,28.0,43.75,43.75,625,5267.47,45900,4500,06-MAY-2024,
OPTSTK,DEEPAKNTR,30-May-2024,2780.0,CE,33.75,33.75,33.75,33.75,26.45,1,8.44,300,300,06-MAY-2024,
OPTSTK,DEEPAKNTR,30-May-2024,2800.0,CE,23.05,53.0,23.0,35.95,35.95,3966,33807.61,113400,58800,06-MAY-2024,
OPTSTK,DEEPAKNTR,30-May-2024,2820.0,CE,41.4,41.4,26.05,30.25,30.25,46,393.88,5700,5700,06-MAY-2024,
OPTSTK,DEEPAKNTR,30-May-2024,2840.0,CE,37.45,37.45,25.0,28.95,28.95,13,111.95,1500,1500,06-MAY-2024,
OPTSTK,DEEPAKNTR,30-May-2024,2860.0,CE,33.55,34.1,20.35,25.85,25.85,35,303.01,2400,2400,06-MAY-2024,
OPTSTK,DEEPAKNTR,30-May-2024,2880.0,CE,32.55,32.55,18.1,21.75,12.6,19,165.53,1800,1800,06-MAY-2024,
OPTSTK,DEEPAKNTR,30-May-2024,2900.0,CE,27.8,30.95,15.75,20.25,20.25,870,7633.38,21600,21600,06-MAY-2024,
OPTSTK,DEEPAKNTR,30-May-2024,2920.0,CE,23.55,25.55,14.4,18.05,18.05,264,2328.76,13800,13800,06-MAY-2024,
OPTSTK,DEEPAKNTR,30-May-2024,2000.0,PE,1.3,1.95,1.2,1.9,0.15,11,66.05,22200,0,06-MAY-2024,
OPTSTK,DEEPAKNTR,30-May-2024,2100.0,PE,3.0,4.3,2.0,3.9,3.9,79,498.47,26700,-2400,06-MAY-2024,
OPTSTK,DEEPAKNTR,30-May-2024,2120.0,PE,0.0,0.0,0.0,95.8,1.15,0,0.0,0,0,06-MAY-2024,
OPTSTK,DEEPAKNTR,30-May-2024,2140.0,PE,4.65,6.0,4.65,5.0,1.55,4,25.74,900,600,06-MAY-2024,
OPTSTK,DEEPAKNTR,30-May-2024,2160.0,PE,5.25,8.15,3.85,6.55,6.55,93,604.17,7500,-3000,06-MAY-2024,
OPTSTK,DEEPAKNTR,30-May-2024,2180.0,PE,4.7,8.75,4.7,7.1,7.1,43,282.12,10800,1800,06-MAY-2024,
OPTSTK,DEEPAKNTR,30-May-2024,2200.0,PE,11.0,11.0,5.4,8.3,8.3,988,6541.13,77700,-10800,06-MAY-2024,
OPTSTK,DEEPAKNTR,30-May-2024,2220.0,PE,6.75,12.1,6.75,10.15,10.15,83,554.92,10800,9300,06-MAY-2024,
OPTSTK,DEEPAKNTR,30-May-2024,2240.0,PE,9.85,14.55,9.85,14.55,5.6,11,74.33,2400,600,06-MAY-2024,
OPTSTK,DEEPAKNTR,30-May-2024,2260.0,PE,15.0,17.05,8.35,13.3,13.3,141,961.04,18300,-2400,06-MAY-2024,
OPTSTK,DEEPAKNTR,30-May-2024,2280.0,PE,12.85,19.2,11.7,16.0,16.0,30,206.53,5700,5400,06-MAY-2024,
OPTSTK,DEEPAKNTR,30-May-2024,2300.0,PE,20.0,23.25,10.95,18.65,18.65,772,5362.35,92100,10500,06-MAY-2024,
OPTSTK,DEEPAKNTR,30-May-2024,2320.0,PE,15.0,26.9,14.0,21.0,21.0,70,491.21,9600,3300,06-MAY-2024,
OPTSTK,DEEPAKNTR,30-May-2024,2340.0,PE,18.5,30.7,17.05,24.2,24.2,64,453.73,7500,600,06-MAY-2024,
OPTSTK,DEEPAKNTR,30-May-2024,2360.0,PE,20.25,35.6,18.25,27.65,27.65,150,1073.01,12600,900,06-MAY-2024,
OPTSTK,DEEPAKNTR,30-May-2024,2380.0,PE,56.7,56.7,22.6,33.2,33.2,126,911.02,13500,2400,06-MAY-2024,
OPTSTK,DEEPAKNTR,30-May-2024,2400.0,PE,37.0,46.35,24.05,37.05,37.05,1196,8727.25,73500,1200,06-MAY-2024,
OPTSTK,DEEPAKNTR,30-May-2024,2420.0,PE,29.05,52.95,27.95,42.9,42.9,55,405.66,4500,300,06-MAY-2024,
OPTSTK,DEEPAKNTR,30-May-2024,2440.0,PE,43.15,59.95,34.4,48.0,48.0,120,894.92,9900,1500,06-MAY-2024,
OPTSTK,DEEPAKNTR,30-May-2024,2460.0,PE,44.9,67.3,38.9,53.7,53.7,236,1776.66,17100,1800,06-MAY-2024,
OPTSTK,DEEPAKNTR,30-May-2024,2480.0,PE,50.0,74.4,44.55,60.35,60.35,132,1004.71,7200,600,06-MAY-2024,
OPTSTK,DEEPAKNTR,30-May-2024,2500.0,PE,61.0,84.85,48.5,68.05,68.05,1803,13874.4,83400,21000,06-MAY-2024,
OPTSTK,DEEPAKNTR,30-May-2024,2520.0,PE,62.45,93.65,55.25,75.6,75.6,127,989.29,6600,0,06-MAY-2024,
OPTSTK,DEEPAKNTR,30-May-2024,2540.0,PE,74.0,103.5,65.65,85.05,85.05,246,1940.77,9300,6300,06-MAY-2024,
OPTSTK,DEEPAKNTR,30-May-2024,2560.0,PE,80.0,114.7,71.7,95.05,95.05,627,5001.33,10500,7200,06-MAY-2024,
OPTSTK,DEEPAKNTR,30-May-2024,2580.0,PE,99.2,125.9,82.0,105.0,105.0,378,3039.72,6000,5400,06-MAY-2024,
OPTSTK,DEEPAKNTR,30-May-2024,2600.0,PE,100.35,138.9,90.0,114.85,114.85,1563,12695.92,33600,31500,06-MAY-2024,
OPTSTK,DEEPAKNTR,30-May-2024,2620.0,PE,110.35,150.2,100.95,126.2,126.2,167,1371.41,8100,7200,06-MAY-2024,
OPTSTK,DEEPAKNTR,30-May-2024,2640.0,PE,116.25,152.65,114.6,152.65,128.5,39,323.43,3900,3900,06-MAY-2024,
OPTSTK,DEEPAKNTR,30-May-2024,2660.0,PE,0.0,0.0,0.0,511.8,141.25,0,0.0,0,0,06-MAY-2024,
OPTSTK,DEEPAKNTR,30-May-2024,2680.0,PE,0.0,0.0,0.0,239.95,154.65,0,0.0,300,0,06-MAY-2024,
OPTSTK,DEEPAKNTR,30-May-2024,2700.0,PE,160.0,160.0,159.8,159.8,168.6,5,42.89,1500,1200,06-MAY-2024,
OPTSTK,DEEPAKNTR,30-May-2024,2720.0,PE,180.85,207.3,164.25,207.3,183.1,11,95.87,2100,600,06-MAY-2024,
OPTSTK,DEEPAKNTR,30-May-2024,2740.0,PE,0.0,0.0,0.0,587.1,198.3,0,0.0,0,0,06-MAY-2024,
OPTSTK,DEEPAKNTR,30-May-2024,2760.0,PE,0.0,0.0,0.0,308.0,213.7,0,0.0,3300,0,06-MAY-2024,
OPTSTK,DEEPAKNTR,30-May-2024,2780.0,PE,0.0,0.0,0.0,625.3,229.7,0,0.0,0,0,06-MAY-2024,
OPTSTK,DEEPAKNTR,30-May-2024,2800.0,PE,250.0,250.0,250.0,250.0,246.1,1,9.15,600,-300,06-MAY-2024,
OPTSTK,DEEPAKNTR,30-May-2024,2820.0,PE,0.0,0.0,0.0,590.5,262.95,0,0.0,0,0,06-MAY-2024,
OPTSTK,DEEPAKNTR,30-May-2024,2840.0,PE,306.9,306.9,287.7,287.7,280.1,4,37.7,900,900,06-MAY-2024,
OPTSTK,DEEPAKNTR,30-May-2024,2860.0,PE,329.7,329.7,329.7,329.7,297.6,2,19.13,600,600,06-MAY-2024,
OPTSTK,DEEPAKNTR,30-May-2024,2880.0,PE,0.0,0.0,0.0,632.2,315.4,0,0.0,0,0,06-MAY-2024,
OPTSTK,DEEPAKNTR,30-May-2024,2900.0,PE,0.0,0.0,0.0,579.7,333.45,0,0.0,0,0,06-MAY-2024,
OPTSTK,DEEPAKNTR,30-May-2024,2920.0,PE,0.0,0.0,0.0,668.85,351.75,0,0.0,0,0,06-MAY-2024,
OPTSTK,DEEPAKNTR,27-Jun-2024,2120.0,CE,0.0,0.0,0.0,166.2,474.55,0,0.0,0,0,06-MAY-2024,
OPTSTK,DEEPAKNTR,27-Jun-2024,2160.0,CE,0.0,0.0,0.0,146.85,438.3,0,0.0,0,0,06-MAY-2024,
OPTSTK,DEEPAKNTR,27-Jun-2024,2200.0,CE,0.0,0.0,0.0,129.2,403.0,0,0.0,0,0,06-MAY-2024,
OPTSTK,DEEPAKNTR,27-Jun-2024,2220.0,CE,0.0,0.0,0.0,278.85,385.75,0,0.0,0,0,06-MAY-2024,
OPTSTK,DEEPAKNTR,27-Jun-2024,2240.0,CE,0.0,0.0,0.0,113.2,368.8,0,0.0,0,0,06-MAY-2024,
OPTSTK,DEEPAKNTR,27-Jun-2024,2260.0,CE,0.0,0.0,0.0,250.65,352.15,0,0.0,0,0,06-MAY-2024,
OPTSTK,DEEPAKNTR,27-Jun-2024,2280.0,CE,0.0,0.0,0.0,98.75,335.85,0,0.0,0,0,06-MAY-2024,
OPTSTK,DEEPAKNTR,27-Jun-2024,2300.0,CE,0.0,0.0,0.0,224.2,319.9,0,0.0,0,0,06-MAY-2024,
OPTSTK,DEEPAKNTR,27-Jun-2024,2320.0,CE,0.0,0.0,0.0,85.8,304.3,0,0.0,0,0,06-MAY-2024,
OPTSTK,DEEPAKNTR,27-Jun-2024,2340.0,CE,0.0,0.0,0.0,199.6,289.05,0,0.0,0,0,06-MAY-2024,
OPTSTK,DEEPAKNTR,27-Jun-2024,2360.0,CE,0.0,0.0,0.0,74.3,274.3,0,0.0,0,0,06-MAY-2024,
OPTSTK,DEEPAKNTR,27-Jun-2024,2380.0,CE,0.0,0.0,0.0,176.75,259.9,0,0.0,0,0,06-MAY-2024,
OPTSTK,DEEPAKNTR,27-Jun-2024,2400.0,CE,0.0,0.0,0.0,64.15,245.8,0,0.0,0,0,06-MAY-2024,
OPTSTK,DEEPAKNTR,27-Jun-2024,2420.0,CE,0.0,0.0,0.0,155.75,232.25,0,0.0,0,0,06-MAY-2024,
OPTSTK,DEEPAKNTR,27-Jun-2024,2440.0,CE,0.0,0.0,0.0,55.15,219.15,0,0.0,0,0,06-MAY-2024,
OPTSTK,DEEPAKNTR,27-Jun-2024,2460.0,CE,0.0,0.0,0.0,136.5,206.5,0,0.0,0,0,06-MAY-2024,
OPTSTK,DEEPAKNTR,27-Jun-2024,2480.0,CE,0.0,0.0,0.0,47.1,194.3,0,0.0,0,0,06-MAY-2024,
OPTSTK,DEEPAKNTR,27-Jun-2024,2500.0,CE,227.4,227.4,210.0,225.0,182.6,4,32.61,900,300,06-MAY-2024,
OPTSTK,DEEPAKNTR,27-Jun-2024,2520.0,CE,0.0,0.0,0.0,40.2,171.35,0,0.0,0,0,06-MAY-2024,
OPTSTK,DEEPAKNTR,27-Jun-2024,2540.0,CE,0.0,0.0,0.0,103.3,160.55,0,0.0,0,0,06-MAY-2024,
OPTSTK,DEEPAKNTR,27-Jun-2024,2560.0,CE,0.0,0.0,0.0,34.15,150.25,0,0.0,0,0,06-MAY-2024,
OPTSTK,DEEPAKNTR,27-Jun-2024,2580.0,CE,0.0,0.0,0.0,89.2,140.35,0,0.0,0,0,06-MAY-2024,
OPTSTK,DEEPAKNTR,27-Jun-2024,2600.0,CE,184.45,189.95,150.0,185.0,185.0,154,1278.62,25800,24600,06-MAY-2024,
OPTSTK,DEEPAKNTR,27-Jun-2024,2620.0,CE,0.0,0.0,0.0,76.65,122.05,0,0.0,0,0,06-MAY-2024,
OPTSTK,DEEPAKNTR,27-Jun-2024,2640.0,CE,0.0,0.0,0.0,24.4,113.55,0,0.0,0,0,06-MAY-2024,
OPTSTK,DEEPAKNTR,27-Jun-2024,2660.0,CE,0.0,0.0,0.0,65.55,105.55,0,0.0,0,0,06-MAY-2024,
OPTSTK,DEEPAKNTR,27-Jun-2024,2680.0,CE,0.0,0.0,0.0,20.55,97.9,0,0.0,0,0,06-MAY-2024,
OPTSTK,DEEPAKNTR,27-Jun-2024,2700.0,CE,125.0,132.5,117.0,117.0,90.75,3,25.42,600,600,06-MAY-2024,
OPTSTK,DEEPAKNTR,27-Jun-2024,2720.0,CE,0.0,0.0,0.0,17.25,83.95,0,0.0,0,0,06-MAY-2024,
OPTSTK,DEEPAKNTR,27-Jun-2024,2740.0,CE,0.0,0.0,0.0,47.3,77.6,0,0.0,0,0,06-MAY-2024,
OPTSTK,DEEPAKNTR,27-Jun-2024,2760.0,CE,0.0,0.0,0.0,15.55,71.6,0,0.0,0,0,06-MAY-2024,
OPTSTK,DEEPAKNTR,27-Jun-2024,2780.0,CE,0.0,0.0,0.0,39.9,66.0,0,0.0,0,0,06-MAY-2024,
OPTSTK,DEEPAKNTR,27-Jun-2024,2800.0,CE,70.0,104.5,70.0,104.5,104.5,3,25.96,600,600,06-MAY-2024,
OPTSTK,DEEPAKNTR,27-Jun-2024,2820.0,CE,0.0,0.0,0.0,33.5,55.95,0,0.0,0,0,06-MAY-2024,
OPTSTK,DEEPAKNTR,27-Jun-2024,2840.0,CE,0.0,0.0,0.0,20.8,51.4,0,0.0,0,0,06-MAY-2024,
OPTSTK,DEEPAKNTR,27-Jun-2024,2860.0,CE,0.0,0.0,0.0,28.0,47.05,0,0.0,0,0,06-MAY-2024,
OPTSTK,DEEPAKNTR,27-Jun-2024,2880.0,CE,0.0,0.0,0.0,8.3,43.05,0,0.0,0,0,06-MAY-2024,
OPTSTK,DEEPAKNTR,27-Jun-2024,2900.0,CE,0.0,0.0,0.0,23.3,39.4,0,0.0,0,0,06-MAY-2024,
OPTSTK,DEEPAKNTR,27-Jun-2024,2920.0,CE,0.0,0.0,0.0,15.85,35.95,0,0.0,0,0,06-MAY-2024,
OPTSTK,DEEPAKNTR,27-Jun-2024,2120.0,PE,0.0,0.0,0.0,122.8,8.75,0,0.0,0,0,06-MAY-2024,
OPTSTK,DEEPAKNTR,27-Jun-2024,2160.0,PE,0.0,0.0,0.0,142.75,12.1,0,0.0,0,0,06-MAY-2024,
OPTSTK,DEEPAKNTR,27-Jun-2024,2200.0,PE,30.0,44.0,30.0,44.0,16.4,15,100.8,11400,900,06-MAY-2024,
OPTSTK,DEEPAKNTR,27-Jun-2024,2220.0,PE,0.0,0.0,0.0,48.25,18.95,0,0.0,0,0,06-MAY-2024,
OPTSTK,DEEPAKNTR,27-Jun-2024,2240.0,PE,0.0,0.0,0.0,187.7,21.75,0,0.0,0,0,06-MAY-2024,
OPTSTK,DEEPAKNTR,27-Jun-2024,2260.0,PE,0.0,0.0,0.0,59.5,24.9,0,0.0,0,0,06-MAY-2024,
OPTSTK,DEEPAKNTR,27-Jun-2024,2280.0,PE,0.0,0.0,0.0,212.5,28.4,0,0.0,0,0,06-MAY-2024,
OPTSTK,DEEPAKNTR,27-Jun-2024,2300.0,PE,50.0,50.0,50.0,50.0,32.25,2,14.1,600,600,06-MAY-2024,
OPTSTK,DEEPAKNTR,27-Jun-2024,2320.0,PE,0.0,0.0,0.0,238.85,36.4,0,0.0,0,0,06-MAY-2024,
OPTSTK,DEEPAKNTR,27-Jun-2024,2340.0,PE,0.0,0.0,0.0,87.45,41.0,0,0.0,0,0,06-MAY-2024,
OPTSTK,DEEPAKNTR,27-Jun-2024,2360.0,PE,0.0,0.0,0.0,266.6,46.05,0,0.0,0,0,06-MAY-2024,
OPTSTK,DEEPAKNTR,27-Jun-2024,2380.0,PE,0.0,0.0,0.0,104.1,51.4,0,0.0,0,0,06-MAY-2024,
OPTSTK,DEEPAKNTR,27-Jun-2024,2400.0,PE,60.0,90.0,60.0,85.0,57.1,7,51.91,1500,600,06-MAY-2024,
OPTSTK,DEEPAKNTR,27-Jun-2024,2420.0,PE,0.0,0.0,0.0,122.6,63.35,0,0.0,0,0,06-MAY-2024,
OPTSTK,DEEPAKNTR,27-Jun-2024,2440.0,PE,99.25,99.25,99.25,99.25,70.05,1,7.61,300,300,06-MAY-2024,
OPTSTK,DEEPAKNTR,27-Jun-2024,2460.0,PE,0.0,0.0,0.0,142.85,77.2,0,0.0,0,0,06-MAY-2024,
OPTSTK,DEEPAKNTR,27-Jun-2024,2480.0,PE,0.0,0.0,0.0,357.3,84.8,0,0.0,0,0,06-MAY-2024,
OPTSTK,DEEPAKNTR,27-Jun-2024,2500.0,PE,120.55,160.0,120.55,128.6,128.6,9,71.04,1200,1200,06-MAY-2024,
OPTSTK,DEEPAKNTR,27-Jun-2024,2520.0,PE,0.0,0.0,0.0,389.65,101.4,0,0.0,0,0,06-MAY-2024,
OPTSTK,DEEPAKNTR,27-Jun-2024,2540.0,PE,0.0,0.0,0.0,188.65,110.45,0,0.0,0,0,06-MAY-2024,
OPTSTK,DEEPAKNTR,27-Jun-2024,2560.0,PE,0.0,0.0,0.0,422.9,119.9,0,0.0,0,0,06-MAY-2024,
OPTSTK,DEEPAKNTR,27-Jun-2024,2580.0,PE,0.0,0.0,0.0,214.05,129.85,0,0.0,0,0,06-MAY-2024,
OPTSTK,DEEPAKNTR,27-Jun-2024,2600.0,PE,0.0,0.0,0.0,456.95,140.25,0,0.0,0,0,06-MAY-2024,
OPTSTK,DEEPAKNTR,27-Jun-2024,2620.0,PE,0.0,0.0,0.0,241.0,151.1,0,0.0,0,0,06-MAY-2024,
OPTSTK,DEEPAKNTR,27-Jun-2024,2640.0,PE,0.0,0.0,0.0,491.75,162.4,0,0.0,0,0,06-MAY-2024,
OPTSTK,DEEPAKNTR,27-Jun-2024,2660.0,PE,0.0,0.0,0.0,269.4,174.15,0,0.0,0,0,06-MAY-2024,
OPTSTK,DEEPAKNTR,27-Jun-2024,2680.0,PE,0.0,0.0,0.0,527.15,186.35,0,0.0,0,0,06-MAY-2024,
OPTSTK,DEEPAKNTR,27-Jun-2024,2700.0,PE,0.0,0.0,0.0,299.25,198.95,0,0.0,0,0,06-MAY-2024,
OPTSTK,DEEPAKNTR,27-Jun-2024,2720.0,PE,0.0,0.0,0.0,563.1,212.0,0,0.0,0,0,06-MAY-2024,
OPTSTK,DEEPAKNTR,27-Jun-2024,2740.0,PE,0.0,0.0,0.0,330.15,225.4,0,0.0,0,0,06-MAY-2024,
OPTSTK,DEEPAKNTR,27-Jun-2024,2760.0,PE,0.0,0.0,0.0,584.5,239.2,0,0.0,0,0,06-MAY-2024,
OPTSTK,DEEPAKNTR,27-Jun-2024,2780.0,PE,0.0,0.0,0.0,362.25,253.4,0,0.0,0,0,06-MAY-2024,
OPTSTK,DEEPAKNTR,27-Jun-2024,2800.0,PE,0.0,0.0,0.0,636.45,267.9,0,0.0,0,0,06-MAY-2024,
OPTSTK,DEEPAKNTR,27-Jun-2024,2820.0,PE,0.0,0.0,0.0,395.35,282.95,0,0.0,0,0,06-MAY-2024,
OPTSTK,DEEPAKNTR,27-Jun-2024,2840.0,PE,0.0,0.0,0.0,520.3,298.15,0,0.0,0,0,06-MAY-2024,
OPTSTK,DEEPAKNTR,27-Jun-2024,2860.0,PE,0.0,0.0,0.0,429.35,313.6,0,0.0,0,0,06-MAY-2024,
OPTSTK,DEEPAKNTR,27-Jun-2024,2880.0,PE,0.0,0.0,0.0,711.3,329.45,0,0.0,0,0,06-MAY-2024,
OPTSTK,DEEPAKNTR,27-Jun-2024,2900.0,PE,0.0,0.0,0.0,464.15,345.55,0,0.0,0,0,06-MAY-2024,
OPTSTK,DEEPAKNTR,27-Jun-2024,2920.0,PE,0.0,0.0,0.0,576.25,361.95,0,0.0,0,0,06-MAY-2024,
OPTSTK,DEEPAKNTR,25-Jul-2024,2080.0,CE,0.0,0.0,0.0,413.55,531.55,0,0.0,0,0,06-MAY-2024,
OPTSTK,DEEPAKNTR,25-Jul-2024,2160.0,CE,0.0,0.0,0.0,351.95,462.35,0,0.0,0,0,06-MAY-2024,
OPTSTK,DEEPAKNTR,25-Jul-2024,2240.0,CE,0.0,0.0,0.0,295.55,397.2,0,0.0,0,0,06-MAY-2024,
OPTSTK,DEEPAKNTR,25-Jul-2024,2280.0,CE,0.0,0.0,0.0,269.55,366.35,0,0.0,0,0,06-MAY-2024,
OPTSTK,DEEPAKNTR,25-Jul-2024,2320.0,CE,0.0,0.0,0.0,245.0,336.9,0,0.0,0,0,06-MAY-2024,
OPTSTK,DEEPAKNTR,25-Jul-2024,2360.0,CE,0.0,0.0,0.0,222.0,308.65,0,0.0,0,0,06-MAY-2024,
OPTSTK,DEEPAKNTR,25-Jul-2024,2400.0,CE,0.0,0.0,0.0,200.45,281.75,0,0.0,0,0,06-MAY-2024,
OPTSTK,DEEPAKNTR,25-Jul-2024,2440.0,CE,0.0,0.0,0.0,180.4,256.45,0,0.0,0,0,06-MAY-2024,
OPTSTK,DEEPAKNTR,25-Jul-2024,2480.0,CE,0.0,0.0,0.0,161.85,232.6,0,0.0,0,0,06-MAY-2024,
OPTSTK,DEEPAKNTR,25-Jul-2024,2520.0,CE,0.0,0.0,0.0,144.75,210.3,0,0.0,0,0,06-MAY-2024,
OPTSTK,DEEPAKNTR,25-Jul-2024,2560.0,CE,0.0,0.0,0.0,129.05,189.45,0,0.0,0,0,06-MAY-2024,
OPTSTK,DEEPAKNTR,25-Jul-2024,2600.0,CE,0.0,0.0,0.0,114.7,170.15,0,0.0,0,0,06-MAY-2024,
OPTSTK,DEEPAKNTR,25-Jul-2024,2640.0,CE,0.0,0.0,0.0,101.65,152.3,0,0.0,0,0,06-MAY-2024,
OPTSTK,DEEPAKNTR,25-Jul-2024,2680.0,CE,0.0,0.0,0.0,89.8,135.85,0,0.0,0,0,06-MAY-2024,
OPTSTK,DEEPAKNTR,25-Jul-2024,2720.0,CE,0.0,0.0,0.0,79.1,120.8,0,0.0,0,0,06-MAY-2024,
OPTSTK,DEEPAKNTR,25-Jul-2024,2760.0,CE,0.0,0.0,0.0,69.6,107.1,0,0.0,0,0,06-MAY-2024,
OPTSTK,DEEPAKNTR,25-Jul-2024,2800.0,CE,0.0,0.0,0.0,61.0,94.65,0,0.0,0,0,06-MAY-2024,
OPTSTK,DEEPAKNTR,25-Jul-2024,2840.0,CE,0.0,0.0,0.0,53.25,83.35,0,0.0,0,0,06-MAY-2024,
OPTSTK,DEEPAKNTR,25-Jul-2024,2880.0,CE,0.0,0.0,0.0,46.4,73.35,0,0.0,0,0,06-MAY-2024,
OPTSTK,DEEPAKNTR,25-Jul-2024,2920.0,CE,0.0,0.0,0.0,40.35,64.3,0,0.0,0,0,06-MAY-2024,
OPTSTK,DEEPAKNTR,25-Jul-2024,2080.0,PE,0.0,0.0,0.0,33.2,14.75,0,0.0,0,0,06-MAY-2024,
OPTSTK,DEEPAKNTR,25-Jul-2024,2160.0,PE,0.0,0.0,0.0,50.15,24.25,0,0.0,0,0,06-MAY-2024,
OPTSTK,DEEPAKNTR,25-Jul-2024,2240.0,PE,0.0,0.0,0.0,72.3,37.85,0,0.0,0,0,06-MAY-2024,
OPTSTK,DEEPAKNTR,25-Jul-2024,2280.0,PE,0.0,0.0,0.0,85.6,46.35,0,0.0,0,0,06-MAY-2024,
OPTSTK,DEEPAKNTR,25-Jul-2024,2320.0,PE,0.0,0.0,0.0,100.3,56.25,0,0.0,0,0,06-MAY-2024,
OPTSTK,DEEPAKNTR,25-Jul-2024,2360.0,PE,0.0,0.0,0.0,116.55,67.4,0,0.0,0,0,06-MAY-2024,
OPTSTK,DEEPAKNTR,25-Jul-2024,2400.0,PE,0.0,0.0,0.0,134.3,79.85,0,0.0,0,0,06-MAY-2024,
OPTSTK,DEEPAKNTR,25-Jul-2024,2440.0,PE,0.0,0.0,0.0,153.55,93.9,0,0.0,0,0,06-MAY-2024,
OPTSTK,DEEPAKNTR,25-Jul-2024,2480.0,PE,0.0,0.0,0.0,174.25,109.45,0,0.0,0,0,06-MAY-2024,
OPTSTK,DEEPAKNTR,25-Jul-2024,2520.0,PE,0.0,0.0,0.0,196.45,126.5,0,0.0,0,0,06-MAY-2024,
OPTSTK,DEEPAKNTR,25-Jul-2024,2560.0,PE,0.0,0.0,0.0,220.0,145.05,0,0.0,0,0,06-MAY-2024,
OPTSTK,DEEPAKNTR,25-Jul-2024,2600.0,PE,0.0,0.0,0.0,244.95,165.1,0,0.0,0,0,06-MAY-2024,
OPTSTK,DEEPAKNTR,25-Jul-2024,2640.0,PE,0.0,0.0,0.0,271.15,186.6,0,0.0,0,0,06-MAY-2024,
OPTSTK,DEEPAKNTR,25-Jul-2024,2680.0,PE,0.0,0.0,0.0,298.6,209.55,0,0.0,0,0,06-MAY-2024,
OPTSTK,DEEPAKNTR,25-Jul-2024,2720.0,PE,0.0,0.0,0.0,327.15,233.85,0,0.0,0,0,06-MAY-2024,
OPTSTK,DEEPAKNTR,25-Jul-2024,2760.0,PE,0.0,0.0,0.0,356.95,259.5,0,0.0,0,0,06-MAY-2024,
OPTSTK,DEEPAKNTR,25-Jul-2024,2800.0,PE,0.0,0.0,0.0,387.65,286.4,0,0.0,0,0,06-MAY-2024,
OPTSTK,DEEPAKNTR,25-Jul-2024,2840.0,PE,0.0,0.0,0.0,419.15,314.5,0,0.0,0,0,06-MAY-2024,
OPTSTK,DEEPAKNTR,25-Jul-2024,2880.0,PE,0.0,0.0,0.0,451.6,343.85,0,0.0,0,0,06-MAY-2024,
OPTSTK,DEEPAKNTR,25-Jul-2024,2920.0,PE,0.0,0.0,0.0,484.8,374.2,0,0.0,0,0,06-MAY-2024,
OPTSTK,DIVISLAB,30-May-2024,3200.0,CE,0.0,0.0,0.0,825.0,777.9,0,0.0,800,0,06-MAY-2024,
OPTSTK,DIVISLAB,30-May-2024,3480.0,CE,0.0,0.0,0.0,171.0,503.8,0,0.0,0,0,06-MAY-2024,
OPTSTK,DIVISLAB,30-May-2024,3500.0,CE,0.0,0.0,0.0,519.35,484.85,0,0.0,5000,0,06-MAY-2024,
OPTSTK,DIVISLAB,30-May-2024,3520.0,CE,0.0,0.0,0.0,152.65,466.05,0,0.0,0,0,06-MAY-2024,
OPTSTK,DIVISLAB,30-May-2024,3540.0,CE,0.0,0.0,0.0,370.0,447.45,0,0.0,200,0,06-MAY-2024,
OPTSTK,DIVISLAB,30-May-2024,3560.0,CE,0.0,0.0,0.0,135.75,429.05,0,0.0,0,0,06-MAY-2024,
OPTSTK,DIVISLAB,30-May-2024,3600.0,CE,0.0,0.0,0.0,480.05,392.85,0,0.0,5200,0,06-MAY-2024,
OPTSTK,DIVISLAB,30-May-2024,3640.0,CE,0.0,0.0,0.0,106.15,357.7,0,0.0,0,0,06-MAY-2024,
OPTSTK,DIVISLAB,30-May-2024,3680.0,CE,0.0,0.0,0.0,93.35,323.75,0,0.0,0,0,06-MAY-2024,
OPTSTK,DIVISLAB,30-May-2024,3700.0,CE,304.1,309.0,304.1,309.0,307.3,2,16.02,12200,-400,06-MAY-2024,
OPTSTK,DIVISLAB,30-May-2024,3720.0,CE,0.0,0.0,0.0,348.0,291.2,0,0.0,2000,0,06-MAY-2024,
OPTSTK,DIVISLAB,30-May-2024,3740.0,CE,0.0,0.0,0.0,294.1,275.5,0,0.0,2200,0,06-MAY-2024,
OPTSTK,DIVISLAB,30-May-2024,3760.0,CE,0.0,0.0,0.0,279.35,260.15,0,0.0,1400,0,06-MAY-2024,
OPTSTK,DIVISLAB,30-May-2024,3780.0,CE,0.0,0.0,0.0,264.7,245.4,0,0.0,2600,0,06-MAY-2024,
OPTSTK,DIVISLAB,30-May-2024,3800.0,CE,234.65,235.0,205.0,235.0,230.8,22,176.76,36000,-1600,06-MAY-2024,
OPTSTK,DIVISLAB,30-May-2024,3820.0,CE,0.0,0.0,0.0,231.95,216.85,0,0.0,4600,0,06-MAY-2024,
OPTSTK,DIVISLAB,30-May-2024,3840.0,CE,185.55,185.55,185.55,185.55,203.35,1,8.05,6000,-200,06-MAY-2024,
OPTSTK,DIVISLAB,30-May-2024,3860.0,CE,188.7,188.7,188.7,188.7,190.3,1,8.09,10200,200,06-MAY-2024,
OPTSTK,DIVISLAB,30-May-2024,3880.0,CE,178.85,178.85,178.85,178.85,177.8,2,16.23,2800,200,06-MAY-2024,
OPTSTK,DIVISLAB,30-May-2024,3900.0,CE,169.75,178.0,144.0,170.8,170.8,43,349.6,41400,-600,06-MAY-2024,
OPTSTK,DIVISLAB,30-May-2024,3920.0,CE,152.8,155.5,135.0,155.0,154.3,18,146.42,6200,-200,06-MAY-2024,
OPTSTK,DIVISLAB,30-May-2024,3940.0,CE,150.0,165.0,125.25,151.2,151.2,107,874.08,17800,-200,06-MAY-2024,
OPTSTK,DIVISLAB,30-May-2024,3960.0,CE,137.3,157.0,114.95,140.65,140.65,159,1303.23,13400,5200,06-MAY-2024,
OPTSTK,DIVISLAB,30-May-2024,3980.0,CE,129.9,147.4,106.0,130.25,130.25,74,607.98,11800,1800,06-MAY-2024,
OPTSTK,DIVISLAB,30-May-2024,4000.0,CE,120.0,136.25,97.4,121.7,121.7,1451,11947.4,187000,25000,06-MAY-2024,
OPTSTK,DIVISLAB,30-May-2024,4020.0,CE,110.3,125.8,92.45,113.4,113.4,30,247.7,16200,2200,06-MAY-2024,
OPTSTK,DIVISLAB,30-May-2024,4040.0,CE,102.0,116.4,85.0,103.4,103.4,138,1143.09,30000,-2400,06-MAY-2024,
OPTSTK,DIVISLAB,30-May-2024,4060.0,CE,94.35,105.0,78.85,96.5,96.5,41,340.2,40000,3200,06-MAY-2024,
OPTSTK,DIVISLAB,30-May-2024,4080.0,CE,90.8,93.0,70.0,89.5,89.5,21,174.84,39400,1800,06-MAY-2024,
OPTSTK,DIVISLAB,30-May-2024,4100.0,CE,79.95,93.0,63.65,81.5,81.5,478,3992.71,130600,3400,06-MAY-2024,
OPTSTK,DIVISLAB,30-May-2024,4120.0,CE,80.0,80.0,60.0,70.2,67.4,10,83.76,22000,0,06-MAY-2024,
OPTSTK,DIVISLAB,30-May-2024,4140.0,CE,59.0,69.0,59.0,68.35,68.35,4,33.64,6600,200,06-MAY-2024,
OPTSTK,DIVISLAB,30-May-2024,4160.0,CE,61.15,62.4,54.5,56.75,55.7,4,33.74,12200,0,06-MAY-2024,
OPTSTK,DIVISLAB,30-May-2024,4180.0,CE,55.05,58.0,54.0,54.5,50.65,10,84.71,2800,-800,06-MAY-2024,
OPTSTK,DIVISLAB,30-May-2024,4200.0,CE,51.3,59.2,39.7,51.55,51.55,438,3722.1,253600,600,06-MAY-2024,
OPTSTK,DIVISLAB,30-May-2024,4220.0,CE,47.05,47.05,47.05,47.05,41.3,1,8.53,3400,0,06-MAY-2024,
OPTSTK,DIVISLAB,30-May-2024,4240.0,CE,35.0,43.8,35.0,43.55,43.55,14,119.86,6800,600,06-MAY-2024,
OPTSTK,DIVISLAB,30-May-2024,4260.0,CE,37.0,44.85,30.9,30.9,33.45,17,146.15,3400,2600,06-MAY-2024,
OPTSTK,DIVISLAB,30-May-2024,4280.0,CE,31.0,35.7,30.65,35.15,35.15,7,60.37,18800,-200,06-MAY-2024,
OPTSTK,DIVISLAB,30-May-2024,4300.0,CE,31.0,37.5,25.6,32.8,32.8,185,1602.49,65800,2200,06-MAY-2024,
OPTSTK,DIVISLAB,30-May-2024,4320.0,CE,24.0,29.8,24.0,29.3,29.3,18,156.55,71600,-400,06-MAY-2024,
OPTSTK,DIVISLAB,30-May-2024,4360.0,CE,23.2,23.2,23.2,23.2,19.05,1,8.76,2600,200,06-MAY-2024,
OPTSTK,DIVISLAB,30-May-2024,4400.0,CE,17.1,23.8,15.3,19.95,19.95,118,1042.89,50000,1200,06-MAY-2024,
OPTSTK,DIVISLAB,30-May-2024,4440.0,CE,16.8,16.8,15.85,15.95,11.7,3,26.73,800,0,06-MAY-2024,
OPTSTK,DIVISLAB,30-May-2024,4480.0,CE,0.0,0.0,0.0,14.0,9.05,0,0.0,4000,0,06-MAY-2024,
OPTSTK,DIVISLAB,30-May-2024,4500.0,CE,8.55,14.65,8.55,12.6,12.6,181,1633.48,63400,13600,06-MAY-2024,
OPTSTK,DIVISLAB,30-May-2024,4540.0,CE,0.0,0.0,0.0,22.5,6.05,0,0.0,2200,0,06-MAY-2024,
OPTSTK,DIVISLAB,30-May-2024,4560.0,CE,11.0,11.0,7.85,9.05,9.05,104,950.33,64400,12200,06-MAY-2024,
OPTSTK,DIVISLAB,30-May-2024,3200.0,PE,1.3,1.3,1.3,1.3,0.2,2,12.8,7200,0,06-MAY-2024,
OPTSTK,DIVISLAB,30-May-2024,3380.0,PE,0.0,0.0,0.0,3.25,1.75,0,0.0,0,0,06-MAY-2024,
OPTSTK,DIVISLAB,30-May-2024,3400.0,PE,6.0,6.0,5.05,5.4,5.4,7,47.67,20000,0,06-MAY-2024,
OPTSTK,DIVISLAB,30-May-2024,3480.0,PE,0.0,0.0,0.0,163.2,4.8,0,0.0,0,0,06-MAY-2024,
OPTSTK,DIVISLAB,30-May-2024,3500.0,PE,8.75,13.0,8.75,10.4,10.4,84,589.78,67000,-7400,06-MAY-2024,
OPTSTK,DIVISLAB,30-May-2024,3520.0,PE,0.0,0.0,0.0,184.35,6.9,0,0.0,0,0,06-MAY-2024,
OPTSTK,DIVISLAB,30-May-2024,3560.0,PE,0.0,0.0,0.0,206.95,9.65,0,0.0,0,0,06-MAY-2024,
OPTSTK,DIVISLAB,30-May-2024,3580.0,PE,0.0,0.0,0.0,14.5,11.35,0,0.0,4800,0,06-MAY-2024,
OPTSTK,DIVISLAB,30-May-2024,3600.0,PE,18.0,23.2,14.95,19.7,19.7,53,383.66,54000,-800,06-MAY-2024,
OPTSTK,DIVISLAB,30-May-2024,3640.0,PE,23.8,24.5,23.35,23.55,17.95,15,109.92,3600,400,06-MAY-2024,
OPTSTK,DIVISLAB,30-May-2024,3660.0,PE,0.0,0.0,0.0,22.5,20.75,0,0.0,5600,0,06-MAY-2024,
OPTSTK,DIVISLAB,30-May-2024,3680.0,PE,0.0,0.0,0.0,28.7,23.85,0,0.0,3200,0,06-MAY-2024,
OPTSTK,DIVISLAB,30-May-2024,3700.0,PE,36.7,39.6,31.9,33.65,33.65,62,463.01,72600,-1200,06-MAY-2024,
OPTSTK,DIVISLAB,30-May-2024,3720.0,PE,39.1,39.1,39.1,39.1,39.1,1,7.51,1600,200,06-MAY-2024,
OPTSTK,DIVISLAB,30-May-2024,3740.0,PE,42.1,42.1,41.35,41.75,41.75,2,15.12,5400,-200,06-MAY-2024,
OPTSTK,DIVISLAB,30-May-2024,3760.0,PE,0.0,0.0,0.0,41.6,39.9,0,0.0,10800,0,06-MAY-2024,
OPTSTK,DIVISLAB,30-May-2024,3780.0,PE,0.0,0.0,0.0,47.45,45.05,0,0.0,3800,0,06-MAY-2024,
OPTSTK,DIVISLAB,30-May-2024,3800.0,PE,54.6,68.0,46.6,57.05,57.05,170,1311.47,88600,7200,06-MAY-2024,
OPTSTK,DIVISLAB,30-May-2024,3820.0,PE,65.0,70.15,52.5,62.8,62.8,7,54.33,14000,600,06-MAY-2024,
OPTSTK,DIVISLAB,30-May-2024,3840.0,PE,76.65,81.0,68.0,68.0,68.0,19,148.61,7800,600,06-MAY-2024,
OPTSTK,DIVISLAB,30-May-2024,3860.0,PE,74.65,88.05,70.9,75.3,69.55,6,47.24,13600,400,06-MAY-2024,
OPTSTK,DIVISLAB,30-May-2024,3880.0,PE,87.75,87.75,82.0,82.0,82.0,2,15.85,5000,0,06-MAY-2024,
OPTSTK,DIVISLAB,30-May-2024,3900.0,PE,90.5,110.0,78.0,91.9,91.9,467,3732.38,44600,-5400,06-MAY-2024,
OPTSTK,DIVISLAB,30-May-2024,3920.0,PE,90.0,120.0,88.15,102.95,102.95,57,458.86,8000,200,06-MAY-2024,
OPTSTK,DIVISLAB,30-May-2024,3940.0,PE,93.05,126.2,93.0,108.4,108.4,36,291.73,7000,0,06-MAY-2024,
OPTSTK,DIVISLAB,30-May-2024,3960.0,PE,112.0,136.0,103.1,119.75,119.75,65,530.29,12800,3000,06-MAY-2024,
OPTSTK,DIVISLAB,30-May-2024,3980.0,PE,124.5,133.5,124.5,127.5,127.5,14,115.02,5000,1200,06-MAY-2024,
OPTSTK,DIVISLAB,30-May-2024,4000.0,PE,131.05,161.35,120.8,140.7,140.7,112,927.75,60200,1000,06-MAY-2024,
OPTSTK,DIVISLAB,30-May-2024,4020.0,PE,159.95,160.0,141.55,149.45,143.1,4,33.38,4800,200,06-MAY-2024,
OPTSTK,DIVISLAB,30-May-2024,4040.0,PE,0.0,0.0,0.0,140.05,154.6,0,0.0,3000,0,06-MAY-2024,
OPTSTK,DIVISLAB,30-May-2024,4060.0,PE,0.0,0.0,0.0,185.0,166.6,0,0.0,20400,0,06-MAY-2024,
OPTSTK,DIVISLAB,30-May-2024,4080.0,PE,0.0,0.0,0.0,211.6,179.05,0,0.0,2200,0,06-MAY-2024,
OPTSTK,DIVISLAB,30-May-2024,4100.0,PE,186.0,213.0,186.0,213.0,192.0,9,77.48,21600,0,06-MAY-2024,
OPTSTK,DIVISLAB,30-May-2024,4120.0,PE,0.0,0.0,0.0,170.3,205.45,0,0.0,400,0,06-MAY-2024,
OPTSTK,DIVISLAB,30-May-2024,4140.0,PE,0.0,0.0,0.0,660.65,219.3,0,0.0,0,0,06-MAY-2024,
OPTSTK,DIVISLAB,30-May-2024,4160.0,PE,232.75,232.75,232.75,232.75,233.55,1,8.78,400,200,06-MAY-2024,
OPTSTK,DIVISLAB,30-May-2024,4180.0,PE,0.0,0.0,0.0,587.55,248.45,0,0.0,0,0,06-MAY-2024,
OPTSTK,DIVISLAB,30-May-2024,4200.0,PE,284.6,284.6,284.6,284.6,263.55,1,8.96,8400,0,06-MAY-2024,
OPTSTK,DIVISLAB,30-May-2024,4220.0,PE,0.0,0.0,0.0,286.6,278.85,0,0.0,200,0,06-MAY-2024,
OPTSTK,DIVISLAB,30-May-2024,4240.0,PE,0.0,0.0,0.0,276.9,294.7,0,0.0,1600,0,06-MAY-2024,
OPTSTK,DIVISLAB,30-May-2024,4260.0,PE,0.0,0.0,0.0,310.0,310.85,0,0.0,200,0,06-MAY-2024,
OPTSTK,DIVISLAB,30-May-2024,4280.0,PE,0.0,0.0,0.0,280.4,327.3,0,0.0,1200,0,06-MAY-2024,
OPTSTK,DIVISLAB,30-May-2024,4320.0,PE,0.0,0.0,0.0,829.35,361.1,0,0.0,0,0,06-MAY-2024,
OPTSTK,DIVISLAB,30-May-2024,4360.0,PE,0.0,0.0,0.0,867.6,395.95,0,0.0,0,0,06-MAY-2024,
OPTSTK,DIVISLAB,30-May-2024,4400.0,PE,0.0,0.0,0.0,435.0,431.75,0,0.0,600,0,06-MAY-2024,
OPTSTK,DIVISLAB,30-May-2024,4440.0,PE,0.0,0.0,0.0,944.7,468.25,0,0.0,0,0,06-MAY-2024,
OPTSTK,DIVISLAB,30-May-2024,4480.0,PE,0.0,0.0,0.0,983.45,505.45,0,0.0,0,0,06-MAY-2024,
OPTSTK,DIVISLAB,27-Jun-2024,3480.0,CE,0.0,0.0,0.0,215.75,540.95,0,0.0,0,0,06-MAY-2024,
OPTSTK,DIVISLAB,27-Jun-2024,3520.0,CE,0.0,0.0,0.0,197.0,506.55,0,0.0,0,0,06-MAY-2024,
OPTSTK,DIVISLAB,27-Jun-2024,3560.0,CE,0.0,0.0,0.0,179.5,473.0,0,0.0,0,0,06-MAY-2024,
OPTSTK,DIVISLAB,27-Jun-2024,3600.0,CE,0.0,0.0,0.0,163.15,440.45,0,0.0,0,0,06-MAY-2024,
OPTSTK,DIVISLAB,27-Jun-2024,3640.0,CE,0.0,0.0,0.0,147.9,408.9,0,0.0,0,0,06-MAY-2024,
OPTSTK,DIVISLAB,27-Jun-2024,3680.0,CE,0.0,0.0,0.0,133.8,378.5,0,0.0,0,0,06-MAY-2024,
OPTSTK,DIVISLAB,27-Jun-2024,3720.0,CE,0.0,0.0,0.0,120.8,349.4,0,0.0,0,0,06-MAY-2024,
OPTSTK,DIVISLAB,27-Jun-2024,3740.0,CE,0.0,0.0,0.0,272.45,335.1,0,0.0,0,0,06-MAY-2024,
OPTSTK,DIVISLAB,27-Jun-2024,3760.0,CE,0.0,0.0,0.0,108.75,321.25,0,0.0,0,0,06-MAY-2024,
OPTSTK,DIVISLAB,27-Jun-2024,3780.0,CE,0.0,0.0,0.0,249.35,307.75,0,0.0,0,0,06-MAY-2024,
OPTSTK,DIVISLAB,27-Jun-2024,3800.0,CE,0.0,0.0,0.0,97.75,294.6,0,0.0,0,0,06-MAY-2024,
OPTSTK,DIVISLAB,27-Jun-2024,3820.0,CE,0.0,0.0,0.0,227.55,281.8,0,0.0,0,0,06-MAY-2024,
OPTSTK,DIVISLAB,27-Jun-2024,3840.0,CE,0.0,0.0,0.0,87.8,269.3,0,0.0,0,0,06-MAY-2024,
OPTSTK,DIVISLAB,27-Jun-2024,3860.0,CE,0.0,0.0,0.0,207.1,257.15,0,0.0,0,0,06-MAY-2024,
OPTSTK,DIVISLAB,27-Jun-2024,3880.0,CE,0.0,0.0,0.0,78.6,245.35,0,0.0,0,0,06-MAY-2024,
OPTSTK,DIVISLAB,27-Jun-2024,3900.0,CE,0.0,0.0,0.0,187.9,233.95,0,0.0,0,0,06-MAY-2024,
OPTSTK,DIVISLAB,27-Jun-2024,3920.0,CE,0.0,0.0,0.0,70.1,222.85,0,0.0,0,0,06-MAY-2024,
OPTSTK,DIVISLAB,27-Jun-2024,3940.0,CE,0.0,0.0,0.0,170.0,212.1,0,0.0,0,0,06-MAY-2024,
OPTSTK,DIVISLAB,27-Jun-2024,3960.0,CE,0.0,0.0,0.0,62.45,201.7,0,0.0,0,0,06-MAY-2024,
OPTSTK,DIVISLAB,27-Jun-2024,3980.0,CE,0.0,0.0,0.0,153.4,191.65,0,0.0,0,0,06-MAY-2024,
OPTSTK,DIVISLAB,27-Jun-2024,4000.0,CE,210.0,212.0,210.0,212.0,181.95,3,25.26,2600,200,06-MAY-2024,
OPTSTK,DIVISLAB,27-Jun-2024,4020.0,CE,0.0,0.0,0.0,138.0,172.6,0,0.0,0,0,06-MAY-2024,
OPTSTK,DIVISLAB,27-Jun-2024,4040.0,CE,0.0,0.0,0.0,49.25,163.6,0,0.0,0,0,06-MAY-2024,
OPTSTK,DIVISLAB,27-Jun-2024,4060.0,CE,0.0,0.0,0.0,123.8,154.95,0,0.0,0,0,06-MAY-2024,
OPTSTK,DIVISLAB,27-Jun-2024,4080.0,CE,0.0,0.0,0.0,43.6,146.6,0,0.0,0,0,06-MAY-2024,
OPTSTK,DIVISLAB,27-Jun-2024,4100.0,CE,160.35,160.35,160.35,160.35,138.6,1,8.52,200,200,06-MAY-2024,
OPTSTK,DIVISLAB,27-Jun-2024,4120.0,CE,0.0,0.0,0.0,171.0,130.95,0,0.0,600,0,06-MAY-2024,
OPTSTK,DIVISLAB,27-Jun-2024,4140.0,CE,0.0,0.0,0.0,98.8,123.6,0,0.0,0,0,06-MAY-2024,
OPTSTK,DIVISLAB,27-Jun-2024,4160.0,CE,0.0,0.0,0.0,34.0,116.55,0,0.0,0,0,06-MAY-2024,
OPTSTK,DIVISLAB,27-Jun-2024,4180.0,CE,0.0,0.0,0.0,87.9,109.85,0,0.0,0,0,06-MAY-2024,
OPTSTK,DIVISLAB,27-Jun-2024,4200.0,CE,120.0,120.0,120.0,120.0,103.4,1,8.64,200,200,06-MAY-2024,
OPTSTK,DIVISLAB,27-Jun-2024,4220.0,CE,0.0,0.0,0.0,78.15,97.3,0,0.0,0,0,06-MAY-2024,
OPTSTK,DIVISLAB,27-Jun-2024,4240.0,CE,0.0,0.0,0.0,26.3,91.45,0,0.0,0,0,06-MAY-2024,
OPTSTK,DIVISLAB,27-Jun-2024,4260.0,CE,0.0,0.0,0.0,69.25,85.9,0,0.0,0,0,06-MAY-2024,
OPTSTK,DIVISLAB,27-Jun-2024,4280.0,CE,0.0,0.0,0.0,37.85,80.6,0,0.0,0,0,06-MAY-2024,
OPTSTK,DIVISLAB,27-Jun-2024,4320.0,CE,0.0,0.0,0.0,116.9,71.0,0,0.0,400,0,06-MAY-2024,
OPTSTK,DIVISLAB,27-Jun-2024,4360.0,CE,0.0,0.0,0.0,37.05,62.1,0,0.0,0,0,06-MAY-2024,
OPTSTK,DIVISLAB,27-Jun-2024,4400.0,CE,0.0,0.0,0.0,15.4,54.2,0,0.0,0,0,06-MAY-2024,
OPTSTK,DIVISLAB,27-Jun-2024,4440.0,CE,0.0,0.0,0.0,42.8,47.15,0,0.0,0,0,06-MAY-2024,
OPTSTK,DIVISLAB,27-Jun-2024,4480.0,CE,0.0,0.0,0.0,11.65,40.9,0,0.0,0,0,06-MAY-2024,
OPTSTK,DIVISLAB,27-Jun-2024,3480.0,PE,0.0,0.0,0.0,188.25,22.15,0,0.0,0,0,06-MAY-2024,
OPTSTK,DIVISLAB,27-Jun-2024,3520.0,PE,0.0,0.0,0.0,208.8,27.35,0,0.0,0,0,06-MAY-2024,
OPTSTK,DIVISLAB,27-Jun-2024,3560.0,PE,0.0,0.0,0.0,230.55,33.4,0,0.0,0,0,06-MAY-2024,
OPTSTK,DIVISLAB,27-Jun-2024,3600.0,PE,0.0,0.0,0.0,253.5,40.4,0,0.0,0,0,06-MAY-2024,
OPTSTK,DIVISLAB,27-Jun-2024,3640.0,PE,0.0,0.0,0.0,277.55,48.45,0,0.0,0,0,06-MAY-2024,
OPTSTK,DIVISLAB,27-Jun-2024,3680.0,PE,0.0,0.0,0.0,302.75,57.65,0,0.0,0,0,06-MAY-2024,
OPTSTK,DIVISLAB,27-Jun-2024,3720.0,PE,0.0,0.0,0.0,329.0,68.15,0,0.0,0,0,06-MAY-2024,
OPTSTK,DIVISLAB,27-Jun-2024,3740.0,PE,0.0,0.0,0.0,121.8,73.6,0,0.0,0,0,06-MAY-2024,
OPTSTK,DIVISLAB,27-Jun-2024,3760.0,PE,0.0,0.0,0.0,356.25,79.55,0,0.0,0,0,06-MAY-2024,
OPTSTK,DIVISLAB,27-Jun-2024,3780.0,PE,0.0,0.0,0.0,138.15,85.85,0,0.0,0,0,06-MAY-2024,
OPTSTK,DIVISLAB,27-Jun-2024,3800.0,PE,0.0,0.0,0.0,384.5,92.5,0,0.0,0,0,06-MAY-2024,
OPTSTK,DIVISLAB,27-Jun-2024,3820.0,PE,0.0,0.0,0.0,155.85,99.5,0,0.0,0,0,06-MAY-2024,
OPTSTK,DIVISLAB,27-Jun-2024,3840.0,PE,0.0,0.0,0.0,413.85,106.8,0,0.0,0,0,06-MAY-2024,
OPTSTK,DIVISLAB,27-Jun-2024,3860.0,PE,0.0,0.0,0.0,174.9,114.45,0,0.0,0,0,06-MAY-2024,
OPTSTK,DIVISLAB,27-Jun-2024,3880.0,PE,0.0,0.0,0.0,443.95,122.45,0,0.0,0,0,06-MAY-2024,
OPTSTK,DIVISLAB,27-Jun-2024,3900.0,PE,0.0,0.0,0.0,195.2,130.8,0,0.0,0,0,06-MAY-2024,
OPTSTK,DIVISLAB,27-Jun-2024,3920.0,PE,0.0,0.0,0.0,474.7,139.5,0,0.0,0,0,06-MAY-2024,
OPTSTK,DIVISLAB,27-Jun-2024,3940.0,PE,0.0,0.0,0.0,216.8,148.55,0,0.0,0,0,06-MAY-2024,
OPTSTK,DIVISLAB,27-Jun-2024,3960.0,PE,0.0,0.0,0.0,506.35,157.95,0,0.0,0,0,06-MAY-2024,
OPTSTK,DIVISLAB,27-Jun-2024,3980.0,PE,0.0,0.0,0.0,239.7,167.7,0,0.0,0,0,06-MAY-2024,
OPTSTK,DIVISLAB,27-Jun-2024,4000.0,PE,0.0,0.0,0.0,160.0,177.8,0,0.0,200,0,06-MAY-2024,
OPTSTK,DIVISLAB,27-Jun-2024,4020.0,PE,0.0,0.0,0.0,263.8,188.25,0,0.0,0,0,06-MAY-2024,
OPTSTK,DIVISLAB,27-Jun-2024,4040.0,PE,0.0,0.0,0.0,571.75,199.0,0,0.0,0,0,06-MAY-2024,
OPTSTK,DIVISLAB,27-Jun-2024,4060.0,PE,0.0,0.0,0.0,289.1,210.15,0,0.0,0,0,06-MAY-2024,
OPTSTK,DIVISLAB,27-Jun-2024,4080.0,PE,0.0,0.0,0.0,605.4,221.6,0,0.0,0,0,06-MAY-2024,
OPTSTK,DIVISLAB,27-Jun-2024,4100.0,PE,0.0,0.0,0.0,315.55,233.4,0,0.0,0,0,06-MAY-2024,
OPTSTK,DIVISLAB,27-Jun-2024,4120.0,PE,0.0,0.0,0.0,639.6,245.55,0,0.0,0,0,06-MAY-2024,
OPTSTK,DIVISLAB,27-Jun-2024,4140.0,PE,0.0,0.0,0.0,343.1,258.0,0,0.0,0,0,06-MAY-2024,
OPTSTK,DIVISLAB,27-Jun-2024,4160.0,PE,0.0,0.0,0.0,674.35,270.75,0,0.0,0,0,06-MAY-2024,
OPTSTK,DIVISLAB,27-Jun-2024,4180.0,PE,0.0,0.0,0.0,371.7,283.8,0,0.0,0,0,06-MAY-2024,
OPTSTK,DIVISLAB,27-Jun-2024,4200.0,PE,0.0,0.0,0.0,605.95,297.2,0,0.0,0,0,06-MAY-2024,
OPTSTK,DIVISLAB,27-Jun-2024,4220.0,PE,0.0,0.0,0.0,401.45,310.85,0,0.0,0,0,06-MAY-2024,
OPTSTK,DIVISLAB,27-Jun-2024,4240.0,PE,0.0,0.0,0.0,745.2,324.8,0,0.0,0,0,06-MAY-2024,
OPTSTK,DIVISLAB,27-Jun-2024,4260.0,PE,0.0,0.0,0.0,432.0,339.05,0,0.0,0,0,06-MAY-2024,
OPTSTK,DIVISLAB,27-Jun-2024,4280.0,PE,0.0,0.0,0.0,674.3,353.55,0,0.0,0,0,06-MAY-2024,
OPTSTK,DIVISLAB,27-Jun-2024,4320.0,PE,0.0,0.0,0.0,817.7,383.55,0,0.0,0,0,06-MAY-2024,
OPTSTK,DIVISLAB,27-Jun-2024,4360.0,PE,0.0,0.0,0.0,699.4,414.2,0,0.0,0,0,06-MAY-2024,
OPTSTK,DIVISLAB,27-Jun-2024,4400.0,PE,0.0,0.0,0.0,891.45,445.9,0,0.0,0,0,06-MAY-2024,
OPTSTK,DIVISLAB,27-Jun-2024,4440.0,PE,0.0,0.0,0.0,674.65,478.45,0,0.0,0,0,06-MAY-2024,
OPTSTK,DIVISLAB,27-Jun-2024,4480.0,PE,0.0,0.0,0.0,966.3,511.8,0,0.0,0,0,06-MAY-2024,
OPTSTK,DIVISLAB,25-Jul-2024,3440.0,CE,0.0,0.0,0.0,524.25,611.9,0,0.0,0,0,06-MAY-2024,
OPTSTK,DIVISLAB,25-Jul-2024,3520.0,CE,0.0,0.0,0.0,464.6,546.4,0,0.0,0,0,06-MAY-2024,
OPTSTK,DIVISLAB,25-Jul-2024,3600.0,CE,0.0,0.0,0.0,408.5,484.3,0,0.0,0,0,06-MAY-2024,
OPTSTK,DIVISLAB,25-Jul-2024,3680.0,CE,0.0,0.0,0.0,356.75,426.15,0,0.0,0,0,06-MAY-2024,
OPTSTK,DIVISLAB,25-Jul-2024,3720.0,CE,0.0,0.0,0.0,332.45,398.35,0,0.0,0,0,06-MAY-2024,
OPTSTK,DIVISLAB,25-Jul-2024,3760.0,CE,0.0,0.0,0.0,309.25,371.8,0,0.0,0,0,06-MAY-2024,
OPTSTK,DIVISLAB,25-Jul-2024,3800.0,CE,0.0,0.0,0.0,287.15,346.35,0,0.0,0,0,06-MAY-2024,
OPTSTK,DIVISLAB,25-Jul-2024,3840.0,CE,0.0,0.0,0.0,266.15,321.95,0,0.0,0,0,06-MAY-2024,
OPTSTK,DIVISLAB,25-Jul-2024,3880.0,CE,0.0,0.0,0.0,246.2,298.7,0,0.0,0,0,06-MAY-2024,
OPTSTK,DIVISLAB,25-Jul-2024,3920.0,CE,0.0,0.0,0.0,227.35,276.6,0,0.0,0,0,06-MAY-2024,
OPTSTK,DIVISLAB,25-Jul-2024,3960.0,CE,0.0,0.0,0.0,209.55,255.6,0,0.0,0,0,06-MAY-2024,
OPTSTK,DIVISLAB,25-Jul-2024,4000.0,CE,0.0,0.0,0.0,192.8,235.75,0,0.0,0,0,06-MAY-2024,
OPTSTK,DIVISLAB,25-Jul-2024,4040.0,CE,0.0,0.0,0.0,177.1,216.95,0,0.0,0,0,06-MAY-2024,
OPTSTK,DIVISLAB,25-Jul-2024,4080.0,CE,0.0,0.0,0.0,162.35,199.3,0,0.0,0,0,06-MAY-2024,
OPTSTK,DIVISLAB,25-Jul-2024,4120.0,CE,0.0,0.0,0.0,148.6,182.7,0,0.0,0,0,06-MAY-2024,
OPTSTK,DIVISLAB,25-Jul-2024,4160.0,CE,0.0,0.0,0.0,135.75,167.2,0,0.0,0,0,06-MAY-2024,
OPTSTK,DIVISLAB,25-Jul-2024,4200.0,CE,0.0,0.0,0.0,123.8,152.65,0,0.0,0,0,06-MAY-2024,
OPTSTK,DIVISLAB,25-Jul-2024,4240.0,CE,0.0,0.0,0.0,112.7,139.15,0,0.0,0,0,06-MAY-2024,
OPTSTK,DIVISLAB,25-Jul-2024,4320.0,CE,0.0,0.0,0.0,93.15,114.9,0,0.0,0,0,06-MAY-2024,
OPTSTK,DIVISLAB,25-Jul-2024,4400.0,CE,0.0,0.0,0.0,76.25,94.4,0,0.0,0,0,06-MAY-2024,
OPTSTK,DIVISLAB,25-Jul-2024,4480.0,CE,0.0,0.0,0.0,62.1,76.75,0,0.0,0,0,06-MAY-2024,
OPTSTK,DIVISLAB,25-Jul-2024,3440.0,PE,0.0,0.0,0.0,58.3,34.55,0,0.0,0,0,06-MAY-2024,
OPTSTK,DIVISLAB,25-Jul-2024,3520.0,PE,0.0,0.0,0.0,77.25,47.8,0,0.0,0,0,06-MAY-2024,
OPTSTK,DIVISLAB,25-Jul-2024,3600.0,PE,0.0,0.0,0.0,99.7,64.45,0,0.0,0,0,06-MAY-2024,
OPTSTK,DIVISLAB,25-Jul-2024,3680.0,PE,0.0,0.0,0.0,126.5,85.0,0,0.0,0,0,06-MAY-2024,
OPTSTK,DIVISLAB,25-Jul-2024,3720.0,PE,0.0,0.0,0.0,141.5,96.6,0,0.0,0,0,06-MAY-2024,
OPTSTK,DIVISLAB,25-Jul-2024,3760.0,PE,0.0,0.0,0.0,157.55,109.4,0,0.0,0,0,06-MAY-2024,
OPTSTK,DIVISLAB,25-Jul-2024,3800.0,PE,0.0,0.0,0.0,174.75,123.3,0,0.0,0,0,06-MAY-2024,
OPTSTK,DIVISLAB,25-Jul-2024,3840.0,PE,0.0,0.0,0.0,193.0,138.3,0,0.0,0,0,06-MAY-2024,
OPTSTK,DIVISLAB,25-Jul-2024,3880.0,PE,0.0,0.0,0.0,212.35,154.45,0,0.0,0,0,06-MAY-2024,
OPTSTK,DIVISLAB,25-Jul-2024,3920.0,PE,0.0,0.0,0.0,232.75,171.7,0,0.0,0,0,06-MAY-2024,
OPTSTK,DIVISLAB,25-Jul-2024,3960.0,PE,0.0,0.0,0.0,254.25,190.05,0,0.0,0,0,06-MAY-2024,
OPTSTK,DIVISLAB,25-Jul-2024,4000.0,PE,0.0,0.0,0.0,200.0,209.55,0,0.0,200,0,06-MAY-2024,
OPTSTK,DIVISLAB,25-Jul-2024,4040.0,PE,0.0,0.0,0.0,300.3,230.15,0,0.0,0,0,06-MAY-2024,
OPTSTK,DIVISLAB,25-Jul-2024,4080.0,PE,0.0,0.0,0.0,324.85,251.85,0,0.0,0,0,06-MAY-2024,
OPTSTK,DIVISLAB,25-Jul-2024,4120.0,PE,0.0,0.0,0.0,350.35,274.65,0,0.0,0,0,06-MAY-2024,
OPTSTK,DIVISLAB,25-Jul-2024,4160.0,PE,0.0,0.0,0.0,376.8,298.45,0,0.0,0,0,06-MAY-2024,
OPTSTK,DIVISLAB,25-Jul-2024,4200.0,PE,0.0,0.0,0.0,404.15,323.35,0,0.0,0,0,06-MAY-2024,
OPTSTK,DIVISLAB,25-Jul-2024,4240.0,PE,0.0,0.0,0.0,432.3,349.15,0,0.0,0,0,06-MAY-2024,
OPTSTK,DIVISLAB,25-Jul-2024,4320.0,PE,0.0,0.0,0.0,491.35,403.65,0,0.0,0,0,06-MAY-2024,
OPTSTK,DIVISLAB,25-Jul-2024,4400.0,PE,0.0,0.0,0.0,553.0,461.9,0,0.0,0,0,06-MAY-2024,
OPTSTK,DIVISLAB,25-Jul-2024,4480.0,PE,0.0,0.0,0.0,617.35,522.95,0,0.0,0,0,06-MAY-2024,
OPTSTK,DIXON,30-May-2024,6400.0,CE,0.0,0.0,0.0,1707.0,2044.85,0,0.0,8900,0,06-MAY-2024,
OPTSTK,DIXON,30-May-2024,6600.0,CE,0.0,0.0,0.0,1926.85,1847.35,0,0.0,300,0,06-MAY-2024,
OPTSTK,DIXON,30-May-2024,6800.0,CE,0.0,0.0,0.0,600.0,1651.5,0,0.0,800,0,06-MAY-2024,
OPTSTK,DIXON,30-May-2024,7000.0,CE,0.0,0.0,0.0,1536.05,1458.7,0,0.0,5500,0,06-MAY-2024,
OPTSTK,DIXON,30-May-2024,7100.0,CE,0.0,0.0,0.0,1352.7,1364.0,0,0.0,700,0,06-MAY-2024,
OPTSTK,DIXON,30-May-2024,7200.0,CE,1230.0,1230.0,1230.0,1230.0,1270.75,3,25.29,2100,0,06-MAY-2024,
OPTSTK,DIXON,30-May-2024,7300.0,CE,0.0,0.0,0.0,1187.0,1179.3,0,0.0,1300,0,06-MAY-2024,
OPTSTK,DIXON,30-May-2024,7400.0,CE,0.0,0.0,0.0,1026.25,1090.0,0,0.0,1000,0,06-MAY-2024,
OPTSTK,DIXON,30-May-2024,7500.0,CE,999.8,999.8,999.8,999.8,1003.1,1,8.49,6100,-100,06-MAY-2024,
OPTSTK,DIXON,30-May-2024,7600.0,CE,0.0,0.0,0.0,910.0,919.0,0,0.0,2000,0,06-MAY-2024,
OPTSTK,DIXON,30-May-2024,7700.0,CE,0.0,0.0,0.0,771.4,838.05,0,0.0,5600,0,06-MAY-2024,
OPTSTK,DIXON,30-May-2024,7800.0,CE,754.25,754.25,754.25,754.25,760.5,1,8.55,16400,-100,06-MAY-2024,
OPTSTK,DIXON,30-May-2024,7900.0,CE,0.0,0.0,0.0,698.15,686.95,0,0.0,4800,0,06-MAY-2024,
OPTSTK,DIXON,30-May-2024,8000.0,CE,590.0,604.45,543.4,549.45,616.8,7,59.97,31100,-100,06-MAY-2024,
OPTSTK,DIXON,30-May-2024,8100.0,CE,533.0,533.0,468.5,515.0,515.0,4,34.38,9500,100,06-MAY-2024,
OPTSTK,DIXON,30-May-2024,8200.0,CE,495.7,495.7,416.5,437.0,490.0,27,233.55,9300,-600,06-MAY-2024,
OPTSTK,DIXON,30-May-2024,8300.0,CE,360.0,414.0,359.0,404.45,433.25,23,199.91,15400,-300,06-MAY-2024,
OPTSTK,DIXON,30-May-2024,8400.0,CE,378.15,399.3,310.0,348.95,348.95,404,3532.35,40600,1500,06-MAY-2024,
OPTSTK,DIXON,30-May-2024,8500.0,CE,331.55,347.25,264.75,304.55,304.55,977,8599.4,80700,1400,06-MAY-2024,
OPTSTK,DIXON,30-May-2024,8600.0,CE,286.2,298.85,226.15,261.55,261.55,160,1417.92,33200,1700,06-MAY-2024,
OPTSTK,DIXON,30-May-2024,8700.0,CE,241.0,261.0,194.45,225.6,225.6,139,1239.98,28600,3100,06-MAY-2024,
OPTSTK,DIXON,30-May-2024,8800.0,CE,210.7,222.0,164.5,190.15,190.15,418,3756.01,28000,1600,06-MAY-2024,
OPTSTK,DIXON,30-May-2024,8900.0,CE,176.85,176.85,140.0,164.65,164.65,69,624.87,18700,1700,06-MAY-2024,
OPTSTK,DIXON,30-May-2024,9000.0,CE,161.95,162.0,117.45,137.35,137.35,638,5827.9,121600,-5800,06-MAY-2024,
OPTSTK,DIXON,30-May-2024,9100.0,CE,155.4,155.4,100.75,113.35,113.35,77,709.19,10400,1100,06-MAY-2024,
OPTSTK,DIXON,30-May-2024,9200.0,CE,120.0,120.0,83.75,99.3,99.3,78,725.11,23200,-300,06-MAY-2024,
OPTSTK,DIXON,30-May-2024,9300.0,CE,90.0,90.0,70.0,80.0,80.0,58,543.87,28400,100,06-MAY-2024,
OPTSTK,DIXON,30-May-2024,9400.0,CE,64.0,70.2,59.7,66.6,66.6,27,255.56,3400,700,06-MAY-2024,
OPTSTK,DIXON,30-May-2024,9500.0,CE,64.1,67.9,49.1,55.9,55.9,163,1557.45,27400,-4200,06-MAY-2024,
OPTSTK,DIXON,30-May-2024,9600.0,CE,50.7,50.7,39.9,48.6,48.6,44,424.34,3000,-1300,06-MAY-2024,
OPTSTK,DIXON,30-May-2024,9700.0,CE,43.2,46.0,33.0,37.55,37.55,156,1519.14,36300,200,06-MAY-2024,
OPTSTK,DIXON,30-May-2024,6400.0,PE,4.0,4.5,2.9,2.9,1.05,5,32.01,4600,-200,06-MAY-2024,
OPTSTK,DIXON,30-May-2024,6600.0,PE,6.0,6.0,6.0,6.0,2.6,1,6.6,700,-100,06-MAY-2024,
OPTSTK,DIXON,30-May-2024,6800.0,PE,11.6,13.4,10.0,11.45,11.45,10,68.11,7100,-800,06-MAY-2024,
OPTSTK,DIXON,30-May-2024,6900.0,PE,0.0,0.0,0.0,12.0,8.5,0,0.0,1200,0,06-MAY-2024,
OPTSTK,DIXON,30-May-2024,7000.0,PE,15.05,19.0,15.0,17.85,17.85,47,329.8,33200,-700,06-MAY-2024,
OPTSTK,DIXON,30-May-2024,7100.0,PE,17.0,17.0,17.0,17.0,16.95,2,14.23,4500,100,06-MAY-2024,
OPTSTK,DIXON,30-May-2024,7200.0,PE,22.1,27.7,22.1,25.95,25.95,26,187.85,19200,-300,06-MAY-2024,
OPTSTK,DIXON,30-May-2024,7300.0,PE,29.25,35.2,28.2,30.65,30.65,56,410.48,18700,-1200,06-MAY-2024,
OPTSTK,DIXON,30-May-2024,7400.0,PE,42.0,46.7,34.9,37.65,41.55,63,468.75,21100,3000,06-MAY-2024,
OPTSTK,DIXON,30-May-2024,7500.0,PE,41.0,60.0,40.95,48.6,48.6,230,1736.2,85300,600,06-MAY-2024,
OPTSTK,DIXON,30-May-2024,7600.0,PE,60.85,75.25,56.8,62.1,62.1,33,252.93,21300,0,06-MAY-2024,
OPTSTK,DIXON,30-May-2024,7700.0,PE,68.2,95.0,68.2,78.9,78.9,92,716.02,20400,-1800,06-MAY-2024,
OPTSTK,DIXON,30-May-2024,7800.0,PE,85.0,117.35,85.0,97.9,97.9,128,1011.24,43400,600,06-MAY-2024,
OPTSTK,DIXON,30-May-2024,7900.0,PE,120.65,145.0,111.05,115.9,115.9,163,1307.26,15300,-9100,06-MAY-2024,
OPTSTK,DIXON,30-May-2024,8000.0,PE,128.65,177.15,128.6,145.8,145.8,1567,12766.37,79200,4400,06-MAY-2024,
OPTSTK,DIXON,30-May-2024,8100.0,PE,195.5,214.0,166.0,177.15,177.15,69,571.58,19300,-500,06-MAY-2024,
OPTSTK,DIXON,30-May-2024,8200.0,PE,208.9,255.25,198.0,212.3,212.3,262,2207.34,22900,-1700,06-MAY-2024,
OPTSTK,DIXON,30-May-2024,8300.0,PE,260.0,300.0,242.8,252.9,252.9,118,1011.42,20300,-100,06-MAY-2024,
OPTSTK,DIXON,30-May-2024,8400.0,PE,283.4,353.1,274.8,305.1,305.1,335,2918.44,23900,-1900,06-MAY-2024,
OPTSTK,DIXON,30-May-2024,8500.0,PE,311.7,408.0,311.7,351.25,351.25,115,1019.63,27800,0,06-MAY-2024,
OPTSTK,DIXON,30-May-2024,8600.0,PE,422.95,460.55,397.0,401.9,435.75,29,262.1,5100,-1600,06-MAY-2024,
OPTSTK,DIXON,30-May-2024,8700.0,PE,456.0,457.5,456.0,457.5,496.1,2,18.31,2500,0,06-MAY-2024,
OPTSTK,DIXON,30-May-2024,8800.0,PE,550.05,576.45,550.05,576.45,560.55,7,65.56,2100,-600,06-MAY-2024,
OPTSTK,DIXON,30-May-2024,8900.0,PE,0.0,0.0,0.0,1430.95,628.9,0,0.0,0,0,06-MAY-2024,
OPTSTK,DIXON,30-May-2024,9000.0,PE,0.0,0.0,0.0,659.05,700.9,0,0.0,5700,0,06-MAY-2024,
OPTSTK,DIXON,30-May-2024,9100.0,PE,0.0,0.0,0.0,1602.55,776.75,0,0.0,0,0,06-MAY-2024,
OPTSTK,DIXON,30-May-2024,9200.0,PE,833.1,834.75,833.1,834.75,854.95,2,20.06,200,200,06-MAY-2024,
OPTSTK,DIXON,30-May-2024,9300.0,PE,0.0,0.0,0.0,1779.3,936.25,0,0.0,0,0,06-MAY-2024,
OPTSTK,DIXON,30-May-2024,9400.0,PE,0.0,0.0,0.0,1869.3,1020.15,0,0.0,0,0,06-MAY-2024,
OPTSTK,DIXON,30-May-2024,9600.0,PE,0.0,0.0,0.0,1130.8,1194.5,0,0.0,100,0,06-MAY-2024,
OPTSTK,DIXON,27-Jun-2024,7400.0,CE,0.0,0.0,0.0,703.95,1215.25,0,0.0,0,0,06-MAY-2024,
OPTSTK,DIXON,27-Jun-2024,7600.0,CE,0.0,0.0,0.0,607.65,1063.85,0,0.0,0,0,06-MAY-2024,
OPTSTK,DIXON,27-Jun-2024,7700.0,CE,0.0,0.0,0.0,814.2,991.9,0,0.0,0,0,06-MAY-2024,
OPTSTK,DIXON,27-Jun-2024,7800.0,CE,0.0,0.0,0.0,521.55,922.5,0,0.0,0,0,06-MAY-2024,
OPTSTK,DIXON,27-Jun-2024,7900.0,CE,0.0,0.0,0.0,699.45,856.35,0,0.0,0,0,06-MAY-2024,
OPTSTK,DIXON,27-Jun-2024,8000.0,CE,0.0,0.0,0.0,445.2,793.2,0,0.0,0,0,06-MAY-2024,
OPTSTK,DIXON,27-Jun-2024,8100.0,CE,0.0,0.0,0.0,596.2,733.1,0,0.0,0,0,06-MAY-2024,
OPTSTK,DIXON,27-Jun-2024,8200.0,CE,0.0,0.0,0.0,650.0,676.0,0,0.0,1000,0,06-MAY-2024,
OPTSTK,DIXON,27-Jun-2024,8300.0,CE,0.0,0.0,0.0,504.4,622.0,0,0.0,0,0,06-MAY-2024,
OPTSTK,DIXON,27-Jun-2024,8400.0,CE,0.0,0.0,0.0,319.25,570.95,0,0.0,0,0,06-MAY-2024,
OPTSTK,DIXON,27-Jun-2024,8500.0,CE,527.85,527.85,489.8,519.1,523.0,6,54.01,1200,200,06-MAY-2024,
OPTSTK,DIXON,27-Jun-2024,8600.0,CE,515.55,515.55,445.6,445.6,478.0,6,54.48,1300,0,06-MAY-2024,
OPTSTK,DIXON,27-Jun-2024,8700.0,CE,0.0,0.0,0.0,353.05,435.95,0,0.0,0,0,06-MAY-2024,
OPTSTK,DIXON,27-Jun-2024,8800.0,CE,365.0,550.0,365.0,532.45,532.45,10,92.48,500,500,06-MAY-2024,
OPTSTK,DIXON,27-Jun-2024,8900.0,CE,0.0,0.0,0.0,292.2,360.2,0,0.0,0,0,06-MAY-2024,
OPTSTK,DIXON,27-Jun-2024,9000.0,CE,328.0,328.0,328.0,328.0,326.4,3,27.98,300,300,06-MAY-2024,
OPTSTK,DIXON,27-Jun-2024,9100.0,CE,0.0,0.0,0.0,240.55,295.1,0,0.0,0,0,06-MAY-2024,
OPTSTK,DIXON,27-Jun-2024,9200.0,CE,0.0,0.0,0.0,155.25,266.3,0,0.0,0,0,06-MAY-2024,
OPTSTK,DIXON,27-Jun-2024,9300.0,CE,0.0,0.0,0.0,196.65,239.75,0,0.0,0,0,06-MAY-2024,
OPTSTK,DIXON,27-Jun-2024,9400.0,CE,0.0,0.0,0.0,128.2,215.95,0,0.0,0,0,06-MAY-2024,
OPTSTK,DIXON,27-Jun-2024,9600.0,CE,0.0,0.0,0.0,105.45,173.25,0,0.0,0,0,06-MAY-2024,
OPTSTK,DIXON,27-Jun-2024,7000.0,PE,0.0,0.0,0.0,98.0,60.45,0,0.0,100,0,06-MAY-2024,
OPTSTK,DIXON,27-Jun-2024,7400.0,PE,0.0,0.0,0.0,492.45,124.7,0,0.0,0,0,06-MAY-2024,
OPTSTK,DIXON,27-Jun-2024,7600.0,PE,0.0,0.0,0.0,592.55,171.25,0,0.0,0,0,06-MAY-2024,
OPTSTK,DIXON,27-Jun-2024,7700.0,PE,0.0,0.0,0.0,324.3,198.25,0,0.0,0,0,06-MAY-2024,
OPTSTK,DIXON,27-Jun-2024,7800.0,PE,0.0,0.0,0.0,702.9,227.8,0,0.0,0,0,06-MAY-2024,
OPTSTK,DIXON,27-Jun-2024,7900.0,PE,0.0,0.0,0.0,407.0,260.65,0,0.0,0,0,06-MAY-2024,
OPTSTK,DIXON,27-Jun-2024,8000.0,PE,275.75,275.75,275.75,275.75,296.5,1,8.27,200,0,06-MAY-2024,
OPTSTK,DIXON,27-Jun-2024,8100.0,PE,0.0,0.0,0.0,501.25,335.35,0,0.0,0,0,06-MAY-2024,
OPTSTK,DIXON,27-Jun-2024,8200.0,PE,440.0,440.0,400.0,400.0,377.2,2,17.24,500,100,06-MAY-2024,
OPTSTK,DIXON,27-Jun-2024,8300.0,PE,0.0,0.0,0.0,606.95,422.15,0,0.0,0,0,06-MAY-2024,
OPTSTK,DIXON,27-Jun-2024,8400.0,PE,0.0,0.0,0.0,1089.85,470.1,0,0.0,0,0,06-MAY-2024,
OPTSTK,DIXON,27-Jun-2024,8500.0,PE,0.0,0.0,0.0,513.4,521.1,0,0.0,100,0,06-MAY-2024,
OPTSTK,DIXON,27-Jun-2024,8600.0,PE,0.0,0.0,0.0,1235.75,575.1,0,0.0,0,0,06-MAY-2024,
OPTSTK,DIXON,27-Jun-2024,8700.0,PE,0.0,0.0,0.0,850.55,632.0,0,0.0,0,0,06-MAY-2024,
OPTSTK,DIXON,27-Jun-2024,8800.0,PE,0.0,0.0,0.0,1388.45,691.7,0,0.0,0,0,06-MAY-2024,
OPTSTK,DIXON,27-Jun-2024,8900.0,PE,0.0,0.0,0.0,987.2,754.2,0,0.0,0,0,06-MAY-2024,
OPTSTK,DIXON,27-Jun-2024,9000.0,PE,0.0,0.0,0.0,1547.1,819.35,0,0.0,0,0,06-MAY-2024,
OPTSTK,DIXON,27-Jun-2024,9100.0,PE,0.0,0.0,0.0,1133.05,887.05,0,0.0,0,0,06-MAY-2024,
OPTSTK,DIXON,27-Jun-2024,9200.0,PE,0.0,0.0,0.0,1711.55,957.2,0,0.0,0,0,06-MAY-2024,
OPTSTK,DIXON,27-Jun-2024,9300.0,PE,0.0,0.0,0.0,1286.65,1029.65,0,0.0,0,0,06-MAY-2024,
OPTSTK,DIXON,27-Jun-2024,9400.0,PE,0.0,0.0,0.0,1880.95,1104.8,0,0.0,0,0,06-MAY-2024,
OPTSTK,DIXON,27-Jun-2024,9600.0,PE,0.0,0.0,0.0,2054.65,1260.0,0,0.0,0,0,06-MAY-2024,
OPTSTK,DIXON,25-Jul-2024,7200.0,CE,0.0,0.0,0.0,1260.9,1480.7,0,0.0,0,0,06-MAY-2024,
OPTSTK,DIXON,25-Jul-2024,7600.0,CE,0.0,0.0,0.0,999.85,1188.65,0,0.0,0,0,06-MAY-2024,
OPTSTK,DIXON,25-Jul-2024,7800.0,CE,0.0,0.0,0.0,883.9,1056.0,0,0.0,0,0,06-MAY-2024,
OPTSTK,DIXON,25-Jul-2024,8000.0,CE,0.0,0.0,0.0,777.55,933.45,0,0.0,0,0,06-MAY-2024,
OPTSTK,DIXON,25-Jul-2024,8200.0,CE,0.0,0.0,0.0,680.7,820.7,0,0.0,0,0,06-MAY-2024,
OPTSTK,DIXON,25-Jul-2024,8400.0,CE,0.0,0.0,0.0,593.15,717.8,0,0.0,0,0,06-MAY-2024,
OPTSTK,DIXON,25-Jul-2024,8600.0,CE,0.0,0.0,0.0,514.55,624.6,0,0.0,0,0,06-MAY-2024,
OPTSTK,DIXON,25-Jul-2024,8800.0,CE,0.0,0.0,0.0,444.35,540.75,0,0.0,0,0,06-MAY-2024,
OPTSTK,DIXON,25-Jul-2024,9000.0,CE,0.0,0.0,0.0,382.15,465.85,0,0.0,0,0,06-MAY-2024,
OPTSTK,DIXON,25-Jul-2024,9200.0,CE,0.0,0.0,0.0,327.25,399.45,0,0.0,0,0,06-MAY-2024,
OPTSTK,DIXON,25-Jul-2024,9400.0,CE,0.0,0.0,0.0,279.65,340.9,0,0.0,0,0,06-MAY-2024,
OPTSTK,DIXON,25-Jul-2024,9600.0,CE,0.0,0.0,0.0,237.9,290.1,0,0.0,0,0,06-MAY-2024,
OPTSTK,DIXON,25-Jul-2024,7200.0,PE,0.0,0.0,0.0,237.5,152.55,0,0.0,0,0,06-MAY-2024,
OPTSTK,DIXON,25-Jul-2024,7600.0,PE,0.0,0.0,0.0,369.2,254.2,0,0.0,0,0,06-MAY-2024,
OPTSTK,DIXON,25-Jul-2024,7800.0,PE,0.0,0.0,0.0,449.6,318.4,0,0.0,0,0,06-MAY-2024,
OPTSTK,DIXON,25-Jul-2024,8000.0,PE,0.0,0.0,0.0,539.65,392.65,0,0.0,0,0,06-MAY-2024,
OPTSTK,DIXON,25-Jul-2024,8200.0,PE,0.0,0.0,0.0,639.2,476.8,0,0.0,0,0,06-MAY-2024,
OPTSTK,DIXON,25-Jul-2024,8400.0,PE,0.0,0.0,0.0,748.05,570.7,0,0.0,0,0,06-MAY-2024,
OPTSTK,DIXON,25-Jul-2024,8600.0,PE,0.0,0.0,0.0,865.8,674.35,0,0.0,0,0,06-MAY-2024,
OPTSTK,DIXON,25-Jul-2024,8800.0,PE,0.0,0.0,0.0,992.05,787.35,0,0.0,0,0,06-MAY-2024,
OPTSTK,DIXON,25-Jul-2024,9000.0,PE,0.0,0.0,0.0,1126.2,909.3,0,0.0,0,0,06-MAY-2024,
OPTSTK,DIXON,25-Jul-2024,9200.0,PE,0.0,0.0,0.0,1267.7,1039.7,0,0.0,0,0,06-MAY-2024,
OPTSTK,DIXON,25-Jul-2024,9400.0,PE,0.0,0.0,0.0,1416.5,1178.0,0,0.0,0,0,06-MAY-2024,
OPTSTK,DIXON,25-Jul-2024,9600.0,PE,0.0,0.0,0.0,1571.1,1324.0,0,0.0,0,0,06-MAY-2024,
OPTSTK,DLF,30-May-2024,740.0,CE,0.0,0.0,0.0,141.85,151.25,0,0.0,23100,0,06-MAY-2024,
OPTSTK,DLF,30-May-2024,760.0,CE,0.0,0.0,0.0,121.8,132.1,0,0.0,37950,0,06-MAY-2024,
OPTSTK,DLF,30-May-2024,780.0,CE,0.0,0.0,0.0,113.85,113.55,0,0.0,4950,0,06-MAY-2024,
OPTSTK,DLF,30-May-2024,800.0,CE,110.5,110.5,89.7,89.9,95.85,18,132.92,55275,-2475,06-MAY-2024,
OPTSTK,DLF,30-May-2024,810.0,CE,0.0,0.0,0.0,82.15,87.45,0,0.0,17325,0,06-MAY-2024,
OPTSTK,DLF,30-May-2024,820.0,CE,75.25,87.45,73.7,87.45,79.35,5,37.13,5775,-1650,06-MAY-2024,
OPTSTK,DLF,30-May-2024,830.0,CE,0.0,0.0,0.0,57.05,71.6,0,0.0,9075,0,06-MAY-2024,
OPTSTK,DLF,30-May-2024,840.0,CE,60.0,73.7,58.2,64.1,64.1,23,171.39,18975,-2475,06-MAY-2024,
OPTSTK,DLF,30-May-2024,850.0,CE,57.4,68.55,50.4,57.0,57.0,188,1411.59,146025,18150,06-MAY-2024,
OPTSTK,DLF,30-May-2024,860.0,CE,50.0,60.5,44.1,50.55,50.55,253,1902.05,86625,-37125,06-MAY-2024,
OPTSTK,DLF,30-May-2024,870.0,CE,43.2,53.25,38.3,43.4,43.4,417,3146.56,126225,-36300,06-MAY-2024,
OPTSTK,DLF,30-May-2024,880.0,CE,36.0,47.35,32.85,38.2,38.2,2126,16109.26,423225,-1650,06-MAY-2024,
OPTSTK,DLF,30-May-2024,890.0,CE,33.45,41.8,28.0,33.05,33.05,4272,32574.85,694650,-23100,06-MAY-2024,
OPTSTK,DLF,30-May-2024,900.0,CE,27.85,36.0,23.95,28.45,28.45,10389,79708.21,2536875,233475,06-MAY-2024,
OPTSTK,DLF,30-May-2024,910.0,CE,23.25,31.1,20.35,24.2,24.2,2959,22843.34,1131075,46200,06-MAY-2024,
OPTSTK,DLF,30-May-2024,920.0,CE,20.0,26.4,17.3,20.5,20.5,2893,22469.15,852225,56100,06-MAY-2024,
OPTSTK,DLF,30-May-2024,930.0,CE,16.5,22.5,14.4,17.25,17.25,1997,15619.17,551925,15675,06-MAY-2024,
OPTSTK,DLF,30-May-2024,940.0,CE,13.95,18.9,12.0,14.5,14.5,1575,12411.14,509850,16500,06-MAY-2024,
OPTSTK,DLF,30-May-2024,950.0,CE,11.95,15.95,10.0,12.1,12.1,3738,29694.61,1121175,-51150,06-MAY-2024,
OPTSTK,DLF,30-May-2024,960.0,CE,9.75,13.35,8.2,10.05,10.05,1043,8351.73,451275,14850,06-MAY-2024,
OPTSTK,DLF,30-May-2024,970.0,CE,7.95,11.1,6.95,8.3,8.3,771,6226.35,325050,0,06-MAY-2024,
OPTSTK,DLF,30-May-2024,980.0,CE,6.9,9.2,5.6,6.9,6.9,938,7639.88,453750,65175,06-MAY-2024,
OPTSTK,DLF,30-May-2024,990.0,CE,5.9,7.6,4.85,5.7,5.7,254,2087.42,88275,19800,06-MAY-2024,
OPTSTK,DLF,30-May-2024,1000.0,CE,4.5,6.4,4.0,4.85,4.85,3006,24927.63,1283700,-149325,06-MAY-2024,
OPTSTK,DLF,30-May-2024,1010.0,CE,4.25,5.2,3.35,3.95,3.95,263,2200.9,146025,96525,06-MAY-2024,
OPTSTK,DLF,30-May-2024,1020.0,CE,3.0,4.4,2.85,3.35,3.35,588,4965.81,183150,25575,06-MAY-2024,
OPTSTK,DLF,30-May-2024,1030.0,CE,1.9,3.65,1.9,2.8,2.8,209,1781.1,75075,6600,06-MAY-2024,
OPTSTK,DLF,30-May-2024,1040.0,CE,2.4,3.0,2.0,2.3,2.3,126,1083.53,57750,2475,06-MAY-2024,
OPTSTK,DLF,30-May-2024,1050.0,CE,1.9,2.6,1.7,1.95,1.95,488,4235.91,288750,52800,06-MAY-2024,
OPTSTK,DLF,30-May-2024,1060.0,CE,1.85,2.2,1.4,1.6,1.6,585,5124.39,424875,35475,06-MAY-2024,
OPTSTK,DLF,30-May-2024,740.0,PE,1.1,1.15,0.55,0.95,0.95,146,892.44,80025,-27225,06-MAY-2024,
OPTSTK,DLF,30-May-2024,760.0,PE,1.5,1.95,0.9,1.45,1.45,905,5684.85,536250,-2475,06-MAY-2024,
OPTSTK,DLF,30-May-2024,780.0,PE,2.35,3.3,1.6,2.55,2.55,594,3834.7,551925,-8250,06-MAY-2024,
OPTSTK,DLF,30-May-2024,790.0,PE,3.2,4.2,2.15,3.4,3.4,241,1576.72,75075,5775,06-MAY-2024,
OPTSTK,DLF,30-May-2024,800.0,PE,4.9,5.6,2.85,4.35,4.35,1961,13008.44,1084050,-10725,06-MAY-2024,
OPTSTK,DLF,30-May-2024,810.0,PE,4.95,7.1,3.75,5.5,5.5,481,3234.82,145200,-12375,06-MAY-2024,
OPTSTK,DLF,30-May-2024,820.0,PE,6.8,9.0,4.75,6.95,6.95,1115,7605.9,455400,88275,06-MAY-2024,
OPTSTK,DLF,30-May-2024,830.0,PE,10.3,11.25,6.2,8.95,8.95,1107,7661.83,392700,117975,06-MAY-2024,
OPTSTK,DLF,30-May-2024,840.0,PE,10.3,13.8,7.75,11.15,11.15,1509,10590.93,443850,-27225,06-MAY-2024,
OPTSTK,DLF,30-May-2024,850.0,PE,14.05,17.05,9.9,13.9,13.9,2411,17171.66,797775,105600,06-MAY-2024,
OPTSTK,DLF,30-May-2024,860.0,PE,16.55,20.75,12.45,17.0,17.0,1120,8098.2,384450,-21450,06-MAY-2024,
OPTSTK,DLF,30-May-2024,870.0,PE,19.85,24.9,15.45,20.85,20.85,1698,12474.78,495825,-99825,06-MAY-2024,
OPTSTK,DLF,30-May-2024,880.0,PE,23.05,29.6,18.9,25.05,25.05,2336,17433.54,566775,60225,06-MAY-2024,
OPTSTK,DLF,30-May-2024,890.0,PE,28.0,34.75,22.6,29.9,29.9,1580,11973.22,422400,-2475,06-MAY-2024,
OPTSTK,DLF,30-May-2024,900.0,PE,35.05,40.5,27.2,35.05,35.05,1459,11235.38,767250,9075,06-MAY-2024,
OPTSTK,DLF,30-May-2024,910.0,PE,36.25,46.8,32.15,40.8,40.8,384,3005.67,192225,-8250,06-MAY-2024,
OPTSTK,DLF,30-May-2024,920.0,PE,44.0,51.0,38.7,47.75,47.75,116,924.04,229350,-8250,06-MAY-2024,
OPTSTK,DLF,30-May-2024,930.0,PE,52.95,56.95,45.25,54.35,54.35,46,371.71,65175,0,06-MAY-2024,
OPTSTK,DLF,30-May-2024,940.0,PE,56.0,65.1,51.3,53.95,64.05,13,106.9,159225,825,06-MAY-2024,
OPTSTK,DLF,30-May-2024,950.0,PE,66.0,75.1,59.0,72.6,71.5,46,385.5,240900,-3300,06-MAY-2024,
OPTSTK,DLF,30-May-2024,960.0,PE,69.1,81.55,66.9,67.65,79.25,6,51.09,36300,0,06-MAY-2024,
OPTSTK,DLF,30-May-2024,970.0,PE,90.2,90.2,84.55,85.1,85.1,6,52.31,23925,4125,06-MAY-2024,
OPTSTK,DLF,30-May-2024,980.0,PE,98.1,98.1,94.45,94.45,95.7,2,17.75,23925,0,06-MAY-2024,
OPTSTK,DLF,30-May-2024,990.0,PE,0.0,0.0,0.0,100.5,104.35,0,0.0,3300,0,06-MAY-2024,
OPTSTK,DLF,30-May-2024,1000.0,PE,120.0,120.0,110.0,110.0,113.15,20,183.97,77550,-825,06-MAY-2024,
OPTSTK,DLF,30-May-2024,1020.0,PE,0.0,0.0,0.0,123.6,131.35,0,0.0,3300,0,06-MAY-2024,
OPTSTK,DLF,30-May-2024,1060.0,PE,0.0,0.0,0.0,149.9,169.25,0,0.0,22275,0,06-MAY-2024,
OPTSTK,DLF,27-Jun-2024,760.0,CE,0.0,0.0,0.0,162.65,141.6,0,0.0,0,0,06-MAY-2024,
OPTSTK,DLF,27-Jun-2024,780.0,CE,0.0,0.0,0.0,146.9,124.85,0,0.0,0,0,06-MAY-2024,
OPTSTK,DLF,27-Jun-2024,800.0,CE,0.0,0.0,0.0,132.0,109.05,0,0.0,0,0,06-MAY-2024,
OPTSTK,DLF,27-Jun-2024,810.0,CE,0.0,0.0,0.0,112.15,101.55,0,0.0,0,0,06-MAY-2024,
OPTSTK,DLF,27-Jun-2024,820.0,CE,0.0,0.0,0.0,117.9,94.35,0,0.0,0,0,06-MAY-2024,
OPTSTK,DLF,27-Jun-2024,830.0,CE,0.0,0.0,0.0,98.0,87.35,0,0.0,825,0,06-MAY-2024,
OPTSTK,DLF,27-Jun-2024,840.0,CE,0.0,0.0,0.0,104.75,80.75,0,0.0,0,0,06-MAY-2024,
OPTSTK,DLF,27-Jun-2024,850.0,CE,0.0,0.0,0.0,78.0,74.4,0,0.0,1650,0,06-MAY-2024,
OPTSTK,DLF,27-Jun-2024,860.0,CE,0.0,0.0,0.0,92.55,68.45,0,0.0,0,0,06-MAY-2024,
OPTSTK,DLF,27-Jun-2024,870.0,CE,0.0,0.0,0.0,73.2,62.75,0,0.0,0,0,06-MAY-2024,
OPTSTK,DLF,27-Jun-2024,880.0,CE,0.0,0.0,0.0,81.35,57.4,0,0.0,0,0,06-MAY-2024,
OPTSTK,DLF,27-Jun-2024,890.0,CE,0.0,0.0,0.0,62.5,52.35,0,0.0,0,0,06-MAY-2024,
OPTSTK,DLF,27-Jun-2024,900.0,CE,58.0,68.4,52.5,57.45,57.45,169,1341.14,154275,47850,06-MAY-2024,
OPTSTK,DLF,27-Jun-2024,910.0,CE,60.55,60.55,51.7,51.9,51.9,4,31.84,2475,825,06-MAY-2024,
OPTSTK,DLF,27-Jun-2024,920.0,CE,56.3,56.3,46.45,46.45,39.15,3,24.02,11550,825,06-MAY-2024,
OPTSTK,DLF,27-Jun-2024,930.0,CE,0.0,0.0,0.0,37.9,35.35,0,0.0,825,0,06-MAY-2024,
OPTSTK,DLF,27-Jun-2024,940.0,CE,0.0,0.0,0.0,53.5,31.85,0,0.0,0,0,06-MAY-2024,
OPTSTK,DLF,27-Jun-2024,950.0,CE,34.6,41.7,32.5,36.0,36.0,72,586.59,84150,41250,06-MAY-2024,
OPTSTK,DLF,27-Jun-2024,960.0,CE,0.0,0.0,0.0,46.05,25.65,0,0.0,0,0,06-MAY-2024,
OPTSTK,DLF,27-Jun-2024,970.0,CE,0.0,0.0,0.0,30.7,22.9,0,0.0,0,0,06-MAY-2024,
OPTSTK,DLF,27-Jun-2024,980.0,CE,0.0,0.0,0.0,39.45,20.5,0,0.0,0,0,06-MAY-2024,
OPTSTK,DLF,27-Jun-2024,990.0,CE,0.0,0.0,0.0,25.2,18.25,0,0.0,0,0,06-MAY-2024,
OPTSTK,DLF,27-Jun-2024,1000.0,CE,38.3,38.3,23.9,23.9,23.9,15,127.51,28050,9075,06-MAY-2024,
OPTSTK,DLF,27-Jun-2024,1020.0,CE,20.0,20.0,20.0,20.0,12.65,4,34.32,3300,3300,06-MAY-2024,
OPTSTK,DLF,27-Jun-2024,760.0,PE,8.0,8.0,8.0,8.0,6.65,1,6.33,825,825,06-MAY-2024,
OPTSTK,DLF,27-Jun-2024,780.0,PE,9.95,9.95,9.95,9.95,9.7,1,6.51,1650,825,06-MAY-2024,
OPTSTK,DLF,27-Jun-2024,800.0,PE,14.95,22.0,14.95,22.0,13.7,41,276.52,88275,7425,06-MAY-2024,
OPTSTK,DLF,27-Jun-2024,810.0,PE,0.0,0.0,0.0,18.2,16.1,0,0.0,0,0,06-MAY-2024,
OPTSTK,DLF,27-Jun-2024,820.0,PE,0.0,0.0,0.0,26.25,18.8,0,0.0,0,0,06-MAY-2024,
OPTSTK,DLF,27-Jun-2024,830.0,PE,0.0,0.0,0.0,23.8,21.7,0,0.0,0,0,06-MAY-2024,
OPTSTK,DLF,27-Jun-2024,840.0,PE,0.0,0.0,0.0,32.7,25.0,0,0.0,0,0,06-MAY-2024,
OPTSTK,DLF,27-Jun-2024,850.0,PE,34.0,38.25,30.3,37.0,37.0,33,240.34,27225,16500,06-MAY-2024,
OPTSTK,DLF,27-Jun-2024,860.0,PE,0.0,0.0,0.0,40.2,32.45,0,0.0,0,0,06-MAY-2024,
OPTSTK,DLF,27-Jun-2024,870.0,PE,0.0,0.0,0.0,38.45,36.7,0,0.0,0,0,06-MAY-2024,
OPTSTK,DLF,27-Jun-2024,880.0,PE,44.1,48.75,44.1,47.6,41.25,8,61.13,9900,-825,06-MAY-2024,
OPTSTK,DLF,27-Jun-2024,890.0,PE,0.0,0.0,0.0,47.5,46.1,0,0.0,0,0,06-MAY-2024,
OPTSTK,DLF,27-Jun-2024,900.0,PE,57.15,63.2,50.6,59.7,51.25,203,1604.19,184800,122925,06-MAY-2024,
OPTSTK,DLF,27-Jun-2024,910.0,PE,0.0,0.0,0.0,57.7,56.75,0,0.0,0,0,06-MAY-2024,
OPTSTK,DLF,27-Jun-2024,920.0,PE,0.0,0.0,0.0,68.4,62.55,0,0.0,0,0,06-MAY-2024,
OPTSTK,DLF,27-Jun-2024,930.0,PE,0.0,0.0,0.0,69.0,68.65,0,0.0,0,0,06-MAY-2024,
OPTSTK,DLF,27-Jun-2024,940.0,PE,0.0,0.0,0.0,79.7,75.05,0,0.0,0,0,06-MAY-2024,
OPTSTK,DLF,27-Jun-2024,950.0,PE,0.0,0.0,0.0,81.35,81.7,0,0.0,0,0,06-MAY-2024,
OPTSTK,DLF,27-Jun-2024,960.0,PE,0.0,0.0,0.0,91.9,88.65,0,0.0,0,0,06-MAY-2024,
OPTSTK,DLF,27-Jun-2024,970.0,PE,0.0,0.0,0.0,94.75,95.8,0,0.0,0,0,06-MAY-2024,
OPTSTK,DLF,27-Jun-2024,980.0,PE,0.0,0.0,0.0,104.95,103.3,0,0.0,0,0,06-MAY-2024,
OPTSTK,DLF,27-Jun-2024,990.0,PE,0.0,0.0,0.0,109.0,110.95,0,0.0,0,0,06-MAY-2024,
OPTSTK,DLF,27-Jun-2024,1000.0,PE,0.0,0.0,0.0,118.75,118.75,0,0.0,0,0,06-MAY-2024,
OPTSTK,DLF,27-Jun-2024,1020.0,PE,0.0,0.0,0.0,133.35,135.05,0,0.0,0,0,06-MAY-2024,
OPTSTK,DLF,25-Jul-2024,760.0,CE,0.0,0.0,0.0,160.95,151.2,0,0.0,0,0,06-MAY-2024,
OPTSTK,DLF,25-Jul-2024,800.0,CE,0.0,0.0,0.0,130.75,120.8,0,0.0,0,0,06-MAY-2024,
OPTSTK,DLF,25-Jul-2024,820.0,CE,0.0,0.0,0.0,116.9,106.9,0,0.0,0,0,06-MAY-2024,
OPTSTK,DLF,25-Jul-2024,840.0,CE,0.0,0.0,0.0,104.0,94.1,0,0.0,0,0,06-MAY-2024,
OPTSTK,DLF,25-Jul-2024,860.0,CE,0.0,0.0,0.0,92.05,82.3,0,0.0,0,0,06-MAY-2024,
OPTSTK,DLF,25-Jul-2024,880.0,CE,0.0,0.0,0.0,81.05,71.5,0,0.0,0,0,06-MAY-2024,
OPTSTK,DLF,25-Jul-2024,900.0,CE,0.0,0.0,0.0,71.0,61.8,0,0.0,0,0,06-MAY-2024,
OPTSTK,DLF,25-Jul-2024,920.0,CE,0.0,0.0,0.0,61.9,53.05,0,0.0,0,0,06-MAY-2024,
OPTSTK,DLF,25-Jul-2024,940.0,CE,0.0,0.0,0.0,53.7,45.3,0,0.0,0,0,06-MAY-2024,
OPTSTK,DLF,25-Jul-2024,960.0,CE,0.0,0.0,0.0,46.35,38.4,0,0.0,0,0,06-MAY-2024,
OPTSTK,DLF,25-Jul-2024,980.0,CE,0.0,0.0,0.0,39.85,32.4,0,0.0,0,0,06-MAY-2024,
OPTSTK,DLF,25-Jul-2024,1000.0,CE,0.0,0.0,0.0,34.1,27.25,0,0.0,0,0,06-MAY-2024,
OPTSTK,DLF,25-Jul-2024,1040.0,CE,0.0,0.0,0.0,24.7,18.9,0,0.0,0,0,06-MAY-2024,
OPTSTK,DLF,25-Jul-2024,760.0,PE,0.0,0.0,0.0,13.4,12.1,0,0.0,0,0,06-MAY-2024,
OPTSTK,DLF,25-Jul-2024,800.0,PE,0.0,0.0,0.0,22.5,21.05,0,0.0,0,0,06-MAY-2024,
OPTSTK,DLF,25-Jul-2024,820.0,PE,0.0,0.0,0.0,28.25,26.85,0,0.0,0,0,06-MAY-2024,
OPTSTK,DLF,25-Jul-2024,840.0,PE,0.0,0.0,0.0,35.0,33.7,0,0.0,0,0,06-MAY-2024,
OPTSTK,DLF,25-Jul-2024,860.0,PE,0.0,0.0,0.0,42.7,41.6,0,0.0,0,0,06-MAY-2024,
OPTSTK,DLF,25-Jul-2024,880.0,PE,0.0,0.0,0.0,51.35,50.5,0,0.0,0,0,06-MAY-2024,
OPTSTK,DLF,25-Jul-2024,900.0,PE,0.0,0.0,0.0,60.95,60.45,0,0.0,0,0,06-MAY-2024,
OPTSTK,DLF,25-Jul-2024,920.0,PE,0.0,0.0,0.0,71.5,71.4,0,0.0,0,0,06-MAY-2024,
OPTSTK,DLF,25-Jul-2024,940.0,PE,0.0,0.0,0.0,82.9,83.3,0,0.0,0,0,06-MAY-2024,
OPTSTK,DLF,25-Jul-2024,960.0,PE,0.0,0.0,0.0,95.25,96.15,0,0.0,0,0,06-MAY-2024,
OPTSTK,DLF,25-Jul-2024,980.0,PE,0.0,0.0,0.0,108.35,109.85,0,0.0,0,0,06-MAY-2024,
OPTSTK,DLF,25-Jul-2024,1000.0,PE,0.0,0.0,0.0,122.25,124.35,0,0.0,0,0,06-MAY-2024,
OPTSTK,DLF,25-Jul-2024,1040.0,PE,0.0,0.0,0.0,152.1,155.35,0,0.0,0,0,06-MAY-2024,
OPTSTK,DRREDDY,30-May-2024,5300.0,CE,0.0,0.0,0.0,1234.0,1018.5,0,0.0,0,0,06-MAY-2024,
OPTSTK,DRREDDY,30-May-2024,5400.0,CE,0.0,0.0,0.0,1141.75,919.5,0,0.0,0,0,06-MAY-2024,
OPTSTK,DRREDDY,30-May-2024,5500.0,CE,0.0,0.0,0.0,635.0,821.15,0,0.0,125,0,06-MAY-2024,
OPTSTK,DRREDDY,30-May-2024,5600.0,CE,0.0,0.0,0.0,963.5,724.0,0,0.0,0,0,06-MAY-2024,
OPTSTK,DRREDDY,30-May-2024,5650.0,CE,0.0,0.0,0.0,629.8,676.1,0,0.0,0,0,06-MAY-2024,
OPTSTK,DRREDDY,30-May-2024,5700.0,CE,630.0,630.0,630.0,630.0,628.85,12,94.95,1750,1500,06-MAY-2024,
OPTSTK,DRREDDY,30-May-2024,5750.0,CE,0.0,0.0,0.0,521.0,582.4,0,0.0,125,0,06-MAY-2024,
OPTSTK,DRREDDY,30-May-2024,5800.0,CE,0.0,0.0,0.0,465.2,536.9,0,0.0,125,0,06-MAY-2024,
OPTSTK,DRREDDY,30-May-2024,5850.0,CE,0.0,0.0,0.0,574.65,492.5,0,0.0,375,0,06-MAY-2024,
OPTSTK,DRREDDY,30-May-2024,5900.0,CE,485.15,485.15,485.15,485.15,449.45,1,7.98,2750,-125,06-MAY-2024,
OPTSTK,DRREDDY,30-May-2024,5950.0,CE,413.75,440.8,395.15,395.15,407.9,4,31.82,1750,0,06-MAY-2024,
OPTSTK,DRREDDY,30-May-2024,6000.0,CE,405.0,415.0,345.0,384.5,384.5,346,2754.79,15375,-250,06-MAY-2024,
OPTSTK,DRREDDY,30-May-2024,6050.0,CE,339.5,353.05,320.15,349.95,349.95,9,71.91,1250,-250,06-MAY-2024,
OPTSTK,DRREDDY,30-May-2024,6100.0,CE,290.2,325.0,283.1,314.95,314.95,25,200.11,14125,1000,06-MAY-2024,
OPTSTK,DRREDDY,30-May-2024,6150.0,CE,277.15,291.25,266.35,266.35,260.4,4,32.15,1625,0,06-MAY-2024,
OPTSTK,DRREDDY,30-May-2024,6200.0,CE,263.3,281.85,225.5,255.65,255.65,245,1975.76,17250,-1625,06-MAY-2024,
OPTSTK,DRREDDY,30-May-2024,6250.0,CE,234.85,240.0,198.0,226.15,226.15,205,1658.16,11875,2125,06-MAY-2024,
OPTSTK,DRREDDY,30-May-2024,6300.0,CE,220.0,230.45,174.0,201.55,201.55,1990,16164.41,62375,4625,06-MAY-2024,
OPTSTK,DRREDDY,30-May-2024,6350.0,CE,198.75,205.0,154.0,180.05,180.05,1379,11254.69,26625,5125,06-MAY-2024,
OPTSTK,DRREDDY,30-May-2024,6400.0,CE,175.95,182.35,134.6,159.05,159.05,3099,25404.9,83375,3750,06-MAY-2024,
OPTSTK,DRREDDY,30-May-2024,6450.0,CE,160.4,161.45,122.35,140.45,140.45,167,1375.65,10500,2000,06-MAY-2024,
OPTSTK,DRREDDY,30-May-2024,6500.0,CE,134.3,147.15,101.6,123.45,123.45,2497,20666.98,90750,-19750,06-MAY-2024,
OPTSTK,DRREDDY,30-May-2024,6550.0,CE,112.2,120.9,91.15,106.95,106.95,155,1289.71,5875,1875,06-MAY-2024,
OPTSTK,DRREDDY,30-May-2024,6600.0,CE,111.15,130.0,76.95,96.0,96.0,919,7690.38,44625,1750,06-MAY-2024,
OPTSTK,DRREDDY,30-May-2024,6650.0,CE,86.85,89.5,67.25,80.9,80.9,77,647.69,6125,-875,06-MAY-2024,
OPTSTK,DRREDDY,30-May-2024,6700.0,CE,78.0,83.65,59.0,72.7,72.7,347,2936.24,24750,-1375,06-MAY-2024,
OPTSTK,DRREDDY,30-May-2024,6750.0,CE,58.0,63.3,51.2,62.2,62.2,7,59.58,250,125,06-MAY-2024,
OPTSTK,DRREDDY,30-May-2024,6800.0,CE,53.5,62.55,44.8,55.25,55.25,263,2252.59,14625,625,06-MAY-2024,
OPTSTK,DRREDDY,30-May-2024,6850.0,CE,46.9,50.85,44.05,47.35,47.35,17,146.55,2125,375,06-MAY-2024,
OPTSTK,DRREDDY,30-May-2024,6900.0,CE,41.05,45.65,32.15,41.4,41.4,159,1379.14,17750,4375,06-MAY-2024,
OPTSTK,DRREDDY,30-May-2024,6950.0,CE,33.15,37.1,33.0,33.0,13.55,8,69.83,1000,1000,06-MAY-2024,
OPTSTK,DRREDDY,30-May-2024,7000.0,CE,30.0,36.5,24.0,32.35,32.35,1032,9068.96,99125,52750,06-MAY-2024,
OPTSTK,DRREDDY,30-May-2024,7100.0,CE,21.0,27.35,16.65,23.3,23.3,82,729.97,5000,-1250,06-MAY-2024,
OPTSTK,DRREDDY,30-May-2024,7200.0,CE,15.1,23.6,11.75,18.3,18.3,1139,10273.09,65000,16375,06-MAY-2024,
OPTSTK,DRREDDY,30-May-2024,5300.0,PE,0.0,0.0,0.0,13.5,0.35,0,0.0,0,0,06-MAY-2024,
OPTSTK,DRREDDY,30-May-2024,5400.0,PE,4.0,4.0,4.0,4.0,0.9,2,13.51,2125,0,06-MAY-2024,
OPTSTK,DRREDDY,30-May-2024,5500.0,PE,8.0,10.9,6.25,10.9,10.9,82,564.71,27750,3750,06-MAY-2024,
OPTSTK,DRREDDY,30-May-2024,5550.0,PE,0.0,0.0,0.0,13.6,3.1,0,0.0,2625,0,06-MAY-2024,
OPTSTK,DRREDDY,30-May-2024,5600.0,PE,14.5,20.55,13.55,20.5,20.5,237,1664.33,26375,1375,06-MAY-2024,
OPTSTK,DRREDDY,30-May-2024,5650.0,PE,12.95,12.95,12.95,12.95,6.35,1,7.07,1250,-125,06-MAY-2024,
OPTSTK,DRREDDY,30-May-2024,5700.0,PE,21.35,34.75,21.35,32.65,32.65,488,3494.63,25125,7875,06-MAY-2024,
OPTSTK,DRREDDY,30-May-2024,5750.0,PE,23.9,23.9,23.9,23.9,12.2,1,7.21,3250,0,06-MAY-2024,
OPTSTK,DRREDDY,30-May-2024,5800.0,PE,32.05,49.1,29.8,45.5,45.5,719,5250.76,76000,8875,06-MAY-2024,
OPTSTK,DRREDDY,30-May-2024,5850.0,PE,41.6,42.0,37.7,37.7,21.8,5,36.81,2500,0,06-MAY-2024,
OPTSTK,DRREDDY,30-May-2024,5900.0,PE,51.0,68.15,45.0,63.6,63.6,202,1504.96,42875,2875,06-MAY-2024,
OPTSTK,DRREDDY,30-May-2024,5950.0,PE,57.35,77.7,56.0,76.85,76.85,67,504.36,8375,375,06-MAY-2024,
OPTSTK,DRREDDY,30-May-2024,6000.0,PE,60.0,94.0,59.4,88.85,88.85,1224,9301.39,68500,17625,06-MAY-2024,
OPTSTK,DRREDDY,30-May-2024,6050.0,PE,92.0,111.0,77.0,103.0,103.0,74,568.44,4500,-1875,06-MAY-2024,
OPTSTK,DRREDDY,30-May-2024,6100.0,PE,95.35,126.4,91.65,118.25,118.25,366,2840.18,25750,1125,06-MAY-2024,
OPTSTK,DRREDDY,30-May-2024,6150.0,PE,107.65,148.8,107.65,135.4,135.4,66,518.11,5125,500,06-MAY-2024,
OPTSTK,DRREDDY,30-May-2024,6200.0,PE,130.55,170.0,127.2,159.05,159.05,391,3101.1,49250,125,06-MAY-2024,
OPTSTK,DRREDDY,30-May-2024,6250.0,PE,145.0,191.35,145.0,181.5,181.5,405,3252.1,23500,12375,06-MAY-2024,
OPTSTK,DRREDDY,30-May-2024,6300.0,PE,175.0,219.9,170.0,204.85,204.85,750,6088.73,25750,7625,06-MAY-2024,
OPTSTK,DRREDDY,30-May-2024,6350.0,PE,186.95,248.5,186.9,231.35,231.35,394,3234.43,7375,-500,06-MAY-2024,
OPTSTK,DRREDDY,30-May-2024,6400.0,PE,213.6,277.95,213.6,262.5,262.5,199,1653.27,8625,125,06-MAY-2024,
OPTSTK,DRREDDY,30-May-2024,6450.0,PE,256.95,290.05,256.95,278.25,234.65,9,75.65,2125,250,06-MAY-2024,
OPTSTK,DRREDDY,30-May-2024,6500.0,PE,296.0,337.9,295.4,331.2,331.2,353,3013.85,42625,38250,06-MAY-2024,
OPTSTK,DRREDDY,30-May-2024,6550.0,PE,0.0,0.0,0.0,441.6,302.05,0,0.0,0,0,06-MAY-2024,
OPTSTK,DRREDDY,30-May-2024,6600.0,PE,0.0,0.0,0.0,338.1,339.1,0,0.0,7000,0,06-MAY-2024,
OPTSTK,DRREDDY,30-May-2024,6650.0,PE,0.0,0.0,0.0,513.95,377.45,0,0.0,0,0,06-MAY-2024,
OPTSTK,DRREDDY,30-May-2024,6700.0,PE,0.0,0.0,0.0,443.7,417.65,0,0.0,500,0,06-MAY-2024,
OPTSTK,DRREDDY,30-May-2024,6750.0,PE,521.8,521.8,521.8,521.8,459.4,1,9.08,125,125,06-MAY-2024,
OPTSTK,DRREDDY,30-May-2024,6800.0,PE,0.0,0.0,0.0,466.75,502.4,0,0.0,0,0,06-MAY-2024,
OPTSTK,DRREDDY,30-May-2024,6850.0,PE,578.3,586.1,578.3,586.1,546.6,2,18.58,250,250,06-MAY-2024,
OPTSTK,DRREDDY,30-May-2024,6900.0,PE,0.0,0.0,0.0,532.2,591.8,0,0.0,0,0,06-MAY-2024,
OPTSTK,DRREDDY,30-May-2024,6950.0,PE,0.0,0.0,0.0,755.45,637.8,0,0.0,0,0,06-MAY-2024,
OPTSTK,DRREDDY,30-May-2024,7000.0,PE,0.0,0.0,0.0,750.0,684.6,0,0.0,125,0,06-MAY-2024,
OPTSTK,DRREDDY,30-May-2024,7100.0,PE,0.0,0.0,0.0,675.25,779.8,0,0.0,0,0,06-MAY-2024,
OPTSTK,DRREDDY,30-May-2024,7200.0,PE,0.0,0.0,0.0,751.7,876.7,0,0.0,0,0,06-MAY-2024,
OPTSTK,DRREDDY,27-Jun-2024,5300.0,CE,0.0,0.0,0.0,980.3,1054.1,0,0.0,0,0,06-MAY-2024,
OPTSTK,DRREDDY,27-Jun-2024,5400.0,CE,0.0,0.0,0.0,892.9,958.95,0,0.0,0,0,06-MAY-2024,
OPTSTK,DRREDDY,27-Jun-2024,5500.0,CE,0.0,0.0,0.0,808.55,865.75,0,0.0,0,0,06-MAY-2024,
OPTSTK,DRREDDY,27-Jun-2024,5600.0,CE,0.0,0.0,0.0,727.7,775.05,0,0.0,0,0,06-MAY-2024,
OPTSTK,DRREDDY,27-Jun-2024,5650.0,CE,0.0,0.0,0.0,684.6,730.85,0,0.0,0,0,06-MAY-2024,
OPTSTK,DRREDDY,27-Jun-2024,5700.0,CE,0.0,0.0,0.0,650.75,687.55,0,0.0,0,0,06-MAY-2024,
OPTSTK,DRREDDY,27-Jun-2024,5750.0,CE,0.0,0.0,0.0,603.5,645.25,0,0.0,0,0,06-MAY-2024,
OPTSTK,DRREDDY,27-Jun-2024,5800.0,CE,0.0,0.0,0.0,578.25,604.05,0,0.0,0,0,06-MAY-2024,
OPTSTK,DRREDDY,27-Jun-2024,5850.0,CE,0.0,0.0,0.0,527.1,564.0,0,0.0,0,0,06-MAY-2024,
OPTSTK,DRREDDY,27-Jun-2024,5900.0,CE,0.0,0.0,0.0,510.05,525.2,0,0.0,0,0,06-MAY-2024,
OPTSTK,DRREDDY,27-Jun-2024,5950.0,CE,0.0,0.0,0.0,455.8,487.95,0,0.0,0,0,06-MAY-2024,
OPTSTK,DRREDDY,27-Jun-2024,6000.0,CE,0.0,0.0,0.0,447.0,451.55,0,0.0,0,0,06-MAY-2024,
OPTSTK,DRREDDY,27-Jun-2024,6050.0,CE,0.0,0.0,0.0,390.35,417.0,0,0.0,0,0,06-MAY-2024,
OPTSTK,DRREDDY,27-Jun-2024,6100.0,CE,0.0,0.0,0.0,389.0,383.95,0,0.0,0,0,06-MAY-2024,
OPTSTK,DRREDDY,27-Jun-2024,6150.0,CE,0.0,0.0,0.0,330.85,352.45,0,0.0,0,0,06-MAY-2024,
OPTSTK,DRREDDY,27-Jun-2024,6200.0,CE,0.0,0.0,0.0,336.15,322.6,0,0.0,0,0,06-MAY-2024,
OPTSTK,DRREDDY,27-Jun-2024,6250.0,CE,0.0,0.0,0.0,277.5,294.4,0,0.0,0,0,06-MAY-2024,
OPTSTK,DRREDDY,27-Jun-2024,6300.0,CE,0.0,0.0,0.0,288.4,267.85,0,0.0,0,0,06-MAY-2024,
OPTSTK,DRREDDY,27-Jun-2024,6350.0,CE,0.0,0.0,0.0,230.25,242.9,0,0.0,0,0,06-MAY-2024,
OPTSTK,DRREDDY,27-Jun-2024,6400.0,CE,0.0,0.0,0.0,245.7,219.6,0,0.0,0,0,06-MAY-2024,
OPTSTK,DRREDDY,27-Jun-2024,6450.0,CE,0.0,0.0,0.0,189.0,197.9,0,0.0,0,0,06-MAY-2024,
OPTSTK,DRREDDY,27-Jun-2024,6500.0,CE,250.0,270.05,231.6,255.4,255.4,12,101.28,3250,1000,06-MAY-2024,
OPTSTK,DRREDDY,27-Jun-2024,6550.0,CE,0.0,0.0,0.0,153.5,159.25,0,0.0,0,0,06-MAY-2024,
OPTSTK,DRREDDY,27-Jun-2024,6600.0,CE,0.0,0.0,0.0,174.6,142.15,0,0.0,0,0,06-MAY-2024,
OPTSTK,DRREDDY,27-Jun-2024,6650.0,CE,0.0,0.0,0.0,123.3,126.5,0,0.0,0,0,06-MAY-2024,
OPTSTK,DRREDDY,27-Jun-2024,6700.0,CE,0.0,0.0,0.0,199.1,112.25,0,0.0,375,0,06-MAY-2024,
OPTSTK,DRREDDY,27-Jun-2024,6750.0,CE,0.0,0.0,0.0,98.35,99.55,0,0.0,0,0,06-MAY-2024,
OPTSTK,DRREDDY,27-Jun-2024,6800.0,CE,0.0,0.0,0.0,121.0,87.85,0,0.0,0,0,06-MAY-2024,
OPTSTK,DRREDDY,27-Jun-2024,6850.0,CE,0.0,0.0,0.0,144.2,77.0,0,0.0,125,0,06-MAY-2024,
OPTSTK,DRREDDY,27-Jun-2024,6900.0,CE,0.0,0.0,0.0,128.7,67.5,0,0.0,625,0,06-MAY-2024,
OPTSTK,DRREDDY,27-Jun-2024,6950.0,CE,0.0,0.0,0.0,60.1,58.95,0,0.0,0,0,06-MAY-2024,
OPTSTK,DRREDDY,27-Jun-2024,7000.0,CE,0.0,0.0,0.0,101.7,51.35,0,0.0,625,0,06-MAY-2024,
OPTSTK,DRREDDY,27-Jun-2024,7100.0,CE,0.0,0.0,0.0,66.05,38.55,0,0.0,0,0,06-MAY-2024,
OPTSTK,DRREDDY,27-Jun-2024,7200.0,CE,0.0,0.0,0.0,48.75,28.65,0,0.0,125,0,06-MAY-2024,
OPTSTK,DRREDDY,27-Jun-2024,5200.0,PE,0.0,0.0,0.0,10.0,3.35,0,0.0,125,0,06-MAY-2024,
OPTSTK,DRREDDY,27-Jun-2024,5300.0,PE,0.0,0.0,0.0,27.65,5.8,0,0.0,0,0,06-MAY-2024,
OPTSTK,DRREDDY,27-Jun-2024,5400.0,PE,0.0,0.0,0.0,38.5,9.65,0,0.0,0,0,06-MAY-2024,
OPTSTK,DRREDDY,27-Jun-2024,5500.0,PE,0.0,0.0,0.0,52.35,15.35,0,0.0,0,0,06-MAY-2024,
OPTSTK,DRREDDY,27-Jun-2024,5600.0,PE,0.0,0.0,0.0,69.7,23.65,0,0.0,0,0,06-MAY-2024,
OPTSTK,DRREDDY,27-Jun-2024,5650.0,PE,0.0,0.0,0.0,45.0,28.95,0,0.0,0,0,06-MAY-2024,
OPTSTK,DRREDDY,27-Jun-2024,5700.0,PE,0.0,0.0,0.0,90.95,35.15,0,0.0,0,0,06-MAY-2024,
OPTSTK,DRREDDY,27-Jun-2024,5750.0,PE,0.0,0.0,0.0,62.65,42.3,0,0.0,0,0,06-MAY-2024,
OPTSTK,DRREDDY,27-Jun-2024,5800.0,PE,80.0,80.0,80.0,80.0,50.6,1,7.35,125,125,06-MAY-2024,
OPTSTK,DRREDDY,27-Jun-2024,5850.0,PE,0.0,0.0,0.0,85.0,60.0,0,0.0,0,0,06-MAY-2024,
OPTSTK,DRREDDY,27-Jun-2024,5900.0,PE,105.0,105.0,105.0,105.0,70.7,1,7.5,7125,0,06-MAY-2024,
OPTSTK,DRREDDY,27-Jun-2024,5950.0,PE,0.0,0.0,0.0,112.45,82.95,0,0.0,0,0,06-MAY-2024,
OPTSTK,DRREDDY,27-Jun-2024,6000.0,PE,150.0,150.0,150.0,150.0,96.05,1,7.68,3500,125,06-MAY-2024,
OPTSTK,DRREDDY,27-Jun-2024,6050.0,PE,0.0,0.0,0.0,145.75,110.95,0,0.0,0,0,06-MAY-2024,
OPTSTK,DRREDDY,27-Jun-2024,6100.0,PE,0.0,0.0,0.0,222.05,127.4,0,0.0,0,0,06-MAY-2024,
OPTSTK,DRREDDY,27-Jun-2024,6150.0,PE,0.0,0.0,0.0,185.0,145.4,0,0.0,0,0,06-MAY-2024,
OPTSTK,DRREDDY,27-Jun-2024,6200.0,PE,0.0,0.0,0.0,267.45,165.05,0,0.0,0,0,06-MAY-2024,
OPTSTK,DRREDDY,27-Jun-2024,6250.0,PE,0.0,0.0,0.0,230.4,186.3,0,0.0,0,0,06-MAY-2024,
OPTSTK,DRREDDY,27-Jun-2024,6300.0,PE,0.0,0.0,0.0,317.9,209.2,0,0.0,0,0,06-MAY-2024,
OPTSTK,DRREDDY,27-Jun-2024,6350.0,PE,0.0,0.0,0.0,281.9,233.75,0,0.0,0,0,06-MAY-2024,
OPTSTK,DRREDDY,27-Jun-2024,6400.0,PE,0.0,0.0,0.0,373.45,259.95,0,0.0,0,0,06-MAY-2024,
OPTSTK,DRREDDY,27-Jun-2024,6450.0,PE,0.0,0.0,0.0,339.4,287.75,0,0.0,0,0,06-MAY-2024,
OPTSTK,DRREDDY,27-Jun-2024,6500.0,PE,0.0,0.0,0.0,433.8,317.15,0,0.0,0,0,06-MAY-2024,
OPTSTK,DRREDDY,27-Jun-2024,6550.0,PE,0.0,0.0,0.0,402.6,348.05,0,0.0,0,0,06-MAY-2024,
OPTSTK,DRREDDY,27-Jun-2024,6600.0,PE,0.0,0.0,0.0,498.75,380.45,0,0.0,0,0,06-MAY-2024,
OPTSTK,DRREDDY,27-Jun-2024,6650.0,PE,0.0,0.0,0.0,471.2,414.3,0,0.0,0,0,06-MAY-2024,
OPTSTK,DRREDDY,27-Jun-2024,6700.0,PE,0.0,0.0,0.0,568.0,449.5,0,0.0,0,0,06-MAY-2024,
OPTSTK,DRREDDY,27-Jun-2024,6750.0,PE,0.0,0.0,0.0,544.95,486.3,0,0.0,0,0,06-MAY-2024,
OPTSTK,DRREDDY,27-Jun-2024,6800.0,PE,0.0,0.0,0.0,641.55,524.1,0,0.0,0,0,06-MAY-2024,
OPTSTK,DRREDDY,27-Jun-2024,6850.0,PE,0.0,0.0,0.0,622.55,562.75,0,0.0,0,0,06-MAY-2024,
OPTSTK,DRREDDY,27-Jun-2024,6900.0,PE,0.0,0.0,0.0,718.2,602.7,0,0.0,0,0,06-MAY-2024,
OPTSTK,DRREDDY,27-Jun-2024,6950.0,PE,0.0,0.0,0.0,704.2,643.65,0,0.0,0,0,06-MAY-2024,
OPTSTK,DRREDDY,27-Jun-2024,7000.0,PE,0.0,0.0,0.0,798.3,685.5,0,0.0,0,0,06-MAY-2024,
OPTSTK,DRREDDY,27-Jun-2024,7100.0,PE,0.0,0.0,0.0,881.25,771.7,0,0.0,0,0,06-MAY-2024,
OPTSTK,DRREDDY,27-Jun-2024,7200.0,PE,0.0,0.0,0.0,966.7,860.75,0,0.0,0,0,06-MAY-2024,
OPTSTK,DRREDDY,25-Jul-2024,5200.0,CE,0.0,0.0,0.0,1128.85,1186.65,0,0.0,0,0,06-MAY-2024,
OPTSTK,DRREDDY,25-Jul-2024,5400.0,CE,0.0,0.0,0.0,949.0,1002.3,0,0.0,0,0,06-MAY-2024,
OPTSTK,DRREDDY,25-Jul-2024,5600.0,CE,0.0,0.0,0.0,780.15,827.55,0,0.0,0,0,06-MAY-2024,
OPTSTK,DRREDDY,25-Jul-2024,5700.0,CE,0.0,0.0,0.0,701.0,744.95,0,0.0,0,0,06-MAY-2024,
OPTSTK,DRREDDY,25-Jul-2024,5800.0,CE,0.0,0.0,0.0,626.1,666.2,0,0.0,0,0,06-MAY-2024,
OPTSTK,DRREDDY,25-Jul-2024,5900.0,CE,0.0,0.0,0.0,555.05,591.9,0,0.0,0,0,06-MAY-2024,
OPTSTK,DRREDDY,25-Jul-2024,6000.0,CE,0.0,0.0,0.0,489.1,521.7,0,0.0,0,0,06-MAY-2024,
OPTSTK,DRREDDY,25-Jul-2024,6100.0,CE,0.0,0.0,0.0,428.05,456.8,0,0.0,0,0,06-MAY-2024,
OPTSTK,DRREDDY,25-Jul-2024,6200.0,CE,0.0,0.0,0.0,372.1,397.05,0,0.0,0,0,06-MAY-2024,
OPTSTK,DRREDDY,25-Jul-2024,6300.0,CE,0.0,0.0,0.0,321.15,342.55,0,0.0,0,0,06-MAY-2024,
OPTSTK,DRREDDY,25-Jul-2024,6400.0,CE,0.0,0.0,0.0,275.3,293.25,0,0.0,0,0,06-MAY-2024,
OPTSTK,DRREDDY,25-Jul-2024,6500.0,CE,0.0,0.0,0.0,234.4,249.2,0,0.0,0,0,06-MAY-2024,
OPTSTK,DRREDDY,25-Jul-2024,6600.0,CE,0.0,0.0,0.0,198.15,210.2,0,0.0,0,0,06-MAY-2024,
OPTSTK,DRREDDY,25-Jul-2024,6700.0,CE,0.0,0.0,0.0,166.4,175.95,0,0.0,0,0,06-MAY-2024,
OPTSTK,DRREDDY,25-Jul-2024,6800.0,CE,0.0,0.0,0.0,138.75,146.15,0,0.0,0,0,06-MAY-2024,
OPTSTK,DRREDDY,25-Jul-2024,6900.0,CE,0.0,0.0,0.0,115.3,120.85,0,0.0,0,0,06-MAY-2024,
OPTSTK,DRREDDY,25-Jul-2024,7000.0,CE,0.0,0.0,0.0,94.75,98.8,0,0.0,0,0,06-MAY-2024,
OPTSTK,DRREDDY,25-Jul-2024,7200.0,CE,0.0,0.0,0.0,62.95,64.85,0,0.0,0,0,06-MAY-2024,
OPTSTK,DRREDDY,25-Jul-2024,7400.0,CE,0.0,0.0,0.0,40.8,41.4,0,0.0,0,0,06-MAY-2024,
OPTSTK,DRREDDY,25-Jul-2024,5200.0,PE,0.0,0.0,0.0,16.2,10.75,0,0.0,0,0,06-MAY-2024,
OPTSTK,DRREDDY,25-Jul-2024,5400.0,PE,0.0,0.0,0.0,32.7,23.2,0,0.0,0,0,06-MAY-2024,
OPTSTK,DRREDDY,25-Jul-2024,5600.0,PE,0.0,0.0,0.0,60.25,45.3,0,0.0,0,0,06-MAY-2024,
OPTSTK,DRREDDY,25-Jul-2024,5700.0,PE,0.0,0.0,0.0,79.3,61.15,0,0.0,0,0,06-MAY-2024,
OPTSTK,DRREDDY,25-Jul-2024,5800.0,PE,0.0,0.0,0.0,102.6,80.8,0,0.0,0,0,06-MAY-2024,
OPTSTK,DRREDDY,25-Jul-2024,5900.0,PE,0.0,0.0,0.0,129.75,104.95,0,0.0,0,0,06-MAY-2024,
OPTSTK,DRREDDY,25-Jul-2024,6000.0,PE,0.0,0.0,0.0,162.0,133.15,0,0.0,0,0,06-MAY-2024,
OPTSTK,DRREDDY,25-Jul-2024,6100.0,PE,0.0,0.0,0.0,199.15,166.7,0,0.0,0,0,06-MAY-2024,
OPTSTK,DRREDDY,25-Jul-2024,6200.0,PE,0.0,0.0,0.0,241.35,205.35,0,0.0,0,0,06-MAY-2024,
OPTSTK,DRREDDY,25-Jul-2024,6300.0,PE,0.0,0.0,0.0,288.65,249.25,0,0.0,0,0,06-MAY-2024,
OPTSTK,DRREDDY,25-Jul-2024,6400.0,PE,0.0,0.0,0.0,341.0,298.4,0,0.0,0,0,06-MAY-2024,
OPTSTK,DRREDDY,25-Jul-2024,6500.0,PE,0.0,0.0,0.0,398.25,352.75,0,0.0,0,0,06-MAY-2024,
OPTSTK,DRREDDY,25-Jul-2024,6600.0,PE,0.0,0.0,0.0,460.2,412.15,0,0.0,0,0,06-MAY-2024,
OPTSTK,DRREDDY,25-Jul-2024,6700.0,PE,0.0,0.0,0.0,526.65,476.3,0,0.0,0,0,06-MAY-2024,
OPTSTK,DRREDDY,25-Jul-2024,6800.0,PE,0.0,0.0,0.0,597.2,544.95,0,0.0,0,0,06-MAY-2024,
OPTSTK,DRREDDY,25-Jul-2024,6900.0,PE,0.0,0.0,0.0,671.95,618.05,0,0.0,0,0,06-MAY-2024,
OPTSTK,DRREDDY,25-Jul-2024,7000.0,PE,0.0,0.0,0.0,749.55,694.45,0,0.0,0,0,06-MAY-2024,
OPTSTK,DRREDDY,25-Jul-2024,7200.0,PE,0.0,0.0,0.0,914.2,857.35,0,0.0,0,0,06-MAY-2024,
OPTSTK,DRREDDY,25-Jul-2024,7400.0,PE,0.0,0.0,0.0,1088.4,1030.7,0,0.0,0,0,06-MAY-2024,
OPTSTK,EICHERMOT,30-May-2024,3300.0,CE,0.0,0.0,0.0,1255.0,1314.35,0,0.0,875,0,06-MAY-2024,
OPTSTK,EICHERMOT,30-May-2024,3700.0,CE,0.0,0.0,0.0,783.15,916.45,0,0.0,350,0,06-MAY-2024,
OPTSTK,EICHERMOT,30-May-2024,3850.0,CE,0.0,0.0,0.0,698.8,768.2,0,0.0,175,0,06-MAY-2024,
OPTSTK,EICHERMOT,30-May-2024,3900.0,CE,0.0,0.0,0.0,749.15,719.2,0,0.0,2625,0,06-MAY-2024,
OPTSTK,EICHERMOT,30-May-2024,3950.0,CE,0.0,0.0,0.0,410.0,670.55,0,0.0,175,0,06-MAY-2024,
OPTSTK,EICHERMOT,30-May-2024,4000.0,CE,627.55,627.55,627.55,627.55,622.45,2,16.19,19775,0,06-MAY-2024,
OPTSTK,EICHERMOT,30-May-2024,4100.0,CE,587.35,587.35,533.25,533.25,528.35,2,16.31,1925,0,06-MAY-2024,
OPTSTK,EICHERMOT,30-May-2024,4150.0,CE,0.0,0.0,0.0,537.95,482.8,0,0.0,525,0,06-MAY-2024,
OPTSTK,EICHERMOT,30-May-2024,4200.0,CE,0.0,0.0,0.0,441.4,438.5,0,0.0,6300,0,06-MAY-2024,
OPTSTK,EICHERMOT,30-May-2024,4250.0,CE,0.0,0.0,0.0,238.65,395.75,0,0.0,525,0,06-MAY-2024,
OPTSTK,EICHERMOT,30-May-2024,4300.0,CE,415.0,415.0,373.8,376.95,376.95,83,679.74,22050,5600,06-MAY-2024,
OPTSTK,EICHERMOT,30-May-2024,4350.0,CE,0.0,0.0,0.0,197.9,315.7,0,0.0,0,0,06-MAY-2024,
OPTSTK,EICHERMOT,30-May-2024,4400.0,CE,340.0,341.6,301.85,311.5,311.5,6,49.62,30100,-175,06-MAY-2024,
OPTSTK,EICHERMOT,30-May-2024,4450.0,CE,0.0,0.0,0.0,254.75,244.4,0,0.0,4725,0,06-MAY-2024,
OPTSTK,EICHERMOT,30-May-2024,4500.0,CE,265.0,280.0,224.0,233.6,233.6,55,457.46,74200,0,06-MAY-2024,
OPTSTK,EICHERMOT,30-May-2024,4550.0,CE,232.0,248.45,195.0,203.65,203.65,80,666.77,9275,350,06-MAY-2024,
OPTSTK,EICHERMOT,30-May-2024,4600.0,CE,195.95,216.5,171.15,178.1,178.1,1838,15431.52,92925,15050,06-MAY-2024,
OPTSTK,EICHERMOT,30-May-2024,4650.0,CE,164.95,189.0,147.65,154.1,154.1,1273,10745.39,39200,7700,06-MAY-2024,
OPTSTK,EICHERMOT,30-May-2024,4700.0,CE,137.95,162.65,128.0,134.55,134.55,2917,24756.12,165900,25200,06-MAY-2024,
OPTSTK,EICHERMOT,30-May-2024,4750.0,CE,120.0,139.1,110.95,115.65,115.65,209,1783.56,23275,2800,06-MAY-2024,
OPTSTK,EICHERMOT,30-May-2024,4800.0,CE,101.95,118.8,93.2,98.1,98.1,798,6854.77,127925,17500,06-MAY-2024,
OPTSTK,EICHERMOT,30-May-2024,4850.0,CE,90.0,100.6,80.45,85.85,85.85,124,1072.54,21000,3325,06-MAY-2024,
OPTSTK,EICHERMOT,30-May-2024,4900.0,CE,73.75,85.05,67.95,71.75,71.75,455,3964.74,49000,16100,06-MAY-2024,
OPTSTK,EICHERMOT,30-May-2024,4950.0,CE,64.65,71.9,64.0,71.9,41.05,15,131.71,2100,175,06-MAY-2024,
OPTSTK,EICHERMOT,30-May-2024,5000.0,CE,57.0,61.45,48.1,51.65,51.65,952,8422.81,116025,7875,06-MAY-2024,
OPTSTK,EICHERMOT,30-May-2024,5100.0,CE,40.4,43.9,35.0,37.95,37.95,106,953.29,39550,350,06-MAY-2024,
OPTSTK,EICHERMOT,30-May-2024,5200.0,CE,30.0,32.05,24.85,26.4,26.4,862,7887.74,96250,12075,06-MAY-2024,
OPTSTK,EICHERMOT,30-May-2024,3600.0,PE,0.0,0.0,0.0,3.0,0.1,0,0.0,525,0,06-MAY-2024,
OPTSTK,EICHERMOT,30-May-2024,3700.0,PE,0.0,0.0,0.0,3.6,0.3,0,0.0,37100,0,06-MAY-2024,
OPTSTK,EICHERMOT,30-May-2024,3800.0,PE,0.0,0.0,0.0,4.5,0.8,0,0.0,875,0,06-MAY-2024,
OPTSTK,EICHERMOT,30-May-2024,3850.0,PE,0.0,0.0,0.0,9.95,1.3,0,0.0,175,0,06-MAY-2024,
OPTSTK,EICHERMOT,30-May-2024,3900.0,PE,0.0,0.0,0.0,8.0,2.1,0,0.0,22050,0,06-MAY-2024,
OPTSTK,EICHERMOT,30-May-2024,4000.0,PE,14.75,20.8,11.7,19.4,19.4,187,1314.86,144900,-3150,06-MAY-2024,
OPTSTK,EICHERMOT,30-May-2024,4100.0,PE,19.0,31.6,17.8,28.0,28.0,130,938.43,35350,-3850,06-MAY-2024,
OPTSTK,EICHERMOT,30-May-2024,4150.0,PE,27.35,36.6,27.35,36.1,14.55,16,117.16,4725,-1400,06-MAY-2024,
OPTSTK,EICHERMOT,30-May-2024,4200.0,PE,28.6,46.05,27.0,43.2,43.2,241,1788.36,74375,-11550,06-MAY-2024,
OPTSTK,EICHERMOT,30-May-2024,4250.0,PE,33.5,53.75,32.15,51.25,51.25,53,398.0,10325,-2100,06-MAY-2024,
OPTSTK,EICHERMOT,30-May-2024,4300.0,PE,42.75,65.2,39.0,62.8,62.8,239,1821.67,70525,175,06-MAY-2024,
OPTSTK,EICHERMOT,30-May-2024,4350.0,PE,55.3,78.35,55.3,75.1,75.1,56,433.49,8575,350,06-MAY-2024,
OPTSTK,EICHERMOT,30-May-2024,4400.0,PE,61.05,94.95,57.05,89.7,89.7,436,3415.97,86800,3150,06-MAY-2024,
OPTSTK,EICHERMOT,30-May-2024,4450.0,PE,76.25,111.75,74.95,106.5,106.5,133,1057.62,23450,9100,06-MAY-2024,
OPTSTK,EICHERMOT,30-May-2024,4500.0,PE,95.05,131.2,83.0,126.2,126.2,982,7918.25,222075,48125,06-MAY-2024,
OPTSTK,EICHERMOT,30-May-2024,4550.0,PE,113.85,154.05,101.0,147.3,147.3,139,1138.51,18900,-1050,06-MAY-2024,
OPTSTK,EICHERMOT,30-May-2024,4600.0,PE,128.05,178.15,118.35,169.9,169.9,1159,9634.81,107450,14700,06-MAY-2024,
OPTSTK,EICHERMOT,30-May-2024,4650.0,PE,155.75,205.3,139.45,197.3,197.3,221,1866.06,16275,5425,06-MAY-2024,
OPTSTK,EICHERMOT,30-May-2024,4700.0,PE,169.0,232.0,164.5,224.6,224.6,137,1172.9,57750,2100,06-MAY-2024,
OPTSTK,EICHERMOT,30-May-2024,4750.0,PE,0.0,0.0,0.0,223.9,222.05,0,0.0,350,0,06-MAY-2024,
OPTSTK,EICHERMOT,30-May-2024,4800.0,PE,235.0,296.0,224.35,292.85,292.85,51,450.6,4550,-2275,06-MAY-2024,
OPTSTK,EICHERMOT,30-May-2024,4850.0,PE,0.0,0.0,0.0,792.4,291.4,0,0.0,0,0,06-MAY-2024,
OPTSTK,EICHERMOT,30-May-2024,4900.0,PE,0.0,0.0,0.0,313.1,329.35,0,0.0,175,0,06-MAY-2024,
OPTSTK,EICHERMOT,30-May-2024,4950.0,PE,0.0,0.0,0.0,884.95,369.1,0,0.0,0,0,06-MAY-2024,
OPTSTK,EICHERMOT,30-May-2024,5000.0,PE,0.0,0.0,0.0,414.25,410.55,0,0.0,525,0,06-MAY-2024,
OPTSTK,EICHERMOT,30-May-2024,5100.0,PE,0.0,0.0,0.0,1162.65,497.6,0,0.0,0,0,06-MAY-2024,
OPTSTK,EICHERMOT,30-May-2024,5200.0,PE,0.0,0.0,0.0,1320.75,589.0,0,0.0,0,0,06-MAY-2024,
OPTSTK,EICHERMOT,27-Jun-2024,4000.0,CE,0.0,0.0,0.0,290.8,664.55,0,0.0,0,0,06-MAY-2024,
OPTSTK,EICHERMOT,27-Jun-2024,4100.0,CE,0.0,0.0,0.0,242.05,578.85,0,0.0,0,0,06-MAY-2024,
OPTSTK,EICHERMOT,27-Jun-2024,4150.0,CE,0.0,0.0,0.0,574.15,537.8,0,0.0,0,0,06-MAY-2024,
OPTSTK,EICHERMOT,27-Jun-2024,4200.0,CE,0.0,0.0,0.0,199.45,498.1,0,0.0,0,0,06-MAY-2024,
OPTSTK,EICHERMOT,27-Jun-2024,4250.0,CE,0.0,0.0,0.0,498.0,459.8,0,0.0,0,0,06-MAY-2024,
OPTSTK,EICHERMOT,27-Jun-2024,4300.0,CE,0.0,0.0,0.0,162.75,423.2,0,0.0,0,0,06-MAY-2024,
OPTSTK,EICHERMOT,27-Jun-2024,4350.0,CE,0.0,0.0,0.0,427.1,387.9,0,0.0,0,0,06-MAY-2024,
OPTSTK,EICHERMOT,27-Jun-2024,4400.0,CE,0.0,0.0,0.0,131.6,354.5,0,0.0,0,0,06-MAY-2024,
OPTSTK,EICHERMOT,27-Jun-2024,4450.0,CE,0.0,0.0,0.0,362.6,322.85,0,0.0,0,0,06-MAY-2024,
OPTSTK,EICHERMOT,27-Jun-2024,4500.0,CE,0.0,0.0,0.0,105.6,293.0,0,0.0,0,0,06-MAY-2024,
OPTSTK,EICHERMOT,27-Jun-2024,4550.0,CE,0.0,0.0,0.0,304.55,265.0,0,0.0,0,0,06-MAY-2024,
OPTSTK,EICHERMOT,27-Jun-2024,4600.0,CE,326.75,326.75,310.0,315.0,238.8,28,240.84,4725,4550,06-MAY-2024,
OPTSTK,EICHERMOT,27-Jun-2024,4650.0,CE,0.0,0.0,0.0,252.95,214.4,0,0.0,0,0,06-MAY-2024,
OPTSTK,EICHERMOT,27-Jun-2024,4700.0,CE,0.0,0.0,0.0,65.95,191.8,0,0.0,0,0,06-MAY-2024,
OPTSTK,EICHERMOT,27-Jun-2024,4750.0,CE,0.0,0.0,0.0,207.8,171.0,0,0.0,0,0,06-MAY-2024,
OPTSTK,EICHERMOT,27-Jun-2024,4800.0,CE,0.0,0.0,0.0,51.45,151.9,0,0.0,0,0,06-MAY-2024,
OPTSTK,EICHERMOT,27-Jun-2024,4850.0,CE,0.0,0.0,0.0,168.9,134.45,0,0.0,0,0,06-MAY-2024,
OPTSTK,EICHERMOT,27-Jun-2024,4900.0,CE,0.0,0.0,0.0,39.85,118.55,0,0.0,0,0,06-MAY-2024,
OPTSTK,EICHERMOT,27-Jun-2024,4950.0,CE,0.0,0.0,0.0,135.75,104.2,0,0.0,0,0,06-MAY-2024,
OPTSTK,EICHERMOT,27-Jun-2024,5000.0,CE,150.0,156.25,147.0,150.0,91.45,37,333.59,6475,6300,06-MAY-2024,
OPTSTK,EICHERMOT,27-Jun-2024,5100.0,CE,0.0,0.0,0.0,77.0,69.35,0,0.0,175,0,06-MAY-2024,
OPTSTK,EICHERMOT,27-Jun-2024,5200.0,CE,0.0,0.0,0.0,17.65,51.95,0,0.0,0,0,06-MAY-2024,
OPTSTK,EICHERMOT,27-Jun-2024,4000.0,PE,0.0,0.0,0.0,200.05,24.25,0,0.0,0,0,06-MAY-2024,
OPTSTK,EICHERMOT,27-Jun-2024,4100.0,PE,0.0,0.0,0.0,249.45,37.5,0,0.0,0,0,06-MAY-2024,
OPTSTK,EICHERMOT,27-Jun-2024,4150.0,PE,0.0,0.0,0.0,70.0,45.95,0,0.0,350,0,06-MAY-2024,
OPTSTK,EICHERMOT,27-Jun-2024,4200.0,PE,0.0,0.0,0.0,305.1,55.7,0,0.0,0,0,06-MAY-2024,
OPTSTK,EICHERMOT,27-Jun-2024,4250.0,PE,0.0,0.0,0.0,79.5,66.95,0,0.0,0,0,06-MAY-2024,
OPTSTK,EICHERMOT,27-Jun-2024,4300.0,PE,0.0,0.0,0.0,121.2,79.8,0,0.0,175,0,06-MAY-2024,
OPTSTK,EICHERMOT,27-Jun-2024,4350.0,PE,0.0,0.0,0.0,107.35,94.0,0,0.0,0,0,06-MAY-2024,
OPTSTK,EICHERMOT,27-Jun-2024,4400.0,PE,100.0,161.05,100.0,160.5,110.05,65,517.59,21000,11025,06-MAY-2024,
OPTSTK,EICHERMOT,27-Jun-2024,4450.0,PE,0.0,0.0,0.0,136.6,127.9,0,0.0,175,0,06-MAY-2024,
OPTSTK,EICHERMOT,27-Jun-2024,4500.0,PE,190.0,196.0,190.0,196.0,147.55,13,106.73,2275,2275,06-MAY-2024,
OPTSTK,EICHERMOT,27-Jun-2024,4550.0,PE,0.0,0.0,0.0,182.3,169.0,0,0.0,0,0,06-MAY-2024,
OPTSTK,EICHERMOT,27-Jun-2024,4600.0,PE,0.0,0.0,0.0,203.9,192.3,0,0.0,175,0,06-MAY-2024,
OPTSTK,EICHERMOT,27-Jun-2024,4650.0,PE,0.0,0.0,0.0,229.45,217.4,0,0.0,0,0,06-MAY-2024,
OPTSTK,EICHERMOT,27-Jun-2024,4700.0,PE,0.0,0.0,0.0,662.65,244.3,0,0.0,0,0,06-MAY-2024,
OPTSTK,EICHERMOT,27-Jun-2024,4750.0,PE,0.0,0.0,0.0,283.05,272.95,0,0.0,0,0,06-MAY-2024,
OPTSTK,EICHERMOT,27-Jun-2024,4800.0,PE,0.0,0.0,0.0,746.4,303.35,0,0.0,0,0,06-MAY-2024,
OPTSTK,EICHERMOT,27-Jun-2024,4850.0,PE,0.0,0.0,0.0,342.9,335.35,0,0.0,0,0,06-MAY-2024,
OPTSTK,EICHERMOT,27-Jun-2024,4900.0,PE,0.0,0.0,0.0,832.95,369.0,0,0.0,0,0,06-MAY-2024,
OPTSTK,EICHERMOT,27-Jun-2024,4950.0,PE,0.0,0.0,0.0,408.5,404.1,0,0.0,0,0,06-MAY-2024,
OPTSTK,EICHERMOT,27-Jun-2024,5000.0,PE,0.0,0.0,0.0,921.95,440.85,0,0.0,0,0,06-MAY-2024,
OPTSTK,EICHERMOT,27-Jun-2024,5100.0,PE,0.0,0.0,0.0,1012.9,517.7,0,0.0,0,0,06-MAY-2024,
OPTSTK,EICHERMOT,27-Jun-2024,5200.0,PE,0.0,0.0,0.0,1105.4,599.3,0,0.0,0,0,06-MAY-2024,
OPTSTK,EICHERMOT,25-Jul-2024,4000.0,CE,0.0,0.0,0.0,741.2,708.05,0,0.0,0,0,06-MAY-2024,
OPTSTK,EICHERMOT,25-Jul-2024,4200.0,CE,0.0,0.0,0.0,587.45,551.95,0,0.0,0,0,06-MAY-2024,
OPTSTK,EICHERMOT,25-Jul-2024,4300.0,CE,0.0,0.0,0.0,517.3,481.0,0,0.0,0,0,06-MAY-2024,
OPTSTK,EICHERMOT,25-Jul-2024,4400.0,CE,0.0,0.0,0.0,452.55,415.85,0,0.0,0,0,06-MAY-2024,
OPTSTK,EICHERMOT,25-Jul-2024,4500.0,CE,0.0,0.0,0.0,393.1,356.5,0,0.0,0,0,06-MAY-2024,
OPTSTK,EICHERMOT,25-Jul-2024,4600.0,CE,0.0,0.0,0.0,339.05,303.0,0,0.0,0,0,06-MAY-2024,
OPTSTK,EICHERMOT,25-Jul-2024,4700.0,CE,0.0,0.0,0.0,290.35,255.3,0,0.0,0,0,06-MAY-2024,
OPTSTK,EICHERMOT,25-Jul-2024,4800.0,CE,0.0,0.0,0.0,246.95,213.3,0,0.0,0,0,06-MAY-2024,
OPTSTK,EICHERMOT,25-Jul-2024,4900.0,CE,0.0,0.0,0.0,208.6,176.7,0,0.0,0,0,06-MAY-2024,
OPTSTK,EICHERMOT,25-Jul-2024,5000.0,CE,0.0,0.0,0.0,175.0,145.2,0,0.0,0,0,06-MAY-2024,
OPTSTK,EICHERMOT,25-Jul-2024,5200.0,CE,0.0,0.0,0.0,121.0,96.0,0,0.0,0,0,06-MAY-2024,
OPTSTK,EICHERMOT,25-Jul-2024,4000.0,PE,0.0,0.0,0.0,53.75,45.7,0,0.0,0,0,06-MAY-2024,
OPTSTK,EICHERMOT,25-Jul-2024,4200.0,PE,0.0,0.0,0.0,96.4,86.45,0,0.0,0,0,06-MAY-2024,
OPTSTK,EICHERMOT,25-Jul-2024,4300.0,PE,0.0,0.0,0.0,124.45,113.9,0,0.0,0,0,06-MAY-2024,
OPTSTK,EICHERMOT,25-Jul-2024,4400.0,PE,0.0,0.0,0.0,157.85,147.2,0,0.0,0,0,06-MAY-2024,
OPTSTK,EICHERMOT,25-Jul-2024,4500.0,PE,0.0,0.0,0.0,207.2,186.25,0,0.0,175,0,06-MAY-2024,
OPTSTK,EICHERMOT,25-Jul-2024,4600.0,PE,0.0,0.0,0.0,240.75,231.15,0,0.0,0,0,06-MAY-2024,
OPTSTK,EICHERMOT,25-Jul-2024,4700.0,PE,0.0,0.0,0.0,290.25,281.9,0,0.0,0,0,06-MAY-2024,
OPTSTK,EICHERMOT,25-Jul-2024,4800.0,PE,0.0,0.0,0.0,345.05,338.3,0,0.0,0,0,06-MAY-2024,
OPTSTK,EICHERMOT,25-Jul-2024,4900.0,PE,0.0,0.0,0.0,404.9,400.15,0,0.0,0,0,06-MAY-2024,
OPTSTK,EICHERMOT,25-Jul-2024,5000.0,PE,0.0,0.0,0.0,469.5,467.05,0,0.0,0,0,06-MAY-2024,
OPTSTK,EICHERMOT,25-Jul-2024,5200.0,PE,0.0,0.0,0.0,611.9,614.7,0,0.0,0,0,06-MAY-2024,
OPTSTK,ESCORTS,30-May-2024,2700.0,CE,0.0,0.0,0.0,465.4,787.25,0,0.0,550,0,06-MAY-2024,
OPTSTK,ESCORTS,30-May-2024,2740.0,CE,0.0,0.0,0.0,477.55,747.5,0,0.0,275,0,06-MAY-2024,
OPTSTK,ESCORTS,30-May-2024,2880.0,CE,0.0,0.0,0.0,208.6,609.2,0,0.0,0,0,06-MAY-2024,
OPTSTK,ESCORTS,30-May-2024,2920.0,CE,0.0,0.0,0.0,190.05,570.1,0,0.0,0,0,06-MAY-2024,
OPTSTK,ESCORTS,30-May-2024,2960.0,CE,0.0,0.0,0.0,172.7,531.3,0,0.0,0,0,06-MAY-2024,
OPTSTK,ESCORTS,30-May-2024,3000.0,CE,489.85,489.85,488.35,488.35,493.0,11,105.54,10450,-1100,06-MAY-2024,
OPTSTK,ESCORTS,30-May-2024,3040.0,CE,0.0,0.0,0.0,297.9,455.2,0,0.0,1100,0,06-MAY-2024,
OPTSTK,ESCORTS,30-May-2024,3060.0,CE,0.0,0.0,0.0,64.05,436.6,0,0.0,0,0,06-MAY-2024,
OPTSTK,ESCORTS,30-May-2024,3080.0,CE,0.0,0.0,0.0,433.95,418.2,0,0.0,1100,0,06-MAY-2024,
OPTSTK,ESCORTS,30-May-2024,3100.0,CE,397.6,415.0,390.0,415.0,415.0,17,163.72,13750,-1925,06-MAY-2024,
OPTSTK,ESCORTS,30-May-2024,3120.0,CE,0.0,0.0,0.0,115.05,382.05,0,0.0,0,0,06-MAY-2024,
OPTSTK,ESCORTS,30-May-2024,3140.0,CE,0.0,0.0,0.0,304.35,364.35,0,0.0,1100,0,06-MAY-2024,
OPTSTK,ESCORTS,30-May-2024,3160.0,CE,0.0,0.0,0.0,103.35,346.95,0,0.0,0,0,06-MAY-2024,
OPTSTK,ESCORTS,30-May-2024,3180.0,CE,0.0,0.0,0.0,39.95,329.85,0,0.0,0,0,06-MAY-2024,
OPTSTK,ESCORTS,30-May-2024,3200.0,CE,342.0,342.0,305.0,305.0,313.1,3,29.08,37950,0,06-MAY-2024,
OPTSTK,ESCORTS,30-May-2024,3220.0,CE,0.0,0.0,0.0,148.0,296.75,0,0.0,0,0,06-MAY-2024,
OPTSTK,ESCORTS,30-May-2024,3240.0,CE,0.0,0.0,0.0,151.8,280.75,0,0.0,275,0,06-MAY-2024,
OPTSTK,ESCORTS,30-May-2024,3260.0,CE,0.0,0.0,0.0,288.0,265.15,0,0.0,8525,0,06-MAY-2024,
OPTSTK,ESCORTS,30-May-2024,3280.0,CE,0.0,0.0,0.0,224.2,249.95,0,0.0,1375,0,06-MAY-2024,
OPTSTK,ESCORTS,30-May-2024,3300.0,CE,272.0,283.0,246.0,257.0,257.0,26,254.56,54725,-1100,06-MAY-2024,
OPTSTK,ESCORTS,30-May-2024,3320.0,CE,0.0,0.0,0.0,225.35,220.9,0,0.0,9350,0,06-MAY-2024,
OPTSTK,ESCORTS,30-May-2024,3340.0,CE,226.6,226.6,226.6,226.6,226.6,1,9.8,8525,-275,06-MAY-2024,
OPTSTK,ESCORTS,30-May-2024,3360.0,CE,214.45,214.45,209.45,212.0,212.0,4,39.29,7975,-550,06-MAY-2024,
OPTSTK,ESCORTS,30-May-2024,3380.0,CE,0.0,0.0,0.0,179.7,181.05,0,0.0,5775,0,06-MAY-2024,
OPTSTK,ESCORTS,30-May-2024,3400.0,CE,205.45,211.3,167.45,189.45,189.45,73,718.89,115225,-8250,06-MAY-2024,
OPTSTK,ESCORTS,30-May-2024,3420.0,CE,160.0,160.0,160.0,160.0,157.05,1,9.84,11000,0,06-MAY-2024,
OPTSTK,ESCORTS,30-May-2024,3440.0,CE,160.6,170.0,145.55,170.0,145.8,13,128.55,4400,-825,06-MAY-2024,
OPTSTK,ESCORTS,30-May-2024,3460.0,CE,160.2,181.85,136.0,156.2,156.2,145,1442.05,19250,-1100,06-MAY-2024,
OPTSTK,ESCORTS,30-May-2024,3480.0,CE,149.0,164.9,128.95,142.5,142.5,42,418.23,9075,-1375,06-MAY-2024,
OPTSTK,ESCORTS,30-May-2024,3500.0,CE,142.1,159.45,116.55,135.5,135.5,785,7852.58,103950,-3025,06-MAY-2024,
OPTSTK,ESCORTS,30-May-2024,3520.0,CE,138.05,142.3,111.1,124.4,124.4,39,390.78,14850,1650,06-MAY-2024,
OPTSTK,ESCORTS,30-May-2024,3540.0,CE,120.4,120.85,103.0,118.25,118.25,23,230.91,1650,550,06-MAY-2024,
OPTSTK,ESCORTS,30-May-2024,3560.0,CE,93.0,110.35,93.0,103.45,89.55,11,110.81,17325,-1100,06-MAY-2024,
OPTSTK,ESCORTS,30-May-2024,3580.0,CE,0.0,0.0,0.0,10.4,81.95,0,0.0,0,0,06-MAY-2024,
OPTSTK,ESCORTS,30-May-2024,3600.0,CE,97.05,112.9,79.2,92.2,92.2,334,3392.61,64350,6600,06-MAY-2024,
OPTSTK,ESCORTS,30-May-2024,3620.0,CE,0.0,0.0,0.0,19.2,68.25,0,0.0,0,0,06-MAY-2024,
OPTSTK,ESCORTS,30-May-2024,3640.0,CE,74.0,80.0,68.0,78.2,78.2,7,71.47,12375,275,06-MAY-2024,
OPTSTK,ESCORTS,30-May-2024,3660.0,CE,0.0,0.0,0.0,16.1,56.35,0,0.0,0,0,06-MAY-2024,
OPTSTK,ESCORTS,30-May-2024,3680.0,CE,73.15,80.0,73.15,76.1,51.05,3,30.99,22275,0,06-MAY-2024,
OPTSTK,ESCORTS,30-May-2024,3700.0,CE,70.0,75.25,52.85,62.35,62.35,148,1530.77,15125,9900,06-MAY-2024,
OPTSTK,ESCORTS,30-May-2024,3720.0,CE,53.0,58.0,53.0,58.0,58.0,2,20.76,5225,0,06-MAY-2024,
OPTSTK,ESCORTS,30-May-2024,3760.0,CE,52.3,60.5,41.0,46.0,46.0,19,198.92,12100,825,06-MAY-2024,
OPTSTK,ESCORTS,30-May-2024,3800.0,CE,44.1,50.85,34.0,38.8,38.8,67,707.61,13200,6050,06-MAY-2024,
OPTSTK,ESCORTS,30-May-2024,3840.0,CE,0.0,0.0,0.0,12.45,21.5,0,0.0,0,0,06-MAY-2024,
OPTSTK,ESCORTS,30-May-2024,3880.0,CE,24.9,24.9,24.9,24.9,16.95,1,10.73,275,275,06-MAY-2024,
OPTSTK,ESCORTS,30-May-2024,2600.0,PE,0.0,0.0,0.0,3.9,0.05,0,0.0,550,0,06-MAY-2024,
OPTSTK,ESCORTS,30-May-2024,2700.0,PE,0.0,0.0,0.0,3.15,0.15,0,0.0,2750,0,06-MAY-2024,
OPTSTK,ESCORTS,30-May-2024,2740.0,PE,0.0,0.0,0.0,3.8,0.2,0,0.0,275,0,06-MAY-2024,
OPTSTK,ESCORTS,30-May-2024,2800.0,PE,2.0,3.7,2.0,3.7,0.5,3,23.12,52800,0,06-MAY-2024,
OPTSTK,ESCORTS,30-May-2024,2880.0,PE,0.0,0.0,0.0,13.1,1.25,0,0.0,2750,0,06-MAY-2024,
OPTSTK,ESCORTS,30-May-2024,2900.0,PE,5.15,5.15,4.9,5.15,1.6,17,135.81,26125,-550,06-MAY-2024,
OPTSTK,ESCORTS,30-May-2024,2920.0,PE,0.0,0.0,0.0,200.55,1.95,0,0.0,0,0,06-MAY-2024,
OPTSTK,ESCORTS,30-May-2024,2960.0,PE,0.0,0.0,0.0,19.55,3.0,0,0.0,2750,0,06-MAY-2024,
OPTSTK,ESCORTS,30-May-2024,2980.0,PE,0.0,0.0,0.0,12.35,3.7,0,0.0,6050,0,06-MAY-2024,
OPTSTK,ESCORTS,30-May-2024,3000.0,PE,10.45,12.85,9.5,11.45,4.5,116,960.52,68200,10175,06-MAY-2024,
OPTSTK,ESCORTS,30-May-2024,3040.0,PE,0.0,0.0,0.0,24.6,6.55,0,0.0,5225,0,06-MAY-2024,
OPTSTK,ESCORTS,30-May-2024,3060.0,PE,0.0,0.0,0.0,309.35,7.85,0,0.0,0,0,06-MAY-2024,
OPTSTK,ESCORTS,30-May-2024,3080.0,PE,0.0,0.0,0.0,39.55,9.3,0,0.0,3300,0,06-MAY-2024,
OPTSTK,ESCORTS,30-May-2024,3100.0,PE,17.45,21.75,17.45,20.05,20.05,42,360.38,46200,1375,06-MAY-2024,
OPTSTK,ESCORTS,30-May-2024,3120.0,PE,0.0,0.0,0.0,39.05,13.0,0,0.0,3850,0,06-MAY-2024,
OPTSTK,ESCORTS,30-May-2024,3140.0,PE,0.0,0.0,0.0,371.25,15.2,0,0.0,0,0,06-MAY-2024,
OPTSTK,ESCORTS,30-May-2024,3160.0,PE,0.0,0.0,0.0,28.0,17.7,0,0.0,3300,0,06-MAY-2024,
OPTSTK,ESCORTS,30-May-2024,3180.0,PE,27.45,27.45,27.45,27.45,20.55,1,8.82,4675,0,06-MAY-2024,
OPTSTK,ESCORTS,30-May-2024,3200.0,PE,31.65,39.75,29.5,36.05,36.05,88,782.73,49225,-1100,06-MAY-2024,
OPTSTK,ESCORTS,30-May-2024,3220.0,PE,39.0,39.0,39.0,39.0,27.25,1,8.96,9900,0,06-MAY-2024,
OPTSTK,ESCORTS,30-May-2024,3240.0,PE,0.0,0.0,0.0,407.75,31.15,0,0.0,0,0,06-MAY-2024,
OPTSTK,ESCORTS,30-May-2024,3260.0,PE,0.0,0.0,0.0,60.75,35.45,0,0.0,10725,0,06-MAY-2024,
OPTSTK,ESCORTS,30-May-2024,3280.0,PE,59.95,59.95,59.95,59.95,40.2,1,9.18,11825,0,06-MAY-2024,
OPTSTK,ESCORTS,30-May-2024,3300.0,PE,49.0,66.6,49.0,58.1,58.1,60,554.4,29425,-1650,06-MAY-2024,
OPTSTK,ESCORTS,30-May-2024,3320.0,PE,0.0,0.0,0.0,469.3,50.95,0,0.0,0,0,06-MAY-2024,
OPTSTK,ESCORTS,30-May-2024,3340.0,PE,0.0,0.0,0.0,542.0,57.1,0,0.0,0,0,06-MAY-2024,
OPTSTK,ESCORTS,30-May-2024,3360.0,PE,77.0,77.0,77.0,77.0,77.0,5,47.25,8800,1375,06-MAY-2024,
OPTSTK,ESCORTS,30-May-2024,3380.0,PE,81.3,95.95,81.3,84.6,84.6,17,162.03,10725,825,06-MAY-2024,
OPTSTK,ESCORTS,30-May-2024,3400.0,PE,85.05,104.1,80.0,91.95,91.95,224,2152.58,37125,1650,06-MAY-2024,
OPTSTK,ESCORTS,30-May-2024,3420.0,PE,0.0,0.0,0.0,614.9,86.6,0,0.0,0,0,06-MAY-2024,
OPTSTK,ESCORTS,30-May-2024,3440.0,PE,0.0,0.0,0.0,103.45,95.3,0,0.0,1650,0,06-MAY-2024,
OPTSTK,ESCORTS,30-May-2024,3460.0,PE,110.0,132.25,110.0,120.35,120.35,52,512.5,6600,825,06-MAY-2024,
OPTSTK,ESCORTS,30-May-2024,3480.0,PE,0.0,0.0,0.0,601.15,114.25,0,0.0,0,0,06-MAY-2024,
OPTSTK,ESCORTS,30-May-2024,3500.0,PE,133.0,154.4,118.0,139.9,139.9,92,920.84,33000,1100,06-MAY-2024,
OPTSTK,ESCORTS,30-May-2024,3520.0,PE,0.0,0.0,0.0,635.65,135.35,0,0.0,0,0,06-MAY-2024,
OPTSTK,ESCORTS,30-May-2024,3540.0,PE,0.0,0.0,0.0,651.5,146.65,0,0.0,0,0,06-MAY-2024,
OPTSTK,ESCORTS,30-May-2024,3560.0,PE,162.25,167.9,162.25,167.9,158.5,2,20.48,1650,0,06-MAY-2024,
OPTSTK,ESCORTS,30-May-2024,3580.0,PE,0.0,0.0,0.0,688.85,170.8,0,0.0,0,0,06-MAY-2024,
OPTSTK,ESCORTS,30-May-2024,3600.0,PE,188.0,211.7,188.0,205.0,183.6,15,157.03,1925,1375,06-MAY-2024,
OPTSTK,ESCORTS,30-May-2024,3620.0,PE,0.0,0.0,0.0,591.75,196.9,0,0.0,0,0,06-MAY-2024,
OPTSTK,ESCORTS,30-May-2024,3640.0,PE,209.7,209.7,209.7,209.7,210.65,1,10.58,5500,275,06-MAY-2024,
OPTSTK,ESCORTS,30-May-2024,3660.0,PE,0.0,0.0,0.0,628.2,224.8,0,0.0,0,0,06-MAY-2024,
OPTSTK,ESCORTS,30-May-2024,3680.0,PE,0.0,0.0,0.0,778.2,239.4,0,0.0,0,0,06-MAY-2024,
OPTSTK,ESCORTS,30-May-2024,3700.0,PE,0.0,0.0,0.0,665.15,254.6,0,0.0,0,0,06-MAY-2024,
OPTSTK,ESCORTS,30-May-2024,3720.0,PE,0.0,0.0,0.0,900.4,269.85,0,0.0,0,0,06-MAY-2024,
OPTSTK,ESCORTS,30-May-2024,3760.0,PE,0.0,0.0,0.0,327.1,301.7,0,0.0,0,0,06-MAY-2024,
OPTSTK,ESCORTS,30-May-2024,3800.0,PE,0.0,0.0,0.0,978.35,334.85,0,0.0,0,0,06-MAY-2024,
OPTSTK,ESCORTS,30-May-2024,3840.0,PE,0.0,0.0,0.0,926.3,369.15,0,0.0,0,0,06-MAY-2024,
OPTSTK,ESCORTS,30-May-2024,3880.0,PE,0.0,0.0,0.0,1056.65,404.4,0,0.0,0,0,06-MAY-2024,
OPTSTK,ESCORTS,27-Jun-2024,2880.0,CE,0.0,0.0,0.0,159.35,634.65,0,0.0,0,0,06-MAY-2024,
OPTSTK,ESCORTS,27-Jun-2024,2920.0,CE,0.0,0.0,0.0,143.35,598.05,0,0.0,0,0,06-MAY-2024,
OPTSTK,ESCORTS,27-Jun-2024,2960.0,CE,0.0,0.0,0.0,128.65,562.1,0,0.0,0,0,06-MAY-2024,
OPTSTK,ESCORTS,27-Jun-2024,3000.0,CE,0.0,0.0,0.0,115.1,526.9,0,0.0,0,0,06-MAY-2024,
OPTSTK,ESCORTS,27-Jun-2024,3040.0,CE,0.0,0.0,0.0,102.75,492.5,0,0.0,0,0,06-MAY-2024,
OPTSTK,ESCORTS,27-Jun-2024,3060.0,CE,0.0,0.0,0.0,313.1,475.65,0,0.0,0,0,06-MAY-2024,
OPTSTK,ESCORTS,27-Jun-2024,3080.0,CE,0.0,0.0,0.0,91.45,459.05,0,0.0,0,0,06-MAY-2024,
OPTSTK,ESCORTS,27-Jun-2024,3100.0,CE,0.0,0.0,0.0,287.2,442.7,0,0.0,0,0,06-MAY-2024,
OPTSTK,ESCORTS,27-Jun-2024,3120.0,CE,0.0,0.0,0.0,81.35,426.6,0,0.0,0,0,06-MAY-2024,
OPTSTK,ESCORTS,27-Jun-2024,3140.0,CE,0.0,0.0,0.0,262.6,410.75,0,0.0,0,0,06-MAY-2024,
OPTSTK,ESCORTS,27-Jun-2024,3160.0,CE,0.0,0.0,0.0,72.1,395.2,0,0.0,0,0,06-MAY-2024,
OPTSTK,ESCORTS,27-Jun-2024,3180.0,CE,0.0,0.0,0.0,239.4,380.0,0,0.0,0,0,06-MAY-2024,
OPTSTK,ESCORTS,27-Jun-2024,3200.0,CE,0.0,0.0,0.0,63.65,365.05,0,0.0,0,0,06-MAY-2024,
OPTSTK,ESCORTS,27-Jun-2024,3220.0,CE,0.0,0.0,0.0,217.55,350.5,0,0.0,0,0,06-MAY-2024,
OPTSTK,ESCORTS,27-Jun-2024,3240.0,CE,0.0,0.0,0.0,56.1,336.15,0,0.0,0,0,06-MAY-2024,
OPTSTK,ESCORTS,27-Jun-2024,3260.0,CE,0.0,0.0,0.0,197.1,322.0,0,0.0,0,0,06-MAY-2024,
OPTSTK,ESCORTS,27-Jun-2024,3280.0,CE,0.0,0.0,0.0,49.35,308.35,0,0.0,0,0,06-MAY-2024,
OPTSTK,ESCORTS,27-Jun-2024,3300.0,CE,0.0,0.0,0.0,178.05,295.05,0,0.0,0,0,06-MAY-2024,
OPTSTK,ESCORTS,27-Jun-2024,3320.0,CE,0.0,0.0,0.0,43.3,282.1,0,0.0,0,0,06-MAY-2024,
OPTSTK,ESCORTS,27-Jun-2024,3340.0,CE,0.0,0.0,0.0,160.35,269.45,0,0.0,0,0,06-MAY-2024,
OPTSTK,ESCORTS,27-Jun-2024,3360.0,CE,0.0,0.0,0.0,37.9,257.2,0,0.0,0,0,06-MAY-2024,
OPTSTK,ESCORTS,27-Jun-2024,3380.0,CE,0.0,0.0,0.0,144.0,245.3,0,0.0,0,0,06-MAY-2024,
OPTSTK,ESCORTS,27-Jun-2024,3400.0,CE,0.0,0.0,0.0,33.15,233.7,0,0.0,0,0,06-MAY-2024,
OPTSTK,ESCORTS,27-Jun-2024,3420.0,CE,0.0,0.0,0.0,128.9,222.5,0,0.0,0,0,06-MAY-2024,
OPTSTK,ESCORTS,27-Jun-2024,3440.0,CE,0.0,0.0,0.0,28.9,211.7,0,0.0,0,0,06-MAY-2024,
OPTSTK,ESCORTS,27-Jun-2024,3460.0,CE,0.0,0.0,0.0,115.05,201.2,0,0.0,0,0,06-MAY-2024,
OPTSTK,ESCORTS,27-Jun-2024,3480.0,CE,0.0,0.0,0.0,25.1,191.1,0,0.0,0,0,06-MAY-2024,
OPTSTK,ESCORTS,27-Jun-2024,3500.0,CE,0.0,0.0,0.0,102.4,181.3,0,0.0,0,0,06-MAY-2024,
OPTSTK,ESCORTS,27-Jun-2024,3520.0,CE,0.0,0.0,0.0,21.8,171.9,0,0.0,0,0,06-MAY-2024,
OPTSTK,ESCORTS,27-Jun-2024,3540.0,CE,0.0,0.0,0.0,90.85,162.85,0,0.0,0,0,06-MAY-2024,
OPTSTK,ESCORTS,27-Jun-2024,3560.0,CE,0.0,0.0,0.0,27.05,154.15,0,0.0,0,0,06-MAY-2024,
OPTSTK,ESCORTS,27-Jun-2024,3580.0,CE,0.0,0.0,0.0,80.55,145.75,0,0.0,0,0,06-MAY-2024,
OPTSTK,ESCORTS,27-Jun-2024,3600.0,CE,0.0,0.0,0.0,16.35,137.75,0,0.0,0,0,06-MAY-2024,
OPTSTK,ESCORTS,27-Jun-2024,3620.0,CE,0.0,0.0,0.0,71.1,130.05,0,0.0,0,0,06-MAY-2024,
OPTSTK,ESCORTS,27-Jun-2024,3640.0,CE,0.0,0.0,0.0,38.15,122.65,0,0.0,0,0,06-MAY-2024,
OPTSTK,ESCORTS,27-Jun-2024,3660.0,CE,0.0,0.0,0.0,62.5,115.6,0,0.0,0,0,06-MAY-2024,
OPTSTK,ESCORTS,27-Jun-2024,3680.0,CE,0.0,0.0,0.0,12.15,108.9,0,0.0,0,0,06-MAY-2024,
OPTSTK,ESCORTS,27-Jun-2024,3700.0,CE,0.0,0.0,0.0,54.85,102.45,0,0.0,0,0,06-MAY-2024,
OPTSTK,ESCORTS,27-Jun-2024,3720.0,CE,0.0,0.0,0.0,29.45,96.35,0,0.0,0,0,06-MAY-2024,
OPTSTK,ESCORTS,27-Jun-2024,3760.0,CE,0.0,0.0,0.0,8.95,84.95,0,0.0,0,0,06-MAY-2024,
OPTSTK,ESCORTS,27-Jun-2024,3800.0,CE,0.0,0.0,0.0,27.7,74.85,0,0.0,0,0,06-MAY-2024,
OPTSTK,ESCORTS,27-Jun-2024,3840.0,CE,0.0,0.0,0.0,6.6,65.65,0,0.0,0,0,06-MAY-2024,
OPTSTK,ESCORTS,27-Jun-2024,3880.0,CE,0.0,0.0,0.0,22.8,57.25,0,0.0,0,0,06-MAY-2024,
OPTSTK,ESCORTS,27-Jun-2024,2880.0,PE,0.0,0.0,0.0,38.0,10.35,0,0.0,0,0,06-MAY-2024,
OPTSTK,ESCORTS,27-Jun-2024,2920.0,PE,0.0,0.0,0.0,233.9,13.3,0,0.0,0,0,06-MAY-2024,
OPTSTK,ESCORTS,27-Jun-2024,2960.0,PE,0.0,0.0,0.0,258.45,16.95,0,0.0,0,0,06-MAY-2024,
OPTSTK,ESCORTS,27-Jun-2024,3000.0,PE,36.0,36.0,36.0,36.0,21.3,1,8.34,275,275,06-MAY-2024,
OPTSTK,ESCORTS,27-Jun-2024,3040.0,PE,0.0,0.0,0.0,311.1,26.55,0,0.0,0,0,06-MAY-2024,
OPTSTK,ESCORTS,27-Jun-2024,3060.0,PE,0.0,0.0,0.0,84.1,29.45,0,0.0,0,0,06-MAY-2024,
OPTSTK,ESCORTS,27-Jun-2024,3080.0,PE,0.0,0.0,0.0,339.1,32.65,0,0.0,0,0,06-MAY-2024,
OPTSTK,ESCORTS,27-Jun-2024,3100.0,PE,0.0,0.0,0.0,97.65,36.1,0,0.0,0,0,06-MAY-2024,
OPTSTK,ESCORTS,27-Jun-2024,3120.0,PE,0.0,0.0,0.0,368.25,39.8,0,0.0,0,0,06-MAY-2024,
OPTSTK,ESCORTS,27-Jun-2024,3140.0,PE,0.0,0.0,0.0,112.55,43.75,0,0.0,0,0,06-MAY-2024,
OPTSTK,ESCORTS,27-Jun-2024,3160.0,PE,0.0,0.0,0.0,398.3,48.0,0,0.0,0,0,06-MAY-2024,
OPTSTK,ESCORTS,27-Jun-2024,3180.0,PE,0.0,0.0,0.0,128.85,52.55,0,0.0,0,0,06-MAY-2024,
OPTSTK,ESCORTS,27-Jun-2024,3200.0,PE,0.0,0.0,0.0,429.15,57.4,0,0.0,0,0,06-MAY-2024,
OPTSTK,ESCORTS,27-Jun-2024,3220.0,PE,0.0,0.0,0.0,146.55,62.7,0,0.0,0,0,06-MAY-2024,
OPTSTK,ESCORTS,27-Jun-2024,3240.0,PE,0.0,0.0,0.0,460.9,68.15,0,0.0,0,0,06-MAY-2024,
OPTSTK,ESCORTS,27-Jun-2024,3260.0,PE,0.0,0.0,0.0,165.6,73.8,0,0.0,0,0,06-MAY-2024,
OPTSTK,ESCORTS,27-Jun-2024,3280.0,PE,0.0,0.0,0.0,493.45,79.9,0,0.0,0,0,06-MAY-2024,
OPTSTK,ESCORTS,27-Jun-2024,3300.0,PE,0.0,0.0,0.0,186.05,86.4,0,0.0,0,0,06-MAY-2024,
OPTSTK,ESCORTS,27-Jun-2024,3320.0,PE,0.0,0.0,0.0,526.65,93.25,0,0.0,0,0,06-MAY-2024,
OPTSTK,ESCORTS,27-Jun-2024,3340.0,PE,0.0,0.0,0.0,207.85,100.4,0,0.0,0,0,06-MAY-2024,
OPTSTK,ESCORTS,27-Jun-2024,3360.0,PE,0.0,0.0,0.0,560.55,107.9,0,0.0,0,0,06-MAY-2024,
OPTSTK,ESCORTS,27-Jun-2024,3380.0,PE,0.0,0.0,0.0,230.95,115.8,0,0.0,0,0,06-MAY-2024,
OPTSTK,ESCORTS,27-Jun-2024,3400.0,PE,0.0,0.0,0.0,595.05,124.05,0,0.0,0,0,06-MAY-2024,
OPTSTK,ESCORTS,27-Jun-2024,3420.0,PE,0.0,0.0,0.0,255.4,132.65,0,0.0,0,0,06-MAY-2024,
OPTSTK,ESCORTS,27-Jun-2024,3440.0,PE,0.0,0.0,0.0,630.1,141.6,0,0.0,0,0,06-MAY-2024,
OPTSTK,ESCORTS,27-Jun-2024,3460.0,PE,0.0,0.0,0.0,281.05,150.9,0,0.0,0,0,06-MAY-2024,
OPTSTK,ESCORTS,27-Jun-2024,3480.0,PE,0.0,0.0,0.0,665.65,160.6,0,0.0,0,0,06-MAY-2024,
OPTSTK,ESCORTS,27-Jun-2024,3500.0,PE,0.0,0.0,0.0,307.85,170.6,0,0.0,0,0,06-MAY-2024,
OPTSTK,ESCORTS,27-Jun-2024,3520.0,PE,0.0,0.0,0.0,701.6,181.0,0,0.0,0,0,06-MAY-2024,
OPTSTK,ESCORTS,27-Jun-2024,3540.0,PE,0.0,0.0,0.0,335.85,191.7,0,0.0,0,0,06-MAY-2024,
OPTSTK,ESCORTS,27-Jun-2024,3560.0,PE,0.0,0.0,0.0,665.65,202.8,0,0.0,0,0,06-MAY-2024,
OPTSTK,ESCORTS,27-Jun-2024,3580.0,PE,0.0,0.0,0.0,365.0,214.2,0,0.0,0,0,06-MAY-2024,
OPTSTK,ESCORTS,27-Jun-2024,3600.0,PE,0.0,0.0,0.0,774.7,226.0,0,0.0,0,0,06-MAY-2024,
OPTSTK,ESCORTS,27-Jun-2024,3620.0,PE,0.0,0.0,0.0,395.1,238.1,0,0.0,0,0,06-MAY-2024,
OPTSTK,ESCORTS,27-Jun-2024,3640.0,PE,0.0,0.0,0.0,610.3,250.5,0,0.0,0,0,06-MAY-2024,
OPTSTK,ESCORTS,27-Jun-2024,3660.0,PE,0.0,0.0,0.0,425.95,263.25,0,0.0,0,0,06-MAY-2024,
OPTSTK,ESCORTS,27-Jun-2024,3680.0,PE,0.0,0.0,0.0,849.1,276.3,0,0.0,0,0,06-MAY-2024,
OPTSTK,ESCORTS,27-Jun-2024,3700.0,PE,0.0,0.0,0.0,457.8,289.7,0,0.0,0,0,06-MAY-2024,
OPTSTK,ESCORTS,27-Jun-2024,3720.0,PE,0.0,0.0,0.0,680.25,303.35,0,0.0,0,0,06-MAY-2024,
OPTSTK,ESCORTS,27-Jun-2024,3760.0,PE,0.0,0.0,0.0,924.45,331.55,0,0.0,0,0,06-MAY-2024,
OPTSTK,ESCORTS,27-Jun-2024,3800.0,PE,0.0,0.0,0.0,695.2,361.05,0,0.0,0,0,06-MAY-2024,
OPTSTK,ESCORTS,27-Jun-2024,3840.0,PE,0.0,0.0,0.0,1000.65,391.45,0,0.0,0,0,06-MAY-2024,
OPTSTK,ESCORTS,27-Jun-2024,3880.0,PE,0.0,0.0,0.0,676.6,422.6,0,0.0,0,0,06-MAY-2024,
OPTSTK,ESCORTS,25-Jul-2024,2880.0,CE,0.0,0.0,0.0,481.35,663.2,0,0.0,0,0,06-MAY-2024,
OPTSTK,ESCORTS,25-Jul-2024,2960.0,CE,0.0,0.0,0.0,422.9,594.75,0,0.0,0,0,06-MAY-2024,
OPTSTK,ESCORTS,25-Jul-2024,3040.0,CE,0.0,0.0,0.0,368.4,529.45,0,0.0,0,0,06-MAY-2024,
OPTSTK,ESCORTS,25-Jul-2024,3080.0,CE,0.0,0.0,0.0,342.9,498.1,0,0.0,0,0,06-MAY-2024,
OPTSTK,ESCORTS,25-Jul-2024,3120.0,CE,0.0,0.0,0.0,318.55,467.7,0,0.0,0,0,06-MAY-2024,
OPTSTK,ESCORTS,25-Jul-2024,3160.0,CE,0.0,0.0,0.0,295.4,438.45,0,0.0,0,0,06-MAY-2024,
OPTSTK,ESCORTS,25-Jul-2024,3200.0,CE,0.0,0.0,0.0,273.35,410.05,0,0.0,0,0,06-MAY-2024,
OPTSTK,ESCORTS,25-Jul-2024,3240.0,CE,0.0,0.0,0.0,252.45,382.6,0,0.0,0,0,06-MAY-2024,
OPTSTK,ESCORTS,25-Jul-2024,3280.0,CE,0.0,0.0,0.0,232.7,356.4,0,0.0,0,0,06-MAY-2024,
OPTSTK,ESCORTS,25-Jul-2024,3320.0,CE,0.0,0.0,0.0,214.05,331.35,0,0.0,0,0,06-MAY-2024,
OPTSTK,ESCORTS,25-Jul-2024,3360.0,CE,0.0,0.0,0.0,196.55,307.45,0,0.0,0,0,06-MAY-2024,
OPTSTK,ESCORTS,25-Jul-2024,3400.0,CE,0.0,0.0,0.0,180.15,284.65,0,0.0,0,0,06-MAY-2024,
OPTSTK,ESCORTS,25-Jul-2024,3440.0,CE,0.0,0.0,0.0,164.8,263.05,0,0.0,0,0,06-MAY-2024,
OPTSTK,ESCORTS,25-Jul-2024,3480.0,CE,0.0,0.0,0.0,150.5,242.6,0,0.0,0,0,06-MAY-2024,
OPTSTK,ESCORTS,25-Jul-2024,3520.0,CE,0.0,0.0,0.0,137.15,223.3,0,0.0,0,0,06-MAY-2024,
OPTSTK,ESCORTS,25-Jul-2024,3560.0,CE,0.0,0.0,0.0,124.8,205.1,0,0.0,0,0,06-MAY-2024,
OPTSTK,ESCORTS,25-Jul-2024,3600.0,CE,0.0,0.0,0.0,113.35,188.05,0,0.0,0,0,06-MAY-2024,
OPTSTK,ESCORTS,25-Jul-2024,3640.0,CE,0.0,0.0,0.0,102.75,172.05,0,0.0,0,0,06-MAY-2024,
OPTSTK,ESCORTS,25-Jul-2024,3680.0,CE,0.0,0.0,0.0,93.15,157.1,0,0.0,0,0,06-MAY-2024,
OPTSTK,ESCORTS,25-Jul-2024,3720.0,CE,0.0,0.0,0.0,84.25,143.2,0,0.0,0,0,06-MAY-2024,
OPTSTK,ESCORTS,25-Jul-2024,3760.0,CE,0.0,0.0,0.0,75.9,130.25,0,0.0,0,0,06-MAY-2024,
OPTSTK,ESCORTS,25-Jul-2024,3840.0,CE,0.0,0.0,0.0,61.5,107.2,0,0.0,0,0,06-MAY-2024,
OPTSTK,ESCORTS,25-Jul-2024,3920.0,CE,0.0,0.0,0.0,49.5,87.8,0,0.0,0,0,06-MAY-2024,
OPTSTK,ESCORTS,25-Jul-2024,2880.0,PE,0.0,0.0,0.0,58.7,23.0,0,0.0,0,0,06-MAY-2024,
OPTSTK,ESCORTS,25-Jul-2024,2960.0,PE,0.0,0.0,0.0,78.75,33.3,0,0.0,0,0,06-MAY-2024,
OPTSTK,ESCORTS,25-Jul-2024,3040.0,PE,0.0,0.0,0.0,102.85,46.75,0,0.0,0,0,06-MAY-2024,
OPTSTK,ESCORTS,25-Jul-2024,3080.0,PE,0.0,0.0,0.0,116.65,54.8,0,0.0,0,0,06-MAY-2024,
OPTSTK,ESCORTS,25-Jul-2024,3120.0,PE,0.0,0.0,0.0,131.6,63.75,0,0.0,0,0,06-MAY-2024,
OPTSTK,ESCORTS,25-Jul-2024,3160.0,PE,0.0,0.0,0.0,147.65,73.85,0,0.0,0,0,06-MAY-2024,
OPTSTK,ESCORTS,25-Jul-2024,3200.0,PE,0.0,0.0,0.0,164.9,84.8,0,0.0,0,0,06-MAY-2024,
OPTSTK,ESCORTS,25-Jul-2024,3240.0,PE,0.0,0.0,0.0,183.3,96.7,0,0.0,0,0,06-MAY-2024,
OPTSTK,ESCORTS,25-Jul-2024,3280.0,PE,0.0,0.0,0.0,202.8,109.9,0,0.0,0,0,06-MAY-2024,
OPTSTK,ESCORTS,25-Jul-2024,3320.0,PE,0.0,0.0,0.0,223.45,124.2,0,0.0,0,0,06-MAY-2024,
OPTSTK,ESCORTS,25-Jul-2024,3360.0,PE,0.0,0.0,0.0,245.25,139.65,0,0.0,0,0,06-MAY-2024,
OPTSTK,ESCORTS,25-Jul-2024,3400.0,PE,0.0,0.0,0.0,268.1,156.25,0,0.0,0,0,06-MAY-2024,
OPTSTK,ESCORTS,25-Jul-2024,3440.0,PE,0.0,0.0,0.0,292.05,174.05,0,0.0,0,0,06-MAY-2024,
OPTSTK,ESCORTS,25-Jul-2024,3480.0,PE,0.0,0.0,0.0,317.0,192.95,0,0.0,0,0,06-MAY-2024,
OPTSTK,ESCORTS,25-Jul-2024,3520.0,PE,0.0,0.0,0.0,342.95,213.0,0,0.0,0,0,06-MAY-2024,
OPTSTK,ESCORTS,25-Jul-2024,3560.0,PE,0.0,0.0,0.0,369.85,234.2,0,0.0,0,0,06-MAY-2024,
OPTSTK,ESCORTS,25-Jul-2024,3600.0,PE,0.0,0.0,0.0,397.65,256.5,0,0.0,0,0,06-MAY-2024,
OPTSTK,ESCORTS,25-Jul-2024,3640.0,PE,0.0,0.0,0.0,426.35,279.85,0,0.0,0,0,06-MAY-2024,
OPTSTK,ESCORTS,25-Jul-2024,3680.0,PE,0.0,0.0,0.0,456.05,304.3,0,0.0,0,0,06-MAY-2024,
OPTSTK,ESCORTS,25-Jul-2024,3720.0,PE,0.0,0.0,0.0,486.4,329.75,0,0.0,0,0,06-MAY-2024,
OPTSTK,ESCORTS,25-Jul-2024,3760.0,PE,0.0,0.0,0.0,517.35,356.2,0,0.0,0,0,06-MAY-2024,
OPTSTK,ESCORTS,25-Jul-2024,3840.0,PE,0.0,0.0,0.0,581.5,411.85,0,0.0,0,0,06-MAY-2024,
OPTSTK,ESCORTS,25-Jul-2024,3920.0,PE,0.0,0.0,0.0,648.05,471.15,0,0.0,0,0,06-MAY-2024,
OPTSTK,EXIDEIND,30-May-2024,320.0,CE,0.0,0.0,0.0,158.25,142.0,0,0.0,3600,0,06-MAY-2024,
OPTSTK,EXIDEIND,30-May-2024,330.0,CE,0.0,0.0,0.0,124.0,132.05,0,0.0,7200,0,06-MAY-2024,
OPTSTK,EXIDEIND,30-May-2024,340.0,CE,0.0,0.0,0.0,108.0,122.1,0,0.0,3600,0,06-MAY-2024,
OPTSTK,EXIDEIND,30-May-2024,350.0,CE,115.0,115.0,115.0,115.0,112.2,1,8.37,37800,-1800,06-MAY-2024,
OPTSTK,EXIDEIND,30-May-2024,360.0,CE,0.0,0.0,0.0,107.2,102.35,0,0.0,41400,0,06-MAY-2024,
OPTSTK,EXIDEIND,30-May-2024,370.0,CE,94.0,96.0,91.0,93.45,92.55,15,125.26,79200,-18000,06-MAY-2024,
OPTSTK,EXIDEIND,30-May-2024,375.0,CE,0.0,0.0,0.0,28.05,87.7,0,0.0,7200,0,06-MAY-2024,
OPTSTK,EXIDEIND,30-May-2024,380.0,CE,87.5,87.5,83.35,83.35,82.85,5,41.88,72000,-9000,06-MAY-2024,
OPTSTK,EXIDEIND,30-May-2024,390.0,CE,72.7,73.75,72.65,73.75,73.4,3,25.0,50400,0,06-MAY-2024,
OPTSTK,EXIDEIND,30-May-2024,395.0,CE,0.0,0.0,0.0,17.5,68.8,0,0.0,3600,0,06-MAY-2024,
OPTSTK,EXIDEIND,30-May-2024,400.0,CE,66.0,68.0,66.0,67.5,64.25,7,58.81,217800,-10800,06-MAY-2024,
OPTSTK,EXIDEIND,30-May-2024,410.0,CE,56.55,57.35,55.5,57.35,55.45,10,83.94,23400,-12600,06-MAY-2024,
OPTSTK,EXIDEIND,30-May-2024,415.0,CE,0.0,0.0,0.0,54.9,51.25,0,0.0,9000,0,06-MAY-2024,
OPTSTK,EXIDEIND,30-May-2024,420.0,CE,48.85,48.85,48.0,48.05,47.2,13,109.54,122400,3600,06-MAY-2024,
OPTSTK,EXIDEIND,30-May-2024,425.0,CE,0.0,0.0,0.0,55.4,43.3,0,0.0,5400,0,06-MAY-2024,
OPTSTK,EXIDEIND,30-May-2024,430.0,CE,39.35,43.3,39.35,40.4,39.55,10,84.87,126000,0,06-MAY-2024,
OPTSTK,EXIDEIND,30-May-2024,435.0,CE,38.45,38.5,38.45,38.5,36.0,2,17.04,10800,-3600,06-MAY-2024,
OPTSTK,EXIDEIND,30-May-2024,440.0,CE,36.0,37.05,30.0,35.35,32.6,24,204.86,131400,7200,06-MAY-2024,
OPTSTK,EXIDEIND,30-May-2024,445.0,CE,33.25,33.25,27.7,32.65,29.4,22,188.06,129600,-5400,06-MAY-2024,
OPTSTK,EXIDEIND,30-May-2024,450.0,CE,33.8,33.85,24.5,28.35,28.35,178,1528.75,577800,5400,06-MAY-2024,
OPTSTK,EXIDEIND,30-May-2024,455.0,CE,22.15,26.6,21.75,25.85,25.85,70,603.84,90000,-10800,06-MAY-2024,
OPTSTK,EXIDEIND,30-May-2024,460.0,CE,26.35,26.4,19.0,22.8,22.8,1140,9891.08,781200,-30600,06-MAY-2024,
OPTSTK,EXIDEIND,30-May-2024,465.0,CE,21.8,22.25,16.85,20.25,20.25,324,2827.48,333000,7200,06-MAY-2024,
OPTSTK,EXIDEIND,30-May-2024,470.0,CE,23.05,23.05,15.0,18.15,18.15,1250,10970.17,1890000,-46800,06-MAY-2024,
OPTSTK,EXIDEIND,30-May-2024,475.0,CE,20.05,20.1,13.65,16.15,16.15,357,3152.61,680400,0,06-MAY-2024,
OPTSTK,EXIDEIND,30-May-2024,480.0,CE,19.0,19.0,11.95,14.5,14.5,1081,9611.68,1575000,-77400,06-MAY-2024,
OPTSTK,EXIDEIND,30-May-2024,485.0,CE,16.05,16.05,10.8,12.7,12.7,266,2381.22,444600,-59400,06-MAY-2024,
OPTSTK,EXIDEIND,30-May-2024,490.0,CE,13.4,13.4,9.3,11.5,11.5,640,5771.14,918000,145800,06-MAY-2024,
OPTSTK,EXIDEIND,30-May-2024,495.0,CE,10.45,10.8,8.5,10.25,10.25,63,572.31,253800,5400,06-MAY-2024,
OPTSTK,EXIDEIND,30-May-2024,500.0,CE,12.05,12.05,7.65,9.3,9.3,2537,23246.62,6980400,444600,06-MAY-2024,
OPTSTK,EXIDEIND,30-May-2024,505.0,CE,8.2,8.55,6.7,8.2,8.2,23,212.34,221400,16200,06-MAY-2024,
OPTSTK,EXIDEIND,30-May-2024,510.0,CE,9.2,9.2,6.1,7.35,7.35,374,3480.71,741600,-36000,06-MAY-2024,
OPTSTK,EXIDEIND,30-May-2024,515.0,CE,6.7,6.75,5.5,6.65,6.65,21,197.07,108000,5400,06-MAY-2024,
OPTSTK,EXIDEIND,30-May-2024,520.0,CE,5.5,6.3,4.9,5.9,5.9,298,2818.85,1125000,-30600,06-MAY-2024,
OPTSTK,EXIDEIND,30-May-2024,525.0,CE,5.0,5.35,4.45,5.25,3.15,26,248.02,230400,34200,06-MAY-2024,
OPTSTK,EXIDEIND,30-May-2024,530.0,CE,5.75,5.75,3.9,4.75,4.75,438,4214.22,1506600,21600,06-MAY-2024,
OPTSTK,EXIDEIND,30-May-2024,535.0,CE,5.35,5.35,3.65,4.35,4.35,113,1096.68,711000,-59400,06-MAY-2024,
OPTSTK,EXIDEIND,30-May-2024,540.0,CE,4.0,4.05,3.2,3.85,3.85,191,1869.4,329400,57600,06-MAY-2024,
OPTSTK,EXIDEIND,30-May-2024,545.0,CE,4.25,4.5,2.9,3.55,3.55,357,3523.68,541800,1800,06-MAY-2024,
OPTSTK,EXIDEIND,30-May-2024,280.0,PE,0.0,0.0,0.0,0.35,0.0,0,0.0,14400,0,06-MAY-2024,
OPTSTK,EXIDEIND,30-May-2024,290.0,PE,0.0,0.0,0.0,3.05,0.0,0,0.0,14400,0,06-MAY-2024,
OPTSTK,EXIDEIND,30-May-2024,300.0,PE,0.4,0.4,0.4,0.4,0.0,3,16.22,70200,-1800,06-MAY-2024,
OPTSTK,EXIDEIND,30-May-2024,320.0,PE,0.0,0.0,0.0,0.5,0.0,0,0.0,12600,0,06-MAY-2024,
OPTSTK,EXIDEIND,30-May-2024,330.0,PE,0.0,0.0,0.0,0.4,0.05,0,0.0,34200,0,06-MAY-2024,
OPTSTK,EXIDEIND,30-May-2024,335.0,PE,0.0,0.0,0.0,2.0,0.05,0,0.0,18000,0,06-MAY-2024,
OPTSTK,EXIDEIND,30-May-2024,340.0,PE,0.5,0.5,0.5,0.5,0.5,1,6.12,12600,0,06-MAY-2024,
OPTSTK,EXIDEIND,30-May-2024,345.0,PE,0.0,0.0,0.0,2.0,0.05,0,0.0,7200,0,06-MAY-2024,
OPTSTK,EXIDEIND,30-May-2024,350.0,PE,1.4,1.4,1.0,1.1,0.1,11,69.51,201600,-7200,06-MAY-2024,
OPTSTK,EXIDEIND,30-May-2024,355.0,PE,0.0,0.0,0.0,1.8,0.1,0,0.0,3600,0,06-MAY-2024,
OPTSTK,EXIDEIND,30-May-2024,360.0,PE,1.05,1.45,1.05,1.35,1.35,16,104.05,192600,1800,06-MAY-2024,
OPTSTK,EXIDEIND,30-May-2024,365.0,PE,0.0,0.0,0.0,1.15,0.25,0,0.0,21600,0,06-MAY-2024,
OPTSTK,EXIDEIND,30-May-2024,370.0,PE,2.05,2.05,1.6,1.7,1.7,22,147.24,154800,3600,06-MAY-2024,
OPTSTK,EXIDEIND,30-May-2024,375.0,PE,1.05,1.05,1.05,1.05,0.45,1,6.76,7200,0,06-MAY-2024,
OPTSTK,EXIDEIND,30-May-2024,380.0,PE,1.85,2.6,1.8,2.1,0.6,43,295.74,970200,-7200,06-MAY-2024,
OPTSTK,EXIDEIND,30-May-2024,385.0,PE,3.25,3.25,2.3,2.3,0.85,15,104.69,70200,-1800,06-MAY-2024,
OPTSTK,EXIDEIND,30-May-2024,390.0,PE,1.8,3.35,1.8,2.8,2.8,143,1011.83,221400,-106200,06-MAY-2024,
OPTSTK,EXIDEIND,30-May-2024,395.0,PE,3.4,3.5,3.05,3.2,3.2,24,172.06,41400,9000,06-MAY-2024,
OPTSTK,EXIDEIND,30-May-2024,400.0,PE,2.95,4.45,2.7,3.6,3.6,461,3349.91,1404000,-90000,06-MAY-2024,
OPTSTK,EXIDEIND,30-May-2024,405.0,PE,4.75,4.75,4.35,4.35,2.45,4,29.48,37800,0,06-MAY-2024,
OPTSTK,EXIDEIND,30-May-2024,410.0,PE,3.6,5.7,3.6,4.75,4.75,67,500.26,266400,0,06-MAY-2024,
OPTSTK,EXIDEIND,30-May-2024,415.0,PE,3.8,6.2,3.8,5.25,3.85,24,181.53,54000,-1800,06-MAY-2024,
OPTSTK,EXIDEIND,30-May-2024,420.0,PE,4.65,7.55,4.6,6.3,6.3,176,1350.36,585000,7200,06-MAY-2024,
OPTSTK,EXIDEIND,30-May-2024,425.0,PE,5.55,8.7,5.55,7.1,7.1,26,202.22,61200,-10800,06-MAY-2024,
OPTSTK,EXIDEIND,30-May-2024,430.0,PE,5.8,10.1,5.8,8.25,8.25,385,3037.34,367200,-63000,06-MAY-2024,
OPTSTK,EXIDEIND,30-May-2024,435.0,PE,7.6,11.25,7.6,9.45,9.45,108,864.6,102600,0,06-MAY-2024,
OPTSTK,EXIDEIND,30-May-2024,440.0,PE,8.55,13.2,8.45,10.95,10.95,385,3125.54,693000,12600,06-MAY-2024,
OPTSTK,EXIDEIND,30-May-2024,445.0,PE,11.7,14.5,11.5,12.9,12.9,62,511.31,93600,-16200,06-MAY-2024,
OPTSTK,EXIDEIND,30-May-2024,450.0,PE,11.45,17.3,11.45,14.5,14.5,513,4292.56,964800,21600,06-MAY-2024,
OPTSTK,EXIDEIND,30-May-2024,455.0,PE,12.0,19.5,11.9,16.45,16.45,210,1784.24,194400,25200,06-MAY-2024,
OPTSTK,EXIDEIND,30-May-2024,460.0,PE,15.5,22.15,15.5,18.75,18.75,571,4925.25,887400,-75600,06-MAY-2024,
OPTSTK,EXIDEIND,30-May-2024,465.0,PE,17.75,24.95,17.75,21.3,21.3,127,1113.2,183600,7200,06-MAY-2024,
OPTSTK,EXIDEIND,30-May-2024,470.0,PE,19.95,28.0,19.95,24.15,24.15,288,2564.35,806400,-43200,06-MAY-2024,
OPTSTK,EXIDEIND,30-May-2024,475.0,PE,24.1,30.5,23.45,27.2,27.2,37,334.69,210600,-16200,06-MAY-2024,
OPTSTK,EXIDEIND,30-May-2024,480.0,PE,25.95,34.45,25.8,30.25,30.25,121,1112.09,572400,-66600,06-MAY-2024,
OPTSTK,EXIDEIND,30-May-2024,485.0,PE,31.25,37.3,31.25,34.05,34.05,29,271.1,158400,-1800,06-MAY-2024,
OPTSTK,EXIDEIND,30-May-2024,490.0,PE,39.2,41.2,35.85,35.85,36.8,11,104.81,77400,-1800,06-MAY-2024,
OPTSTK,EXIDEIND,30-May-2024,495.0,PE,41.1,41.1,41.1,41.1,40.5,1,9.64,34200,-1800,06-MAY-2024,
OPTSTK,EXIDEIND,30-May-2024,500.0,PE,43.15,49.95,43.15,44.65,44.3,19,187.01,347400,3600,06-MAY-2024,
OPTSTK,EXIDEIND,30-May-2024,505.0,PE,0.0,0.0,0.0,50.3,48.25,0,0.0,28800,0,06-MAY-2024,
OPTSTK,EXIDEIND,30-May-2024,510.0,PE,54.9,54.9,54.9,54.9,52.35,1,10.16,57600,1800,06-MAY-2024,
OPTSTK,EXIDEIND,30-May-2024,515.0,PE,59.5,59.5,59.5,59.5,56.5,2,20.68,30600,-3600,06-MAY-2024,
OPTSTK,EXIDEIND,30-May-2024,520.0,PE,0.0,0.0,0.0,59.55,60.8,0,0.0,37800,0,06-MAY-2024,
OPTSTK,EXIDEIND,30-May-2024,525.0,PE,0.0,0.0,0.0,57.9,65.2,0,0.0,5400,0,06-MAY-2024,
OPTSTK,EXIDEIND,30-May-2024,530.0,PE,0.0,0.0,0.0,66.35,69.7,0,0.0,30600,0,06-MAY-2024,
OPTSTK,EXIDEIND,30-May-2024,535.0,PE,0.0,0.0,0.0,75.2,74.25,0,0.0,0,0,06-MAY-2024,
OPTSTK,EXIDEIND,30-May-2024,540.0,PE,0.0,0.0,0.0,137.25,78.85,0,0.0,0,0,06-MAY-2024,
OPTSTK,EXIDEIND,30-May-2024,545.0,PE,0.0,0.0,0.0,79.4,83.5,0,0.0,3600,0,06-MAY-2024,
OPTSTK,EXIDEIND,27-Jun-2024,410.0,CE,0.0,0.0,0.0,1.45,62.95,0,0.0,0,0,06-MAY-2024,
OPTSTK,EXIDEIND,27-Jun-2024,420.0,CE,0.0,0.0,0.0,0.55,55.65,0,0.0,0,0,06-MAY-2024,
OPTSTK,EXIDEIND,27-Jun-2024,425.0,CE,0.0,0.0,0.0,45.8,52.15,0,0.0,0,0,06-MAY-2024,
OPTSTK,EXIDEIND,27-Jun-2024,430.0,CE,0.0,0.0,0.0,7.3,48.8,0,0.0,0,0,06-MAY-2024,
OPTSTK,EXIDEIND,27-Jun-2024,435.0,CE,0.0,0.0,0.0,40.05,45.6,0,0.0,0,0,06-MAY-2024,
OPTSTK,EXIDEIND,27-Jun-2024,440.0,CE,0.0,0.0,0.0,0.35,42.55,0,0.0,0,0,06-MAY-2024,
OPTSTK,EXIDEIND,27-Jun-2024,445.0,CE,0.0,0.0,0.0,34.75,39.6,0,0.0,0,0,06-MAY-2024,
OPTSTK,EXIDEIND,27-Jun-2024,450.0,CE,0.0,0.0,0.0,40.0,36.8,0,0.0,3600,0,06-MAY-2024,
OPTSTK,EXIDEIND,27-Jun-2024,455.0,CE,0.0,0.0,0.0,30.0,34.1,0,0.0,0,0,06-MAY-2024,
OPTSTK,EXIDEIND,27-Jun-2024,460.0,CE,35.0,39.1,35.0,38.0,31.6,3,26.85,12600,1800,06-MAY-2024,
OPTSTK,EXIDEIND,27-Jun-2024,465.0,CE,0.0,0.0,0.0,33.7,29.2,0,0.0,0,0,06-MAY-2024,
OPTSTK,EXIDEIND,27-Jun-2024,470.0,CE,33.1,34.85,32.4,34.0,26.95,17,154.26,81000,18000,06-MAY-2024,
OPTSTK,EXIDEIND,27-Jun-2024,475.0,CE,0.0,0.0,0.0,22.0,24.8,0,0.0,0,0,06-MAY-2024,
OPTSTK,EXIDEIND,27-Jun-2024,480.0,CE,30.0,30.0,30.0,30.0,22.8,10,91.8,45000,16200,06-MAY-2024,
OPTSTK,EXIDEIND,27-Jun-2024,485.0,CE,0.0,0.0,0.0,18.65,20.95,0,0.0,0,0,06-MAY-2024,
OPTSTK,EXIDEIND,27-Jun-2024,490.0,CE,0.0,0.0,0.0,29.1,19.2,0,0.0,3600,0,06-MAY-2024,
OPTSTK,EXIDEIND,27-Jun-2024,495.0,CE,0.0,0.0,0.0,15.75,17.55,0,0.0,0,0,06-MAY-2024,
OPTSTK,EXIDEIND,27-Jun-2024,500.0,CE,24.5,24.5,21.5,23.8,16.0,15,141.46,138600,10800,06-MAY-2024,
OPTSTK,EXIDEIND,27-Jun-2024,505.0,CE,0.0,0.0,0.0,13.25,14.6,0,0.0,0,0,06-MAY-2024,
OPTSTK,EXIDEIND,27-Jun-2024,510.0,CE,0.0,0.0,0.0,15.25,13.3,0,0.0,0,0,06-MAY-2024,
OPTSTK,EXIDEIND,27-Jun-2024,515.0,CE,0.0,0.0,0.0,11.05,12.1,0,0.0,0,0,06-MAY-2024,
OPTSTK,EXIDEIND,27-Jun-2024,520.0,CE,0.0,0.0,0.0,18.0,11.0,0,0.0,18000,0,06-MAY-2024,
OPTSTK,EXIDEIND,27-Jun-2024,525.0,CE,0.0,0.0,0.0,15.8,9.95,0,0.0,1800,0,06-MAY-2024,
OPTSTK,EXIDEIND,27-Jun-2024,530.0,CE,0.0,0.0,0.0,17.0,9.0,0,0.0,5400,0,06-MAY-2024,
OPTSTK,EXIDEIND,27-Jun-2024,535.0,CE,0.0,0.0,0.0,7.6,8.15,0,0.0,0,0,06-MAY-2024,
OPTSTK,EXIDEIND,27-Jun-2024,540.0,CE,0.0,0.0,0.0,8.85,7.35,0,0.0,0,0,06-MAY-2024,
OPTSTK,EXIDEIND,27-Jun-2024,545.0,CE,0.0,0.0,0.0,10.6,6.6,0,0.0,9000,0,06-MAY-2024,
OPTSTK,EXIDEIND,27-Jun-2024,400.0,PE,9.0,9.3,9.0,9.3,9.3,6,44.19,59400,10800,06-MAY-2024,
OPTSTK,EXIDEIND,27-Jun-2024,410.0,PE,0.0,0.0,0.0,11.5,8.25,0,0.0,10800,0,06-MAY-2024,
OPTSTK,EXIDEIND,27-Jun-2024,420.0,PE,0.0,0.0,0.0,11.35,10.85,0,0.0,16200,0,06-MAY-2024,
OPTSTK,EXIDEIND,27-Jun-2024,425.0,PE,0.0,0.0,0.0,10.9,12.3,0,0.0,9000,0,06-MAY-2024,
OPTSTK,EXIDEIND,27-Jun-2024,430.0,PE,0.0,0.0,0.0,15.3,13.9,0,0.0,30600,0,06-MAY-2024,
OPTSTK,EXIDEIND,27-Jun-2024,435.0,PE,0.0,0.0,0.0,22.2,15.6,0,0.0,0,0,06-MAY-2024,
OPTSTK,EXIDEIND,27-Jun-2024,440.0,PE,0.0,0.0,0.0,122.0,17.5,0,0.0,0,0,06-MAY-2024,
OPTSTK,EXIDEIND,27-Jun-2024,445.0,PE,0.0,0.0,0.0,26.8,19.5,0,0.0,0,0,06-MAY-2024,
OPTSTK,EXIDEIND,27-Jun-2024,450.0,PE,0.0,0.0,0.0,22.0,21.65,0,0.0,28800,0,06-MAY-2024,
OPTSTK,EXIDEIND,27-Jun-2024,455.0,PE,0.0,0.0,0.0,31.9,23.95,0,0.0,0,0,06-MAY-2024,
OPTSTK,EXIDEIND,27-Jun-2024,460.0,PE,0.0,0.0,0.0,78.7,26.35,0,0.0,0,0,06-MAY-2024,
OPTSTK,EXIDEIND,27-Jun-2024,465.0,PE,0.0,0.0,0.0,37.55,28.9,0,0.0,0,0,06-MAY-2024,
OPTSTK,EXIDEIND,27-Jun-2024,470.0,PE,34.35,38.35,32.5,37.2,31.6,17,154.53,57600,21600,06-MAY-2024,
OPTSTK,EXIDEIND,27-Jun-2024,475.0,PE,0.0,0.0,0.0,43.6,34.4,0,0.0,0,0,06-MAY-2024,
OPTSTK,EXIDEIND,27-Jun-2024,480.0,PE,0.0,0.0,0.0,96.95,37.35,0,0.0,0,0,06-MAY-2024,
OPTSTK,EXIDEIND,27-Jun-2024,485.0,PE,0.0,0.0,0.0,50.15,40.45,0,0.0,0,0,06-MAY-2024,
OPTSTK,EXIDEIND,27-Jun-2024,490.0,PE,0.0,0.0,0.0,89.5,43.65,0,0.0,0,0,06-MAY-2024,
OPTSTK,EXIDEIND,27-Jun-2024,495.0,PE,0.0,0.0,0.0,57.15,46.95,0,0.0,0,0,06-MAY-2024,
OPTSTK,EXIDEIND,27-Jun-2024,500.0,PE,0.0,0.0,0.0,115.85,50.35,0,0.0,0,0,06-MAY-2024,
OPTSTK,EXIDEIND,27-Jun-2024,505.0,PE,0.0,0.0,0.0,64.5,53.9,0,0.0,0,0,06-MAY-2024,
OPTSTK,EXIDEIND,27-Jun-2024,510.0,PE,0.0,0.0,0.0,58.25,57.55,0,0.0,0,0,06-MAY-2024,
OPTSTK,EXIDEIND,27-Jun-2024,515.0,PE,0.0,0.0,0.0,72.2,61.3,0,0.0,0,0,06-MAY-2024,
OPTSTK,EXIDEIND,27-Jun-2024,520.0,PE,0.0,0.0,0.0,116.6,65.15,0,0.0,0,0,06-MAY-2024,
OPTSTK,EXIDEIND,27-Jun-2024,525.0,PE,0.0,0.0,0.0,80.2,69.05,0,0.0,0,0,06-MAY-2024,
OPTSTK,EXIDEIND,27-Jun-2024,530.0,PE,0.0,0.0,0.0,73.4,73.05,0,0.0,0,0,06-MAY-2024,
OPTSTK,EXIDEIND,27-Jun-2024,535.0,PE,0.0,0.0,0.0,88.5,77.1,0,0.0,0,0,06-MAY-2024,
OPTSTK,EXIDEIND,27-Jun-2024,540.0,PE,0.0,0.0,0.0,81.45,81.25,0,0.0,0,0,06-MAY-2024,
OPTSTK,EXIDEIND,27-Jun-2024,545.0,PE,0.0,0.0,0.0,81.15,85.5,0,0.0,0,0,06-MAY-2024,
OPTSTK,EXIDEIND,25-Jul-2024,420.0,CE,0.0,0.0,0.0,55.8,62.75,0,0.0,0,0,06-MAY-2024,
OPTSTK,EXIDEIND,25-Jul-2024,430.0,CE,0.0,0.0,0.0,50.0,56.35,0,0.0,0,0,06-MAY-2024,
OPTSTK,EXIDEIND,25-Jul-2024,440.0,CE,0.0,0.0,0.0,44.65,50.35,0,0.0,0,0,06-MAY-2024,
OPTSTK,EXIDEIND,25-Jul-2024,450.0,CE,0.0,0.0,0.0,39.7,44.85,0,0.0,0,0,06-MAY-2024,
OPTSTK,EXIDEIND,25-Jul-2024,460.0,CE,0.0,0.0,0.0,35.15,39.75,0,0.0,0,0,06-MAY-2024,
OPTSTK,EXIDEIND,25-Jul-2024,470.0,CE,0.0,0.0,0.0,31.05,35.05,0,0.0,0,0,06-MAY-2024,
OPTSTK,EXIDEIND,25-Jul-2024,480.0,CE,0.0,0.0,0.0,27.3,30.85,0,0.0,0,0,06-MAY-2024,
OPTSTK,EXIDEIND,25-Jul-2024,490.0,CE,0.0,0.0,0.0,23.95,27.0,0,0.0,0,0,06-MAY-2024,
OPTSTK,EXIDEIND,25-Jul-2024,500.0,CE,0.0,0.0,0.0,20.9,23.55,0,0.0,0,0,06-MAY-2024,
OPTSTK,EXIDEIND,25-Jul-2024,510.0,CE,0.0,0.0,0.0,18.2,20.45,0,0.0,0,0,06-MAY-2024,
OPTSTK,EXIDEIND,25-Jul-2024,520.0,CE,0.0,0.0,0.0,15.85,17.75,0,0.0,0,0,06-MAY-2024,
OPTSTK,EXIDEIND,25-Jul-2024,530.0,CE,0.0,0.0,0.0,13.75,15.35,0,0.0,0,0,06-MAY-2024,
OPTSTK,EXIDEIND,25-Jul-2024,540.0,CE,0.0,0.0,0.0,11.85,13.2,0,0.0,0,0,06-MAY-2024,
OPTSTK,EXIDEIND,25-Jul-2024,420.0,PE,0.0,0.0,0.0,20.85,15.65,0,0.0,0,0,06-MAY-2024,
OPTSTK,EXIDEIND,25-Jul-2024,430.0,PE,0.0,0.0,0.0,24.85,19.05,0,0.0,0,0,06-MAY-2024,
OPTSTK,EXIDEIND,25-Jul-2024,440.0,PE,0.0,0.0,0.0,29.3,22.9,0,0.0,0,0,06-MAY-2024,
OPTSTK,EXIDEIND,25-Jul-2024,450.0,PE,0.0,0.0,0.0,34.15,27.2,0,0.0,0,0,06-MAY-2024,
OPTSTK,EXIDEIND,25-Jul-2024,460.0,PE,0.0,0.0,0.0,39.45,31.95,0,0.0,0,0,06-MAY-2024,
OPTSTK,EXIDEIND,25-Jul-2024,470.0,PE,0.0,0.0,0.0,45.15,37.15,0,0.0,0,0,06-MAY-2024,
OPTSTK,EXIDEIND,25-Jul-2024,480.0,PE,0.0,0.0,0.0,51.25,42.75,0,0.0,0,0,06-MAY-2024,
OPTSTK,EXIDEIND,25-Jul-2024,490.0,PE,0.0,0.0,0.0,57.7,48.75,0,0.0,0,0,06-MAY-2024,
OPTSTK,EXIDEIND,25-Jul-2024,500.0,PE,0.0,0.0,0.0,64.5,55.15,0,0.0,0,0,06-MAY-2024,
OPTSTK,EXIDEIND,25-Jul-2024,510.0,PE,0.0,0.0,0.0,71.6,61.9,0,0.0,0,0,06-MAY-2024,
OPTSTK,EXIDEIND,25-Jul-2024,520.0,PE,0.0,0.0,0.0,79.05,69.0,0,0.0,0,0,06-MAY-2024,
OPTSTK,EXIDEIND,25-Jul-2024,530.0,PE,0.0,0.0,0.0,86.75,76.45,0,0.0,0,0,06-MAY-2024,
OPTSTK,EXIDEIND,25-Jul-2024,540.0,PE,0.0,0.0,0.0,94.7,84.15,0,0.0,0,0,06-MAY-2024,
OPTSTK,FEDERALBNK,30-May-2024,130.0,CE,33.25,34.1,33.25,34.1,34.35,2,16.36,30000,0,06-MAY-2024,
OPTSTK,FEDERALBNK,30-May-2024,136.0,CE,0.0,0.0,0.0,20.2,28.4,0,0.0,0,0,06-MAY-2024,
OPTSTK,FEDERALBNK,30-May-2024,138.0,CE,0.0,0.0,0.0,18.8,26.45,0,0.0,0,0,06-MAY-2024,
OPTSTK,FEDERALBNK,30-May-2024,140.0,CE,26.0,26.0,22.6,23.8,24.5,3,24.62,115000,-5000,06-MAY-2024,
OPTSTK,FEDERALBNK,30-May-2024,141.0,CE,0.0,0.0,0.0,24.25,23.5,0,0.0,5000,0,06-MAY-2024,
OPTSTK,FEDERALBNK,30-May-2024,142.0,CE,0.0,0.0,0.0,16.5,22.55,0,0.0,10000,0,06-MAY-2024,
OPTSTK,FEDERALBNK,30-May-2024,144.0,CE,0.0,0.0,0.0,24.8,20.65,0,0.0,15000,0,06-MAY-2024,
OPTSTK,FEDERALBNK,30-May-2024,145.0,CE,17.6,17.6,17.6,17.6,19.75,1,8.13,675000,0,06-MAY-2024,
OPTSTK,FEDERALBNK,30-May-2024,146.0,CE,21.2,21.2,20.15,20.15,18.8,12,99.94,10000,0,06-MAY-2024,
OPTSTK,FEDERALBNK,30-May-2024,147.0,CE,0.0,0.0,0.0,16.45,17.9,0,0.0,30000,0,06-MAY-2024,
OPTSTK,FEDERALBNK,30-May-2024,148.0,CE,15.8,16.05,14.85,14.85,17.0,5,40.89,30000,5000,06-MAY-2024,
OPTSTK,FEDERALBNK,30-May-2024,149.0,CE,18.0,18.0,14.55,14.55,16.15,9,74.36,25000,5000,06-MAY-2024,
OPTSTK,FEDERALBNK,30-May-2024,150.0,CE,14.3,15.35,12.85,15.3,15.3,116,950.43,1175000,-90000,06-MAY-2024,
OPTSTK,FEDERALBNK,30-May-2024,151.0,CE,12.2,12.2,12.2,12.2,14.4,1,8.16,150000,0,06-MAY-2024,
OPTSTK,FEDERALBNK,30-May-2024,152.0,CE,12.3,12.3,11.4,11.4,13.6,2,16.38,45000,-10000,06-MAY-2024,
OPTSTK,FEDERALBNK,30-May-2024,153.0,CE,12.25,12.7,12.25,12.7,12.7,2,16.54,100000,-5000,06-MAY-2024,
OPTSTK,FEDERALBNK,30-May-2024,154.0,CE,10.65,11.6,10.65,11.1,12.0,5,41.24,55000,0,06-MAY-2024,
OPTSTK,FEDERALBNK,30-May-2024,155.0,CE,11.5,11.5,9.25,10.75,11.25,20,165.23,1635000,-30000,06-MAY-2024,
OPTSTK,FEDERALBNK,30-May-2024,156.0,CE,11.55,11.55,8.3,9.6,10.5,20,165.76,225000,-80000,06-MAY-2024,
OPTSTK,FEDERALBNK,30-May-2024,157.0,CE,10.85,10.9,7.85,9.75,9.75,9,74.8,300000,-10000,06-MAY-2024,
OPTSTK,FEDERALBNK,30-May-2024,158.0,CE,9.1,9.1,7.5,8.65,8.65,9,74.79,435000,0,06-MAY-2024,
OPTSTK,FEDERALBNK,30-May-2024,159.0,CE,8.0,8.0,7.0,7.45,8.45,9,74.94,265000,5000,06-MAY-2024,
OPTSTK,FEDERALBNK,30-May-2024,160.0,CE,9.35,9.55,5.7,7.45,7.45,1023,8531.34,5135000,250000,06-MAY-2024,
OPTSTK,FEDERALBNK,30-May-2024,161.0,CE,7.6,7.7,5.2,6.8,6.8,136,1136.08,475000,45000,06-MAY-2024,
OPTSTK,FEDERALBNK,30-May-2024,162.0,CE,7.2,7.2,4.65,6.15,6.15,222,1859.41,500000,95000,06-MAY-2024,
OPTSTK,FEDERALBNK,30-May-2024,163.0,CE,7.0,7.2,4.25,5.7,5.7,538,4522.42,660000,185000,06-MAY-2024,
OPTSTK,FEDERALBNK,30-May-2024,164.0,CE,6.75,6.75,3.8,5.15,5.15,838,7069.34,720000,-20000,06-MAY-2024,
OPTSTK,FEDERALBNK,30-May-2024,165.0,CE,6.5,6.5,3.45,4.7,4.7,2135,18076.7,4125000,155000,06-MAY-2024,
OPTSTK,FEDERALBNK,30-May-2024,166.0,CE,5.4,5.6,3.1,4.25,4.25,518,4402.67,655000,10000,06-MAY-2024,
OPTSTK,FEDERALBNK,30-May-2024,167.0,CE,5.1,5.1,2.8,3.85,3.85,631,5381.07,1065000,-15000,06-MAY-2024,
OPTSTK,FEDERALBNK,30-May-2024,168.0,CE,4.6,4.75,2.55,3.45,3.45,878,7515.37,1485000,175000,06-MAY-2024,
OPTSTK,FEDERALBNK,30-May-2024,169.0,CE,4.1,4.3,2.25,3.1,3.1,474,4072.82,1115000,15000,06-MAY-2024,
OPTSTK,FEDERALBNK,30-May-2024,170.0,CE,3.6,3.9,2.0,2.8,2.8,2620,22616.05,12700000,60000,06-MAY-2024,
OPTSTK,FEDERALBNK,30-May-2024,171.0,CE,3.75,3.75,1.85,2.55,2.55,495,4291.07,1070000,-550000,06-MAY-2024,
OPTSTK,FEDERALBNK,30-May-2024,172.0,CE,3.05,3.2,1.65,2.25,2.25,815,7094.64,2135000,770000,06-MAY-2024,
OPTSTK,FEDERALBNK,30-May-2024,173.0,CE,2.7,2.7,1.45,2.05,2.05,218,1905.94,505000,-105000,06-MAY-2024,
OPTSTK,FEDERALBNK,30-May-2024,174.0,CE,2.6,2.6,1.35,1.85,1.85,263,2309.82,1195000,-190000,06-MAY-2024,
OPTSTK,FEDERALBNK,30-May-2024,175.0,CE,2.2,2.3,1.15,1.65,1.65,814,7184.81,3365000,425000,06-MAY-2024,
OPTSTK,FEDERALBNK,30-May-2024,176.0,CE,2.1,2.1,1.05,1.55,1.55,124,1099.42,1755000,30000,06-MAY-2024,
OPTSTK,FEDERALBNK,30-May-2024,177.0,CE,1.8,1.8,1.0,1.4,1.4,28,249.5,150000,35000,06-MAY-2024,
OPTSTK,FEDERALBNK,30-May-2024,178.0,CE,1.7,1.75,0.9,1.3,1.3,120,1074.76,955000,-45000,06-MAY-2024,
OPTSTK,FEDERALBNK,30-May-2024,179.0,CE,1.4,1.4,0.85,1.1,1.1,17,153.04,80000,40000,06-MAY-2024,
OPTSTK,FEDERALBNK,30-May-2024,180.0,CE,1.35,1.55,0.7,1.05,1.05,2279,20613.79,9455000,35000,06-MAY-2024,
OPTSTK,FEDERALBNK,30-May-2024,182.0,CE,1.3,1.3,0.55,0.85,0.85,810,7400.7,1800000,-1200000,06-MAY-2024,
OPTSTK,FEDERALBNK,30-May-2024,184.0,CE,0.9,0.9,0.45,0.7,0.7,375,3460.76,2660000,-50000,06-MAY-2024,
OPTSTK,FEDERALBNK,30-May-2024,186.0,CE,0.8,0.8,0.4,0.55,0.55,69,643.52,585000,60000,06-MAY-2024,
OPTSTK,FEDERALBNK,30-May-2024,188.0,CE,0.5,0.5,0.35,0.45,0.45,13,122.48,60000,0,06-MAY-2024,
OPTSTK,FEDERALBNK,30-May-2024,190.0,CE,0.65,0.65,0.25,0.4,0.4,538,5120.16,1075000,160000,06-MAY-2024,
OPTSTK,FEDERALBNK,30-May-2024,130.0,PE,0.1,0.1,0.05,0.1,0.05,65,422.81,1090000,60000,06-MAY-2024,
OPTSTK,FEDERALBNK,30-May-2024,132.0,PE,0.0,0.0,0.0,0.1,0.05,0,0.0,275000,0,06-MAY-2024,
OPTSTK,FEDERALBNK,30-May-2024,134.0,PE,0.0,0.0,0.0,0.15,0.05,0,0.0,285000,0,06-MAY-2024,
OPTSTK,FEDERALBNK,30-May-2024,136.0,PE,0.2,0.2,0.15,0.2,0.2,10,68.09,125000,-5000,06-MAY-2024,
OPTSTK,FEDERALBNK,30-May-2024,138.0,PE,0.2,0.2,0.2,0.2,0.1,4,27.64,205000,15000,06-MAY-2024,
OPTSTK,FEDERALBNK,30-May-2024,140.0,PE,0.2,0.3,0.2,0.25,0.25,348,2440.46,1700000,-355000,06-MAY-2024,
OPTSTK,FEDERALBNK,30-May-2024,141.0,PE,0.3,0.35,0.25,0.25,0.15,3,21.19,150000,0,06-MAY-2024,
OPTSTK,FEDERALBNK,30-May-2024,142.0,PE,0.3,0.4,0.25,0.25,0.25,10,71.16,190000,-15000,06-MAY-2024,
OPTSTK,FEDERALBNK,30-May-2024,143.0,PE,0.3,0.35,0.25,0.3,0.25,51,365.41,260000,190000,06-MAY-2024,
OPTSTK,FEDERALBNK,30-May-2024,144.0,PE,0.5,0.5,0.35,0.4,0.3,7,50.53,120000,-10000,06-MAY-2024,
OPTSTK,FEDERALBNK,30-May-2024,145.0,PE,0.35,0.55,0.35,0.4,0.4,583,4239.36,3870000,55000,06-MAY-2024,
OPTSTK,FEDERALBNK,30-May-2024,146.0,PE,0.55,0.6,0.45,0.45,0.45,35,256.45,200000,85000,06-MAY-2024,
OPTSTK,FEDERALBNK,30-May-2024,147.0,PE,0.65,0.7,0.5,0.5,0.5,8,59.05,170000,0,06-MAY-2024,
OPTSTK,FEDERALBNK,30-May-2024,148.0,PE,0.5,0.85,0.5,0.55,0.55,65,483.08,740000,5000,06-MAY-2024,
OPTSTK,FEDERALBNK,30-May-2024,149.0,PE,0.55,0.9,0.55,0.6,0.6,58,434.2,190000,30000,06-MAY-2024,
OPTSTK,FEDERALBNK,30-May-2024,150.0,PE,0.65,1.1,0.55,0.75,0.75,1197,9026.7,5210000,20000,06-MAY-2024,
OPTSTK,FEDERALBNK,30-May-2024,151.0,PE,0.7,1.2,0.7,0.8,1.0,59,448.4,240000,115000,06-MAY-2024,
OPTSTK,FEDERALBNK,30-May-2024,152.0,PE,0.8,1.3,0.8,0.95,1.2,68,520.41,485000,65000,06-MAY-2024,
OPTSTK,FEDERALBNK,30-May-2024,153.0,PE,0.85,1.6,0.85,1.05,1.05,60,462.41,385000,45000,06-MAY-2024,
OPTSTK,FEDERALBNK,30-May-2024,154.0,PE,1.0,1.75,1.0,1.2,1.2,127,986.95,885000,0,06-MAY-2024,
OPTSTK,FEDERALBNK,30-May-2024,155.0,PE,0.95,2.0,0.95,1.4,1.4,984,7704.6,4230000,390000,06-MAY-2024,
OPTSTK,FEDERALBNK,30-May-2024,156.0,PE,1.2,2.3,1.15,1.6,1.6,163,1285.79,660000,-30000,06-MAY-2024,
OPTSTK,FEDERALBNK,30-May-2024,157.0,PE,1.5,2.65,1.5,1.85,1.85,94,747.7,560000,20000,06-MAY-2024,
OPTSTK,FEDERALBNK,30-May-2024,158.0,PE,1.6,2.95,1.6,2.1,2.1,85,681.45,860000,40000,06-MAY-2024,
OPTSTK,FEDERALBNK,30-May-2024,159.0,PE,1.85,3.4,1.85,2.4,2.4,118,954.32,325000,70000,06-MAY-2024,
OPTSTK,FEDERALBNK,30-May-2024,160.0,PE,2.6,3.85,2.1,2.7,2.7,1563,12750.17,3505000,-320000,06-MAY-2024,
OPTSTK,FEDERALBNK,30-May-2024,161.0,PE,2.6,4.3,2.45,3.1,3.1,160,1316.65,540000,50000,06-MAY-2024,
OPTSTK,FEDERALBNK,30-May-2024,162.0,PE,2.95,4.8,2.85,3.45,3.45,218,1809.32,540000,45000,06-MAY-2024,
OPTSTK,FEDERALBNK,30-May-2024,163.0,PE,3.25,5.35,3.1,3.95,3.95,205,1715.32,440000,-5000,06-MAY-2024,
OPTSTK,FEDERALBNK,30-May-2024,164.0,PE,3.35,5.85,3.35,4.4,4.4,711,5996.97,550000,-320000,06-MAY-2024,
OPTSTK,FEDERALBNK,30-May-2024,165.0,PE,4.4,6.55,3.65,4.9,4.9,1316,11208.43,3865000,-770000,06-MAY-2024,
OPTSTK,FEDERALBNK,30-May-2024,166.0,PE,4.1,7.2,4.1,5.5,5.5,108,927.01,265000,-25000,06-MAY-2024,
OPTSTK,FEDERALBNK,30-May-2024,167.0,PE,4.75,7.75,4.65,6.05,6.05,161,1396.17,440000,-145000,06-MAY-2024,
OPTSTK,FEDERALBNK,30-May-2024,168.0,PE,5.25,8.5,5.25,6.7,6.7,55,481.81,375000,-55000,06-MAY-2024,
OPTSTK,FEDERALBNK,30-May-2024,169.0,PE,6.75,9.0,6.75,7.4,7.4,15,132.56,705000,-25000,06-MAY-2024,
OPTSTK,FEDERALBNK,30-May-2024,170.0,PE,6.5,10.1,6.5,8.05,8.05,157,1404.67,3675000,-250000,06-MAY-2024,
OPTSTK,FEDERALBNK,30-May-2024,171.0,PE,7.55,10.05,7.35,8.6,8.6,34,304.24,545000,-10000,06-MAY-2024,
OPTSTK,FEDERALBNK,30-May-2024,172.0,PE,8.25,11.7,7.9,9.55,9.55,11,100.1,305000,-5000,06-MAY-2024,
OPTSTK,FEDERALBNK,30-May-2024,173.0,PE,9.0,12.5,8.95,10.35,10.35,33,303.2,260000,-25000,06-MAY-2024,
OPTSTK,FEDERALBNK,30-May-2024,174.0,PE,9.7,13.2,9.7,11.15,11.55,6,55.67,150000,-20000,06-MAY-2024,
OPTSTK,FEDERALBNK,30-May-2024,175.0,PE,10.4,14.2,10.4,11.9,12.3,9,84.52,540000,0,06-MAY-2024,
OPTSTK,FEDERALBNK,30-May-2024,176.0,PE,0.0,0.0,0.0,11.05,13.1,0,0.0,75000,0,06-MAY-2024,
OPTSTK,FEDERALBNK,30-May-2024,177.0,PE,0.0,0.0,0.0,11.8,13.95,0,0.0,5000,0,06-MAY-2024,
OPTSTK,FEDERALBNK,30-May-2024,178.0,PE,0.0,0.0,0.0,11.45,14.75,0,0.0,135000,0,06-MAY-2024,
OPTSTK,FEDERALBNK,30-May-2024,179.0,PE,0.0,0.0,0.0,13.3,15.6,0,0.0,5000,0,06-MAY-2024,
OPTSTK,FEDERALBNK,30-May-2024,180.0,PE,16.0,18.4,16.0,16.7,16.45,6,59.18,345000,-5000,06-MAY-2024,
OPTSTK,FEDERALBNK,30-May-2024,182.0,PE,18.6,18.6,18.6,18.6,18.25,1,10.03,55000,0,06-MAY-2024,
OPTSTK,FEDERALBNK,30-May-2024,184.0,PE,0.0,0.0,0.0,19.2,20.05,0,0.0,55000,0,06-MAY-2024,
OPTSTK,FEDERALBNK,30-May-2024,186.0,PE,0.0,0.0,0.0,33.9,21.9,0,0.0,0,0,06-MAY-2024,
OPTSTK,FEDERALBNK,30-May-2024,188.0,PE,24.15,24.15,24.15,24.15,23.75,1,10.6,5000,5000,06-MAY-2024,
OPTSTK,FEDERALBNK,30-May-2024,190.0,PE,0.0,0.0,0.0,34.85,25.7,0,0.0,0,0,06-MAY-2024,
OPTSTK,FEDERALBNK,27-Jun-2024,136.0,CE,0.0,0.0,0.0,19.75,29.55,0,0.0,0,0,06-MAY-2024,
OPTSTK,FEDERALBNK,27-Jun-2024,138.0,CE,0.0,0.0,0.0,18.35,27.7,0,0.0,0,0,06-MAY-2024,
OPTSTK,FEDERALBNK,27-Jun-2024,140.0,CE,0.0,0.0,0.0,16.95,25.85,0,0.0,0,0,06-MAY-2024,
OPTSTK,FEDERALBNK,27-Jun-2024,142.0,CE,0.0,0.0,0.0,15.65,24.1,0,0.0,0,0,06-MAY-2024,
OPTSTK,FEDERALBNK,27-Jun-2024,144.0,CE,0.0,0.0,0.0,14.4,22.35,0,0.0,0,0,06-MAY-2024,
OPTSTK,FEDERALBNK,27-Jun-2024,145.0,CE,0.0,0.0,0.0,15.9,21.5,0,0.0,0,0,06-MAY-2024,
OPTSTK,FEDERALBNK,27-Jun-2024,146.0,CE,0.0,0.0,0.0,13.25,20.7,0,0.0,0,0,06-MAY-2024,
OPTSTK,FEDERALBNK,27-Jun-2024,147.0,CE,0.0,0.0,0.0,14.55,19.85,0,0.0,0,0,06-MAY-2024,
OPTSTK,FEDERALBNK,27-Jun-2024,148.0,CE,0.0,0.0,0.0,12.1,19.05,0,0.0,0,0,06-MAY-2024,
OPTSTK,FEDERALBNK,27-Jun-2024,149.0,CE,0.0,0.0,0.0,13.2,18.3,0,0.0,0,0,06-MAY-2024,
OPTSTK,FEDERALBNK,27-Jun-2024,150.0,CE,20.6,20.6,20.6,20.6,17.5,1,8.53,20000,5000,06-MAY-2024,
OPTSTK,FEDERALBNK,27-Jun-2024,151.0,CE,0.0,0.0,0.0,12.0,16.75,0,0.0,0,0,06-MAY-2024,
OPTSTK,FEDERALBNK,27-Jun-2024,152.0,CE,0.0,0.0,0.0,10.1,16.0,0,0.0,0,0,06-MAY-2024,
OPTSTK,FEDERALBNK,27-Jun-2024,153.0,CE,0.0,0.0,0.0,10.8,15.3,0,0.0,0,0,06-MAY-2024,
OPTSTK,FEDERALBNK,27-Jun-2024,154.0,CE,0.0,0.0,0.0,9.2,14.6,0,0.0,0,0,06-MAY-2024,
OPTSTK,FEDERALBNK,27-Jun-2024,155.0,CE,0.0,0.0,0.0,9.75,13.9,0,0.0,0,0,06-MAY-2024,
OPTSTK,FEDERALBNK,27-Jun-2024,156.0,CE,0.0,0.0,0.0,8.3,13.25,0,0.0,0,0,06-MAY-2024,
OPTSTK,FEDERALBNK,27-Jun-2024,157.0,CE,0.0,0.0,0.0,8.75,12.6,0,0.0,0,0,06-MAY-2024,
OPTSTK,FEDERALBNK,27-Jun-2024,158.0,CE,13.5,13.5,13.5,13.5,11.95,2,17.15,15000,0,06-MAY-2024,
OPTSTK,FEDERALBNK,27-Jun-2024,159.0,CE,0.0,0.0,0.0,7.8,11.35,0,0.0,0,0,06-MAY-2024,
OPTSTK,FEDERALBNK,27-Jun-2024,160.0,CE,12.55,12.6,12.0,12.55,12.55,13,111.98,185000,30000,06-MAY-2024,
OPTSTK,FEDERALBNK,27-Jun-2024,161.0,CE,0.0,0.0,0.0,6.95,10.2,0,0.0,0,0,06-MAY-2024,
OPTSTK,FEDERALBNK,27-Jun-2024,162.0,CE,0.0,0.0,0.0,6.1,9.65,0,0.0,0,0,06-MAY-2024,
OPTSTK,FEDERALBNK,27-Jun-2024,163.0,CE,0.0,0.0,0.0,6.15,9.1,0,0.0,0,0,06-MAY-2024,
OPTSTK,FEDERALBNK,27-Jun-2024,164.0,CE,0.0,0.0,0.0,5.5,8.6,0,0.0,0,0,06-MAY-2024,
OPTSTK,FEDERALBNK,27-Jun-2024,165.0,CE,7.75,9.7,7.75,9.7,8.1,5,43.48,25000,15000,06-MAY-2024,
OPTSTK,FEDERALBNK,27-Jun-2024,166.0,CE,0.0,0.0,0.0,4.9,7.65,0,0.0,0,0,06-MAY-2024,
OPTSTK,FEDERALBNK,27-Jun-2024,167.0,CE,0.0,0.0,0.0,4.8,7.2,0,0.0,0,0,06-MAY-2024,
OPTSTK,FEDERALBNK,27-Jun-2024,168.0,CE,0.0,0.0,0.0,4.4,6.75,0,0.0,0,0,06-MAY-2024,
OPTSTK,FEDERALBNK,27-Jun-2024,169.0,CE,0.0,0.0,0.0,4.2,6.35,0,0.0,0,0,06-MAY-2024,
OPTSTK,FEDERALBNK,27-Jun-2024,170.0,CE,8.6,8.6,6.35,7.85,7.85,82,727.73,710000,295000,06-MAY-2024,
OPTSTK,FEDERALBNK,27-Jun-2024,171.0,CE,0.0,0.0,0.0,3.65,5.6,0,0.0,0,0,06-MAY-2024,
OPTSTK,FEDERALBNK,27-Jun-2024,172.0,CE,0.0,0.0,0.0,3.5,5.25,0,0.0,0,0,06-MAY-2024,
OPTSTK,FEDERALBNK,27-Jun-2024,173.0,CE,0.0,0.0,0.0,3.2,4.9,0,0.0,0,0,06-MAY-2024,
OPTSTK,FEDERALBNK,27-Jun-2024,174.0,CE,0.0,0.0,0.0,3.1,4.6,0,0.0,0,0,06-MAY-2024,
OPTSTK,FEDERALBNK,27-Jun-2024,175.0,CE,4.9,4.9,4.9,4.9,4.25,1,8.99,15000,5000,06-MAY-2024,
OPTSTK,FEDERALBNK,27-Jun-2024,176.0,CE,0.0,0.0,0.0,2.75,4.0,0,0.0,0,0,06-MAY-2024,
OPTSTK,FEDERALBNK,27-Jun-2024,177.0,CE,0.0,0.0,0.0,2.4,3.7,0,0.0,0,0,06-MAY-2024,
OPTSTK,FEDERALBNK,27-Jun-2024,178.0,CE,0.0,0.0,0.0,2.45,3.45,0,0.0,0,0,06-MAY-2024,
OPTSTK,FEDERALBNK,27-Jun-2024,179.0,CE,0.0,0.0,0.0,2.05,3.2,0,0.0,0,0,06-MAY-2024,
OPTSTK,FEDERALBNK,27-Jun-2024,180.0,CE,3.0,5.0,3.0,4.55,4.55,19,175.19,205000,25000,06-MAY-2024,
OPTSTK,FEDERALBNK,27-Jun-2024,182.0,CE,4.2,4.2,4.2,4.2,2.55,1,9.31,135000,0,06-MAY-2024,
OPTSTK,FEDERALBNK,27-Jun-2024,184.0,CE,0.0,0.0,0.0,3.65,2.2,0,0.0,5000,0,06-MAY-2024,
OPTSTK,FEDERALBNK,27-Jun-2024,186.0,CE,0.0,0.0,0.0,1.45,1.9,0,0.0,0,0,06-MAY-2024,
OPTSTK,FEDERALBNK,27-Jun-2024,188.0,CE,0.0,0.0,0.0,1.3,1.6,0,0.0,0,0,06-MAY-2024,
OPTSTK,FEDERALBNK,27-Jun-2024,190.0,CE,0.0,0.0,0.0,1.5,1.35,0,0.0,0,0,06-MAY-2024,
OPTSTK,FEDERALBNK,27-Jun-2024,136.0,PE,0.8,0.85,0.8,0.85,0.4,2,13.68,10000,10000,06-MAY-2024,
OPTSTK,FEDERALBNK,27-Jun-2024,138.0,PE,0.0,0.0,0.0,3.65,0.55,0,0.0,0,0,06-MAY-2024,
OPTSTK,FEDERALBNK,27-Jun-2024,140.0,PE,1.45,1.8,1.4,1.8,1.8,29,205.37,175000,90000,06-MAY-2024,
OPTSTK,FEDERALBNK,27-Jun-2024,142.0,PE,0.0,0.0,0.0,1.3,0.95,0,0.0,40000,0,06-MAY-2024,
OPTSTK,FEDERALBNK,27-Jun-2024,144.0,PE,4.0,4.0,1.8,1.8,1.2,2,14.69,40000,5000,06-MAY-2024,
OPTSTK,FEDERALBNK,27-Jun-2024,145.0,PE,2.15,2.5,2.15,2.5,1.35,4,29.47,65000,10000,06-MAY-2024,
OPTSTK,FEDERALBNK,27-Jun-2024,146.0,PE,0.0,0.0,0.0,6.4,1.5,0,0.0,0,0,06-MAY-2024,
OPTSTK,FEDERALBNK,27-Jun-2024,147.0,PE,0.0,0.0,0.0,3.75,1.65,0,0.0,0,0,06-MAY-2024,
OPTSTK,FEDERALBNK,27-Jun-2024,148.0,PE,0.0,0.0,0.0,7.25,1.85,0,0.0,0,0,06-MAY-2024,
OPTSTK,FEDERALBNK,27-Jun-2024,149.0,PE,0.0,0.0,0.0,4.4,2.05,0,0.0,0,0,06-MAY-2024,
OPTSTK,FEDERALBNK,27-Jun-2024,150.0,PE,3.5,4.8,3.5,3.95,3.95,24,184.8,325000,55000,06-MAY-2024,
OPTSTK,FEDERALBNK,27-Jun-2024,151.0,PE,0.0,0.0,0.0,5.15,2.5,0,0.0,0,0,06-MAY-2024,
OPTSTK,FEDERALBNK,27-Jun-2024,152.0,PE,0.0,0.0,0.0,9.2,2.75,0,0.0,0,0,06-MAY-2024,
OPTSTK,FEDERALBNK,27-Jun-2024,153.0,PE,0.0,0.0,0.0,5.95,3.0,0,0.0,0,0,06-MAY-2024,
OPTSTK,FEDERALBNK,27-Jun-2024,154.0,PE,0.0,0.0,0.0,10.2,3.3,0,0.0,0,0,06-MAY-2024,
OPTSTK,FEDERALBNK,27-Jun-2024,155.0,PE,0.0,0.0,0.0,4.25,3.6,0,0.0,10000,0,06-MAY-2024,
OPTSTK,FEDERALBNK,27-Jun-2024,156.0,PE,0.0,0.0,0.0,11.35,3.95,0,0.0,0,0,06-MAY-2024,
OPTSTK,FEDERALBNK,27-Jun-2024,157.0,PE,0.0,0.0,0.0,7.8,4.25,0,0.0,0,0,06-MAY-2024,
OPTSTK,FEDERALBNK,27-Jun-2024,158.0,PE,0.0,0.0,0.0,5.5,4.65,0,0.0,5000,0,06-MAY-2024,
OPTSTK,FEDERALBNK,27-Jun-2024,159.0,PE,0.0,0.0,0.0,8.85,5.0,0,0.0,0,0,06-MAY-2024,
OPTSTK,FEDERALBNK,27-Jun-2024,160.0,PE,7.05,7.9,6.8,6.95,6.95,25,209.07,415000,40000,06-MAY-2024,
OPTSTK,FEDERALBNK,27-Jun-2024,161.0,PE,0.0,0.0,0.0,9.95,5.85,0,0.0,0,0,06-MAY-2024,
OPTSTK,FEDERALBNK,27-Jun-2024,162.0,PE,0.0,0.0,0.0,15.0,6.3,0,0.0,0,0,06-MAY-2024,
OPTSTK,FEDERALBNK,27-Jun-2024,163.0,PE,0.0,0.0,0.0,11.15,6.75,0,0.0,0,0,06-MAY-2024,
OPTSTK,FEDERALBNK,27-Jun-2024,164.0,PE,0.0,0.0,0.0,16.35,7.2,0,0.0,0,0,06-MAY-2024,
OPTSTK,FEDERALBNK,27-Jun-2024,165.0,PE,8.0,10.0,8.0,10.0,7.7,3,26.15,70000,15000,06-MAY-2024,
OPTSTK,FEDERALBNK,27-Jun-2024,166.0,PE,0.0,0.0,0.0,17.75,8.25,0,0.0,0,0,06-MAY-2024,
OPTSTK,FEDERALBNK,27-Jun-2024,167.0,PE,0.0,0.0,0.0,13.75,8.8,0,0.0,0,0,06-MAY-2024,
OPTSTK,FEDERALBNK,27-Jun-2024,168.0,PE,0.0,0.0,0.0,19.2,9.35,0,0.0,0,0,06-MAY-2024,
OPTSTK,FEDERALBNK,27-Jun-2024,169.0,PE,0.0,0.0,0.0,15.15,9.9,0,0.0,0,0,06-MAY-2024,
OPTSTK,FEDERALBNK,27-Jun-2024,170.0,PE,0.0,0.0,0.0,10.5,10.5,0,0.0,30000,0,06-MAY-2024,
OPTSTK,FEDERALBNK,27-Jun-2024,171.0,PE,0.0,0.0,0.0,16.6,11.15,0,0.0,0,0,06-MAY-2024,
OPTSTK,FEDERALBNK,27-Jun-2024,172.0,PE,0.0,0.0,0.0,22.25,11.75,0,0.0,0,0,06-MAY-2024,
OPTSTK,FEDERALBNK,27-Jun-2024,173.0,PE,0.0,0.0,0.0,18.1,12.4,0,0.0,0,0,06-MAY-2024,
OPTSTK,FEDERALBNK,27-Jun-2024,174.0,PE,0.0,0.0,0.0,23.8,13.1,0,0.0,0,0,06-MAY-2024,
OPTSTK,FEDERALBNK,27-Jun-2024,175.0,PE,0.0,0.0,0.0,19.65,13.75,0,0.0,0,0,06-MAY-2024,
OPTSTK,FEDERALBNK,27-Jun-2024,176.0,PE,0.0,0.0,0.0,25.4,14.45,0,0.0,0,0,06-MAY-2024,
OPTSTK,FEDERALBNK,27-Jun-2024,177.0,PE,0.0,0.0,0.0,21.25,15.2,0,0.0,0,0,06-MAY-2024,
OPTSTK,FEDERALBNK,27-Jun-2024,178.0,PE,0.0,0.0,0.0,27.05,15.95,0,0.0,0,0,06-MAY-2024,
OPTSTK,FEDERALBNK,27-Jun-2024,179.0,PE,0.0,0.0,0.0,22.9,16.7,0,0.0,0,0,06-MAY-2024,
OPTSTK,FEDERALBNK,27-Jun-2024,180.0,PE,0.0,0.0,0.0,28.75,17.45,0,0.0,0,0,06-MAY-2024,
OPTSTK,FEDERALBNK,27-Jun-2024,182.0,PE,0.0,0.0,0.0,30.45,19.0,0,0.0,0,0,06-MAY-2024,
OPTSTK,FEDERALBNK,27-Jun-2024,184.0,PE,0.0,0.0,0.0,32.2,20.6,0,0.0,0,0,06-MAY-2024,
OPTSTK,FEDERALBNK,27-Jun-2024,186.0,PE,0.0,0.0,0.0,33.95,22.25,0,0.0,0,0,06-MAY-2024,
OPTSTK,FEDERALBNK,27-Jun-2024,188.0,PE,0.0,0.0,0.0,35.75,23.95,0,0.0,0,0,06-MAY-2024,
OPTSTK,FEDERALBNK,27-Jun-2024,190.0,PE,0.0,0.0,0.0,34.15,25.7,0,0.0,0,0,06-MAY-2024,
OPTSTK,FEDERALBNK,25-Jul-2024,132.0,CE,0.0,0.0,0.0,27.75,34.4,0,0.0,0,0,06-MAY-2024,
OPTSTK,FEDERALBNK,25-Jul-2024,136.0,CE,0.0,0.0,0.0,24.45,30.8,0,0.0,0,0,06-MAY-2024,
OPTSTK,FEDERALBNK,25-Jul-2024,140.0,CE,0.0,0.0,0.0,21.35,27.35,0,0.0,0,0,06-MAY-2024,
OPTSTK,FEDERALBNK,25-Jul-2024,144.0,CE,0.0,0.0,0.0,18.5,24.05,0,0.0,0,0,06-MAY-2024,
OPTSTK,FEDERALBNK,25-Jul-2024,146.0,CE,0.0,0.0,0.0,17.15,22.5,0,0.0,0,0,06-MAY-2024,
OPTSTK,FEDERALBNK,25-Jul-2024,148.0,CE,0.0,0.0,0.0,15.85,20.95,0,0.0,0,0,06-MAY-2024,
OPTSTK,FEDERALBNK,25-Jul-2024,150.0,CE,0.0,0.0,0.0,14.6,19.5,0,0.0,0,0,06-MAY-2024,
OPTSTK,FEDERALBNK,25-Jul-2024,152.0,CE,0.0,0.0,0.0,13.45,18.1,0,0.0,0,0,06-MAY-2024,
OPTSTK,FEDERALBNK,25-Jul-2024,154.0,CE,0.0,0.0,0.0,12.35,16.75,0,0.0,0,0,06-MAY-2024,
OPTSTK,FEDERALBNK,25-Jul-2024,156.0,CE,0.0,0.0,0.0,11.3,15.45,0,0.0,0,0,06-MAY-2024,
OPTSTK,FEDERALBNK,25-Jul-2024,158.0,CE,0.0,0.0,0.0,10.35,14.25,0,0.0,0,0,06-MAY-2024,
OPTSTK,FEDERALBNK,25-Jul-2024,160.0,CE,0.0,0.0,0.0,9.4,13.05,0,0.0,0,0,06-MAY-2024,
OPTSTK,FEDERALBNK,25-Jul-2024,162.0,CE,0.0,0.0,0.0,8.55,12.0,0,0.0,0,0,06-MAY-2024,
OPTSTK,FEDERALBNK,25-Jul-2024,164.0,CE,0.0,0.0,0.0,7.75,10.95,0,0.0,0,0,06-MAY-2024,
OPTSTK,FEDERALBNK,25-Jul-2024,166.0,CE,0.0,0.0,0.0,7.05,10.0,0,0.0,0,0,06-MAY-2024,
OPTSTK,FEDERALBNK,25-Jul-2024,168.0,CE,0.0,0.0,0.0,6.35,9.05,0,0.0,0,0,06-MAY-2024,
OPTSTK,FEDERALBNK,25-Jul-2024,170.0,CE,0.0,0.0,0.0,5.75,8.25,0,0.0,0,0,06-MAY-2024,
OPTSTK,FEDERALBNK,25-Jul-2024,172.0,CE,0.0,0.0,0.0,5.15,7.45,0,0.0,0,0,06-MAY-2024,
OPTSTK,FEDERALBNK,25-Jul-2024,174.0,CE,0.0,0.0,0.0,4.6,6.7,0,0.0,0,0,06-MAY-2024,
OPTSTK,FEDERALBNK,25-Jul-2024,176.0,CE,0.0,0.0,0.0,4.15,6.05,0,0.0,0,0,06-MAY-2024,
OPTSTK,FEDERALBNK,25-Jul-2024,178.0,CE,0.0,0.0,0.0,3.7,5.45,0,0.0,0,0,06-MAY-2024,
OPTSTK,FEDERALBNK,25-Jul-2024,180.0,CE,0.0,0.0,0.0,3.3,4.9,0,0.0,0,0,06-MAY-2024,
OPTSTK,FEDERALBNK,25-Jul-2024,184.0,CE,0.0,0.0,0.0,2.6,3.9,0,0.0,0,0,06-MAY-2024,
OPTSTK,FEDERALBNK,25-Jul-2024,188.0,CE,0.0,0.0,0.0,2.05,3.1,0,0.0,0,0,06-MAY-2024,
OPTSTK,FEDERALBNK,25-Jul-2024,192.0,CE,0.0,0.0,0.0,1.6,2.4,0,0.0,0,0,06-MAY-2024,
OPTSTK,FEDERALBNK,25-Jul-2024,132.0,PE,0.0,0.0,0.0,1.4,0.6,0,0.0,0,0,06-MAY-2024,
OPTSTK,FEDERALBNK,25-Jul-2024,136.0,PE,0.0,0.0,0.0,2.05,0.95,0,0.0,0,0,06-MAY-2024,
OPTSTK,FEDERALBNK,25-Jul-2024,140.0,PE,0.0,0.0,0.0,2.9,1.45,0,0.0,0,0,06-MAY-2024,
OPTSTK,FEDERALBNK,25-Jul-2024,144.0,PE,0.0,0.0,0.0,3.95,2.1,0,0.0,0,0,06-MAY-2024,
OPTSTK,FEDERALBNK,25-Jul-2024,146.0,PE,0.0,0.0,0.0,4.55,2.5,0,0.0,0,0,06-MAY-2024,
OPTSTK,FEDERALBNK,25-Jul-2024,148.0,PE,0.0,0.0,0.0,5.2,2.95,0,0.0,0,0,06-MAY-2024,
OPTSTK,FEDERALBNK,25-Jul-2024,150.0,PE,0.0,0.0,0.0,5.95,3.45,0,0.0,0,0,06-MAY-2024,
OPTSTK,FEDERALBNK,25-Jul-2024,152.0,PE,0.0,0.0,0.0,6.75,4.0,0,0.0,0,0,06-MAY-2024,
OPTSTK,FEDERALBNK,25-Jul-2024,154.0,PE,0.0,0.0,0.0,7.6,4.6,0,0.0,0,0,06-MAY-2024,
OPTSTK,FEDERALBNK,25-Jul-2024,156.0,PE,0.0,0.0,0.0,8.55,5.3,0,0.0,0,0,06-MAY-2024,
OPTSTK,FEDERALBNK,25-Jul-2024,158.0,PE,0.0,0.0,0.0,9.55,6.05,0,0.0,0,0,06-MAY-2024,
OPTSTK,FEDERALBNK,25-Jul-2024,160.0,PE,8.0,8.0,8.0,8.0,6.85,1,8.4,5000,5000,06-MAY-2024,
OPTSTK,FEDERALBNK,25-Jul-2024,162.0,PE,0.0,0.0,0.0,11.7,7.7,0,0.0,0,0,06-MAY-2024,
OPTSTK,FEDERALBNK,25-Jul-2024,164.0,PE,0.0,0.0,0.0,12.85,8.65,0,0.0,0,0,06-MAY-2024,
OPTSTK,FEDERALBNK,25-Jul-2024,166.0,PE,0.0,0.0,0.0,14.1,9.65,0,0.0,0,0,06-MAY-2024,
OPTSTK,FEDERALBNK,25-Jul-2024,168.0,PE,0.0,0.0,0.0,15.35,10.7,0,0.0,0,0,06-MAY-2024,
OPTSTK,FEDERALBNK,25-Jul-2024,170.0,PE,0.0,0.0,0.0,16.7,11.85,0,0.0,0,0,06-MAY-2024,
OPTSTK,FEDERALBNK,25-Jul-2024,172.0,PE,0.0,0.0,0.0,18.1,13.05,0,0.0,0,0,06-MAY-2024,
OPTSTK,FEDERALBNK,25-Jul-2024,174.0,PE,0.0,0.0,0.0,19.55,14.25,0,0.0,0,0,06-MAY-2024,
OPTSTK,FEDERALBNK,25-Jul-2024,176.0,PE,0.0,0.0,0.0,21.0,15.55,0,0.0,0,0,06-MAY-2024,
OPTSTK,FEDERALBNK,25-Jul-2024,178.0,PE,0.0,0.0,0.0,22.55,16.95,0,0.0,0,0,06-MAY-2024,
OPTSTK,FEDERALBNK,25-Jul-2024,180.0,PE,0.0,0.0,0.0,24.1,18.35,0,0.0,0,0,06-MAY-2024,
OPTSTK,FEDERALBNK,25-Jul-2024,184.0,PE,0.0,0.0,0.0,27.35,21.3,0,0.0,0,0,06-MAY-2024,
OPTSTK,FEDERALBNK,25-Jul-2024,188.0,PE,0.0,0.0,0.0,30.7,24.4,0,0.0,0,0,06-MAY-2024,
OPTSTK,FEDERALBNK,25-Jul-2024,192.0,PE,0.0,0.0,0.0,34.2,27.7,0,0.0,0,0,06-MAY-2024,
OPTSTK,GAIL,30-May-2024,155.0,CE,0.0,0.0,0.0,45.15,43.55,0,0.0,9150,0,06-MAY-2024,
OPTSTK,GAIL,30-May-2024,160.0,CE,0.0,0.0,0.0,44.0,38.6,0,0.0,13725,0,06-MAY-2024,
OPTSTK,GAIL,30-May-2024,165.0,CE,0.0,0.0,0.0,20.0,33.75,0,0.0,4575,0,06-MAY-2024,
OPTSTK,GAIL,30-May-2024,170.0,CE,0.0,0.0,0.0,40.8,28.95,0,0.0,59475,0,06-MAY-2024,
OPTSTK,GAIL,30-May-2024,175.0,CE,24.8,26.4,24.8,26.4,24.35,2,18.35,13725,4575,06-MAY-2024,
OPTSTK,GAIL,30-May-2024,180.0,CE,22.0,22.8,20.0,20.8,20.0,34,312.47,260775,59475,06-MAY-2024,
OPTSTK,GAIL,30-May-2024,182.5,CE,20.4,20.8,17.8,19.0,17.9,20,184.61,45750,18300,06-MAY-2024,
OPTSTK,GAIL,30-May-2024,185.0,CE,18.0,18.0,15.95,16.55,15.95,9,83.04,178425,18300,06-MAY-2024,
OPTSTK,GAIL,30-May-2024,187.5,CE,14.7,16.9,14.2,14.95,14.95,14,129.79,41175,18300,06-MAY-2024,
OPTSTK,GAIL,30-May-2024,190.0,CE,15.45,15.5,12.6,13.45,13.45,117,1090.51,526125,45750,06-MAY-2024,
OPTSTK,GAIL,30-May-2024,192.5,CE,12.7,13.4,11.05,11.85,11.85,47,439.09,91500,27450,06-MAY-2024,
OPTSTK,GAIL,30-May-2024,195.0,CE,9.95,11.9,9.65,10.35,10.35,252,2366.05,279075,105225,06-MAY-2024,
OPTSTK,GAIL,30-May-2024,197.5,CE,12.3,12.3,8.35,9.0,9.0,338,3194.1,338550,187575,06-MAY-2024,
OPTSTK,GAIL,30-May-2024,200.0,CE,10.85,10.85,7.2,7.85,7.85,2190,20839.31,3993975,1216950,06-MAY-2024,
OPTSTK,GAIL,30-May-2024,202.5,CE,9.4,9.4,6.25,6.75,6.75,257,2464.8,320250,132675,06-MAY-2024,
OPTSTK,GAIL,30-May-2024,205.0,CE,8.1,8.15,5.35,5.85,5.85,1476,14259.59,3573075,654225,06-MAY-2024,
OPTSTK,GAIL,30-May-2024,207.5,CE,7.15,7.15,4.6,5.0,5.0,388,3776.07,1098000,27450,06-MAY-2024,
OPTSTK,GAIL,30-May-2024,210.0,CE,6.2,6.25,3.95,4.4,4.4,2345,23016.76,11862975,896700,06-MAY-2024,
OPTSTK,GAIL,30-May-2024,212.5,CE,5.2,5.25,3.35,3.7,3.7,259,2563.11,1011075,123525,06-MAY-2024,
OPTSTK,GAIL,30-May-2024,215.0,CE,4.5,4.5,2.8,3.15,3.15,877,8753.62,3527325,599325,06-MAY-2024,
OPTSTK,GAIL,30-May-2024,217.5,CE,3.65,3.65,2.4,2.65,2.65,440,4432.6,1578375,1052250,06-MAY-2024,
OPTSTK,GAIL,30-May-2024,220.0,CE,3.35,3.4,2.05,2.3,2.3,2069,21051.72,8221275,1381650,06-MAY-2024,
OPTSTK,GAIL,30-May-2024,222.5,CE,2.35,2.35,1.7,1.95,1.95,79,811.35,439200,73200,06-MAY-2024,
OPTSTK,GAIL,30-May-2024,225.0,CE,2.25,2.25,1.4,1.65,1.65,952,9870.86,2388150,288225,06-MAY-2024,
OPTSTK,GAIL,30-May-2024,227.5,CE,1.75,1.85,1.2,1.35,1.35,49,513.22,393450,-22875,06-MAY-2024,
OPTSTK,GAIL,30-May-2024,230.0,CE,1.6,1.6,1.0,1.15,1.15,1664,17602.47,5032500,-1907775,06-MAY-2024,
OPTSTK,GAIL,30-May-2024,235.0,CE,1.05,1.1,0.65,0.8,0.8,705,7606.18,2671800,846375,06-MAY-2024,
OPTSTK,GAIL,30-May-2024,150.0,PE,0.35,0.35,0.15,0.2,0.2,11,75.58,146400,32025,06-MAY-2024,
OPTSTK,GAIL,30-May-2024,155.0,PE,0.0,0.0,0.0,0.25,0.05,0,0.0,54900,0,06-MAY-2024,
OPTSTK,GAIL,30-May-2024,160.0,PE,0.25,0.4,0.15,0.35,0.35,44,322.62,283650,36600,06-MAY-2024,
OPTSTK,GAIL,30-May-2024,165.0,PE,0.3,0.55,0.3,0.5,0.5,188,1422.6,516975,494100,06-MAY-2024,
OPTSTK,GAIL,30-May-2024,170.0,PE,0.4,0.95,0.4,0.8,0.8,333,2600.47,924150,155550,06-MAY-2024,
OPTSTK,GAIL,30-May-2024,175.0,PE,0.6,1.5,0.6,1.3,1.3,233,1877.93,732000,251625,06-MAY-2024,
OPTSTK,GAIL,30-May-2024,177.5,PE,1.25,1.9,1.05,1.65,1.65,63,516.18,173850,114375,06-MAY-2024,
OPTSTK,GAIL,30-May-2024,180.0,PE,0.95,2.4,0.95,2.1,2.1,859,7142.92,3435825,677100,06-MAY-2024,
OPTSTK,GAIL,30-May-2024,182.5,PE,1.35,2.95,1.3,2.6,2.6,162,1368.43,398025,96075,06-MAY-2024,
OPTSTK,GAIL,30-May-2024,185.0,PE,1.65,3.6,1.65,3.2,3.2,440,3781.22,1198650,105225,06-MAY-2024,
OPTSTK,GAIL,30-May-2024,187.5,PE,2.3,4.4,2.25,3.9,3.9,194,1693.14,361425,-45750,06-MAY-2024,
OPTSTK,GAIL,30-May-2024,190.0,PE,2.45,5.25,2.45,4.7,4.7,2916,25958.01,5375625,809775,06-MAY-2024,
OPTSTK,GAIL,30-May-2024,192.5,PE,3.3,6.3,3.3,5.6,5.6,762,6912.81,1171200,764025,06-MAY-2024,
OPTSTK,GAIL,30-May-2024,195.0,PE,3.8,7.4,3.8,6.65,6.65,1440,13252.78,2026725,498675,06-MAY-2024,
OPTSTK,GAIL,30-May-2024,197.5,PE,4.7,8.55,4.7,7.8,7.8,619,5785.12,759450,-855525,06-MAY-2024,
OPTSTK,GAIL,30-May-2024,200.0,PE,5.5,9.95,5.5,9.1,9.1,2225,21176.37,3998550,782325,06-MAY-2024,
OPTSTK,GAIL,30-May-2024,202.5,PE,6.85,11.35,6.85,10.6,10.6,141,1367.91,256200,-9150,06-MAY-2024,
OPTSTK,GAIL,30-May-2024,205.0,PE,7.65,13.0,7.65,12.0,12.0,575,5674.8,1505175,-347700,06-MAY-2024,
OPTSTK,GAIL,30-May-2024,207.5,PE,9.4,14.65,9.4,14.65,12.75,38,382.32,361425,9150,06-MAY-2024,
OPTSTK,GAIL,30-May-2024,210.0,PE,11.1,16.4,11.05,15.75,15.75,176,1807.74,2475075,-73200,06-MAY-2024,
OPTSTK,GAIL,30-May-2024,212.5,PE,13.5,16.95,13.5,14.65,16.4,5,52.08,132675,-13725,06-MAY-2024,
OPTSTK,GAIL,30-May-2024,215.0,PE,16.0,20.4,16.0,19.4,19.4,32,342.62,439200,-36600,06-MAY-2024,
OPTSTK,GAIL,30-May-2024,217.5,PE,21.05,21.1,20.0,20.0,20.45,5,54.48,59475,-9150,06-MAY-2024,
OPTSTK,GAIL,30-May-2024,220.0,PE,20.45,24.4,20.45,23.15,22.6,21,233.04,484950,13725,06-MAY-2024,
OPTSTK,GAIL,30-May-2024,222.5,PE,22.75,22.75,22.75,22.75,24.8,1,11.22,64050,0,06-MAY-2024,
OPTSTK,GAIL,30-May-2024,225.0,PE,0.0,0.0,0.0,23.6,27.05,0,0.0,77775,0,06-MAY-2024,
OPTSTK,GAIL,30-May-2024,227.5,PE,0.0,0.0,0.0,23.5,29.35,0,0.0,18300,0,06-MAY-2024,
OPTSTK,GAIL,30-May-2024,230.0,PE,0.0,0.0,0.0,26.25,31.65,0,0.0,160125,0,06-MAY-2024,
OPTSTK,GAIL,30-May-2024,235.0,PE,37.0,37.0,37.0,37.0,36.45,1,12.44,64050,4575,06-MAY-2024,
OPTSTK,GAIL,27-Jun-2024,180.0,CE,0.0,0.0,0.0,15.1,23.0,0,0.0,0,0,06-MAY-2024,
OPTSTK,GAIL,27-Jun-2024,185.0,CE,0.0,0.0,0.0,12.7,19.45,0,0.0,0,0,06-MAY-2024,
OPTSTK,GAIL,27-Jun-2024,187.5,CE,0.0,0.0,0.0,26.75,17.8,0,0.0,0,0,06-MAY-2024,
OPTSTK,GAIL,27-Jun-2024,190.0,CE,20.0,20.0,19.0,19.0,16.2,2,19.16,9150,9150,06-MAY-2024,
OPTSTK,GAIL,27-Jun-2024,192.5,CE,0.0,0.0,0.0,23.15,14.75,0,0.0,0,0,06-MAY-2024,
OPTSTK,GAIL,27-Jun-2024,195.0,CE,0.0,0.0,0.0,19.0,13.35,0,0.0,4575,0,06-MAY-2024,
OPTSTK,GAIL,27-Jun-2024,197.5,CE,17.0,17.0,16.45,16.45,12.05,2,19.6,9150,9150,06-MAY-2024,
OPTSTK,GAIL,27-Jun-2024,200.0,CE,14.6,15.6,14.1,14.75,14.75,30,294.62,118950,105225,06-MAY-2024,
OPTSTK,GAIL,27-Jun-2024,202.5,CE,0.0,0.0,0.0,16.9,9.7,0,0.0,0,0,06-MAY-2024,
OPTSTK,GAIL,27-Jun-2024,205.0,CE,11.7,13.0,11.7,13.0,8.7,4,39.74,27450,4575,06-MAY-2024,
OPTSTK,GAIL,27-Jun-2024,207.5,CE,0.0,0.0,0.0,14.25,7.75,0,0.0,0,0,06-MAY-2024,
OPTSTK,GAIL,27-Jun-2024,210.0,CE,10.8,11.5,10.0,10.8,10.8,37,373.07,155550,77775,06-MAY-2024,
OPTSTK,GAIL,27-Jun-2024,212.5,CE,0.0,0.0,0.0,11.85,6.1,0,0.0,0,0,06-MAY-2024,
OPTSTK,GAIL,27-Jun-2024,215.0,CE,0.0,0.0,0.0,3.85,5.35,0,0.0,0,0,06-MAY-2024,
OPTSTK,GAIL,27-Jun-2024,217.5,CE,0.0,0.0,0.0,9.8,4.75,0,0.0,0,0,06-MAY-2024,
OPTSTK,GAIL,27-Jun-2024,220.0,CE,7.5,7.85,7.0,7.6,7.6,12,124.87,50325,27450,06-MAY-2024,
OPTSTK,GAIL,27-Jun-2024,222.5,CE,0.0,0.0,0.0,8.05,3.6,0,0.0,0,0,06-MAY-2024,
OPTSTK,GAIL,27-Jun-2024,225.0,CE,0.0,0.0,0.0,2.45,3.15,0,0.0,0,0,06-MAY-2024,
OPTSTK,GAIL,27-Jun-2024,227.5,CE,0.0,0.0,0.0,6.55,2.75,0,0.0,0,0,06-MAY-2024,
OPTSTK,GAIL,27-Jun-2024,230.0,CE,5.25,5.25,3.6,5.25,2.4,4,42.89,169275,9150,06-MAY-2024,
OPTSTK,GAIL,27-Jun-2024,235.0,CE,0.0,0.0,0.0,1.55,1.75,0,0.0,0,0,06-MAY-2024,
OPTSTK,GAIL,27-Jun-2024,240.0,CE,3.2,3.6,3.2,3.6,1.3,7,77.95,68625,13725,06-MAY-2024,
OPTSTK,GAIL,27-Jun-2024,170.0,PE,2.25,3.65,2.0,3.25,3.25,18,142.53,118950,36600,06-MAY-2024,
OPTSTK,GAIL,27-Jun-2024,180.0,PE,4.35,6.25,4.35,6.0,6.0,48,407.43,333975,128100,06-MAY-2024,
OPTSTK,GAIL,27-Jun-2024,185.0,PE,0.0,0.0,0.0,13.35,4.75,0,0.0,0,0,06-MAY-2024,
OPTSTK,GAIL,27-Jun-2024,187.5,PE,0.0,0.0,0.0,3.9,5.55,0,0.0,0,0,06-MAY-2024,
OPTSTK,GAIL,27-Jun-2024,190.0,PE,6.3,9.3,6.3,9.3,6.45,9,81.61,86925,13725,06-MAY-2024,
OPTSTK,GAIL,27-Jun-2024,192.5,PE,0.0,0.0,0.0,5.25,7.45,0,0.0,0,0,06-MAY-2024,
OPTSTK,GAIL,27-Jun-2024,195.0,PE,10.3,10.3,10.3,10.3,8.55,1,9.39,4575,4575,06-MAY-2024,
OPTSTK,GAIL,27-Jun-2024,197.5,PE,0.0,0.0,0.0,6.9,9.7,0,0.0,0,0,06-MAY-2024,
OPTSTK,GAIL,27-Jun-2024,200.0,PE,11.35,14.15,11.35,13.5,10.95,16,155.55,256200,41175,06-MAY-2024,
OPTSTK,GAIL,27-Jun-2024,202.5,PE,0.0,0.0,0.0,8.85,12.35,0,0.0,0,0,06-MAY-2024,
OPTSTK,GAIL,27-Jun-2024,205.0,PE,0.0,0.0,0.0,26.2,13.75,0,0.0,0,0,06-MAY-2024,
OPTSTK,GAIL,27-Jun-2024,207.5,PE,0.0,0.0,0.0,11.15,15.3,0,0.0,0,0,06-MAY-2024,
OPTSTK,GAIL,27-Jun-2024,210.0,PE,19.6,19.6,19.6,19.6,16.9,1,10.5,13725,4575,06-MAY-2024,
OPTSTK,GAIL,27-Jun-2024,212.5,PE,0.0,0.0,0.0,13.7,18.6,0,0.0,0,0,06-MAY-2024,
OPTSTK,GAIL,27-Jun-2024,215.0,PE,23.0,23.0,23.0,23.0,20.35,1,10.88,4575,4575,06-MAY-2024,
OPTSTK,GAIL,27-Jun-2024,217.5,PE,0.0,0.0,0.0,16.6,22.2,0,0.0,0,0,06-MAY-2024,
OPTSTK,GAIL,27-Jun-2024,220.0,PE,0.0,0.0,0.0,38.1,24.1,0,0.0,0,0,06-MAY-2024,
OPTSTK,GAIL,27-Jun-2024,222.5,PE,0.0,0.0,0.0,19.75,26.05,0,0.0,0,0,06-MAY-2024,
OPTSTK,GAIL,27-Jun-2024,225.0,PE,0.0,0.0,0.0,42.4,28.05,0,0.0,0,0,06-MAY-2024,
OPTSTK,GAIL,27-Jun-2024,227.5,PE,0.0,0.0,0.0,23.15,30.1,0,0.0,0,0,06-MAY-2024,
OPTSTK,GAIL,27-Jun-2024,230.0,PE,0.0,0.0,0.0,46.8,32.2,0,0.0,0,0,06-MAY-2024,
OPTSTK,GAIL,27-Jun-2024,235.0,PE,0.0,0.0,0.0,51.3,36.55,0,0.0,0,0,06-MAY-2024,
OPTSTK,GAIL,25-Jul-2024,170.0,CE,0.0,0.0,0.0,43.05,33.2,0,0.0,0,0,06-MAY-2024,
OPTSTK,GAIL,25-Jul-2024,180.0,CE,0.0,0.0,0.0,34.9,25.7,0,0.0,0,0,06-MAY-2024,
OPTSTK,GAIL,25-Jul-2024,185.0,CE,0.0,0.0,0.0,31.15,22.3,0,0.0,0,0,06-MAY-2024,
OPTSTK,GAIL,25-Jul-2024,190.0,CE,0.0,0.0,0.0,27.65,19.25,0,0.0,0,0,06-MAY-2024,
OPTSTK,GAIL,25-Jul-2024,195.0,CE,0.0,0.0,0.0,24.35,16.45,0,0.0,0,0,06-MAY-2024,
OPTSTK,GAIL,25-Jul-2024,200.0,CE,0.0,0.0,0.0,21.35,13.95,0,0.0,0,0,06-MAY-2024,
OPTSTK,GAIL,25-Jul-2024,205.0,CE,0.0,0.0,0.0,18.6,11.75,0,0.0,0,0,06-MAY-2024,
OPTSTK,GAIL,25-Jul-2024,210.0,CE,0.0,0.0,0.0,16.1,9.8,0,0.0,0,0,06-MAY-2024,
OPTSTK,GAIL,25-Jul-2024,215.0,CE,0.0,0.0,0.0,13.85,8.15,0,0.0,0,0,06-MAY-2024,
OPTSTK,GAIL,25-Jul-2024,220.0,CE,0.0,0.0,0.0,11.85,6.7,0,0.0,0,0,06-MAY-2024,
OPTSTK,GAIL,25-Jul-2024,225.0,CE,0.0,0.0,0.0,10.1,5.5,0,0.0,0,0,06-MAY-2024,
OPTSTK,GAIL,25-Jul-2024,230.0,CE,0.0,0.0,0.0,8.55,4.45,0,0.0,0,0,06-MAY-2024,
OPTSTK,GAIL,25-Jul-2024,240.0,CE,0.0,0.0,0.0,6.05,2.9,0,0.0,0,0,06-MAY-2024,
OPTSTK,GAIL,25-Jul-2024,170.0,PE,0.0,0.0,0.0,1.95,2.75,0,0.0,0,0,06-MAY-2024,
OPTSTK,GAIL,25-Jul-2024,180.0,PE,0.0,0.0,0.0,3.75,5.05,0,0.0,27450,0,06-MAY-2024,
OPTSTK,GAIL,25-Jul-2024,185.0,PE,0.0,0.0,0.0,4.85,6.6,0,0.0,0,0,06-MAY-2024,
OPTSTK,GAIL,25-Jul-2024,190.0,PE,0.0,0.0,0.0,6.2,8.45,0,0.0,0,0,06-MAY-2024,
OPTSTK,GAIL,25-Jul-2024,195.0,PE,0.0,0.0,0.0,7.85,10.55,0,0.0,0,0,06-MAY-2024,
OPTSTK,GAIL,25-Jul-2024,200.0,PE,0.0,0.0,0.0,9.75,13.0,0,0.0,0,0,06-MAY-2024,
OPTSTK,GAIL,25-Jul-2024,205.0,PE,0.0,0.0,0.0,11.9,15.7,0,0.0,0,0,06-MAY-2024,
OPTSTK,GAIL,25-Jul-2024,210.0,PE,0.0,0.0,0.0,14.3,18.7,0,0.0,0,0,06-MAY-2024,
OPTSTK,GAIL,25-Jul-2024,215.0,PE,0.0,0.0,0.0,17.0,21.95,0,0.0,0,0,06-MAY-2024,
OPTSTK,GAIL,25-Jul-2024,220.0,PE,0.0,0.0,0.0,19.9,25.45,0,0.0,0,0,06-MAY-2024,
OPTSTK,GAIL,25-Jul-2024,225.0,PE,0.0,0.0,0.0,23.05,29.15,0,0.0,0,0,06-MAY-2024,
OPTSTK,GAIL,25-Jul-2024,230.0,PE,0.0,0.0,0.0,26.4,33.05,0,0.0,0,0,06-MAY-2024,
OPTSTK,GAIL,25-Jul-2024,240.0,PE,0.0,0.0,0.0,33.7,41.3,0,0.0,0,0,06-MAY-2024,
OPTSTK,GLENMARK,30-May-2024,900.0,CE,0.0,0.0,0.0,178.45,147.55,0,0.0,4350,0,06-MAY-2024,
OPTSTK,GLENMARK,30-May-2024,920.0,CE,0.0,0.0,0.0,84.6,129.4,0,0.0,0,0,06-MAY-2024,
OPTSTK,GLENMARK,30-May-2024,940.0,CE,118.75,118.75,108.45,108.45,112.05,3,22.91,12325,0,06-MAY-2024,
OPTSTK,GLENMARK,30-May-2024,960.0,CE,100.65,100.65,100.6,100.6,95.75,2,15.37,2900,1450,06-MAY-2024,
OPTSTK,GLENMARK,30-May-2024,980.0,CE,85.95,89.85,84.15,87.4,80.65,6,46.4,2175,725,06-MAY-2024,
OPTSTK,GLENMARK,30-May-2024,1000.0,CE,73.0,74.0,63.0,68.7,68.7,19,147.23,26825,-5800,06-MAY-2024,
OPTSTK,GLENMARK,30-May-2024,1020.0,CE,55.8,59.8,54.6,54.6,54.6,8,62.54,7975,2175,06-MAY-2024,
OPTSTK,GLENMARK,30-May-2024,1040.0,CE,47.0,50.65,40.75,44.4,44.4,27,212.43,44225,6525,06-MAY-2024,
OPTSTK,GLENMARK,30-May-2024,1060.0,CE,40.0,40.0,31.5,35.75,35.75,99,786.44,60900,14500,06-MAY-2024,
OPTSTK,GLENMARK,30-May-2024,1080.0,CE,30.8,30.8,25.0,28.05,28.05,69,554.11,64525,-7975,06-MAY-2024,
OPTSTK,GLENMARK,30-May-2024,1100.0,CE,26.1,26.1,18.65,22.15,22.15,159,1293.14,221125,39875,06-MAY-2024,
OPTSTK,GLENMARK,30-May-2024,1120.0,CE,15.45,17.95,14.7,16.95,16.95,54,444.84,34800,-13050,06-MAY-2024,
OPTSTK,GLENMARK,30-May-2024,1140.0,CE,13.4,14.7,10.9,13.65,13.65,86,718.63,41325,-11600,06-MAY-2024,
OPTSTK,GLENMARK,30-May-2024,1160.0,CE,9.0,10.7,7.75,9.65,8.25,82,695.1,122525,18850,06-MAY-2024,
OPTSTK,GLENMARK,30-May-2024,1180.0,CE,7.85,8.0,5.6,7.15,7.15,87,748.59,20300,-2900,06-MAY-2024,
OPTSTK,GLENMARK,30-May-2024,1200.0,CE,6.5,6.5,4.1,5.75,5.75,191,1668.52,158775,7975,06-MAY-2024,
OPTSTK,GLENMARK,30-May-2024,900.0,PE,2.8,3.8,2.65,3.15,3.15,81,530.38,50025,-5800,06-MAY-2024,
OPTSTK,GLENMARK,30-May-2024,920.0,PE,4.5,4.5,4.25,4.35,4.5,4,26.8,8700,-2175,06-MAY-2024,
OPTSTK,GLENMARK,30-May-2024,940.0,PE,5.85,7.75,5.85,7.05,7.05,74,507.96,40600,15225,06-MAY-2024,
OPTSTK,GLENMARK,30-May-2024,960.0,PE,10.5,11.25,8.5,9.6,9.6,79,555.42,67425,-2175,06-MAY-2024,
OPTSTK,GLENMARK,30-May-2024,980.0,PE,13.35,16.15,12.25,13.85,13.85,45,324.29,68150,3625,06-MAY-2024,
OPTSTK,GLENMARK,30-May-2024,1000.0,PE,17.75,23.3,16.4,19.55,19.55,123,908.94,89900,-3625,06-MAY-2024,
OPTSTK,GLENMARK,30-May-2024,1020.0,PE,26.0,30.45,24.0,28.15,28.15,32,242.91,20300,-8700,06-MAY-2024,
OPTSTK,GLENMARK,30-May-2024,1040.0,PE,33.2,40.4,31.0,36.9,36.9,104,810.86,60175,13050,06-MAY-2024,
OPTSTK,GLENMARK,30-May-2024,1060.0,PE,42.85,50.9,41.0,44.6,49.0,20,160.35,45675,0,06-MAY-2024,
OPTSTK,GLENMARK,30-May-2024,1080.0,PE,0.0,0.0,0.0,52.35,61.2,0,0.0,32625,0,06-MAY-2024,
OPTSTK,GLENMARK,30-May-2024,1100.0,PE,78.15,78.15,70.0,73.0,73.0,10,85.02,23200,-3625,06-MAY-2024,
OPTSTK,GLENMARK,30-May-2024,1120.0,PE,0.0,0.0,0.0,71.5,89.6,0,0.0,4350,0,06-MAY-2024,
OPTSTK,GLENMARK,30-May-2024,1140.0,PE,0.0,0.0,0.0,97.65,105.45,0,0.0,2900,0,06-MAY-2024,
OPTSTK,GLENMARK,30-May-2024,1160.0,PE,0.0,0.0,0.0,114.15,122.25,0,0.0,7975,0,06-MAY-2024,
OPTSTK,GLENMARK,30-May-2024,1180.0,PE,0.0,0.0,0.0,128.35,139.8,0,0.0,7250,0,06-MAY-2024,
OPTSTK,GLENMARK,30-May-2024,1200.0,PE,0.0,0.0,0.0,149.15,157.95,0,0.0,5800,0,06-MAY-2024,
OPTSTK,GLENMARK,27-Jun-2024,920.0,CE,0.0,0.0,0.0,103.55,144.0,0,0.0,0,0,06-MAY-2024,
OPTSTK,GLENMARK,27-Jun-2024,960.0,CE,0.0,0.0,0.0,82.45,114.05,0,0.0,0,0,06-MAY-2024,
OPTSTK,GLENMARK,27-Jun-2024,980.0,CE,0.0,0.0,0.0,137.35,100.45,0,0.0,0,0,06-MAY-2024,
OPTSTK,GLENMARK,27-Jun-2024,1000.0,CE,0.0,0.0,0.0,64.65,87.95,0,0.0,0,0,06-MAY-2024,
OPTSTK,GLENMARK,27-Jun-2024,1020.0,CE,0.0,0.0,0.0,110.4,76.45,0,0.0,0,0,06-MAY-2024,
OPTSTK,GLENMARK,27-Jun-2024,1040.0,CE,79.2,79.2,79.2,79.2,66.0,2,16.22,1450,1450,06-MAY-2024,
OPTSTK,GLENMARK,27-Jun-2024,1060.0,CE,0.0,0.0,0.0,87.1,56.6,0,0.0,0,0,06-MAY-2024,
OPTSTK,GLENMARK,27-Jun-2024,1080.0,CE,0.0,0.0,0.0,38.1,48.2,0,0.0,0,0,06-MAY-2024,
OPTSTK,GLENMARK,27-Jun-2024,1100.0,CE,0.0,0.0,0.0,67.35,40.8,0,0.0,0,0,06-MAY-2024,
OPTSTK,GLENMARK,27-Jun-2024,1120.0,CE,0.0,0.0,0.0,28.75,34.3,0,0.0,0,0,06-MAY-2024,
OPTSTK,GLENMARK,27-Jun-2024,1140.0,CE,0.0,0.0,0.0,51.1,28.65,0,0.0,0,0,06-MAY-2024,
OPTSTK,GLENMARK,27-Jun-2024,1160.0,CE,31.2,31.2,31.2,31.2,23.85,2,17.27,1450,1450,06-MAY-2024,
OPTSTK,GLENMARK,27-Jun-2024,1180.0,CE,0.0,0.0,0.0,38.1,19.65,0,0.0,0,0,06-MAY-2024,
OPTSTK,GLENMARK,27-Jun-2024,1200.0,CE,0.0,0.0,0.0,15.7,16.1,0,0.0,0,0,06-MAY-2024,
OPTSTK,GLENMARK,27-Jun-2024,920.0,PE,0.0,0.0,0.0,48.65,13.85,0,0.0,0,0,06-MAY-2024,
OPTSTK,GLENMARK,27-Jun-2024,960.0,PE,0.0,0.0,0.0,17.0,23.5,0,0.0,1450,0,06-MAY-2024,
OPTSTK,GLENMARK,27-Jun-2024,980.0,PE,0.0,0.0,0.0,24.8,29.7,0,0.0,0,0,06-MAY-2024,
OPTSTK,GLENMARK,27-Jun-2024,1000.0,PE,38.2,38.2,38.2,38.2,38.2,1,7.52,1450,0,06-MAY-2024,
OPTSTK,GLENMARK,27-Jun-2024,1020.0,PE,0.0,0.0,0.0,37.35,45.3,0,0.0,0,0,06-MAY-2024,
OPTSTK,GLENMARK,27-Jun-2024,1040.0,PE,0.0,0.0,0.0,112.95,54.65,0,0.0,0,0,06-MAY-2024,
OPTSTK,GLENMARK,27-Jun-2024,1060.0,PE,0.0,0.0,0.0,53.5,65.0,0,0.0,0,0,06-MAY-2024,
OPTSTK,GLENMARK,27-Jun-2024,1080.0,PE,0.0,0.0,0.0,140.35,76.45,0,0.0,0,0,06-MAY-2024,
OPTSTK,GLENMARK,27-Jun-2024,1100.0,PE,0.0,0.0,0.0,73.25,88.8,0,0.0,0,0,06-MAY-2024,
OPTSTK,GLENMARK,27-Jun-2024,1120.0,PE,0.0,0.0,0.0,170.3,102.1,0,0.0,0,0,06-MAY-2024,
OPTSTK,GLENMARK,27-Jun-2024,1140.0,PE,0.0,0.0,0.0,96.5,116.25,0,0.0,0,0,06-MAY-2024,
OPTSTK,GLENMARK,27-Jun-2024,1160.0,PE,0.0,0.0,0.0,202.2,131.2,0,0.0,0,0,06-MAY-2024,
OPTSTK,GLENMARK,27-Jun-2024,1180.0,PE,0.0,0.0,0.0,123.0,146.8,0,0.0,0,0,06-MAY-2024,
OPTSTK,GLENMARK,27-Jun-2024,1200.0,PE,0.0,0.0,0.0,235.8,163.1,0,0.0,0,0,06-MAY-2024,
OPTSTK,GLENMARK,25-Jul-2024,880.0,CE,0.0,0.0,0.0,228.15,188.45,0,0.0,0,0,06-MAY-2024,
OPTSTK,GLENMARK,25-Jul-2024,920.0,CE,0.0,0.0,0.0,195.8,157.45,0,0.0,0,0,06-MAY-2024,
OPTSTK,GLENMARK,25-Jul-2024,960.0,CE,0.0,0.0,0.0,166.0,129.35,0,0.0,0,0,06-MAY-2024,
OPTSTK,GLENMARK,25-Jul-2024,1000.0,CE,0.0,0.0,0.0,138.85,104.6,0,0.0,0,0,06-MAY-2024,
OPTSTK,GLENMARK,25-Jul-2024,1040.0,CE,0.0,0.0,0.0,114.75,83.2,0,0.0,0,0,06-MAY-2024,
OPTSTK,GLENMARK,25-Jul-2024,1080.0,CE,0.0,0.0,0.0,93.7,65.15,0,0.0,0,0,06-MAY-2024,
OPTSTK,GLENMARK,25-Jul-2024,1120.0,CE,0.0,0.0,0.0,75.55,50.2,0,0.0,0,0,06-MAY-2024,
OPTSTK,GLENMARK,25-Jul-2024,1160.0,CE,0.0,0.0,0.0,60.25,38.15,0,0.0,0,0,06-MAY-2024,
OPTSTK,GLENMARK,25-Jul-2024,1200.0,CE,0.0,0.0,0.0,47.5,28.65,0,0.0,0,0,06-MAY-2024,
OPTSTK,GLENMARK,25-Jul-2024,880.0,PE,0.0,0.0,0.0,11.95,13.9,0,0.0,0,0,06-MAY-2024,
OPTSTK,GLENMARK,25-Jul-2024,920.0,PE,0.0,0.0,0.0,18.9,22.25,0,0.0,0,0,06-MAY-2024,
OPTSTK,GLENMARK,25-Jul-2024,960.0,PE,0.0,0.0,0.0,28.35,33.55,0,0.0,0,0,06-MAY-2024,
OPTSTK,GLENMARK,25-Jul-2024,1000.0,PE,0.0,0.0,0.0,40.5,48.15,0,0.0,0,0,06-MAY-2024,
OPTSTK,GLENMARK,25-Jul-2024,1040.0,PE,0.0,0.0,0.0,55.7,66.1,0,0.0,0,0,06-MAY-2024,
OPTSTK,GLENMARK,25-Jul-2024,1080.0,PE,0.0,0.0,0.0,73.85,87.4,0,0.0,0,0,06-MAY-2024,
OPTSTK,GLENMARK,25-Jul-2024,1120.0,PE,0.0,0.0,0.0,95.0,111.85,0,0.0,0,0,06-MAY-2024,
OPTSTK,GLENMARK,25-Jul-2024,1160.0,PE,0.0,0.0,0.0,119.0,139.15,0,0.0,0,0,06-MAY-2024,
OPTSTK,GLENMARK,25-Jul-2024,1200.0,PE,0.0,0.0,0.0,145.5,169.05,0,0.0,0,0,06-MAY-2024,
OPTSTK,GMRINFRA,30-May-2024,70.0,CE,0.0,0.0,0.0,16.25,13.95,0,0.0,270000,0,06-MAY-2024,
OPTSTK,GMRINFRA,30-May-2024,74.0,CE,0.0,0.0,0.0,14.35,10.45,0,0.0,0,0,06-MAY-2024,
OPTSTK,GMRINFRA,30-May-2024,75.0,CE,0.0,0.0,0.0,11.4,9.65,0,0.0,270000,0,06-MAY-2024,
OPTSTK,GMRINFRA,30-May-2024,76.0,CE,0.0,0.0,0.0,9.6,8.85,0,0.0,22500,0,06-MAY-2024,
OPTSTK,GMRINFRA,30-May-2024,77.0,CE,0.0,0.0,0.0,9.65,8.1,0,0.0,33750,0,06-MAY-2024,
OPTSTK,GMRINFRA,30-May-2024,78.0,CE,0.0,0.0,0.0,8.95,7.4,0,0.0,22500,0,06-MAY-2024,
OPTSTK,GMRINFRA,30-May-2024,79.0,CE,0.0,0.0,0.0,8.15,6.7,0,0.0,22500,0,06-MAY-2024,
OPTSTK,GMRINFRA,30-May-2024,80.0,CE,4.8,6.0,4.25,6.0,6.0,6,57.35,2182500,-67500,06-MAY-2024,
OPTSTK,GMRINFRA,30-May-2024,81.0,CE,2.35,2.35,2.35,2.35,5.5,1,9.37,382500,-11250,06-MAY-2024,
OPTSTK,GMRINFRA,30-May-2024,82.0,CE,0.0,0.0,0.0,6.2,4.9,0,0.0,517500,0,06-MAY-2024,
OPTSTK,GMRINFRA,30-May-2024,83.0,CE,2.55,2.55,2.5,2.5,4.4,2,19.24,911250,-22500,06-MAY-2024,
OPTSTK,GMRINFRA,30-May-2024,84.0,CE,3.15,3.2,3.1,3.2,3.9,4,39.21,1068750,-45000,06-MAY-2024,
OPTSTK,GMRINFRA,30-May-2024,85.0,CE,3.8,3.8,2.0,2.4,2.4,57,562.1,12465000,-641250,06-MAY-2024,
OPTSTK,GMRINFRA,30-May-2024,86.0,CE,3.2,3.35,2.0,2.3,2.3,21,209.34,2475000,-236250,06-MAY-2024,
OPTSTK,GMRINFRA,30-May-2024,87.0,CE,2.7,2.7,1.6,1.85,1.85,39,391.46,3926250,-438750,06-MAY-2024,
OPTSTK,GMRINFRA,30-May-2024,88.0,CE,2.3,2.6,1.6,1.8,1.8,52,526.77,8201250,-585000,06-MAY-2024,
OPTSTK,GMRINFRA,30-May-2024,89.0,CE,2.05,2.05,1.4,1.4,1.4,13,132.51,2722500,-146250,06-MAY-2024,
OPTSTK,GMRINFRA,30-May-2024,90.0,CE,2.1,2.2,1.3,1.7,1.7,144,1486.29,30611250,-1620000,06-MAY-2024,
OPTSTK,GMRINFRA,30-May-2024,91.0,CE,1.55,1.55,0.5,1.5,1.55,17,175.78,3836250,-191250,06-MAY-2024,
OPTSTK,GMRINFRA,30-May-2024,92.0,CE,1.95,1.95,1.0,1.3,1.35,50,524.31,5985000,-562500,06-MAY-2024,
OPTSTK,GMRINFRA,30-May-2024,93.0,CE,1.4,1.4,1.05,1.05,1.15,13,137.8,3003750,-146250,06-MAY-2024,
OPTSTK,GMRINFRA,30-May-2024,94.0,CE,1.35,1.35,0.85,0.9,1.0,19,203.05,5141250,-213750,06-MAY-2024,
OPTSTK,GMRINFRA,30-May-2024,95.0,CE,1.05,1.1,0.75,1.0,1.0,154,1662.76,12037500,-1732500,06-MAY-2024,
OPTSTK,GMRINFRA,30-May-2024,96.0,CE,1.05,1.05,0.75,0.8,0.8,7,76.24,5242500,-78750,06-MAY-2024,
OPTSTK,GMRINFRA,30-May-2024,97.0,CE,0.6,0.65,0.3,0.3,0.3,8,87.78,821250,-90000,06-MAY-2024,
OPTSTK,GMRINFRA,30-May-2024,98.0,CE,0.65,1.2,0.4,0.6,0.6,26,288.55,4871250,-292500,06-MAY-2024,
OPTSTK,GMRINFRA,30-May-2024,99.0,CE,0.6,0.6,0.45,0.55,0.45,6,67.19,607500,-67500,06-MAY-2024,
OPTSTK,GMRINFRA,30-May-2024,100.0,CE,0.6,0.6,0.5,0.6,0.6,133,1504.44,14771250,-1496250,06-MAY-2024,
OPTSTK,GMRINFRA,30-May-2024,101.0,CE,0.45,0.45,0.45,0.45,0.3,1,11.41,495000,-11250,06-MAY-2024,
OPTSTK,GMRINFRA,30-May-2024,102.0,CE,0.4,0.45,0.3,0.3,0.3,25,287.98,6716250,-281250,06-MAY-2024,
OPTSTK,GMRINFRA,30-May-2024,68.0,PE,0.0,0.0,0.0,0.15,0.2,0,0.0,405000,0,06-MAY-2024,
OPTSTK,GMRINFRA,30-May-2024,70.0,PE,0.0,0.0,0.0,0.25,0.3,0,0.0,2227500,0,06-MAY-2024,
OPTSTK,GMRINFRA,30-May-2024,72.0,PE,0.0,0.0,0.0,0.3,0.5,0,0.0,1080000,0,06-MAY-2024,
OPTSTK,GMRINFRA,30-May-2024,73.0,PE,0.0,0.0,0.0,0.35,0.65,0,0.0,708750,0,06-MAY-2024,
OPTSTK,GMRINFRA,30-May-2024,74.0,PE,0.0,0.0,0.0,0.45,0.8,0,0.0,1350000,0,06-MAY-2024,
OPTSTK,GMRINFRA,30-May-2024,75.0,PE,0.55,0.55,0.25,0.55,1.0,42,356.85,5467500,-472500,06-MAY-2024,
OPTSTK,GMRINFRA,30-May-2024,76.0,PE,1.2,1.2,0.05,0.05,1.2,4,34.61,1305000,-45000,06-MAY-2024,
OPTSTK,GMRINFRA,30-May-2024,77.0,PE,1.0,1.0,1.0,1.0,1.45,3,26.32,573750,-33750,06-MAY-2024,
OPTSTK,GMRINFRA,30-May-2024,78.0,PE,1.3,1.3,1.3,1.3,1.75,3,26.76,1642500,-33750,06-MAY-2024,
OPTSTK,GMRINFRA,30-May-2024,79.0,PE,1.65,1.85,1.65,1.8,1.8,9,81.73,1518750,-101250,06-MAY-2024,
OPTSTK,GMRINFRA,30-May-2024,80.0,PE,1.45,2.5,1.45,2.35,2.35,102,942.33,10440000,-1147500,06-MAY-2024,
OPTSTK,GMRINFRA,30-May-2024,81.0,PE,2.35,2.55,2.35,2.5,2.5,11,103.25,1901250,-123750,06-MAY-2024,
OPTSTK,GMRINFRA,30-May-2024,82.0,PE,2.9,2.9,2.7,2.7,3.25,3,28.6,2193750,-33750,06-MAY-2024,
OPTSTK,GMRINFRA,30-May-2024,83.0,PE,2.3,3.1,2.3,2.9,3.7,5,48.31,1338750,-56250,06-MAY-2024,
OPTSTK,GMRINFRA,30-May-2024,84.0,PE,3.95,4.0,3.5,3.5,4.25,20,197.55,1991250,-225000,06-MAY-2024,
OPTSTK,GMRINFRA,30-May-2024,85.0,PE,3.3,5.0,3.25,4.1,4.1,54,541.83,8966250,-607500,06-MAY-2024,
OPTSTK,GMRINFRA,30-May-2024,86.0,PE,3.75,5.15,3.75,4.9,5.4,19,194.03,4207500,-213750,06-MAY-2024,
OPTSTK,GMRINFRA,30-May-2024,87.0,PE,5.2,5.8,5.2,5.25,6.0,7,72.82,1732500,-78750,06-MAY-2024,
OPTSTK,GMRINFRA,30-May-2024,88.0,PE,6.85,6.85,6.85,6.85,6.65,1,10.67,2688750,-11250,06-MAY-2024,
OPTSTK,GMRINFRA,30-May-2024,89.0,PE,0.0,0.0,0.0,5.55,7.35,0,0.0,8448750,0,06-MAY-2024,
OPTSTK,GMRINFRA,30-May-2024,90.0,PE,6.85,8.0,5.55,8.0,8.0,27,295.36,8291250,-303750,06-MAY-2024,
OPTSTK,GMRINFRA,30-May-2024,91.0,PE,6.85,6.85,6.85,6.85,8.85,1,11.0,1451250,-11250,06-MAY-2024,
OPTSTK,GMRINFRA,30-May-2024,92.0,PE,7.0,10.2,7.0,10.2,9.65,2,22.63,2137500,-22500,06-MAY-2024,
OPTSTK,GMRINFRA,30-May-2024,93.0,PE,8.7,12.0,8.7,12.0,10.45,6,70.49,1102500,-67500,06-MAY-2024,
OPTSTK,GMRINFRA,30-May-2024,94.0,PE,0.0,0.0,0.0,9.45,11.25,0,0.0,810000,0,06-MAY-2024,
OPTSTK,GMRINFRA,30-May-2024,95.0,PE,0.0,0.0,0.0,10.3,12.1,0,0.0,3082500,0,06-MAY-2024,
OPTSTK,GMRINFRA,30-May-2024,96.0,PE,0.0,0.0,0.0,10.4,13.0,0,0.0,697500,0,06-MAY-2024,
OPTSTK,GMRINFRA,30-May-2024,97.0,PE,0.0,0.0,0.0,11.35,13.85,0,0.0,191250,0,06-MAY-2024,
OPTSTK,GMRINFRA,30-May-2024,98.0,PE,0.0,0.0,0.0,11.0,14.75,0,0.0,270000,0,06-MAY-2024,
OPTSTK,GMRINFRA,30-May-2024,99.0,PE,0.0,0.0,0.0,17.85,15.7,0,0.0,0,0,06-MAY-2024,
OPTSTK,GMRINFRA,30-May-2024,100.0,PE,0.0,0.0,0.0,14.7,16.6,0,0.0,945000,0,06-MAY-2024,
OPTSTK,GMRINFRA,30-May-2024,102.0,PE,0.0,0.0,0.0,16.25,18.5,0,0.0,720000,0,06-MAY-2024,
OPTSTK,GMRINFRA,27-Jun-2024,74.0,CE,0.0,0.0,0.0,12.5,12.05,0,0.0,0,0,06-MAY-2024,
OPTSTK,GMRINFRA,27-Jun-2024,76.0,CE,0.0,0.0,0.0,11.3,10.6,0,0.0,0,0,06-MAY-2024,
OPTSTK,GMRINFRA,27-Jun-2024,77.0,CE,0.0,0.0,0.0,11.8,9.95,0,0.0,0,0,06-MAY-2024,
OPTSTK,GMRINFRA,27-Jun-2024,78.0,CE,0.0,0.0,0.0,10.15,9.3,0,0.0,0,0,06-MAY-2024,
OPTSTK,GMRINFRA,27-Jun-2024,79.0,CE,0.0,0.0,0.0,10.5,8.7,0,0.0,0,0,06-MAY-2024,
OPTSTK,GMRINFRA,27-Jun-2024,80.0,CE,0.0,0.0,0.0,9.1,8.1,0,0.0,0,0,06-MAY-2024,
OPTSTK,GMRINFRA,27-Jun-2024,81.0,CE,0.0,0.0,0.0,9.25,7.55,0,0.0,0,0,06-MAY-2024,
OPTSTK,GMRINFRA,27-Jun-2024,82.0,CE,0.0,0.0,0.0,8.1,7.05,0,0.0,0,0,06-MAY-2024,
OPTSTK,GMRINFRA,27-Jun-2024,83.0,CE,0.0,0.0,0.0,8.15,6.55,0,0.0,0,0,06-MAY-2024,
OPTSTK,GMRINFRA,27-Jun-2024,84.0,CE,0.0,0.0,0.0,7.2,6.05,0,0.0,0,0,06-MAY-2024,
OPTSTK,GMRINFRA,27-Jun-2024,85.0,CE,0.0,0.0,0.0,7.5,5.6,0,0.0,112500,0,06-MAY-2024,
OPTSTK,GMRINFRA,27-Jun-2024,86.0,CE,0.0,0.0,0.0,6.4,5.15,0,0.0,0,0,06-MAY-2024,
OPTSTK,GMRINFRA,27-Jun-2024,87.0,CE,0.0,0.0,0.0,6.75,4.75,0,0.0,11250,0,06-MAY-2024,
OPTSTK,GMRINFRA,27-Jun-2024,88.0,CE,0.0,0.0,0.0,5.65,4.4,0,0.0,0,0,06-MAY-2024,
OPTSTK,GMRINFRA,27-Jun-2024,89.0,CE,0.0,0.0,0.0,5.4,4.05,0,0.0,0,0,06-MAY-2024,
OPTSTK,GMRINFRA,27-Jun-2024,90.0,CE,0.0,0.0,0.0,5.4,3.7,0,0.0,1316250,0,06-MAY-2024,
OPTSTK,GMRINFRA,27-Jun-2024,91.0,CE,0.0,0.0,0.0,4.65,3.4,0,0.0,0,0,06-MAY-2024,
OPTSTK,GMRINFRA,27-Jun-2024,92.0,CE,0.0,0.0,0.0,4.4,3.1,0,0.0,0,0,06-MAY-2024,
OPTSTK,GMRINFRA,27-Jun-2024,93.0,CE,0.0,0.0,0.0,4.0,2.85,0,0.0,0,0,06-MAY-2024,
OPTSTK,GMRINFRA,27-Jun-2024,94.0,CE,0.0,0.0,0.0,3.75,2.6,0,0.0,45000,0,06-MAY-2024,
OPTSTK,GMRINFRA,27-Jun-2024,95.0,CE,0.0,0.0,0.0,4.4,2.4,0,0.0,11250,0,06-MAY-2024,
OPTSTK,GMRINFRA,27-Jun-2024,96.0,CE,0.0,0.0,0.0,3.4,2.15,0,0.0,0,0,06-MAY-2024,
OPTSTK,GMRINFRA,27-Jun-2024,97.0,CE,0.0,0.0,0.0,2.9,2.0,0,0.0,0,0,06-MAY-2024,
OPTSTK,GMRINFRA,27-Jun-2024,98.0,CE,0.0,0.0,0.0,2.95,1.8,0,0.0,0,0,06-MAY-2024,
OPTSTK,GMRINFRA,27-Jun-2024,99.0,CE,0.0,0.0,0.0,2.45,1.65,0,0.0,0,0,06-MAY-2024,
OPTSTK,GMRINFRA,27-Jun-2024,100.0,CE,1.75,1.75,1.75,1.75,1.5,1,11.44,2441250,-11250,06-MAY-2024,
OPTSTK,GMRINFRA,27-Jun-2024,102.0,CE,0.0,0.0,0.0,3.4,1.2,0,0.0,45000,0,06-MAY-2024,
OPTSTK,GMRINFRA,27-Jun-2024,74.0,PE,0.0,0.0,0.0,1.5,1.95,0,0.0,720000,0,06-MAY-2024,
OPTSTK,GMRINFRA,27-Jun-2024,76.0,PE,0.0,0.0,0.0,1.8,2.55,0,0.0,67500,0,06-MAY-2024,
OPTSTK,GMRINFRA,27-Jun-2024,77.0,PE,0.0,0.0,0.0,2.4,2.85,0,0.0,270000,0,06-MAY-2024,
OPTSTK,GMRINFRA,27-Jun-2024,78.0,PE,0.0,0.0,0.0,2.35,3.2,0,0.0,90000,0,06-MAY-2024,
OPTSTK,GMRINFRA,27-Jun-2024,79.0,PE,0.0,0.0,0.0,3.35,3.6,0,0.0,0,0,06-MAY-2024,
OPTSTK,GMRINFRA,27-Jun-2024,80.0,PE,0.0,0.0,0.0,3.5,4.0,0,0.0,562500,0,06-MAY-2024,
OPTSTK,GMRINFRA,27-Jun-2024,81.0,PE,0.0,0.0,0.0,4.1,4.45,0,0.0,0,0,06-MAY-2024,
OPTSTK,GMRINFRA,27-Jun-2024,82.0,PE,0.0,0.0,0.0,7.05,4.9,0,0.0,0,0,06-MAY-2024,
OPTSTK,GMRINFRA,27-Jun-2024,83.0,PE,0.0,0.0,0.0,4.95,5.35,0,0.0,0,0,06-MAY-2024,
OPTSTK,GMRINFRA,27-Jun-2024,84.0,PE,0.0,0.0,0.0,4.0,5.9,0,0.0,11250,0,06-MAY-2024,
OPTSTK,GMRINFRA,27-Jun-2024,85.0,PE,0.0,0.0,0.0,5.3,6.4,0,0.0,22500,0,06-MAY-2024,
OPTSTK,GMRINFRA,27-Jun-2024,86.0,PE,0.0,0.0,0.0,9.25,7.0,0,0.0,0,0,06-MAY-2024,
OPTSTK,GMRINFRA,27-Jun-2024,87.0,PE,0.0,0.0,0.0,6.95,7.6,0,0.0,0,0,06-MAY-2024,
OPTSTK,GMRINFRA,27-Jun-2024,88.0,PE,0.0,0.0,0.0,6.15,8.2,0,0.0,11250,0,06-MAY-2024,
OPTSTK,GMRINFRA,27-Jun-2024,89.0,PE,0.0,0.0,0.0,8.1,8.85,0,0.0,0,0,06-MAY-2024,
OPTSTK,GMRINFRA,27-Jun-2024,90.0,PE,0.0,0.0,0.0,6.7,9.5,0,0.0,191250,0,06-MAY-2024,
OPTSTK,GMRINFRA,27-Jun-2024,91.0,PE,0.0,0.0,0.0,9.35,10.15,0,0.0,0,0,06-MAY-2024,
OPTSTK,GMRINFRA,27-Jun-2024,92.0,PE,0.0,0.0,0.0,13.15,10.85,0,0.0,0,0,06-MAY-2024,
OPTSTK,GMRINFRA,27-Jun-2024,93.0,PE,0.0,0.0,0.0,10.65,11.6,0,0.0,0,0,06-MAY-2024,
OPTSTK,GMRINFRA,27-Jun-2024,94.0,PE,0.0,0.0,0.0,14.55,12.35,0,0.0,0,0,06-MAY-2024,
OPTSTK,GMRINFRA,27-Jun-2024,95.0,PE,0.0,0.0,0.0,12.05,13.1,0,0.0,0,0,06-MAY-2024,
OPTSTK,GMRINFRA,27-Jun-2024,96.0,PE,0.0,0.0,0.0,16.05,13.9,0,0.0,0,0,06-MAY-2024,
OPTSTK,GMRINFRA,27-Jun-2024,97.0,PE,0.0,0.0,0.0,13.55,14.7,0,0.0,0,0,06-MAY-2024,
OPTSTK,GMRINFRA,27-Jun-2024,98.0,PE,0.0,0.0,0.0,17.6,15.5,0,0.0,0,0,06-MAY-2024,
OPTSTK,GMRINFRA,27-Jun-2024,99.0,PE,0.0,0.0,0.0,15.05,16.3,0,0.0,0,0,06-MAY-2024,
OPTSTK,GMRINFRA,27-Jun-2024,100.0,PE,0.0,0.0,0.0,19.2,17.15,0,0.0,0,0,06-MAY-2024,
OPTSTK,GMRINFRA,27-Jun-2024,102.0,PE,0.0,0.0,0.0,20.8,18.85,0,0.0,0,0,06-MAY-2024,
OPTSTK,GMRINFRA,25-Jul-2024,72.0,CE,0.0,0.0,0.0,16.6,14.8,0,0.0,0,0,06-MAY-2024,
OPTSTK,GMRINFRA,25-Jul-2024,76.0,CE,0.0,0.0,0.0,13.8,12.05,0,0.0,0,0,06-MAY-2024,
OPTSTK,GMRINFRA,25-Jul-2024,78.0,CE,0.0,0.0,0.0,12.5,10.85,0,0.0,0,0,06-MAY-2024,
OPTSTK,GMRINFRA,25-Jul-2024,80.0,CE,0.0,0.0,0.0,11.3,9.7,0,0.0,0,0,06-MAY-2024,
OPTSTK,GMRINFRA,25-Jul-2024,82.0,CE,0.0,0.0,0.0,10.2,8.65,0,0.0,0,0,06-MAY-2024,
OPTSTK,GMRINFRA,25-Jul-2024,84.0,CE,0.0,0.0,0.0,9.15,7.7,0,0.0,0,0,06-MAY-2024,
OPTSTK,GMRINFRA,25-Jul-2024,86.0,CE,0.0,0.0,0.0,8.2,6.8,0,0.0,0,0,06-MAY-2024,
OPTSTK,GMRINFRA,25-Jul-2024,88.0,CE,0.0,0.0,0.0,7.3,6.0,0,0.0,0,0,06-MAY-2024,
OPTSTK,GMRINFRA,25-Jul-2024,90.0,CE,0.0,0.0,0.0,6.5,5.3,0,0.0,0,0,06-MAY-2024,
OPTSTK,GMRINFRA,25-Jul-2024,92.0,CE,0.0,0.0,0.0,5.8,4.65,0,0.0,0,0,06-MAY-2024,
OPTSTK,GMRINFRA,25-Jul-2024,94.0,CE,0.0,0.0,0.0,5.1,4.05,0,0.0,0,0,06-MAY-2024,
OPTSTK,GMRINFRA,25-Jul-2024,96.0,CE,0.0,0.0,0.0,4.5,3.55,0,0.0,0,0,06-MAY-2024,
OPTSTK,GMRINFRA,25-Jul-2024,98.0,CE,0.0,0.0,0.0,4.0,3.05,0,0.0,0,0,06-MAY-2024,
OPTSTK,GMRINFRA,25-Jul-2024,100.0,CE,0.0,0.0,0.0,3.5,2.65,0,0.0,0,0,06-MAY-2024,
OPTSTK,GMRINFRA,25-Jul-2024,104.0,CE,0.0,0.0,0.0,2.7,2.0,0,0.0,0,0,06-MAY-2024,
OPTSTK,GMRINFRA,25-Jul-2024,72.0,PE,0.0,0.0,0.0,2.15,2.35,0,0.0,0,0,06-MAY-2024,
OPTSTK,GMRINFRA,25-Jul-2024,76.0,PE,0.0,0.0,0.0,3.3,3.55,0,0.0,0,0,06-MAY-2024,
OPTSTK,GMRINFRA,25-Jul-2024,78.0,PE,0.0,0.0,0.0,3.95,4.3,0,0.0,0,0,06-MAY-2024,
OPTSTK,GMRINFRA,25-Jul-2024,80.0,PE,0.0,0.0,0.0,4.7,5.15,0,0.0,0,0,06-MAY-2024,
OPTSTK,GMRINFRA,25-Jul-2024,82.0,PE,0.0,0.0,0.0,5.55,6.05,0,0.0,0,0,06-MAY-2024,
OPTSTK,GMRINFRA,25-Jul-2024,84.0,PE,0.0,0.0,0.0,6.5,7.05,0,0.0,0,0,06-MAY-2024,
OPTSTK,GMRINFRA,25-Jul-2024,86.0,PE,0.0,0.0,0.0,7.5,8.15,0,0.0,0,0,06-MAY-2024,
OPTSTK,GMRINFRA,25-Jul-2024,88.0,PE,0.0,0.0,0.0,8.6,9.3,0,0.0,0,0,06-MAY-2024,
OPTSTK,GMRINFRA,25-Jul-2024,90.0,PE,0.0,0.0,0.0,7.8,10.55,0,0.0,45000,0,06-MAY-2024,
OPTSTK,GMRINFRA,25-Jul-2024,92.0,PE,0.0,0.0,0.0,10.95,11.85,0,0.0,0,0,06-MAY-2024,
OPTSTK,GMRINFRA,25-Jul-2024,94.0,PE,0.0,0.0,0.0,12.25,13.25,0,0.0,0,0,06-MAY-2024,
OPTSTK,GMRINFRA,25-Jul-2024,96.0,PE,0.0,0.0,0.0,13.65,14.7,0,0.0,0,0,06-MAY-2024,
OPTSTK,GMRINFRA,25-Jul-2024,98.0,PE,0.0,0.0,0.0,15.05,16.2,0,0.0,0,0,06-MAY-2024,
OPTSTK,GMRINFRA,25-Jul-2024,100.0,PE,0.0,0.0,0.0,16.55,17.8,0,0.0,0,0,06-MAY-2024,
OPTSTK,GMRINFRA,25-Jul-2024,104.0,PE,0.0,0.0,0.0,19.65,21.05,0,0.0,0,0,06-MAY-2024,
OPTSTK,GNFC,30-May-2024,580.0,CE,0.0,0.0,0.0,94.6,103.15,0,0.0,0,0,06-MAY-2024,
OPTSTK,GNFC,30-May-2024,600.0,CE,94.35,94.35,84.7,84.7,85.1,2,17.92,15600,0,06-MAY-2024,
OPTSTK,GNFC,30-May-2024,620.0,CE,0.0,0.0,0.0,84.75,68.4,0,0.0,1300,0,06-MAY-2024,
OPTSTK,GNFC,30-May-2024,630.0,CE,61.05,61.05,61.0,61.0,60.6,2,17.96,7800,0,06-MAY-2024,
OPTSTK,GNFC,30-May-2024,640.0,CE,0.0,0.0,0.0,68.25,53.3,0,0.0,5200,0,06-MAY-2024,
OPTSTK,GNFC,30-May-2024,650.0,CE,52.5,52.5,42.0,48.75,46.5,4,36.24,22100,1300,06-MAY-2024,
OPTSTK,GNFC,30-May-2024,660.0,CE,35.1,35.1,35.1,35.1,40.25,1,9.03,5200,1300,06-MAY-2024,
OPTSTK,GNFC,30-May-2024,670.0,CE,31.8,36.0,29.0,35.95,34.55,16,145.94,13000,9100,06-MAY-2024,
OPTSTK,GNFC,30-May-2024,680.0,CE,32.25,35.7,24.3,29.15,29.15,146,1344.86,72800,40300,06-MAY-2024,
OPTSTK,GNFC,30-May-2024,690.0,CE,29.0,29.0,20.0,24.15,24.15,74,687.7,28600,11700,06-MAY-2024,
OPTSTK,GNFC,30-May-2024,700.0,CE,23.1,24.95,16.25,20.45,20.45,526,4924.5,410800,62400,06-MAY-2024,
OPTSTK,GNFC,30-May-2024,710.0,CE,19.15,20.2,13.35,17.3,17.3,81,764.73,109200,-9100,06-MAY-2024,
OPTSTK,GNFC,30-May-2024,720.0,CE,14.8,16.7,10.7,13.9,13.9,435,4143.68,448500,-114400,06-MAY-2024,
OPTSTK,GNFC,30-May-2024,730.0,CE,13.85,13.85,8.9,11.45,11.45,152,1463.79,273000,-19500,06-MAY-2024,
OPTSTK,GNFC,30-May-2024,740.0,CE,10.65,11.1,6.9,9.2,9.2,127,1235.57,227500,31200,06-MAY-2024,
OPTSTK,GNFC,30-May-2024,750.0,CE,9.45,9.5,5.5,7.55,7.55,438,4310.24,790400,-3900,06-MAY-2024,
OPTSTK,GNFC,30-May-2024,760.0,CE,6.65,7.4,4.75,5.85,5.85,54,537.36,191100,-2600,06-MAY-2024,
OPTSTK,GNFC,30-May-2024,770.0,CE,6.2,6.2,3.55,4.7,4.7,40,402.58,206700,6500,06-MAY-2024,
OPTSTK,GNFC,30-May-2024,780.0,CE,4.65,4.65,2.8,3.6,3.6,101,1028.46,267800,-7800,06-MAY-2024,
OPTSTK,GNFC,30-May-2024,790.0,CE,3.05,3.15,2.3,2.9,2.9,100,1030.75,130000,-6500,06-MAY-2024,
OPTSTK,GNFC,30-May-2024,800.0,CE,3.3,3.45,1.85,2.35,2.35,427,4453.89,924300,85800,06-MAY-2024,
OPTSTK,GNFC,30-May-2024,820.0,CE,2.2,2.25,1.2,1.5,1.5,295,3150.36,292500,10400,06-MAY-2024,
OPTSTK,GNFC,30-May-2024,580.0,PE,2.1,2.6,1.55,1.8,1.8,75,567.47,63700,63700,06-MAY-2024,
OPTSTK,GNFC,30-May-2024,590.0,PE,1.9,3.6,1.9,2.45,2.45,148,1140.04,124800,0,06-MAY-2024,
OPTSTK,GNFC,30-May-2024,600.0,PE,2.75,4.95,2.75,3.55,3.55,164,1287.45,282100,-44200,06-MAY-2024,
OPTSTK,GNFC,30-May-2024,610.0,PE,3.55,6.0,3.55,4.7,4.7,28,223.71,19500,6500,06-MAY-2024,
OPTSTK,GNFC,30-May-2024,620.0,PE,4.85,8.4,4.8,6.7,6.7,64,521.71,61100,-9100,06-MAY-2024,
OPTSTK,GNFC,30-May-2024,630.0,PE,7.3,10.75,6.4,8.75,8.75,70,580.72,63700,13000,06-MAY-2024,
OPTSTK,GNFC,30-May-2024,640.0,PE,9.05,13.85,8.95,10.95,11.7,74,626.8,55900,13000,06-MAY-2024,
OPTSTK,GNFC,30-May-2024,650.0,PE,11.2,17.25,10.45,14.05,14.05,306,2643.74,254800,6500,06-MAY-2024,
OPTSTK,GNFC,30-May-2024,660.0,PE,16.75,21.5,14.85,17.7,17.7,83,731.26,126100,2600,06-MAY-2024,
OPTSTK,GNFC,30-May-2024,670.0,PE,19.75,25.4,18.65,22.0,22.0,105,945.15,94900,-2600,06-MAY-2024,
OPTSTK,GNFC,30-May-2024,680.0,PE,20.95,30.75,20.7,26.7,26.7,101,927.28,140400,-7800,06-MAY-2024,
OPTSTK,GNFC,30-May-2024,690.0,PE,26.8,36.0,26.8,31.7,31.7,36,337.42,58500,-6500,06-MAY-2024,
OPTSTK,GNFC,30-May-2024,700.0,PE,32.0,43.45,31.3,37.3,37.3,59,565.16,336700,-16900,06-MAY-2024,
OPTSTK,GNFC,30-May-2024,710.0,PE,44.6,44.6,41.05,41.05,45.3,2,19.57,53300,1300,06-MAY-2024,
OPTSTK,GNFC,30-May-2024,720.0,PE,54.6,54.6,47.7,51.5,52.2,4,40.14,91000,1300,06-MAY-2024,
OPTSTK,GNFC,30-May-2024,730.0,PE,61.95,66.15,55.65,55.65,59.55,10,102.72,57200,-9100,06-MAY-2024,
OPTSTK,GNFC,30-May-2024,740.0,PE,60.25,60.25,60.1,60.1,67.3,3,31.2,57200,-3900,06-MAY-2024,
OPTSTK,GNFC,30-May-2024,750.0,PE,77.05,77.05,77.05,77.05,75.4,1,10.75,14300,0,06-MAY-2024,
OPTSTK,GNFC,30-May-2024,760.0,PE,79.1,79.1,75.6,75.6,83.8,2,21.77,66300,0,06-MAY-2024,
OPTSTK,GNFC,30-May-2024,770.0,PE,0.0,0.0,0.0,142.7,92.5,0,0.0,0,0,06-MAY-2024,
OPTSTK,GNFC,30-May-2024,780.0,PE,0.0,0.0,0.0,82.3,101.45,0,0.0,10400,0,06-MAY-2024,
OPTSTK,GNFC,30-May-2024,800.0,PE,0.0,0.0,0.0,98.0,119.9,0,0.0,111800,0,06-MAY-2024,
OPTSTK,GNFC,30-May-2024,820.0,PE,0.0,0.0,0.0,175.75,138.85,0,0.0,0,0,06-MAY-2024,
OPTSTK,GNFC,27-Jun-2024,580.0,CE,0.0,0.0,0.0,81.5,111.6,0,0.0,0,0,06-MAY-2024,
OPTSTK,GNFC,27-Jun-2024,600.0,CE,0.0,0.0,0.0,69.65,95.5,0,0.0,0,0,06-MAY-2024,
OPTSTK,GNFC,27-Jun-2024,620.0,CE,0.0,0.0,0.0,59.0,80.65,0,0.0,0,0,06-MAY-2024,
OPTSTK,GNFC,27-Jun-2024,630.0,CE,0.0,0.0,0.0,101.9,73.7,0,0.0,0,0,06-MAY-2024,
OPTSTK,GNFC,27-Jun-2024,640.0,CE,0.0,0.0,0.0,49.6,67.15,0,0.0,0,0,06-MAY-2024,
OPTSTK,GNFC,27-Jun-2024,650.0,CE,0.0,0.0,0.0,87.7,61.0,0,0.0,0,0,06-MAY-2024,
OPTSTK,GNFC,27-Jun-2024,660.0,CE,0.0,0.0,0.0,50.0,55.2,0,0.0,1300,0,06-MAY-2024,
OPTSTK,GNFC,27-Jun-2024,670.0,CE,0.0,0.0,0.0,74.7,49.75,0,0.0,0,0,06-MAY-2024,
OPTSTK,GNFC,27-Jun-2024,680.0,CE,0.0,0.0,0.0,34.25,44.7,0,0.0,0,0,06-MAY-2024,
OPTSTK,GNFC,27-Jun-2024,690.0,CE,0.0,0.0,0.0,63.05,40.05,0,0.0,0,0,06-MAY-2024,
OPTSTK,GNFC,27-Jun-2024,700.0,CE,37.75,40.9,37.75,40.9,35.75,4,38.43,2600,1300,06-MAY-2024,
OPTSTK,GNFC,27-Jun-2024,710.0,CE,0.0,0.0,0.0,52.65,31.8,0,0.0,0,0,06-MAY-2024,
OPTSTK,GNFC,27-Jun-2024,720.0,CE,0.0,0.0,0.0,36.95,28.2,0,0.0,1300,0,06-MAY-2024,
OPTSTK,GNFC,27-Jun-2024,730.0,CE,0.0,0.0,0.0,43.6,24.9,0,0.0,0,0,06-MAY-2024,
OPTSTK,GNFC,27-Jun-2024,740.0,CE,0.0,0.0,0.0,18.7,21.95,0,0.0,0,0,06-MAY-2024,
OPTSTK,GNFC,27-Jun-2024,750.0,CE,0.0,0.0,0.0,35.75,19.25,0,0.0,0,0,06-MAY-2024,
OPTSTK,GNFC,27-Jun-2024,760.0,CE,0.0,0.0,0.0,15.05,16.9,0,0.0,0,0,06-MAY-2024,
OPTSTK,GNFC,27-Jun-2024,770.0,CE,0.0,0.0,0.0,29.05,14.75,0,0.0,0,0,06-MAY-2024,
OPTSTK,GNFC,27-Jun-2024,780.0,CE,0.0,0.0,0.0,12.1,12.8,0,0.0,0,0,06-MAY-2024,
OPTSTK,GNFC,27-Jun-2024,800.0,CE,0.0,0.0,0.0,9.65,9.65,0,0.0,0,0,06-MAY-2024,
OPTSTK,GNFC,27-Jun-2024,820.0,CE,0.0,0.0,0.0,10.25,7.15,0,0.0,0,0,06-MAY-2024,
OPTSTK,GNFC,27-Jun-2024,580.0,PE,0.0,0.0,0.0,26.05,6.95,0,0.0,0,0,06-MAY-2024,
OPTSTK,GNFC,27-Jun-2024,600.0,PE,0.0,0.0,0.0,33.8,10.65,0,0.0,0,0,06-MAY-2024,
OPTSTK,GNFC,27-Jun-2024,620.0,PE,0.0,0.0,0.0,42.8,15.6,0,0.0,0,0,06-MAY-2024,
OPTSTK,GNFC,27-Jun-2024,630.0,PE,0.0,0.0,0.0,14.85,18.55,0,0.0,0,0,06-MAY-2024,
OPTSTK,GNFC,27-Jun-2024,640.0,PE,0.0,0.0,0.0,53.05,21.9,0,0.0,0,0,06-MAY-2024,
OPTSTK,GNFC,27-Jun-2024,650.0,PE,0.0,0.0,0.0,20.4,25.65,0,0.0,0,0,06-MAY-2024,
OPTSTK,GNFC,27-Jun-2024,660.0,PE,0.0,0.0,0.0,64.45,29.75,0,0.0,0,0,06-MAY-2024,
OPTSTK,GNFC,27-Jun-2024,670.0,PE,0.0,0.0,0.0,27.15,34.2,0,0.0,0,0,06-MAY-2024,
OPTSTK,GNFC,27-Jun-2024,680.0,PE,0.0,0.0,0.0,77.0,39.05,0,0.0,0,0,06-MAY-2024,
OPTSTK,GNFC,27-Jun-2024,690.0,PE,0.0,0.0,0.0,35.25,44.3,0,0.0,0,0,06-MAY-2024,
OPTSTK,GNFC,27-Jun-2024,700.0,PE,0.0,0.0,0.0,90.55,49.9,0,0.0,0,0,06-MAY-2024,
OPTSTK,GNFC,27-Jun-2024,710.0,PE,0.0,0.0,0.0,40.0,55.8,0,0.0,1300,0,06-MAY-2024,
OPTSTK,GNFC,27-Jun-2024,720.0,PE,60.0,60.0,60.0,60.0,62.1,1,10.14,1300,1300,06-MAY-2024,
OPTSTK,GNFC,27-Jun-2024,730.0,PE,0.0,0.0,0.0,55.3,68.75,0,0.0,0,0,06-MAY-2024,
OPTSTK,GNFC,27-Jun-2024,740.0,PE,0.0,0.0,0.0,120.35,75.65,0,0.0,0,0,06-MAY-2024,
OPTSTK,GNFC,27-Jun-2024,750.0,PE,0.0,0.0,0.0,67.2,82.9,0,0.0,0,0,06-MAY-2024,
OPTSTK,GNFC,27-Jun-2024,760.0,PE,0.0,0.0,0.0,136.35,90.4,0,0.0,0,0,06-MAY-2024,
OPTSTK,GNFC,27-Jun-2024,770.0,PE,0.0,0.0,0.0,80.25,98.15,0,0.0,0,0,06-MAY-2024,
OPTSTK,GNFC,27-Jun-2024,780.0,PE,0.0,0.0,0.0,153.05,106.15,0,0.0,0,0,06-MAY-2024,
OPTSTK,GNFC,27-Jun-2024,800.0,PE,0.0,0.0,0.0,98.9,122.75,0,0.0,2600,0,06-MAY-2024,
OPTSTK,GNFC,27-Jun-2024,820.0,PE,0.0,0.0,0.0,170.95,140.05,0,0.0,0,0,06-MAY-2024,
OPTSTK,GNFC,25-Jul-2024,600.0,CE,0.0,0.0,0.0,133.65,104.9,0,0.0,0,0,06-MAY-2024,
OPTSTK,GNFC,25-Jul-2024,620.0,CE,0.0,0.0,0.0,118.7,91.0,0,0.0,0,0,06-MAY-2024,
OPTSTK,GNFC,25-Jul-2024,640.0,CE,0.0,0.0,0.0,104.75,78.3,0,0.0,0,0,06-MAY-2024,
OPTSTK,GNFC,25-Jul-2024,660.0,CE,0.0,0.0,0.0,91.8,66.8,0,0.0,0,0,06-MAY-2024,
OPTSTK,GNFC,25-Jul-2024,680.0,CE,0.0,0.0,0.0,80.0,56.55,0,0.0,0,0,06-MAY-2024,
OPTSTK,GNFC,25-Jul-2024,700.0,CE,0.0,0.0,0.0,69.3,47.45,0,0.0,0,0,06-MAY-2024,
OPTSTK,GNFC,25-Jul-2024,720.0,CE,0.0,0.0,0.0,59.65,39.55,0,0.0,0,0,06-MAY-2024,
OPTSTK,GNFC,25-Jul-2024,740.0,CE,0.0,0.0,0.0,51.0,32.7,0,0.0,0,0,06-MAY-2024,
OPTSTK,GNFC,25-Jul-2024,760.0,CE,0.0,0.0,0.0,43.4,26.85,0,0.0,0,0,06-MAY-2024,
OPTSTK,GNFC,25-Jul-2024,780.0,CE,0.0,0.0,0.0,36.75,21.95,0,0.0,0,0,06-MAY-2024,
OPTSTK,GNFC,25-Jul-2024,800.0,CE,0.0,0.0,0.0,30.9,17.75,0,0.0,0,0,06-MAY-2024,
OPTSTK,GNFC,25-Jul-2024,600.0,PE,0.0,0.0,0.0,13.65,16.8,0,0.0,0,0,06-MAY-2024,
OPTSTK,GNFC,25-Jul-2024,620.0,PE,0.0,0.0,0.0,18.35,22.55,0,0.0,0,0,06-MAY-2024,
OPTSTK,GNFC,25-Jul-2024,640.0,PE,0.0,0.0,0.0,24.05,29.5,0,0.0,0,0,06-MAY-2024,
OPTSTK,GNFC,25-Jul-2024,660.0,PE,0.0,0.0,0.0,30.75,37.7,0,0.0,0,0,06-MAY-2024,
OPTSTK,GNFC,25-Jul-2024,680.0,PE,0.0,0.0,0.0,38.6,47.15,0,0.0,0,0,06-MAY-2024,
OPTSTK,GNFC,25-Jul-2024,700.0,PE,0.0,0.0,0.0,47.5,57.75,0,0.0,0,0,06-MAY-2024,
OPTSTK,GNFC,25-Jul-2024,720.0,PE,0.0,0.0,0.0,45.0,69.5,0,0.0,1300,0,06-MAY-2024,
OPTSTK,GNFC,25-Jul-2024,740.0,PE,0.0,0.0,0.0,68.5,82.35,0,0.0,0,0,06-MAY-2024,
OPTSTK,GNFC,25-Jul-2024,760.0,PE,0.0,0.0,0.0,80.55,96.2,0,0.0,0,0,06-MAY-2024,
OPTSTK,GNFC,25-Jul-2024,780.0,PE,0.0,0.0,0.0,93.5,110.95,0,0.0,0,0,06-MAY-2024,
OPTSTK,GNFC,25-Jul-2024,800.0,PE,0.0,0.0,0.0,107.3,126.5,0,0.0,0,0,06-MAY-2024,
OPTSTK,GODREJCP,30-May-2024,1020.0,CE,0.0,0.0,0.0,260.3,234.95,0,0.0,0,0,06-MAY-2024,
OPTSTK,GODREJCP,30-May-2024,1040.0,CE,0.0,0.0,0.0,242.2,215.15,0,0.0,0,0,06-MAY-2024,
OPTSTK,GODREJCP,30-May-2024,1060.0,CE,0.0,0.0,0.0,224.45,195.4,0,0.0,0,0,06-MAY-2024,
OPTSTK,GODREJCP,30-May-2024,1080.0,CE,0.0,0.0,0.0,207.2,175.85,0,0.0,0,0,06-MAY-2024,
OPTSTK,GODREJCP,30-May-2024,1090.0,CE,0.0,0.0,0.0,181.9,166.2,0,0.0,0,0,06-MAY-2024,
OPTSTK,GODREJCP,30-May-2024,1100.0,CE,163.9,163.9,163.9,163.9,156.6,1,6.31,2500,-500,06-MAY-2024,
OPTSTK,GODREJCP,30-May-2024,1110.0,CE,0.0,0.0,0.0,130.0,147.15,0,0.0,0,0,06-MAY-2024,
OPTSTK,GODREJCP,30-May-2024,1120.0,CE,149.15,150.05,149.15,150.05,137.8,2,12.69,3000,0,06-MAY-2024,
OPTSTK,GODREJCP,30-May-2024,1130.0,CE,0.0,0.0,0.0,148.2,128.6,0,0.0,0,0,06-MAY-2024,
OPTSTK,GODREJCP,30-May-2024,1140.0,CE,0.0,0.0,0.0,83.0,119.6,0,0.0,3000,0,06-MAY-2024,
OPTSTK,GODREJCP,30-May-2024,1150.0,CE,113.5,113.5,113.5,113.5,113.5,1,6.31,16500,-500,06-MAY-2024,
OPTSTK,GODREJCP,30-May-2024,1160.0,CE,0.0,0.0,0.0,100.45,102.25,0,0.0,7000,0,06-MAY-2024,
OPTSTK,GODREJCP,30-May-2024,1170.0,CE,101.8,103.0,101.8,103.0,94.0,4,25.44,3500,1000,06-MAY-2024,
OPTSTK,GODREJCP,30-May-2024,1180.0,CE,95.05,99.0,85.2,92.65,92.65,32,203.56,13000,6500,06-MAY-2024,
OPTSTK,GODREJCP,30-May-2024,1190.0,CE,95.5,95.5,93.15,93.15,78.35,6,38.53,3500,1000,06-MAY-2024,
OPTSTK,GODREJCP,30-May-2024,1200.0,CE,78.9,88.4,63.35,78.4,78.4,118,755.12,64500,-10500,06-MAY-2024,
OPTSTK,GODREJCP,30-May-2024,1210.0,CE,67.95,67.95,67.95,67.95,64.1,1,6.38,6000,-500,06-MAY-2024,
OPTSTK,GODREJCP,30-May-2024,1220.0,CE,67.65,73.1,60.2,65.85,65.85,45,289.35,44000,2500,06-MAY-2024,
OPTSTK,GODREJCP,30-May-2024,1230.0,CE,67.0,68.05,53.4,61.6,61.6,77,497.12,16000,8000,06-MAY-2024,
OPTSTK,GODREJCP,30-May-2024,1240.0,CE,55.3,62.3,46.9,55.25,55.25,377,2440.89,72500,11000,06-MAY-2024,
OPTSTK,GODREJCP,30-May-2024,1250.0,CE,48.25,57.5,41.3,50.7,50.7,2902,18877.75,300000,-70500,06-MAY-2024,
OPTSTK,GODREJCP,30-May-2024,1260.0,CE,42.6,52.2,38.0,46.65,46.65,1910,12477.02,124000,68500,06-MAY-2024,
OPTSTK,GODREJCP,30-May-2024,1270.0,CE,42.0,47.95,35.0,42.25,42.25,883,5793.56,65000,56000,06-MAY-2024,
OPTSTK,GODREJCP,30-May-2024,1280.0,CE,37.95,42.95,31.15,38.35,38.35,697,4593.11,45000,13500,06-MAY-2024,
OPTSTK,GODREJCP,30-May-2024,1290.0,CE,32.0,38.4,29.95,34.75,34.75,115,761.45,18000,3500,06-MAY-2024,
OPTSTK,GODREJCP,30-May-2024,1300.0,CE,29.95,35.15,25.1,30.6,30.6,2381,15840.56,279500,107500,06-MAY-2024,
OPTSTK,GODREJCP,30-May-2024,1310.0,CE,25.05,25.05,25.05,25.05,25.05,2,13.35,1000,1000,06-MAY-2024,
OPTSTK,GODREJCP,30-May-2024,1320.0,CE,23.9,28.2,20.0,24.25,24.25,593,3985.21,75000,38000,06-MAY-2024,
OPTSTK,GODREJCP,30-May-2024,1330.0,CE,23.7,23.7,21.25,21.85,21.85,13,87.88,5500,5500,06-MAY-2024,
OPTSTK,GODREJCP,30-May-2024,1340.0,CE,17.0,22.5,16.05,20.3,20.3,82,557.45,10500,10000,06-MAY-2024,
OPTSTK,GODREJCP,30-May-2024,1350.0,CE,14.5,20.05,14.2,17.6,17.6,984,6725.33,143000,68000,06-MAY-2024,
OPTSTK,GODREJCP,30-May-2024,1360.0,CE,14.65,16.75,12.8,15.7,15.7,136,935.31,46500,40500,06-MAY-2024,
OPTSTK,GODREJCP,30-May-2024,1370.0,CE,14.1,14.1,13.45,13.55,13.55,6,41.51,2500,2500,06-MAY-2024,
OPTSTK,GODREJCP,30-May-2024,1380.0,CE,10.0,13.95,9.5,12.3,12.3,136,946.52,18500,6500,06-MAY-2024,
OPTSTK,GODREJCP,30-May-2024,1400.0,CE,7.1,10.95,6.95,9.9,9.9,2571,18117.01,327500,188500,06-MAY-2024,
OPTSTK,GODREJCP,30-May-2024,1420.0,CE,6.55,6.55,6.3,6.55,2.15,8,57.05,2500,2500,06-MAY-2024,
OPTSTK,GODREJCP,30-May-2024,1440.0,CE,5.0,5.0,4.6,4.65,1.4,6,43.34,500,500,06-MAY-2024,
OPTSTK,GODREJCP,30-May-2024,1450.0,CE,4.0,5.75,3.3,5.1,5.1,1466,10661.19,158500,42500,06-MAY-2024,
OPTSTK,GODREJCP,30-May-2024,1020.0,PE,2.1,2.1,2.1,2.1,2.1,1,5.11,500,500,06-MAY-2024,
OPTSTK,GODREJCP,30-May-2024,1040.0,PE,0.0,0.0,0.0,5.6,0.2,0,0.0,0,0,06-MAY-2024,
OPTSTK,GODREJCP,30-May-2024,1050.0,PE,2.0,4.95,2.0,3.8,3.8,199,1047.85,62000,12500,06-MAY-2024,
OPTSTK,GODREJCP,30-May-2024,1060.0,PE,0.0,0.0,0.0,1.5,0.4,0,0.0,500,0,06-MAY-2024,
OPTSTK,GODREJCP,30-May-2024,1080.0,PE,0.0,0.0,0.0,2.8,0.75,0,0.0,5000,0,06-MAY-2024,
OPTSTK,GODREJCP,30-May-2024,1090.0,PE,0.0,0.0,0.0,8.6,1.05,0,0.0,4000,0,06-MAY-2024,
OPTSTK,GODREJCP,30-May-2024,1100.0,PE,4.4,9.0,4.0,7.75,7.75,750,4148.58,135500,7000,06-MAY-2024,
OPTSTK,GODREJCP,30-May-2024,1110.0,PE,0.0,0.0,0.0,6.0,1.85,0,0.0,2500,0,06-MAY-2024,
OPTSTK,GODREJCP,30-May-2024,1120.0,PE,6.0,10.25,5.55,10.1,10.1,85,479.34,18500,1000,06-MAY-2024,
OPTSTK,GODREJCP,30-May-2024,1130.0,PE,0.0,0.0,0.0,8.7,3.25,0,0.0,500,0,06-MAY-2024,
OPTSTK,GODREJCP,30-May-2024,1140.0,PE,8.2,10.5,8.2,10.5,4.2,24,137.83,9500,5500,06-MAY-2024,
OPTSTK,GODREJCP,30-May-2024,1150.0,PE,10.5,18.0,9.05,16.55,16.55,396,2302.5,97500,-1500,06-MAY-2024,
OPTSTK,GODREJCP,30-May-2024,1160.0,PE,15.8,15.8,15.8,15.8,6.75,1,5.87,500,500,06-MAY-2024,
OPTSTK,GODREJCP,30-May-2024,1170.0,PE,13.8,23.0,13.35,20.85,20.85,93,552.58,22500,7500,06-MAY-2024,
OPTSTK,GODREJCP,30-May-2024,1180.0,PE,16.0,28.75,15.3,24.55,24.55,182,1092.11,31000,16000,06-MAY-2024,
OPTSTK,GODREJCP,30-May-2024,1190.0,PE,20.0,26.8,17.85,25.4,25.4,63,381.64,7500,-500,06-MAY-2024,
OPTSTK,GODREJCP,30-May-2024,1200.0,PE,25.0,38.45,19.7,32.0,32.0,1144,7027.3,202500,106500,06-MAY-2024,
OPTSTK,GODREJCP,30-May-2024,1210.0,PE,26.15,36.6,26.15,32.5,32.5,43,267.33,20500,7000,06-MAY-2024,
OPTSTK,GODREJCP,30-May-2024,1220.0,PE,29.0,48.95,26.2,37.6,37.6,190,1190.08,30000,9500,06-MAY-2024,
OPTSTK,GODREJCP,30-May-2024,1230.0,PE,31.85,45.6,29.1,41.3,41.3,122,772.86,16000,10000,06-MAY-2024,
OPTSTK,GODREJCP,30-May-2024,1240.0,PE,35.7,58.0,34.0,50.1,50.1,213,1370.19,32000,22500,06-MAY-2024,
OPTSTK,GODREJCP,30-May-2024,1250.0,PE,43.0,69.0,38.05,53.9,53.9,569,3693.2,43000,18500,06-MAY-2024,
OPTSTK,GODREJCP,30-May-2024,1260.0,PE,44.8,66.05,41.95,57.45,57.45,279,1832.87,19500,16000,06-MAY-2024,
OPTSTK,GODREJCP,30-May-2024,1270.0,PE,52.2,65.1,51.9,60.8,60.8,26,172.78,5000,5000,06-MAY-2024,
OPTSTK,GODREJCP,30-May-2024,1280.0,PE,55.65,60.7,55.0,60.7,51.0,10,66.85,2000,1500,06-MAY-2024,
OPTSTK,GODREJCP,30-May-2024,1290.0,PE,64.45,64.5,64.45,64.5,57.3,2,13.54,1000,1000,06-MAY-2024,
OPTSTK,GODREJCP,30-May-2024,1300.0,PE,71.1,87.0,66.75,82.2,82.2,44,303.61,10000,8000,06-MAY-2024,
OPTSTK,GODREJCP,30-May-2024,1310.0,PE,0.0,0.0,0.0,83.8,71.05,0,0.0,0,0,06-MAY-2024,
OPTSTK,GODREJCP,30-May-2024,1320.0,PE,91.75,91.75,91.75,91.75,78.5,1,7.05,0,-500,06-MAY-2024,
OPTSTK,GODREJCP,30-May-2024,1330.0,PE,0.0,0.0,0.0,94.0,86.15,0,0.0,500,0,06-MAY-2024,
OPTSTK,GODREJCP,30-May-2024,1340.0,PE,0.0,0.0,0.0,106.95,94.15,0,0.0,0,0,06-MAY-2024,
OPTSTK,GODREJCP,30-May-2024,1350.0,PE,0.0,0.0,0.0,110.6,102.4,0,0.0,0,0,06-MAY-2024,
OPTSTK,GODREJCP,30-May-2024,1360.0,PE,0.0,0.0,0.0,120.05,110.85,0,0.0,0,0,06-MAY-2024,
OPTSTK,GODREJCP,30-May-2024,1370.0,PE,0.0,0.0,0.0,125.35,119.55,0,0.0,0,0,06-MAY-2024,
OPTSTK,GODREJCP,30-May-2024,1380.0,PE,0.0,0.0,0.0,133.9,128.45,0,0.0,0,0,06-MAY-2024,
OPTSTK,GODREJCP,30-May-2024,1400.0,PE,0.0,0.0,0.0,148.45,146.7,0,0.0,0,0,06-MAY-2024,
OPTSTK,GODREJCP,30-May-2024,1420.0,PE,0.0,0.0,0.0,163.55,165.45,0,0.0,0,0,06-MAY-2024,
OPTSTK,GODREJCP,30-May-2024,1440.0,PE,0.0,0.0,0.0,179.15,184.6,0,0.0,0,0,06-MAY-2024,
OPTSTK,GODREJCP,27-Jun-2024,1020.0,CE,0.0,0.0,0.0,254.3,241.95,0,0.0,0,0,06-MAY-2024,
OPTSTK,GODREJCP,27-Jun-2024,1040.0,CE,0.0,0.0,0.0,236.25,222.9,0,0.0,0,0,06-MAY-2024,
OPTSTK,GODREJCP,27-Jun-2024,1060.0,CE,0.0,0.0,0.0,218.6,204.15,0,0.0,0,0,06-MAY-2024,
OPTSTK,GODREJCP,27-Jun-2024,1080.0,CE,0.0,0.0,0.0,201.45,185.85,0,0.0,0,0,06-MAY-2024,
OPTSTK,GODREJCP,27-Jun-2024,1090.0,CE,0.0,0.0,0.0,139.65,176.85,0,0.0,0,0,06-MAY-2024,
OPTSTK,GODREJCP,27-Jun-2024,1100.0,CE,0.0,0.0,0.0,184.85,168.05,0,0.0,0,0,06-MAY-2024,
OPTSTK,GODREJCP,27-Jun-2024,1110.0,CE,0.0,0.0,0.0,124.35,159.35,0,0.0,0,0,06-MAY-2024,
OPTSTK,GODREJCP,27-Jun-2024,1120.0,CE,0.0,0.0,0.0,168.9,150.85,0,0.0,0,0,06-MAY-2024,
OPTSTK,GODREJCP,27-Jun-2024,1130.0,CE,0.0,0.0,0.0,109.95,142.55,0,0.0,0,0,06-MAY-2024,
OPTSTK,GODREJCP,27-Jun-2024,1140.0,CE,0.0,0.0,0.0,153.6,134.45,0,0.0,0,0,06-MAY-2024,
OPTSTK,GODREJCP,27-Jun-2024,1150.0,CE,0.0,0.0,0.0,96.45,126.55,0,0.0,0,0,06-MAY-2024,
OPTSTK,GODREJCP,27-Jun-2024,1160.0,CE,0.0,0.0,0.0,139.1,118.9,0,0.0,0,0,06-MAY-2024,
OPTSTK,GODREJCP,27-Jun-2024,1170.0,CE,0.0,0.0,0.0,84.05,111.5,0,0.0,0,0,06-MAY-2024,
OPTSTK,GODREJCP,27-Jun-2024,1180.0,CE,0.0,0.0,0.0,125.3,104.3,0,0.0,0,0,06-MAY-2024,
OPTSTK,GODREJCP,27-Jun-2024,1190.0,CE,0.0,0.0,0.0,72.7,97.35,0,0.0,0,0,06-MAY-2024,
OPTSTK,GODREJCP,27-Jun-2024,1200.0,CE,0.0,0.0,0.0,112.4,90.7,0,0.0,0,0,06-MAY-2024,
OPTSTK,GODREJCP,27-Jun-2024,1210.0,CE,0.0,0.0,0.0,62.4,84.3,0,0.0,0,0,06-MAY-2024,
OPTSTK,GODREJCP,27-Jun-2024,1220.0,CE,0.0,0.0,0.0,100.35,78.2,0,0.0,0,0,06-MAY-2024,
OPTSTK,GODREJCP,27-Jun-2024,1230.0,CE,0.0,0.0,0.0,53.15,72.4,0,0.0,0,0,06-MAY-2024,
OPTSTK,GODREJCP,27-Jun-2024,1240.0,CE,0.0,0.0,0.0,89.15,66.85,0,0.0,0,0,06-MAY-2024,
OPTSTK,GODREJCP,27-Jun-2024,1250.0,CE,0.0,0.0,0.0,44.95,61.6,0,0.0,0,0,06-MAY-2024,
OPTSTK,GODREJCP,27-Jun-2024,1260.0,CE,0.0,0.0,0.0,78.85,56.65,0,0.0,0,0,06-MAY-2024,
OPTSTK,GODREJCP,27-Jun-2024,1270.0,CE,0.0,0.0,0.0,37.7,51.95,0,0.0,0,0,06-MAY-2024,
OPTSTK,GODREJCP,27-Jun-2024,1280.0,CE,0.0,0.0,0.0,69.4,47.55,0,0.0,0,0,06-MAY-2024,
OPTSTK,GODREJCP,27-Jun-2024,1290.0,CE,0.0,0.0,0.0,31.4,43.45,0,0.0,0,0,06-MAY-2024,
OPTSTK,GODREJCP,27-Jun-2024,1300.0,CE,0.0,0.0,0.0,60.8,39.6,0,0.0,0,0,06-MAY-2024,
OPTSTK,GODREJCP,27-Jun-2024,1310.0,CE,0.0,0.0,0.0,25.95,36.0,0,0.0,0,0,06-MAY-2024,
OPTSTK,GODREJCP,27-Jun-2024,1320.0,CE,0.0,0.0,0.0,53.0,32.65,0,0.0,0,0,06-MAY-2024,
OPTSTK,GODREJCP,27-Jun-2024,1330.0,CE,0.0,0.0,0.0,21.4,29.55,0,0.0,0,0,06-MAY-2024,
OPTSTK,GODREJCP,27-Jun-2024,1340.0,CE,0.0,0.0,0.0,46.0,26.7,0,0.0,0,0,06-MAY-2024,
OPTSTK,GODREJCP,27-Jun-2024,1350.0,CE,0.0,0.0,0.0,17.4,24.05,0,0.0,0,0,06-MAY-2024,
OPTSTK,GODREJCP,27-Jun-2024,1360.0,CE,0.0,0.0,0.0,39.75,21.7,0,0.0,0,0,06-MAY-2024,
OPTSTK,GODREJCP,27-Jun-2024,1370.0,CE,0.0,0.0,0.0,14.1,19.4,0,0.0,0,0,06-MAY-2024,
OPTSTK,GODREJCP,27-Jun-2024,1380.0,CE,0.0,0.0,0.0,34.15,17.4,0,0.0,0,0,06-MAY-2024,
OPTSTK,GODREJCP,27-Jun-2024,1400.0,CE,0.0,0.0,0.0,29.3,13.85,0,0.0,0,0,06-MAY-2024,
OPTSTK,GODREJCP,27-Jun-2024,1420.0,CE,0.0,0.0,0.0,24.95,10.95,0,0.0,0,0,06-MAY-2024,
OPTSTK,GODREJCP,27-Jun-2024,1440.0,CE,0.0,0.0,0.0,21.2,8.55,0,0.0,0,0,06-MAY-2024,
OPTSTK,GODREJCP,27-Jun-2024,1020.0,PE,0.0,0.0,0.0,4.25,1.3,0,0.0,0,0,06-MAY-2024,
OPTSTK,GODREJCP,27-Jun-2024,1040.0,PE,0.0,0.0,0.0,5.85,2.0,0,0.0,0,0,06-MAY-2024,
OPTSTK,GODREJCP,27-Jun-2024,1060.0,PE,0.0,0.0,0.0,7.85,3.05,0,0.0,0,0,06-MAY-2024,
OPTSTK,GODREJCP,27-Jun-2024,1080.0,PE,0.0,0.0,0.0,10.35,4.55,0,0.0,0,0,06-MAY-2024,
OPTSTK,GODREJCP,27-Jun-2024,1090.0,PE,0.0,0.0,0.0,14.2,5.5,0,0.0,0,0,06-MAY-2024,
OPTSTK,GODREJCP,27-Jun-2024,1100.0,PE,0.0,0.0,0.0,13.4,6.55,0,0.0,0,0,06-MAY-2024,
OPTSTK,GODREJCP,27-Jun-2024,1110.0,PE,0.0,0.0,0.0,18.6,7.8,0,0.0,0,0,06-MAY-2024,
OPTSTK,GODREJCP,27-Jun-2024,1120.0,PE,0.0,0.0,0.0,17.05,9.2,0,0.0,0,0,06-MAY-2024,
OPTSTK,GODREJCP,27-Jun-2024,1130.0,PE,0.0,0.0,0.0,24.0,10.75,0,0.0,0,0,06-MAY-2024,
OPTSTK,GODREJCP,27-Jun-2024,1140.0,PE,0.0,0.0,0.0,21.45,12.55,0,0.0,0,0,06-MAY-2024,
OPTSTK,GODREJCP,27-Jun-2024,1150.0,PE,0.0,0.0,0.0,30.25,14.55,0,0.0,0,0,06-MAY-2024,
OPTSTK,GODREJCP,27-Jun-2024,1160.0,PE,0.0,0.0,0.0,26.6,16.8,0,0.0,0,0,06-MAY-2024,
OPTSTK,GODREJCP,27-Jun-2024,1170.0,PE,0.0,0.0,0.0,37.55,19.3,0,0.0,0,0,06-MAY-2024,
OPTSTK,GODREJCP,27-Jun-2024,1180.0,PE,0.0,0.0,0.0,32.45,22.0,0,0.0,0,0,06-MAY-2024,
OPTSTK,GODREJCP,27-Jun-2024,1190.0,PE,0.0,0.0,0.0,45.95,24.95,0,0.0,0,0,06-MAY-2024,
OPTSTK,GODREJCP,27-Jun-2024,1200.0,PE,42.0,42.0,42.0,42.0,28.15,1,6.21,500,0,06-MAY-2024,
OPTSTK,GODREJCP,27-Jun-2024,1210.0,PE,0.0,0.0,0.0,55.4,31.7,0,0.0,0,0,06-MAY-2024,
OPTSTK,GODREJCP,27-Jun-2024,1220.0,PE,0.0,0.0,0.0,46.75,35.5,0,0.0,0,0,06-MAY-2024,
OPTSTK,GODREJCP,27-Jun-2024,1230.0,PE,0.0,0.0,0.0,65.9,39.55,0,0.0,0,0,06-MAY-2024,
OPTSTK,GODREJCP,27-Jun-2024,1240.0,PE,0.0,0.0,0.0,55.2,43.95,0,0.0,0,0,06-MAY-2024,
OPTSTK,GODREJCP,27-Jun-2024,1250.0,PE,0.0,0.0,0.0,77.45,48.6,0,0.0,0,0,06-MAY-2024,
OPTSTK,GODREJCP,27-Jun-2024,1260.0,PE,0.0,0.0,0.0,64.55,53.5,0,0.0,0,0,06-MAY-2024,
OPTSTK,GODREJCP,27-Jun-2024,1270.0,PE,0.0,0.0,0.0,90.0,58.7,0,0.0,0,0,06-MAY-2024,
OPTSTK,GODREJCP,27-Jun-2024,1280.0,PE,0.0,0.0,0.0,74.7,64.2,0,0.0,0,0,06-MAY-2024,
OPTSTK,GODREJCP,27-Jun-2024,1290.0,PE,0.0,0.0,0.0,103.45,70.0,0,0.0,0,0,06-MAY-2024,
OPTSTK,GODREJCP,27-Jun-2024,1300.0,PE,0.0,0.0,0.0,85.75,76.05,0,0.0,0,0,06-MAY-2024,
OPTSTK,GODREJCP,27-Jun-2024,1310.0,PE,0.0,0.0,0.0,117.75,82.35,0,0.0,0,0,06-MAY-2024,
OPTSTK,GODREJCP,27-Jun-2024,1320.0,PE,0.0,0.0,0.0,97.6,88.9,0,0.0,0,0,06-MAY-2024,
OPTSTK,GODREJCP,27-Jun-2024,1330.0,PE,0.0,0.0,0.0,132.9,95.7,0,0.0,0,0,06-MAY-2024,
OPTSTK,GODREJCP,27-Jun-2024,1340.0,PE,0.0,0.0,0.0,110.25,102.75,0,0.0,0,0,06-MAY-2024,
OPTSTK,GODREJCP,27-Jun-2024,1350.0,PE,0.0,0.0,0.0,148.7,110.0,0,0.0,0,0,06-MAY-2024,
OPTSTK,GODREJCP,27-Jun-2024,1360.0,PE,0.0,0.0,0.0,123.6,117.5,0,0.0,0,0,06-MAY-2024,
OPTSTK,GODREJCP,27-Jun-2024,1370.0,PE,0.0,0.0,0.0,165.1,125.15,0,0.0,0,0,06-MAY-2024,
OPTSTK,GODREJCP,27-Jun-2024,1380.0,PE,0.0,0.0,0.0,137.7,133.0,0,0.0,0,0,06-MAY-2024,
OPTSTK,GODREJCP,27-Jun-2024,1400.0,PE,0.0,0.0,0.0,152.5,149.3,0,0.0,0,0,06-MAY-2024,
OPTSTK,GODREJCP,27-Jun-2024,1420.0,PE,0.0,0.0,0.0,167.8,166.15,0,0.0,0,0,06-MAY-2024,
OPTSTK,GODREJCP,27-Jun-2024,1440.0,PE,0.0,0.0,0.0,183.65,183.6,0,0.0,0,0,06-MAY-2024,
OPTSTK,GODREJCP,25-Jul-2024,1000.0,CE,0.0,0.0,0.0,226.25,268.5,0,0.0,0,0,06-MAY-2024,
OPTSTK,GODREJCP,25-Jul-2024,1040.0,CE,0.0,0.0,0.0,191.85,231.6,0,0.0,0,0,06-MAY-2024,
OPTSTK,GODREJCP,25-Jul-2024,1080.0,CE,0.0,0.0,0.0,159.85,196.45,0,0.0,0,0,06-MAY-2024,
OPTSTK,GODREJCP,25-Jul-2024,1100.0,CE,0.0,0.0,0.0,144.95,179.65,0,0.0,0,0,06-MAY-2024,
OPTSTK,GODREJCP,25-Jul-2024,1120.0,CE,0.0,0.0,0.0,130.75,163.55,0,0.0,0,0,06-MAY-2024,
OPTSTK,GODREJCP,25-Jul-2024,1140.0,CE,0.0,0.0,0.0,117.35,148.1,0,0.0,0,0,06-MAY-2024,
OPTSTK,GODREJCP,25-Jul-2024,1160.0,CE,0.0,0.0,0.0,104.9,133.5,0,0.0,0,0,06-MAY-2024,
OPTSTK,GODREJCP,25-Jul-2024,1180.0,CE,0.0,0.0,0.0,93.3,119.6,0,0.0,0,0,06-MAY-2024,
OPTSTK,GODREJCP,25-Jul-2024,1200.0,CE,0.0,0.0,0.0,82.55,106.65,0,0.0,0,0,06-MAY-2024,
OPTSTK,GODREJCP,25-Jul-2024,1220.0,CE,0.0,0.0,0.0,72.7,94.6,0,0.0,0,0,06-MAY-2024,
OPTSTK,GODREJCP,25-Jul-2024,1240.0,CE,0.0,0.0,0.0,63.75,83.45,0,0.0,0,0,06-MAY-2024,
OPTSTK,GODREJCP,25-Jul-2024,1260.0,CE,0.0,0.0,0.0,55.6,73.25,0,0.0,0,0,06-MAY-2024,
OPTSTK,GODREJCP,25-Jul-2024,1280.0,CE,0.0,0.0,0.0,48.25,63.9,0,0.0,0,0,06-MAY-2024,
OPTSTK,GODREJCP,25-Jul-2024,1300.0,CE,0.0,0.0,0.0,41.7,55.5,0,0.0,0,0,06-MAY-2024,
OPTSTK,GODREJCP,25-Jul-2024,1320.0,CE,0.0,0.0,0.0,35.85,47.9,0,0.0,0,0,06-MAY-2024,
OPTSTK,GODREJCP,25-Jul-2024,1340.0,CE,0.0,0.0,0.0,30.8,41.15,0,0.0,0,0,06-MAY-2024,
OPTSTK,GODREJCP,25-Jul-2024,1360.0,CE,0.0,0.0,0.0,26.25,35.15,0,0.0,0,0,06-MAY-2024,
OPTSTK,GODREJCP,25-Jul-2024,1380.0,CE,0.0,0.0,0.0,22.25,29.95,0,0.0,0,0,06-MAY-2024,
OPTSTK,GODREJCP,25-Jul-2024,1400.0,CE,0.0,0.0,0.0,18.85,25.35,0,0.0,0,0,06-MAY-2024,
OPTSTK,GODREJCP,25-Jul-2024,1440.0,CE,0.0,0.0,0.0,13.3,17.85,0,0.0,0,0,06-MAY-2024,
OPTSTK,GODREJCP,25-Jul-2024,1000.0,PE,0.0,0.0,0.0,6.4,2.5,0,0.0,0,0,06-MAY-2024,
OPTSTK,GODREJCP,25-Jul-2024,1040.0,PE,0.0,0.0,0.0,11.25,5.05,0,0.0,0,0,06-MAY-2024,
OPTSTK,GODREJCP,25-Jul-2024,1080.0,PE,0.0,0.0,0.0,18.55,9.2,0,0.0,0,0,06-MAY-2024,
OPTSTK,GODREJCP,25-Jul-2024,1100.0,PE,0.0,0.0,0.0,23.3,12.15,0,0.0,0,0,06-MAY-2024,
OPTSTK,GODREJCP,25-Jul-2024,1120.0,PE,0.0,0.0,0.0,28.75,15.7,0,0.0,0,0,06-MAY-2024,
OPTSTK,GODREJCP,25-Jul-2024,1140.0,PE,0.0,0.0,0.0,35.0,19.95,0,0.0,0,0,06-MAY-2024,
OPTSTK,GODREJCP,25-Jul-2024,1160.0,PE,0.0,0.0,0.0,42.15,25.0,0,0.0,0,0,06-MAY-2024,
OPTSTK,GODREJCP,25-Jul-2024,1180.0,PE,0.0,0.0,0.0,50.15,30.8,0,0.0,0,0,06-MAY-2024,
OPTSTK,GODREJCP,25-Jul-2024,1200.0,PE,0.0,0.0,0.0,59.1,37.55,0,0.0,0,0,06-MAY-2024,
OPTSTK,GODREJCP,25-Jul-2024,1220.0,PE,0.0,0.0,0.0,68.85,45.15,0,0.0,0,0,06-MAY-2024,
OPTSTK,GODREJCP,25-Jul-2024,1240.0,PE,0.0,0.0,0.0,79.55,53.7,0,0.0,0,0,06-MAY-2024,
OPTSTK,GODREJCP,25-Jul-2024,1260.0,PE,0.0,0.0,0.0,91.05,63.15,0,0.0,0,0,06-MAY-2024,
OPTSTK,GODREJCP,25-Jul-2024,1280.0,PE,0.0,0.0,0.0,103.35,73.55,0,0.0,0,0,06-MAY-2024,
OPTSTK,GODREJCP,25-Jul-2024,1300.0,PE,0.0,0.0,0.0,116.45,84.8,0,0.0,0,0,06-MAY-2024,
OPTSTK,GODREJCP,25-Jul-2024,1320.0,PE,0.0,0.0,0.0,130.25,96.9,0,0.0,0,0,06-MAY-2024,
OPTSTK,GODREJCP,25-Jul-2024,1340.0,PE,0.0,0.0,0.0,144.8,109.85,0,0.0,0,0,06-MAY-2024,
OPTSTK,GODREJCP,25-Jul-2024,1360.0,PE,0.0,0.0,0.0,159.9,123.5,0,0.0,0,0,06-MAY-2024,
OPTSTK,GODREJCP,25-Jul-2024,1380.0,PE,0.0,0.0,0.0,175.55,138.0,0,0.0,0,0,06-MAY-2024,
OPTSTK,GODREJCP,25-Jul-2024,1400.0,PE,0.0,0.0,0.0,191.75,153.1,0,0.0,0,0,06-MAY-2024,
OPTSTK,GODREJCP,25-Jul-2024,1440.0,PE,0.0,0.0,0.0,225.5,184.95,0,0.0,0,0,06-MAY-2024,
OPTSTK,GODREJPROP,30-May-2024,2080.0,CE,0.0,0.0,0.0,484.85,772.6,0,0.0,1425,0,06-MAY-2024,
OPTSTK,GODREJPROP,30-May-2024,2120.0,CE,0.0,0.0,0.0,382.25,732.95,0,0.0,0,0,06-MAY-2024,
OPTSTK,GODREJPROP,30-May-2024,2140.0,CE,0.0,0.0,0.0,257.5,713.15,0,0.0,0,0,06-MAY-2024,
OPTSTK,GODREJPROP,30-May-2024,2160.0,CE,0.0,0.0,0.0,354.4,693.35,0,0.0,0,0,06-MAY-2024,
OPTSTK,GODREJPROP,30-May-2024,2180.0,CE,0.0,0.0,0.0,232.05,673.6,0,0.0,0,0,06-MAY-2024,
OPTSTK,GODREJPROP,30-May-2024,2200.0,CE,614.0,614.0,614.0,614.0,653.9,1,13.36,1900,0,06-MAY-2024,
OPTSTK,GODREJPROP,30-May-2024,2220.0,CE,0.0,0.0,0.0,208.25,634.25,0,0.0,0,0,06-MAY-2024,
OPTSTK,GODREJPROP,30-May-2024,2240.0,CE,0.0,0.0,0.0,302.5,614.7,0,0.0,0,0,06-MAY-2024,
OPTSTK,GODREJPROP,30-May-2024,2260.0,CE,0.0,0.0,0.0,186.1,595.15,0,0.0,0,0,06-MAY-2024,
OPTSTK,GODREJPROP,30-May-2024,2280.0,CE,0.0,0.0,0.0,278.55,575.7,0,0.0,0,0,06-MAY-2024,
OPTSTK,GODREJPROP,30-May-2024,2300.0,CE,456.0,515.0,450.2,515.0,556.35,9,118.66,9975,-475,06-MAY-2024,
OPTSTK,GODREJPROP,30-May-2024,2320.0,CE,0.0,0.0,0.0,255.9,537.1,0,0.0,0,0,06-MAY-2024,
OPTSTK,GODREJPROP,30-May-2024,2340.0,CE,0.0,0.0,0.0,146.85,518.0,0,0.0,0,0,06-MAY-2024,
OPTSTK,GODREJPROP,30-May-2024,2360.0,CE,0.0,0.0,0.0,234.6,499.0,0,0.0,0,0,06-MAY-2024,
OPTSTK,GODREJPROP,30-May-2024,2380.0,CE,0.0,0.0,0.0,129.7,480.2,0,0.0,0,0,06-MAY-2024,
OPTSTK,GODREJPROP,30-May-2024,2400.0,CE,289.7,429.0,289.7,429.0,461.55,4,52.43,6650,950,06-MAY-2024,
OPTSTK,GODREJPROP,30-May-2024,2420.0,CE,0.0,0.0,0.0,114.05,443.05,0,0.0,0,0,06-MAY-2024,
OPTSTK,GODREJPROP,30-May-2024,2440.0,CE,0.0,0.0,0.0,204.0,424.85,0,0.0,0,0,06-MAY-2024,
OPTSTK,GODREJPROP,30-May-2024,2460.0,CE,0.0,0.0,0.0,165.4,406.8,0,0.0,475,0,06-MAY-2024,
OPTSTK,GODREJPROP,30-May-2024,2480.0,CE,289.1,289.1,272.85,286.85,389.05,4,52.51,2375,-950,06-MAY-2024,
OPTSTK,GODREJPROP,30-May-2024,2500.0,CE,200.0,374.0,197.15,370.1,370.1,390,5118.6,57475,-50825,06-MAY-2024,
OPTSTK,GODREJPROP,30-May-2024,2520.0,CE,210.0,349.6,208.15,349.55,349.55,80,1052.99,14725,-8550,06-MAY-2024,
OPTSTK,GODREJPROP,30-May-2024,2540.0,CE,140.05,332.1,140.05,331.0,331.0,212,2793.17,42275,-15675,06-MAY-2024,
OPTSTK,GODREJPROP,30-May-2024,2560.0,CE,160.0,318.0,128.4,314.0,314.0,391,5162.58,19000,-56525,06-MAY-2024,
OPTSTK,GODREJPROP,30-May-2024,2580.0,CE,161.9,299.05,140.1,294.75,294.75,273,3609.75,16150,-32775,06-MAY-2024,
OPTSTK,GODREJPROP,30-May-2024,2600.0,CE,140.0,284.0,127.0,281.65,281.65,2297,30382.3,172900,-225150,06-MAY-2024,
OPTSTK,GODREJPROP,30-May-2024,2620.0,CE,120.5,267.95,120.45,267.95,267.95,81,1072.83,18525,-4275,06-MAY-2024,
OPTSTK,GODREJPROP,30-May-2024,2640.0,CE,119.0,251.6,111.85,249.7,249.7,328,4353.07,32300,-29450,06-MAY-2024,
OPTSTK,GODREJPROP,30-May-2024,2660.0,CE,120.0,236.1,98.0,234.6,234.6,475,6312.23,28500,-25175,06-MAY-2024,
OPTSTK,GODREJPROP,30-May-2024,2680.0,CE,92.0,221.15,88.65,218.85,218.85,1321,17615.65,33250,-10925,06-MAY-2024,
OPTSTK,GODREJPROP,30-May-2024,2700.0,CE,100.75,206.6,78.55,203.35,203.35,8585,115505.01,174800,-128250,06-MAY-2024,
OPTSTK,GODREJPROP,30-May-2024,2720.0,CE,71.25,191.55,71.05,188.65,188.65,1695,22902.78,43700,-9975,06-MAY-2024,
OPTSTK,GODREJPROP,30-May-2024,2740.0,CE,70.0,178.7,66.95,174.95,174.95,2876,38933.8,39425,13300,06-MAY-2024,
OPTSTK,GODREJPROP,30-May-2024,2760.0,CE,77.1,165.1,59.8,162.7,162.7,2326,31783.74,36100,6650,06-MAY-2024,
OPTSTK,GODREJPROP,30-May-2024,2780.0,CE,70.4,154.5,61.25,150.85,150.85,1638,22527.3,32775,23750,06-MAY-2024,
OPTSTK,GODREJPROP,30-May-2024,2800.0,CE,51.0,142.0,45.55,138.35,138.35,13395,184512.38,483075,172900,06-MAY-2024,
OPTSTK,GODREJPROP,30-May-2024,2820.0,CE,39.0,131.05,38.95,127.7,127.7,1819,25301.83,46550,37050,06-MAY-2024,
OPTSTK,GODREJPROP,30-May-2024,2840.0,CE,50.0,125.0,48.0,117.6,117.6,2337,32654.33,127775,112575,06-MAY-2024,
OPTSTK,GODREJPROP,30-May-2024,2860.0,CE,39.75,110.0,39.45,107.6,107.6,988,13846.68,76950,59375,06-MAY-2024,
OPTSTK,GODREJPROP,30-May-2024,2880.0,CE,31.9,100.05,31.9,97.45,97.45,670,9417.25,54150,24700,06-MAY-2024,
OPTSTK,GODREJPROP,30-May-2024,2900.0,CE,29.0,91.15,26.0,88.35,88.35,9281,130760.52,339150,54150,06-MAY-2024,
OPTSTK,GODREJPROP,30-May-2024,2920.0,CE,33.05,82.45,29.75,80.2,80.2,636,9013.03,74575,32300,06-MAY-2024,
OPTSTK,GODREJPROP,30-May-2024,2940.0,CE,39.95,74.35,38.35,71.85,71.85,158,2253.7,32775,32775,06-MAY-2024,
OPTSTK,GODREJPROP,30-May-2024,2960.0,CE,16.7,67.95,16.7,66.15,66.15,841,12012.41,56525,36100,06-MAY-2024,
OPTSTK,GODREJPROP,30-May-2024,2980.0,CE,31.75,61.85,20.45,59.05,59.05,251,3608.92,38475,35150,06-MAY-2024,
OPTSTK,GODREJPROP,30-May-2024,3000.0,CE,18.0,55.75,13.15,53.35,53.35,11732,169353.05,445550,124450,06-MAY-2024,
OPTSTK,GODREJPROP,30-May-2024,3020.0,CE,21.35,49.3,21.35,49.3,49.3,19,276.24,5700,5700,06-MAY-2024,
OPTSTK,GODREJPROP,30-May-2024,3040.0,CE,19.8,45.7,19.1,43.6,43.6,67,978.72,19000,19000,06-MAY-2024,
OPTSTK,GODREJPROP,30-May-2024,3060.0,CE,19.6,39.35,16.4,37.65,37.65,99,1453.39,19950,19950,06-MAY-2024,
OPTSTK,GODREJPROP,30-May-2024,3080.0,CE,9.9,36.8,8.0,35.5,35.5,1418,20917.3,108775,93100,06-MAY-2024,
OPTSTK,GODREJPROP,30-May-2024,3100.0,CE,5.0,33.45,5.0,31.7,31.7,6135,91018.99,468825,328225,06-MAY-2024,
OPTSTK,GODREJPROP,30-May-2024,3120.0,CE,26.1,29.4,26.05,28.55,28.55,15,224.28,5225,5225,06-MAY-2024,
OPTSTK,GODREJPROP,30-May-2024,3140.0,CE,25.65,26.5,23.45,26.2,26.2,32,481.12,6175,6175,06-MAY-2024,
OPTSTK,GODREJPROP,30-May-2024,3160.0,CE,21.0,23.75,20.65,23.4,23.4,23,347.7,5700,5700,06-MAY-2024,
OPTSTK,GODREJPROP,30-May-2024,3180.0,CE,20.0,25.0,18.5,20.1,20.1,140,2127.94,21850,21850,06-MAY-2024,
OPTSTK,GODREJPROP,30-May-2024,3200.0,CE,18.0,19.55,15.5,18.75,18.75,135,2063.72,26125,26125,06-MAY-2024,
OPTSTK,GODREJPROP,30-May-2024,2080.0,PE,1.35,2.05,1.3,1.65,1.65,101,998.65,28975,-8550,06-MAY-2024,
OPTSTK,GODREJPROP,30-May-2024,2120.0,PE,1.55,1.55,1.55,1.55,0.35,1,10.07,0,-475,06-MAY-2024,
OPTSTK,GODREJPROP,30-May-2024,2140.0,PE,2.0,2.0,1.8,2.0,0.45,7,71.22,12350,-950,06-MAY-2024,
OPTSTK,GODREJPROP,30-May-2024,2160.0,PE,2.15,2.25,1.8,2.2,0.6,11,112.96,6175,-950,06-MAY-2024,
OPTSTK,GODREJPROP,30-May-2024,2180.0,PE,3.3,3.3,2.15,2.25,0.75,27,279.91,3325,-3800,06-MAY-2024,
OPTSTK,GODREJPROP,30-May-2024,2200.0,PE,4.95,4.95,2.15,2.45,2.45,733,7669.12,102125,-32300,06-MAY-2024,
OPTSTK,GODREJPROP,30-May-2024,2220.0,PE,0.0,0.0,0.0,7.8,1.25,0,0.0,475,0,06-MAY-2024,
OPTSTK,GODREJPROP,30-May-2024,2240.0,PE,3.7,4.5,2.8,2.8,1.55,47,500.85,23750,-3800,06-MAY-2024,
OPTSTK,GODREJPROP,30-May-2024,2260.0,PE,5.45,5.45,1.85,1.85,1.85,7,75.27,1900,-475,06-MAY-2024,
OPTSTK,GODREJPROP,30-May-2024,2280.0,PE,4.6,4.65,2.65,2.65,2.65,17,184.46,4750,-3800,06-MAY-2024,
OPTSTK,GODREJPROP,30-May-2024,2300.0,PE,8.0,8.05,4.0,4.25,4.25,2505,27426.88,149150,-37050,06-MAY-2024,
OPTSTK,GODREJPROP,30-May-2024,2320.0,PE,6.85,7.55,4.65,5.0,5.0,232,2563.59,20900,-30400,06-MAY-2024,
OPTSTK,GODREJPROP,30-May-2024,2340.0,PE,8.45,8.45,5.3,5.85,5.85,95,1058.92,4275,-6650,06-MAY-2024,
OPTSTK,GODREJPROP,30-May-2024,2360.0,PE,9.15,10.4,6.2,6.4,6.4,192,2159.28,7600,-9975,06-MAY-2024,
OPTSTK,GODREJPROP,30-May-2024,2380.0,PE,10.0,11.75,6.9,7.05,7.05,161,1826.74,13300,-7600,06-MAY-2024,
OPTSTK,GODREJPROP,30-May-2024,2400.0,PE,20.0,20.0,7.6,8.1,8.1,4001,45791.13,183350,-950,06-MAY-2024,
OPTSTK,GODREJPROP,30-May-2024,2420.0,PE,13.55,13.7,8.55,9.0,9.0,162,1870.42,16625,11875,06-MAY-2024,
OPTSTK,GODREJPROP,30-May-2024,2440.0,PE,17.25,17.35,9.95,10.25,10.25,256,2982.77,14250,-6175,06-MAY-2024,
OPTSTK,GODREJPROP,30-May-2024,2460.0,PE,20.6,20.6,10.95,11.8,11.8,387,4548.57,22325,-16625,06-MAY-2024,
OPTSTK,GODREJPROP,30-May-2024,2480.0,PE,25.05,25.05,12.75,13.05,13.05,297,3522.47,20900,0,06-MAY-2024,
OPTSTK,GODREJPROP,30-May-2024,2500.0,PE,40.0,40.85,14.0,15.0,15.0,3583,42892.18,304950,32775,06-MAY-2024,
OPTSTK,GODREJPROP,30-May-2024,2520.0,PE,29.0,31.25,15.75,16.75,16.75,314,3791.21,26600,5700,06-MAY-2024,
OPTSTK,GODREJPROP,30-May-2024,2540.0,PE,37.5,37.5,18.0,18.8,18.8,481,5860.91,43700,475,06-MAY-2024,
OPTSTK,GODREJPROP,30-May-2024,2560.0,PE,40.7,49.3,20.2,21.65,21.65,526,6467.96,71725,24225,06-MAY-2024,
OPTSTK,GODREJPROP,30-May-2024,2580.0,PE,51.8,51.8,23.0,24.5,24.5,290,3600.08,18050,-2850,06-MAY-2024,
OPTSTK,GODREJPROP,30-May-2024,2600.0,PE,37.05,79.4,26.0,27.7,27.7,3250,40714.35,323000,230375,06-MAY-2024,
OPTSTK,GODREJPROP,30-May-2024,2620.0,PE,66.9,66.9,30.0,31.4,31.4,391,4946.55,43700,35625,06-MAY-2024,
OPTSTK,GODREJPROP,30-May-2024,2640.0,PE,70.05,73.8,33.0,34.4,34.4,759,9694.61,57475,43225,06-MAY-2024,
OPTSTK,GODREJPROP,30-May-2024,2660.0,PE,115.0,115.0,37.0,38.25,38.25,1020,13151.75,77425,68400,06-MAY-2024,
OPTSTK,GODREJPROP,30-May-2024,2680.0,PE,101.9,101.9,42.0,44.45,44.45,462,6022.11,47975,44650,06-MAY-2024,
OPTSTK,GODREJPROP,30-May-2024,2700.0,PE,120.0,120.05,46.55,49.55,49.55,3869,50835.58,343900,289750,06-MAY-2024,
OPTSTK,GODREJPROP,30-May-2024,2720.0,PE,107.6,114.95,53.85,55.2,55.2,521,6914.83,40850,40850,06-MAY-2024,
OPTSTK,GODREJPROP,30-May-2024,2740.0,PE,120.2,125.0,59.4,62.5,62.5,847,11338.36,90250,90250,06-MAY-2024,
OPTSTK,GODREJPROP,30-May-2024,2760.0,PE,151.3,151.7,66.7,69.1,69.1,735,9928.44,65075,65075,06-MAY-2024,
OPTSTK,GODREJPROP,30-May-2024,2780.0,PE,162.85,163.0,73.1,76.8,76.8,656,8943.01,56525,56525,06-MAY-2024,
OPTSTK,GODREJPROP,30-May-2024,2800.0,PE,160.0,160.0,81.75,84.7,84.7,2533,34838.02,243675,236550,06-MAY-2024,
OPTSTK,GODREJPROP,30-May-2024,2820.0,PE,122.3,122.3,90.5,93.9,93.9,558,7742.36,58425,58425,06-MAY-2024,
OPTSTK,GODREJPROP,30-May-2024,2840.0,PE,145.0,145.0,100.0,102.8,102.8,359,5029.67,55100,53675,06-MAY-2024,
OPTSTK,GODREJPROP,30-May-2024,2860.0,PE,162.0,162.0,110.15,112.3,112.3,248,3509.97,42750,42750,06-MAY-2024,
OPTSTK,GODREJPROP,30-May-2024,2880.0,PE,0.0,0.0,0.0,492.45,140.0,0,0.0,0,0,06-MAY-2024,
OPTSTK,GODREJPROP,30-May-2024,2900.0,PE,204.3,204.8,129.45,135.35,135.35,89,1290.61,18050,18050,06-MAY-2024,
OPTSTK,GODREJPROP,30-May-2024,2920.0,PE,0.0,0.0,0.0,524.95,162.95,0,0.0,0,0,06-MAY-2024,
OPTSTK,GODREJPROP,30-May-2024,2940.0,PE,0.0,0.0,0.0,619.55,175.1,0,0.0,0,0,06-MAY-2024,
OPTSTK,GODREJPROP,30-May-2024,2960.0,PE,201.25,201.25,169.0,170.8,170.8,22,327.95,5700,5700,06-MAY-2024,
OPTSTK,GODREJPROP,30-May-2024,2980.0,PE,185.45,185.45,183.1,183.1,183.1,3,45.09,950,950,06-MAY-2024,
OPTSTK,GODREJPROP,30-May-2024,3000.0,PE,300.0,300.0,197.8,197.9,197.9,8,122.27,1900,1900,06-MAY-2024,
OPTSTK,GODREJPROP,30-May-2024,3020.0,PE,214.0,215.45,213.95,214.95,214.95,5,76.81,950,950,06-MAY-2024,
OPTSTK,GODREJPROP,30-May-2024,3040.0,PE,0.0,0.0,0.0,626.15,242.65,0,0.0,0,0,06-MAY-2024,
OPTSTK,GODREJPROP,30-May-2024,3060.0,PE,0.0,0.0,0.0,553.55,257.5,0,0.0,0,0,06-MAY-2024,
OPTSTK,GODREJPROP,30-May-2024,3080.0,PE,0.0,0.0,0.0,661.0,272.6,0,0.0,0,0,06-MAY-2024,
OPTSTK,GODREJPROP,30-May-2024,3100.0,PE,0.0,0.0,0.0,589.15,287.95,0,0.0,0,0,06-MAY-2024,
OPTSTK,GODREJPROP,30-May-2024,3120.0,PE,0.0,0.0,0.0,696.25,303.75,0,0.0,0,0,06-MAY-2024,
OPTSTK,GODREJPROP,30-May-2024,3140.0,PE,0.0,0.0,0.0,625.3,319.85,0,0.0,0,0,06-MAY-2024,
OPTSTK,GODREJPROP,30-May-2024,3160.0,PE,0.0,0.0,0.0,705.8,336.25,0,0.0,0,0,06-MAY-2024,
OPTSTK,GODREJPROP,30-May-2024,3180.0,PE,0.0,0.0,0.0,581.8,352.9,0,0.0,0,0,06-MAY-2024,
OPTSTK,GODREJPROP,30-May-2024,3200.0,PE,0.0,0.0,0.0,768.0,369.85,0,0.0,0,0,06-MAY-2024,
OPTSTK,GODREJPROP,27-Jun-2024,2120.0,CE,0.0,0.0,0.0,305.35,749.9,0,0.0,0,0,06-MAY-2024,
OPTSTK,GODREJPROP,27-Jun-2024,2140.0,CE,0.0,0.0,0.0,484.1,730.9,0,0.0,0,0,06-MAY-2024,
OPTSTK,GODREJPROP,27-Jun-2024,2160.0,CE,0.0,0.0,0.0,280.35,712.05,0,0.0,0,0,06-MAY-2024,
OPTSTK,GODREJPROP,27-Jun-2024,2180.0,CE,0.0,0.0,0.0,450.9,693.35,0,0.0,0,0,06-MAY-2024,
OPTSTK,GODREJPROP,27-Jun-2024,2200.0,CE,0.0,0.0,0.0,256.75,674.7,0,0.0,0,0,06-MAY-2024,
OPTSTK,GODREJPROP,27-Jun-2024,2220.0,CE,0.0,0.0,0.0,418.8,656.25,0,0.0,0,0,06-MAY-2024,
OPTSTK,GODREJPROP,27-Jun-2024,2240.0,CE,0.0,0.0,0.0,234.55,637.9,0,0.0,0,0,06-MAY-2024,
OPTSTK,GODREJPROP,27-Jun-2024,2260.0,CE,0.0,0.0,0.0,387.9,619.7,0,0.0,0,0,06-MAY-2024,
OPTSTK,GODREJPROP,27-Jun-2024,2280.0,CE,0.0,0.0,0.0,213.7,601.7,0,0.0,0,0,06-MAY-2024,
OPTSTK,GODREJPROP,27-Jun-2024,2300.0,CE,0.0,0.0,0.0,358.25,583.85,0,0.0,0,0,06-MAY-2024,
OPTSTK,GODREJPROP,27-Jun-2024,2320.0,CE,0.0,0.0,0.0,194.2,566.2,0,0.0,0,0,06-MAY-2024,
OPTSTK,GODREJPROP,27-Jun-2024,2340.0,CE,0.0,0.0,0.0,329.8,548.75,0,0.0,0,0,06-MAY-2024,
OPTSTK,GODREJPROP,27-Jun-2024,2360.0,CE,0.0,0.0,0.0,176.05,531.5,0,0.0,0,0,06-MAY-2024,
OPTSTK,GODREJPROP,27-Jun-2024,2380.0,CE,0.0,0.0,0.0,302.6,514.5,0,0.0,0,0,06-MAY-2024,
OPTSTK,GODREJPROP,27-Jun-2024,2400.0,CE,0.0,0.0,0.0,159.25,497.7,0,0.0,0,0,06-MAY-2024,
OPTSTK,GODREJPROP,27-Jun-2024,2420.0,CE,0.0,0.0,0.0,276.95,481.15,0,0.0,0,0,06-MAY-2024,
OPTSTK,GODREJPROP,27-Jun-2024,2440.0,CE,0.0,0.0,0.0,143.65,464.85,0,0.0,0,0,06-MAY-2024,
OPTSTK,GODREJPROP,27-Jun-2024,2460.0,CE,0.0,0.0,0.0,252.7,448.8,0,0.0,0,0,06-MAY-2024,
OPTSTK,GODREJPROP,27-Jun-2024,2480.0,CE,0.0,0.0,0.0,129.35,433.0,0,0.0,0,0,06-MAY-2024,
OPTSTK,GODREJPROP,27-Jun-2024,2500.0,CE,392.4,392.4,392.4,392.4,417.5,2,27.47,2375,-475,06-MAY-2024,
OPTSTK,GODREJPROP,27-Jun-2024,2520.0,CE,0.0,0.0,0.0,116.15,402.3,0,0.0,0,0,06-MAY-2024,
OPTSTK,GODREJPROP,27-Jun-2024,2540.0,CE,0.0,0.0,0.0,208.55,387.45,0,0.0,0,0,06-MAY-2024,
OPTSTK,GODREJPROP,27-Jun-2024,2560.0,CE,0.0,0.0,0.0,104.1,372.85,0,0.0,0,0,06-MAY-2024,
OPTSTK,GODREJPROP,27-Jun-2024,2580.0,CE,0.0,0.0,0.0,188.6,358.5,0,0.0,0,0,06-MAY-2024,
OPTSTK,GODREJPROP,27-Jun-2024,2600.0,CE,0.0,0.0,0.0,159.0,344.5,0,0.0,1900,0,06-MAY-2024,
OPTSTK,GODREJPROP,27-Jun-2024,2620.0,CE,0.0,0.0,0.0,170.05,330.7,0,0.0,0,0,06-MAY-2024,
OPTSTK,GODREJPROP,27-Jun-2024,2640.0,CE,0.0,0.0,0.0,83.2,317.35,0,0.0,0,0,06-MAY-2024,
OPTSTK,GODREJPROP,27-Jun-2024,2660.0,CE,248.0,248.0,248.0,248.0,248.0,1,13.81,475,0,06-MAY-2024,
OPTSTK,GODREJPROP,27-Jun-2024,2680.0,CE,0.0,0.0,0.0,74.1,291.65,0,0.0,0,0,06-MAY-2024,
OPTSTK,GODREJPROP,27-Jun-2024,2700.0,CE,192.2,282.0,183.8,282.0,279.3,36,501.21,5225,-475,06-MAY-2024,
OPTSTK,GODREJPROP,27-Jun-2024,2720.0,CE,0.0,0.0,0.0,65.95,267.3,0,0.0,0,0,06-MAY-2024,
OPTSTK,GODREJPROP,27-Jun-2024,2740.0,CE,0.0,0.0,0.0,122.55,255.65,0,0.0,0,0,06-MAY-2024,
OPTSTK,GODREJPROP,27-Jun-2024,2760.0,CE,0.0,0.0,0.0,58.4,244.35,0,0.0,0,0,06-MAY-2024,
OPTSTK,GODREJPROP,27-Jun-2024,2780.0,CE,0.0,0.0,0.0,109.3,233.35,0,0.0,0,0,06-MAY-2024,
OPTSTK,GODREJPROP,27-Jun-2024,2800.0,CE,99.8,230.6,99.8,230.3,230.3,28,398.9,5700,5225,06-MAY-2024,
OPTSTK,GODREJPROP,27-Jun-2024,2820.0,CE,0.0,0.0,0.0,97.2,212.4,0,0.0,0,0,06-MAY-2024,
OPTSTK,GODREJPROP,27-Jun-2024,2840.0,CE,0.0,0.0,0.0,45.75,202.45,0,0.0,0,0,06-MAY-2024,
OPTSTK,GODREJPROP,27-Jun-2024,2860.0,CE,0.0,0.0,0.0,86.2,192.85,0,0.0,0,0,06-MAY-2024,
OPTSTK,GODREJPROP,27-Jun-2024,2880.0,CE,0.0,0.0,0.0,40.35,183.55,0,0.0,0,0,06-MAY-2024,
OPTSTK,GODREJPROP,27-Jun-2024,2900.0,CE,0.0,0.0,0.0,76.4,174.6,0,0.0,0,0,06-MAY-2024,
OPTSTK,GODREJPROP,27-Jun-2024,2920.0,CE,0.0,0.0,0.0,35.55,165.95,0,0.0,0,0,06-MAY-2024,
OPTSTK,GODREJPROP,27-Jun-2024,2940.0,CE,0.0,0.0,0.0,67.45,157.65,0,0.0,0,0,06-MAY-2024,
OPTSTK,GODREJPROP,27-Jun-2024,2960.0,CE,0.0,0.0,0.0,31.3,149.65,0,0.0,0,0,06-MAY-2024,
OPTSTK,GODREJPROP,27-Jun-2024,2980.0,CE,0.0,0.0,0.0,59.3,142.0,0,0.0,0,0,06-MAY-2024,
OPTSTK,GODREJPROP,27-Jun-2024,3000.0,CE,50.0,146.0,50.0,146.0,146.0,34,503.93,8550,8075,06-MAY-2024,
OPTSTK,GODREJPROP,27-Jun-2024,3020.0,CE,0.0,0.0,0.0,52.1,127.55,0,0.0,0,0,06-MAY-2024,
OPTSTK,GODREJPROP,27-Jun-2024,3040.0,CE,0.0,0.0,0.0,24.1,120.75,0,0.0,0,0,06-MAY-2024,
OPTSTK,GODREJPROP,27-Jun-2024,3060.0,CE,0.0,0.0,0.0,45.65,114.3,0,0.0,0,0,06-MAY-2024,
OPTSTK,GODREJPROP,27-Jun-2024,3080.0,CE,0.0,0.0,0.0,31.15,108.1,0,0.0,0,0,06-MAY-2024,
OPTSTK,GODREJPROP,27-Jun-2024,3100.0,CE,0.0,0.0,0.0,39.9,102.15,0,0.0,0,0,06-MAY-2024,
OPTSTK,GODREJPROP,27-Jun-2024,3120.0,CE,0.0,0.0,0.0,18.45,96.45,0,0.0,0,0,06-MAY-2024,
OPTSTK,GODREJPROP,27-Jun-2024,3140.0,CE,0.0,0.0,0.0,34.8,91.05,0,0.0,0,0,06-MAY-2024,
OPTSTK,GODREJPROP,27-Jun-2024,3160.0,CE,0.0,0.0,0.0,38.65,85.9,0,0.0,0,0,06-MAY-2024,
OPTSTK,GODREJPROP,27-Jun-2024,3180.0,CE,0.0,0.0,0.0,30.25,81.15,0,0.0,0,0,06-MAY-2024,
OPTSTK,GODREJPROP,27-Jun-2024,3200.0,CE,0.0,0.0,0.0,14.0,76.45,0,0.0,0,0,06-MAY-2024,
OPTSTK,GODREJPROP,27-Jun-2024,2080.0,PE,12.0,12.0,12.0,12.0,12.0,1,9.93,950,475,06-MAY-2024,
OPTSTK,GODREJPROP,27-Jun-2024,2120.0,PE,0.0,0.0,0.0,87.4,5.25,0,0.0,0,0,06-MAY-2024,
OPTSTK,GODREJPROP,27-Jun-2024,2140.0,PE,0.0,0.0,0.0,25.9,6.05,0,0.0,0,0,06-MAY-2024,
OPTSTK,GODREJPROP,27-Jun-2024,2160.0,PE,0.0,0.0,0.0,101.65,7.0,0,0.0,0,0,06-MAY-2024,
OPTSTK,GODREJPROP,27-Jun-2024,2180.0,PE,0.0,0.0,0.0,32.25,8.05,0,0.0,0,0,06-MAY-2024,
OPTSTK,GODREJPROP,27-Jun-2024,2200.0,PE,0.0,0.0,0.0,117.35,9.25,0,0.0,0,0,06-MAY-2024,
OPTSTK,GODREJPROP,27-Jun-2024,2220.0,PE,0.0,0.0,0.0,39.65,10.55,0,0.0,0,0,06-MAY-2024,
OPTSTK,GODREJPROP,27-Jun-2024,2240.0,PE,0.0,0.0,0.0,134.4,12.0,0,0.0,0,0,06-MAY-2024,
OPTSTK,GODREJPROP,27-Jun-2024,2260.0,PE,0.0,0.0,0.0,48.2,13.65,0,0.0,0,0,06-MAY-2024,
OPTSTK,GODREJPROP,27-Jun-2024,2280.0,PE,0.0,0.0,0.0,152.85,15.4,0,0.0,0,0,06-MAY-2024,
OPTSTK,GODREJPROP,27-Jun-2024,2300.0,PE,40.0,41.5,30.2,30.2,17.35,7,77.74,1900,-475,06-MAY-2024,
OPTSTK,GODREJPROP,27-Jun-2024,2320.0,PE,0.0,0.0,0.0,172.65,19.5,0,0.0,0,0,06-MAY-2024,
OPTSTK,GODREJPROP,27-Jun-2024,2340.0,PE,0.0,0.0,0.0,69.1,21.85,0,0.0,0,0,06-MAY-2024,
OPTSTK,GODREJPROP,27-Jun-2024,2360.0,PE,0.0,0.0,0.0,193.8,24.4,0,0.0,0,0,06-MAY-2024,
OPTSTK,GODREJPROP,27-Jun-2024,2380.0,PE,0.0,0.0,0.0,81.45,27.15,0,0.0,0,0,06-MAY-2024,
OPTSTK,GODREJPROP,27-Jun-2024,2400.0,PE,60.0,62.0,35.8,44.95,30.15,33,383.48,5225,-3325,06-MAY-2024,
OPTSTK,GODREJPROP,27-Jun-2024,2420.0,PE,0.0,0.0,0.0,95.25,33.4,0,0.0,0,0,06-MAY-2024,
OPTSTK,GODREJPROP,27-Jun-2024,2440.0,PE,0.0,0.0,0.0,239.95,36.9,0,0.0,0,0,06-MAY-2024,
OPTSTK,GODREJPROP,27-Jun-2024,2460.0,PE,0.0,0.0,0.0,110.5,40.65,0,0.0,0,0,06-MAY-2024,
OPTSTK,GODREJPROP,27-Jun-2024,2480.0,PE,0.0,0.0,0.0,264.9,44.65,0,0.0,0,0,06-MAY-2024,
OPTSTK,GODREJPROP,27-Jun-2024,2500.0,PE,90.0,90.0,53.0,62.0,48.95,43,523.7,9025,3325,06-MAY-2024,
OPTSTK,GODREJPROP,27-Jun-2024,2520.0,PE,0.0,0.0,0.0,291.0,53.5,0,0.0,0,0,06-MAY-2024,
OPTSTK,GODREJPROP,27-Jun-2024,2540.0,PE,0.0,0.0,0.0,145.35,58.5,0,0.0,0,0,06-MAY-2024,
OPTSTK,GODREJPROP,27-Jun-2024,2560.0,PE,0.0,0.0,0.0,318.25,63.65,0,0.0,0,0,06-MAY-2024,
OPTSTK,GODREJPROP,27-Jun-2024,2580.0,PE,0.0,0.0,0.0,164.9,69.1,0,0.0,0,0,06-MAY-2024,
OPTSTK,GODREJPROP,27-Jun-2024,2600.0,PE,105.0,105.0,76.0,87.95,74.9,30,382.73,7125,7125,06-MAY-2024,
OPTSTK,GODREJPROP,27-Jun-2024,2620.0,PE,0.0,0.0,0.0,185.85,80.9,0,0.0,0,0,06-MAY-2024,
OPTSTK,GODREJPROP,27-Jun-2024,2640.0,PE,0.0,0.0,0.0,375.9,87.35,0,0.0,0,0,06-MAY-2024,
OPTSTK,GODREJPROP,27-Jun-2024,2660.0,PE,0.0,0.0,0.0,208.2,94.15,0,0.0,0,0,06-MAY-2024,
OPTSTK,GODREJPROP,27-Jun-2024,2680.0,PE,0.0,0.0,0.0,406.15,101.25,0,0.0,0,0,06-MAY-2024,
OPTSTK,GODREJPROP,27-Jun-2024,2700.0,PE,138.2,138.2,110.0,119.45,108.7,5,67.05,1425,1425,06-MAY-2024,
OPTSTK,GODREJPROP,27-Jun-2024,2720.0,PE,0.0,0.0,0.0,437.2,116.5,0,0.0,0,0,06-MAY-2024,
OPTSTK,GODREJPROP,27-Jun-2024,2740.0,PE,0.0,0.0,0.0,256.85,124.6,0,0.0,0,0,06-MAY-2024,
OPTSTK,GODREJPROP,27-Jun-2024,2760.0,PE,0.0,0.0,0.0,469.0,133.1,0,0.0,0,0,06-MAY-2024,
OPTSTK,GODREJPROP,27-Jun-2024,2780.0,PE,0.0,0.0,0.0,283.1,141.9,0,0.0,0,0,06-MAY-2024,
OPTSTK,GODREJPROP,27-Jun-2024,2800.0,PE,0.0,0.0,0.0,501.6,151.05,0,0.0,0,0,06-MAY-2024,
OPTSTK,GODREJPROP,27-Jun-2024,2820.0,PE,0.0,0.0,0.0,310.5,160.55,0,0.0,0,0,06-MAY-2024,
OPTSTK,GODREJPROP,27-Jun-2024,2840.0,PE,0.0,0.0,0.0,534.9,170.4,0,0.0,0,0,06-MAY-2024,
OPTSTK,GODREJPROP,27-Jun-2024,2860.0,PE,0.0,0.0,0.0,339.0,180.55,0,0.0,0,0,06-MAY-2024,
OPTSTK,GODREJPROP,27-Jun-2024,2880.0,PE,0.0,0.0,0.0,568.8,191.05,0,0.0,0,0,06-MAY-2024,
OPTSTK,GODREJPROP,27-Jun-2024,2900.0,PE,0.0,0.0,0.0,368.65,201.9,0,0.0,0,0,06-MAY-2024,
OPTSTK,GODREJPROP,27-Jun-2024,2920.0,PE,0.0,0.0,0.0,603.25,213.1,0,0.0,0,0,06-MAY-2024,
OPTSTK,GODREJPROP,27-Jun-2024,2940.0,PE,0.0,0.0,0.0,399.25,224.55,0,0.0,0,0,06-MAY-2024,
OPTSTK,GODREJPROP,27-Jun-2024,2960.0,PE,0.0,0.0,0.0,638.25,236.35,0,0.0,0,0,06-MAY-2024,
OPTSTK,GODREJPROP,27-Jun-2024,2980.0,PE,0.0,0.0,0.0,430.6,248.5,0,0.0,0,0,06-MAY-2024,
OPTSTK,GODREJPROP,27-Jun-2024,3000.0,PE,0.0,0.0,0.0,673.75,260.9,0,0.0,0,0,06-MAY-2024,
OPTSTK,GODREJPROP,27-Jun-2024,3020.0,PE,0.0,0.0,0.0,462.85,273.65,0,0.0,0,0,06-MAY-2024,
OPTSTK,GODREJPROP,27-Jun-2024,3040.0,PE,0.0,0.0,0.0,709.65,286.65,0,0.0,0,0,06-MAY-2024,
OPTSTK,GODREJPROP,27-Jun-2024,3060.0,PE,0.0,0.0,0.0,495.9,299.95,0,0.0,0,0,06-MAY-2024,
OPTSTK,GODREJPROP,27-Jun-2024,3080.0,PE,0.0,0.0,0.0,667.0,313.55,0,0.0,0,0,06-MAY-2024,
OPTSTK,GODREJPROP,27-Jun-2024,3100.0,PE,0.0,0.0,0.0,529.65,327.4,0,0.0,0,0,06-MAY-2024,
OPTSTK,GODREJPROP,27-Jun-2024,3120.0,PE,0.0,0.0,0.0,782.55,341.5,0,0.0,0,0,06-MAY-2024,
OPTSTK,GODREJPROP,27-Jun-2024,3140.0,PE,0.0,0.0,0.0,564.05,355.9,0,0.0,0,0,06-MAY-2024,
OPTSTK,GODREJPROP,27-Jun-2024,3160.0,PE,0.0,0.0,0.0,646.45,370.55,0,0.0,0,0,06-MAY-2024,
OPTSTK,GODREJPROP,27-Jun-2024,3180.0,PE,0.0,0.0,0.0,599.05,385.55,0,0.0,0,0,06-MAY-2024,
OPTSTK,GODREJPROP,27-Jun-2024,3200.0,PE,0.0,0.0,0.0,856.75,400.7,0,0.0,0,0,06-MAY-2024,
OPTSTK,GODREJPROP,25-Jul-2024,2120.0,CE,0.0,0.0,0.0,528.55,770.6,0,0.0,0,0,06-MAY-2024,
OPTSTK,GODREJPROP,25-Jul-2024,2160.0,CE,0.0,0.0,0.0,496.85,734.65,0,0.0,0,0,06-MAY-2024,
OPTSTK,GODREJPROP,25-Jul-2024,2200.0,CE,0.0,0.0,0.0,466.15,699.3,0,0.0,0,0,06-MAY-2024,
OPTSTK,GODREJPROP,25-Jul-2024,2240.0,CE,0.0,0.0,0.0,436.55,664.6,0,0.0,0,0,06-MAY-2024,
OPTSTK,GODREJPROP,25-Jul-2024,2280.0,CE,0.0,0.0,0.0,408.0,630.65,0,0.0,0,0,06-MAY-2024,
OPTSTK,GODREJPROP,25-Jul-2024,2320.0,CE,0.0,0.0,0.0,380.5,597.45,0,0.0,0,0,06-MAY-2024,
OPTSTK,GODREJPROP,25-Jul-2024,2360.0,CE,0.0,0.0,0.0,354.1,565.05,0,0.0,0,0,06-MAY-2024,
OPTSTK,GODREJPROP,25-Jul-2024,2400.0,CE,0.0,0.0,0.0,329.05,533.55,0,0.0,0,0,06-MAY-2024,
OPTSTK,GODREJPROP,25-Jul-2024,2440.0,CE,0.0,0.0,0.0,305.15,502.95,0,0.0,0,0,06-MAY-2024,
OPTSTK,GODREJPROP,25-Jul-2024,2480.0,CE,0.0,0.0,0.0,282.45,473.45,0,0.0,0,0,06-MAY-2024,
OPTSTK,GODREJPROP,25-Jul-2024,2520.0,CE,0.0,0.0,0.0,260.95,444.8,0,0.0,0,0,06-MAY-2024,
OPTSTK,GODREJPROP,25-Jul-2024,2560.0,CE,0.0,0.0,0.0,240.65,417.2,0,0.0,0,0,06-MAY-2024,
OPTSTK,GODREJPROP,25-Jul-2024,2600.0,CE,0.0,0.0,0.0,221.5,390.55,0,0.0,0,0,06-MAY-2024,
OPTSTK,GODREJPROP,25-Jul-2024,2640.0,CE,0.0,0.0,0.0,203.5,365.15,0,0.0,0,0,06-MAY-2024,
OPTSTK,GODREJPROP,25-Jul-2024,2680.0,CE,0.0,0.0,0.0,186.65,340.8,0,0.0,0,0,06-MAY-2024,
OPTSTK,GODREJPROP,25-Jul-2024,2720.0,CE,0.0,0.0,0.0,170.9,317.6,0,0.0,0,0,06-MAY-2024,
OPTSTK,GODREJPROP,25-Jul-2024,2760.0,CE,0.0,0.0,0.0,156.25,295.45,0,0.0,0,0,06-MAY-2024,
OPTSTK,GODREJPROP,25-Jul-2024,2800.0,CE,0.0,0.0,0.0,142.6,274.45,0,0.0,0,0,06-MAY-2024,
OPTSTK,GODREJPROP,25-Jul-2024,2840.0,CE,0.0,0.0,0.0,129.9,254.55,0,0.0,0,0,06-MAY-2024,
OPTSTK,GODREJPROP,25-Jul-2024,2880.0,CE,0.0,0.0,0.0,118.15,235.7,0,0.0,0,0,06-MAY-2024,
OPTSTK,GODREJPROP,25-Jul-2024,2920.0,CE,0.0,0.0,0.0,107.3,217.9,0,0.0,0,0,06-MAY-2024,
OPTSTK,GODREJPROP,25-Jul-2024,2960.0,CE,0.0,0.0,0.0,97.45,201.2,0,0.0,0,0,06-MAY-2024,
OPTSTK,GODREJPROP,25-Jul-2024,3000.0,CE,0.0,0.0,0.0,88.3,185.45,0,0.0,0,0,06-MAY-2024,
OPTSTK,GODREJPROP,25-Jul-2024,3040.0,CE,0.0,0.0,0.0,79.9,170.7,0,0.0,0,0,06-MAY-2024,
OPTSTK,GODREJPROP,25-Jul-2024,3080.0,CE,0.0,0.0,0.0,72.05,156.9,0,0.0,0,0,06-MAY-2024,
OPTSTK,GODREJPROP,25-Jul-2024,3120.0,CE,0.0,0.0,0.0,65.0,144.05,0,0.0,0,0,06-MAY-2024,
OPTSTK,GODREJPROP,25-Jul-2024,3160.0,CE,0.0,0.0,0.0,58.55,132.0,0,0.0,0,0,06-MAY-2024,
OPTSTK,GODREJPROP,25-Jul-2024,3200.0,CE,0.0,0.0,0.0,52.7,120.85,0,0.0,0,0,06-MAY-2024,
OPTSTK,GODREJPROP,25-Jul-2024,2120.0,PE,0.0,0.0,0.0,38.9,14.3,0,0.0,0,0,06-MAY-2024,
OPTSTK,GODREJPROP,25-Jul-2024,2160.0,PE,0.0,0.0,0.0,46.5,17.7,0,0.0,0,0,06-MAY-2024,
OPTSTK,GODREJPROP,25-Jul-2024,2200.0,PE,0.0,0.0,0.0,55.05,21.75,0,0.0,0,0,06-MAY-2024,
OPTSTK,GODREJPROP,25-Jul-2024,2240.0,PE,0.0,0.0,0.0,64.75,26.4,0,0.0,0,0,06-MAY-2024,
OPTSTK,GODREJPROP,25-Jul-2024,2280.0,PE,0.0,0.0,0.0,75.45,31.8,0,0.0,0,0,06-MAY-2024,
OPTSTK,GODREJPROP,25-Jul-2024,2320.0,PE,0.0,0.0,0.0,87.25,37.95,0,0.0,0,0,06-MAY-2024,
OPTSTK,GODREJPROP,25-Jul-2024,2360.0,PE,0.0,0.0,0.0,100.15,44.95,0,0.0,0,0,06-MAY-2024,
OPTSTK,GODREJPROP,25-Jul-2024,2400.0,PE,0.0,0.0,0.0,114.35,52.8,0,0.0,0,0,06-MAY-2024,
OPTSTK,GODREJPROP,25-Jul-2024,2440.0,PE,0.0,0.0,0.0,129.7,61.6,0,0.0,0,0,06-MAY-2024,
OPTSTK,GODREJPROP,25-Jul-2024,2480.0,PE,0.0,0.0,0.0,146.3,71.45,0,0.0,0,0,06-MAY-2024,
OPTSTK,GODREJPROP,25-Jul-2024,2520.0,PE,0.0,0.0,0.0,164.05,82.15,0,0.0,0,0,06-MAY-2024,
OPTSTK,GODREJPROP,25-Jul-2024,2560.0,PE,0.0,0.0,0.0,183.05,93.9,0,0.0,0,0,06-MAY-2024,
OPTSTK,GODREJPROP,25-Jul-2024,2600.0,PE,0.0,0.0,0.0,203.2,106.65,0,0.0,0,0,06-MAY-2024,
OPTSTK,GODREJPROP,25-Jul-2024,2640.0,PE,0.0,0.0,0.0,224.5,120.6,0,0.0,0,0,06-MAY-2024,
OPTSTK,GODREJPROP,25-Jul-2024,2680.0,PE,0.0,0.0,0.0,246.9,135.65,0,0.0,0,0,06-MAY-2024,
OPTSTK,GODREJPROP,25-Jul-2024,2720.0,PE,0.0,0.0,0.0,270.45,151.8,0,0.0,0,0,06-MAY-2024,
OPTSTK,GODREJPROP,25-Jul-2024,2760.0,PE,0.0,0.0,0.0,295.05,169.05,0,0.0,0,0,06-MAY-2024,
OPTSTK,GODREJPROP,25-Jul-2024,2800.0,PE,130.0,130.0,130.0,130.0,187.4,1,6.59,225,225,06-MAY-2024,
OPTSTK,GODREJPROP,25-Jul-2024,2840.0,PE,0.0,0.0,0.0,347.25,206.85,0,0.0,0,0,06-MAY-2024,
OPTSTK,GODREJPROP,25-Jul-2024,2880.0,PE,0.0,0.0,0.0,374.8,227.35,0,0.0,0,0,06-MAY-2024,
OPTSTK,GODREJPROP,25-Jul-2024,2920.0,PE,0.0,0.0,0.0,403.25,248.95,0,0.0,0,0,06-MAY-2024,
OPTSTK,GODREJPROP,25-Jul-2024,2960.0,PE,0.0,0.0,0.0,432.65,271.6,0,0.0,0,0,06-MAY-2024,
OPTSTK,GODREJPROP,25-Jul-2024,3000.0,PE,0.0,0.0,0.0,462.75,295.25,0,0.0,0,0,06-MAY-2024,
OPTSTK,GODREJPROP,25-Jul-2024,3040.0,PE,0.0,0.0,0.0,493.65,319.85,0,0.0,0,0,06-MAY-2024,
OPTSTK,GODREJPROP,25-Jul-2024,3080.0,PE,0.0,0.0,0.0,525.1,345.4,0,0.0,0,0,06-MAY-2024,
OPTSTK,GODREJPROP,25-Jul-2024,3120.0,PE,0.0,0.0,0.0,557.3,371.9,0,0.0,0,0,06-MAY-2024,
OPTSTK,GODREJPROP,25-Jul-2024,3160.0,PE,0.0,0.0,0.0,590.15,399.25,0,0.0,0,0,06-MAY-2024,
OPTSTK,GODREJPROP,25-Jul-2024,3200.0,PE,0.0,0.0,0.0,623.55,427.45,0,0.0,0,0,06-MAY-2024,
OPTSTK,GRANULES,30-May-2024,360.0,CE,0.0,0.0,0.0,67.0,64.7,0,0.0,8000,0,06-MAY-2024,
OPTSTK,GRANULES,30-May-2024,370.0,CE,0.0,0.0,0.0,104.8,55.3,0,0.0,0,0,06-MAY-2024,
OPTSTK,GRANULES,30-May-2024,380.0,CE,0.0,0.0,0.0,45.1,46.3,0,0.0,6000,0,06-MAY-2024,
OPTSTK,GRANULES,30-May-2024,385.0,CE,0.0,0.0,0.0,56.65,42.0,0,0.0,0,0,06-MAY-2024,
OPTSTK,GRANULES,30-May-2024,390.0,CE,38.8,38.85,38.8,38.85,37.9,2,17.15,12000,-2000,06-MAY-2024,
OPTSTK,GRANULES,30-May-2024,395.0,CE,34.7,36.25,34.7,36.25,33.95,3,25.84,4000,2000,06-MAY-2024,
OPTSTK,GRANULES,30-May-2024,400.0,CE,0.0,0.0,0.0,31.9,30.25,0,0.0,26000,0,06-MAY-2024,
OPTSTK,GRANULES,30-May-2024,405.0,CE,0.0,0.0,0.0,27.05,26.7,0,0.0,4000,0,06-MAY-2024,
OPTSTK,GRANULES,30-May-2024,410.0,CE,21.05,24.95,20.65,24.95,23.45,10,86.46,122000,-8000,06-MAY-2024,
OPTSTK,GRANULES,30-May-2024,415.0,CE,17.55,21.4,17.55,21.05,20.45,38,329.62,82000,56000,06-MAY-2024,
OPTSTK,GRANULES,30-May-2024,420.0,CE,17.45,18.8,14.0,18.15,18.15,219,1913.57,686000,-20000,06-MAY-2024,
OPTSTK,GRANULES,30-May-2024,425.0,CE,16.15,16.5,12.25,15.3,15.3,89,783.07,186000,12000,06-MAY-2024,
OPTSTK,GRANULES,30-May-2024,430.0,CE,14.5,14.55,9.7,13.0,13.0,583,5158.6,674000,-2000,06-MAY-2024,
OPTSTK,GRANULES,30-May-2024,435.0,CE,12.15,12.15,8.85,11.25,11.25,44,391.7,84000,4000,06-MAY-2024,
OPTSTK,GRANULES,30-May-2024,440.0,CE,9.55,10.75,7.3,9.4,9.4,244,2190.12,516000,16000,06-MAY-2024,
OPTSTK,GRANULES,30-May-2024,445.0,CE,0.0,0.0,0.0,8.8,7.65,0,0.0,58000,0,06-MAY-2024,
OPTSTK,GRANULES,30-May-2024,450.0,CE,7.3,7.6,5.05,6.85,6.85,228,2081.26,1022000,2000,06-MAY-2024,
OPTSTK,GRANULES,30-May-2024,455.0,CE,4.45,5.95,4.45,5.65,5.2,10,92.02,112000,6000,06-MAY-2024,
OPTSTK,GRANULES,30-May-2024,460.0,CE,5.0,5.05,3.65,4.75,4.75,48,445.89,206000,-4000,06-MAY-2024,
OPTSTK,GRANULES,30-May-2024,465.0,CE,3.5,3.9,3.5,3.9,3.4,4,37.5,38000,8000,06-MAY-2024,
OPTSTK,GRANULES,30-May-2024,470.0,CE,2.8,3.4,2.6,3.1,3.1,40,378.28,174000,-12000,06-MAY-2024,
OPTSTK,GRANULES,30-May-2024,480.0,CE,2.2,2.3,1.8,2.0,1.75,36,347.05,190000,2000,06-MAY-2024,
OPTSTK,GRANULES,30-May-2024,485.0,CE,0.0,0.0,0.0,2.15,1.35,0,0.0,8000,0,06-MAY-2024,
OPTSTK,GRANULES,30-May-2024,490.0,CE,0.0,0.0,0.0,0.8,1.05,0,0.0,12000,0,06-MAY-2024,
OPTSTK,GRANULES,30-May-2024,500.0,CE,1.15,1.15,0.75,0.95,0.65,354,3546.38,928000,330000,06-MAY-2024,
OPTSTK,GRANULES,30-May-2024,510.0,CE,0.55,0.65,0.55,0.65,0.35,3,30.63,130000,-2000,06-MAY-2024,
OPTSTK,GRANULES,30-May-2024,360.0,PE,1.55,2.0,1.05,1.1,1.1,102,737.57,176000,98000,06-MAY-2024,
OPTSTK,GRANULES,30-May-2024,370.0,PE,0.0,0.0,0.0,1.8,1.1,0,0.0,4000,0,06-MAY-2024,
OPTSTK,GRANULES,30-May-2024,375.0,PE,2.2,2.25,2.15,2.25,1.5,3,22.63,18000,-2000,06-MAY-2024,
OPTSTK,GRANULES,30-May-2024,380.0,PE,2.7,3.65,2.55,2.75,2.75,60,459.74,134000,-34000,06-MAY-2024,
OPTSTK,GRANULES,30-May-2024,385.0,PE,0.0,0.0,0.0,3.05,2.75,0,0.0,0,0,06-MAY-2024,
OPTSTK,GRANULES,30-May-2024,390.0,PE,4.0,5.2,3.95,4.25,3.6,8,63.12,136000,2000,06-MAY-2024,
OPTSTK,GRANULES,30-May-2024,395.0,PE,4.6,6.35,4.6,5.1,4.6,26,208.21,32000,6000,06-MAY-2024,
OPTSTK,GRANULES,30-May-2024,400.0,PE,5.85,7.75,5.5,6.15,6.15,217,1763.99,404000,20000,06-MAY-2024,
OPTSTK,GRANULES,30-May-2024,405.0,PE,8.6,9.1,7.0,7.1,7.35,13,107.38,34000,0,06-MAY-2024,
OPTSTK,GRANULES,30-May-2024,410.0,PE,8.45,10.5,8.05,9.1,9.1,104,872.03,444000,52000,06-MAY-2024,
OPTSTK,GRANULES,30-May-2024,415.0,PE,10.3,12.1,9.5,10.95,10.95,38,323.69,88000,34000,06-MAY-2024,
OPTSTK,GRANULES,30-May-2024,420.0,PE,11.45,15.0,11.45,13.0,13.0,63,545.53,756000,14000,06-MAY-2024,
OPTSTK,GRANULES,30-May-2024,425.0,PE,14.3,17.15,14.15,15.7,15.7,36,317.11,116000,26000,06-MAY-2024,
OPTSTK,GRANULES,30-May-2024,430.0,PE,19.85,20.5,16.75,16.75,18.45,21,188.3,196000,4000,06-MAY-2024,
OPTSTK,GRANULES,30-May-2024,435.0,PE,21.2,21.2,19.75,19.75,21.45,6,54.67,14000,2000,06-MAY-2024,
OPTSTK,GRANULES,30-May-2024,440.0,PE,22.15,22.15,22.15,22.15,24.65,1,9.24,126000,-2000,06-MAY-2024,
OPTSTK,GRANULES,30-May-2024,445.0,PE,0.0,0.0,0.0,25.4,28.1,0,0.0,4000,0,06-MAY-2024,
OPTSTK,GRANULES,30-May-2024,450.0,PE,0.0,0.0,0.0,30.2,31.75,0,0.0,108000,0,06-MAY-2024,
OPTSTK,GRANULES,30-May-2024,455.0,PE,0.0,0.0,0.0,35.0,35.6,0,0.0,12000,0,06-MAY-2024,
OPTSTK,GRANULES,30-May-2024,460.0,PE,0.0,0.0,0.0,39.0,39.6,0,0.0,18000,0,06-MAY-2024,
OPTSTK,GRANULES,30-May-2024,465.0,PE,0.0,0.0,0.0,39.45,43.75,0,0.0,8000,0,06-MAY-2024,
OPTSTK,GRANULES,30-May-2024,470.0,PE,0.0,0.0,0.0,45.8,48.05,0,0.0,4000,0,06-MAY-2024,
OPTSTK,GRANULES,30-May-2024,480.0,PE,0.0,0.0,0.0,55.5,57.0,0,0.0,2000,0,06-MAY-2024,
OPTSTK,GRANULES,30-May-2024,500.0,PE,76.0,76.0,76.0,76.0,76.0,1,11.52,10000,2000,06-MAY-2024,
OPTSTK,GRANULES,27-Jun-2024,360.0,CE,0.0,0.0,0.0,81.45,68.8,0,0.0,0,0,06-MAY-2024,
OPTSTK,GRANULES,27-Jun-2024,370.0,CE,0.0,0.0,0.0,73.4,60.25,0,0.0,0,0,06-MAY-2024,
OPTSTK,GRANULES,27-Jun-2024,380.0,CE,0.0,0.0,0.0,65.7,52.2,0,0.0,0,0,06-MAY-2024,
OPTSTK,GRANULES,27-Jun-2024,385.0,CE,0.0,0.0,0.0,47.45,48.35,0,0.0,0,0,06-MAY-2024,
OPTSTK,GRANULES,27-Jun-2024,390.0,CE,0.0,0.0,0.0,58.5,44.7,0,0.0,0,0,06-MAY-2024,
OPTSTK,GRANULES,27-Jun-2024,395.0,CE,0.0,0.0,0.0,40.7,41.15,0,0.0,0,0,06-MAY-2024,
OPTSTK,GRANULES,27-Jun-2024,400.0,CE,0.0,0.0,0.0,39.95,37.8,0,0.0,2000,0,06-MAY-2024,
OPTSTK,GRANULES,27-Jun-2024,405.0,CE,0.0,0.0,0.0,34.6,34.6,0,0.0,0,0,06-MAY-2024,
OPTSTK,GRANULES,27-Jun-2024,410.0,CE,0.0,0.0,0.0,45.5,31.6,0,0.0,0,0,06-MAY-2024,
OPTSTK,GRANULES,27-Jun-2024,415.0,CE,0.0,0.0,0.0,29.15,28.75,0,0.0,0,0,06-MAY-2024,
OPTSTK,GRANULES,27-Jun-2024,420.0,CE,28.5,30.0,25.15,29.7,29.7,14,125.5,36000,22000,06-MAY-2024,
OPTSTK,GRANULES,27-Jun-2024,425.0,CE,0.0,0.0,0.0,24.3,23.6,0,0.0,0,0,06-MAY-2024,
OPTSTK,GRANULES,27-Jun-2024,430.0,CE,24.0,25.3,20.8,25.25,25.25,32,290.11,170000,14000,06-MAY-2024,
OPTSTK,GRANULES,27-Jun-2024,435.0,CE,0.0,0.0,0.0,20.05,19.15,0,0.0,0,0,06-MAY-2024,
OPTSTK,GRANULES,27-Jun-2024,440.0,CE,19.9,20.2,19.7,20.0,17.15,8,73.57,66000,6000,06-MAY-2024,
OPTSTK,GRANULES,27-Jun-2024,445.0,CE,0.0,0.0,0.0,16.4,15.3,0,0.0,0,0,06-MAY-2024,
OPTSTK,GRANULES,27-Jun-2024,450.0,CE,16.15,18.25,13.55,17.1,17.1,66,615.29,156000,78000,06-MAY-2024,
OPTSTK,GRANULES,27-Jun-2024,455.0,CE,0.0,0.0,0.0,13.3,12.1,0,0.0,0,0,06-MAY-2024,
OPTSTK,GRANULES,27-Jun-2024,460.0,CE,0.0,0.0,0.0,13.0,10.75,0,0.0,26000,0,06-MAY-2024,
OPTSTK,GRANULES,27-Jun-2024,465.0,CE,0.0,0.0,0.0,10.7,9.5,0,0.0,0,0,06-MAY-2024,
OPTSTK,GRANULES,27-Jun-2024,470.0,CE,0.0,0.0,0.0,18.55,8.35,0,0.0,0,0,06-MAY-2024,
OPTSTK,GRANULES,27-Jun-2024,480.0,CE,0.0,0.0,0.0,15.7,6.4,0,0.0,0,0,06-MAY-2024,
OPTSTK,GRANULES,27-Jun-2024,360.0,PE,0.0,0.0,0.0,4.9,2.6,0,0.0,0,0,06-MAY-2024,
OPTSTK,GRANULES,27-Jun-2024,370.0,PE,0.0,0.0,0.0,6.6,3.95,0,0.0,0,0,06-MAY-2024,
OPTSTK,GRANULES,27-Jun-2024,380.0,PE,0.0,0.0,0.0,8.75,5.8,0,0.0,0,0,06-MAY-2024,
OPTSTK,GRANULES,27-Jun-2024,385.0,PE,0.0,0.0,0.0,9.65,6.9,0,0.0,0,0,06-MAY-2024,
OPTSTK,GRANULES,27-Jun-2024,390.0,PE,0.0,0.0,0.0,11.4,8.2,0,0.0,0,0,06-MAY-2024,
OPTSTK,GRANULES,27-Jun-2024,395.0,PE,0.0,0.0,0.0,12.8,9.6,0,0.0,0,0,06-MAY-2024,
OPTSTK,GRANULES,27-Jun-2024,400.0,PE,11.0,13.75,11.0,13.5,13.5,67,553.08,120000,102000,06-MAY-2024,
OPTSTK,GRANULES,27-Jun-2024,405.0,PE,0.0,0.0,0.0,16.6,12.95,0,0.0,0,0,06-MAY-2024,
OPTSTK,GRANULES,27-Jun-2024,410.0,PE,16.5,17.0,16.5,17.0,14.9,2,17.07,8000,4000,06-MAY-2024,
OPTSTK,GRANULES,27-Jun-2024,415.0,PE,0.0,0.0,0.0,21.0,17.0,0,0.0,0,0,06-MAY-2024,
OPTSTK,GRANULES,27-Jun-2024,420.0,PE,21.5,21.5,21.5,21.5,19.25,1,8.83,8000,2000,06-MAY-2024,
OPTSTK,GRANULES,27-Jun-2024,425.0,PE,0.0,0.0,0.0,26.0,21.7,0,0.0,0,0,06-MAY-2024,
OPTSTK,GRANULES,27-Jun-2024,430.0,PE,0.0,0.0,0.0,24.05,24.35,0,0.0,44000,0,06-MAY-2024,
OPTSTK,GRANULES,27-Jun-2024,435.0,PE,0.0,0.0,0.0,31.65,27.15,0,0.0,0,0,06-MAY-2024,
OPTSTK,GRANULES,27-Jun-2024,440.0,PE,0.0,0.0,0.0,28.65,30.1,0,0.0,50000,0,06-MAY-2024,
OPTSTK,GRANULES,27-Jun-2024,445.0,PE,0.0,0.0,0.0,37.85,33.25,0,0.0,0,0,06-MAY-2024,
OPTSTK,GRANULES,27-Jun-2024,450.0,PE,34.0,38.0,34.0,37.25,37.25,31,301.74,112000,62000,06-MAY-2024,
OPTSTK,GRANULES,27-Jun-2024,455.0,PE,0.0,0.0,0.0,44.65,39.95,0,0.0,0,0,06-MAY-2024,
OPTSTK,GRANULES,27-Jun-2024,460.0,PE,0.0,0.0,0.0,43.5,43.5,0,0.0,0,0,06-MAY-2024,
OPTSTK,GRANULES,27-Jun-2024,465.0,PE,0.0,0.0,0.0,51.9,47.2,0,0.0,0,0,06-MAY-2024,
OPTSTK,GRANULES,27-Jun-2024,470.0,PE,0.0,0.0,0.0,50.0,51.0,0,0.0,0,0,06-MAY-2024,
OPTSTK,GRANULES,27-Jun-2024,480.0,PE,0.0,0.0,0.0,56.95,58.95,0,0.0,0,0,06-MAY-2024,
OPTSTK,GRANULES,25-Jul-2024,360.0,CE,0.0,0.0,0.0,71.1,73.05,0,0.0,0,0,06-MAY-2024,
OPTSTK,GRANULES,25-Jul-2024,380.0,CE,0.0,0.0,0.0,56.35,57.55,0,0.0,0,0,06-MAY-2024,
OPTSTK,GRANULES,25-Jul-2024,390.0,CE,0.0,0.0,0.0,49.65,50.5,0,0.0,0,0,06-MAY-2024,
OPTSTK,GRANULES,25-Jul-2024,400.0,CE,0.0,0.0,0.0,43.5,44.0,0,0.0,0,0,06-MAY-2024,
OPTSTK,GRANULES,25-Jul-2024,410.0,CE,0.0,0.0,0.0,37.9,38.05,0,0.0,0,0,06-MAY-2024,
OPTSTK,GRANULES,25-Jul-2024,420.0,CE,0.0,0.0,0.0,32.8,32.65,0,0.0,0,0,06-MAY-2024,
OPTSTK,GRANULES,25-Jul-2024,430.0,CE,0.0,0.0,0.0,28.2,27.8,0,0.0,0,0,06-MAY-2024,
OPTSTK,GRANULES,25-Jul-2024,440.0,CE,0.0,0.0,0.0,24.1,23.55,0,0.0,0,0,06-MAY-2024,
OPTSTK,GRANULES,25-Jul-2024,450.0,CE,0.0,0.0,0.0,20.5,19.75,0,0.0,0,0,06-MAY-2024,
OPTSTK,GRANULES,25-Jul-2024,460.0,CE,0.0,0.0,0.0,17.3,16.5,0,0.0,0,0,06-MAY-2024,
OPTSTK,GRANULES,25-Jul-2024,480.0,CE,0.0,0.0,0.0,12.2,11.25,0,0.0,0,0,06-MAY-2024,
OPTSTK,GRANULES,25-Jul-2024,360.0,PE,0.0,0.0,0.0,6.65,4.9,0,0.0,0,0,06-MAY-2024,
OPTSTK,GRANULES,25-Jul-2024,380.0,PE,0.0,0.0,0.0,11.55,9.05,0,0.0,0,0,06-MAY-2024,
OPTSTK,GRANULES,25-Jul-2024,390.0,PE,0.0,0.0,0.0,14.65,11.8,0,0.0,0,0,06-MAY-2024,
OPTSTK,GRANULES,25-Jul-2024,400.0,PE,0.0,0.0,0.0,18.35,15.15,0,0.0,0,0,06-MAY-2024,
OPTSTK,GRANULES,25-Jul-2024,410.0,PE,0.0,0.0,0.0,22.55,19.05,0,0.0,0,0,06-MAY-2024,
OPTSTK,GRANULES,25-Jul-2024,420.0,PE,0.0,0.0,0.0,27.25,23.5,0,0.0,0,0,06-MAY-2024,
OPTSTK,GRANULES,25-Jul-2024,430.0,PE,0.0,0.0,0.0,32.5,28.5,0,0.0,0,0,06-MAY-2024,
OPTSTK,GRANULES,25-Jul-2024,440.0,PE,0.0,0.0,0.0,38.2,34.05,0,0.0,0,0,06-MAY-2024,
OPTSTK,GRANULES,25-Jul-2024,450.0,PE,0.0,0.0,0.0,44.4,40.15,0,0.0,0,0,06-MAY-2024,
OPTSTK,GRANULES,25-Jul-2024,460.0,PE,0.0,0.0,0.0,51.05,46.7,0,0.0,0,0,06-MAY-2024,
OPTSTK,GRANULES,25-Jul-2024,480.0,PE,0.0,0.0,0.0,65.55,61.2,0,0.0,0,0,06-MAY-2024,
OPTSTK,GRASIM,30-May-2024,2000.0,CE,0.0,0.0,0.0,240.0,462.55,0,0.0,477,0,06-MAY-2024,
OPTSTK,GRASIM,30-May-2024,2040.0,CE,0.0,0.0,0.0,229.25,422.8,0,0.0,0,0,06-MAY-2024,
OPTSTK,GRASIM,30-May-2024,2080.0,CE,0.0,0.0,0.0,201.45,383.2,0,0.0,0,0,06-MAY-2024,
OPTSTK,GRASIM,30-May-2024,2100.0,CE,0.0,0.0,0.0,298.0,363.5,0,0.0,14310,0,06-MAY-2024,
OPTSTK,GRASIM,30-May-2024,2120.0,CE,0.0,0.0,0.0,175.75,343.85,0,0.0,0,0,06-MAY-2024,
OPTSTK,GRASIM,30-May-2024,2140.0,CE,0.0,0.0,0.0,204.55,324.3,0,0.0,0,0,06-MAY-2024,
OPTSTK,GRASIM,30-May-2024,2160.0,CE,0.0,0.0,0.0,152.2,304.9,0,0.0,0,0,06-MAY-2024,
OPTSTK,GRASIM,30-May-2024,2180.0,CE,0.0,0.0,0.0,175.85,285.65,0,0.0,0,0,06-MAY-2024,
OPTSTK,GRASIM,30-May-2024,2200.0,CE,0.0,0.0,0.0,280.0,266.7,0,0.0,30051,0,06-MAY-2024,
OPTSTK,GRASIM,30-May-2024,2220.0,CE,0.0,0.0,0.0,160.85,248.0,0,0.0,477,0,06-MAY-2024,
OPTSTK,GRASIM,30-May-2024,2240.0,CE,0.0,0.0,0.0,152.0,229.6,0,0.0,954,0,06-MAY-2024,
OPTSTK,GRASIM,30-May-2024,2260.0,CE,0.0,0.0,0.0,165.85,211.7,0,0.0,1431,0,06-MAY-2024,
OPTSTK,GRASIM,30-May-2024,2280.0,CE,0.0,0.0,0.0,168.6,194.2,0,0.0,3816,0,06-MAY-2024,
OPTSTK,GRASIM,30-May-2024,2300.0,CE,190.0,190.0,162.0,172.0,172.0,11,129.76,67734,-1431,06-MAY-2024,
OPTSTK,GRASIM,30-May-2024,2320.0,CE,148.0,159.35,148.0,153.1,161.0,9,106.18,80613,-954,06-MAY-2024,
OPTSTK,GRASIM,30-May-2024,2340.0,CE,0.0,0.0,0.0,143.85,145.4,0,0.0,41499,0,06-MAY-2024,
OPTSTK,GRASIM,30-May-2024,2360.0,CE,142.0,142.0,115.75,121.0,121.0,16,189.94,58671,-1431,06-MAY-2024,
OPTSTK,GRASIM,30-May-2024,2380.0,CE,101.1,115.0,97.1,107.4,107.4,91,1078.54,47700,-6678,06-MAY-2024,
OPTSTK,GRASIM,30-May-2024,2400.0,CE,109.85,109.9,85.5,93.05,93.05,123,1463.68,175059,-2862,06-MAY-2024,
OPTSTK,GRASIM,30-May-2024,2420.0,CE,85.0,90.0,75.0,80.8,80.8,21,250.64,42930,-1431,06-MAY-2024,
OPTSTK,GRASIM,30-May-2024,2440.0,CE,80.4,81.45,59.75,68.35,68.35,246,2945.07,66303,2862,06-MAY-2024,
OPTSTK,GRASIM,30-May-2024,2460.0,CE,82.1,82.1,50.9,57.85,57.85,535,6430.7,86337,13356,06-MAY-2024,
OPTSTK,GRASIM,30-May-2024,2480.0,CE,59.65,62.0,41.0,47.3,47.3,379,4575.61,92538,477,06-MAY-2024,
OPTSTK,GRASIM,30-May-2024,2500.0,CE,49.0,52.9,33.5,39.65,39.65,1230,14905.26,917271,-5247,06-MAY-2024,
OPTSTK,GRASIM,30-May-2024,2520.0,CE,41.3,43.0,28.3,32.0,32.0,246,2998.86,282384,477,06-MAY-2024,
OPTSTK,GRASIM,30-May-2024,2540.0,CE,34.55,37.1,22.05,26.65,26.65,346,4238.41,81090,-18603,06-MAY-2024,
OPTSTK,GRASIM,30-May-2024,2560.0,CE,28.85,31.2,18.0,21.5,21.5,255,3141.93,163134,10017,06-MAY-2024,
OPTSTK,GRASIM,30-May-2024,2580.0,CE,20.75,21.8,15.5,17.6,17.6,159,1970.55,48177,17172,06-MAY-2024,
OPTSTK,GRASIM,30-May-2024,2600.0,CE,20.55,20.65,12.15,14.65,14.65,695,8670.24,271890,-5724,06-MAY-2024,
OPTSTK,GRASIM,30-May-2024,2620.0,CE,16.95,16.95,10.35,11.75,11.75,94,1180.66,17172,5724,06-MAY-2024,
OPTSTK,GRASIM,30-May-2024,2640.0,CE,14.5,14.5,8.1,9.5,9.5,85,1074.57,44361,-1431,06-MAY-2024,
OPTSTK,GRASIM,30-May-2024,2660.0,CE,9.55,9.55,6.7,9.35,11.8,40,509.07,9063,2862,06-MAY-2024,
OPTSTK,GRASIM,30-May-2024,2680.0,CE,9.5,10.5,5.4,6.25,6.25,333,4267.95,145008,-5724,06-MAY-2024,
OPTSTK,GRASIM,30-May-2024,2700.0,CE,9.75,9.75,4.5,5.2,5.2,105,1355.18,13833,13833,06-MAY-2024,
OPTSTK,GRASIM,30-May-2024,2720.0,CE,7.0,7.0,3.75,4.5,4.5,361,4691.86,78228,5247,06-MAY-2024,
OPTSTK,GRASIM,30-May-2024,2760.0,CE,4.15,4.15,2.35,3.0,3.0,51,672.16,10494,1908,06-MAY-2024,
OPTSTK,GRASIM,30-May-2024,2800.0,CE,0.0,0.0,0.0,5.7,2.25,0,0.0,0,0,06-MAY-2024,
OPTSTK,GRASIM,30-May-2024,2000.0,PE,1.8,1.8,0.9,1.55,0.05,6,57.28,7155,0,06-MAY-2024,
OPTSTK,GRASIM,30-May-2024,2040.0,PE,0.0,0.0,0.0,40.8,0.15,0,0.0,0,0,06-MAY-2024,
OPTSTK,GRASIM,30-May-2024,2060.0,PE,0.0,0.0,0.0,1.0,0.25,0,0.0,15264,0,06-MAY-2024,
OPTSTK,GRASIM,30-May-2024,2080.0,PE,0.0,0.0,0.0,52.25,0.35,0,0.0,0,0,06-MAY-2024,
OPTSTK,GRASIM,30-May-2024,2100.0,PE,2.0,3.1,2.0,2.3,2.3,103,1033.02,107325,-954,06-MAY-2024,
OPTSTK,GRASIM,30-May-2024,2120.0,PE,0.0,0.0,0.0,4.65,0.8,0,0.0,5724,0,06-MAY-2024,
OPTSTK,GRASIM,30-May-2024,2140.0,PE,4.1,4.1,4.1,4.1,1.15,3,30.68,21465,0,06-MAY-2024,
OPTSTK,GRASIM,30-May-2024,2160.0,PE,0.0,0.0,0.0,81.55,1.7,0,0.0,0,0,06-MAY-2024,
OPTSTK,GRASIM,30-May-2024,2180.0,PE,2.1,5.15,2.1,4.5,4.5,92,958.71,39114,10971,06-MAY-2024,
OPTSTK,GRASIM,30-May-2024,2200.0,PE,4.1,7.05,4.1,5.75,5.75,703,7396.5,244224,-5724,06-MAY-2024,
OPTSTK,GRASIM,30-May-2024,2220.0,PE,4.4,8.0,4.4,6.55,6.55,45,477.97,26235,-6201,06-MAY-2024,
OPTSTK,GRASIM,30-May-2024,2240.0,PE,5.45,9.6,5.45,7.8,7.8,46,493.13,25281,-3816,06-MAY-2024,
OPTSTK,GRASIM,30-May-2024,2260.0,PE,6.65,11.55,6.15,9.5,9.5,1084,11734.83,68211,13356,06-MAY-2024,
OPTSTK,GRASIM,30-May-2024,2280.0,PE,7.95,13.15,7.3,11.2,11.2,98,1070.51,12879,0,06-MAY-2024,
OPTSTK,GRASIM,30-May-2024,2300.0,PE,9.9,16.55,8.65,13.75,13.75,467,5150.16,136899,-2862,06-MAY-2024,
OPTSTK,GRASIM,30-May-2024,2320.0,PE,10.9,19.35,10.8,16.95,16.95,226,2516.47,61533,15264,06-MAY-2024,
OPTSTK,GRASIM,30-May-2024,2340.0,PE,13.55,23.45,12.85,20.25,20.25,134,1507.34,51039,3339,06-MAY-2024,
OPTSTK,GRASIM,30-May-2024,2360.0,PE,18.0,28.65,16.2,24.4,24.4,353,4009.41,86337,-2385,06-MAY-2024,
OPTSTK,GRASIM,30-May-2024,2380.0,PE,20.5,34.4,19.75,30.05,30.05,138,1584.52,49131,6201,06-MAY-2024,
OPTSTK,GRASIM,30-May-2024,2400.0,PE,26.7,40.85,23.6,36.45,36.45,1389,16121.55,312435,127359,06-MAY-2024,
OPTSTK,GRASIM,30-May-2024,2420.0,PE,30.0,48.25,29.8,43.7,43.7,126,1478.31,53901,-1431,06-MAY-2024,
OPTSTK,GRASIM,30-May-2024,2440.0,PE,39.4,56.9,35.8,51.35,51.35,478,5668.93,75843,3816,06-MAY-2024,
OPTSTK,GRASIM,30-May-2024,2460.0,PE,47.3,65.0,43.45,59.95,59.95,613,7353.78,82044,3816,06-MAY-2024,
OPTSTK,GRASIM,30-May-2024,2480.0,PE,56.35,75.0,53.55,70.35,70.35,340,4126.63,29097,-21942,06-MAY-2024,
OPTSTK,GRASIM,30-May-2024,2500.0,PE,68.3,86.9,62.0,81.55,81.55,155,1903.64,46746,-5247,06-MAY-2024,
OPTSTK,GRASIM,30-May-2024,2520.0,PE,94.25,94.25,81.2,81.2,99.05,4,49.69,3339,477,06-MAY-2024,
OPTSTK,GRASIM,30-May-2024,2540.0,PE,96.0,96.0,96.0,96.0,112.2,1,12.57,1908,-477,06-MAY-2024,
OPTSTK,GRASIM,30-May-2024,2560.0,PE,0.0,0.0,0.0,112.7,126.2,0,0.0,1908,0,06-MAY-2024,
OPTSTK,GRASIM,30-May-2024,2580.0,PE,0.0,0.0,0.0,196.45,141.05,0,0.0,954,0,06-MAY-2024,
OPTSTK,GRASIM,30-May-2024,2600.0,PE,141.0,141.0,140.0,140.0,156.4,7,91.51,4293,-477,06-MAY-2024,
OPTSTK,GRASIM,30-May-2024,2620.0,PE,0.0,0.0,0.0,316.4,172.45,0,0.0,0,0,06-MAY-2024,
OPTSTK,GRASIM,30-May-2024,2640.0,PE,0.0,0.0,0.0,415.85,189.1,0,0.0,0,0,06-MAY-2024,
OPTSTK,GRASIM,30-May-2024,2660.0,PE,0.0,0.0,0.0,352.0,206.3,0,0.0,0,0,06-MAY-2024,
OPTSTK,GRASIM,30-May-2024,2680.0,PE,0.0,0.0,0.0,451.95,223.9,0,0.0,0,0,06-MAY-2024,
OPTSTK,GRASIM,30-May-2024,2700.0,PE,0.0,0.0,0.0,388.45,241.9,0,0.0,0,0,06-MAY-2024,
OPTSTK,GRASIM,30-May-2024,2720.0,PE,0.0,0.0,0.0,488.6,260.25,0,0.0,0,0,06-MAY-2024,
OPTSTK,GRASIM,30-May-2024,2760.0,PE,0.0,0.0,0.0,525.8,297.75,0,0.0,0,0,06-MAY-2024,
OPTSTK,GRASIM,30-May-2024,2800.0,PE,0.0,0.0,0.0,563.45,336.1,0,0.0,0,0,06-MAY-2024,
OPTSTK,GRASIM,27-Jun-2024,2040.0,CE,0.0,0.0,0.0,305.5,436.6,0,0.0,0,0,06-MAY-2024,
OPTSTK,GRASIM,27-Jun-2024,2080.0,CE,0.0,0.0,0.0,273.6,398.55,0,0.0,0,0,06-MAY-2024,
OPTSTK,GRASIM,27-Jun-2024,2120.0,CE,0.0,0.0,0.0,243.35,361.15,0,0.0,0,0,06-MAY-2024,
OPTSTK,GRASIM,27-Jun-2024,2140.0,CE,0.0,0.0,0.0,274.3,342.85,0,0.0,0,0,06-MAY-2024,
OPTSTK,GRASIM,27-Jun-2024,2160.0,CE,0.0,0.0,0.0,214.85,324.8,0,0.0,0,0,06-MAY-2024,
OPTSTK,GRASIM,27-Jun-2024,2180.0,CE,0.0,0.0,0.0,242.3,307.05,0,0.0,0,0,06-MAY-2024,
OPTSTK,GRASIM,27-Jun-2024,2200.0,CE,0.0,0.0,0.0,188.4,289.6,0,0.0,0,0,06-MAY-2024,
OPTSTK,GRASIM,27-Jun-2024,2220.0,CE,0.0,0.0,0.0,212.25,272.6,0,0.0,0,0,06-MAY-2024,
OPTSTK,GRASIM,27-Jun-2024,2240.0,CE,0.0,0.0,0.0,164.0,255.95,0,0.0,0,0,06-MAY-2024,
OPTSTK,GRASIM,27-Jun-2024,2260.0,CE,0.0,0.0,0.0,184.05,239.75,0,0.0,0,0,06-MAY-2024,
OPTSTK,GRASIM,27-Jun-2024,2280.0,CE,0.0,0.0,0.0,141.75,224.05,0,0.0,0,0,06-MAY-2024,
OPTSTK,GRASIM,27-Jun-2024,2300.0,CE,0.0,0.0,0.0,158.25,208.85,0,0.0,0,0,06-MAY-2024,
OPTSTK,GRASIM,27-Jun-2024,2320.0,CE,0.0,0.0,0.0,121.6,194.25,0,0.0,0,0,06-MAY-2024,
OPTSTK,GRASIM,27-Jun-2024,2340.0,CE,0.0,0.0,0.0,134.75,180.0,0,0.0,0,0,06-MAY-2024,
OPTSTK,GRASIM,27-Jun-2024,2360.0,CE,0.0,0.0,0.0,103.5,166.5,0,0.0,0,0,06-MAY-2024,
OPTSTK,GRASIM,27-Jun-2024,2380.0,CE,0.0,0.0,0.0,113.65,153.55,0,0.0,0,0,06-MAY-2024,
OPTSTK,GRASIM,27-Jun-2024,2400.0,CE,0.0,0.0,0.0,145.7,141.25,0,0.0,1431,0,06-MAY-2024,
OPTSTK,GRASIM,27-Jun-2024,2420.0,CE,0.0,0.0,0.0,94.9,129.55,0,0.0,0,0,06-MAY-2024,
OPTSTK,GRASIM,27-Jun-2024,2440.0,CE,0.0,0.0,0.0,73.4,118.55,0,0.0,0,0,06-MAY-2024,
OPTSTK,GRASIM,27-Jun-2024,2460.0,CE,0.0,0.0,0.0,78.5,108.1,0,0.0,0,0,06-MAY-2024,
OPTSTK,GRASIM,27-Jun-2024,2480.0,CE,0.0,0.0,0.0,61.15,98.35,0,0.0,0,0,06-MAY-2024,
OPTSTK,GRASIM,27-Jun-2024,2500.0,CE,100.0,100.0,100.0,100.0,89.2,1,12.4,954,-477,06-MAY-2024,
OPTSTK,GRASIM,27-Jun-2024,2520.0,CE,0.0,0.0,0.0,50.65,80.65,0,0.0,0,0,06-MAY-2024,
OPTSTK,GRASIM,27-Jun-2024,2540.0,CE,0.0,0.0,0.0,52.15,72.75,0,0.0,0,0,06-MAY-2024,
OPTSTK,GRASIM,27-Jun-2024,2560.0,CE,0.0,0.0,0.0,41.55,65.4,0,0.0,0,0,06-MAY-2024,
OPTSTK,GRASIM,27-Jun-2024,2580.0,CE,0.0,0.0,0.0,42.0,58.65,0,0.0,0,0,06-MAY-2024,
OPTSTK,GRASIM,27-Jun-2024,2600.0,CE,0.0,0.0,0.0,33.9,52.4,0,0.0,0,0,06-MAY-2024,
OPTSTK,GRASIM,27-Jun-2024,2620.0,CE,0.0,0.0,0.0,33.35,46.75,0,0.0,0,0,06-MAY-2024,
OPTSTK,GRASIM,27-Jun-2024,2640.0,CE,0.0,0.0,0.0,27.45,41.65,0,0.0,0,0,06-MAY-2024,
OPTSTK,GRASIM,27-Jun-2024,2660.0,CE,0.0,0.0,0.0,26.3,36.95,0,0.0,0,0,06-MAY-2024,
OPTSTK,GRASIM,27-Jun-2024,2680.0,CE,0.0,0.0,0.0,22.1,32.6,0,0.0,0,0,06-MAY-2024,
OPTSTK,GRASIM,27-Jun-2024,2700.0,CE,0.0,0.0,0.0,20.55,28.75,0,0.0,0,0,06-MAY-2024,
OPTSTK,GRASIM,27-Jun-2024,2720.0,CE,0.0,0.0,0.0,17.7,25.25,0,0.0,0,0,06-MAY-2024,
OPTSTK,GRASIM,27-Jun-2024,2760.0,CE,0.0,0.0,0.0,14.05,19.35,0,0.0,0,0,06-MAY-2024,
OPTSTK,GRASIM,27-Jun-2024,2800.0,CE,0.0,0.0,0.0,11.1,14.7,0,0.0,0,0,06-MAY-2024,
OPTSTK,GRASIM,27-Jun-2024,2040.0,PE,0.0,0.0,0.0,21.75,2.35,0,0.0,0,0,06-MAY-2024,
OPTSTK,GRASIM,27-Jun-2024,2080.0,PE,0.0,0.0,0.0,29.1,3.85,0,0.0,0,0,06-MAY-2024,
OPTSTK,GRASIM,27-Jun-2024,2120.0,PE,0.0,0.0,0.0,38.15,6.1,0,0.0,0,0,06-MAY-2024,
OPTSTK,GRASIM,27-Jun-2024,2140.0,PE,0.0,0.0,0.0,20.05,7.55,0,0.0,0,0,06-MAY-2024,
OPTSTK,GRASIM,27-Jun-2024,2160.0,PE,0.0,0.0,0.0,48.95,9.3,0,0.0,0,0,06-MAY-2024,
OPTSTK,GRASIM,27-Jun-2024,2180.0,PE,0.0,0.0,0.0,27.5,11.3,0,0.0,0,0,06-MAY-2024,
OPTSTK,GRASIM,27-Jun-2024,2200.0,PE,20.7,20.7,20.7,20.7,13.7,1,10.59,4770,477,06-MAY-2024,
OPTSTK,GRASIM,27-Jun-2024,2220.0,PE,0.0,0.0,0.0,36.95,16.45,0,0.0,0,0,06-MAY-2024,
OPTSTK,GRASIM,27-Jun-2024,2240.0,PE,0.0,0.0,0.0,76.7,19.6,0,0.0,0,0,06-MAY-2024,
OPTSTK,GRASIM,27-Jun-2024,2260.0,PE,0.0,0.0,0.0,48.25,23.25,0,0.0,0,0,06-MAY-2024,
OPTSTK,GRASIM,27-Jun-2024,2280.0,PE,0.0,0.0,0.0,93.7,27.3,0,0.0,0,0,06-MAY-2024,
OPTSTK,GRASIM,27-Jun-2024,2300.0,PE,34.7,34.7,34.7,34.7,31.9,1,11.13,3816,477,06-MAY-2024,
OPTSTK,GRASIM,27-Jun-2024,2320.0,PE,0.0,0.0,0.0,112.8,37.1,0,0.0,0,0,06-MAY-2024,
OPTSTK,GRASIM,27-Jun-2024,2340.0,PE,0.0,0.0,0.0,77.95,42.65,0,0.0,0,0,06-MAY-2024,
OPTSTK,GRASIM,27-Jun-2024,2360.0,PE,0.0,0.0,0.0,134.05,48.9,0,0.0,0,0,06-MAY-2024,
OPTSTK,GRASIM,27-Jun-2024,2380.0,PE,0.0,0.0,0.0,96.35,55.8,0,0.0,0,0,06-MAY-2024,
OPTSTK,GRASIM,27-Jun-2024,2400.0,PE,69.0,69.0,69.0,69.0,63.3,1,11.77,2385,477,06-MAY-2024,
OPTSTK,GRASIM,27-Jun-2024,2420.0,PE,0.0,0.0,0.0,117.15,71.4,0,0.0,0,0,06-MAY-2024,
OPTSTK,GRASIM,27-Jun-2024,2440.0,PE,0.0,0.0,0.0,182.5,80.15,0,0.0,0,0,06-MAY-2024,
OPTSTK,GRASIM,27-Jun-2024,2460.0,PE,0.0,0.0,0.0,140.2,89.5,0,0.0,0,0,06-MAY-2024,
OPTSTK,GRASIM,27-Jun-2024,2480.0,PE,0.0,0.0,0.0,209.5,99.55,0,0.0,0,0,06-MAY-2024,
OPTSTK,GRASIM,27-Jun-2024,2500.0,PE,0.0,0.0,0.0,165.5,110.2,0,0.0,0,0,06-MAY-2024,
OPTSTK,GRASIM,27-Jun-2024,2520.0,PE,0.0,0.0,0.0,238.3,121.45,0,0.0,0,0,06-MAY-2024,
OPTSTK,GRASIM,27-Jun-2024,2540.0,PE,0.0,0.0,0.0,192.85,133.3,0,0.0,0,0,06-MAY-2024,
OPTSTK,GRASIM,27-Jun-2024,2560.0,PE,0.0,0.0,0.0,268.5,145.75,0,0.0,0,0,06-MAY-2024,
OPTSTK,GRASIM,27-Jun-2024,2580.0,PE,0.0,0.0,0.0,222.2,158.8,0,0.0,0,0,06-MAY-2024,
OPTSTK,GRASIM,27-Jun-2024,2600.0,PE,0.0,0.0,0.0,300.15,172.4,0,0.0,0,0,06-MAY-2024,
OPTSTK,GRASIM,27-Jun-2024,2620.0,PE,0.0,0.0,0.0,253.05,186.5,0,0.0,0,0,06-MAY-2024,
OPTSTK,GRASIM,27-Jun-2024,2640.0,PE,0.0,0.0,0.0,333.0,201.2,0,0.0,0,0,06-MAY-2024,
OPTSTK,GRASIM,27-Jun-2024,2660.0,PE,0.0,0.0,0.0,285.5,216.3,0,0.0,0,0,06-MAY-2024,
OPTSTK,GRASIM,27-Jun-2024,2680.0,PE,0.0,0.0,0.0,366.9,231.75,0,0.0,0,0,06-MAY-2024,
OPTSTK,GRASIM,27-Jun-2024,2700.0,PE,0.0,0.0,0.0,319.25,247.65,0,0.0,0,0,06-MAY-2024,
OPTSTK,GRASIM,27-Jun-2024,2720.0,PE,0.0,0.0,0.0,401.75,264.0,0,0.0,0,0,06-MAY-2024,
OPTSTK,GRASIM,27-Jun-2024,2760.0,PE,0.0,0.0,0.0,437.4,297.65,0,0.0,0,0,06-MAY-2024,
OPTSTK,GRASIM,27-Jun-2024,2800.0,PE,0.0,0.0,0.0,473.75,332.6,0,0.0,0,0,06-MAY-2024,
OPTSTK,GRASIM,25-Jul-2024,2000.0,CE,0.0,0.0,0.0,414.3,489.3,0,0.0,0,0,06-MAY-2024,
OPTSTK,GRASIM,25-Jul-2024,2080.0,CE,0.0,0.0,0.0,345.15,415.55,0,0.0,0,0,06-MAY-2024,
OPTSTK,GRASIM,25-Jul-2024,2120.0,CE,0.0,0.0,0.0,312.45,379.95,0,0.0,0,0,06-MAY-2024,
OPTSTK,GRASIM,25-Jul-2024,2160.0,CE,0.0,0.0,0.0,281.25,345.5,0,0.0,0,0,06-MAY-2024,
OPTSTK,GRASIM,25-Jul-2024,2200.0,CE,0.0,0.0,0.0,251.7,312.35,0,0.0,0,0,06-MAY-2024,
OPTSTK,GRASIM,25-Jul-2024,2240.0,CE,0.0,0.0,0.0,223.75,280.65,0,0.0,0,0,06-MAY-2024,
OPTSTK,GRASIM,25-Jul-2024,2280.0,CE,0.0,0.0,0.0,197.75,250.65,0,0.0,0,0,06-MAY-2024,
OPTSTK,GRASIM,25-Jul-2024,2320.0,CE,0.0,0.0,0.0,173.75,222.2,0,0.0,0,0,06-MAY-2024,
OPTSTK,GRASIM,25-Jul-2024,2360.0,CE,0.0,0.0,0.0,151.65,195.8,0,0.0,0,0,06-MAY-2024,
OPTSTK,GRASIM,25-Jul-2024,2400.0,CE,0.0,0.0,0.0,131.55,171.4,0,0.0,0,0,06-MAY-2024,
OPTSTK,GRASIM,25-Jul-2024,2440.0,CE,0.0,0.0,0.0,113.4,149.0,0,0.0,0,0,06-MAY-2024,
OPTSTK,GRASIM,25-Jul-2024,2480.0,CE,0.0,0.0,0.0,97.1,128.65,0,0.0,0,0,06-MAY-2024,
OPTSTK,GRASIM,25-Jul-2024,2520.0,CE,0.0,0.0,0.0,82.65,110.3,0,0.0,0,0,06-MAY-2024,
OPTSTK,GRASIM,25-Jul-2024,2560.0,CE,0.0,0.0,0.0,69.95,93.95,0,0.0,0,0,06-MAY-2024,
OPTSTK,GRASIM,25-Jul-2024,2600.0,CE,0.0,0.0,0.0,58.8,79.45,0,0.0,0,0,06-MAY-2024,
OPTSTK,GRASIM,25-Jul-2024,2640.0,CE,0.0,0.0,0.0,49.3,66.75,0,0.0,0,0,06-MAY-2024,
OPTSTK,GRASIM,25-Jul-2024,2680.0,CE,0.0,0.0,0.0,40.9,55.7,0,0.0,0,0,06-MAY-2024,
OPTSTK,GRASIM,25-Jul-2024,2720.0,CE,0.0,0.0,0.0,33.8,46.3,0,0.0,0,0,06-MAY-2024,
OPTSTK,GRASIM,25-Jul-2024,2800.0,CE,0.0,0.0,0.0,22.7,31.2,0,0.0,0,0,06-MAY-2024,
OPTSTK,GRASIM,25-Jul-2024,2000.0,PE,0.0,0.0,0.0,10.7,4.4,0,0.0,0,0,06-MAY-2024,
OPTSTK,GRASIM,25-Jul-2024,2080.0,PE,0.0,0.0,0.0,20.15,9.4,0,0.0,0,0,06-MAY-2024,
OPTSTK,GRASIM,25-Jul-2024,2120.0,PE,0.0,0.0,0.0,26.7,13.2,0,0.0,0,0,06-MAY-2024,
OPTSTK,GRASIM,25-Jul-2024,2160.0,PE,0.0,0.0,0.0,34.75,18.1,0,0.0,0,0,06-MAY-2024,
OPTSTK,GRASIM,25-Jul-2024,2200.0,PE,0.0,0.0,0.0,44.55,24.3,0,0.0,0,0,06-MAY-2024,
OPTSTK,GRASIM,25-Jul-2024,2240.0,PE,0.0,0.0,0.0,55.85,31.95,0,0.0,0,0,06-MAY-2024,
OPTSTK,GRASIM,25-Jul-2024,2280.0,PE,0.0,0.0,0.0,69.15,41.35,0,0.0,0,0,06-MAY-2024,
OPTSTK,GRASIM,25-Jul-2024,2320.0,PE,0.0,0.0,0.0,84.4,52.3,0,0.0,0,0,06-MAY-2024,
OPTSTK,GRASIM,25-Jul-2024,2360.0,PE,0.0,0.0,0.0,101.6,65.25,0,0.0,0,0,06-MAY-2024,
OPTSTK,GRASIM,25-Jul-2024,2400.0,PE,0.0,0.0,0.0,120.75,80.2,0,0.0,0,0,06-MAY-2024,
OPTSTK,GRASIM,25-Jul-2024,2440.0,PE,0.0,0.0,0.0,141.85,97.2,0,0.0,0,0,06-MAY-2024,
OPTSTK,GRASIM,25-Jul-2024,2480.0,PE,0.0,0.0,0.0,164.85,116.2,0,0.0,0,0,06-MAY-2024,
OPTSTK,GRASIM,25-Jul-2024,2520.0,PE,0.0,0.0,0.0,189.7,137.25,0,0.0,0,0,06-MAY-2024,
OPTSTK,GRASIM,25-Jul-2024,2560.0,PE,0.0,0.0,0.0,216.25,160.25,0,0.0,0,0,06-MAY-2024,
OPTSTK,GRASIM,25-Jul-2024,2600.0,PE,0.0,0.0,0.0,244.4,185.1,0,0.0,0,0,06-MAY-2024,
OPTSTK,GRASIM,25-Jul-2024,2640.0,PE,0.0,0.0,0.0,274.15,211.75,0,0.0,0,0,06-MAY-2024,
OPTSTK,GRASIM,25-Jul-2024,2680.0,PE,0.0,0.0,0.0,305.05,240.1,0,0.0,0,0,06-MAY-2024,
OPTSTK,GRASIM,25-Jul-2024,2720.0,PE,0.0,0.0,0.0,337.2,270.05,0,0.0,0,0,06-MAY-2024,
OPTSTK,GRASIM,25-Jul-2024,2800.0,PE,0.0,0.0,0.0,404.7,333.65,0,0.0,0,0,06-MAY-2024,
OPTSTK,GUJGASLTD,30-May-2024,460.0,CE,0.0,0.0,0.0,117.1,90.65,0,0.0,0,0,06-MAY-2024,
OPTSTK,GUJGASLTD,30-May-2024,470.0,CE,77.25,77.25,76.45,76.95,81.0,3,20.5,0,0,06-MAY-2024,
OPTSTK,GUJGASLTD,30-May-2024,480.0,CE,62.5,66.15,62.45,66.15,71.5,3,20.38,2500,2500,06-MAY-2024,
OPTSTK,GUJGASLTD,30-May-2024,485.0,CE,66.2,66.2,58.65,58.65,66.9,6,41.04,1250,0,06-MAY-2024,
OPTSTK,GUJGASLTD,30-May-2024,490.0,CE,0.0,0.0,0.0,91.8,62.35,0,0.0,0,0,06-MAY-2024,
OPTSTK,GUJGASLTD,30-May-2024,495.0,CE,0.0,0.0,0.0,52.45,57.9,0,0.0,1250,0,06-MAY-2024,
OPTSTK,GUJGASLTD,30-May-2024,500.0,CE,60.0,70.0,60.0,60.0,53.55,5,35.14,18750,1250,06-MAY-2024,
OPTSTK,GUJGASLTD,30-May-2024,505.0,CE,0.0,0.0,0.0,45.8,49.35,0,0.0,1250,0,06-MAY-2024,
OPTSTK,GUJGASLTD,30-May-2024,510.0,CE,43.75,43.75,43.75,43.75,45.3,1,6.92,3750,1250,06-MAY-2024,
OPTSTK,GUJGASLTD,30-May-2024,515.0,CE,47.05,47.1,47.05,47.1,47.1,3,21.07,3750,3750,06-MAY-2024,
OPTSTK,GUJGASLTD,30-May-2024,520.0,CE,34.0,53.05,34.0,43.1,43.1,11,77.67,10000,5000,06-MAY-2024,
OPTSTK,GUJGASLTD,30-May-2024,525.0,CE,33.75,41.65,29.55,41.65,34.1,6,41.85,5000,-1250,06-MAY-2024,
OPTSTK,GUJGASLTD,30-May-2024,530.0,CE,32.0,45.75,26.75,36.7,36.7,77,544.15,17500,2500,06-MAY-2024,
OPTSTK,GUJGASLTD,30-May-2024,535.0,CE,30.0,42.85,23.95,33.8,33.8,95,671.65,33750,-2500,06-MAY-2024,
OPTSTK,GUJGASLTD,30-May-2024,540.0,CE,26.2,41.35,21.3,32.45,32.45,1406,10027.87,132500,18750,06-MAY-2024,
OPTSTK,GUJGASLTD,30-May-2024,545.0,CE,25.3,38.35,19.35,28.85,28.85,710,5095.06,71250,11250,06-MAY-2024,
OPTSTK,GUJGASLTD,30-May-2024,550.0,CE,20.8,36.0,16.8,26.75,26.75,4135,29841.63,707500,152500,06-MAY-2024,
OPTSTK,GUJGASLTD,30-May-2024,555.0,CE,18.15,32.8,15.45,24.25,24.25,1157,8397.26,146250,75000,06-MAY-2024,
OPTSTK,GUJGASLTD,30-May-2024,560.0,CE,16.0,30.0,13.3,22.3,22.3,3520,25680.3,656250,385000,06-MAY-2024,
OPTSTK,GUJGASLTD,30-May-2024,565.0,CE,16.5,27.85,12.45,20.3,20.3,532,3901.73,73750,33750,06-MAY-2024,
OPTSTK,GUJGASLTD,30-May-2024,570.0,CE,13.85,25.2,10.25,18.6,18.6,2001,14738.63,361250,125000,06-MAY-2024,
OPTSTK,GUJGASLTD,30-May-2024,575.0,CE,9.85,22.3,9.85,16.8,16.8,197,1458.74,56250,6250,06-MAY-2024,
OPTSTK,GUJGASLTD,30-May-2024,580.0,CE,10.05,21.0,8.0,15.35,15.35,1942,14450.16,358750,172500,06-MAY-2024,
OPTSTK,GUJGASLTD,30-May-2024,585.0,CE,16.0,18.4,12.5,13.7,13.7,54,405.31,27500,22500,06-MAY-2024,
OPTSTK,GUJGASLTD,30-May-2024,590.0,CE,8.3,16.5,6.4,12.55,12.55,412,3105.27,180000,127500,06-MAY-2024,
OPTSTK,GUJGASLTD,30-May-2024,595.0,CE,6.0,11.3,6.0,11.15,11.15,7,52.97,16250,6250,06-MAY-2024,
OPTSTK,GUJGASLTD,30-May-2024,600.0,CE,6.15,14.4,5.0,10.7,10.7,5934,45285.88,1492500,1075000,06-MAY-2024,
OPTSTK,GUJGASLTD,30-May-2024,605.0,CE,5.55,12.25,4.85,9.4,9.4,40,306.9,40000,31250,06-MAY-2024,
OPTSTK,GUJGASLTD,30-May-2024,610.0,CE,4.7,11.4,4.0,8.6,8.6,298,2303.24,162500,116250,06-MAY-2024,
OPTSTK,GUJGASLTD,30-May-2024,620.0,CE,4.45,9.35,3.35,6.95,6.95,760,5956.36,188750,123750,06-MAY-2024,
OPTSTK,GUJGASLTD,30-May-2024,630.0,CE,3.0,7.3,2.65,5.5,5.5,178,1412.96,101250,42500,06-MAY-2024,
OPTSTK,GUJGASLTD,30-May-2024,640.0,CE,2.65,5.75,1.9,4.25,4.25,825,6642.6,115000,100000,06-MAY-2024,
OPTSTK,GUJGASLTD,30-May-2024,650.0,CE,1.95,4.5,1.5,3.3,3.3,1768,14434.59,701250,53750,06-MAY-2024,
OPTSTK,GUJGASLTD,30-May-2024,460.0,PE,2.65,3.05,1.75,2.15,2.15,529,3056.87,570000,56250,06-MAY-2024,
OPTSTK,GUJGASLTD,30-May-2024,470.0,PE,4.0,4.0,2.45,2.9,2.9,132,780.55,53750,36250,06-MAY-2024,
OPTSTK,GUJGASLTD,30-May-2024,480.0,PE,3.65,5.2,3.2,3.9,3.9,527,3188.28,122500,21250,06-MAY-2024,
OPTSTK,GUJGASLTD,30-May-2024,485.0,PE,5.4,5.4,5.4,5.4,1.45,3,18.39,2500,2500,06-MAY-2024,
OPTSTK,GUJGASLTD,30-May-2024,490.0,PE,5.5,6.95,4.35,5.2,5.2,192,1188.23,58750,25000,06-MAY-2024,
OPTSTK,GUJGASLTD,30-May-2024,495.0,PE,7.05,7.05,5.65,6.1,6.1,37,231.83,21250,6250,06-MAY-2024,
OPTSTK,GUJGASLTD,30-May-2024,500.0,PE,8.35,9.15,5.05,6.9,6.9,959,6079.74,356250,55000,06-MAY-2024,
OPTSTK,GUJGASLTD,30-May-2024,505.0,PE,0.0,0.0,0.0,11.95,3.85,0,0.0,0,0,06-MAY-2024,
OPTSTK,GUJGASLTD,30-May-2024,510.0,PE,9.75,11.9,7.4,9.35,9.35,352,2285.47,123750,60000,06-MAY-2024,
OPTSTK,GUJGASLTD,30-May-2024,515.0,PE,10.75,12.45,9.9,11.0,11.0,73,479.89,8750,8750,06-MAY-2024,
OPTSTK,GUJGASLTD,30-May-2024,520.0,PE,12.55,15.6,9.5,12.35,12.35,600,3991.51,161250,47500,06-MAY-2024,
OPTSTK,GUJGASLTD,30-May-2024,525.0,PE,14.15,17.45,11.0,14.05,14.05,275,1851.8,43750,1250,06-MAY-2024,
OPTSTK,GUJGASLTD,30-May-2024,530.0,PE,15.0,20.05,11.55,15.6,15.6,1459,9954.39,313750,206250,06-MAY-2024,
OPTSTK,GUJGASLTD,30-May-2024,535.0,PE,18.35,22.0,13.85,17.9,17.9,242,1672.55,35000,5000,06-MAY-2024,
OPTSTK,GUJGASLTD,30-May-2024,540.0,PE,23.95,24.55,15.15,19.6,19.6,1430,10002.89,198750,55000,06-MAY-2024,
OPTSTK,GUJGASLTD,30-May-2024,545.0,PE,22.25,27.2,17.0,22.25,22.25,399,2826.1,47500,22500,06-MAY-2024,
OPTSTK,GUJGASLTD,30-May-2024,550.0,PE,23.15,30.25,19.05,24.2,24.2,1000,7171.52,267500,126250,06-MAY-2024,
OPTSTK,GUJGASLTD,30-May-2024,555.0,PE,29.4,30.2,21.4,27.2,27.2,174,1263.51,43750,13750,06-MAY-2024,
OPTSTK,GUJGASLTD,30-May-2024,560.0,PE,29.65,33.1,23.6,29.1,29.1,415,3050.18,76250,8750,06-MAY-2024,
OPTSTK,GUJGASLTD,30-May-2024,565.0,PE,26.5,34.85,26.2,33.55,33.55,46,342.44,23750,8750,06-MAY-2024,
OPTSTK,GUJGASLTD,30-May-2024,570.0,PE,38.6,38.6,29.3,36.6,36.6,42,317.19,15000,2500,06-MAY-2024,
OPTSTK,GUJGASLTD,30-May-2024,575.0,PE,42.45,42.45,35.75,35.75,33.85,3,23.0,2500,1250,06-MAY-2024,
OPTSTK,GUJGASLTD,30-May-2024,580.0,PE,51.25,51.25,37.75,42.0,42.0,17,131.98,12500,7500,06-MAY-2024,
OPTSTK,GUJGASLTD,30-May-2024,585.0,PE,0.0,0.0,0.0,53.05,41.2,0,0.0,1250,0,06-MAY-2024,
OPTSTK,GUJGASLTD,30-May-2024,590.0,PE,51.55,52.5,47.25,49.95,49.95,7,56.04,5000,2500,06-MAY-2024,
OPTSTK,GUJGASLTD,30-May-2024,595.0,PE,0.0,0.0,0.0,58.75,49.15,0,0.0,1250,0,06-MAY-2024,
OPTSTK,GUJGASLTD,30-May-2024,600.0,PE,50.0,60.0,50.0,57.35,57.35,22,180.25,17500,2500,06-MAY-2024,
OPTSTK,GUJGASLTD,30-May-2024,605.0,PE,61.15,61.15,61.15,61.15,61.15,1,8.32,1250,1250,06-MAY-2024,
OPTSTK,GUJGASLTD,30-May-2024,610.0,PE,0.0,0.0,0.0,74.6,61.95,0,0.0,1250,0,06-MAY-2024,
OPTSTK,GUJGASLTD,30-May-2024,620.0,PE,78.65,78.65,78.65,78.65,70.95,2,17.46,3750,0,06-MAY-2024,
OPTSTK,GUJGASLTD,30-May-2024,630.0,PE,0.0,0.0,0.0,71.25,80.25,0,0.0,0,0,06-MAY-2024,
OPTSTK,GUJGASLTD,27-Jun-2024,460.0,CE,0.0,0.0,0.0,98.35,95.05,0,0.0,0,0,06-MAY-2024,
OPTSTK,GUJGASLTD,27-Jun-2024,470.0,CE,0.0,0.0,0.0,90.2,86.1,0,0.0,0,0,06-MAY-2024,
OPTSTK,GUJGASLTD,27-Jun-2024,480.0,CE,0.0,0.0,0.0,82.4,77.45,0,0.0,0,0,06-MAY-2024,
OPTSTK,GUJGASLTD,27-Jun-2024,485.0,CE,0.0,0.0,0.0,71.7,73.3,0,0.0,0,0,06-MAY-2024,
OPTSTK,GUJGASLTD,27-Jun-2024,490.0,CE,0.0,0.0,0.0,75.0,69.2,0,0.0,0,0,06-MAY-2024,
OPTSTK,GUJGASLTD,27-Jun-2024,495.0,CE,0.0,0.0,0.0,64.1,65.2,0,0.0,0,0,06-MAY-2024,
OPTSTK,GUJGASLTD,27-Jun-2024,500.0,CE,0.0,0.0,0.0,67.9,61.35,0,0.0,0,0,06-MAY-2024,
OPTSTK,GUJGASLTD,27-Jun-2024,505.0,CE,0.0,0.0,0.0,56.95,57.6,0,0.0,0,0,06-MAY-2024,
OPTSTK,GUJGASLTD,27-Jun-2024,510.0,CE,0.0,0.0,0.0,61.25,54.0,0,0.0,0,0,06-MAY-2024,
OPTSTK,GUJGASLTD,27-Jun-2024,515.0,CE,0.0,0.0,0.0,50.2,50.45,0,0.0,0,0,06-MAY-2024,
OPTSTK,GUJGASLTD,27-Jun-2024,520.0,CE,0.0,0.0,0.0,55.0,47.1,0,0.0,0,0,06-MAY-2024,
OPTSTK,GUJGASLTD,27-Jun-2024,525.0,CE,0.0,0.0,0.0,44.0,43.85,0,0.0,0,0,06-MAY-2024,
OPTSTK,GUJGASLTD,27-Jun-2024,530.0,CE,0.0,0.0,0.0,49.2,40.75,0,0.0,0,0,06-MAY-2024,
OPTSTK,GUJGASLTD,27-Jun-2024,535.0,CE,0.0,0.0,0.0,38.35,37.8,0,0.0,0,0,06-MAY-2024,
OPTSTK,GUJGASLTD,27-Jun-2024,540.0,CE,0.0,0.0,0.0,43.8,35.0,0,0.0,0,0,06-MAY-2024,
OPTSTK,GUJGASLTD,27-Jun-2024,545.0,CE,0.0,0.0,0.0,33.15,32.35,0,0.0,0,0,06-MAY-2024,
OPTSTK,GUJGASLTD,27-Jun-2024,550.0,CE,27.5,46.9,17.3,43.85,43.85,16,117.6,11250,8750,06-MAY-2024,
OPTSTK,GUJGASLTD,27-Jun-2024,555.0,CE,0.0,0.0,0.0,28.5,27.4,0,0.0,0,0,06-MAY-2024,
OPTSTK,GUJGASLTD,27-Jun-2024,560.0,CE,0.0,0.0,0.0,34.3,25.15,0,0.0,0,0,06-MAY-2024,
OPTSTK,GUJGASLTD,27-Jun-2024,565.0,CE,0.0,0.0,0.0,24.3,23.05,0,0.0,0,0,06-MAY-2024,
OPTSTK,GUJGASLTD,27-Jun-2024,570.0,CE,0.0,0.0,0.0,30.15,21.1,0,0.0,0,0,06-MAY-2024,
OPTSTK,GUJGASLTD,27-Jun-2024,575.0,CE,0.0,0.0,0.0,20.65,19.25,0,0.0,0,0,06-MAY-2024,
OPTSTK,GUJGASLTD,27-Jun-2024,580.0,CE,0.0,0.0,0.0,26.4,17.5,0,0.0,0,0,06-MAY-2024,
OPTSTK,GUJGASLTD,27-Jun-2024,585.0,CE,0.0,0.0,0.0,17.4,15.9,0,0.0,0,0,06-MAY-2024,
OPTSTK,GUJGASLTD,27-Jun-2024,590.0,CE,0.0,0.0,0.0,23.05,14.45,0,0.0,0,0,06-MAY-2024,
OPTSTK,GUJGASLTD,27-Jun-2024,595.0,CE,0.0,0.0,0.0,14.55,13.05,0,0.0,0,0,06-MAY-2024,
OPTSTK,GUJGASLTD,27-Jun-2024,600.0,CE,13.6,27.05,13.6,25.15,25.15,42,327.53,26250,16250,06-MAY-2024,
OPTSTK,GUJGASLTD,27-Jun-2024,605.0,CE,0.0,0.0,0.0,12.15,10.65,0,0.0,0,0,06-MAY-2024,
OPTSTK,GUJGASLTD,27-Jun-2024,610.0,CE,0.0,0.0,0.0,17.3,9.55,0,0.0,0,0,06-MAY-2024,
OPTSTK,GUJGASLTD,27-Jun-2024,620.0,CE,0.0,0.0,0.0,14.95,7.7,0,0.0,0,0,06-MAY-2024,
OPTSTK,GUJGASLTD,27-Jun-2024,630.0,CE,0.0,0.0,0.0,12.85,6.15,0,0.0,0,0,06-MAY-2024,
OPTSTK,GUJGASLTD,27-Jun-2024,460.0,PE,0.0,0.0,0.0,5.85,2.1,0,0.0,0,0,06-MAY-2024,
OPTSTK,GUJGASLTD,27-Jun-2024,470.0,PE,7.0,7.0,7.0,7.0,3.05,2,11.92,2500,0,06-MAY-2024,
OPTSTK,GUJGASLTD,27-Jun-2024,480.0,PE,0.0,0.0,0.0,9.6,4.3,0,0.0,0,0,06-MAY-2024,
OPTSTK,GUJGASLTD,27-Jun-2024,485.0,PE,0.0,0.0,0.0,7.45,5.1,0,0.0,0,0,06-MAY-2024,
OPTSTK,GUJGASLTD,27-Jun-2024,490.0,PE,0.0,0.0,0.0,11.95,5.95,0,0.0,0,0,06-MAY-2024,
OPTSTK,GUJGASLTD,27-Jun-2024,495.0,PE,0.0,0.0,0.0,9.7,6.9,0,0.0,0,0,06-MAY-2024,
OPTSTK,GUJGASLTD,27-Jun-2024,500.0,PE,16.35,19.2,13.95,17.05,17.05,20,129.2,20000,8750,06-MAY-2024,
OPTSTK,GUJGASLTD,27-Jun-2024,505.0,PE,0.0,0.0,0.0,12.4,9.2,0,0.0,0,0,06-MAY-2024,
OPTSTK,GUJGASLTD,27-Jun-2024,510.0,PE,0.0,0.0,0.0,17.85,10.55,0,0.0,0,0,06-MAY-2024,
OPTSTK,GUJGASLTD,27-Jun-2024,515.0,PE,0.0,0.0,0.0,15.55,11.95,0,0.0,0,0,06-MAY-2024,
OPTSTK,GUJGASLTD,27-Jun-2024,520.0,PE,0.0,0.0,0.0,21.45,13.55,0,0.0,0,0,06-MAY-2024,
OPTSTK,GUJGASLTD,27-Jun-2024,525.0,PE,0.0,0.0,0.0,19.25,15.25,0,0.0,0,0,06-MAY-2024,
OPTSTK,GUJGASLTD,27-Jun-2024,530.0,PE,23.55,28.2,23.55,28.2,17.1,2,13.89,5000,1250,06-MAY-2024,
OPTSTK,GUJGASLTD,27-Jun-2024,535.0,PE,0.0,0.0,0.0,23.4,19.1,0,0.0,0,0,06-MAY-2024,
OPTSTK,GUJGASLTD,27-Jun-2024,540.0,PE,0.0,0.0,0.0,29.9,21.25,0,0.0,0,0,06-MAY-2024,
OPTSTK,GUJGASLTD,27-Jun-2024,545.0,PE,0.0,0.0,0.0,28.1,23.55,0,0.0,0,0,06-MAY-2024,
OPTSTK,GUJGASLTD,27-Jun-2024,550.0,PE,0.0,0.0,0.0,34.75,25.95,0,0.0,0,0,06-MAY-2024,
OPTSTK,GUJGASLTD,27-Jun-2024,555.0,PE,0.0,0.0,0.0,33.35,28.5,0,0.0,0,0,06-MAY-2024,
OPTSTK,GUJGASLTD,27-Jun-2024,560.0,PE,0.0,0.0,0.0,40.05,31.2,0,0.0,0,0,06-MAY-2024,
OPTSTK,GUJGASLTD,27-Jun-2024,565.0,PE,0.0,0.0,0.0,39.05,34.05,0,0.0,0,0,06-MAY-2024,
OPTSTK,GUJGASLTD,27-Jun-2024,570.0,PE,0.0,0.0,0.0,45.7,37.0,0,0.0,0,0,06-MAY-2024,
OPTSTK,GUJGASLTD,27-Jun-2024,575.0,PE,0.0,0.0,0.0,45.2,40.1,0,0.0,0,0,06-MAY-2024,
OPTSTK,GUJGASLTD,27-Jun-2024,580.0,PE,0.0,0.0,0.0,51.8,43.35,0,0.0,0,0,06-MAY-2024,
OPTSTK,GUJGASLTD,27-Jun-2024,585.0,PE,0.0,0.0,0.0,51.85,46.7,0,0.0,0,0,06-MAY-2024,
OPTSTK,GUJGASLTD,27-Jun-2024,590.0,PE,0.0,0.0,0.0,58.25,50.15,0,0.0,0,0,06-MAY-2024,
OPTSTK,GUJGASLTD,27-Jun-2024,595.0,PE,0.0,0.0,0.0,58.9,53.7,0,0.0,0,0,06-MAY-2024,
OPTSTK,GUJGASLTD,27-Jun-2024,600.0,PE,0.0,0.0,0.0,65.05,57.45,0,0.0,0,0,06-MAY-2024,
OPTSTK,GUJGASLTD,27-Jun-2024,605.0,PE,0.0,0.0,0.0,66.35,61.25,0,0.0,0,0,06-MAY-2024,
OPTSTK,GUJGASLTD,27-Jun-2024,610.0,PE,0.0,0.0,0.0,72.15,65.1,0,0.0,0,0,06-MAY-2024,
OPTSTK,GUJGASLTD,27-Jun-2024,620.0,PE,0.0,0.0,0.0,79.65,73.1,0,0.0,0,0,06-MAY-2024,
OPTSTK,GUJGASLTD,27-Jun-2024,630.0,PE,0.0,0.0,0.0,87.35,81.45,0,0.0,0,0,06-MAY-2024,
OPTSTK,GUJGASLTD,25-Jul-2024,460.0,CE,0.0,0.0,0.0,97.5,99.85,0,0.0,0,0,06-MAY-2024,
OPTSTK,GUJGASLTD,25-Jul-2024,480.0,CE,0.0,0.0,0.0,81.65,83.35,0,0.0,0,0,06-MAY-2024,
OPTSTK,GUJGASLTD,25-Jul-2024,490.0,CE,0.0,0.0,0.0,74.25,75.6,0,0.0,0,0,06-MAY-2024,
OPTSTK,GUJGASLTD,25-Jul-2024,500.0,CE,0.0,0.0,0.0,67.25,68.25,0,0.0,0,0,06-MAY-2024,
OPTSTK,GUJGASLTD,25-Jul-2024,510.0,CE,0.0,0.0,0.0,60.6,61.3,0,0.0,0,0,06-MAY-2024,
OPTSTK,GUJGASLTD,25-Jul-2024,520.0,CE,0.0,0.0,0.0,54.4,54.8,0,0.0,0,0,06-MAY-2024,
OPTSTK,GUJGASLTD,25-Jul-2024,530.0,CE,0.0,0.0,0.0,48.65,48.75,0,0.0,0,0,06-MAY-2024,
OPTSTK,GUJGASLTD,25-Jul-2024,540.0,CE,0.0,0.0,0.0,43.3,43.1,0,0.0,0,0,06-MAY-2024,
OPTSTK,GUJGASLTD,25-Jul-2024,550.0,CE,0.0,0.0,0.0,38.35,37.95,0,0.0,0,0,06-MAY-2024,
OPTSTK,GUJGASLTD,25-Jul-2024,560.0,CE,0.0,0.0,0.0,33.85,33.25,0,0.0,0,0,06-MAY-2024,
OPTSTK,GUJGASLTD,25-Jul-2024,570.0,CE,0.0,0.0,0.0,29.8,29.0,0,0.0,0,0,06-MAY-2024,
OPTSTK,GUJGASLTD,25-Jul-2024,580.0,CE,0.0,0.0,0.0,26.05,25.15,0,0.0,0,0,06-MAY-2024,
OPTSTK,GUJGASLTD,25-Jul-2024,590.0,CE,0.0,0.0,0.0,22.75,21.75,0,0.0,0,0,06-MAY-2024,
OPTSTK,GUJGASLTD,25-Jul-2024,600.0,CE,0.0,0.0,0.0,19.75,18.7,0,0.0,0,0,06-MAY-2024,
OPTSTK,GUJGASLTD,25-Jul-2024,620.0,CE,0.0,0.0,0.0,14.75,13.65,0,0.0,0,0,06-MAY-2024,
OPTSTK,GUJGASLTD,25-Jul-2024,640.0,CE,0.0,0.0,0.0,10.85,9.8,0,0.0,0,0,06-MAY-2024,
OPTSTK,GUJGASLTD,25-Jul-2024,460.0,PE,0.0,0.0,0.0,6.0,4.4,0,0.0,0,0,06-MAY-2024,
OPTSTK,GUJGASLTD,25-Jul-2024,480.0,PE,0.0,0.0,0.0,9.8,7.55,0,0.0,0,0,06-MAY-2024,
OPTSTK,GUJGASLTD,25-Jul-2024,490.0,PE,0.0,0.0,0.0,12.2,9.65,0,0.0,0,0,06-MAY-2024,
OPTSTK,GUJGASLTD,25-Jul-2024,500.0,PE,0.0,0.0,0.0,20.1,12.15,0,0.0,1250,0,06-MAY-2024,
OPTSTK,GUJGASLTD,25-Jul-2024,510.0,PE,0.0,0.0,0.0,18.2,15.05,0,0.0,0,0,06-MAY-2024,
OPTSTK,GUJGASLTD,25-Jul-2024,520.0,PE,0.0,0.0,0.0,21.8,18.35,0,0.0,0,0,06-MAY-2024,
OPTSTK,GUJGASLTD,25-Jul-2024,530.0,PE,0.0,0.0,0.0,25.85,22.15,0,0.0,0,0,06-MAY-2024,
OPTSTK,GUJGASLTD,25-Jul-2024,540.0,PE,0.0,0.0,0.0,30.35,26.4,0,0.0,0,0,06-MAY-2024,
OPTSTK,GUJGASLTD,25-Jul-2024,550.0,PE,0.0,0.0,0.0,35.25,31.1,0,0.0,0,0,06-MAY-2024,
OPTSTK,GUJGASLTD,25-Jul-2024,560.0,PE,0.0,0.0,0.0,40.55,36.2,0,0.0,0,0,06-MAY-2024,
OPTSTK,GUJGASLTD,25-Jul-2024,570.0,PE,0.0,0.0,0.0,46.3,41.8,0,0.0,0,0,06-MAY-2024,
OPTSTK,GUJGASLTD,25-Jul-2024,580.0,PE,0.0,0.0,0.0,52.4,47.8,0,0.0,0,0,06-MAY-2024,
OPTSTK,GUJGASLTD,25-Jul-2024,590.0,PE,0.0,0.0,0.0,58.9,54.2,0,0.0,0,0,06-MAY-2024,
OPTSTK,GUJGASLTD,25-Jul-2024,600.0,PE,0.0,0.0,0.0,65.7,61.0,0,0.0,0,0,06-MAY-2024,
OPTSTK,GUJGASLTD,25-Jul-2024,620.0,PE,0.0,0.0,0.0,80.35,75.65,0,0.0,0,0,06-MAY-2024,
OPTSTK,GUJGASLTD,25-Jul-2024,640.0,PE,0.0,0.0,0.0,96.1,91.45,0,0.0,0,0,06-MAY-2024,
OPTSTK,HAL,30-May-2024,2900.0,CE,0.0,0.0,0.0,1170.45,930.05,0,0.0,1800,0,06-MAY-2024,
OPTSTK,HAL,30-May-2024,3000.0,CE,847.45,847.45,847.45,847.45,831.0,1,11.54,8400,-300,06-MAY-2024,
OPTSTK,HAL,30-May-2024,3100.0,CE,0.0,0.0,0.0,895.0,732.6,0,0.0,300,0,06-MAY-2024,
OPTSTK,HAL,30-May-2024,3200.0,CE,651.0,651.0,634.5,636.8,635.65,3,34.56,9000,0,06-MAY-2024,
OPTSTK,HAL,30-May-2024,3300.0,CE,550.0,550.0,550.0,550.0,541.3,1,11.55,1500,-300,06-MAY-2024,
OPTSTK,HAL,30-May-2024,3400.0,CE,476.0,497.85,445.05,497.85,451.1,5,57.94,13800,-1200,06-MAY-2024,
OPTSTK,HAL,30-May-2024,3500.0,CE,404.0,430.0,356.9,381.25,381.25,115,1342.27,37800,-900,06-MAY-2024,
OPTSTK,HAL,30-May-2024,3550.0,CE,364.15,382.85,310.15,382.85,327.55,11,128.75,4200,3300,06-MAY-2024,
OPTSTK,HAL,30-May-2024,3600.0,CE,365.6,365.6,282.2,301.0,290.5,78,914.66,36000,-5700,06-MAY-2024,
OPTSTK,HAL,30-May-2024,3650.0,CE,255.9,305.2,249.05,287.3,255.55,5,58.95,5400,-600,06-MAY-2024,
OPTSTK,HAL,30-May-2024,3680.0,CE,0.0,0.0,0.0,369.2,235.85,0,0.0,2700,0,06-MAY-2024,
OPTSTK,HAL,30-May-2024,3700.0,CE,241.8,269.0,208.0,232.15,232.15,68,801.25,42000,4800,06-MAY-2024,
OPTSTK,HAL,30-May-2024,3750.0,CE,189.3,235.1,181.1,204.05,204.05,15,178.04,21600,900,06-MAY-2024,
OPTSTK,HAL,30-May-2024,3800.0,CE,212.9,218.0,152.0,173.25,173.25,1632,19454.04,168000,70800,06-MAY-2024,
OPTSTK,HAL,30-May-2024,3850.0,CE,184.0,192.45,128.3,148.85,148.85,888,10666.27,58200,28500,06-MAY-2024,
OPTSTK,HAL,30-May-2024,3900.0,CE,178.75,178.75,110.0,127.05,127.05,2822,34149.93,244200,78600,06-MAY-2024,
OPTSTK,HAL,30-May-2024,3950.0,CE,154.05,154.05,94.2,108.4,108.4,883,10773.08,117900,8100,06-MAY-2024,
OPTSTK,HAL,30-May-2024,4000.0,CE,133.05,133.6,78.2,92.3,92.3,3110,38225.53,684300,37500,06-MAY-2024,
OPTSTK,HAL,30-May-2024,4050.0,CE,111.7,111.7,67.05,78.55,78.55,379,4697.85,171000,6900,06-MAY-2024,
OPTSTK,HAL,30-May-2024,4100.0,CE,95.55,95.55,55.6,66.75,66.75,2211,27645.28,533400,49200,06-MAY-2024,
OPTSTK,HAL,30-May-2024,4150.0,CE,85.0,85.0,47.0,56.0,56.0,234,2953.49,43800,3300,06-MAY-2024,
OPTSTK,HAL,30-May-2024,4200.0,CE,65.0,65.0,38.95,47.55,47.55,1761,22442.41,400200,25800,06-MAY-2024,
OPTSTK,HAL,30-May-2024,4250.0,CE,51.05,51.05,33.0,39.85,39.85,298,3836.69,61500,-900,06-MAY-2024,
OPTSTK,HAL,30-May-2024,4300.0,CE,45.9,45.9,27.0,33.3,33.3,1270,16514.62,388800,-15900,06-MAY-2024,
OPTSTK,HAL,30-May-2024,4350.0,CE,37.35,37.35,22.9,28.7,28.7,196,2574.75,70800,6300,06-MAY-2024,
OPTSTK,HAL,30-May-2024,4400.0,CE,32.6,32.65,19.0,23.6,23.6,809,10735.49,242700,-1200,06-MAY-2024,
OPTSTK,HAL,30-May-2024,4450.0,CE,22.0,24.0,16.55,20.45,20.45,124,1662.81,21000,-3000,06-MAY-2024,
OPTSTK,HAL,30-May-2024,4500.0,CE,23.75,23.75,13.9,17.6,17.6,1738,23552.7,332700,51000,06-MAY-2024,
OPTSTK,HAL,30-May-2024,4550.0,CE,19.25,19.35,12.0,14.65,14.65,789,10803.85,140100,3600,06-MAY-2024,
OPTSTK,HAL,30-May-2024,2600.0,PE,1.5,2.5,1.25,2.4,2.4,5,39.02,5700,-300,06-MAY-2024,
OPTSTK,HAL,30-May-2024,2880.0,PE,0.0,0.0,0.0,21.6,0.2,0,0.0,300,0,06-MAY-2024,
OPTSTK,HAL,30-May-2024,2900.0,PE,3.0,3.0,3.0,3.0,3.0,3,26.12,1200,600,06-MAY-2024,
OPTSTK,HAL,30-May-2024,2920.0,PE,3.2,3.2,3.0,3.0,3.0,3,26.3,600,300,06-MAY-2024,
OPTSTK,HAL,30-May-2024,3000.0,PE,4.0,6.9,3.55,5.2,5.2,645,5815.41,217500,-9000,06-MAY-2024,
OPTSTK,HAL,30-May-2024,3100.0,PE,4.3,4.3,4.3,4.3,1.85,11,102.44,13500,3300,06-MAY-2024,
OPTSTK,HAL,30-May-2024,3200.0,PE,5.0,10.55,5.0,8.15,8.15,290,2790.79,66300,1500,06-MAY-2024,
OPTSTK,HAL,30-May-2024,3250.0,PE,5.45,11.8,5.45,10.2,10.2,27,264.03,4200,1200,06-MAY-2024,
OPTSTK,HAL,30-May-2024,3300.0,PE,9.5,17.9,8.5,13.05,13.05,883,8774.47,124500,16500,06-MAY-2024,
OPTSTK,HAL,30-May-2024,3350.0,PE,11.05,21.6,11.05,16.45,16.45,113,1141.45,4200,-1500,06-MAY-2024,
OPTSTK,HAL,30-May-2024,3400.0,PE,12.05,27.25,12.05,20.75,20.75,1887,19353.16,129000,29700,06-MAY-2024,
OPTSTK,HAL,30-May-2024,3450.0,PE,21.35,34.55,18.85,27.25,27.25,294,3064.67,18600,-7200,06-MAY-2024,
OPTSTK,HAL,30-May-2024,3500.0,PE,20.05,44.15,20.0,35.45,35.45,2119,22458.02,269100,69300,06-MAY-2024,
OPTSTK,HAL,30-May-2024,3550.0,PE,28.5,55.25,28.5,44.6,44.6,303,3264.82,40800,-1500,06-MAY-2024,
OPTSTK,HAL,30-May-2024,3600.0,PE,33.9,69.75,33.9,56.05,56.05,1735,19013.03,244800,21600,06-MAY-2024,
OPTSTK,HAL,30-May-2024,3650.0,PE,45.8,85.0,45.8,70.1,70.1,390,4345.82,63000,-2100,06-MAY-2024,
OPTSTK,HAL,30-May-2024,3700.0,PE,50.45,103.25,50.4,86.2,86.2,1583,17964.95,283800,17400,06-MAY-2024,
OPTSTK,HAL,30-May-2024,3750.0,PE,70.4,121.05,70.4,105.5,105.5,420,4853.77,86700,-600,06-MAY-2024,
OPTSTK,HAL,30-May-2024,3800.0,PE,83.2,148.25,80.4,127.15,127.15,2610,30719.8,359400,17700,06-MAY-2024,
OPTSTK,HAL,30-May-2024,3850.0,PE,103.2,175.0,103.2,153.7,153.7,708,8477.86,44400,-1800,06-MAY-2024,
OPTSTK,HAL,30-May-2024,3900.0,PE,120.35,205.8,120.35,178.7,178.7,1333,16265.07,202800,-8400,06-MAY-2024,
OPTSTK,HAL,30-May-2024,3950.0,PE,145.0,239.15,144.85,215.05,215.05,125,1556.36,51300,-6300,06-MAY-2024,
OPTSTK,HAL,30-May-2024,4000.0,PE,174.0,273.95,174.0,243.45,243.45,352,4472.92,205500,-20100,06-MAY-2024,
OPTSTK,HAL,30-May-2024,4050.0,PE,224.9,298.05,219.05,252.85,284.45,16,207.35,39600,-2100,06-MAY-2024,
OPTSTK,HAL,30-May-2024,4100.0,PE,256.0,335.0,256.0,314.35,314.35,7,92.51,55800,-300,06-MAY-2024,
OPTSTK,HAL,30-May-2024,4150.0,PE,350.75,350.75,350.75,350.75,360.9,3,40.5,6900,-600,06-MAY-2024,
OPTSTK,HAL,30-May-2024,4200.0,PE,0.0,0.0,0.0,331.35,401.7,0,0.0,56100,0,06-MAY-2024,
OPTSTK,HAL,30-May-2024,4250.0,PE,0.0,0.0,0.0,332.75,444.05,0,0.0,3300,0,06-MAY-2024,
OPTSTK,HAL,30-May-2024,4300.0,PE,505.0,505.0,503.0,503.0,487.65,2,28.82,16200,300,06-MAY-2024,
OPTSTK,HAL,30-May-2024,4400.0,PE,0.0,0.0,0.0,450.4,578.0,0,0.0,1500,0,06-MAY-2024,
OPTSTK,HAL,30-May-2024,4500.0,PE,0.0,0.0,0.0,525.8,671.65,0,0.0,2400,0,06-MAY-2024,
OPTSTK,HAL,27-Jun-2024,3400.0,CE,0.0,0.0,0.0,247.2,506.45,0,0.0,0,0,06-MAY-2024,
OPTSTK,HAL,27-Jun-2024,3500.0,CE,520.0,520.0,520.0,520.0,431.65,1,12.06,1500,300,06-MAY-2024,
OPTSTK,HAL,27-Jun-2024,3600.0,CE,439.9,439.9,439.9,439.9,363.05,1,12.11,600,300,06-MAY-2024,
OPTSTK,HAL,27-Jun-2024,3650.0,CE,0.0,0.0,0.0,491.3,331.45,0,0.0,0,0,06-MAY-2024,
OPTSTK,HAL,27-Jun-2024,3700.0,CE,0.0,0.0,0.0,138.75,301.6,0,0.0,0,0,06-MAY-2024,
OPTSTK,HAL,27-Jun-2024,3750.0,CE,0.0,0.0,0.0,423.35,273.6,0,0.0,0,0,06-MAY-2024,
OPTSTK,HAL,27-Jun-2024,3800.0,CE,340.0,340.0,340.0,340.0,247.35,5,62.1,1500,1500,06-MAY-2024,
OPTSTK,HAL,27-Jun-2024,3850.0,CE,0.0,0.0,0.0,324.15,222.95,0,0.0,300,0,06-MAY-2024,
OPTSTK,HAL,27-Jun-2024,3900.0,CE,276.0,279.7,276.0,279.7,200.25,2,25.06,900,600,06-MAY-2024,
OPTSTK,HAL,27-Jun-2024,3950.0,CE,269.0,269.0,252.0,252.0,252.0,2,25.26,1200,300,06-MAY-2024,
OPTSTK,HAL,27-Jun-2024,4000.0,CE,248.0,254.15,203.55,228.9,228.9,75,950.55,45900,8400,06-MAY-2024,
OPTSTK,HAL,27-Jun-2024,4050.0,CE,0.0,0.0,0.0,239.3,142.45,0,0.0,900,0,06-MAY-2024,
OPTSTK,HAL,27-Jun-2024,4100.0,CE,200.0,215.25,165.0,186.45,126.4,23,296.87,2700,2400,06-MAY-2024,
OPTSTK,HAL,27-Jun-2024,4150.0,CE,0.0,0.0,0.0,213.4,111.8,0,0.0,0,0,06-MAY-2024,
OPTSTK,HAL,27-Jun-2024,4200.0,CE,0.0,0.0,0.0,46.0,98.55,0,0.0,0,0,06-MAY-2024,
OPTSTK,HAL,27-Jun-2024,4250.0,CE,0.0,0.0,0.0,175.85,86.85,0,0.0,0,0,06-MAY-2024,
OPTSTK,HAL,27-Jun-2024,4300.0,CE,95.0,145.0,95.0,130.7,130.7,29,385.34,18600,3900,06-MAY-2024,
OPTSTK,HAL,27-Jun-2024,4400.0,CE,0.0,0.0,0.0,102.75,57.95,0,0.0,900,0,06-MAY-2024,
OPTSTK,HAL,27-Jun-2024,4500.0,CE,95.65,104.3,83.95,90.8,90.8,77,1061.23,43500,9000,06-MAY-2024,
OPTSTK,HAL,27-Jun-2024,3000.0,PE,11.6,11.6,11.6,11.6,8.2,2,18.06,2100,600,06-MAY-2024,
OPTSTK,HAL,27-Jun-2024,3100.0,PE,0.0,0.0,0.0,19.35,14.25,0,0.0,4200,0,06-MAY-2024,
OPTSTK,HAL,27-Jun-2024,3200.0,PE,32.15,32.15,32.15,32.15,23.45,4,38.78,4200,1200,06-MAY-2024,
OPTSTK,HAL,27-Jun-2024,3300.0,PE,49.55,49.55,49.55,49.55,49.55,7,70.34,4800,1800,06-MAY-2024,
OPTSTK,HAL,27-Jun-2024,3400.0,PE,73.0,73.0,73.0,73.0,55.0,3,31.25,3000,600,06-MAY-2024,
OPTSTK,HAL,27-Jun-2024,3500.0,PE,103.4,108.6,98.0,107.85,107.85,28,302.67,49200,1200,06-MAY-2024,
OPTSTK,HAL,27-Jun-2024,3600.0,PE,148.9,165.0,140.0,148.2,148.2,28,315.11,23100,900,06-MAY-2024,
OPTSTK,HAL,27-Jun-2024,3650.0,PE,0.0,0.0,0.0,94.8,127.4,0,0.0,0,0,06-MAY-2024,
OPTSTK,HAL,27-Jun-2024,3700.0,PE,185.0,186.75,173.0,186.75,147.05,11,128.05,3000,2100,06-MAY-2024,
OPTSTK,HAL,27-Jun-2024,3750.0,PE,0.0,0.0,0.0,125.6,168.5,0,0.0,0,0,06-MAY-2024,
OPTSTK,HAL,27-Jun-2024,3800.0,PE,188.0,238.5,188.0,230.0,230.0,18,217.26,11100,3000,06-MAY-2024,
OPTSTK,HAL,27-Jun-2024,3850.0,PE,0.0,0.0,0.0,120.0,216.8,0,0.0,1200,0,06-MAY-2024,
OPTSTK,HAL,27-Jun-2024,3900.0,PE,275.0,300.0,260.0,280.0,243.65,9,112.75,3000,1200,06-MAY-2024,
OPTSTK,HAL,27-Jun-2024,3950.0,PE,0.0,0.0,0.0,205.85,272.2,0,0.0,0,0,06-MAY-2024,
OPTSTK,HAL,27-Jun-2024,4000.0,PE,300.0,352.0,300.0,349.5,349.5,14,182.19,35700,900,06-MAY-2024,
OPTSTK,HAL,27-Jun-2024,4050.0,PE,0.0,0.0,0.0,255.2,334.3,0,0.0,0,0,06-MAY-2024,
OPTSTK,HAL,27-Jun-2024,4100.0,PE,0.0,0.0,0.0,757.8,367.7,0,0.0,0,0,06-MAY-2024,
OPTSTK,HAL,27-Jun-2024,4150.0,PE,0.0,0.0,0.0,310.65,402.55,0,0.0,0,0,06-MAY-2024,
OPTSTK,HAL,27-Jun-2024,4200.0,PE,0.0,0.0,0.0,843.9,438.85,0,0.0,0,0,06-MAY-2024,
OPTSTK,HAL,27-Jun-2024,4250.0,PE,0.0,0.0,0.0,371.8,476.6,0,0.0,0,0,06-MAY-2024,
OPTSTK,HAL,27-Jun-2024,4300.0,PE,0.0,0.0,0.0,866.15,515.3,0,0.0,0,0,06-MAY-2024,
OPTSTK,HAL,27-Jun-2024,4400.0,PE,0.0,0.0,0.0,1022.65,596.15,0,0.0,0,0,06-MAY-2024,
OPTSTK,HAL,27-Jun-2024,4500.0,PE,0.0,0.0,0.0,885.5,680.85,0,0.0,0,0,06-MAY-2024,
OPTSTK,HAL,25-Jul-2024,3600.0,CE,0.0,0.0,0.0,580.1,421.9,0,0.0,0,0,06-MAY-2024,
OPTSTK,HAL,25-Jul-2024,3700.0,CE,0.0,0.0,0.0,512.9,363.05,0,0.0,0,0,06-MAY-2024,
OPTSTK,HAL,25-Jul-2024,3800.0,CE,0.0,0.0,0.0,451.0,310.05,0,0.0,0,0,06-MAY-2024,
OPTSTK,HAL,25-Jul-2024,3900.0,CE,0.0,0.0,0.0,394.25,262.75,0,0.0,0,0,06-MAY-2024,
OPTSTK,HAL,25-Jul-2024,4000.0,CE,0.0,0.0,0.0,342.6,221.05,0,0.0,0,0,06-MAY-2024,
OPTSTK,HAL,25-Jul-2024,4100.0,CE,0.0,0.0,0.0,296.1,184.65,0,0.0,0,0,06-MAY-2024,
OPTSTK,HAL,25-Jul-2024,4200.0,CE,0.0,0.0,0.0,254.45,153.15,0,0.0,0,0,06-MAY-2024,
OPTSTK,HAL,25-Jul-2024,4300.0,CE,0.0,0.0,0.0,217.5,126.3,0,0.0,0,0,06-MAY-2024,
OPTSTK,HAL,25-Jul-2024,4400.0,CE,0.0,0.0,0.0,184.9,103.5,0,0.0,0,0,06-MAY-2024,
OPTSTK,HAL,25-Jul-2024,3600.0,PE,0.0,0.0,0.0,114.35,148.55,0,0.0,0,0,06-MAY-2024,
OPTSTK,HAL,25-Jul-2024,3700.0,PE,0.0,0.0,0.0,145.35,188.15,0,0.0,0,0,06-MAY-2024,
OPTSTK,HAL,25-Jul-2024,3800.0,PE,0.0,0.0,0.0,181.65,233.55,0,0.0,0,0,06-MAY-2024,
OPTSTK,HAL,25-Jul-2024,3900.0,PE,0.0,0.0,0.0,223.05,284.65,0,0.0,0,0,06-MAY-2024,
OPTSTK,HAL,25-Jul-2024,4000.0,PE,0.0,0.0,0.0,269.65,341.4,0,0.0,0,0,06-MAY-2024,
OPTSTK,HAL,25-Jul-2024,4100.0,PE,0.0,0.0,0.0,321.3,403.4,0,0.0,0,0,06-MAY-2024,
OPTSTK,HAL,25-Jul-2024,4200.0,PE,0.0,0.0,0.0,377.85,470.3,0,0.0,0,0,06-MAY-2024,
OPTSTK,HAL,25-Jul-2024,4300.0,PE,0.0,0.0,0.0,439.1,541.9,0,0.0,0,0,06-MAY-2024,
OPTSTK,HAL,25-Jul-2024,4400.0,PE,0.0,0.0,0.0,504.7,617.5,0,0.0,0,0,06-MAY-2024,
OPTSTK,HAVELLS,30-May-2024,1400.0,CE,280.25,280.25,280.25,280.25,282.0,1,8.4,11500,0,06-MAY-2024,
OPTSTK,HAVELLS,30-May-2024,1440.0,CE,0.0,0.0,0.0,155.85,242.75,0,0.0,0,0,06-MAY-2024,
OPTSTK,HAVELLS,30-May-2024,1460.0,CE,0.0,0.0,0.0,175.1,223.35,0,0.0,500,0,06-MAY-2024,
OPTSTK,HAVELLS,30-May-2024,1480.0,CE,0.0,0.0,0.0,172.5,204.25,0,0.0,3000,0,06-MAY-2024,
OPTSTK,HAVELLS,30-May-2024,1500.0,CE,0.0,0.0,0.0,179.0,185.45,0,0.0,37000,0,06-MAY-2024,
OPTSTK,HAVELLS,30-May-2024,1520.0,CE,0.0,0.0,0.0,175.35,167.15,0,0.0,2500,0,06-MAY-2024,
OPTSTK,HAVELLS,30-May-2024,1540.0,CE,157.05,164.0,148.3,156.85,149.45,49,414.89,18500,-2500,06-MAY-2024,
OPTSTK,HAVELLS,30-May-2024,1560.0,CE,150.0,151.0,134.0,136.55,136.55,31,264.18,45000,-1000,06-MAY-2024,
OPTSTK,HAVELLS,30-May-2024,1580.0,CE,0.0,0.0,0.0,112.0,116.3,0,0.0,50000,0,06-MAY-2024,
OPTSTK,HAVELLS,30-May-2024,1600.0,CE,111.65,119.5,99.0,105.05,105.05,40,341.6,117000,-2500,06-MAY-2024,
OPTSTK,HAVELLS,30-May-2024,1620.0,CE,95.95,100.8,85.0,86.45,86.95,8,68.36,36500,1000,06-MAY-2024,
OPTSTK,HAVELLS,30-May-2024,1640.0,CE,78.25,91.5,71.15,77.3,77.3,365,3143.37,126500,15000,06-MAY-2024,
OPTSTK,HAVELLS,30-May-2024,1660.0,CE,65.75,76.0,59.95,65.15,65.15,663,5732.87,207500,-56500,06-MAY-2024,
OPTSTK,HAVELLS,30-May-2024,1680.0,CE,54.85,64.3,50.05,55.15,55.15,1203,10453.35,321500,-33500,06-MAY-2024,
OPTSTK,HAVELLS,30-May-2024,1700.0,CE,44.5,54.0,41.05,45.6,45.6,3110,27191.75,1042500,-99500,06-MAY-2024,
OPTSTK,HAVELLS,30-May-2024,1720.0,CE,38.6,44.9,34.95,37.6,37.6,511,4496.44,210500,-6500,06-MAY-2024,
OPTSTK,HAVELLS,30-May-2024,1740.0,CE,31.4,37.35,28.0,30.95,30.95,542,4804.4,158000,-33000,06-MAY-2024,
OPTSTK,HAVELLS,30-May-2024,1760.0,CE,25.95,30.55,23.6,25.2,25.2,602,5377.97,299000,-9500,06-MAY-2024,
OPTSTK,HAVELLS,30-May-2024,1780.0,CE,21.35,25.2,18.7,20.55,20.55,170,1531.58,33500,2500,06-MAY-2024,
OPTSTK,HAVELLS,30-May-2024,1800.0,CE,17.45,20.9,15.15,16.65,16.65,909,8262.79,476500,-49000,06-MAY-2024,
OPTSTK,HAVELLS,30-May-2024,1840.0,CE,12.0,13.8,10.1,11.0,11.0,451,4175.56,111500,-24500,06-MAY-2024,
OPTSTK,HAVELLS,30-May-2024,1880.0,CE,11.0,11.0,6.45,7.35,7.35,667,6294.73,197500,-62000,06-MAY-2024,
OPTSTK,HAVELLS,30-May-2024,1920.0,CE,5.1,6.1,3.85,4.65,4.65,326,3137.17,198000,-2500,06-MAY-2024,
OPTSTK,HAVELLS,30-May-2024,1240.0,PE,0.0,0.0,0.0,0.95,0.0,0,0.0,3500,0,06-MAY-2024,
OPTSTK,HAVELLS,30-May-2024,1280.0,PE,0.3,0.55,0.3,0.5,0.5,19,121.64,32000,500,06-MAY-2024,
OPTSTK,HAVELLS,30-May-2024,1320.0,PE,0.95,1.0,0.95,1.0,1.0,3,19.81,64000,0,06-MAY-2024,
OPTSTK,HAVELLS,30-May-2024,1340.0,PE,0.0,0.0,0.0,0.75,0.05,0,0.0,26000,0,06-MAY-2024,
OPTSTK,HAVELLS,30-May-2024,1360.0,PE,0.0,0.0,0.0,1.2,0.1,0,0.0,12000,0,06-MAY-2024,
OPTSTK,HAVELLS,30-May-2024,1380.0,PE,0.0,0.0,0.0,1.7,0.15,0,0.0,32000,0,06-MAY-2024,
OPTSTK,HAVELLS,30-May-2024,1400.0,PE,2.3,2.5,1.65,2.0,2.0,68,476.7,287000,-10000,06-MAY-2024,
OPTSTK,HAVELLS,30-May-2024,1420.0,PE,2.3,2.3,2.3,2.3,0.5,1,7.11,24000,-500,06-MAY-2024,
OPTSTK,HAVELLS,30-May-2024,1440.0,PE,2.8,2.8,2.8,2.8,0.85,1,7.21,27000,-500,06-MAY-2024,
OPTSTK,HAVELLS,30-May-2024,1460.0,PE,3.0,3.9,2.7,3.2,3.2,51,373.14,161500,-11500,06-MAY-2024,
OPTSTK,HAVELLS,30-May-2024,1480.0,PE,3.65,5.0,3.5,4.2,4.2,63,467.49,54000,-11500,06-MAY-2024,
OPTSTK,HAVELLS,30-May-2024,1500.0,PE,5.1,6.25,4.05,5.25,5.25,346,2603.97,453500,-10000,06-MAY-2024,
OPTSTK,HAVELLS,30-May-2024,1520.0,PE,6.55,7.9,5.4,7.05,7.05,139,1061.03,85000,-7000,06-MAY-2024,
OPTSTK,HAVELLS,30-May-2024,1540.0,PE,8.65,10.0,6.9,9.35,9.35,306,2369.67,184500,21500,06-MAY-2024,
OPTSTK,HAVELLS,30-May-2024,1560.0,PE,11.5,13.3,9.0,12.3,12.3,280,2200.05,96500,-50000,06-MAY-2024,
OPTSTK,HAVELLS,30-May-2024,1580.0,PE,15.1,17.3,11.6,16.2,16.2,346,2759.31,112000,22000,06-MAY-2024,
OPTSTK,HAVELLS,30-May-2024,1600.0,PE,20.45,22.35,15.05,20.85,20.85,409,3311.08,222500,-17500,06-MAY-2024,
OPTSTK,HAVELLS,30-May-2024,1620.0,PE,24.75,27.8,19.95,26.3,26.3,255,2097.14,112500,-7500,06-MAY-2024,
OPTSTK,HAVELLS,30-May-2024,1640.0,PE,31.6,35.35,25.05,32.7,32.7,250,2088.37,181000,-23500,06-MAY-2024,
OPTSTK,HAVELLS,30-May-2024,1660.0,PE,43.5,44.5,32.05,40.9,40.9,516,4381.36,289500,-6000,06-MAY-2024,
OPTSTK,HAVELLS,30-May-2024,1680.0,PE,46.0,54.3,40.0,50.1,50.1,454,3921.73,193500,10000,06-MAY-2024,
OPTSTK,HAVELLS,30-May-2024,1700.0,PE,59.55,66.75,50.0,60.3,60.3,388,3408.0,242000,4500,06-MAY-2024,
OPTSTK,HAVELLS,30-May-2024,1720.0,PE,62.35,76.75,62.35,63.35,71.4,40,357.39,24000,1000,06-MAY-2024,
OPTSTK,HAVELLS,30-May-2024,1740.0,PE,90.35,90.35,80.6,85.75,85.75,23,209.92,10000,3500,06-MAY-2024,
OPTSTK,HAVELLS,30-May-2024,1760.0,PE,90.0,97.55,90.0,97.55,98.6,2,18.53,4000,500,06-MAY-2024,
OPTSTK,HAVELLS,30-May-2024,1780.0,PE,0.0,0.0,0.0,239.2,113.8,0,0.0,0,0,06-MAY-2024,
OPTSTK,HAVELLS,30-May-2024,1800.0,PE,138.4,138.4,121.45,121.45,129.8,4,38.57,6000,-500,06-MAY-2024,
OPTSTK,HAVELLS,30-May-2024,1840.0,PE,0.0,0.0,0.0,290.15,163.95,0,0.0,0,0,06-MAY-2024,
OPTSTK,HAVELLS,30-May-2024,1880.0,PE,0.0,0.0,0.0,325.6,200.3,0,0.0,0,0,06-MAY-2024,
OPTSTK,HAVELLS,30-May-2024,1920.0,PE,0.0,0.0,0.0,361.95,238.1,0,0.0,0,0,06-MAY-2024,
OPTSTK,HAVELLS,27-Jun-2024,1400.0,CE,0.0,0.0,0.0,171.4,292.7,0,0.0,0,0,06-MAY-2024,
OPTSTK,HAVELLS,27-Jun-2024,1440.0,CE,0.0,0.0,0.0,144.15,255.65,0,0.0,0,0,06-MAY-2024,
OPTSTK,HAVELLS,27-Jun-2024,1480.0,CE,0.0,0.0,0.0,119.75,220.05,0,0.0,0,0,06-MAY-2024,
OPTSTK,HAVELLS,27-Jun-2024,1500.0,CE,0.0,0.0,0.0,119.65,203.0,0,0.0,0,0,06-MAY-2024,
OPTSTK,HAVELLS,27-Jun-2024,1520.0,CE,0.0,0.0,0.0,98.2,186.45,0,0.0,0,0,06-MAY-2024,
OPTSTK,HAVELLS,27-Jun-2024,1540.0,CE,0.0,0.0,0.0,95.8,170.55,0,0.0,0,0,06-MAY-2024,
OPTSTK,HAVELLS,27-Jun-2024,1560.0,CE,0.0,0.0,0.0,79.5,155.3,0,0.0,0,0,06-MAY-2024,
OPTSTK,HAVELLS,27-Jun-2024,1580.0,CE,0.0,0.0,0.0,75.3,140.8,0,0.0,0,0,06-MAY-2024,
OPTSTK,HAVELLS,27-Jun-2024,1600.0,CE,0.0,0.0,0.0,63.55,127.0,0,0.0,0,0,06-MAY-2024,
OPTSTK,HAVELLS,27-Jun-2024,1620.0,CE,0.0,0.0,0.0,58.1,114.05,0,0.0,0,0,06-MAY-2024,
OPTSTK,HAVELLS,27-Jun-2024,1640.0,CE,0.0,0.0,0.0,50.15,101.95,0,0.0,0,0,06-MAY-2024,
OPTSTK,HAVELLS,27-Jun-2024,1660.0,CE,0.0,0.0,0.0,44.0,90.65,0,0.0,0,0,06-MAY-2024,
OPTSTK,HAVELLS,27-Jun-2024,1680.0,CE,0.0,0.0,0.0,39.1,80.25,0,0.0,0,0,06-MAY-2024,
OPTSTK,HAVELLS,27-Jun-2024,1700.0,CE,97.05,98.0,94.2,97.4,97.4,20,179.65,20500,4000,06-MAY-2024,
OPTSTK,HAVELLS,27-Jun-2024,1720.0,CE,85.0,86.0,84.0,84.0,61.95,3,27.07,4500,1000,06-MAY-2024,
OPTSTK,HAVELLS,27-Jun-2024,1740.0,CE,0.0,0.0,0.0,23.9,54.0,0,0.0,0,0,06-MAY-2024,
OPTSTK,HAVELLS,27-Jun-2024,1760.0,CE,0.0,0.0,0.0,23.0,46.85,0,0.0,0,0,06-MAY-2024,
OPTSTK,HAVELLS,27-Jun-2024,1780.0,CE,0.0,0.0,0.0,17.15,40.45,0,0.0,0,0,06-MAY-2024,
OPTSTK,HAVELLS,27-Jun-2024,1800.0,CE,46.55,55.5,46.55,55.0,34.75,13,120.53,41500,1500,06-MAY-2024,
OPTSTK,HAVELLS,27-Jun-2024,1840.0,CE,0.0,0.0,0.0,45.0,25.3,0,0.0,24500,0,06-MAY-2024,
OPTSTK,HAVELLS,27-Jun-2024,1880.0,CE,25.0,25.5,25.0,25.5,18.05,6,57.15,3000,3000,06-MAY-2024,
OPTSTK,HAVELLS,27-Jun-2024,1920.0,CE,0.0,0.0,0.0,6.95,12.65,0,0.0,0,0,06-MAY-2024,
OPTSTK,HAVELLS,27-Jun-2024,1400.0,PE,0.0,0.0,0.0,5.35,3.05,0,0.0,7000,0,06-MAY-2024,
OPTSTK,HAVELLS,27-Jun-2024,1440.0,PE,0.0,0.0,0.0,43.4,5.55,0,0.0,0,0,06-MAY-2024,
OPTSTK,HAVELLS,27-Jun-2024,1480.0,PE,0.0,0.0,0.0,58.3,9.55,0,0.0,0,0,06-MAY-2024,
OPTSTK,HAVELLS,27-Jun-2024,1500.0,PE,19.55,23.05,19.55,23.05,23.05,6,45.67,6000,2000,06-MAY-2024,
OPTSTK,HAVELLS,27-Jun-2024,1520.0,PE,0.0,0.0,0.0,76.05,15.55,0,0.0,0,0,06-MAY-2024,
OPTSTK,HAVELLS,27-Jun-2024,1540.0,PE,0.0,0.0,0.0,55.9,19.4,0,0.0,0,0,06-MAY-2024,
OPTSTK,HAVELLS,27-Jun-2024,1560.0,PE,0.0,0.0,0.0,96.65,23.95,0,0.0,0,0,06-MAY-2024,
OPTSTK,HAVELLS,27-Jun-2024,1580.0,PE,0.0,0.0,0.0,74.9,29.3,0,0.0,0,0,06-MAY-2024,
OPTSTK,HAVELLS,27-Jun-2024,1600.0,PE,0.0,0.0,0.0,39.75,35.25,0,0.0,500,0,06-MAY-2024,
OPTSTK,HAVELLS,27-Jun-2024,1620.0,PE,50.0,50.0,50.0,50.0,42.1,2,16.7,4500,1000,06-MAY-2024,
OPTSTK,HAVELLS,27-Jun-2024,1640.0,PE,0.0,0.0,0.0,145.85,49.8,0,0.0,0,0,06-MAY-2024,
OPTSTK,HAVELLS,27-Jun-2024,1660.0,PE,0.0,0.0,0.0,122.6,58.3,0,0.0,0,0,06-MAY-2024,
OPTSTK,HAVELLS,27-Jun-2024,1680.0,PE,0.0,0.0,0.0,174.1,67.7,0,0.0,0,0,06-MAY-2024,
OPTSTK,HAVELLS,27-Jun-2024,1700.0,PE,0.0,0.0,0.0,150.85,77.9,0,0.0,0,0,06-MAY-2024,
OPTSTK,HAVELLS,27-Jun-2024,1720.0,PE,0.0,0.0,0.0,204.45,88.95,0,0.0,0,0,06-MAY-2024,
OPTSTK,HAVELLS,27-Jun-2024,1740.0,PE,0.0,0.0,0.0,181.5,100.8,0,0.0,0,0,06-MAY-2024,
OPTSTK,HAVELLS,27-Jun-2024,1760.0,PE,0.0,0.0,0.0,236.55,113.45,0,0.0,0,0,06-MAY-2024,
OPTSTK,HAVELLS,27-Jun-2024,1780.0,PE,0.0,0.0,0.0,214.25,126.85,0,0.0,0,0,06-MAY-2024,
OPTSTK,HAVELLS,27-Jun-2024,1800.0,PE,0.0,0.0,0.0,270.15,140.95,0,0.0,0,0,06-MAY-2024,
OPTSTK,HAVELLS,27-Jun-2024,1840.0,PE,0.0,0.0,0.0,305.05,171.1,0,0.0,0,0,06-MAY-2024,
OPTSTK,HAVELLS,27-Jun-2024,1880.0,PE,0.0,0.0,0.0,340.95,203.45,0,0.0,0,0,06-MAY-2024,
OPTSTK,HAVELLS,27-Jun-2024,1920.0,PE,0.0,0.0,0.0,377.65,237.65,0,0.0,0,0,06-MAY-2024,
OPTSTK,HAVELLS,25-Jul-2024,1440.0,CE,0.0,0.0,0.0,178.5,269.55,0,0.0,0,0,06-MAY-2024,
OPTSTK,HAVELLS,25-Jul-2024,1480.0,CE,0.0,0.0,0.0,151.1,236.0,0,0.0,0,0,06-MAY-2024,
OPTSTK,HAVELLS,25-Jul-2024,1520.0,CE,0.0,0.0,0.0,126.45,204.4,0,0.0,0,0,06-MAY-2024,
OPTSTK,HAVELLS,25-Jul-2024,1560.0,CE,0.0,0.0,0.0,104.55,175.15,0,0.0,0,0,06-MAY-2024,
OPTSTK,HAVELLS,25-Jul-2024,1600.0,CE,0.0,0.0,0.0,85.4,148.2,0,0.0,0,0,06-MAY-2024,
OPTSTK,HAVELLS,25-Jul-2024,1640.0,CE,0.0,0.0,0.0,68.95,124.05,0,0.0,0,0,06-MAY-2024,
OPTSTK,HAVELLS,25-Jul-2024,1680.0,CE,0.0,0.0,0.0,55.0,102.55,0,0.0,0,0,06-MAY-2024,
OPTSTK,HAVELLS,25-Jul-2024,1720.0,CE,0.0,0.0,0.0,43.35,83.8,0,0.0,0,0,06-MAY-2024,
OPTSTK,HAVELLS,25-Jul-2024,1760.0,CE,0.0,0.0,0.0,33.9,67.65,0,0.0,0,0,06-MAY-2024,
OPTSTK,HAVELLS,25-Jul-2024,1800.0,CE,0.0,0.0,0.0,26.15,54.0,0,0.0,0,0,06-MAY-2024,
OPTSTK,HAVELLS,25-Jul-2024,1840.0,CE,0.0,0.0,0.0,19.95,42.6,0,0.0,0,0,06-MAY-2024,
OPTSTK,HAVELLS,25-Jul-2024,1920.0,CE,0.0,0.0,0.0,11.3,25.7,0,0.0,0,0,06-MAY-2024,
OPTSTK,HAVELLS,25-Jul-2024,1440.0,PE,0.0,0.0,0.0,31.9,11.55,0,0.0,0,0,06-MAY-2024,
OPTSTK,HAVELLS,25-Jul-2024,1480.0,PE,0.0,0.0,0.0,43.75,17.35,0,0.0,0,0,06-MAY-2024,
OPTSTK,HAVELLS,25-Jul-2024,1520.0,PE,0.0,0.0,0.0,58.4,25.15,0,0.0,0,0,06-MAY-2024,
OPTSTK,HAVELLS,25-Jul-2024,1560.0,PE,0.0,0.0,0.0,75.75,35.2,0,0.0,0,0,06-MAY-2024,
OPTSTK,HAVELLS,25-Jul-2024,1600.0,PE,0.0,0.0,0.0,95.9,47.65,0,0.0,0,0,06-MAY-2024,
OPTSTK,HAVELLS,25-Jul-2024,1640.0,PE,0.0,0.0,0.0,118.7,62.85,0,0.0,0,0,06-MAY-2024,
OPTSTK,HAVELLS,25-Jul-2024,1680.0,PE,0.0,0.0,0.0,144.05,80.75,0,0.0,0,0,06-MAY-2024,
OPTSTK,HAVELLS,25-Jul-2024,1720.0,PE,0.0,0.0,0.0,171.7,101.35,0,0.0,0,0,06-MAY-2024,
OPTSTK,HAVELLS,25-Jul-2024,1760.0,PE,0.0,0.0,0.0,201.55,124.6,0,0.0,0,0,06-MAY-2024,
OPTSTK,HAVELLS,25-Jul-2024,1800.0,PE,0.0,0.0,0.0,233.0,150.3,0,0.0,0,0,06-MAY-2024,
OPTSTK,HAVELLS,25-Jul-2024,1840.0,PE,0.0,0.0,0.0,266.15,178.3,0,0.0,0,0,06-MAY-2024,
OPTSTK,HAVELLS,25-Jul-2024,1920.0,PE,0.0,0.0,0.0,336.0,240.1,0,0.0,0,0,06-MAY-2024,
OPTSTK,HCLTECH,30-May-2024,1120.0,CE,0.0,0.0,0.0,564.3,244.1,0,0.0,0,0,06-MAY-2024,
OPTSTK,HCLTECH,30-May-2024,1160.0,CE,0.0,0.0,0.0,505.15,204.6,0,0.0,0,0,06-MAY-2024,
OPTSTK,HCLTECH,30-May-2024,1180.0,CE,0.0,0.0,0.0,378.3,185.05,0,0.0,0,0,06-MAY-2024,
OPTSTK,HCLTECH,30-May-2024,1200.0,CE,151.0,156.0,148.4,148.4,165.8,8,37.83,28700,-350,06-MAY-2024,
OPTSTK,HCLTECH,30-May-2024,1220.0,CE,130.0,133.0,130.0,133.0,146.9,4,18.92,14000,0,06-MAY-2024,
OPTSTK,HCLTECH,30-May-2024,1240.0,CE,0.0,0.0,0.0,107.65,128.6,0,0.0,12250,0,06-MAY-2024,
OPTSTK,HCLTECH,30-May-2024,1260.0,CE,95.0,95.1,95.0,95.1,111.05,4,18.97,12600,0,06-MAY-2024,
OPTSTK,HCLTECH,30-May-2024,1280.0,CE,83.0,85.15,77.1,80.7,80.7,28,133.46,12600,350,06-MAY-2024,
OPTSTK,HCLTECH,30-May-2024,1300.0,CE,64.0,69.5,59.85,65.45,65.45,405,1936.38,156100,23100,06-MAY-2024,
OPTSTK,HCLTECH,30-May-2024,1320.0,CE,46.5,55.0,46.5,51.1,51.1,293,1406.19,54600,-2450,06-MAY-2024,
OPTSTK,HCLTECH,30-May-2024,1340.0,CE,38.95,43.1,35.65,39.4,39.4,1601,7729.97,350000,11200,06-MAY-2024,
OPTSTK,HCLTECH,30-May-2024,1360.0,CE,28.7,32.6,26.6,29.7,29.7,4390,21356.48,938350,-95550,06-MAY-2024,
OPTSTK,HCLTECH,30-May-2024,1380.0,CE,22.0,24.5,19.5,22.05,22.05,2863,14052.46,892500,-68950,06-MAY-2024,
OPTSTK,HCLTECH,30-May-2024,1400.0,CE,15.5,18.0,14.45,16.15,16.15,4884,24213.06,2323300,-174650,06-MAY-2024,
OPTSTK,HCLTECH,30-May-2024,1420.0,CE,11.85,13.05,10.55,11.65,11.65,1631,8173.26,1086750,-48300,06-MAY-2024,
OPTSTK,HCLTECH,30-May-2024,1440.0,CE,10.0,10.0,7.7,8.55,8.55,1613,8179.08,1136450,-70350,06-MAY-2024,
OPTSTK,HCLTECH,30-May-2024,1460.0,CE,6.75,7.0,5.75,6.3,6.3,911,4675.52,861350,-55650,06-MAY-2024,
OPTSTK,HCLTECH,30-May-2024,1480.0,CE,5.2,5.35,4.4,4.8,4.8,651,3383.12,751450,-11200,06-MAY-2024,
OPTSTK,HCLTECH,30-May-2024,1500.0,CE,4.0,4.3,3.6,3.85,3.85,2164,11389.93,2473450,350,06-MAY-2024,
OPTSTK,HCLTECH,30-May-2024,1520.0,CE,3.2,3.2,2.8,3.0,3.0,530,2825.06,439600,-10850,06-MAY-2024,
OPTSTK,HCLTECH,30-May-2024,1540.0,CE,2.55,2.55,2.3,2.45,2.45,294,1587.12,399350,-14350,06-MAY-2024,
OPTSTK,HCLTECH,30-May-2024,1560.0,CE,2.05,2.05,1.6,1.85,1.85,281,1536.04,465850,-22050,06-MAY-2024,
OPTSTK,HCLTECH,30-May-2024,1580.0,CE,1.8,1.8,1.45,1.7,1.7,81,448.37,166950,-3850,06-MAY-2024,
OPTSTK,HCLTECH,30-May-2024,1600.0,CE,1.15,1.55,1.15,1.4,1.4,673,3771.83,1226400,-80500,06-MAY-2024,
OPTSTK,HCLTECH,30-May-2024,1620.0,CE,1.35,1.35,1.15,1.3,1.3,89,505.0,148750,5600,06-MAY-2024,
OPTSTK,HCLTECH,30-May-2024,1640.0,CE,1.0,1.05,0.95,0.95,0.2,12,68.92,134400,1050,06-MAY-2024,
OPTSTK,HCLTECH,30-May-2024,1660.0,CE,0.8,0.9,0.8,0.8,0.8,12,69.75,74900,-700,06-MAY-2024,
OPTSTK,HCLTECH,30-May-2024,1680.0,CE,0.8,0.85,0.8,0.85,0.1,13,76.47,16100,-3150,06-MAY-2024,
OPTSTK,HCLTECH,30-May-2024,1700.0,CE,0.95,0.95,0.75,0.8,0.8,446,2654.98,720300,-16800,06-MAY-2024,
OPTSTK,HCLTECH,30-May-2024,1720.0,CE,0.6,0.6,0.6,0.6,0.6,1,6.02,105350,-350,06-MAY-2024,
OPTSTK,HCLTECH,30-May-2024,1760.0,CE,0.35,0.45,0.35,0.4,0.05,10,61.61,47250,350,06-MAY-2024,
OPTSTK,HCLTECH,30-May-2024,1800.0,CE,0.6,0.6,0.45,0.45,0.45,36,226.86,128450,-3500,06-MAY-2024,
OPTSTK,HCLTECH,30-May-2024,1120.0,PE,0.0,0.0,0.0,0.1,0.1,0,0.0,0,0,06-MAY-2024,
OPTSTK,HCLTECH,30-May-2024,1160.0,PE,1.2,1.3,1.0,1.25,1.25,32,130.05,33950,1050,06-MAY-2024,
OPTSTK,HCLTECH,30-May-2024,1180.0,PE,1.65,1.8,1.5,1.6,0.75,25,103.39,33950,-3150,06-MAY-2024,
OPTSTK,HCLTECH,30-May-2024,1200.0,PE,2.95,3.0,1.95,2.4,2.4,371,1561.27,452200,-9450,06-MAY-2024,
OPTSTK,HCLTECH,30-May-2024,1220.0,PE,3.9,4.35,3.05,3.4,3.4,185,792.28,103950,-8750,06-MAY-2024,
OPTSTK,HCLTECH,30-May-2024,1240.0,PE,5.9,6.15,4.4,4.95,4.95,614,2675.6,248500,-51100,06-MAY-2024,
OPTSTK,HCLTECH,30-May-2024,1260.0,PE,7.75,9.0,6.4,7.05,7.05,519,2302.01,245350,-19250,06-MAY-2024,
OPTSTK,HCLTECH,30-May-2024,1280.0,PE,11.7,12.3,9.1,10.05,10.05,711,3210.66,248150,-350,06-MAY-2024,
OPTSTK,HCLTECH,30-May-2024,1300.0,PE,18.05,18.05,12.85,14.3,14.3,1651,7596.25,754950,-28350,06-MAY-2024,
OPTSTK,HCLTECH,30-May-2024,1320.0,PE,21.05,24.05,18.5,20.3,20.3,662,3105.81,334250,12250,06-MAY-2024,
OPTSTK,HCLTECH,30-May-2024,1340.0,PE,34.15,34.15,25.85,28.15,28.15,993,4756.84,426650,13300,06-MAY-2024,
OPTSTK,HCLTECH,30-May-2024,1360.0,PE,40.4,44.5,35.45,38.2,38.2,1251,6124.23,683900,-27650,06-MAY-2024,
OPTSTK,HCLTECH,30-May-2024,1380.0,PE,52.85,57.25,47.0,50.5,50.5,311,1557.68,371350,-5950,06-MAY-2024,
OPTSTK,HCLTECH,30-May-2024,1400.0,PE,65.9,71.1,60.35,64.65,64.65,352,1804.5,691250,-42350,06-MAY-2024,
OPTSTK,HCLTECH,30-May-2024,1420.0,PE,84.25,84.25,76.45,79.65,79.65,40,209.95,280000,2800,06-MAY-2024,
OPTSTK,HCLTECH,30-May-2024,1440.0,PE,96.45,99.75,92.2,96.15,96.15,55,295.59,281750,-9100,06-MAY-2024,
OPTSTK,HCLTECH,30-May-2024,1460.0,PE,120.0,120.0,113.05,114.1,114.1,35,193.04,298550,-7000,06-MAY-2024,
OPTSTK,HCLTECH,30-May-2024,1480.0,PE,134.6,138.4,127.5,133.75,133.75,19,107.15,216300,-2100,06-MAY-2024,
OPTSTK,HCLTECH,30-May-2024,1500.0,PE,153.45,158.95,146.25,150.95,150.95,34,196.61,333900,350,06-MAY-2024,
OPTSTK,HCLTECH,30-May-2024,1520.0,PE,0.0,0.0,0.0,177.15,157.3,0,0.0,96950,0,06-MAY-2024,
OPTSTK,HCLTECH,30-May-2024,1540.0,PE,0.0,0.0,0.0,202.7,176.15,0,0.0,60900,0,06-MAY-2024,
OPTSTK,HCLTECH,30-May-2024,1560.0,PE,211.0,212.0,211.0,212.0,195.3,45,279.07,106400,-10150,06-MAY-2024,
OPTSTK,HCLTECH,30-May-2024,1580.0,PE,0.0,0.0,0.0,206.0,214.75,0,0.0,30800,0,06-MAY-2024,
OPTSTK,HCLTECH,30-May-2024,1600.0,PE,244.25,250.0,244.25,247.4,234.3,4,25.87,197750,-1050,06-MAY-2024,
OPTSTK,HCLTECH,30-May-2024,1620.0,PE,0.0,0.0,0.0,102.35,254.0,0,0.0,0,0,06-MAY-2024,
OPTSTK,HCLTECH,30-May-2024,1640.0,PE,0.0,0.0,0.0,156.5,273.8,0,0.0,700,0,06-MAY-2024,
OPTSTK,HCLTECH,30-May-2024,1660.0,PE,0.0,0.0,0.0,162.2,293.65,0,0.0,2100,0,06-MAY-2024,
OPTSTK,HCLTECH,30-May-2024,1680.0,PE,0.0,0.0,0.0,218.0,313.5,0,0.0,9450,0,06-MAY-2024,
OPTSTK,HCLTECH,30-May-2024,1700.0,PE,347.0,347.5,347.0,347.1,347.1,23,164.81,26600,-6300,06-MAY-2024,
OPTSTK,HCLTECH,30-May-2024,1720.0,PE,0.0,0.0,0.0,106.15,353.25,0,0.0,0,0,06-MAY-2024,
OPTSTK,HCLTECH,30-May-2024,1800.0,PE,0.0,0.0,0.0,283.15,432.85,0,0.0,1750,0,06-MAY-2024,
OPTSTK,HCLTECH,27-Jun-2024,1120.0,CE,0.0,0.0,0.0,443.95,251.8,0,0.0,0,0,06-MAY-2024,
OPTSTK,HCLTECH,27-Jun-2024,1160.0,CE,0.0,0.0,0.0,405.1,214.05,0,0.0,0,0,06-MAY-2024,
OPTSTK,HCLTECH,27-Jun-2024,1180.0,CE,0.0,0.0,0.0,339.55,195.7,0,0.0,0,0,06-MAY-2024,
OPTSTK,HCLTECH,27-Jun-2024,1200.0,CE,0.0,0.0,0.0,366.65,177.85,0,0.0,0,0,06-MAY-2024,
OPTSTK,HCLTECH,27-Jun-2024,1220.0,CE,0.0,0.0,0.0,300.85,160.6,0,0.0,0,0,06-MAY-2024,
OPTSTK,HCLTECH,27-Jun-2024,1240.0,CE,0.0,0.0,0.0,328.8,144.05,0,0.0,0,0,06-MAY-2024,
OPTSTK,HCLTECH,27-Jun-2024,1260.0,CE,0.0,0.0,0.0,262.9,128.3,0,0.0,0,0,06-MAY-2024,
OPTSTK,HCLTECH,27-Jun-2024,1280.0,CE,0.0,0.0,0.0,291.9,113.45,0,0.0,0,0,06-MAY-2024,
OPTSTK,HCLTECH,27-Jun-2024,1300.0,CE,97.0,101.95,93.65,93.65,99.5,5,24.45,21700,700,06-MAY-2024,
OPTSTK,HCLTECH,27-Jun-2024,1320.0,CE,0.0,0.0,0.0,256.3,86.6,0,0.0,0,0,06-MAY-2024,
OPTSTK,HCLTECH,27-Jun-2024,1340.0,CE,0.0,0.0,0.0,191.1,74.75,0,0.0,0,0,06-MAY-2024,
OPTSTK,HCLTECH,27-Jun-2024,1360.0,CE,60.0,62.0,60.0,62.0,64.05,4,19.89,3850,0,06-MAY-2024,
OPTSTK,HCLTECH,27-Jun-2024,1380.0,CE,48.5,48.5,48.5,48.5,54.4,1,4.99,1750,0,06-MAY-2024,
OPTSTK,HCLTECH,27-Jun-2024,1400.0,CE,40.95,45.8,40.95,45.5,45.5,206,1040.91,145250,17150,06-MAY-2024,
OPTSTK,HCLTECH,27-Jun-2024,1420.0,CE,37.0,37.0,34.95,36.15,38.3,3,15.28,1050,1050,06-MAY-2024,
OPTSTK,HCLTECH,27-Jun-2024,1440.0,CE,0.0,0.0,0.0,160.95,31.7,0,0.0,0,0,06-MAY-2024,
OPTSTK,HCLTECH,27-Jun-2024,1460.0,CE,21.2,26.5,21.2,26.5,26.5,28,145.51,12950,7700,06-MAY-2024,
OPTSTK,HCLTECH,27-Jun-2024,1480.0,CE,0.0,0.0,0.0,134.1,21.3,0,0.0,0,0,06-MAY-2024,
OPTSTK,HCLTECH,27-Jun-2024,1500.0,CE,16.95,18.5,15.95,18.3,18.3,88,467.26,53200,13650,06-MAY-2024,
OPTSTK,HCLTECH,27-Jun-2024,1520.0,CE,0.0,0.0,0.0,110.2,13.8,0,0.0,0,0,06-MAY-2024,
OPTSTK,HCLTECH,27-Jun-2024,1540.0,CE,0.0,0.0,0.0,60.0,11.0,0,0.0,0,0,06-MAY-2024,
OPTSTK,HCLTECH,27-Jun-2024,1560.0,CE,0.0,0.0,0.0,9.95,8.65,0,0.0,700,0,06-MAY-2024,
OPTSTK,HCLTECH,27-Jun-2024,1580.0,CE,0.0,0.0,0.0,44.4,6.8,0,0.0,0,0,06-MAY-2024,
OPTSTK,HCLTECH,27-Jun-2024,1600.0,CE,6.3,7.0,6.1,6.8,6.8,31,174.31,39900,700,06-MAY-2024,
OPTSTK,HCLTECH,27-Jun-2024,1620.0,CE,0.0,0.0,0.0,32.1,4.1,0,0.0,0,0,06-MAY-2024,
OPTSTK,HCLTECH,27-Jun-2024,1640.0,CE,3.3,3.3,3.3,3.3,3.15,1,5.75,1050,350,06-MAY-2024,
OPTSTK,HCLTECH,27-Jun-2024,1680.0,CE,0.0,0.0,0.0,43.6,1.8,0,0.0,0,0,06-MAY-2024,
OPTSTK,HCLTECH,27-Jun-2024,1720.0,CE,0.0,0.0,0.0,33.45,1.0,0,0.0,0,0,06-MAY-2024,
OPTSTK,HCLTECH,27-Jun-2024,1760.0,CE,0.0,0.0,0.0,3.95,0.55,0,0.0,1750,0,06-MAY-2024,
OPTSTK,HCLTECH,27-Jun-2024,1120.0,PE,0.0,0.0,0.0,0.4,1.4,0,0.0,0,0,06-MAY-2024,
OPTSTK,HCLTECH,27-Jun-2024,1160.0,PE,0.0,0.0,0.0,0.85,3.25,0,0.0,0,0,06-MAY-2024,
OPTSTK,HCLTECH,27-Jun-2024,1180.0,PE,0.0,0.0,0.0,0.6,4.7,0,0.0,0,0,06-MAY-2024,
OPTSTK,HCLTECH,27-Jun-2024,1200.0,PE,0.0,0.0,0.0,1.65,6.65,0,0.0,0,0,06-MAY-2024,
OPTSTK,HCLTECH,27-Jun-2024,1220.0,PE,0.0,0.0,0.0,1.4,9.2,0,0.0,0,0,06-MAY-2024,
OPTSTK,HCLTECH,27-Jun-2024,1240.0,PE,11.7,18.5,11.7,18.5,12.45,2,8.78,27650,0,06-MAY-2024,
OPTSTK,HCLTECH,27-Jun-2024,1260.0,PE,19.8,19.8,19.8,19.8,16.45,1,4.47,700,350,06-MAY-2024,
OPTSTK,HCLTECH,27-Jun-2024,1280.0,PE,0.0,0.0,0.0,5.5,21.4,0,0.0,0,0,06-MAY-2024,
OPTSTK,HCLTECH,27-Jun-2024,1300.0,PE,35.0,37.9,33.0,37.35,37.35,26,121.46,53550,-2450,06-MAY-2024,
OPTSTK,HCLTECH,27-Jun-2024,1320.0,PE,39.0,45.0,39.0,45.0,45.0,7,33.36,5250,1750,06-MAY-2024,
OPTSTK,HCLTECH,27-Jun-2024,1340.0,PE,50.0,50.0,50.0,50.0,42.1,1,4.86,6300,350,06-MAY-2024,
OPTSTK,HCLTECH,27-Jun-2024,1360.0,PE,60.0,60.0,56.35,60.0,60.0,4,19.86,8750,0,06-MAY-2024,
OPTSTK,HCLTECH,27-Jun-2024,1380.0,PE,0.0,0.0,0.0,16.95,61.35,0,0.0,0,0,06-MAY-2024,
OPTSTK,HCLTECH,27-Jun-2024,1400.0,PE,77.55,84.05,75.6,83.65,72.55,20,103.51,48650,1400,06-MAY-2024,
OPTSTK,HCLTECH,27-Jun-2024,1420.0,PE,0.0,0.0,0.0,26.65,84.8,0,0.0,0,0,06-MAY-2024,
OPTSTK,HCLTECH,27-Jun-2024,1440.0,PE,0.0,0.0,0.0,31.65,98.05,0,0.0,0,0,06-MAY-2024,
OPTSTK,HCLTECH,27-Jun-2024,1460.0,PE,0.0,0.0,0.0,104.6,112.15,0,0.0,1400,0,06-MAY-2024,
OPTSTK,HCLTECH,27-Jun-2024,1480.0,PE,0.0,0.0,0.0,106.0,127.2,0,0.0,350,0,06-MAY-2024,
OPTSTK,HCLTECH,27-Jun-2024,1500.0,PE,150.0,150.0,150.0,150.0,142.9,1,5.77,4550,350,06-MAY-2024,
OPTSTK,HCLTECH,27-Jun-2024,1520.0,PE,0.0,0.0,0.0,59.5,159.3,0,0.0,0,0,06-MAY-2024,
OPTSTK,HCLTECH,27-Jun-2024,1540.0,PE,0.0,0.0,0.0,76.55,176.25,0,0.0,0,0,06-MAY-2024,
OPTSTK,HCLTECH,27-Jun-2024,1560.0,PE,0.0,0.0,0.0,77.85,193.75,0,0.0,0,0,06-MAY-2024,
OPTSTK,HCLTECH,27-Jun-2024,1580.0,PE,0.0,0.0,0.0,100.45,211.65,0,0.0,0,0,06-MAY-2024,
OPTSTK,HCLTECH,27-Jun-2024,1600.0,PE,0.0,0.0,0.0,99.15,229.95,0,0.0,0,0,06-MAY-2024,
OPTSTK,HCLTECH,27-Jun-2024,1620.0,PE,0.0,0.0,0.0,127.65,248.55,0,0.0,0,0,06-MAY-2024,
OPTSTK,HCLTECH,27-Jun-2024,1640.0,PE,0.0,0.0,0.0,123.3,267.4,0,0.0,0,0,06-MAY-2024,
OPTSTK,HCLTECH,27-Jun-2024,1680.0,PE,0.0,0.0,0.0,150.0,305.65,0,0.0,0,0,06-MAY-2024,
OPTSTK,HCLTECH,27-Jun-2024,1720.0,PE,0.0,0.0,0.0,179.2,344.45,0,0.0,0,0,06-MAY-2024,
OPTSTK,HCLTECH,25-Jul-2024,1120.0,CE,0.0,0.0,0.0,405.0,260.45,0,0.0,0,0,06-MAY-2024,
OPTSTK,HCLTECH,25-Jul-2024,1200.0,CE,0.0,0.0,0.0,328.4,190.2,0,0.0,0,0,06-MAY-2024,
OPTSTK,HCLTECH,25-Jul-2024,1240.0,CE,0.0,0.0,0.0,291.25,158.4,0,0.0,0,0,06-MAY-2024,
OPTSTK,HCLTECH,25-Jul-2024,1280.0,CE,0.0,0.0,0.0,255.3,129.45,0,0.0,0,0,06-MAY-2024,
OPTSTK,HCLTECH,25-Jul-2024,1320.0,CE,0.0,0.0,0.0,221.0,103.8,0,0.0,0,0,06-MAY-2024,
OPTSTK,HCLTECH,25-Jul-2024,1360.0,CE,0.0,0.0,0.0,188.75,81.6,0,0.0,0,0,06-MAY-2024,
OPTSTK,HCLTECH,25-Jul-2024,1400.0,CE,0.0,0.0,0.0,159.0,62.85,0,0.0,0,0,06-MAY-2024,
OPTSTK,HCLTECH,25-Jul-2024,1440.0,CE,0.0,0.0,0.0,131.9,47.5,0,0.0,0,0,06-MAY-2024,
OPTSTK,HCLTECH,25-Jul-2024,1480.0,CE,0.0,0.0,0.0,107.8,35.2,0,0.0,0,0,06-MAY-2024,
OPTSTK,HCLTECH,25-Jul-2024,1520.0,CE,0.0,0.0,0.0,86.8,25.65,0,0.0,0,0,06-MAY-2024,
OPTSTK,HCLTECH,25-Jul-2024,1560.0,CE,0.0,0.0,0.0,68.85,18.3,0,0.0,0,0,06-MAY-2024,
OPTSTK,HCLTECH,25-Jul-2024,1600.0,CE,11.0,13.0,11.0,13.0,12.85,5,28.21,1400,0,06-MAY-2024,
OPTSTK,HCLTECH,25-Jul-2024,1640.0,CE,0.0,0.0,0.0,41.35,8.85,0,0.0,0,0,06-MAY-2024,
OPTSTK,HCLTECH,25-Jul-2024,1680.0,CE,0.0,0.0,0.0,31.45,6.0,0,0.0,0,0,06-MAY-2024,
OPTSTK,HCLTECH,25-Jul-2024,1120.0,PE,0.0,0.0,0.0,0.65,3.9,0,0.0,0,0,06-MAY-2024,
OPTSTK,HCLTECH,25-Jul-2024,1200.0,PE,0.0,0.0,0.0,2.6,12.35,0,0.0,0,0,06-MAY-2024,
OPTSTK,HCLTECH,25-Jul-2024,1240.0,PE,0.0,0.0,0.0,4.7,19.95,0,0.0,0,0,06-MAY-2024,
OPTSTK,HCLTECH,25-Jul-2024,1280.0,PE,0.0,0.0,0.0,8.05,30.35,0,0.0,0,0,06-MAY-2024,
OPTSTK,HCLTECH,25-Jul-2024,1320.0,PE,0.0,0.0,0.0,45.0,44.05,0,0.0,1750,0,06-MAY-2024,
OPTSTK,HCLTECH,25-Jul-2024,1360.0,PE,0.0,0.0,0.0,20.05,61.25,0,0.0,0,0,06-MAY-2024,
OPTSTK,HCLTECH,25-Jul-2024,1400.0,PE,0.0,0.0,0.0,70.0,81.9,0,0.0,350,0,06-MAY-2024,
OPTSTK,HCLTECH,25-Jul-2024,1440.0,PE,0.0,0.0,0.0,41.75,105.9,0,0.0,0,0,06-MAY-2024,
OPTSTK,HCLTECH,25-Jul-2024,1480.0,PE,0.0,0.0,0.0,100.0,132.95,0,0.0,350,0,06-MAY-2024,
OPTSTK,HCLTECH,25-Jul-2024,1520.0,PE,0.0,0.0,0.0,160.0,162.8,0,0.0,350,0,06-MAY-2024,
OPTSTK,HCLTECH,25-Jul-2024,1560.0,PE,0.0,0.0,0.0,96.5,194.8,0,0.0,0,0,06-MAY-2024,
OPTSTK,HCLTECH,25-Jul-2024,1600.0,PE,0.0,0.0,0.0,120.7,228.7,0,0.0,0,0,06-MAY-2024,
OPTSTK,HCLTECH,25-Jul-2024,1640.0,PE,0.0,0.0,0.0,147.6,264.05,0,0.0,0,0,06-MAY-2024,
OPTSTK,HCLTECH,25-Jul-2024,1680.0,PE,0.0,0.0,0.0,176.95,300.6,0,0.0,0,0,06-MAY-2024,
OPTSTK,HDFCAMC,30-May-2024,3100.0,CE,0.0,0.0,0.0,610.0,802.3,0,0.0,600,0,06-MAY-2024,
OPTSTK,HDFCAMC,30-May-2024,3200.0,CE,0.0,0.0,0.0,655.35,703.35,0,0.0,0,0,06-MAY-2024,
OPTSTK,HDFCAMC,30-May-2024,3300.0,CE,618.05,618.05,618.05,618.05,605.5,2,11.75,600,0,06-MAY-2024,
OPTSTK,HDFCAMC,30-May-2024,3350.0,CE,0.0,0.0,0.0,492.05,557.25,0,0.0,0,0,06-MAY-2024,
OPTSTK,HDFCAMC,30-May-2024,3400.0,CE,0.0,0.0,0.0,300.0,509.8,0,0.0,900,0,06-MAY-2024,
OPTSTK,HDFCAMC,30-May-2024,3450.0,CE,0.0,0.0,0.0,416.05,463.25,0,0.0,0,0,06-MAY-2024,
OPTSTK,HDFCAMC,30-May-2024,3500.0,CE,418.2,421.0,410.45,417.8,417.95,11,64.64,4950,-150,06-MAY-2024,
OPTSTK,HDFCAMC,30-May-2024,3550.0,CE,0.0,0.0,0.0,372.5,374.15,0,0.0,150,0,06-MAY-2024,
OPTSTK,HDFCAMC,30-May-2024,3600.0,CE,347.4,347.4,324.9,325.0,325.0,29,170.9,8850,-600,06-MAY-2024,
OPTSTK,HDFCAMC,30-May-2024,3650.0,CE,284.7,291.4,279.3,289.55,292.35,6,35.41,6000,150,06-MAY-2024,
OPTSTK,HDFCAMC,30-May-2024,3700.0,CE,262.0,262.3,236.2,236.2,236.2,57,337.55,28200,-2100,06-MAY-2024,
OPTSTK,HDFCAMC,30-May-2024,3750.0,CE,201.35,211.15,200.25,211.15,220.1,11,65.25,8700,-750,06-MAY-2024,
OPTSTK,HDFCAMC,30-May-2024,3800.0,CE,198.05,198.05,165.45,166.75,166.75,51,304.04,36450,-450,06-MAY-2024,
OPTSTK,HDFCAMC,30-May-2024,3850.0,CE,160.15,160.15,138.2,143.05,159.25,40,239.6,15600,450,06-MAY-2024,
OPTSTK,HDFCAMC,30-May-2024,3900.0,CE,139.0,146.0,111.3,113.35,113.35,630,3800.28,53250,-3750,06-MAY-2024,
OPTSTK,HDFCAMC,30-May-2024,3950.0,CE,113.0,120.05,89.0,90.8,90.8,300,1822.29,26100,-2100,06-MAY-2024,
OPTSTK,HDFCAMC,30-May-2024,4000.0,CE,90.6,99.0,70.45,73.1,73.1,617,3775.28,132600,-1350,06-MAY-2024,
OPTSTK,HDFCAMC,30-May-2024,4050.0,CE,72.85,72.85,56.65,57.65,57.65,40,246.69,5400,-150,06-MAY-2024,
OPTSTK,HDFCAMC,30-May-2024,4100.0,CE,55.1,61.35,43.95,44.65,44.65,234,1456.0,40800,-3000,06-MAY-2024,
OPTSTK,HDFCAMC,30-May-2024,4150.0,CE,40.0,40.0,34.1,34.45,34.45,32,200.92,10350,-750,06-MAY-2024,
OPTSTK,HDFCAMC,30-May-2024,4200.0,CE,32.0,34.15,26.0,26.8,26.8,245,1554.05,96750,-3750,06-MAY-2024,
OPTSTK,HDFCAMC,30-May-2024,4250.0,CE,0.0,0.0,0.0,63.95,28.35,0,0.0,0,0,06-MAY-2024,
OPTSTK,HDFCAMC,30-May-2024,4300.0,CE,20.4,20.4,15.7,17.6,21.75,48,310.85,51150,-750,06-MAY-2024,
OPTSTK,HDFCAMC,30-May-2024,4350.0,CE,0.0,0.0,0.0,47.5,16.5,0,0.0,0,0,06-MAY-2024,
OPTSTK,HDFCAMC,30-May-2024,4400.0,CE,11.15,12.7,9.3,10.1,10.1,198,1309.95,58200,-1950,06-MAY-2024,
OPTSTK,HDFCAMC,30-May-2024,4500.0,CE,9.0,9.0,5.5,7.7,7.7,56,378.56,13350,0,06-MAY-2024,
OPTSTK,HDFCAMC,30-May-2024,3000.0,PE,0.0,0.0,0.0,3.5,0.1,0,0.0,4350,0,06-MAY-2024,
OPTSTK,HDFCAMC,30-May-2024,3100.0,PE,0.0,0.0,0.0,5.95,0.3,0,0.0,150,0,06-MAY-2024,
OPTSTK,HDFCAMC,30-May-2024,3200.0,PE,3.3,3.3,2.8,2.9,0.9,8,38.43,10350,150,06-MAY-2024,
OPTSTK,HDFCAMC,30-May-2024,3250.0,PE,0.0,0.0,0.0,16.8,1.55,0,0.0,150,0,06-MAY-2024,
OPTSTK,HDFCAMC,30-May-2024,3300.0,PE,3.45,3.5,2.1,3.5,3.5,15,74.31,25800,-450,06-MAY-2024,
OPTSTK,HDFCAMC,30-May-2024,3350.0,PE,0.0,0.0,0.0,27.55,4.15,0,0.0,300,0,06-MAY-2024,
OPTSTK,HDFCAMC,30-May-2024,3400.0,PE,3.3,4.6,3.3,4.3,6.4,56,285.92,44850,-450,06-MAY-2024,
OPTSTK,HDFCAMC,30-May-2024,3450.0,PE,0.0,0.0,0.0,8.5,9.65,0,0.0,900,0,06-MAY-2024,
OPTSTK,HDFCAMC,30-May-2024,3500.0,PE,6.95,9.3,4.05,8.55,8.55,212,1115.51,66750,150,06-MAY-2024,
OPTSTK,HDFCAMC,30-May-2024,3550.0,PE,10.0,12.5,10.0,12.15,12.15,48,256.43,5700,-4350,06-MAY-2024,
OPTSTK,HDFCAMC,30-May-2024,3600.0,PE,14.4,18.55,12.3,17.65,17.65,162,878.64,73800,900,06-MAY-2024,
OPTSTK,HDFCAMC,30-May-2024,3650.0,PE,23.25,25.15,22.25,23.35,23.35,86,473.86,18300,-1950,06-MAY-2024,
OPTSTK,HDFCAMC,30-May-2024,3700.0,PE,27.9,36.35,25.0,32.4,32.4,136,761.24,61050,5700,06-MAY-2024,
OPTSTK,HDFCAMC,30-May-2024,3750.0,PE,37.0,48.35,37.0,45.45,45.45,54,307.37,14100,-1500,06-MAY-2024,
OPTSTK,HDFCAMC,30-May-2024,3800.0,PE,53.05,65.0,49.4,60.2,60.2,196,1134.64,32400,-1500,06-MAY-2024,
OPTSTK,HDFCAMC,30-May-2024,3850.0,PE,69.0,85.0,64.7,81.4,81.4,123,725.03,19350,-750,06-MAY-2024,
OPTSTK,HDFCAMC,30-May-2024,3900.0,PE,89.95,110.5,80.8,104.15,104.15,471,2826.32,45750,4200,06-MAY-2024,
OPTSTK,HDFCAMC,30-May-2024,3950.0,PE,111.9,136.25,111.9,128.3,154.55,43,263.08,4200,900,06-MAY-2024,
OPTSTK,HDFCAMC,30-May-2024,4000.0,PE,143.0,167.25,135.75,165.95,165.95,64,399.1,16500,600,06-MAY-2024,
OPTSTK,HDFCAMC,30-May-2024,4050.0,PE,195.25,201.3,190.45,201.3,201.3,13,82.83,2700,1050,06-MAY-2024,
OPTSTK,HDFCAMC,30-May-2024,4100.0,PE,0.0,0.0,0.0,228.0,252.15,0,0.0,300,0,06-MAY-2024,
OPTSTK,HDFCAMC,30-May-2024,4150.0,PE,0.0,0.0,0.0,430.3,289.8,0,0.0,0,0,06-MAY-2024,
OPTSTK,HDFCAMC,30-May-2024,4200.0,PE,0.0,0.0,0.0,280.0,329.5,0,0.0,600,0,06-MAY-2024,
OPTSTK,HDFCAMC,30-May-2024,4250.0,PE,0.0,0.0,0.0,507.95,371.05,0,0.0,0,0,06-MAY-2024,
OPTSTK,HDFCAMC,30-May-2024,4300.0,PE,0.0,0.0,0.0,418.45,414.2,0,0.0,150,0,06-MAY-2024,
OPTSTK,HDFCAMC,30-May-2024,4350.0,PE,0.0,0.0,0.0,590.25,458.75,0,0.0,0,0,06-MAY-2024,
OPTSTK,HDFCAMC,30-May-2024,4400.0,PE,0.0,0.0,0.0,644.85,504.4,0,0.0,0,0,06-MAY-2024,
OPTSTK,HDFCAMC,30-May-2024,4500.0,PE,0.0,0.0,0.0,727.0,598.3,0,0.0,0,0,06-MAY-2024,
OPTSTK,HDFCAMC,27-Jun-2024,3100.0,CE,0.0,0.0,0.0,737.45,824.3,0,0.0,0,0,06-MAY-2024,
OPTSTK,HDFCAMC,27-Jun-2024,3200.0,CE,0.0,0.0,0.0,653.0,729.6,0,0.0,0,0,06-MAY-2024,
OPTSTK,HDFCAMC,27-Jun-2024,3300.0,CE,0.0,0.0,0.0,573.1,637.75,0,0.0,0,0,06-MAY-2024,
OPTSTK,HDFCAMC,27-Jun-2024,3350.0,CE,0.0,0.0,0.0,437.9,593.25,0,0.0,0,0,06-MAY-2024,
OPTSTK,HDFCAMC,27-Jun-2024,3400.0,CE,0.0,0.0,0.0,498.5,549.8,0,0.0,0,0,06-MAY-2024,
OPTSTK,HDFCAMC,27-Jun-2024,3450.0,CE,0.0,0.0,0.0,365.65,507.7,0,0.0,0,0,06-MAY-2024,
OPTSTK,HDFCAMC,27-Jun-2024,3500.0,CE,0.0,0.0,0.0,429.25,466.95,0,0.0,0,0,06-MAY-2024,
OPTSTK,HDFCAMC,27-Jun-2024,3550.0,CE,0.0,0.0,0.0,300.75,427.8,0,0.0,0,0,06-MAY-2024,
OPTSTK,HDFCAMC,27-Jun-2024,3600.0,CE,0.0,0.0,0.0,366.3,390.45,0,0.0,0,0,06-MAY-2024,
OPTSTK,HDFCAMC,27-Jun-2024,3650.0,CE,0.0,0.0,0.0,243.6,354.55,0,0.0,0,0,06-MAY-2024,
OPTSTK,HDFCAMC,27-Jun-2024,3700.0,CE,0.0,0.0,0.0,309.6,320.8,0,0.0,0,0,06-MAY-2024,
OPTSTK,HDFCAMC,27-Jun-2024,3750.0,CE,0.0,0.0,0.0,194.25,288.95,0,0.0,0,0,06-MAY-2024,
OPTSTK,HDFCAMC,27-Jun-2024,3800.0,CE,0.0,0.0,0.0,210.15,259.15,0,0.0,600,0,06-MAY-2024,
OPTSTK,HDFCAMC,27-Jun-2024,3850.0,CE,0.0,0.0,0.0,152.5,231.4,0,0.0,0,0,06-MAY-2024,
OPTSTK,HDFCAMC,27-Jun-2024,3900.0,CE,0.0,0.0,0.0,215.05,205.7,0,0.0,0,0,06-MAY-2024,
OPTSTK,HDFCAMC,27-Jun-2024,3950.0,CE,0.0,0.0,0.0,117.9,182.05,0,0.0,0,0,06-MAY-2024,
OPTSTK,HDFCAMC,27-Jun-2024,4000.0,CE,159.95,159.95,135.3,144.0,144.0,12,74.6,4500,1050,06-MAY-2024,
OPTSTK,HDFCAMC,27-Jun-2024,4050.0,CE,0.0,0.0,0.0,89.8,140.7,0,0.0,0,0,06-MAY-2024,
OPTSTK,HDFCAMC,27-Jun-2024,4100.0,CE,100.0,100.0,100.0,100.0,122.9,2,12.6,300,300,06-MAY-2024,
OPTSTK,HDFCAMC,27-Jun-2024,4150.0,CE,0.0,0.0,0.0,67.5,106.85,0,0.0,0,0,06-MAY-2024,
OPTSTK,HDFCAMC,27-Jun-2024,4200.0,CE,0.0,0.0,0.0,116.35,92.5,0,0.0,0,0,06-MAY-2024,
OPTSTK,HDFCAMC,27-Jun-2024,4250.0,CE,0.0,0.0,0.0,49.95,79.95,0,0.0,0,0,06-MAY-2024,
OPTSTK,HDFCAMC,27-Jun-2024,4300.0,CE,0.0,0.0,0.0,93.45,68.55,0,0.0,0,0,06-MAY-2024,
OPTSTK,HDFCAMC,27-Jun-2024,4350.0,CE,0.0,0.0,0.0,36.5,58.6,0,0.0,0,0,06-MAY-2024,
OPTSTK,HDFCAMC,27-Jun-2024,4400.0,CE,0.0,0.0,0.0,74.15,49.9,0,0.0,0,0,06-MAY-2024,
OPTSTK,HDFCAMC,27-Jun-2024,4500.0,CE,0.0,0.0,0.0,58.5,35.7,0,0.0,0,0,06-MAY-2024,
OPTSTK,HDFCAMC,27-Jun-2024,3000.0,PE,0.0,0.0,0.0,2.25,2.25,0,0.0,300,0,06-MAY-2024,
OPTSTK,HDFCAMC,27-Jun-2024,3100.0,PE,0.0,0.0,0.0,27.95,4.65,0,0.0,0,0,06-MAY-2024,
OPTSTK,HDFCAMC,27-Jun-2024,3200.0,PE,16.55,16.55,11.0,11.0,8.95,3,14.46,750,450,06-MAY-2024,
OPTSTK,HDFCAMC,27-Jun-2024,3300.0,PE,21.6,22.0,21.6,21.75,16.05,4,19.93,750,300,06-MAY-2024,
OPTSTK,HDFCAMC,27-Jun-2024,3350.0,PE,0.0,0.0,0.0,58.3,21.0,0,0.0,0,0,06-MAY-2024,
OPTSTK,HDFCAMC,27-Jun-2024,3400.0,PE,25.0,36.45,25.0,36.45,27.1,4,20.6,1800,300,06-MAY-2024,
OPTSTK,HDFCAMC,27-Jun-2024,3450.0,PE,0.0,0.0,0.0,84.8,34.45,0,0.0,0,0,06-MAY-2024,
OPTSTK,HDFCAMC,27-Jun-2024,3500.0,PE,0.0,0.0,0.0,48.15,43.2,0,0.0,5550,0,06-MAY-2024,
OPTSTK,HDFCAMC,27-Jun-2024,3550.0,PE,0.0,0.0,0.0,118.65,53.55,0,0.0,0,0,06-MAY-2024,
OPTSTK,HDFCAMC,27-Jun-2024,3600.0,PE,72.1,88.0,72.1,86.75,86.75,6,33.14,4950,900,06-MAY-2024,
OPTSTK,HDFCAMC,27-Jun-2024,3650.0,PE,0.0,0.0,0.0,160.25,79.25,0,0.0,0,0,06-MAY-2024,
OPTSTK,HDFCAMC,27-Jun-2024,3700.0,PE,0.0,0.0,0.0,189.4,94.95,0,0.0,0,0,06-MAY-2024,
OPTSTK,HDFCAMC,27-Jun-2024,3750.0,PE,0.0,0.0,0.0,209.65,112.6,0,0.0,0,0,06-MAY-2024,
OPTSTK,HDFCAMC,27-Jun-2024,3800.0,PE,0.0,0.0,0.0,237.2,132.3,0,0.0,0,0,06-MAY-2024,
OPTSTK,HDFCAMC,27-Jun-2024,3850.0,PE,0.0,0.0,0.0,266.65,154.05,0,0.0,0,0,06-MAY-2024,
OPTSTK,HDFCAMC,27-Jun-2024,3900.0,PE,0.0,0.0,0.0,291.25,177.85,0,0.0,0,0,06-MAY-2024,
OPTSTK,HDFCAMC,27-Jun-2024,3950.0,PE,0.0,0.0,0.0,330.8,203.65,0,0.0,0,0,06-MAY-2024,
OPTSTK,HDFCAMC,27-Jun-2024,4000.0,PE,0.0,0.0,0.0,351.2,231.5,0,0.0,0,0,06-MAY-2024,
OPTSTK,HDFCAMC,27-Jun-2024,4050.0,PE,0.0,0.0,0.0,401.4,261.3,0,0.0,0,0,06-MAY-2024,
OPTSTK,HDFCAMC,27-Jun-2024,4100.0,PE,0.0,0.0,0.0,416.65,292.95,0,0.0,0,0,06-MAY-2024,
OPTSTK,HDFCAMC,27-Jun-2024,4150.0,PE,0.0,0.0,0.0,477.85,326.4,0,0.0,0,0,06-MAY-2024,
OPTSTK,HDFCAMC,27-Jun-2024,4200.0,PE,0.0,0.0,0.0,487.15,361.55,0,0.0,0,0,06-MAY-2024,
OPTSTK,HDFCAMC,27-Jun-2024,4250.0,PE,0.0,0.0,0.0,559.1,398.45,0,0.0,0,0,06-MAY-2024,
OPTSTK,HDFCAMC,27-Jun-2024,4300.0,PE,0.0,0.0,0.0,562.5,436.5,0,0.0,0,0,06-MAY-2024,
OPTSTK,HDFCAMC,27-Jun-2024,4350.0,PE,0.0,0.0,0.0,644.35,476.05,0,0.0,0,0,06-MAY-2024,
OPTSTK,HDFCAMC,27-Jun-2024,4400.0,PE,0.0,0.0,0.0,641.45,516.85,0,0.0,0,0,06-MAY-2024,
OPTSTK,HDFCAMC,27-Jun-2024,4500.0,PE,0.0,0.0,0.0,724.0,601.65,0,0.0,0,0,06-MAY-2024,
OPTSTK,HDFCAMC,25-Jul-2024,3200.0,CE,0.0,0.0,0.0,594.7,759.4,0,0.0,0,0,06-MAY-2024,
OPTSTK,HDFCAMC,25-Jul-2024,3300.0,CE,0.0,0.0,0.0,517.45,672.55,0,0.0,0,0,06-MAY-2024,
OPTSTK,HDFCAMC,25-Jul-2024,3400.0,CE,0.0,0.0,0.0,445.9,589.9,0,0.0,0,0,06-MAY-2024,
OPTSTK,HDFCAMC,25-Jul-2024,3500.0,CE,0.0,0.0,0.0,380.2,512.25,0,0.0,0,0,06-MAY-2024,
OPTSTK,HDFCAMC,25-Jul-2024,3600.0,CE,0.0,0.0,0.0,321.05,440.3,0,0.0,0,0,06-MAY-2024,
OPTSTK,HDFCAMC,25-Jul-2024,3700.0,CE,0.0,0.0,0.0,268.4,374.3,0,0.0,0,0,06-MAY-2024,
OPTSTK,HDFCAMC,25-Jul-2024,3800.0,CE,0.0,0.0,0.0,222.15,314.95,0,0.0,0,0,06-MAY-2024,
OPTSTK,HDFCAMC,25-Jul-2024,3900.0,CE,0.0,0.0,0.0,182.1,262.25,0,0.0,0,0,06-MAY-2024,
OPTSTK,HDFCAMC,25-Jul-2024,4000.0,CE,0.0,0.0,0.0,147.85,216.0,0,0.0,0,0,06-MAY-2024,
OPTSTK,HDFCAMC,25-Jul-2024,4100.0,CE,0.0,0.0,0.0,118.95,176.1,0,0.0,0,0,06-MAY-2024,
OPTSTK,HDFCAMC,25-Jul-2024,4200.0,CE,0.0,0.0,0.0,95.05,142.05,0,0.0,0,0,06-MAY-2024,
OPTSTK,HDFCAMC,25-Jul-2024,4300.0,CE,0.0,0.0,0.0,75.1,113.5,0,0.0,0,0,06-MAY-2024,
OPTSTK,HDFCAMC,25-Jul-2024,4400.0,CE,0.0,0.0,0.0,58.9,90.0,0,0.0,0,0,06-MAY-2024,
OPTSTK,HDFCAMC,25-Jul-2024,4600.0,CE,0.0,0.0,0.0,35.35,54.75,0,0.0,0,0,06-MAY-2024,
OPTSTK,HDFCAMC,25-Jul-2024,3200.0,PE,0.0,0.0,0.0,49.3,21.15,0,0.0,0,0,06-MAY-2024,
OPTSTK,HDFCAMC,25-Jul-2024,3300.0,PE,0.0,0.0,0.0,70.25,32.65,0,0.0,0,0,06-MAY-2024,
OPTSTK,HDFCAMC,25-Jul-2024,3400.0,PE,0.0,0.0,0.0,96.9,48.45,0,0.0,0,0,06-MAY-2024,
OPTSTK,HDFCAMC,25-Jul-2024,3500.0,PE,0.0,0.0,0.0,129.4,69.2,0,0.0,0,0,06-MAY-2024,
OPTSTK,HDFCAMC,25-Jul-2024,3600.0,PE,0.0,0.0,0.0,168.45,95.7,0,0.0,0,0,06-MAY-2024,
OPTSTK,HDFCAMC,25-Jul-2024,3700.0,PE,0.0,0.0,0.0,214.0,128.15,0,0.0,0,0,06-MAY-2024,
OPTSTK,HDFCAMC,25-Jul-2024,3800.0,PE,0.0,0.0,0.0,265.95,167.2,0,0.0,0,0,06-MAY-2024,
OPTSTK,HDFCAMC,25-Jul-2024,3900.0,PE,0.0,0.0,0.0,324.1,212.85,0,0.0,0,0,06-MAY-2024,
OPTSTK,HDFCAMC,25-Jul-2024,4000.0,PE,0.0,0.0,0.0,388.05,265.05,0,0.0,0,0,06-MAY-2024,
OPTSTK,HDFCAMC,25-Jul-2024,4100.0,PE,0.0,0.0,0.0,457.3,323.55,0,0.0,0,0,06-MAY-2024,
OPTSTK,HDFCAMC,25-Jul-2024,4200.0,PE,0.0,0.0,0.0,531.6,387.95,0,0.0,0,0,06-MAY-2024,
OPTSTK,HDFCAMC,25-Jul-2024,4300.0,PE,0.0,0.0,0.0,609.8,457.8,0,0.0,0,0,06-MAY-2024,
OPTSTK,HDFCAMC,25-Jul-2024,4400.0,PE,0.0,0.0,0.0,691.8,532.75,0,0.0,0,0,06-MAY-2024,
OPTSTK,HDFCAMC,25-Jul-2024,4600.0,PE,0.0,0.0,0.0,864.7,694.35,0,0.0,0,0,06-MAY-2024,
OPTSTK,HDFCBANK,30-May-2024,1280.0,CE,0.0,0.0,0.0,164.95,248.65,0,0.0,0,0,06-MAY-2024,
OPTSTK,HDFCBANK,30-May-2024,1300.0,CE,222.5,222.5,222.0,222.3,228.8,6,50.23,29150,3300,06-MAY-2024,
OPTSTK,HDFCBANK,30-May-2024,1320.0,CE,0.0,0.0,0.0,135.5,209.05,0,0.0,0,0,06-MAY-2024,
OPTSTK,HDFCBANK,30-May-2024,1340.0,CE,0.0,0.0,0.0,121.9,189.45,0,0.0,0,0,06-MAY-2024,
OPTSTK,HDFCBANK,30-May-2024,1350.0,CE,175.0,175.0,175.0,175.0,179.7,1,8.38,3850,0,06-MAY-2024,
OPTSTK,HDFCBANK,30-May-2024,1360.0,CE,0.0,0.0,0.0,163.9,170.05,0,0.0,0,0,06-MAY-2024,
OPTSTK,HDFCBANK,30-May-2024,1380.0,CE,0.0,0.0,0.0,130.0,151.05,0,0.0,24750,0,06-MAY-2024,
OPTSTK,HDFCBANK,30-May-2024,1390.0,CE,0.0,0.0,0.0,123.6,141.7,0,0.0,16500,0,06-MAY-2024,
OPTSTK,HDFCBANK,30-May-2024,1400.0,CE,119.8,129.0,118.45,120.0,120.0,81,678.77,656700,-17050,06-MAY-2024,
OPTSTK,HDFCBANK,30-May-2024,1410.0,CE,0.0,0.0,0.0,118.6,123.5,0,0.0,27500,0,06-MAY-2024,
OPTSTK,HDFCBANK,30-May-2024,1420.0,CE,105.7,105.7,102.45,102.45,114.7,3,25.15,8250,0,06-MAY-2024,
OPTSTK,HDFCBANK,30-May-2024,1430.0,CE,0.0,0.0,0.0,83.5,106.15,0,0.0,17600,0,06-MAY-2024,
OPTSTK,HDFCBANK,30-May-2024,1440.0,CE,83.0,88.9,81.85,86.15,97.8,24,201.43,116050,7700,06-MAY-2024,
OPTSTK,HDFCBANK,30-May-2024,1450.0,CE,72.0,81.7,71.05,73.4,73.4,266,2233.75,251350,-35750,06-MAY-2024,
OPTSTK,HDFCBANK,30-May-2024,1460.0,CE,63.2,72.75,63.2,65.0,65.0,88,739.39,158950,-5500,06-MAY-2024,
OPTSTK,HDFCBANK,30-May-2024,1470.0,CE,54.75,64.35,54.75,55.6,74.65,48,404.01,79200,-1650,06-MAY-2024,
OPTSTK,HDFCBANK,30-May-2024,1480.0,CE,49.6,56.0,47.05,49.35,49.35,160,1348.17,261800,-8800,06-MAY-2024,
OPTSTK,HDFCBANK,30-May-2024,1490.0,CE,42.65,48.65,39.75,42.2,42.2,441,3721.59,123200,-22550,06-MAY-2024,
OPTSTK,HDFCBANK,30-May-2024,1500.0,CE,34.8,41.9,33.8,35.9,35.9,5120,43314.31,3000250,-322300,06-MAY-2024,
OPTSTK,HDFCBANK,30-May-2024,1510.0,CE,29.8,35.45,27.95,30.15,30.15,4296,36433.69,1646150,-156750,06-MAY-2024,
OPTSTK,HDFCBANK,30-May-2024,1520.0,CE,24.95,29.8,23.5,25.25,25.25,9224,78466.81,2616900,-338250,06-MAY-2024,
OPTSTK,HDFCBANK,30-May-2024,1530.0,CE,20.6,24.75,19.35,20.85,20.85,9450,80674.55,2593800,-106700,06-MAY-2024,
OPTSTK,HDFCBANK,30-May-2024,1540.0,CE,16.95,20.35,15.6,17.2,17.2,7692,65921.74,2856700,4950,06-MAY-2024,
OPTSTK,HDFCBANK,30-May-2024,1550.0,CE,13.9,16.4,12.6,13.9,13.9,6342,54575.75,4672800,-4950,06-MAY-2024,
OPTSTK,HDFCBANK,30-May-2024,1560.0,CE,10.9,12.95,10.0,10.8,10.8,3487,30138.82,1692350,13200,06-MAY-2024,
OPTSTK,HDFCBANK,30-May-2024,1570.0,CE,8.55,10.15,7.9,8.45,8.45,2669,23176.99,3794450,26400,06-MAY-2024,
OPTSTK,HDFCBANK,30-May-2024,1580.0,CE,7.45,8.2,6.45,6.9,6.9,2385,20821.99,990550,-154550,06-MAY-2024,
OPTSTK,HDFCBANK,30-May-2024,1590.0,CE,5.85,6.65,5.3,5.6,5.6,1042,9146.26,391050,20900,06-MAY-2024,
OPTSTK,HDFCBANK,30-May-2024,1600.0,CE,4.7,6.0,4.4,4.75,4.75,5773,50959.23,6573600,-329450,06-MAY-2024,
OPTSTK,HDFCBANK,30-May-2024,1610.0,CE,4.05,4.5,3.5,3.8,3.8,1087,9649.16,459250,5500,06-MAY-2024,
OPTSTK,HDFCBANK,30-May-2024,1620.0,CE,3.35,3.65,2.8,3.0,3.0,1353,12079.13,1051600,15950,06-MAY-2024,
OPTSTK,HDFCBANK,30-May-2024,1630.0,CE,2.85,3.1,2.3,2.45,2.45,326,2927.4,142450,2200,06-MAY-2024,
OPTSTK,HDFCBANK,30-May-2024,1640.0,CE,2.4,2.55,1.9,2.0,2.0,747,6747.16,506550,-8800,06-MAY-2024,
OPTSTK,HDFCBANK,30-May-2024,1650.0,CE,2.1,2.2,1.55,1.65,1.65,2424,22022.46,1809500,66000,06-MAY-2024,
OPTSTK,HDFCBANK,30-May-2024,1660.0,CE,2.05,2.05,1.4,1.5,1.5,421,3847.51,435050,20350,06-MAY-2024,
OPTSTK,HDFCBANK,30-May-2024,1670.0,CE,1.6,1.6,1.15,1.25,1.25,99,910.03,201300,-4400,06-MAY-2024,
OPTSTK,HDFCBANK,30-May-2024,1680.0,CE,1.4,1.55,1.1,1.25,1.25,275,2542.99,568150,13750,06-MAY-2024,
OPTSTK,HDFCBANK,30-May-2024,1700.0,CE,1.7,1.7,1.05,1.1,1.1,2855,26712.59,3439700,-320100,06-MAY-2024,
OPTSTK,HDFCBANK,30-May-2024,1720.0,CE,1.05,1.25,0.75,1.0,1.0,293,2773.26,632500,-1650,06-MAY-2024,
OPTSTK,HDFCBANK,30-May-2024,1740.0,CE,0.95,1.0,0.85,0.9,0.9,144,1378.82,220000,8250,06-MAY-2024,
OPTSTK,HDFCBANK,30-May-2024,1760.0,CE,0.9,0.95,0.8,0.85,0.85,342,3312.14,902000,46750,06-MAY-2024,
OPTSTK,HDFCBANK,30-May-2024,1200.0,PE,0.65,0.65,0.5,0.6,0.6,28,184.89,103950,3850,06-MAY-2024,
OPTSTK,HDFCBANK,30-May-2024,1260.0,PE,0.7,0.75,0.65,0.75,0.75,22,152.54,13750,6050,06-MAY-2024,
OPTSTK,HDFCBANK,30-May-2024,1280.0,PE,1.0,1.0,0.65,0.65,0.1,26,183.14,89100,550,06-MAY-2024,
OPTSTK,HDFCBANK,30-May-2024,1300.0,PE,1.2,1.2,0.9,1.0,1.0,254,1817.49,670450,21450,06-MAY-2024,
OPTSTK,HDFCBANK,30-May-2024,1320.0,PE,0.95,1.0,0.8,0.9,0.9,59,428.62,143000,-1650,06-MAY-2024,
OPTSTK,HDFCBANK,30-May-2024,1340.0,PE,0.6,1.2,0.6,1.2,1.2,183,1349.78,484000,-3300,06-MAY-2024,
OPTSTK,HDFCBANK,30-May-2024,1350.0,PE,1.7,1.95,1.3,1.65,1.65,319,2371.35,778800,5500,06-MAY-2024,
OPTSTK,HDFCBANK,30-May-2024,1360.0,PE,1.6,1.85,1.4,1.8,1.8,368,2756.06,326150,44550,06-MAY-2024,
OPTSTK,HDFCBANK,30-May-2024,1370.0,PE,2.3,2.3,1.75,2.15,2.15,122,920.6,308000,-4950,06-MAY-2024,
OPTSTK,HDFCBANK,30-May-2024,1380.0,PE,2.55,2.65,1.95,2.55,2.55,300,2280.8,385000,-5500,06-MAY-2024,
OPTSTK,HDFCBANK,30-May-2024,1390.0,PE,3.0,3.1,2.3,3.0,3.0,296,2267.34,230450,9900,06-MAY-2024,
OPTSTK,HDFCBANK,30-May-2024,1400.0,PE,3.05,3.7,2.65,3.6,3.6,1210,9338.26,3728450,6600,06-MAY-2024,
OPTSTK,HDFCBANK,30-May-2024,1410.0,PE,3.6,4.15,2.95,4.0,4.0,375,2915.54,264550,5500,06-MAY-2024,
OPTSTK,HDFCBANK,30-May-2024,1420.0,PE,3.9,4.75,3.3,4.4,4.4,723,5662.71,311300,13200,06-MAY-2024,
OPTSTK,HDFCBANK,30-May-2024,1430.0,PE,5.5,5.5,3.8,5.1,5.1,963,7597.86,279950,-126500,06-MAY-2024,
OPTSTK,HDFCBANK,30-May-2024,1440.0,PE,5.8,6.45,4.45,6.0,6.0,731,5811.22,600600,-33550,06-MAY-2024,
OPTSTK,HDFCBANK,30-May-2024,1450.0,PE,7.4,7.8,5.25,7.1,7.1,2035,16301.43,2089450,-19250,06-MAY-2024,
OPTSTK,HDFCBANK,30-May-2024,1460.0,PE,7.55,9.45,6.45,8.55,8.55,947,7645.17,734800,-1100,06-MAY-2024,
OPTSTK,HDFCBANK,30-May-2024,1470.0,PE,10.1,11.65,7.95,10.45,10.45,1231,10017.46,316800,-14850,06-MAY-2024,
OPTSTK,HDFCBANK,30-May-2024,1480.0,PE,12.05,14.15,9.75,12.8,12.8,1927,15807.65,743050,-77000,06-MAY-2024,
OPTSTK,HDFCBANK,30-May-2024,1490.0,PE,15.7,17.55,12.1,15.8,15.8,1515,12535.38,405900,19800,06-MAY-2024,
OPTSTK,HDFCBANK,30-May-2024,1500.0,PE,20.0,21.45,15.0,19.25,19.25,7263,60618.93,3294500,-113850,06-MAY-2024,
OPTSTK,HDFCBANK,30-May-2024,1510.0,PE,24.0,25.8,18.45,23.55,23.55,3561,29994.43,977900,-72050,06-MAY-2024,
OPTSTK,HDFCBANK,30-May-2024,1520.0,PE,29.85,31.2,22.85,28.5,28.5,4356,37044.86,1218250,-92950,06-MAY-2024,
OPTSTK,HDFCBANK,30-May-2024,1530.0,PE,33.85,36.65,27.8,33.95,33.95,2404,20641.31,472450,-33000,06-MAY-2024,
OPTSTK,HDFCBANK,30-May-2024,1540.0,PE,39.15,42.7,33.5,40.3,40.3,537,4656.98,527450,-14850,06-MAY-2024,
OPTSTK,HDFCBANK,30-May-2024,1550.0,PE,45.05,50.0,39.5,47.1,47.1,375,3285.83,1001550,11550,06-MAY-2024,
OPTSTK,HDFCBANK,30-May-2024,1560.0,PE,52.6,55.95,46.05,53.85,53.85,414,3666.13,363550,30800,06-MAY-2024,
OPTSTK,HDFCBANK,30-May-2024,1570.0,PE,55.8,63.2,53.3,61.35,61.35,156,1396.59,312950,43450,06-MAY-2024,
OPTSTK,HDFCBANK,30-May-2024,1580.0,PE,70.0,71.9,61.0,69.65,69.65,604,5464.89,409750,-102850,06-MAY-2024,
OPTSTK,HDFCBANK,30-May-2024,1590.0,PE,77.5,77.5,77.4,77.4,76.3,3,27.51,124850,0,06-MAY-2024,
OPTSTK,HDFCBANK,30-May-2024,1600.0,PE,86.8,89.9,78.4,87.7,87.7,278,2573.32,1401950,-42900,06-MAY-2024,
OPTSTK,HDFCBANK,30-May-2024,1610.0,PE,0.0,0.0,0.0,92.75,91.65,0,0.0,48950,0,06-MAY-2024,
OPTSTK,HDFCBANK,30-May-2024,1620.0,PE,101.55,105.85,99.65,105.85,105.85,13,123.01,254650,-1650,06-MAY-2024,
OPTSTK,HDFCBANK,30-May-2024,1630.0,PE,0.0,0.0,0.0,110.5,108.1,0,0.0,6600,0,06-MAY-2024,
OPTSTK,HDFCBANK,30-May-2024,1640.0,PE,118.0,118.0,118.0,118.0,116.65,1,9.66,149600,-550,06-MAY-2024,
OPTSTK,HDFCBANK,30-May-2024,1650.0,PE,130.0,135.0,130.0,135.0,135.0,3,29.39,86900,-1650,06-MAY-2024,
OPTSTK,HDFCBANK,30-May-2024,1660.0,PE,136.05,136.05,136.05,136.05,134.4,2,19.75,25300,-1100,06-MAY-2024,
OPTSTK,HDFCBANK,30-May-2024,1680.0,PE,0.0,0.0,0.0,175.0,152.7,0,0.0,2200,0,06-MAY-2024,
OPTSTK,HDFCBANK,30-May-2024,1700.0,PE,181.75,183.0,173.7,183.0,183.0,9,93.04,1207800,550,06-MAY-2024,
OPTSTK,HDFCBANK,30-May-2024,1720.0,PE,199.0,201.0,199.0,201.0,201.0,4,42.24,70400,2200,06-MAY-2024,
OPTSTK,HDFCBANK,30-May-2024,1740.0,PE,0.0,0.0,0.0,226.1,210.15,0,0.0,9900,0,06-MAY-2024,
OPTSTK,HDFCBANK,30-May-2024,1760.0,PE,240.0,240.0,240.0,240.0,229.75,1,11.0,57200,-550,06-MAY-2024,
OPTSTK,HDFCBANK,27-Jun-2024,1280.0,CE,0.0,0.0,0.0,201.1,257.05,0,0.0,0,0,06-MAY-2024,
OPTSTK,HDFCBANK,27-Jun-2024,1300.0,CE,0.0,0.0,0.0,184.45,237.9,0,0.0,0,0,06-MAY-2024,
OPTSTK,HDFCBANK,27-Jun-2024,1320.0,CE,0.0,0.0,0.0,168.45,219.05,0,0.0,0,0,06-MAY-2024,
OPTSTK,HDFCBANK,27-Jun-2024,1340.0,CE,0.0,0.0,0.0,153.1,200.55,0,0.0,0,0,06-MAY-2024,
OPTSTK,HDFCBANK,27-Jun-2024,1360.0,CE,0.0,0.0,0.0,138.55,182.45,0,0.0,0,0,06-MAY-2024,
OPTSTK,HDFCBANK,27-Jun-2024,1380.0,CE,0.0,0.0,0.0,124.65,164.95,0,0.0,0,0,06-MAY-2024,
OPTSTK,HDFCBANK,27-Jun-2024,1390.0,CE,0.0,0.0,0.0,152.55,156.45,0,0.0,0,0,06-MAY-2024,
OPTSTK,HDFCBANK,27-Jun-2024,1400.0,CE,141.0,149.05,141.0,143.0,148.1,4,33.96,6600,1100,06-MAY-2024,
OPTSTK,HDFCBANK,27-Jun-2024,1410.0,CE,0.0,0.0,0.0,137.0,139.95,0,0.0,0,0,06-MAY-2024,
OPTSTK,HDFCBANK,27-Jun-2024,1420.0,CE,0.0,0.0,0.0,99.5,132.05,0,0.0,0,0,06-MAY-2024,
OPTSTK,HDFCBANK,27-Jun-2024,1430.0,CE,0.0,0.0,0.0,122.25,124.3,0,0.0,0,0,06-MAY-2024,
OPTSTK,HDFCBANK,27-Jun-2024,1440.0,CE,0.0,0.0,0.0,88.2,116.8,0,0.0,0,0,06-MAY-2024,
OPTSTK,HDFCBANK,27-Jun-2024,1450.0,CE,0.0,0.0,0.0,108.35,109.55,0,0.0,0,0,06-MAY-2024,
OPTSTK,HDFCBANK,27-Jun-2024,1460.0,CE,0.0,0.0,0.0,90.8,102.45,0,0.0,550,0,06-MAY-2024,
OPTSTK,HDFCBANK,27-Jun-2024,1470.0,CE,0.0,0.0,0.0,95.4,95.7,0,0.0,0,0,06-MAY-2024,
OPTSTK,HDFCBANK,27-Jun-2024,1480.0,CE,0.0,0.0,0.0,68.3,89.2,0,0.0,0,0,06-MAY-2024,
OPTSTK,HDFCBANK,27-Jun-2024,1490.0,CE,0.0,0.0,0.0,73.35,82.95,0,0.0,0,0,06-MAY-2024,
OPTSTK,HDFCBANK,27-Jun-2024,1500.0,CE,70.65,78.65,70.4,75.3,75.3,135,1169.99,474100,-6050,06-MAY-2024,
OPTSTK,HDFCBANK,27-Jun-2024,1510.0,CE,71.7,71.7,65.85,65.85,71.3,2,17.36,7700,0,06-MAY-2024,
OPTSTK,HDFCBANK,27-Jun-2024,1520.0,CE,65.2,66.5,56.9,62.3,62.3,78,679.3,63800,4400,06-MAY-2024,
OPTSTK,HDFCBANK,27-Jun-2024,1530.0,CE,57.75,62.65,57.75,59.95,59.95,18,157.44,12100,2750,06-MAY-2024,
OPTSTK,HDFCBANK,27-Jun-2024,1540.0,CE,52.0,57.0,52.0,55.05,55.05,38,333.34,60500,3850,06-MAY-2024,
OPTSTK,HDFCBANK,27-Jun-2024,1550.0,CE,47.95,53.15,47.95,51.7,51.3,94,827.73,94600,1650,06-MAY-2024,
OPTSTK,HDFCBANK,27-Jun-2024,1560.0,CE,44.7,47.7,44.7,47.0,46.95,22,194.4,48950,3850,06-MAY-2024,
OPTSTK,HDFCBANK,27-Jun-2024,1570.0,CE,0.0,0.0,0.0,45.55,42.9,0,0.0,0,0,06-MAY-2024,
OPTSTK,HDFCBANK,27-Jun-2024,1580.0,CE,0.0,0.0,0.0,34.0,39.15,0,0.0,7700,0,06-MAY-2024,
OPTSTK,HDFCBANK,27-Jun-2024,1590.0,CE,32.8,37.1,32.8,34.75,35.6,3,26.81,550,550,06-MAY-2024,
OPTSTK,HDFCBANK,27-Jun-2024,1600.0,CE,29.85,35.0,29.6,32.8,32.8,898,8065.45,870650,99550,06-MAY-2024,
OPTSTK,HDFCBANK,27-Jun-2024,1610.0,CE,0.0,0.0,0.0,32.25,29.25,0,0.0,0,0,06-MAY-2024,
OPTSTK,HDFCBANK,27-Jun-2024,1620.0,CE,28.7,28.7,28.7,28.7,26.45,1,9.06,550,550,06-MAY-2024,
OPTSTK,HDFCBANK,27-Jun-2024,1630.0,CE,26.0,26.0,23.55,23.55,23.9,2,18.2,0,0,06-MAY-2024,
OPTSTK,HDFCBANK,27-Jun-2024,1640.0,CE,19.9,23.5,17.4,22.45,22.45,70,639.87,206800,12100,06-MAY-2024,
OPTSTK,HDFCBANK,27-Jun-2024,1650.0,CE,18.95,22.0,18.95,20.4,20.4,156,1433.15,189200,66000,06-MAY-2024,
OPTSTK,HDFCBANK,27-Jun-2024,1660.0,CE,0.0,0.0,0.0,16.8,17.25,0,0.0,0,0,06-MAY-2024,
OPTSTK,HDFCBANK,27-Jun-2024,1680.0,CE,13.2,15.75,13.2,14.95,14.95,47,438.15,140800,13750,06-MAY-2024,
OPTSTK,HDFCBANK,27-Jun-2024,1700.0,CE,12.95,14.1,11.25,12.5,12.5,319,3004.87,425700,88550,06-MAY-2024,
OPTSTK,HDFCBANK,27-Jun-2024,1720.0,CE,10.0,10.0,10.0,10.0,10.0,3,28.54,1650,1650,06-MAY-2024,
OPTSTK,HDFCBANK,27-Jun-2024,1740.0,CE,7.15,7.15,7.15,7.15,6.6,1,9.6,550,0,06-MAY-2024,
OPTSTK,HDFCBANK,27-Jun-2024,1760.0,CE,6.35,8.0,5.15,6.8,6.8,124,1204.51,90200,20350,06-MAY-2024,
OPTSTK,HDFCBANK,27-Jun-2024,1280.0,PE,4.0,4.0,3.15,3.15,1.2,2,14.11,22000,550,06-MAY-2024,
OPTSTK,HDFCBANK,27-Jun-2024,1300.0,PE,5.5,5.5,5.25,5.35,5.35,5,35.89,25850,1650,06-MAY-2024,
OPTSTK,HDFCBANK,27-Jun-2024,1320.0,PE,4.85,6.3,4.85,6.3,6.3,17,123.99,12100,0,06-MAY-2024,
OPTSTK,HDFCBANK,27-Jun-2024,1340.0,PE,0.0,0.0,0.0,21.25,4.05,0,0.0,0,0,06-MAY-2024,
OPTSTK,HDFCBANK,27-Jun-2024,1360.0,PE,6.7,8.5,6.7,8.5,5.8,8,60.18,8800,3850,06-MAY-2024,
OPTSTK,HDFCBANK,27-Jun-2024,1380.0,PE,9.0,10.8,9.0,10.8,8.1,2,15.28,24200,0,06-MAY-2024,
OPTSTK,HDFCBANK,27-Jun-2024,1390.0,PE,0.0,0.0,0.0,14.4,9.5,0,0.0,0,0,06-MAY-2024,
OPTSTK,HDFCBANK,27-Jun-2024,1400.0,PE,16.75,18.5,14.05,17.8,17.8,247,1923.74,650650,31350,06-MAY-2024,
OPTSTK,HDFCBANK,27-Jun-2024,1410.0,PE,0.0,0.0,0.0,18.55,12.8,0,0.0,0,0,06-MAY-2024,
OPTSTK,HDFCBANK,27-Jun-2024,1420.0,PE,21.0,21.0,21.0,21.0,14.75,1,7.92,39600,550,06-MAY-2024,
OPTSTK,HDFCBANK,27-Jun-2024,1430.0,PE,0.0,0.0,0.0,23.6,16.9,0,0.0,0,0,06-MAY-2024,
OPTSTK,HDFCBANK,27-Jun-2024,1440.0,PE,23.95,27.1,22.3,26.85,26.85,98,788.76,101200,2750,06-MAY-2024,
OPTSTK,HDFCBANK,27-Jun-2024,1450.0,PE,25.05,30.8,24.5,30.35,30.35,114,926.42,101750,25850,06-MAY-2024,
OPTSTK,HDFCBANK,27-Jun-2024,1460.0,PE,29.0,29.0,29.0,29.0,24.8,3,24.56,17600,0,06-MAY-2024,
OPTSTK,HDFCBANK,27-Jun-2024,1470.0,PE,0.0,0.0,0.0,36.2,27.9,0,0.0,0,0,06-MAY-2024,
OPTSTK,HDFCBANK,27-Jun-2024,1480.0,PE,34.0,36.75,34.0,35.65,31.3,11,91.66,11550,2200,06-MAY-2024,
OPTSTK,HDFCBANK,27-Jun-2024,1490.0,PE,0.0,0.0,0.0,44.0,34.95,0,0.0,0,0,06-MAY-2024,
OPTSTK,HDFCBANK,27-Jun-2024,1500.0,PE,45.3,49.05,41.35,48.1,48.1,463,3933.86,902550,99000,06-MAY-2024,
OPTSTK,HDFCBANK,27-Jun-2024,1510.0,PE,0.0,0.0,0.0,40.0,43.1,0,0.0,2200,0,06-MAY-2024,
OPTSTK,HDFCBANK,27-Jun-2024,1520.0,PE,54.6,57.95,50.0,57.25,57.25,72,622.82,38500,13750,06-MAY-2024,
OPTSTK,HDFCBANK,27-Jun-2024,1530.0,PE,56.0,58.0,56.0,58.0,58.0,3,26.18,1650,1100,06-MAY-2024,
OPTSTK,HDFCBANK,27-Jun-2024,1540.0,PE,0.0,0.0,0.0,70.0,57.35,0,0.0,8250,0,06-MAY-2024,
OPTSTK,HDFCBANK,27-Jun-2024,1550.0,PE,60.0,72.5,60.0,72.35,72.35,71,631.05,38500,30800,06-MAY-2024,
OPTSTK,HDFCBANK,27-Jun-2024,1560.0,PE,65.1,72.0,65.1,71.0,68.25,6,53.8,4950,3300,06-MAY-2024,
OPTSTK,HDFCBANK,27-Jun-2024,1570.0,PE,0.0,0.0,0.0,85.1,74.1,0,0.0,0,0,06-MAY-2024,
OPTSTK,HDFCBANK,27-Jun-2024,1580.0,PE,0.0,0.0,0.0,136.75,80.2,0,0.0,0,0,06-MAY-2024,
OPTSTK,HDFCBANK,27-Jun-2024,1590.0,PE,0.0,0.0,0.0,97.75,86.55,0,0.0,0,0,06-MAY-2024,
OPTSTK,HDFCBANK,27-Jun-2024,1600.0,PE,99.0,104.05,96.8,104.0,104.0,47,439.74,77550,23100,06-MAY-2024,
OPTSTK,HDFCBANK,27-Jun-2024,1610.0,PE,0.0,0.0,0.0,111.3,100.0,0,0.0,0,0,06-MAY-2024,
OPTSTK,HDFCBANK,27-Jun-2024,1620.0,PE,0.0,0.0,0.0,166.9,107.1,0,0.0,0,0,06-MAY-2024,
OPTSTK,HDFCBANK,27-Jun-2024,1630.0,PE,0.0,0.0,0.0,125.65,114.45,0,0.0,0,0,06-MAY-2024,
OPTSTK,HDFCBANK,27-Jun-2024,1640.0,PE,0.0,0.0,0.0,133.85,121.95,0,0.0,4950,0,06-MAY-2024,
OPTSTK,HDFCBANK,27-Jun-2024,1650.0,PE,0.0,0.0,0.0,140.8,129.6,0,0.0,0,0,06-MAY-2024,
OPTSTK,HDFCBANK,27-Jun-2024,1660.0,PE,0.0,0.0,0.0,157.0,137.5,0,0.0,550,0,06-MAY-2024,
OPTSTK,HDFCBANK,27-Jun-2024,1680.0,PE,0.0,0.0,0.0,216.1,153.8,0,0.0,0,0,06-MAY-2024,
OPTSTK,HDFCBANK,27-Jun-2024,1700.0,PE,182.0,182.0,182.0,182.0,182.0,1,10.35,1650,550,06-MAY-2024,
OPTSTK,HDFCBANK,27-Jun-2024,1720.0,PE,0.0,0.0,0.0,251.0,188.15,0,0.0,0,0,06-MAY-2024,
OPTSTK,HDFCBANK,27-Jun-2024,1740.0,PE,0.0,0.0,0.0,268.95,206.0,0,0.0,0,0,06-MAY-2024,
OPTSTK,HDFCBANK,27-Jun-2024,1760.0,PE,0.0,0.0,0.0,234.7,224.3,0,0.0,550,0,06-MAY-2024,
OPTSTK,HDFCBANK,25-Jul-2024,1320.0,CE,0.0,0.0,0.0,223.85,229.85,0,0.0,0,0,06-MAY-2024,
OPTSTK,HDFCBANK,25-Jul-2024,1360.0,CE,0.0,0.0,0.0,190.45,195.15,0,0.0,0,0,06-MAY-2024,
OPTSTK,HDFCBANK,25-Jul-2024,1380.0,CE,0.0,0.0,0.0,174.55,178.65,0,0.0,0,0,06-MAY-2024,
OPTSTK,HDFCBANK,25-Jul-2024,1400.0,CE,0.0,0.0,0.0,159.4,162.75,0,0.0,0,0,06-MAY-2024,
OPTSTK,HDFCBANK,25-Jul-2024,1420.0,CE,0.0,0.0,0.0,144.9,147.55,0,0.0,0,0,06-MAY-2024,
OPTSTK,HDFCBANK,25-Jul-2024,1440.0,CE,0.0,0.0,0.0,131.1,133.15,0,0.0,0,0,06-MAY-2024,
OPTSTK,HDFCBANK,25-Jul-2024,1460.0,CE,0.0,0.0,0.0,118.15,119.45,0,0.0,0,0,06-MAY-2024,
OPTSTK,HDFCBANK,25-Jul-2024,1480.0,CE,0.0,0.0,0.0,108.75,106.65,0,0.0,550,0,06-MAY-2024,
OPTSTK,HDFCBANK,25-Jul-2024,1500.0,CE,0.0,0.0,0.0,94.65,94.75,0,0.0,0,0,06-MAY-2024,
OPTSTK,HDFCBANK,25-Jul-2024,1520.0,CE,0.0,0.0,0.0,84.15,83.7,0,0.0,0,0,06-MAY-2024,
OPTSTK,HDFCBANK,25-Jul-2024,1540.0,CE,0.0,0.0,0.0,74.45,73.55,0,0.0,1100,0,06-MAY-2024,
OPTSTK,HDFCBANK,25-Jul-2024,1560.0,CE,0.0,0.0,0.0,41.0,64.3,0,0.0,1100,0,06-MAY-2024,
OPTSTK,HDFCBANK,25-Jul-2024,1580.0,CE,0.0,0.0,0.0,57.5,55.9,0,0.0,0,0,06-MAY-2024,
OPTSTK,HDFCBANK,25-Jul-2024,1600.0,CE,38.45,48.0,38.45,46.5,48.35,4,36.18,2200,2200,06-MAY-2024,
OPTSTK,HDFCBANK,25-Jul-2024,1620.0,CE,0.0,0.0,0.0,43.65,41.55,0,0.0,0,0,06-MAY-2024,
OPTSTK,HDFCBANK,25-Jul-2024,1640.0,CE,0.0,0.0,0.0,37.75,35.55,0,0.0,0,0,06-MAY-2024,
OPTSTK,HDFCBANK,25-Jul-2024,1660.0,CE,0.0,0.0,0.0,32.55,30.3,0,0.0,0,0,06-MAY-2024,
OPTSTK,HDFCBANK,25-Jul-2024,1680.0,CE,0.0,0.0,0.0,27.95,25.7,0,0.0,0,0,06-MAY-2024,
OPTSTK,HDFCBANK,25-Jul-2024,1720.0,CE,0.0,0.0,0.0,20.25,18.1,0,0.0,0,0,06-MAY-2024,
OPTSTK,HDFCBANK,25-Jul-2024,1320.0,PE,0.0,0.0,0.0,9.3,6.35,0,0.0,0,0,06-MAY-2024,
OPTSTK,HDFCBANK,25-Jul-2024,1360.0,PE,0.0,0.0,0.0,15.1,11.0,0,0.0,0,0,06-MAY-2024,
OPTSTK,HDFCBANK,25-Jul-2024,1380.0,PE,0.0,0.0,0.0,18.9,14.15,0,0.0,0,0,06-MAY-2024,
OPTSTK,HDFCBANK,25-Jul-2024,1400.0,PE,18.0,23.0,18.0,23.0,23.0,16,125.05,41800,2200,06-MAY-2024,
OPTSTK,HDFCBANK,25-Jul-2024,1420.0,PE,0.0,0.0,0.0,28.55,22.45,0,0.0,0,0,06-MAY-2024,
OPTSTK,HDFCBANK,25-Jul-2024,1440.0,PE,0.0,0.0,0.0,24.5,27.75,0,0.0,3300,0,06-MAY-2024,
OPTSTK,HDFCBANK,25-Jul-2024,1460.0,PE,0.0,0.0,0.0,41.05,33.7,0,0.0,0,0,06-MAY-2024,
OPTSTK,HDFCBANK,25-Jul-2024,1480.0,PE,0.0,0.0,0.0,48.5,40.6,0,0.0,0,0,06-MAY-2024,
OPTSTK,HDFCBANK,25-Jul-2024,1500.0,PE,50.0,55.0,49.55,54.05,48.4,20,170.78,26400,7150,06-MAY-2024,
OPTSTK,HDFCBANK,25-Jul-2024,1520.0,PE,0.0,0.0,0.0,65.95,57.05,0,0.0,0,0,06-MAY-2024,
OPTSTK,HDFCBANK,25-Jul-2024,1540.0,PE,0.0,0.0,0.0,75.9,66.55,0,0.0,0,0,06-MAY-2024,
OPTSTK,HDFCBANK,25-Jul-2024,1560.0,PE,0.0,0.0,0.0,86.65,77.0,0,0.0,0,0,06-MAY-2024,
OPTSTK,HDFCBANK,25-Jul-2024,1580.0,PE,0.0,0.0,0.0,98.25,88.25,0,0.0,0,0,06-MAY-2024,
OPTSTK,HDFCBANK,25-Jul-2024,1600.0,PE,0.0,0.0,0.0,110.55,100.4,0,0.0,0,0,06-MAY-2024,
OPTSTK,HDFCBANK,25-Jul-2024,1620.0,PE,0.0,0.0,0.0,123.6,113.3,0,0.0,0,0,06-MAY-2024,
OPTSTK,HDFCBANK,25-Jul-2024,1640.0,PE,0.0,0.0,0.0,137.35,127.0,0,0.0,0,0,06-MAY-2024,
OPTSTK,HDFCBANK,25-Jul-2024,1660.0,PE,0.0,0.0,0.0,151.85,141.45,0,0.0,0,0,06-MAY-2024,
OPTSTK,HDFCBANK,25-Jul-2024,1680.0,PE,0.0,0.0,0.0,166.85,156.5,0,0.0,0,0,06-MAY-2024,
OPTSTK,HDFCBANK,25-Jul-2024,1720.0,PE,0.0,0.0,0.0,198.45,188.25,0,0.0,0,0,06-MAY-2024,
OPTSTK,HDFCLIFE,30-May-2024,480.0,CE,0.0,0.0,0.0,113.85,77.6,0,0.0,0,0,06-MAY-2024,
OPTSTK,HDFCLIFE,30-May-2024,490.0,CE,0.0,0.0,0.0,105.1,68.0,0,0.0,0,0,06-MAY-2024,
OPTSTK,HDFCLIFE,30-May-2024,500.0,CE,60.9,63.7,60.9,63.7,58.65,3,18.56,4400,1100,06-MAY-2024,
OPTSTK,HDFCLIFE,30-May-2024,505.0,CE,0.0,0.0,0.0,135.2,54.15,0,0.0,0,0,06-MAY-2024,
OPTSTK,HDFCLIFE,30-May-2024,510.0,CE,49.0,54.0,49.0,54.0,49.7,6,36.94,5500,5500,06-MAY-2024,
OPTSTK,HDFCLIFE,30-May-2024,515.0,CE,50.85,50.85,44.6,46.8,45.45,4,24.72,4400,4400,06-MAY-2024,
OPTSTK,HDFCLIFE,30-May-2024,520.0,CE,44.1,44.1,40.1,43.2,41.3,12,74.26,11000,11000,06-MAY-2024,
OPTSTK,HDFCLIFE,30-May-2024,525.0,CE,35.55,39.5,35.55,39.5,37.35,2,12.37,2200,2200,06-MAY-2024,
OPTSTK,HDFCLIFE,30-May-2024,530.0,CE,34.0,37.2,34.0,34.4,34.4,13,80.85,8800,3300,06-MAY-2024,
OPTSTK,HDFCLIFE,30-May-2024,535.0,CE,28.35,29.6,28.35,29.6,30.0,3,18.6,7700,2200,06-MAY-2024,
OPTSTK,HDFCLIFE,30-May-2024,540.0,CE,32.0,32.0,25.1,27.4,26.65,33,205.77,22000,9900,06-MAY-2024,
OPTSTK,HDFCLIFE,30-May-2024,545.0,CE,23.2,25.5,22.15,25.0,23.5,23,143.83,13200,4400,06-MAY-2024,
OPTSTK,HDFCLIFE,30-May-2024,550.0,CE,26.45,26.45,19.0,20.95,20.95,1025,6439.71,283800,199100,06-MAY-2024,
OPTSTK,HDFCLIFE,30-May-2024,555.0,CE,22.6,22.6,16.5,18.0,18.0,304,1917.44,55000,46200,06-MAY-2024,
OPTSTK,HDFCLIFE,30-May-2024,560.0,CE,21.65,21.65,14.25,15.6,15.6,2171,13764.66,386100,260700,06-MAY-2024,
OPTSTK,HDFCLIFE,30-May-2024,565.0,CE,17.0,18.2,12.25,13.4,13.4,700,4461.91,179300,89100,06-MAY-2024,
OPTSTK,HDFCLIFE,30-May-2024,570.0,CE,15.25,15.65,10.4,11.4,11.4,2109,13502.27,628100,180400,06-MAY-2024,
OPTSTK,HDFCLIFE,30-May-2024,575.0,CE,13.4,13.55,9.05,9.7,9.7,808,5202.12,303600,27500,06-MAY-2024,
OPTSTK,HDFCLIFE,30-May-2024,580.0,CE,11.2,11.2,7.55,8.15,8.15,2285,14800.21,1155000,214500,06-MAY-2024,
OPTSTK,HDFCLIFE,30-May-2024,585.0,CE,9.7,9.75,6.5,6.95,6.95,431,2809.24,314600,35200,06-MAY-2024,
OPTSTK,HDFCLIFE,30-May-2024,590.0,CE,4.0,8.3,4.0,5.85,5.85,1103,7234.06,1309000,148500,06-MAY-2024,
OPTSTK,HDFCLIFE,30-May-2024,595.0,CE,6.1,6.8,4.7,4.95,4.95,240,1585.17,432300,-5500,06-MAY-2024,
OPTSTK,HDFCLIFE,30-May-2024,600.0,CE,5.9,5.9,3.85,4.2,4.2,2703,17972.65,3521100,279400,06-MAY-2024,
OPTSTK,HDFCLIFE,30-May-2024,605.0,CE,4.8,4.8,3.35,3.55,3.55,168,1125.12,302500,0,06-MAY-2024,
OPTSTK,HDFCLIFE,30-May-2024,610.0,CE,4.25,4.25,2.85,3.1,3.1,876,5908.97,1564200,106700,06-MAY-2024,
OPTSTK,HDFCLIFE,30-May-2024,615.0,CE,3.5,3.5,2.45,2.6,2.6,75,509.7,128700,9900,06-MAY-2024,
OPTSTK,HDFCLIFE,30-May-2024,620.0,CE,3.1,3.2,2.1,2.3,2.3,800,5476.86,1365100,63800,06-MAY-2024,
OPTSTK,HDFCLIFE,30-May-2024,625.0,CE,2.5,2.5,1.9,1.95,1.95,109,751.82,166100,15400,06-MAY-2024,
OPTSTK,HDFCLIFE,30-May-2024,630.0,CE,2.1,2.2,1.6,1.7,1.7,519,3606.86,946000,-40700,06-MAY-2024,
OPTSTK,HDFCLIFE,30-May-2024,635.0,CE,1.7,1.7,1.4,1.5,1.5,47,329.08,128700,-12100,06-MAY-2024,
OPTSTK,HDFCLIFE,30-May-2024,640.0,CE,1.8,1.8,1.25,1.35,1.35,246,1735.6,551100,-19800,06-MAY-2024,
OPTSTK,HDFCLIFE,30-May-2024,645.0,CE,1.35,1.4,1.15,1.15,1.15,44,312.76,94600,7700,06-MAY-2024,
OPTSTK,HDFCLIFE,30-May-2024,650.0,CE,1.3,1.3,0.9,1.0,1.0,1251,8959.19,1557600,37400,06-MAY-2024,
OPTSTK,HDFCLIFE,30-May-2024,660.0,CE,1.1,1.1,0.75,0.85,0.85,250,1817.32,339900,-9900,06-MAY-2024,
OPTSTK,HDFCLIFE,30-May-2024,665.0,CE,0.0,0.0,0.0,1.0,0.15,0,0.0,23100,0,06-MAY-2024,
OPTSTK,HDFCLIFE,30-May-2024,670.0,CE,0.75,0.75,0.55,0.65,0.65,80,590.17,314600,-37400,06-MAY-2024,
OPTSTK,HDFCLIFE,30-May-2024,680.0,CE,0.6,0.6,0.3,0.6,0.6,105,785.94,138600,-34100,06-MAY-2024,
OPTSTK,HDFCLIFE,30-May-2024,690.0,CE,0.5,0.5,0.45,0.45,0.45,3,22.78,29700,-3300,06-MAY-2024,
OPTSTK,HDFCLIFE,30-May-2024,695.0,CE,0.0,0.0,0.0,0.8,0.05,0,0.0,5500,0,06-MAY-2024,
OPTSTK,HDFCLIFE,30-May-2024,700.0,CE,0.4,0.55,0.35,0.45,0.45,433,3336.36,1575200,130900,06-MAY-2024,
OPTSTK,HDFCLIFE,30-May-2024,710.0,CE,0.4,0.55,0.35,0.35,0.05,23,179.72,66000,11000,06-MAY-2024,
OPTSTK,HDFCLIFE,30-May-2024,720.0,CE,0.3,0.35,0.3,0.35,0.0,20,158.47,70400,14300,06-MAY-2024,
OPTSTK,HDFCLIFE,30-May-2024,480.0,PE,0.95,0.95,0.75,0.8,0.8,3,15.86,3300,3300,06-MAY-2024,
OPTSTK,HDFCLIFE,30-May-2024,490.0,PE,0.0,0.0,0.0,4.25,0.7,0,0.0,0,0,06-MAY-2024,
OPTSTK,HDFCLIFE,30-May-2024,500.0,PE,0.8,1.85,0.8,1.4,1.4,694,3828.27,386100,224400,06-MAY-2024,
OPTSTK,HDFCLIFE,30-May-2024,505.0,PE,0.0,0.0,0.0,0.65,1.75,0,0.0,0,0,06-MAY-2024,
OPTSTK,HDFCLIFE,30-May-2024,510.0,PE,1.5,2.9,1.4,2.2,2.2,341,1921.45,224400,79200,06-MAY-2024,
OPTSTK,HDFCLIFE,30-May-2024,515.0,PE,2.2,3.6,1.8,2.75,2.75,170,968.59,95700,94600,06-MAY-2024,
OPTSTK,HDFCLIFE,30-May-2024,520.0,PE,2.05,4.5,1.9,3.45,3.45,514,2959.2,268400,105600,06-MAY-2024,
OPTSTK,HDFCLIFE,30-May-2024,525.0,PE,2.85,5.55,2.85,4.4,4.4,68,395.95,41800,41800,06-MAY-2024,
OPTSTK,HDFCLIFE,30-May-2024,530.0,PE,2.65,6.85,2.6,5.2,5.2,770,4533.1,555500,134200,06-MAY-2024,
OPTSTK,HDFCLIFE,30-May-2024,535.0,PE,3.4,8.15,3.4,6.4,6.4,227,1351.71,70400,38500,06-MAY-2024,
OPTSTK,HDFCLIFE,30-May-2024,540.0,PE,4.15,10.05,3.9,7.9,7.9,794,4784.31,308000,71500,06-MAY-2024,
OPTSTK,HDFCLIFE,30-May-2024,545.0,PE,5.45,11.8,5.45,9.6,9.6,295,1799.23,119900,40700,06-MAY-2024,
OPTSTK,HDFCLIFE,30-May-2024,550.0,PE,6.55,14.2,6.3,11.55,11.55,3466,21437.53,914100,246400,06-MAY-2024,
OPTSTK,HDFCLIFE,30-May-2024,555.0,PE,8.35,16.8,8.35,13.7,13.7,598,3742.58,174900,137500,06-MAY-2024,
OPTSTK,HDFCLIFE,30-May-2024,560.0,PE,9.95,19.1,9.9,16.15,16.15,1152,7292.54,512600,83600,06-MAY-2024,
OPTSTK,HDFCLIFE,30-May-2024,565.0,PE,12.25,22.2,12.0,18.9,18.9,273,1747.93,113300,14300,06-MAY-2024,
OPTSTK,HDFCLIFE,30-May-2024,570.0,PE,14.25,25.65,14.25,21.8,21.8,591,3844.63,594000,-45100,06-MAY-2024,
OPTSTK,HDFCLIFE,30-May-2024,575.0,PE,16.95,28.45,16.95,24.95,24.95,137,901.75,501600,-12100,06-MAY-2024,
OPTSTK,HDFCLIFE,30-May-2024,580.0,PE,20.75,32.5,20.75,28.7,28.7,216,1441.97,765600,13200,06-MAY-2024,
OPTSTK,HDFCLIFE,30-May-2024,585.0,PE,26.0,34.5,26.0,29.95,34.05,14,94.94,136400,-2200,06-MAY-2024,
OPTSTK,HDFCLIFE,30-May-2024,590.0,PE,27.95,40.25,27.95,35.15,37.85,74,508.41,189200,-26400,06-MAY-2024,
OPTSTK,HDFCLIFE,30-May-2024,595.0,PE,32.4,32.4,32.4,32.4,41.85,1,6.9,60500,-1100,06-MAY-2024,
OPTSTK,HDFCLIFE,30-May-2024,600.0,PE,33.0,48.6,33.0,44.8,44.8,83,588.29,774400,-2200,06-MAY-2024,
OPTSTK,HDFCLIFE,30-May-2024,605.0,PE,40.1,52.2,40.1,46.45,50.25,3,21.49,19800,-1100,06-MAY-2024,
OPTSTK,HDFCLIFE,30-May-2024,610.0,PE,52.0,53.75,51.7,53.75,53.75,15,109.25,92400,-13200,06-MAY-2024,
OPTSTK,HDFCLIFE,30-May-2024,615.0,PE,61.55,61.6,61.55,61.6,59.1,2,14.88,27500,1100,06-MAY-2024,
OPTSTK,HDFCLIFE,30-May-2024,620.0,PE,61.15,61.15,60.0,61.0,63.7,4,29.95,165000,1100,06-MAY-2024,
OPTSTK,HDFCLIFE,30-May-2024,625.0,PE,0.0,0.0,0.0,49.55,68.35,0,0.0,27500,0,06-MAY-2024,
OPTSTK,HDFCLIFE,30-May-2024,630.0,PE,72.0,72.0,72.0,72.0,73.05,1,7.72,239800,-1100,06-MAY-2024,
OPTSTK,HDFCLIFE,30-May-2024,635.0,PE,0.0,0.0,0.0,58.25,77.8,0,0.0,19800,0,06-MAY-2024,
OPTSTK,HDFCLIFE,30-May-2024,640.0,PE,85.85,85.85,85.85,85.85,82.6,1,7.98,94600,0,06-MAY-2024,
OPTSTK,HDFCLIFE,30-May-2024,645.0,PE,0.0,0.0,0.0,64.7,87.45,0,0.0,12100,0,06-MAY-2024,
OPTSTK,HDFCLIFE,30-May-2024,650.0,PE,88.5,88.5,88.5,88.5,92.3,1,8.12,271700,0,06-MAY-2024,
OPTSTK,HDFCLIFE,30-May-2024,655.0,PE,0.0,0.0,0.0,59.5,97.2,0,0.0,2200,0,06-MAY-2024,
OPTSTK,HDFCLIFE,30-May-2024,660.0,PE,0.0,0.0,0.0,59.5,102.1,0,0.0,7700,0,06-MAY-2024,
OPTSTK,HDFCLIFE,30-May-2024,670.0,PE,0.0,0.0,0.0,76.8,112.0,0,0.0,3300,0,06-MAY-2024,
OPTSTK,HDFCLIFE,30-May-2024,680.0,PE,0.0,0.0,0.0,103.0,121.9,0,0.0,2200,0,06-MAY-2024,
OPTSTK,HDFCLIFE,30-May-2024,690.0,PE,0.0,0.0,0.0,99.0,131.8,0,0.0,1100,0,06-MAY-2024,
OPTSTK,HDFCLIFE,30-May-2024,700.0,PE,0.0,0.0,0.0,117.65,141.75,0,0.0,105600,0,06-MAY-2024,
OPTSTK,HDFCLIFE,27-Jun-2024,480.0,CE,0.0,0.0,0.0,162.65,82.05,0,0.0,0,0,06-MAY-2024,
OPTSTK,HDFCLIFE,27-Jun-2024,490.0,CE,0.0,0.0,0.0,153.15,73.2,0,0.0,0,0,06-MAY-2024,
OPTSTK,HDFCLIFE,27-Jun-2024,500.0,CE,0.0,0.0,0.0,143.75,64.7,0,0.0,0,0,06-MAY-2024,
OPTSTK,HDFCLIFE,27-Jun-2024,505.0,CE,0.0,0.0,0.0,98.25,60.65,0,0.0,0,0,06-MAY-2024,
OPTSTK,HDFCLIFE,27-Jun-2024,510.0,CE,0.0,0.0,0.0,134.5,56.65,0,0.0,0,0,06-MAY-2024,
OPTSTK,HDFCLIFE,27-Jun-2024,515.0,CE,0.0,0.0,0.0,89.3,52.8,0,0.0,0,0,06-MAY-2024,
OPTSTK,HDFCLIFE,27-Jun-2024,520.0,CE,0.0,0.0,0.0,125.4,49.15,0,0.0,0,0,06-MAY-2024,
OPTSTK,HDFCLIFE,27-Jun-2024,525.0,CE,0.0,0.0,0.0,80.7,45.55,0,0.0,0,0,06-MAY-2024,
OPTSTK,HDFCLIFE,27-Jun-2024,530.0,CE,0.0,0.0,0.0,116.5,42.1,0,0.0,0,0,06-MAY-2024,
OPTSTK,HDFCLIFE,27-Jun-2024,535.0,CE,0.0,0.0,0.0,72.4,38.85,0,0.0,0,0,06-MAY-2024,
OPTSTK,HDFCLIFE,27-Jun-2024,540.0,CE,0.0,0.0,0.0,107.8,35.75,0,0.0,0,0,06-MAY-2024,
OPTSTK,HDFCLIFE,27-Jun-2024,545.0,CE,0.0,0.0,0.0,64.55,32.8,0,0.0,0,0,06-MAY-2024,
OPTSTK,HDFCLIFE,27-Jun-2024,550.0,CE,40.0,40.0,32.7,34.95,30.0,30,193.1,42900,30800,06-MAY-2024,
OPTSTK,HDFCLIFE,27-Jun-2024,555.0,CE,0.0,0.0,0.0,57.1,27.35,0,0.0,0,0,06-MAY-2024,
OPTSTK,HDFCLIFE,27-Jun-2024,560.0,CE,0.0,0.0,0.0,91.3,24.9,0,0.0,0,0,06-MAY-2024,
OPTSTK,HDFCLIFE,27-Jun-2024,565.0,CE,0.0,0.0,0.0,50.1,22.6,0,0.0,0,0,06-MAY-2024,
OPTSTK,HDFCLIFE,27-Jun-2024,570.0,CE,0.0,0.0,0.0,83.5,20.4,0,0.0,0,0,06-MAY-2024,
OPTSTK,HDFCLIFE,27-Jun-2024,575.0,CE,0.0,0.0,0.0,43.7,18.4,0,0.0,0,0,06-MAY-2024,
OPTSTK,HDFCLIFE,27-Jun-2024,580.0,CE,24.15,24.15,20.25,21.4,21.4,45,297.72,47300,27500,06-MAY-2024,
OPTSTK,HDFCLIFE,27-Jun-2024,585.0,CE,0.0,0.0,0.0,27.3,14.85,0,0.0,1100,0,06-MAY-2024,
OPTSTK,HDFCLIFE,27-Jun-2024,590.0,CE,17.4,18.3,17.3,17.3,13.3,6,40.1,6600,1100,06-MAY-2024,
OPTSTK,HDFCLIFE,27-Jun-2024,595.0,CE,0.0,0.0,0.0,19.35,11.85,0,0.0,2200,0,06-MAY-2024,
OPTSTK,HDFCLIFE,27-Jun-2024,600.0,CE,16.2,16.35,14.1,14.8,14.8,140,947.54,228800,73700,06-MAY-2024,
OPTSTK,HDFCLIFE,27-Jun-2024,605.0,CE,0.0,0.0,0.0,27.6,9.4,0,0.0,0,0,06-MAY-2024,
OPTSTK,HDFCLIFE,27-Jun-2024,610.0,CE,11.85,13.85,11.7,11.95,11.95,9,61.62,12100,7700,06-MAY-2024,
OPTSTK,HDFCLIFE,27-Jun-2024,615.0,CE,0.0,0.0,0.0,23.3,7.3,0,0.0,0,0,06-MAY-2024,
OPTSTK,HDFCLIFE,27-Jun-2024,620.0,CE,0.0,0.0,0.0,50.1,6.45,0,0.0,0,0,06-MAY-2024,
OPTSTK,HDFCLIFE,27-Jun-2024,625.0,CE,0.0,0.0,0.0,19.55,5.65,0,0.0,0,0,06-MAY-2024,
OPTSTK,HDFCLIFE,27-Jun-2024,630.0,CE,0.0,0.0,0.0,44.65,4.95,0,0.0,0,0,06-MAY-2024,
OPTSTK,HDFCLIFE,27-Jun-2024,635.0,CE,0.0,0.0,0.0,16.25,4.3,0,0.0,0,0,06-MAY-2024,
OPTSTK,HDFCLIFE,27-Jun-2024,640.0,CE,0.0,0.0,0.0,9.0,3.75,0,0.0,2200,0,06-MAY-2024,
OPTSTK,HDFCLIFE,27-Jun-2024,645.0,CE,0.0,0.0,0.0,13.4,3.25,0,0.0,0,0,06-MAY-2024,
OPTSTK,HDFCLIFE,27-Jun-2024,650.0,CE,5.05,6.05,5.0,6.0,6.0,26,187.5,141900,17600,06-MAY-2024,
OPTSTK,HDFCLIFE,27-Jun-2024,660.0,CE,0.0,0.0,0.0,30.8,2.1,0,0.0,0,0,06-MAY-2024,
OPTSTK,HDFCLIFE,27-Jun-2024,670.0,CE,0.0,0.0,0.0,26.95,1.55,0,0.0,0,0,06-MAY-2024,
OPTSTK,HDFCLIFE,27-Jun-2024,680.0,CE,0.0,0.0,0.0,23.5,1.15,0,0.0,0,0,06-MAY-2024,
OPTSTK,HDFCLIFE,27-Jun-2024,740.0,CE,1.8,1.8,1.8,1.8,0.15,1,8.15,1100,-1100,06-MAY-2024,
OPTSTK,HDFCLIFE,27-Jun-2024,480.0,PE,3.05,3.05,3.05,3.05,2.1,5,26.56,5500,5500,06-MAY-2024,
OPTSTK,HDFCLIFE,27-Jun-2024,490.0,PE,0.0,0.0,0.0,1.0,3.1,0,0.0,0,0,06-MAY-2024,
OPTSTK,HDFCLIFE,27-Jun-2024,500.0,PE,6.45,6.5,5.0,6.45,6.45,70,389.92,69300,69300,06-MAY-2024,
OPTSTK,HDFCLIFE,27-Jun-2024,505.0,PE,0.0,0.0,0.0,2.2,5.4,0,0.0,0,0,06-MAY-2024,
OPTSTK,HDFCLIFE,27-Jun-2024,510.0,PE,0.0,0.0,0.0,2.0,6.35,0,0.0,0,0,06-MAY-2024,
OPTSTK,HDFCLIFE,27-Jun-2024,515.0,PE,0.0,0.0,0.0,3.15,7.45,0,0.0,0,0,06-MAY-2024,
OPTSTK,HDFCLIFE,27-Jun-2024,520.0,PE,11.6,11.6,11.6,11.6,8.75,2,11.69,2200,2200,06-MAY-2024,
OPTSTK,HDFCLIFE,27-Jun-2024,525.0,PE,0.0,0.0,0.0,4.4,10.1,0,0.0,0,0,06-MAY-2024,
OPTSTK,HDFCLIFE,27-Jun-2024,530.0,PE,15.0,15.0,14.0,14.0,11.6,7,41.93,7700,7700,06-MAY-2024,
OPTSTK,HDFCLIFE,27-Jun-2024,535.0,PE,17.0,17.0,17.0,17.0,13.3,1,6.07,1100,1100,06-MAY-2024,
OPTSTK,HDFCLIFE,27-Jun-2024,540.0,PE,19.6,19.6,19.1,19.1,15.15,3,18.46,3300,3300,06-MAY-2024,
OPTSTK,HDFCLIFE,27-Jun-2024,545.0,PE,0.0,0.0,0.0,8.0,17.1,0,0.0,0,0,06-MAY-2024,
OPTSTK,HDFCLIFE,27-Jun-2024,550.0,PE,19.0,25.0,19.0,22.7,22.7,123,774.88,262900,66000,06-MAY-2024,
OPTSTK,HDFCLIFE,27-Jun-2024,555.0,PE,0.0,0.0,0.0,10.45,21.6,0,0.0,0,0,06-MAY-2024,
OPTSTK,HDFCLIFE,27-Jun-2024,560.0,PE,24.0,24.0,24.0,24.0,24.05,1,6.42,1100,1100,06-MAY-2024,
OPTSTK,HDFCLIFE,27-Jun-2024,565.0,PE,0.0,0.0,0.0,13.35,26.7,0,0.0,0,0,06-MAY-2024,
OPTSTK,HDFCLIFE,27-Jun-2024,570.0,PE,0.0,0.0,0.0,25.5,29.5,0,0.0,1100,0,06-MAY-2024,
OPTSTK,HDFCLIFE,27-Jun-2024,575.0,PE,0.0,0.0,0.0,16.75,32.45,0,0.0,0,0,06-MAY-2024,
OPTSTK,HDFCLIFE,27-Jun-2024,580.0,PE,38.0,38.0,38.0,38.0,35.55,1,6.79,30800,1100,06-MAY-2024,
OPTSTK,HDFCLIFE,27-Jun-2024,585.0,PE,0.0,0.0,0.0,24.35,38.8,0,0.0,0,0,06-MAY-2024,
OPTSTK,HDFCLIFE,27-Jun-2024,590.0,PE,0.0,0.0,0.0,15.05,42.15,0,0.0,0,0,06-MAY-2024,
OPTSTK,HDFCLIFE,27-Jun-2024,595.0,PE,0.0,0.0,0.0,25.25,45.65,0,0.0,0,0,06-MAY-2024,
OPTSTK,HDFCLIFE,27-Jun-2024,600.0,PE,54.6,55.0,50.0,51.75,51.75,19,136.55,106700,19800,06-MAY-2024,
OPTSTK,HDFCLIFE,27-Jun-2024,605.0,PE,0.0,0.0,0.0,30.3,53.1,0,0.0,0,0,06-MAY-2024,
OPTSTK,HDFCLIFE,27-Jun-2024,610.0,PE,0.0,0.0,0.0,21.7,56.95,0,0.0,0,0,06-MAY-2024,
OPTSTK,HDFCLIFE,27-Jun-2024,615.0,PE,0.0,0.0,0.0,35.9,60.9,0,0.0,0,0,06-MAY-2024,
OPTSTK,HDFCLIFE,27-Jun-2024,620.0,PE,0.0,0.0,0.0,50.0,65.0,0,0.0,1100,0,06-MAY-2024,
OPTSTK,HDFCLIFE,27-Jun-2024,625.0,PE,0.0,0.0,0.0,42.0,69.15,0,0.0,0,0,06-MAY-2024,
OPTSTK,HDFCLIFE,27-Jun-2024,630.0,PE,0.0,0.0,0.0,30.05,73.4,0,0.0,0,0,06-MAY-2024,
OPTSTK,HDFCLIFE,27-Jun-2024,635.0,PE,0.0,0.0,0.0,48.55,77.7,0,0.0,0,0,06-MAY-2024,
OPTSTK,HDFCLIFE,27-Jun-2024,640.0,PE,0.0,0.0,0.0,34.8,82.1,0,0.0,0,0,06-MAY-2024,
OPTSTK,HDFCLIFE,27-Jun-2024,645.0,PE,0.0,0.0,0.0,55.6,86.55,0,0.0,0,0,06-MAY-2024,
OPTSTK,HDFCLIFE,27-Jun-2024,650.0,PE,95.0,95.0,95.0,95.0,91.1,1,8.19,9900,1100,06-MAY-2024,
OPTSTK,HDFCLIFE,27-Jun-2024,660.0,PE,0.0,0.0,0.0,45.65,100.25,0,0.0,0,0,06-MAY-2024,
OPTSTK,HDFCLIFE,27-Jun-2024,670.0,PE,0.0,0.0,0.0,51.65,109.6,0,0.0,0,0,06-MAY-2024,
OPTSTK,HDFCLIFE,27-Jun-2024,680.0,PE,0.0,0.0,0.0,58.0,119.1,0,0.0,0,0,06-MAY-2024,
OPTSTK,HDFCLIFE,25-Jul-2024,460.0,CE,0.0,0.0,0.0,143.9,104.45,0,0.0,0,0,06-MAY-2024,
OPTSTK,HDFCLIFE,25-Jul-2024,480.0,CE,0.0,0.0,0.0,125.25,86.8,0,0.0,0,0,06-MAY-2024,
OPTSTK,HDFCLIFE,25-Jul-2024,500.0,CE,0.0,0.0,0.0,107.25,70.5,0,0.0,0,0,06-MAY-2024,
OPTSTK,HDFCLIFE,25-Jul-2024,510.0,CE,0.0,0.0,0.0,98.65,62.9,0,0.0,0,0,06-MAY-2024,
OPTSTK,HDFCLIFE,25-Jul-2024,520.0,CE,0.0,0.0,0.0,90.3,55.75,0,0.0,0,0,06-MAY-2024,
OPTSTK,HDFCLIFE,25-Jul-2024,530.0,CE,0.0,0.0,0.0,82.3,49.15,0,0.0,0,0,06-MAY-2024,
OPTSTK,HDFCLIFE,25-Jul-2024,540.0,CE,0.0,0.0,0.0,74.6,43.0,0,0.0,0,0,06-MAY-2024,
OPTSTK,HDFCLIFE,25-Jul-2024,550.0,CE,0.0,0.0,0.0,67.35,37.35,0,0.0,0,0,06-MAY-2024,
OPTSTK,HDFCLIFE,25-Jul-2024,560.0,CE,0.0,0.0,0.0,60.45,32.25,0,0.0,0,0,06-MAY-2024,
OPTSTK,HDFCLIFE,25-Jul-2024,570.0,CE,0.0,0.0,0.0,54.0,27.65,0,0.0,0,0,06-MAY-2024,
OPTSTK,HDFCLIFE,25-Jul-2024,580.0,CE,0.0,0.0,0.0,48.0,23.55,0,0.0,0,0,06-MAY-2024,
OPTSTK,HDFCLIFE,25-Jul-2024,590.0,CE,0.0,0.0,0.0,42.45,19.9,0,0.0,0,0,06-MAY-2024,
OPTSTK,HDFCLIFE,25-Jul-2024,600.0,CE,0.0,0.0,0.0,30.25,16.75,0,0.0,2200,0,06-MAY-2024,
OPTSTK,HDFCLIFE,25-Jul-2024,610.0,CE,0.0,0.0,0.0,32.7,14.0,0,0.0,0,0,06-MAY-2024,
OPTSTK,HDFCLIFE,25-Jul-2024,620.0,CE,0.0,0.0,0.0,28.5,11.65,0,0.0,0,0,06-MAY-2024,
OPTSTK,HDFCLIFE,25-Jul-2024,630.0,CE,0.0,0.0,0.0,24.7,9.55,0,0.0,0,0,06-MAY-2024,
OPTSTK,HDFCLIFE,25-Jul-2024,640.0,CE,0.0,0.0,0.0,21.3,7.85,0,0.0,0,0,06-MAY-2024,
OPTSTK,HDFCLIFE,25-Jul-2024,650.0,CE,0.0,0.0,0.0,10.6,6.4,0,0.0,1100,0,06-MAY-2024,
OPTSTK,HDFCLIFE,25-Jul-2024,660.0,CE,0.0,0.0,0.0,15.6,5.2,0,0.0,0,0,06-MAY-2024,
OPTSTK,HDFCLIFE,25-Jul-2024,680.0,CE,0.0,0.0,0.0,11.25,3.35,0,0.0,0,0,06-MAY-2024,
OPTSTK,HDFCLIFE,25-Jul-2024,460.0,PE,0.0,0.0,0.0,0.9,2.1,0,0.0,0,0,06-MAY-2024,
OPTSTK,HDFCLIFE,25-Jul-2024,480.0,PE,0.0,0.0,0.0,1.85,4.15,0,0.0,0,0,06-MAY-2024,
OPTSTK,HDFCLIFE,25-Jul-2024,500.0,PE,0.0,0.0,0.0,3.55,7.55,0,0.0,0,0,06-MAY-2024,
OPTSTK,HDFCLIFE,25-Jul-2024,510.0,PE,0.0,0.0,0.0,4.75,9.8,0,0.0,0,0,06-MAY-2024,
OPTSTK,HDFCLIFE,25-Jul-2024,520.0,PE,10.3,10.3,10.3,10.3,12.5,1,5.83,1100,1100,06-MAY-2024,
OPTSTK,HDFCLIFE,25-Jul-2024,530.0,PE,0.0,0.0,0.0,8.0,15.7,0,0.0,0,0,06-MAY-2024,
OPTSTK,HDFCLIFE,25-Jul-2024,540.0,PE,0.0,0.0,0.0,10.15,19.4,0,0.0,0,0,06-MAY-2024,
OPTSTK,HDFCLIFE,25-Jul-2024,550.0,PE,0.0,0.0,0.0,12.7,23.6,0,0.0,0,0,06-MAY-2024,
OPTSTK,HDFCLIFE,25-Jul-2024,560.0,PE,0.0,0.0,0.0,15.65,28.35,0,0.0,0,0,06-MAY-2024,
OPTSTK,HDFCLIFE,25-Jul-2024,570.0,PE,0.0,0.0,0.0,19.0,33.6,0,0.0,0,0,06-MAY-2024,
OPTSTK,HDFCLIFE,25-Jul-2024,580.0,PE,0.0,0.0,0.0,22.85,39.35,0,0.0,0,0,06-MAY-2024,
OPTSTK,HDFCLIFE,25-Jul-2024,590.0,PE,0.0,0.0,0.0,27.1,45.55,0,0.0,0,0,06-MAY-2024,
OPTSTK,HDFCLIFE,25-Jul-2024,600.0,PE,0.0,0.0,0.0,39.0,52.2,0,0.0,1100,0,06-MAY-2024,
OPTSTK,HDFCLIFE,25-Jul-2024,610.0,PE,0.0,0.0,0.0,37.0,59.3,0,0.0,0,0,06-MAY-2024,
OPTSTK,HDFCLIFE,25-Jul-2024,620.0,PE,0.0,0.0,0.0,42.6,66.8,0,0.0,0,0,06-MAY-2024,
OPTSTK,HDFCLIFE,25-Jul-2024,630.0,PE,0.0,0.0,0.0,53.0,74.55,0,0.0,1100,0,06-MAY-2024,
OPTSTK,HDFCLIFE,25-Jul-2024,640.0,PE,0.0,0.0,0.0,60.0,82.7,0,0.0,1100,0,06-MAY-2024,
OPTSTK,HDFCLIFE,25-Jul-2024,650.0,PE,0.0,0.0,0.0,79.0,91.05,0,0.0,2200,0,06-MAY-2024,
OPTSTK,HDFCLIFE,25-Jul-2024,660.0,PE,0.0,0.0,0.0,69.0,99.7,0,0.0,0,0,06-MAY-2024,
OPTSTK,HDFCLIFE,25-Jul-2024,680.0,PE,0.0,0.0,0.0,84.25,117.55,0,0.0,0,0,06-MAY-2024,
OPTSTK,HEROMOTOCO,30-May-2024,3800.0,CE,0.0,0.0,0.0,689.05,728.6,0,0.0,1800,0,06-MAY-2024,
OPTSTK,HEROMOTOCO,30-May-2024,3900.0,CE,0.0,0.0,0.0,520.0,631.05,0,0.0,300,0,06-MAY-2024,
OPTSTK,HEROMOTOCO,30-May-2024,4000.0,CE,517.05,517.05,513.5,513.5,535.75,3,20.32,6000,0,06-MAY-2024,
OPTSTK,HEROMOTOCO,30-May-2024,4050.0,CE,0.0,0.0,0.0,744.4,489.4,0,0.0,0,0,06-MAY-2024,
OPTSTK,HEROMOTOCO,30-May-2024,4100.0,CE,0.0,0.0,0.0,521.0,444.2,0,0.0,4050,0,06-MAY-2024,
OPTSTK,HEROMOTOCO,30-May-2024,4150.0,CE,401.95,401.95,401.95,401.95,400.45,1,6.82,2400,150,06-MAY-2024,
OPTSTK,HEROMOTOCO,30-May-2024,4200.0,CE,372.55,372.55,372.55,372.55,358.4,1,6.85,18150,150,06-MAY-2024,
OPTSTK,HEROMOTOCO,30-May-2024,4250.0,CE,0.0,0.0,0.0,346.8,318.3,0,0.0,2550,0,06-MAY-2024,
OPTSTK,HEROMOTOCO,30-May-2024,4300.0,CE,329.2,329.2,270.35,274.7,280.55,9,62.06,41100,-600,06-MAY-2024,
OPTSTK,HEROMOTOCO,30-May-2024,4350.0,CE,258.75,262.8,227.5,238.25,244.9,40,275.49,14100,-150,06-MAY-2024,
OPTSTK,HEROMOTOCO,30-May-2024,4400.0,CE,235.0,236.65,194.65,223.7,223.7,64,443.33,36000,450,06-MAY-2024,
OPTSTK,HEROMOTOCO,30-May-2024,4450.0,CE,214.0,214.0,166.5,188.25,188.25,61,424.73,31200,1500,06-MAY-2024,
OPTSTK,HEROMOTOCO,30-May-2024,4500.0,CE,204.45,204.45,141.35,160.05,160.05,1001,6995.21,120900,8550,06-MAY-2024,
OPTSTK,HEROMOTOCO,30-May-2024,4550.0,CE,164.95,171.25,119.2,138.6,138.6,1144,8040.9,119250,12900,06-MAY-2024,
OPTSTK,HEROMOTOCO,30-May-2024,4600.0,CE,134.85,138.05,99.4,115.1,115.1,1681,11884.97,237000,18000,06-MAY-2024,
OPTSTK,HEROMOTOCO,30-May-2024,4650.0,CE,115.0,115.3,81.3,96.1,96.1,499,3551.26,53850,8550,06-MAY-2024,
OPTSTK,HEROMOTOCO,30-May-2024,4700.0,CE,91.5,96.35,67.0,79.85,79.85,920,6593.71,143700,18000,06-MAY-2024,
OPTSTK,HEROMOTOCO,30-May-2024,4750.0,CE,75.0,75.0,55.0,64.35,64.35,169,1219.98,24750,4650,06-MAY-2024,
OPTSTK,HEROMOTOCO,30-May-2024,4800.0,CE,65.6,65.6,44.0,53.35,53.35,1365,9933.68,270600,5850,06-MAY-2024,
OPTSTK,HEROMOTOCO,30-May-2024,4850.0,CE,46.8,52.65,36.4,44.05,44.05,160,1174.15,22200,1350,06-MAY-2024,
OPTSTK,HEROMOTOCO,30-May-2024,4900.0,CE,46.0,46.0,30.0,35.85,35.85,388,2871.88,68100,-600,06-MAY-2024,
OPTSTK,HEROMOTOCO,30-May-2024,4950.0,CE,32.0,33.7,24.8,29.95,29.95,86,642.15,12450,2550,06-MAY-2024,
OPTSTK,HEROMOTOCO,30-May-2024,5000.0,CE,28.4,30.05,20.05,24.05,24.05,2403,18106.94,119550,11550,06-MAY-2024,
OPTSTK,HEROMOTOCO,30-May-2024,5050.0,CE,23.75,23.75,16.85,19.85,19.85,107,813.57,11250,3600,06-MAY-2024,
OPTSTK,HEROMOTOCO,30-May-2024,5100.0,CE,19.7,20.0,14.15,16.0,16.0,328,2517.08,54600,3450,06-MAY-2024,
OPTSTK,HEROMOTOCO,30-May-2024,5150.0,CE,15.4,15.4,11.8,13.15,13.15,85,658.31,12750,1050,06-MAY-2024,
OPTSTK,HEROMOTOCO,30-May-2024,5200.0,CE,12.1,13.7,9.4,10.75,10.75,618,4830.59,23550,3450,06-MAY-2024,
OPTSTK,HEROMOTOCO,30-May-2024,5300.0,CE,8.85,8.95,6.9,7.6,7.6,73,581.18,47700,3750,06-MAY-2024,
OPTSTK,HEROMOTOCO,30-May-2024,5400.0,CE,5.6,6.0,4.0,4.4,4.4,537,4353.43,69900,14400,06-MAY-2024,
OPTSTK,HEROMOTOCO,30-May-2024,3500.0,PE,0.0,0.0,0.0,4.8,0.05,0,0.0,2100,0,06-MAY-2024,
OPTSTK,HEROMOTOCO,30-May-2024,3800.0,PE,5.8,5.8,3.55,4.5,4.5,252,1438.01,19350,11250,06-MAY-2024,
OPTSTK,HEROMOTOCO,30-May-2024,3850.0,PE,0.0,0.0,0.0,2.55,2.1,0,0.0,300,0,06-MAY-2024,
OPTSTK,HEROMOTOCO,30-May-2024,3900.0,PE,6.55,8.8,6.1,7.7,7.7,48,281.35,12300,450,06-MAY-2024,
OPTSTK,HEROMOTOCO,30-May-2024,4000.0,PE,13.35,15.8,10.05,13.55,13.55,944,5681.68,129150,-9750,06-MAY-2024,
OPTSTK,HEROMOTOCO,30-May-2024,4050.0,PE,17.65,19.8,14.7,17.45,17.45,60,366.14,12150,-2550,06-MAY-2024,
OPTSTK,HEROMOTOCO,30-May-2024,4100.0,PE,16.55,26.1,16.55,22.8,22.8,289,1787.16,49200,-2100,06-MAY-2024,
OPTSTK,HEROMOTOCO,30-May-2024,4150.0,PE,23.05,33.95,20.55,29.3,29.3,225,1410.7,16200,-7350,06-MAY-2024,
OPTSTK,HEROMOTOCO,30-May-2024,4200.0,PE,26.0,43.1,26.0,36.85,36.85,529,3360.4,73950,-4350,06-MAY-2024,
OPTSTK,HEROMOTOCO,30-May-2024,4250.0,PE,34.0,53.4,34.0,46.25,46.25,127,818.03,15750,-1950,06-MAY-2024,
OPTSTK,HEROMOTOCO,30-May-2024,4300.0,PE,46.95,67.1,41.95,58.25,58.25,351,2293.88,81900,-750,06-MAY-2024,
OPTSTK,HEROMOTOCO,30-May-2024,4350.0,PE,60.95,82.45,53.8,72.0,72.0,237,1571.13,23700,-150,06-MAY-2024,
OPTSTK,HEROMOTOCO,30-May-2024,4400.0,PE,65.95,101.6,65.9,88.4,88.4,606,4077.91,96150,-2400,06-MAY-2024,
OPTSTK,HEROMOTOCO,30-May-2024,4450.0,PE,89.7,122.2,83.05,108.0,108.0,293,2003.33,34350,3600,06-MAY-2024,
OPTSTK,HEROMOTOCO,30-May-2024,4500.0,PE,103.5,147.2,98.15,129.7,129.7,1017,7060.73,103050,-8400,06-MAY-2024,
OPTSTK,HEROMOTOCO,30-May-2024,4550.0,PE,129.95,175.0,124.0,153.95,153.95,465,3279.73,32700,-150,06-MAY-2024,
OPTSTK,HEROMOTOCO,30-May-2024,4600.0,PE,145.2,202.75,145.2,181.4,181.4,263,1885.26,61200,-5250,06-MAY-2024,
OPTSTK,HEROMOTOCO,30-May-2024,4650.0,PE,0.0,0.0,0.0,180.2,208.45,0,0.0,13950,0,06-MAY-2024,
OPTSTK,HEROMOTOCO,30-May-2024,4700.0,PE,254.0,258.0,232.9,243.15,243.15,17,126.12,29850,900,06-MAY-2024,
OPTSTK,HEROMOTOCO,30-May-2024,4750.0,PE,273.4,273.4,273.4,273.4,277.65,1,7.53,3300,0,06-MAY-2024,
OPTSTK,HEROMOTOCO,30-May-2024,4800.0,PE,0.0,0.0,0.0,278.05,315.7,0,0.0,22050,0,06-MAY-2024,
OPTSTK,HEROMOTOCO,30-May-2024,4850.0,PE,355.8,355.8,355.8,355.8,355.65,1,7.8,2400,0,06-MAY-2024,
OPTSTK,HEROMOTOCO,30-May-2024,4900.0,PE,351.35,424.5,351.35,424.5,397.35,9,71.48,8550,1200,06-MAY-2024,
OPTSTK,HEROMOTOCO,30-May-2024,4950.0,PE,462.25,462.25,462.25,462.25,440.5,1,8.11,2250,0,06-MAY-2024,
OPTSTK,HEROMOTOCO,30-May-2024,5000.0,PE,0.0,0.0,0.0,462.15,484.95,0,0.0,1950,0,06-MAY-2024,
OPTSTK,HEROMOTOCO,30-May-2024,5100.0,PE,0.0,0.0,0.0,664.65,576.95,0,0.0,0,0,06-MAY-2024,
OPTSTK,HEROMOTOCO,30-May-2024,5200.0,PE,0.0,0.0,0.0,746.1,671.95,0,0.0,0,0,06-MAY-2024,
OPTSTK,HEROMOTOCO,30-May-2024,5300.0,PE,0.0,0.0,0.0,830.55,768.85,0,0.0,0,0,06-MAY-2024,
OPTSTK,HEROMOTOCO,27-Jun-2024,3800.0,CE,0.0,0.0,0.0,1006.0,760.05,0,0.0,0,0,06-MAY-2024,
OPTSTK,HEROMOTOCO,27-Jun-2024,3900.0,CE,0.0,0.0,0.0,915.65,668.85,0,0.0,0,0,06-MAY-2024,
OPTSTK,HEROMOTOCO,27-Jun-2024,4000.0,CE,0.0,0.0,0.0,828.1,581.4,0,0.0,0,0,06-MAY-2024,
OPTSTK,HEROMOTOCO,27-Jun-2024,4050.0,CE,0.0,0.0,0.0,550.05,539.4,0,0.0,0,0,06-MAY-2024,
OPTSTK,HEROMOTOCO,27-Jun-2024,4100.0,CE,0.0,0.0,0.0,743.95,498.75,0,0.0,0,0,06-MAY-2024,
OPTSTK,HEROMOTOCO,27-Jun-2024,4150.0,CE,0.0,0.0,0.0,473.1,459.55,0,0.0,0,0,06-MAY-2024,
OPTSTK,HEROMOTOCO,27-Jun-2024,4200.0,CE,0.0,0.0,0.0,663.65,422.05,0,0.0,0,0,06-MAY-2024,
OPTSTK,HEROMOTOCO,27-Jun-2024,4250.0,CE,0.0,0.0,0.0,402.05,385.95,0,0.0,0,0,06-MAY-2024,
OPTSTK,HEROMOTOCO,27-Jun-2024,4300.0,CE,0.0,0.0,0.0,587.75,351.5,0,0.0,0,0,06-MAY-2024,
OPTSTK,HEROMOTOCO,27-Jun-2024,4350.0,CE,0.0,0.0,0.0,337.55,319.05,0,0.0,0,0,06-MAY-2024,
OPTSTK,HEROMOTOCO,27-Jun-2024,4400.0,CE,0.0,0.0,0.0,516.8,288.5,0,0.0,0,0,06-MAY-2024,
OPTSTK,HEROMOTOCO,27-Jun-2024,4450.0,CE,0.0,0.0,0.0,279.95,259.8,0,0.0,0,0,06-MAY-2024,
OPTSTK,HEROMOTOCO,27-Jun-2024,4500.0,CE,0.0,0.0,0.0,264.1,233.05,0,0.0,1650,0,06-MAY-2024,
OPTSTK,HEROMOTOCO,27-Jun-2024,4550.0,CE,0.0,0.0,0.0,229.2,208.25,0,0.0,0,0,06-MAY-2024,
OPTSTK,HEROMOTOCO,27-Jun-2024,4600.0,CE,241.95,244.0,210.0,223.2,185.3,33,238.91,10200,3150,06-MAY-2024,
OPTSTK,HEROMOTOCO,27-Jun-2024,4650.0,CE,0.0,0.0,0.0,185.35,164.25,0,0.0,0,0,06-MAY-2024,
OPTSTK,HEROMOTOCO,27-Jun-2024,4700.0,CE,0.0,0.0,0.0,335.45,145.0,0,0.0,0,0,06-MAY-2024,
OPTSTK,HEROMOTOCO,27-Jun-2024,4750.0,CE,0.0,0.0,0.0,148.0,127.45,0,0.0,0,0,06-MAY-2024,
OPTSTK,HEROMOTOCO,27-Jun-2024,4800.0,CE,0.0,0.0,0.0,286.05,111.65,0,0.0,0,0,06-MAY-2024,
OPTSTK,HEROMOTOCO,27-Jun-2024,4850.0,CE,0.0,0.0,0.0,116.7,97.35,0,0.0,0,0,06-MAY-2024,
OPTSTK,HEROMOTOCO,27-Jun-2024,4900.0,CE,103.6,103.6,103.6,103.6,84.8,1,7.5,450,0,06-MAY-2024,
OPTSTK,HEROMOTOCO,27-Jun-2024,4950.0,CE,0.0,0.0,0.0,91.15,73.3,0,0.0,0,0,06-MAY-2024,
OPTSTK,HEROMOTOCO,27-Jun-2024,5000.0,CE,80.0,90.0,80.0,90.0,63.2,7,53.43,1350,1050,06-MAY-2024,
OPTSTK,HEROMOTOCO,27-Jun-2024,5100.0,CE,0.0,0.0,0.0,169.65,46.45,0,0.0,0,0,06-MAY-2024,
OPTSTK,HEROMOTOCO,27-Jun-2024,5200.0,CE,0.0,0.0,0.0,140.45,33.65,0,0.0,0,0,06-MAY-2024,
OPTSTK,HEROMOTOCO,27-Jun-2024,5300.0,CE,0.0,0.0,0.0,115.75,24.0,0,0.0,0,0,06-MAY-2024,
OPTSTK,HEROMOTOCO,27-Jun-2024,3800.0,PE,0.0,0.0,0.0,54.4,11.15,0,0.0,300,0,06-MAY-2024,
OPTSTK,HEROMOTOCO,27-Jun-2024,3900.0,PE,0.0,0.0,0.0,23.65,18.9,0,0.0,0,0,06-MAY-2024,
OPTSTK,HEROMOTOCO,27-Jun-2024,4000.0,PE,45.0,45.0,45.0,45.0,30.45,1,6.06,4950,150,06-MAY-2024,
OPTSTK,HEROMOTOCO,27-Jun-2024,4050.0,PE,0.0,0.0,0.0,50.95,37.95,0,0.0,0,0,06-MAY-2024,
OPTSTK,HEROMOTOCO,27-Jun-2024,4100.0,PE,0.0,0.0,0.0,48.35,46.75,0,0.0,0,0,06-MAY-2024,
OPTSTK,HEROMOTOCO,27-Jun-2024,4150.0,PE,0.0,0.0,0.0,72.75,57.0,0,0.0,0,0,06-MAY-2024,
OPTSTK,HEROMOTOCO,27-Jun-2024,4200.0,PE,100.0,105.0,98.0,99.0,69.0,7,45.15,5100,600,06-MAY-2024,
OPTSTK,HEROMOTOCO,27-Jun-2024,4250.0,PE,0.0,0.0,0.0,100.45,82.4,0,0.0,0,0,06-MAY-2024,
OPTSTK,HEROMOTOCO,27-Jun-2024,4300.0,PE,0.0,0.0,0.0,88.6,97.45,0,0.0,0,0,06-MAY-2024,
OPTSTK,HEROMOTOCO,27-Jun-2024,4350.0,PE,0.0,0.0,0.0,134.75,114.5,0,0.0,0,0,06-MAY-2024,
OPTSTK,HEROMOTOCO,27-Jun-2024,4400.0,PE,132.3,182.0,132.3,182.0,133.4,9,61.7,3450,600,06-MAY-2024,
OPTSTK,HEROMOTOCO,27-Jun-2024,4450.0,PE,0.0,0.0,0.0,175.85,154.2,0,0.0,0,0,06-MAY-2024,
OPTSTK,HEROMOTOCO,27-Jun-2024,4500.0,PE,220.0,220.0,220.0,220.0,176.95,1,7.08,2400,0,06-MAY-2024,
OPTSTK,HEROMOTOCO,27-Jun-2024,4550.0,PE,0.0,0.0,0.0,223.85,201.6,0,0.0,0,0,06-MAY-2024,
OPTSTK,HEROMOTOCO,27-Jun-2024,4600.0,PE,0.0,0.0,0.0,212.3,228.15,0,0.0,2550,0,06-MAY-2024,
OPTSTK,HEROMOTOCO,27-Jun-2024,4650.0,PE,0.0,0.0,0.0,278.75,256.55,0,0.0,0,0,06-MAY-2024,
OPTSTK,HEROMOTOCO,27-Jun-2024,4700.0,PE,0.0,0.0,0.0,229.15,286.8,0,0.0,0,0,06-MAY-2024,
OPTSTK,HEROMOTOCO,27-Jun-2024,4750.0,PE,0.0,0.0,0.0,340.1,318.8,0,0.0,0,0,06-MAY-2024,
OPTSTK,HEROMOTOCO,27-Jun-2024,4800.0,PE,0.0,0.0,0.0,278.0,352.4,0,0.0,0,0,06-MAY-2024,
OPTSTK,HEROMOTOCO,27-Jun-2024,4850.0,PE,0.0,0.0,0.0,407.6,387.65,0,0.0,0,0,06-MAY-2024,
OPTSTK,HEROMOTOCO,27-Jun-2024,4900.0,PE,0.0,0.0,0.0,332.25,424.55,0,0.0,0,0,06-MAY-2024,
OPTSTK,HEROMOTOCO,27-Jun-2024,4950.0,PE,0.0,0.0,0.0,480.75,462.55,0,0.0,0,0,06-MAY-2024,
OPTSTK,HEROMOTOCO,27-Jun-2024,5000.0,PE,0.0,0.0,0.0,391.75,501.95,0,0.0,0,0,06-MAY-2024,
OPTSTK,HEROMOTOCO,27-Jun-2024,5100.0,PE,0.0,0.0,0.0,456.2,584.15,0,0.0,0,0,06-MAY-2024,
OPTSTK,HEROMOTOCO,27-Jun-2024,5200.0,PE,0.0,0.0,0.0,525.2,670.3,0,0.0,0,0,06-MAY-2024,
OPTSTK,HEROMOTOCO,27-Jun-2024,5300.0,PE,0.0,0.0,0.0,598.7,759.65,0,0.0,0,0,06-MAY-2024,
OPTSTK,HEROMOTOCO,25-Jul-2024,3800.0,CE,0.0,0.0,0.0,799.8,795.05,0,0.0,0,0,06-MAY-2024,
OPTSTK,HEROMOTOCO,25-Jul-2024,4000.0,CE,0.0,0.0,0.0,635.55,626.55,0,0.0,0,0,06-MAY-2024,
OPTSTK,HEROMOTOCO,25-Jul-2024,4100.0,CE,0.0,0.0,0.0,560.2,548.9,0,0.0,0,0,06-MAY-2024,
OPTSTK,HEROMOTOCO,25-Jul-2024,4200.0,CE,0.0,0.0,0.0,489.5,476.6,0,0.0,0,0,06-MAY-2024,
OPTSTK,HEROMOTOCO,25-Jul-2024,4300.0,CE,0.0,0.0,0.0,424.55,409.75,0,0.0,0,0,06-MAY-2024,
OPTSTK,HEROMOTOCO,25-Jul-2024,4400.0,CE,0.0,0.0,0.0,365.2,349.05,0,0.0,0,0,06-MAY-2024,
OPTSTK,HEROMOTOCO,25-Jul-2024,4500.0,CE,0.0,0.0,0.0,311.6,294.5,0,0.0,0,0,06-MAY-2024,
OPTSTK,HEROMOTOCO,25-Jul-2024,4600.0,CE,0.0,0.0,0.0,263.7,246.1,0,0.0,0,0,06-MAY-2024,
OPTSTK,HEROMOTOCO,25-Jul-2024,4700.0,CE,0.0,0.0,0.0,221.35,203.7,0,0.0,0,0,06-MAY-2024,
OPTSTK,HEROMOTOCO,25-Jul-2024,4800.0,CE,0.0,0.0,0.0,184.4,167.0,0,0.0,0,0,06-MAY-2024,
OPTSTK,HEROMOTOCO,25-Jul-2024,4900.0,CE,0.0,0.0,0.0,152.35,135.65,0,0.0,0,0,06-MAY-2024,
OPTSTK,HEROMOTOCO,25-Jul-2024,5000.0,CE,0.0,0.0,0.0,124.95,109.4,0,0.0,0,0,06-MAY-2024,
OPTSTK,HEROMOTOCO,25-Jul-2024,5100.0,CE,0.0,0.0,0.0,102.0,87.2,0,0.0,0,0,06-MAY-2024,
OPTSTK,HEROMOTOCO,25-Jul-2024,5200.0,CE,0.0,0.0,0.0,82.35,69.0,0,0.0,0,0,06-MAY-2024,
OPTSTK,HEROMOTOCO,25-Jul-2024,3800.0,PE,0.0,0.0,0.0,32.85,25.25,0,0.0,0,0,06-MAY-2024,
OPTSTK,HEROMOTOCO,25-Jul-2024,4000.0,PE,0.0,0.0,0.0,65.0,53.55,0,0.0,0,0,06-MAY-2024,
OPTSTK,HEROMOTOCO,25-Jul-2024,4100.0,PE,0.0,0.0,0.0,87.85,74.35,0,0.0,0,0,06-MAY-2024,
OPTSTK,HEROMOTOCO,25-Jul-2024,4200.0,PE,0.0,0.0,0.0,115.35,100.5,0,0.0,0,0,06-MAY-2024,
OPTSTK,HEROMOTOCO,25-Jul-2024,4300.0,PE,0.0,0.0,0.0,148.55,132.0,0,0.0,0,0,06-MAY-2024,
OPTSTK,HEROMOTOCO,25-Jul-2024,4400.0,PE,0.0,0.0,0.0,187.4,169.75,0,0.0,0,0,06-MAY-2024,
OPTSTK,HEROMOTOCO,25-Jul-2024,4500.0,PE,0.0,0.0,0.0,232.0,213.6,0,0.0,0,0,06-MAY-2024,
OPTSTK,HEROMOTOCO,25-Jul-2024,4600.0,PE,0.0,0.0,0.0,282.3,263.6,0,0.0,0,0,06-MAY-2024,
OPTSTK,HEROMOTOCO,25-Jul-2024,4700.0,PE,0.0,0.0,0.0,338.2,319.65,0,0.0,0,0,06-MAY-2024,
OPTSTK,HEROMOTOCO,25-Jul-2024,4800.0,PE,0.0,0.0,0.0,399.4,381.35,0,0.0,0,0,06-MAY-2024,
OPTSTK,HEROMOTOCO,25-Jul-2024,4900.0,PE,0.0,0.0,0.0,465.6,448.45,0,0.0,0,0,06-MAY-2024,
OPTSTK,HEROMOTOCO,25-Jul-2024,5000.0,PE,0.0,0.0,0.0,536.35,520.6,0,0.0,0,0,06-MAY-2024,
OPTSTK,HEROMOTOCO,25-Jul-2024,5100.0,PE,0.0,0.0,0.0,611.6,596.85,0,0.0,0,0,06-MAY-2024,
OPTSTK,HEROMOTOCO,25-Jul-2024,5200.0,PE,0.0,0.0,0.0,690.15,677.05,0,0.0,0,0,06-MAY-2024,
OPTSTK,HINDALCO,30-May-2024,500.0,CE,0.0,0.0,0.0,140.95,141.25,0,0.0,18200,0,06-MAY-2024,
OPTSTK,HINDALCO,30-May-2024,520.0,CE,0.0,0.0,0.0,121.0,121.55,0,0.0,9800,0,06-MAY-2024,
OPTSTK,HINDALCO,30-May-2024,540.0,CE,0.0,0.0,0.0,115.0,102.25,0,0.0,1400,0,06-MAY-2024,
OPTSTK,HINDALCO,30-May-2024,550.0,CE,94.0,94.0,90.4,92.75,92.8,3,26.98,106400,-1400,06-MAY-2024,
OPTSTK,HINDALCO,30-May-2024,555.0,CE,85.8,85.8,85.8,85.8,88.2,1,8.97,1400,0,06-MAY-2024,
OPTSTK,HINDALCO,30-May-2024,560.0,CE,0.0,0.0,0.0,87.5,83.65,0,0.0,1400,0,06-MAY-2024,
OPTSTK,HINDALCO,30-May-2024,565.0,CE,0.0,0.0,0.0,75.3,79.15,0,0.0,8400,0,06-MAY-2024,
OPTSTK,HINDALCO,30-May-2024,570.0,CE,0.0,0.0,0.0,83.25,74.75,0,0.0,15400,0,06-MAY-2024,
OPTSTK,HINDALCO,30-May-2024,580.0,CE,61.0,63.5,61.0,63.5,66.2,2,17.98,119000,-1400,06-MAY-2024,
OPTSTK,HINDALCO,30-May-2024,585.0,CE,0.0,0.0,0.0,28.3,62.1,0,0.0,0,0,06-MAY-2024,
OPTSTK,HINDALCO,30-May-2024,590.0,CE,58.9,59.35,55.2,59.0,58.1,8,72.56,21000,2800,06-MAY-2024,
OPTSTK,HINDALCO,30-May-2024,595.0,CE,0.0,0.0,0.0,48.25,54.25,0,0.0,7000,0,06-MAY-2024,
OPTSTK,HINDALCO,30-May-2024,600.0,CE,60.6,62.2,43.2,51.5,51.5,149,1353.32,309400,46200,06-MAY-2024,
OPTSTK,HINDALCO,30-May-2024,605.0,CE,44.35,48.4,43.05,48.25,48.25,10,91.05,39200,0,06-MAY-2024,
OPTSTK,HINDALCO,30-May-2024,610.0,CE,52.45,52.45,36.75,43.9,43.9,32,292.39,127400,14000,06-MAY-2024,
OPTSTK,HINDALCO,30-May-2024,615.0,CE,34.5,40.3,34.5,37.25,40.15,9,82.19,43400,0,06-MAY-2024,
OPTSTK,HINDALCO,30-May-2024,620.0,CE,39.75,39.75,30.4,37.45,37.45,126,1155.28,470400,-9800,06-MAY-2024,
OPTSTK,HINDALCO,30-May-2024,625.0,CE,41.5,41.5,27.95,32.2,34.0,51,468.61,77000,18200,06-MAY-2024,
OPTSTK,HINDALCO,30-May-2024,630.0,CE,39.15,39.15,24.2,31.35,31.35,892,8225.46,429800,75600,06-MAY-2024,
OPTSTK,HINDALCO,30-May-2024,635.0,CE,28.2,28.95,21.8,28.5,28.5,708,6548.77,176400,64400,06-MAY-2024,
OPTSTK,HINDALCO,30-May-2024,640.0,CE,31.95,32.9,19.45,25.65,25.65,2191,20357.81,917000,359800,06-MAY-2024,
OPTSTK,HINDALCO,30-May-2024,645.0,CE,22.0,36.15,17.45,23.15,23.15,2130,19890.32,494200,289800,06-MAY-2024,
OPTSTK,HINDALCO,30-May-2024,650.0,CE,28.45,28.45,15.35,20.85,20.85,4771,44699.27,2779000,595000,06-MAY-2024,
OPTSTK,HINDALCO,30-May-2024,655.0,CE,21.5,24.2,14.15,18.7,18.7,927,8730.29,435400,14000,06-MAY-2024,
OPTSTK,HINDALCO,30-May-2024,660.0,CE,19.0,21.7,11.9,16.55,16.55,1913,18085.27,1888600,21000,06-MAY-2024,
OPTSTK,HINDALCO,30-May-2024,665.0,CE,19.2,19.25,10.7,14.9,14.9,500,4751.34,261800,-2800,06-MAY-2024,
OPTSTK,HINDALCO,30-May-2024,670.0,CE,15.9,17.75,9.2,13.05,13.05,1402,13385.01,602000,15400,06-MAY-2024,
OPTSTK,HINDALCO,30-May-2024,675.0,CE,15.4,15.4,8.15,11.55,11.55,396,3802.33,261800,60200,06-MAY-2024,
OPTSTK,HINDALCO,30-May-2024,680.0,CE,13.85,13.95,6.95,10.05,10.05,1467,14159.68,3549000,64400,06-MAY-2024,
OPTSTK,HINDALCO,30-May-2024,685.0,CE,12.3,12.3,6.25,8.85,8.85,355,3446.42,229600,42000,06-MAY-2024,
OPTSTK,HINDALCO,30-May-2024,690.0,CE,10.9,10.9,5.3,8.0,8.0,617,6024.68,533400,-21000,06-MAY-2024,
OPTSTK,HINDALCO,30-May-2024,695.0,CE,7.9,7.9,4.85,7.1,7.1,194,1904.12,163800,16800,06-MAY-2024,
OPTSTK,HINDALCO,30-May-2024,700.0,CE,8.25,8.75,4.1,6.3,6.3,1932,19090.0,2297400,446600,06-MAY-2024,
OPTSTK,HINDALCO,30-May-2024,705.0,CE,7.0,7.0,3.75,5.3,5.3,132,1311.92,245000,18200,06-MAY-2024,
OPTSTK,HINDALCO,30-May-2024,710.0,CE,6.45,6.5,3.1,4.6,4.6,215,2149.99,264600,-18200,06-MAY-2024,
OPTSTK,HINDALCO,30-May-2024,720.0,CE,5.25,5.25,2.35,3.55,3.55,649,6572.51,434000,1400,06-MAY-2024,
OPTSTK,HINDALCO,30-May-2024,730.0,CE,4.05,4.1,1.8,2.75,2.75,557,5712.59,571200,64400,06-MAY-2024,
OPTSTK,HINDALCO,30-May-2024,500.0,PE,0.5,0.6,0.4,0.4,0.1,13,91.09,161000,7000,06-MAY-2024,
OPTSTK,HINDALCO,30-May-2024,510.0,PE,0.5,1.4,0.25,0.45,0.2,29,207.29,21000,0,06-MAY-2024,
OPTSTK,HINDALCO,30-May-2024,515.0,PE,0.0,0.0,0.0,2.0,0.25,0,0.0,2800,0,06-MAY-2024,
OPTSTK,HINDALCO,30-May-2024,520.0,PE,0.55,0.6,0.55,0.55,0.35,6,43.72,57400,0,06-MAY-2024,
OPTSTK,HINDALCO,30-May-2024,530.0,PE,0.65,0.7,0.65,0.7,0.7,9,66.86,33600,5600,06-MAY-2024,
OPTSTK,HINDALCO,30-May-2024,535.0,PE,0.75,1.55,0.7,0.85,0.85,79,592.66,57400,23800,06-MAY-2024,
OPTSTK,HINDALCO,30-May-2024,540.0,PE,0.8,1.2,0.8,1.05,1.05,320,2423.57,267400,61600,06-MAY-2024,
OPTSTK,HINDALCO,30-May-2024,545.0,PE,1.0,1.45,0.95,1.3,1.3,85,649.95,40600,0,06-MAY-2024,
OPTSTK,HINDALCO,30-May-2024,550.0,PE,1.0,1.75,1.0,1.55,1.55,373,2879.68,632800,85400,06-MAY-2024,
OPTSTK,HINDALCO,30-May-2024,555.0,PE,1.35,2.05,1.3,1.75,1.75,42,327.33,39200,7000,06-MAY-2024,
OPTSTK,HINDALCO,30-May-2024,560.0,PE,1.4,2.45,1.4,2.2,2.2,158,1243.23,182000,54600,06-MAY-2024,
OPTSTK,HINDALCO,30-May-2024,565.0,PE,2.0,2.95,1.95,2.65,2.65,37,293.89,68600,15400,06-MAY-2024,
OPTSTK,HINDALCO,30-May-2024,570.0,PE,2.1,3.65,1.9,3.1,3.1,408,3272.77,336000,51800,06-MAY-2024,
OPTSTK,HINDALCO,30-May-2024,575.0,PE,2.25,4.35,2.25,3.65,3.65,121,980.09,107800,37800,06-MAY-2024,
OPTSTK,HINDALCO,30-May-2024,580.0,PE,2.55,5.2,2.55,4.3,4.3,483,3949.45,917000,39200,06-MAY-2024,
OPTSTK,HINDALCO,30-May-2024,585.0,PE,3.15,6.05,3.15,5.1,5.1,180,1486.09,74200,14000,06-MAY-2024,
OPTSTK,HINDALCO,30-May-2024,590.0,PE,3.7,7.0,3.5,6.1,6.1,215,1792.96,196000,36400,06-MAY-2024,
OPTSTK,HINDALCO,30-May-2024,595.0,PE,4.4,8.2,4.3,6.95,6.95,97,816.78,110600,1400,06-MAY-2024,
OPTSTK,HINDALCO,30-May-2024,600.0,PE,5.0,9.55,4.5,8.25,8.25,957,8145.44,1516200,169400,06-MAY-2024,
OPTSTK,HINDALCO,30-May-2024,605.0,PE,5.85,10.75,5.75,9.45,9.45,143,1229.29,124600,9800,06-MAY-2024,
OPTSTK,HINDALCO,30-May-2024,610.0,PE,6.0,12.35,6.0,10.7,10.7,659,5724.38,389200,-11200,06-MAY-2024,
OPTSTK,HINDALCO,30-May-2024,615.0,PE,7.75,14.0,7.5,12.15,12.15,219,1920.35,110600,22400,06-MAY-2024,
OPTSTK,HINDALCO,30-May-2024,620.0,PE,8.15,16.0,8.15,13.7,13.7,956,8477.29,518000,-12600,06-MAY-2024,
OPTSTK,HINDALCO,30-May-2024,625.0,PE,10.1,18.1,10.05,15.65,15.65,635,5699.01,425600,316400,06-MAY-2024,
OPTSTK,HINDALCO,30-May-2024,630.0,PE,10.85,20.25,10.85,17.5,17.5,1586,14379.7,504000,-35000,06-MAY-2024,
OPTSTK,HINDALCO,30-May-2024,635.0,PE,12.55,22.45,12.55,19.55,19.55,587,5377.59,271600,23800,06-MAY-2024,
OPTSTK,HINDALCO,30-May-2024,640.0,PE,14.05,25.0,13.95,21.7,21.7,1417,13124.53,1780800,71400,06-MAY-2024,
OPTSTK,HINDALCO,30-May-2024,645.0,PE,21.0,28.3,16.55,24.25,24.25,609,5696.54,256200,43400,06-MAY-2024,
OPTSTK,HINDALCO,30-May-2024,650.0,PE,18.05,30.9,18.05,26.7,26.7,829,7853.32,1451800,-15400,06-MAY-2024,
OPTSTK,HINDALCO,30-May-2024,655.0,PE,21.2,34.15,21.2,29.5,29.5,209,2002.38,217000,23800,06-MAY-2024,
OPTSTK,HINDALCO,30-May-2024,660.0,PE,23.1,37.15,23.05,32.55,32.55,292,2829.37,203000,-7000,06-MAY-2024,
OPTSTK,HINDALCO,30-May-2024,665.0,PE,29.6,40.25,29.6,38.05,38.75,15,147.48,39200,1400,06-MAY-2024,
OPTSTK,HINDALCO,30-May-2024,670.0,PE,29.95,43.75,29.95,39.0,39.0,40,397.59,74200,18200,06-MAY-2024,
OPTSTK,HINDALCO,30-May-2024,675.0,PE,33.1,48.05,33.1,45.05,45.6,27,272.07,71400,26600,06-MAY-2024,
OPTSTK,HINDALCO,30-May-2024,680.0,PE,36.25,50.75,36.25,46.85,49.2,26,264.83,123200,21000,06-MAY-2024,
OPTSTK,HINDALCO,30-May-2024,685.0,PE,40.6,55.6,40.6,53.3,52.95,19,195.88,56000,9800,06-MAY-2024,
OPTSTK,HINDALCO,30-May-2024,690.0,PE,43.45,58.75,43.45,57.5,56.8,20,208.35,39200,16800,06-MAY-2024,
OPTSTK,HINDALCO,30-May-2024,695.0,PE,54.7,54.7,54.7,54.7,60.75,1,10.49,12600,1400,06-MAY-2024,
OPTSTK,HINDALCO,30-May-2024,700.0,PE,67.0,67.2,62.0,62.0,64.8,4,42.83,124600,1400,06-MAY-2024,
OPTSTK,HINDALCO,30-May-2024,705.0,PE,63.15,71.8,63.15,68.75,68.95,8,86.7,19600,8400,06-MAY-2024,
OPTSTK,HINDALCO,30-May-2024,710.0,PE,0.0,0.0,0.0,79.05,73.2,0,0.0,11200,0,06-MAY-2024,
OPTSTK,HINDALCO,30-May-2024,720.0,PE,78.0,84.1,78.0,83.75,81.9,8,89.71,14000,4200,06-MAY-2024,
OPTSTK,HINDALCO,30-May-2024,730.0,PE,0.0,0.0,0.0,79.6,90.85,0,0.0,5600,0,06-MAY-2024,
OPTSTK,HINDALCO,27-Jun-2024,560.0,CE,0.0,0.0,0.0,48.35,92.05,0,0.0,0,0,06-MAY-2024,
OPTSTK,HINDALCO,27-Jun-2024,570.0,CE,0.0,0.0,0.0,43.6,84.1,0,0.0,0,0,06-MAY-2024,
OPTSTK,HINDALCO,27-Jun-2024,580.0,CE,0.0,0.0,0.0,39.25,76.55,0,0.0,0,0,06-MAY-2024,
OPTSTK,HINDALCO,27-Jun-2024,585.0,CE,0.0,0.0,0.0,83.3,72.9,0,0.0,0,0,06-MAY-2024,
OPTSTK,HINDALCO,27-Jun-2024,590.0,CE,0.0,0.0,0.0,35.2,69.35,0,0.0,0,0,06-MAY-2024,
OPTSTK,HINDALCO,27-Jun-2024,595.0,CE,0.0,0.0,0.0,76.2,65.85,0,0.0,0,0,06-MAY-2024,
OPTSTK,HINDALCO,27-Jun-2024,600.0,CE,0.0,0.0,0.0,65.0,62.5,0,0.0,2800,0,06-MAY-2024,
OPTSTK,HINDALCO,27-Jun-2024,605.0,CE,0.0,0.0,0.0,69.5,59.25,0,0.0,0,0,06-MAY-2024,
OPTSTK,HINDALCO,27-Jun-2024,610.0,CE,0.0,0.0,0.0,28.1,56.1,0,0.0,0,0,06-MAY-2024,
OPTSTK,HINDALCO,27-Jun-2024,615.0,CE,0.0,0.0,0.0,63.15,53.05,0,0.0,0,0,06-MAY-2024,
OPTSTK,HINDALCO,27-Jun-2024,620.0,CE,0.0,0.0,0.0,25.05,50.15,0,0.0,0,0,06-MAY-2024,
OPTSTK,HINDALCO,27-Jun-2024,625.0,CE,0.0,0.0,0.0,57.2,47.3,0,0.0,0,0,06-MAY-2024,
OPTSTK,HINDALCO,27-Jun-2024,630.0,CE,0.0,0.0,0.0,22.25,44.6,0,0.0,0,0,06-MAY-2024,
OPTSTK,HINDALCO,27-Jun-2024,635.0,CE,0.0,0.0,0.0,51.65,42.0,0,0.0,0,0,06-MAY-2024,
OPTSTK,HINDALCO,27-Jun-2024,640.0,CE,44.15,44.15,43.9,43.9,43.9,2,19.15,5600,2800,06-MAY-2024,
OPTSTK,HINDALCO,27-Jun-2024,645.0,CE,0.0,0.0,0.0,46.45,37.1,0,0.0,0,0,06-MAY-2024,
OPTSTK,HINDALCO,27-Jun-2024,650.0,CE,37.85,39.25,33.15,39.25,34.8,8,77.0,35000,2800,06-MAY-2024,
OPTSTK,HINDALCO,27-Jun-2024,655.0,CE,0.0,0.0,0.0,41.65,32.6,0,0.0,0,0,06-MAY-2024,
OPTSTK,HINDALCO,27-Jun-2024,660.0,CE,31.0,31.0,31.0,31.0,30.55,1,9.67,35000,1400,06-MAY-2024,
OPTSTK,HINDALCO,27-Jun-2024,665.0,CE,0.0,0.0,0.0,35.0,28.55,0,0.0,4200,0,06-MAY-2024,
OPTSTK,HINDALCO,27-Jun-2024,670.0,CE,0.0,0.0,0.0,34.1,26.7,0,0.0,11200,0,06-MAY-2024,
OPTSTK,HINDALCO,27-Jun-2024,675.0,CE,0.0,0.0,0.0,33.15,24.9,0,0.0,0,0,06-MAY-2024,
OPTSTK,HINDALCO,27-Jun-2024,680.0,CE,0.0,0.0,0.0,27.0,23.2,0,0.0,40600,0,06-MAY-2024,
OPTSTK,HINDALCO,27-Jun-2024,685.0,CE,0.0,0.0,0.0,29.4,21.6,0,0.0,0,0,06-MAY-2024,
OPTSTK,HINDALCO,27-Jun-2024,690.0,CE,0.0,0.0,0.0,10.4,20.1,0,0.0,0,0,06-MAY-2024,
OPTSTK,HINDALCO,27-Jun-2024,695.0,CE,0.0,0.0,0.0,26.05,18.65,0,0.0,0,0,06-MAY-2024,
OPTSTK,HINDALCO,27-Jun-2024,700.0,CE,21.95,23.0,19.0,22.5,17.3,28,282.83,151200,18200,06-MAY-2024,
OPTSTK,HINDALCO,27-Jun-2024,705.0,CE,0.0,0.0,0.0,22.95,16.1,0,0.0,0,0,06-MAY-2024,
OPTSTK,HINDALCO,27-Jun-2024,710.0,CE,0.0,0.0,0.0,7.95,14.9,0,0.0,0,0,06-MAY-2024,
OPTSTK,HINDALCO,27-Jun-2024,720.0,CE,0.0,0.0,0.0,6.9,12.7,0,0.0,0,0,06-MAY-2024,
OPTSTK,HINDALCO,27-Jun-2024,730.0,CE,0.0,0.0,0.0,7.6,10.85,0,0.0,0,0,06-MAY-2024,
OPTSTK,HINDALCO,27-Jun-2024,560.0,PE,0.0,0.0,0.0,38.1,7.45,0,0.0,0,0,06-MAY-2024,
OPTSTK,HINDALCO,27-Jun-2024,570.0,PE,10.0,13.5,10.0,12.8,9.45,5,40.78,114800,4200,06-MAY-2024,
OPTSTK,HINDALCO,27-Jun-2024,580.0,PE,18.0,18.0,12.0,12.0,11.75,2,16.66,12600,0,06-MAY-2024,
OPTSTK,HINDALCO,27-Jun-2024,585.0,PE,0.0,0.0,0.0,14.15,13.05,0,0.0,0,0,06-MAY-2024,
OPTSTK,HINDALCO,27-Jun-2024,590.0,PE,0.0,0.0,0.0,9.4,14.45,0,0.0,11200,0,06-MAY-2024,
OPTSTK,HINDALCO,27-Jun-2024,595.0,PE,0.0,0.0,0.0,16.95,15.9,0,0.0,0,0,06-MAY-2024,
OPTSTK,HINDALCO,27-Jun-2024,600.0,PE,22.0,22.5,22.0,22.2,22.2,5,43.55,145600,-2800,06-MAY-2024,
OPTSTK,HINDALCO,27-Jun-2024,605.0,PE,0.0,0.0,0.0,20.1,19.2,0,0.0,0,0,06-MAY-2024,
OPTSTK,HINDALCO,27-Jun-2024,610.0,PE,0.0,0.0,0.0,66.95,21.0,0,0.0,0,0,06-MAY-2024,
OPTSTK,HINDALCO,27-Jun-2024,615.0,PE,0.0,0.0,0.0,23.65,22.95,0,0.0,0,0,06-MAY-2024,
OPTSTK,HINDALCO,27-Jun-2024,620.0,PE,0.0,0.0,0.0,73.7,24.95,0,0.0,0,0,06-MAY-2024,
OPTSTK,HINDALCO,27-Jun-2024,625.0,PE,0.0,0.0,0.0,27.6,27.05,0,0.0,0,0,06-MAY-2024,
OPTSTK,HINDALCO,27-Jun-2024,630.0,PE,0.0,0.0,0.0,28.7,29.3,0,0.0,4200,0,06-MAY-2024,
OPTSTK,HINDALCO,27-Jun-2024,635.0,PE,0.0,0.0,0.0,31.9,31.65,0,0.0,0,0,06-MAY-2024,
OPTSTK,HINDALCO,27-Jun-2024,640.0,PE,0.0,0.0,0.0,88.05,34.1,0,0.0,0,0,06-MAY-2024,
OPTSTK,HINDALCO,27-Jun-2024,645.0,PE,0.0,0.0,0.0,36.6,36.65,0,0.0,0,0,06-MAY-2024,
OPTSTK,HINDALCO,27-Jun-2024,650.0,PE,36.45,44.95,36.45,42.75,39.3,13,126.03,22400,15400,06-MAY-2024,
OPTSTK,HINDALCO,27-Jun-2024,655.0,PE,0.0,0.0,0.0,41.65,42.05,0,0.0,0,0,06-MAY-2024,
OPTSTK,HINDALCO,27-Jun-2024,660.0,PE,0.0,0.0,0.0,103.35,44.95,0,0.0,0,0,06-MAY-2024,
OPTSTK,HINDALCO,27-Jun-2024,665.0,PE,0.0,0.0,0.0,47.1,47.9,0,0.0,0,0,06-MAY-2024,
OPTSTK,HINDALCO,27-Jun-2024,670.0,PE,0.0,0.0,0.0,111.3,50.95,0,0.0,0,0,06-MAY-2024,
OPTSTK,HINDALCO,27-Jun-2024,675.0,PE,0.0,0.0,0.0,52.9,54.15,0,0.0,0,0,06-MAY-2024,
OPTSTK,HINDALCO,27-Jun-2024,680.0,PE,0.0,0.0,0.0,119.5,57.4,0,0.0,0,0,06-MAY-2024,
OPTSTK,HINDALCO,27-Jun-2024,685.0,PE,0.0,0.0,0.0,59.05,60.75,0,0.0,0,0,06-MAY-2024,
OPTSTK,HINDALCO,27-Jun-2024,690.0,PE,0.0,0.0,0.0,127.85,64.15,0,0.0,0,0,06-MAY-2024,
OPTSTK,HINDALCO,27-Jun-2024,695.0,PE,0.0,0.0,0.0,65.5,67.7,0,0.0,0,0,06-MAY-2024,
OPTSTK,HINDALCO,27-Jun-2024,700.0,PE,72.0,72.0,72.0,72.0,71.3,1,10.8,2800,1400,06-MAY-2024,
OPTSTK,HINDALCO,27-Jun-2024,705.0,PE,0.0,0.0,0.0,72.3,75.0,0,0.0,0,0,06-MAY-2024,
OPTSTK,HINDALCO,27-Jun-2024,710.0,PE,0.0,0.0,0.0,145.0,78.8,0,0.0,0,0,06-MAY-2024,
OPTSTK,HINDALCO,27-Jun-2024,720.0,PE,0.0,0.0,0.0,153.8,86.5,0,0.0,0,0,06-MAY-2024,
OPTSTK,HINDALCO,27-Jun-2024,730.0,PE,0.0,0.0,0.0,148.65,94.5,0,0.0,0,0,06-MAY-2024,
OPTSTK,HINDALCO,25-Jul-2024,560.0,CE,0.0,0.0,0.0,109.95,100.0,0,0.0,0,0,06-MAY-2024,
OPTSTK,HINDALCO,25-Jul-2024,580.0,CE,0.0,0.0,0.0,95.45,85.5,0,0.0,0,0,06-MAY-2024,
OPTSTK,HINDALCO,25-Jul-2024,590.0,CE,0.0,0.0,0.0,88.6,78.7,0,0.0,0,0,06-MAY-2024,
OPTSTK,HINDALCO,25-Jul-2024,600.0,CE,0.0,0.0,0.0,82.0,72.25,0,0.0,0,0,06-MAY-2024,
OPTSTK,HINDALCO,25-Jul-2024,610.0,CE,0.0,0.0,0.0,75.8,66.2,0,0.0,0,0,06-MAY-2024,
OPTSTK,HINDALCO,25-Jul-2024,620.0,CE,0.0,0.0,0.0,69.9,60.45,0,0.0,0,0,06-MAY-2024,
OPTSTK,HINDALCO,25-Jul-2024,630.0,CE,0.0,0.0,0.0,64.3,55.05,0,0.0,0,0,06-MAY-2024,
OPTSTK,HINDALCO,25-Jul-2024,640.0,CE,0.0,0.0,0.0,59.05,50.0,0,0.0,0,0,06-MAY-2024,
OPTSTK,HINDALCO,25-Jul-2024,650.0,CE,0.0,0.0,0.0,54.1,45.3,0,0.0,0,0,06-MAY-2024,
OPTSTK,HINDALCO,25-Jul-2024,660.0,CE,0.0,0.0,0.0,49.45,40.9,0,0.0,0,0,06-MAY-2024,
OPTSTK,HINDALCO,25-Jul-2024,670.0,CE,0.0,0.0,0.0,45.1,36.9,0,0.0,0,0,06-MAY-2024,
OPTSTK,HINDALCO,25-Jul-2024,680.0,CE,0.0,0.0,0.0,41.05,33.15,0,0.0,0,0,06-MAY-2024,
OPTSTK,HINDALCO,25-Jul-2024,690.0,CE,0.0,0.0,0.0,37.3,29.7,0,0.0,0,0,06-MAY-2024,
OPTSTK,HINDALCO,25-Jul-2024,700.0,CE,0.0,0.0,0.0,33.8,26.6,0,0.0,0,0,06-MAY-2024,
OPTSTK,HINDALCO,25-Jul-2024,720.0,CE,0.0,0.0,0.0,27.65,21.15,0,0.0,0,0,06-MAY-2024,
OPTSTK,HINDALCO,25-Jul-2024,740.0,CE,0.0,0.0,0.0,22.45,16.65,0,0.0,0,0,06-MAY-2024,
OPTSTK,HINDALCO,25-Jul-2024,560.0,PE,0.0,0.0,0.0,13.05,12.35,0,0.0,0,0,06-MAY-2024,
OPTSTK,HINDALCO,25-Jul-2024,580.0,PE,0.0,0.0,0.0,18.15,17.55,0,0.0,0,0,06-MAY-2024,
OPTSTK,HINDALCO,25-Jul-2024,590.0,PE,0.0,0.0,0.0,21.15,20.6,0,0.0,0,0,06-MAY-2024,
OPTSTK,HINDALCO,25-Jul-2024,600.0,PE,0.0,0.0,0.0,24.4,24.0,0,0.0,0,0,06-MAY-2024,
OPTSTK,HINDALCO,25-Jul-2024,610.0,PE,0.0,0.0,0.0,28.0,27.75,0,0.0,0,0,06-MAY-2024,
OPTSTK,HINDALCO,25-Jul-2024,620.0,PE,0.0,0.0,0.0,31.9,31.85,0,0.0,0,0,06-MAY-2024,
OPTSTK,HINDALCO,25-Jul-2024,630.0,PE,0.0,0.0,0.0,36.15,36.3,0,0.0,0,0,06-MAY-2024,
OPTSTK,HINDALCO,25-Jul-2024,640.0,PE,0.0,0.0,0.0,40.7,41.1,0,0.0,0,0,06-MAY-2024,
OPTSTK,HINDALCO,25-Jul-2024,650.0,PE,0.0,0.0,0.0,45.55,46.2,0,0.0,0,0,06-MAY-2024,
OPTSTK,HINDALCO,25-Jul-2024,660.0,PE,0.0,0.0,0.0,50.75,51.7,0,0.0,0,0,06-MAY-2024,
OPTSTK,HINDALCO,25-Jul-2024,670.0,PE,0.0,0.0,0.0,56.2,57.5,0,0.0,0,0,06-MAY-2024,
OPTSTK,HINDALCO,25-Jul-2024,680.0,PE,0.0,0.0,0.0,62.0,63.6,0,0.0,0,0,06-MAY-2024,
OPTSTK,HINDALCO,25-Jul-2024,690.0,PE,0.0,0.0,0.0,68.05,70.0,0,0.0,0,0,06-MAY-2024,
OPTSTK,HINDALCO,25-Jul-2024,700.0,PE,0.0,0.0,0.0,74.4,76.7,0,0.0,0,0,06-MAY-2024,
OPTSTK,HINDALCO,25-Jul-2024,720.0,PE,0.0,0.0,0.0,87.85,90.95,0,0.0,0,0,06-MAY-2024,
OPTSTK,HINDALCO,25-Jul-2024,740.0,PE,0.0,0.0,0.0,102.3,106.15,0,0.0,0,0,06-MAY-2024,
OPTSTK,HINDCOPPER,30-May-2024,280.0,CE,0.0,0.0,0.0,67.0,99.5,0,0.0,5300,0,06-MAY-2024,
OPTSTK,HINDCOPPER,30-May-2024,290.0,CE,0.0,0.0,0.0,95.5,89.95,0,0.0,26500,0,06-MAY-2024,
OPTSTK,HINDCOPPER,30-May-2024,300.0,CE,0.0,0.0,0.0,84.4,80.65,0,0.0,18550,0,06-MAY-2024,
OPTSTK,HINDCOPPER,30-May-2024,310.0,CE,0.0,0.0,0.0,76.0,71.6,0,0.0,21200,0,06-MAY-2024,
OPTSTK,HINDCOPPER,30-May-2024,320.0,CE,0.0,0.0,0.0,70.0,63.0,0,0.0,47700,0,06-MAY-2024,
OPTSTK,HINDCOPPER,30-May-2024,325.0,CE,0.0,0.0,0.0,75.0,58.85,0,0.0,0,0,06-MAY-2024,
OPTSTK,HINDCOPPER,30-May-2024,330.0,CE,58.6,58.6,48.95,51.4,54.8,10,100.99,31800,7950,06-MAY-2024,
OPTSTK,HINDCOPPER,30-May-2024,340.0,CE,49.05,49.05,41.0,44.85,44.85,11,112.31,23850,0,06-MAY-2024,
OPTSTK,HINDCOPPER,30-May-2024,350.0,CE,43.85,43.85,32.25,37.0,37.0,33,338.94,230550,-13250,06-MAY-2024,
OPTSTK,HINDCOPPER,30-May-2024,355.0,CE,0.0,0.0,0.0,43.4,36.95,0,0.0,2650,0,06-MAY-2024,
OPTSTK,HINDCOPPER,30-May-2024,360.0,CE,36.65,36.7,25.5,30.5,30.5,73,755.13,206700,100700,06-MAY-2024,
OPTSTK,HINDCOPPER,30-May-2024,365.0,CE,27.4,27.4,26.05,26.05,30.95,2,20.76,2650,2650,06-MAY-2024,
OPTSTK,HINDCOPPER,30-May-2024,370.0,CE,28.1,28.1,19.8,24.2,24.2,137,1425.21,278250,60950,06-MAY-2024,
OPTSTK,HINDCOPPER,30-May-2024,375.0,CE,20.15,23.0,17.9,21.45,21.45,236,2468.14,349800,262350,06-MAY-2024,
OPTSTK,HINDCOPPER,30-May-2024,380.0,CE,28.4,28.4,15.6,19.15,19.15,1384,14602.21,1597950,866550,06-MAY-2024,
OPTSTK,HINDCOPPER,30-May-2024,385.0,CE,25.2,25.2,14.0,17.15,17.15,133,1416.75,291500,58300,06-MAY-2024,
OPTSTK,HINDCOPPER,30-May-2024,390.0,CE,23.8,24.0,12.25,15.35,15.35,755,8104.26,1608550,-238500,06-MAY-2024,
OPTSTK,HINDCOPPER,30-May-2024,395.0,CE,21.35,21.35,11.1,13.6,13.6,149,1613.08,787050,71550,06-MAY-2024,
OPTSTK,HINDCOPPER,30-May-2024,400.0,CE,19.9,20.0,9.35,11.9,11.9,2507,27371.0,3513900,0,06-MAY-2024,
OPTSTK,HINDCOPPER,30-May-2024,405.0,CE,12.75,12.95,8.5,10.8,10.8,105,1156.21,278250,29150,06-MAY-2024,
OPTSTK,HINDCOPPER,30-May-2024,410.0,CE,14.0,14.2,7.15,9.25,9.25,516,5728.95,704900,63600,06-MAY-2024,
OPTSTK,HINDCOPPER,30-May-2024,415.0,CE,9.5,9.55,6.45,8.3,8.3,49,549.08,84800,-18550,06-MAY-2024,
OPTSTK,HINDCOPPER,30-May-2024,420.0,CE,12.05,12.2,5.5,7.15,7.15,644,7283.15,1330300,10600,06-MAY-2024,
OPTSTK,HINDCOPPER,30-May-2024,425.0,CE,8.15,8.15,4.7,6.4,6.4,49,558.81,196100,45050,06-MAY-2024,
OPTSTK,HINDCOPPER,30-May-2024,430.0,CE,8.95,9.45,3.95,5.45,5.45,494,5697.88,840050,90100,06-MAY-2024,
OPTSTK,HINDCOPPER,30-May-2024,435.0,CE,8.1,8.45,3.35,4.65,4.65,513,5973.48,659850,-45050,06-MAY-2024,
OPTSTK,HINDCOPPER,30-May-2024,270.0,PE,0.0,0.0,0.0,0.3,0.3,0,0.0,90100,0,06-MAY-2024,
OPTSTK,HINDCOPPER,30-May-2024,280.0,PE,1.0,1.0,0.45,0.5,0.5,12,89.26,100700,2650,06-MAY-2024,
OPTSTK,HINDCOPPER,30-May-2024,290.0,PE,1.05,1.05,0.35,0.35,0.35,2,15.4,31800,2650,06-MAY-2024,
OPTSTK,HINDCOPPER,30-May-2024,300.0,PE,0.75,1.1,0.65,0.85,0.85,35,279.04,177550,23850,06-MAY-2024,
OPTSTK,HINDCOPPER,30-May-2024,320.0,PE,1.45,2.55,1.2,1.9,1.9,410,3497.1,458450,212000,06-MAY-2024,
OPTSTK,HINDCOPPER,30-May-2024,325.0,PE,0.0,0.0,0.0,3.35,4.65,0,0.0,5300,0,06-MAY-2024,
OPTSTK,HINDCOPPER,30-May-2024,330.0,PE,2.65,3.7,1.85,2.9,2.9,637,5624.06,1155400,869200,06-MAY-2024,
OPTSTK,HINDCOPPER,30-May-2024,335.0,PE,3.0,4.6,2.85,3.55,3.55,37,332.16,68900,18550,06-MAY-2024,
OPTSTK,HINDCOPPER,30-May-2024,340.0,PE,4.05,5.7,3.1,4.4,4.4,1032,9416.89,1272000,731400,06-MAY-2024,
OPTSTK,HINDCOPPER,30-May-2024,350.0,PE,6.0,8.75,5.0,6.55,6.55,789,7453.94,1136850,310050,06-MAY-2024,
OPTSTK,HINDCOPPER,30-May-2024,355.0,PE,8.25,8.65,6.75,8.65,12.65,6,57.7,60950,-2650,06-MAY-2024,
OPTSTK,HINDCOPPER,30-May-2024,360.0,PE,8.0,12.4,7.55,9.5,9.5,570,5582.7,707550,66250,06-MAY-2024,
OPTSTK,HINDCOPPER,30-May-2024,365.0,PE,13.0,14.15,9.5,11.5,16.6,54,539.62,71550,-13250,06-MAY-2024,
OPTSTK,HINDCOPPER,30-May-2024,370.0,PE,11.35,16.7,11.05,13.3,13.3,442,4496.75,532650,-21200,06-MAY-2024,
OPTSTK,HINDCOPPER,30-May-2024,375.0,PE,14.0,18.9,13.25,15.7,15.7,136,1410.18,795000,5300,06-MAY-2024,
OPTSTK,HINDCOPPER,30-May-2024,380.0,PE,14.15,22.1,14.0,18.6,18.6,548,5784.17,678400,-299450,06-MAY-2024,
OPTSTK,HINDCOPPER,30-May-2024,385.0,PE,18.0,25.45,17.8,21.1,21.1,102,1100.98,95400,-106000,06-MAY-2024,
OPTSTK,HINDCOPPER,30-May-2024,390.0,PE,21.3,28.55,20.35,24.4,24.4,89,978.04,416050,-71550,06-MAY-2024,
OPTSTK,HINDCOPPER,30-May-2024,395.0,PE,24.4,31.25,23.15,31.25,32.55,14,156.53,169600,-18550,06-MAY-2024,
OPTSTK,HINDCOPPER,30-May-2024,400.0,PE,26.15,36.0,26.1,30.85,30.85,160,1827.43,649250,-151050,06-MAY-2024,
OPTSTK,HINDCOPPER,30-May-2024,405.0,PE,37.45,37.45,33.35,34.45,34.45,22,256.64,132500,2650,06-MAY-2024,
OPTSTK,HINDCOPPER,30-May-2024,410.0,PE,40.8,41.25,38.2,38.6,38.6,9,107.21,180200,0,06-MAY-2024,
OPTSTK,HINDCOPPER,30-May-2024,415.0,PE,43.05,46.0,43.05,44.45,46.25,3,36.53,37100,2650,06-MAY-2024,
OPTSTK,HINDCOPPER,30-May-2024,420.0,PE,47.75,51.3,47.15,47.15,50.0,5,62.03,90100,-5300,06-MAY-2024,
OPTSTK,HINDCOPPER,30-May-2024,425.0,PE,50.85,53.15,50.85,53.15,53.9,4,50.57,15900,5300,06-MAY-2024,
OPTSTK,HINDCOPPER,30-May-2024,430.0,PE,51.95,54.85,51.25,54.85,57.85,4,51.12,23850,-5300,06-MAY-2024,
OPTSTK,HINDCOPPER,30-May-2024,435.0,PE,57.8,58.0,57.8,57.9,57.9,2,26.12,60950,5300,06-MAY-2024,
OPTSTK,HINDCOPPER,27-Jun-2024,350.0,CE,0.0,0.0,0.0,12.9,51.1,0,0.0,0,0,06-MAY-2024,
OPTSTK,HINDCOPPER,27-Jun-2024,360.0,CE,0.0,0.0,0.0,11.15,45.35,0,0.0,0,0,06-MAY-2024,
OPTSTK,HINDCOPPER,27-Jun-2024,365.0,CE,0.0,0.0,0.0,48.85,42.7,0,0.0,0,0,06-MAY-2024,
OPTSTK,HINDCOPPER,27-Jun-2024,370.0,CE,0.0,0.0,0.0,9.55,40.1,0,0.0,0,0,06-MAY-2024,
OPTSTK,HINDCOPPER,27-Jun-2024,375.0,CE,0.0,0.0,0.0,43.8,37.65,0,0.0,0,0,06-MAY-2024,
OPTSTK,HINDCOPPER,27-Jun-2024,380.0,CE,32.05,39.0,32.0,36.85,36.85,7,76.92,10600,10600,06-MAY-2024,
OPTSTK,HINDCOPPER,27-Jun-2024,385.0,CE,38.75,38.75,30.5,34.5,34.5,4,44.49,5300,5300,06-MAY-2024,
OPTSTK,HINDCOPPER,27-Jun-2024,390.0,CE,0.0,0.0,0.0,14.15,30.95,0,0.0,0,0,06-MAY-2024,
OPTSTK,HINDCOPPER,27-Jun-2024,395.0,CE,0.0,0.0,0.0,34.85,28.95,0,0.0,0,0,06-MAY-2024,
OPTSTK,HINDCOPPER,27-Jun-2024,400.0,CE,26.0,28.45,24.0,24.0,27.05,28,315.21,58300,55650,06-MAY-2024,
OPTSTK,HINDCOPPER,27-Jun-2024,405.0,CE,0.0,0.0,0.0,31.0,25.25,0,0.0,0,0,06-MAY-2024,
OPTSTK,HINDCOPPER,27-Jun-2024,410.0,CE,21.8,21.8,21.8,21.8,23.55,1,11.44,2650,2650,06-MAY-2024,
OPTSTK,HINDCOPPER,27-Jun-2024,415.0,CE,0.0,0.0,0.0,27.45,21.95,0,0.0,0,0,06-MAY-2024,
OPTSTK,HINDCOPPER,27-Jun-2024,420.0,CE,16.0,16.0,16.0,16.0,20.4,3,34.66,7950,7950,06-MAY-2024,
OPTSTK,HINDCOPPER,27-Jun-2024,430.0,CE,12.65,16.7,12.65,16.7,17.65,2,23.56,2650,2650,06-MAY-2024,
OPTSTK,HINDCOPPER,27-Jun-2024,350.0,PE,0.0,0.0,0.0,15.2,19.8,0,0.0,2650,0,06-MAY-2024,
OPTSTK,HINDCOPPER,27-Jun-2024,360.0,PE,0.0,0.0,0.0,86.65,23.95,0,0.0,0,0,06-MAY-2024,
OPTSTK,HINDCOPPER,27-Jun-2024,365.0,PE,0.0,0.0,0.0,28.5,26.2,0,0.0,0,0,06-MAY-2024,
OPTSTK,HINDCOPPER,27-Jun-2024,370.0,PE,25.5,25.5,25.5,25.5,28.6,3,31.44,10600,7950,06-MAY-2024,
OPTSTK,HINDCOPPER,27-Jun-2024,375.0,PE,0.0,0.0,0.0,33.3,31.1,0,0.0,0,0,06-MAY-2024,
OPTSTK,HINDCOPPER,27-Jun-2024,380.0,PE,32.0,32.0,32.0,32.0,33.7,2,21.83,5300,5300,06-MAY-2024,
OPTSTK,HINDCOPPER,27-Jun-2024,385.0,PE,0.0,0.0,0.0,38.5,36.4,0,0.0,0,0,06-MAY-2024,
OPTSTK,HINDCOPPER,27-Jun-2024,390.0,PE,0.0,0.0,0.0,87.45,39.25,0,0.0,0,0,06-MAY-2024,
OPTSTK,HINDCOPPER,27-Jun-2024,395.0,PE,0.0,0.0,0.0,44.1,42.2,0,0.0,0,0,06-MAY-2024,
OPTSTK,HINDCOPPER,27-Jun-2024,400.0,PE,0.0,0.0,0.0,120.8,45.2,0,0.0,0,0,06-MAY-2024,
OPTSTK,HINDCOPPER,27-Jun-2024,405.0,PE,0.0,0.0,0.0,50.1,48.35,0,0.0,0,0,06-MAY-2024,
OPTSTK,HINDCOPPER,27-Jun-2024,410.0,PE,0.0,0.0,0.0,94.35,51.6,0,0.0,0,0,06-MAY-2024,
OPTSTK,HINDCOPPER,27-Jun-2024,415.0,PE,0.0,0.0,0.0,56.45,54.95,0,0.0,0,0,06-MAY-2024,
OPTSTK,HINDCOPPER,27-Jun-2024,420.0,PE,0.0,0.0,0.0,112.15,58.4,0,0.0,0,0,06-MAY-2024,
OPTSTK,HINDCOPPER,27-Jun-2024,430.0,PE,0.0,0.0,0.0,84.4,65.5,0,0.0,0,0,06-MAY-2024,
OPTSTK,HINDCOPPER,25-Jul-2024,340.0,CE,0.0,0.0,0.0,71.15,65.5,0,0.0,0,0,06-MAY-2024,
OPTSTK,HINDCOPPER,25-Jul-2024,360.0,CE,0.0,0.0,0.0,59.9,54.2,0,0.0,0,0,06-MAY-2024,
OPTSTK,HINDCOPPER,25-Jul-2024,370.0,CE,0.0,0.0,0.0,54.85,49.15,0,0.0,0,0,06-MAY-2024,
OPTSTK,HINDCOPPER,25-Jul-2024,380.0,CE,0.0,0.0,0.0,50.1,44.5,0,0.0,0,0,06-MAY-2024,
OPTSTK,HINDCOPPER,25-Jul-2024,390.0,CE,0.0,0.0,0.0,45.7,40.15,0,0.0,0,0,06-MAY-2024,
OPTSTK,HINDCOPPER,25-Jul-2024,400.0,CE,0.0,0.0,0.0,38.5,36.2,0,0.0,0,0,06-MAY-2024,
OPTSTK,HINDCOPPER,25-Jul-2024,410.0,CE,0.0,0.0,0.0,37.85,32.55,0,0.0,0,0,06-MAY-2024,
OPTSTK,HINDCOPPER,25-Jul-2024,420.0,CE,0.0,0.0,0.0,34.35,29.2,0,0.0,0,0,06-MAY-2024,
OPTSTK,HINDCOPPER,25-Jul-2024,440.0,CE,0.0,0.0,0.0,28.25,23.45,0,0.0,0,0,06-MAY-2024,
OPTSTK,HINDCOPPER,25-Jul-2024,340.0,PE,0.0,0.0,0.0,24.2,22.4,0,0.0,0,0,06-MAY-2024,
OPTSTK,HINDCOPPER,25-Jul-2024,360.0,PE,0.0,0.0,0.0,32.6,30.85,0,0.0,0,0,06-MAY-2024,
OPTSTK,HINDCOPPER,25-Jul-2024,370.0,PE,0.0,0.0,0.0,37.35,35.6,0,0.0,0,0,06-MAY-2024,
OPTSTK,HINDCOPPER,25-Jul-2024,380.0,PE,0.0,0.0,0.0,42.45,40.8,0,0.0,0,0,06-MAY-2024,
OPTSTK,HINDCOPPER,25-Jul-2024,390.0,PE,0.0,0.0,0.0,47.85,46.3,0,0.0,0,0,06-MAY-2024,
OPTSTK,HINDCOPPER,25-Jul-2024,400.0,PE,0.0,0.0,0.0,53.6,52.15,0,0.0,0,0,06-MAY-2024,
OPTSTK,HINDCOPPER,25-Jul-2024,410.0,PE,0.0,0.0,0.0,59.65,58.35,0,0.0,0,0,06-MAY-2024,
OPTSTK,HINDCOPPER,25-Jul-2024,420.0,PE,0.0,0.0,0.0,66.0,64.9,0,0.0,0,0,06-MAY-2024,
OPTSTK,HINDCOPPER,25-Jul-2024,440.0,PE,0.0,0.0,0.0,79.5,78.75,0,0.0,0,0,06-MAY-2024,
OPTSTK,HINDPETRO,30-May-2024,400.0,CE,0.0,0.0,0.0,134.35,116.05,0,0.0,21600,0,06-MAY-2024,
OPTSTK,HINDPETRO,30-May-2024,410.0,CE,0.0,0.0,0.0,98.25,106.35,0,0.0,6750,0,06-MAY-2024,
OPTSTK,HINDPETRO,30-May-2024,420.0,CE,0.0,0.0,0.0,107.8,96.85,0,0.0,0,0,06-MAY-2024,
OPTSTK,HINDPETRO,30-May-2024,440.0,CE,0.0,0.0,0.0,63.75,78.5,0,0.0,1350,0,06-MAY-2024,
OPTSTK,HINDPETRO,30-May-2024,450.0,CE,74.95,74.95,69.85,69.85,69.85,4,28.21,178200,1350,06-MAY-2024,
OPTSTK,HINDPETRO,30-May-2024,460.0,CE,74.25,74.25,61.5,61.65,61.65,14,99.29,128250,0,06-MAY-2024,
OPTSTK,HINDPETRO,30-May-2024,470.0,CE,58.3,58.3,54.05,54.55,53.7,20,141.88,164700,0,06-MAY-2024,
OPTSTK,HINDPETRO,30-May-2024,480.0,CE,61.5,61.5,44.55,44.7,44.7,29,208.0,157950,-20250,06-MAY-2024,
OPTSTK,HINDPETRO,30-May-2024,490.0,CE,42.6,46.5,37.65,38.3,38.3,72,516.75,286200,-31050,06-MAY-2024,
OPTSTK,HINDPETRO,30-May-2024,500.0,CE,46.45,47.9,30.7,31.4,31.4,1693,12271.79,1048950,-6750,06-MAY-2024,
OPTSTK,HINDPETRO,30-May-2024,510.0,CE,35.8,35.8,24.85,25.6,25.6,334,2427.81,603450,83700,06-MAY-2024,
OPTSTK,HINDPETRO,30-May-2024,520.0,CE,32.15,33.8,20.05,20.55,20.55,2791,20468.88,1003050,167400,06-MAY-2024,
OPTSTK,HINDPETRO,30-May-2024,530.0,CE,26.6,28.15,15.65,16.35,16.35,1982,14701.02,1008450,280800,06-MAY-2024,
OPTSTK,HINDPETRO,30-May-2024,540.0,CE,21.75,23.65,12.55,12.85,12.85,2252,16877.31,1181250,-122850,06-MAY-2024,
OPTSTK,HINDPETRO,30-May-2024,550.0,CE,17.75,18.75,9.85,10.1,10.1,2190,16615.5,1580850,91800,06-MAY-2024,
OPTSTK,HINDPETRO,30-May-2024,560.0,CE,14.4,15.35,7.65,7.9,7.9,1117,8586.4,764100,32400,06-MAY-2024,
OPTSTK,HINDPETRO,30-May-2024,570.0,CE,11.65,12.5,6.0,6.15,6.15,823,6418.71,278100,87750,06-MAY-2024,
OPTSTK,HINDPETRO,30-May-2024,580.0,CE,9.2,10.0,4.65,4.85,4.85,1276,10090.24,1537650,-186300,06-MAY-2024,
OPTSTK,HINDPETRO,30-May-2024,590.0,CE,7.4,7.85,3.6,3.75,3.75,584,4688.13,425250,5400,06-MAY-2024,
OPTSTK,HINDPETRO,30-May-2024,600.0,CE,5.75,6.35,2.8,2.95,2.95,1111,9054.01,461700,238950,06-MAY-2024,
OPTSTK,HINDPETRO,30-May-2024,620.0,CE,3.5,4.0,1.75,1.85,1.85,410,3444.49,183600,36450,06-MAY-2024,
OPTSTK,HINDPETRO,30-May-2024,400.0,PE,0.65,0.65,0.5,0.6,0.6,21,113.56,229500,-6750,06-MAY-2024,
OPTSTK,HINDPETRO,30-May-2024,410.0,PE,0.7,0.8,0.4,0.75,0.75,53,293.79,144450,4050,06-MAY-2024,
OPTSTK,HINDPETRO,30-May-2024,420.0,PE,1.05,1.25,0.75,1.05,1.05,121,687.75,164700,-27000,06-MAY-2024,
OPTSTK,HINDPETRO,30-May-2024,430.0,PE,1.0,1.7,1.0,1.55,1.55,173,1007.44,133650,-32400,06-MAY-2024,
OPTSTK,HINDPETRO,30-May-2024,440.0,PE,1.3,2.35,1.3,2.2,2.2,131,781.47,607500,-18900,06-MAY-2024,
OPTSTK,HINDPETRO,30-May-2024,450.0,PE,1.6,3.2,1.6,3.05,3.05,438,2676.86,800550,-25650,06-MAY-2024,
OPTSTK,HINDPETRO,30-May-2024,460.0,PE,2.3,4.5,2.1,4.3,4.3,614,3845.03,753300,182250,06-MAY-2024,
OPTSTK,HINDPETRO,30-May-2024,470.0,PE,2.85,6.1,2.85,5.85,5.85,625,4008.51,496800,41850,06-MAY-2024,
OPTSTK,HINDPETRO,30-May-2024,480.0,PE,4.3,8.2,3.85,7.95,7.95,1126,7402.77,781650,85050,06-MAY-2024,
OPTSTK,HINDPETRO,30-May-2024,490.0,PE,5.5,10.95,5.05,10.6,10.6,866,5834.98,510300,13500,06-MAY-2024,
OPTSTK,HINDPETRO,30-May-2024,500.0,PE,8.35,14.3,6.95,13.95,13.95,2415,16690.2,1220400,237600,06-MAY-2024,
OPTSTK,HINDPETRO,30-May-2024,510.0,PE,10.15,18.4,9.4,18.05,18.05,1020,7241.12,562950,157950,06-MAY-2024,
OPTSTK,HINDPETRO,30-May-2024,520.0,PE,13.8,23.5,12.75,23.0,23.0,1961,14294.04,936900,-4050,06-MAY-2024,
OPTSTK,HINDPETRO,30-May-2024,530.0,PE,17.95,29.1,16.5,28.7,28.7,779,5826.99,495450,-22950,06-MAY-2024,
OPTSTK,HINDPETRO,30-May-2024,540.0,PE,22.75,36.2,21.85,35.15,35.15,306,2359.86,221400,-43200,06-MAY-2024,
OPTSTK,HINDPETRO,30-May-2024,550.0,PE,29.45,42.7,28.4,42.4,42.4,152,1205.88,410400,-8100,06-MAY-2024,
OPTSTK,HINDPETRO,30-May-2024,560.0,PE,39.6,50.45,39.6,50.45,50.45,28,228.95,36450,-1350,06-MAY-2024,
OPTSTK,HINDPETRO,30-May-2024,570.0,PE,49.7,54.7,49.7,50.15,61.45,10,84.01,12150,4050,06-MAY-2024,
OPTSTK,HINDPETRO,30-May-2024,580.0,PE,63.2,63.2,59.5,59.5,69.65,7,60.69,36450,6750,06-MAY-2024,
OPTSTK,HINDPETRO,30-May-2024,590.0,PE,71.1,71.1,66.0,66.0,78.2,8,71.14,12150,4050,06-MAY-2024,
OPTSTK,HINDPETRO,30-May-2024,600.0,PE,81.95,84.25,81.3,81.3,87.05,8,73.74,5400,5400,06-MAY-2024,
OPTSTK,HINDPETRO,30-May-2024,620.0,PE,0.0,0.0,0.0,85.7,105.4,0,0.0,2700,0,06-MAY-2024,
OPTSTK,HINDPETRO,27-Jun-2024,420.0,CE,0.0,0.0,0.0,80.2,103.1,0,0.0,0,0,06-MAY-2024,
OPTSTK,HINDPETRO,27-Jun-2024,440.0,CE,0.0,0.0,0.0,67.35,86.65,0,0.0,0,0,06-MAY-2024,
OPTSTK,HINDPETRO,27-Jun-2024,450.0,CE,0.0,0.0,0.0,59.95,78.95,0,0.0,2700,0,06-MAY-2024,
OPTSTK,HINDPETRO,27-Jun-2024,460.0,CE,0.0,0.0,0.0,56.0,71.65,0,0.0,0,0,06-MAY-2024,
OPTSTK,HINDPETRO,27-Jun-2024,470.0,CE,0.0,0.0,0.0,52.3,64.75,0,0.0,0,0,06-MAY-2024,
OPTSTK,HINDPETRO,27-Jun-2024,480.0,CE,0.0,0.0,0.0,46.05,58.25,0,0.0,0,0,06-MAY-2024,
OPTSTK,HINDPETRO,27-Jun-2024,490.0,CE,0.0,0.0,0.0,41.75,52.15,0,0.0,0,0,06-MAY-2024,
OPTSTK,HINDPETRO,27-Jun-2024,500.0,CE,0.0,0.0,0.0,61.75,46.55,0,0.0,22950,0,06-MAY-2024,
OPTSTK,HINDPETRO,27-Jun-2024,510.0,CE,0.0,0.0,0.0,34.35,41.35,0,0.0,1350,0,06-MAY-2024,
OPTSTK,HINDPETRO,27-Jun-2024,520.0,CE,46.6,46.6,40.15,40.15,36.55,3,22.77,32400,2700,06-MAY-2024,
OPTSTK,HINDPETRO,27-Jun-2024,530.0,CE,0.0,0.0,0.0,42.0,32.2,0,0.0,5400,0,06-MAY-2024,
OPTSTK,HINDPETRO,27-Jun-2024,540.0,CE,31.0,31.0,31.0,31.0,31.0,1,7.7,8100,1350,06-MAY-2024,
OPTSTK,HINDPETRO,27-Jun-2024,550.0,CE,31.0,36.0,31.0,34.25,24.7,4,31.48,47250,5400,06-MAY-2024,
OPTSTK,HINDPETRO,27-Jun-2024,560.0,CE,0.0,0.0,0.0,31.0,21.5,0,0.0,44550,0,06-MAY-2024,
OPTSTK,HINDPETRO,27-Jun-2024,570.0,CE,0.0,0.0,0.0,14.75,18.65,0,0.0,0,0,06-MAY-2024,
OPTSTK,HINDPETRO,27-Jun-2024,580.0,CE,0.0,0.0,0.0,22.55,16.15,0,0.0,5400,0,06-MAY-2024,
OPTSTK,HINDPETRO,27-Jun-2024,590.0,CE,0.0,0.0,0.0,11.05,13.95,0,0.0,0,0,06-MAY-2024,
OPTSTK,HINDPETRO,27-Jun-2024,600.0,CE,0.0,0.0,0.0,18.0,11.95,0,0.0,2700,0,06-MAY-2024,
OPTSTK,HINDPETRO,27-Jun-2024,620.0,CE,15.0,15.0,15.0,15.0,8.7,1,8.57,1350,1350,06-MAY-2024,
OPTSTK,HINDPETRO,27-Jun-2024,420.0,PE,5.0,5.65,5.0,5.3,4.95,8,45.92,16200,0,06-MAY-2024,
OPTSTK,HINDPETRO,27-Jun-2024,440.0,PE,0.0,0.0,0.0,6.6,8.35,0,0.0,12150,0,06-MAY-2024,
OPTSTK,HINDPETRO,27-Jun-2024,450.0,PE,0.0,0.0,0.0,6.45,10.55,0,0.0,13500,0,06-MAY-2024,
OPTSTK,HINDPETRO,27-Jun-2024,460.0,PE,10.7,10.7,10.65,10.65,13.15,2,12.7,17550,0,06-MAY-2024,
OPTSTK,HINDPETRO,27-Jun-2024,470.0,PE,0.0,0.0,0.0,25.2,16.1,0,0.0,0,0,06-MAY-2024,
OPTSTK,HINDPETRO,27-Jun-2024,480.0,PE,0.0,0.0,0.0,11.0,19.5,0,0.0,8100,0,06-MAY-2024,
OPTSTK,HINDPETRO,27-Jun-2024,490.0,PE,0.0,0.0,0.0,34.4,23.3,0,0.0,0,0,06-MAY-2024,
OPTSTK,HINDPETRO,27-Jun-2024,500.0,PE,21.4,27.65,21.4,27.4,27.4,29,205.17,75600,21600,06-MAY-2024,
OPTSTK,HINDPETRO,27-Jun-2024,510.0,PE,0.0,0.0,0.0,45.25,32.3,0,0.0,0,0,06-MAY-2024,
OPTSTK,HINDPETRO,27-Jun-2024,520.0,PE,0.0,0.0,0.0,22.95,37.4,0,0.0,1350,0,06-MAY-2024,
OPTSTK,HINDPETRO,27-Jun-2024,530.0,PE,0.0,0.0,0.0,57.65,42.95,0,0.0,0,0,06-MAY-2024,
OPTSTK,HINDPETRO,27-Jun-2024,540.0,PE,0.0,0.0,0.0,78.95,48.9,0,0.0,0,0,06-MAY-2024,
OPTSTK,HINDPETRO,27-Jun-2024,550.0,PE,0.0,0.0,0.0,41.0,55.25,0,0.0,5400,0,06-MAY-2024,
OPTSTK,HINDPETRO,27-Jun-2024,560.0,PE,0.0,0.0,0.0,93.65,61.95,0,0.0,0,0,06-MAY-2024,
OPTSTK,HINDPETRO,27-Jun-2024,570.0,PE,0.0,0.0,0.0,86.4,69.0,0,0.0,0,0,06-MAY-2024,
OPTSTK,HINDPETRO,27-Jun-2024,580.0,PE,0.0,0.0,0.0,109.25,76.4,0,0.0,0,0,06-MAY-2024,
OPTSTK,HINDPETRO,27-Jun-2024,590.0,PE,0.0,0.0,0.0,102.45,84.05,0,0.0,0,0,06-MAY-2024,
OPTSTK,HINDPETRO,27-Jun-2024,600.0,PE,0.0,0.0,0.0,125.55,91.95,0,0.0,0,0,06-MAY-2024,
OPTSTK,HINDPETRO,27-Jun-2024,620.0,PE,0.0,0.0,0.0,142.55,108.55,0,0.0,0,0,06-MAY-2024,
OPTSTK,HINDPETRO,25-Jul-2024,400.0,CE,0.0,0.0,0.0,107.85,125.9,0,0.0,0,0,06-MAY-2024,
OPTSTK,HINDPETRO,25-Jul-2024,440.0,CE,0.0,0.0,0.0,79.0,94.3,0,0.0,0,0,06-MAY-2024,
OPTSTK,HINDPETRO,25-Jul-2024,460.0,CE,0.0,0.0,0.0,66.6,80.3,0,0.0,0,0,06-MAY-2024,
OPTSTK,HINDPETRO,25-Jul-2024,480.0,CE,0.0,0.0,0.0,55.65,67.7,0,0.0,0,0,06-MAY-2024,
OPTSTK,HINDPETRO,25-Jul-2024,500.0,CE,0.0,0.0,0.0,46.05,56.5,0,0.0,0,0,06-MAY-2024,
OPTSTK,HINDPETRO,25-Jul-2024,520.0,CE,0.0,0.0,0.0,37.75,46.75,0,0.0,0,0,06-MAY-2024,
OPTSTK,HINDPETRO,25-Jul-2024,540.0,CE,0.0,0.0,0.0,30.75,38.3,0,0.0,0,0,06-MAY-2024,
OPTSTK,HINDPETRO,25-Jul-2024,560.0,CE,0.0,0.0,0.0,24.8,31.1,0,0.0,0,0,06-MAY-2024,
OPTSTK,HINDPETRO,25-Jul-2024,580.0,CE,0.0,0.0,0.0,19.9,25.05,0,0.0,0,0,06-MAY-2024,
OPTSTK,HINDPETRO,25-Jul-2024,600.0,CE,0.0,0.0,0.0,15.9,20.05,0,0.0,0,0,06-MAY-2024,
OPTSTK,HINDPETRO,25-Jul-2024,400.0,PE,0.0,0.0,0.0,9.4,5.8,0,0.0,0,0,06-MAY-2024,
OPTSTK,HINDPETRO,25-Jul-2024,440.0,PE,0.0,0.0,0.0,19.85,13.55,0,0.0,0,0,06-MAY-2024,
OPTSTK,HINDPETRO,25-Jul-2024,460.0,PE,0.0,0.0,0.0,27.1,19.25,0,0.0,0,0,06-MAY-2024,
OPTSTK,HINDPETRO,25-Jul-2024,480.0,PE,0.0,0.0,0.0,35.75,26.3,0,0.0,0,0,06-MAY-2024,
OPTSTK,HINDPETRO,25-Jul-2024,500.0,PE,0.0,0.0,0.0,45.8,34.8,0,0.0,0,0,06-MAY-2024,
OPTSTK,HINDPETRO,25-Jul-2024,520.0,PE,0.0,0.0,0.0,57.15,44.7,0,0.0,0,0,06-MAY-2024,
OPTSTK,HINDPETRO,25-Jul-2024,540.0,PE,0.0,0.0,0.0,69.8,55.95,0,0.0,0,0,06-MAY-2024,
OPTSTK,HINDPETRO,25-Jul-2024,560.0,PE,0.0,0.0,0.0,83.5,68.45,0,0.0,0,0,06-MAY-2024,
OPTSTK,HINDPETRO,25-Jul-2024,580.0,PE,0.0,0.0,0.0,98.25,82.1,0,0.0,0,0,06-MAY-2024,
OPTSTK,HINDPETRO,25-Jul-2024,600.0,PE,0.0,0.0,0.0,113.85,96.75,0,0.0,0,0,06-MAY-2024,
OPTSTK,HINDUNILVR,30-May-2024,1840.0,CE,0.0,0.0,0.0,605.95,424.7,0,0.0,0,0,06-MAY-2024,
OPTSTK,HINDUNILVR,30-May-2024,1880.0,CE,0.0,0.0,0.0,566.9,384.9,0,0.0,0,0,06-MAY-2024,
OPTSTK,HINDUNILVR,30-May-2024,1920.0,CE,0.0,0.0,0.0,528.0,345.1,0,0.0,0,0,06-MAY-2024,
OPTSTK,HINDUNILVR,30-May-2024,1960.0,CE,0.0,0.0,0.0,489.35,305.35,0,0.0,0,0,06-MAY-2024,
OPTSTK,HINDUNILVR,30-May-2024,1980.0,CE,0.0,0.0,0.0,311.8,285.55,0,0.0,0,0,06-MAY-2024,
OPTSTK,HINDUNILVR,30-May-2024,2000.0,CE,0.0,0.0,0.0,240.0,265.8,0,0.0,1800,0,06-MAY-2024,
OPTSTK,HINDUNILVR,30-May-2024,2020.0,CE,0.0,0.0,0.0,274.75,246.1,0,0.0,0,0,06-MAY-2024,
OPTSTK,HINDUNILVR,30-May-2024,2040.0,CE,0.0,0.0,0.0,413.25,226.6,0,0.0,0,0,06-MAY-2024,
OPTSTK,HINDUNILVR,30-May-2024,2060.0,CE,0.0,0.0,0.0,238.95,207.3,0,0.0,0,0,06-MAY-2024,
OPTSTK,HINDUNILVR,30-May-2024,2080.0,CE,0.0,0.0,0.0,167.05,188.3,0,0.0,600,0,06-MAY-2024,
OPTSTK,HINDUNILVR,30-May-2024,2100.0,CE,139.0,171.8,136.35,168.7,168.7,68,460.4,52500,-5400,06-MAY-2024,
OPTSTK,HINDUNILVR,30-May-2024,2120.0,CE,121.75,151.4,118.5,151.4,151.65,40,270.3,4200,1800,06-MAY-2024,
OPTSTK,HINDUNILVR,30-May-2024,2140.0,CE,130.0,133.25,126.3,133.0,133.0,14,95.41,18600,-900,06-MAY-2024,
OPTSTK,HINDUNILVR,30-May-2024,2160.0,CE,92.6,115.95,83.85,114.35,114.35,56,380.22,21600,600,06-MAY-2024,
OPTSTK,HINDUNILVR,30-May-2024,2180.0,CE,73.3,101.5,71.15,97.7,97.7,136,923.61,41100,-2400,06-MAY-2024,
OPTSTK,HINDUNILVR,30-May-2024,2200.0,CE,56.35,83.0,54.8,81.4,81.4,3017,20555.22,236400,-222600,06-MAY-2024,
OPTSTK,HINDUNILVR,30-May-2024,2220.0,CE,44.55,69.0,42.2,65.8,65.8,1569,10702.82,140100,-43200,06-MAY-2024,
OPTSTK,HINDUNILVR,30-May-2024,2240.0,CE,27.9,53.8,27.9,52.15,52.15,5152,35316.61,374400,-99900,06-MAY-2024,
OPTSTK,HINDUNILVR,30-May-2024,2260.0,CE,25.85,42.15,23.25,40.15,40.15,5775,39762.9,774900,21300,06-MAY-2024,
OPTSTK,HINDUNILVR,30-May-2024,2280.0,CE,17.6,31.25,16.7,30.05,30.05,3071,21236.03,708900,-8100,06-MAY-2024,
OPTSTK,HINDUNILVR,30-May-2024,2300.0,CE,13.05,23.45,12.05,22.1,22.1,8218,57170.29,1467000,28800,06-MAY-2024,
OPTSTK,HINDUNILVR,30-May-2024,2320.0,CE,9.8,17.2,8.65,16.15,16.15,1042,7293.39,108000,-16500,06-MAY-2024,
OPTSTK,HINDUNILVR,30-May-2024,2340.0,CE,7.3,12.75,6.35,11.95,11.95,1677,11821.57,179700,9000,06-MAY-2024,
OPTSTK,HINDUNILVR,30-May-2024,2360.0,CE,5.65,9.65,4.85,9.05,9.05,1476,10483.45,193200,25500,06-MAY-2024,
OPTSTK,HINDUNILVR,30-May-2024,2380.0,CE,4.45,7.4,3.8,7.0,7.0,771,5518.1,110700,6000,06-MAY-2024,
OPTSTK,HINDUNILVR,30-May-2024,2400.0,CE,3.6,5.9,3.05,5.6,5.6,3703,26715.23,988800,128100,06-MAY-2024,
OPTSTK,HINDUNILVR,30-May-2024,2420.0,CE,3.05,4.6,2.5,4.45,4.45,564,4100.83,44700,6900,06-MAY-2024,
OPTSTK,HINDUNILVR,30-May-2024,2440.0,CE,2.5,3.75,2.05,3.6,3.6,398,2917.39,116700,10800,06-MAY-2024,
OPTSTK,HINDUNILVR,30-May-2024,2460.0,CE,1.7,3.3,1.7,3.05,3.05,372,2748.49,114900,-6600,06-MAY-2024,
OPTSTK,HINDUNILVR,30-May-2024,2480.0,CE,1.4,2.9,1.4,2.1,2.1,17,126.59,15900,-300,06-MAY-2024,
OPTSTK,HINDUNILVR,30-May-2024,2500.0,CE,1.6,2.1,1.15,2.0,2.0,700,5253.87,607200,35100,06-MAY-2024,
OPTSTK,HINDUNILVR,30-May-2024,2520.0,CE,1.8,2.2,1.8,2.1,2.1,8,60.52,12600,300,06-MAY-2024,
OPTSTK,HINDUNILVR,30-May-2024,2560.0,CE,1.0,1.85,1.0,1.55,1.55,53,407.26,5700,1800,06-MAY-2024,
OPTSTK,HINDUNILVR,30-May-2024,2600.0,CE,1.1,1.2,0.9,1.1,1.1,256,1997.63,156000,-6000,06-MAY-2024,
OPTSTK,HINDUNILVR,30-May-2024,2640.0,CE,1.25,1.25,0.9,1.1,1.1,117,927.0,48300,8100,06-MAY-2024,
OPTSTK,HINDUNILVR,30-May-2024,1840.0,PE,0.0,0.0,0.0,0.25,0.0,0,0.0,0,0,06-MAY-2024,
OPTSTK,HINDUNILVR,30-May-2024,1880.0,PE,0.0,0.0,0.0,0.45,0.05,0,0.0,0,0,06-MAY-2024,
OPTSTK,HINDUNILVR,30-May-2024,1920.0,PE,1.05,1.85,0.5,1.4,1.4,6,34.58,5400,600,06-MAY-2024,
OPTSTK,HINDUNILVR,30-May-2024,1960.0,PE,0.0,0.0,0.0,1.45,0.1,0,0.0,0,0,06-MAY-2024,
OPTSTK,HINDUNILVR,30-May-2024,1980.0,PE,0.0,0.0,0.0,3.25,0.2,0,0.0,0,0,06-MAY-2024,
OPTSTK,HINDUNILVR,30-May-2024,2000.0,PE,1.6,1.9,1.3,1.5,1.5,206,1237.02,191100,900,06-MAY-2024,
OPTSTK,HINDUNILVR,30-May-2024,2020.0,PE,1.9,2.2,1.35,1.45,1.45,21,127.37,12300,0,06-MAY-2024,
OPTSTK,HINDUNILVR,30-May-2024,2040.0,PE,3.65,3.65,1.45,1.5,1.5,3,18.37,600,0,06-MAY-2024,
OPTSTK,HINDUNILVR,30-May-2024,2060.0,PE,3.85,4.2,2.2,2.35,2.35,293,1813.44,85200,6600,06-MAY-2024,
OPTSTK,HINDUNILVR,30-May-2024,2080.0,PE,4.6,4.6,3.05,3.15,3.15,227,1419.1,28200,-7200,06-MAY-2024,
OPTSTK,HINDUNILVR,30-May-2024,2100.0,PE,6.65,6.95,3.85,4.15,4.15,876,5532.13,317700,27600,06-MAY-2024,
OPTSTK,HINDUNILVR,30-May-2024,2120.0,PE,7.55,9.2,4.95,5.3,5.3,247,1575.64,45600,-2400,06-MAY-2024,
OPTSTK,HINDUNILVR,30-May-2024,2140.0,PE,10.15,11.95,6.65,7.0,7.0,520,3352.6,154200,-2400,06-MAY-2024,
OPTSTK,HINDUNILVR,30-May-2024,2160.0,PE,13.45,15.65,8.45,9.15,9.15,564,3672.98,168900,30600,06-MAY-2024,
OPTSTK,HINDUNILVR,30-May-2024,2180.0,PE,17.8,20.5,11.25,11.85,11.85,455,2996.11,117000,16500,06-MAY-2024,
OPTSTK,HINDUNILVR,30-May-2024,2200.0,PE,26.1,27.5,14.8,15.6,15.6,4063,27054.66,978900,69900,06-MAY-2024,
OPTSTK,HINDUNILVR,30-May-2024,2220.0,PE,30.0,34.35,19.15,20.2,20.2,1059,7133.46,172500,-23700,06-MAY-2024,
OPTSTK,HINDUNILVR,30-May-2024,2240.0,PE,39.85,43.65,25.1,26.3,26.3,1476,10057.25,258000,-27300,06-MAY-2024,
OPTSTK,HINDUNILVR,30-May-2024,2260.0,PE,52.0,55.0,32.1,34.45,34.45,583,4020.95,143400,3900,06-MAY-2024,
OPTSTK,HINDUNILVR,30-May-2024,2280.0,PE,61.65,66.25,42.6,43.8,43.8,175,1224.28,97800,-2700,06-MAY-2024,
OPTSTK,HINDUNILVR,30-May-2024,2300.0,PE,75.2,83.2,53.2,55.3,55.3,481,3409.63,352200,-26400,06-MAY-2024,
OPTSTK,HINDUNILVR,30-May-2024,2320.0,PE,90.2,97.25,68.4,69.85,69.85,15,108.06,24300,-600,06-MAY-2024,
OPTSTK,HINDUNILVR,30-May-2024,2340.0,PE,111.45,114.95,85.0,85.35,85.35,57,417.28,43500,600,06-MAY-2024,
OPTSTK,HINDUNILVR,30-May-2024,2360.0,PE,129.0,129.0,100.9,102.15,102.15,128,948.03,58500,-24000,06-MAY-2024,
OPTSTK,HINDUNILVR,30-May-2024,2380.0,PE,150.3,150.3,118.95,119.1,119.1,16,120.26,32700,-300,06-MAY-2024,
OPTSTK,HINDUNILVR,30-May-2024,2400.0,PE,165.55,169.55,136.5,138.25,138.25,86,658.1,411000,-1200,06-MAY-2024,
OPTSTK,HINDUNILVR,30-May-2024,2420.0,PE,160.0,167.0,160.0,165.55,165.55,29,224.82,11100,-7200,06-MAY-2024,
OPTSTK,HINDUNILVR,30-May-2024,2440.0,PE,0.0,0.0,0.0,180.0,177.15,0,0.0,4800,0,06-MAY-2024,
OPTSTK,HINDUNILVR,30-May-2024,2460.0,PE,0.0,0.0,0.0,220.0,195.75,0,0.0,1800,0,06-MAY-2024,
OPTSTK,HINDUNILVR,30-May-2024,2480.0,PE,0.0,0.0,0.0,240.0,214.65,0,0.0,1200,0,06-MAY-2024,
OPTSTK,HINDUNILVR,30-May-2024,2500.0,PE,270.95,270.95,230.3,234.05,234.05,29,239.45,139800,0,06-MAY-2024,
OPTSTK,HINDUNILVR,30-May-2024,2520.0,PE,0.0,0.0,0.0,283.0,253.25,0,0.0,1500,0,06-MAY-2024,
OPTSTK,HINDUNILVR,30-May-2024,2560.0,PE,0.0,0.0,0.0,327.75,292.45,0,0.0,3300,0,06-MAY-2024,
OPTSTK,HINDUNILVR,30-May-2024,2600.0,PE,352.0,354.0,335.0,335.0,335.0,5,44.23,101700,-300,06-MAY-2024,
OPTSTK,HINDUNILVR,30-May-2024,2640.0,PE,0.0,0.0,0.0,393.0,371.7,0,0.0,1800,0,06-MAY-2024,
OPTSTK,HINDUNILVR,27-Jun-2024,1840.0,CE,0.0,0.0,0.0,458.35,435.3,0,0.0,0,0,06-MAY-2024,
OPTSTK,HINDUNILVR,27-Jun-2024,1880.0,CE,0.0,0.0,0.0,419.95,395.95,0,0.0,0,0,06-MAY-2024,
OPTSTK,HINDUNILVR,27-Jun-2024,1920.0,CE,0.0,0.0,0.0,382.05,356.75,0,0.0,0,0,06-MAY-2024,
OPTSTK,HINDUNILVR,27-Jun-2024,1960.0,CE,0.0,0.0,0.0,344.9,318.05,0,0.0,0,0,06-MAY-2024,
OPTSTK,HINDUNILVR,27-Jun-2024,1980.0,CE,0.0,0.0,0.0,280.6,298.9,0,0.0,0,0,06-MAY-2024,
OPTSTK,HINDUNILVR,27-Jun-2024,2000.0,CE,0.0,0.0,0.0,245.0,279.95,0,0.0,600,0,06-MAY-2024,
OPTSTK,HINDUNILVR,27-Jun-2024,2020.0,CE,0.0,0.0,0.0,244.5,261.3,0,0.0,0,0,06-MAY-2024,
OPTSTK,HINDUNILVR,27-Jun-2024,2040.0,CE,0.0,0.0,0.0,273.85,242.95,0,0.0,0,0,06-MAY-2024,
OPTSTK,HINDUNILVR,27-Jun-2024,2060.0,CE,0.0,0.0,0.0,210.05,225.0,0,0.0,0,0,06-MAY-2024,
OPTSTK,HINDUNILVR,27-Jun-2024,2080.0,CE,0.0,0.0,0.0,240.5,207.5,0,0.0,0,0,06-MAY-2024,
OPTSTK,HINDUNILVR,27-Jun-2024,2100.0,CE,0.0,0.0,0.0,177.65,190.5,0,0.0,0,0,06-MAY-2024,
OPTSTK,HINDUNILVR,27-Jun-2024,2120.0,CE,0.0,0.0,0.0,209.0,174.05,0,0.0,0,0,06-MAY-2024,
OPTSTK,HINDUNILVR,27-Jun-2024,2140.0,CE,0.0,0.0,0.0,147.85,158.25,0,0.0,0,0,06-MAY-2024,
OPTSTK,HINDUNILVR,27-Jun-2024,2160.0,CE,0.0,0.0,0.0,179.7,143.25,0,0.0,0,0,06-MAY-2024,
OPTSTK,HINDUNILVR,27-Jun-2024,2180.0,CE,0.0,0.0,0.0,120.75,128.8,0,0.0,0,0,06-MAY-2024,
OPTSTK,HINDUNILVR,27-Jun-2024,2200.0,CE,93.45,114.25,92.6,114.25,115.3,24,165.82,22500,600,06-MAY-2024,
OPTSTK,HINDUNILVR,27-Jun-2024,2220.0,CE,78.0,93.25,78.0,93.25,102.6,6,41.54,2100,1800,06-MAY-2024,
OPTSTK,HINDUNILVR,27-Jun-2024,2240.0,CE,85.0,91.0,84.95,84.95,90.8,3,20.94,8100,300,06-MAY-2024,
OPTSTK,HINDUNILVR,27-Jun-2024,2260.0,CE,61.95,61.95,61.95,61.95,79.85,2,13.93,2400,600,06-MAY-2024,
OPTSTK,HINDUNILVR,27-Jun-2024,2280.0,CE,0.0,0.0,0.0,106.35,69.85,0,0.0,0,0,06-MAY-2024,
OPTSTK,HINDUNILVR,27-Jun-2024,2300.0,CE,43.1,68.0,43.1,66.1,66.1,195,1378.96,117000,33000,06-MAY-2024,
OPTSTK,HINDUNILVR,27-Jun-2024,2320.0,CE,35.0,36.35,35.0,36.35,52.45,2,14.13,600,600,06-MAY-2024,
OPTSTK,HINDUNILVR,27-Jun-2024,2340.0,CE,0.0,0.0,0.0,44.5,45.0,0,0.0,0,0,06-MAY-2024,
OPTSTK,HINDUNILVR,27-Jun-2024,2360.0,CE,30.0,44.45,30.0,43.95,43.95,10,71.98,3300,1500,06-MAY-2024,
OPTSTK,HINDUNILVR,27-Jun-2024,2380.0,CE,0.0,0.0,0.0,33.0,32.55,0,0.0,0,0,06-MAY-2024,
OPTSTK,HINDUNILVR,27-Jun-2024,2400.0,CE,21.1,34.95,18.4,33.8,33.8,209,1522.22,158700,30000,06-MAY-2024,
OPTSTK,HINDUNILVR,27-Jun-2024,2420.0,CE,0.0,0.0,0.0,24.0,23.0,0,0.0,0,0,06-MAY-2024,
OPTSTK,HINDUNILVR,27-Jun-2024,2440.0,CE,0.0,0.0,0.0,44.5,19.15,0,0.0,0,0,06-MAY-2024,
OPTSTK,HINDUNILVR,27-Jun-2024,2460.0,CE,19.95,19.95,19.95,19.95,19.95,2,14.87,300,0,06-MAY-2024,
OPTSTK,HINDUNILVR,27-Jun-2024,2480.0,CE,0.0,0.0,0.0,34.85,13.05,0,0.0,0,0,06-MAY-2024,
OPTSTK,HINDUNILVR,27-Jun-2024,2520.0,CE,7.0,11.0,7.0,11.0,11.0,19,144.25,5400,5100,06-MAY-2024,
OPTSTK,HINDUNILVR,27-Jun-2024,2560.0,CE,0.0,0.0,0.0,20.4,5.6,0,0.0,0,0,06-MAY-2024,
OPTSTK,HINDUNILVR,27-Jun-2024,2600.0,CE,0.0,0.0,0.0,3.45,3.55,0,0.0,1200,0,06-MAY-2024,
OPTSTK,HINDUNILVR,27-Jun-2024,1840.0,PE,0.0,0.0,0.0,1.15,0.15,0,0.0,0,0,06-MAY-2024,
OPTSTK,HINDUNILVR,27-Jun-2024,1880.0,PE,0.0,0.0,0.0,2.0,0.35,0,0.0,0,0,06-MAY-2024,
OPTSTK,HINDUNILVR,27-Jun-2024,1920.0,PE,0.0,0.0,0.0,4.5,0.8,0,0.0,1500,0,06-MAY-2024,
OPTSTK,HINDUNILVR,27-Jun-2024,1960.0,PE,0.0,0.0,0.0,5.55,1.65,0,0.0,0,0,06-MAY-2024,
OPTSTK,HINDUNILVR,27-Jun-2024,1980.0,PE,0.0,0.0,0.0,4.95,2.3,0,0.0,0,0,06-MAY-2024,
OPTSTK,HINDUNILVR,27-Jun-2024,2000.0,PE,10.6,10.6,10.2,10.2,10.2,20,120.63,16200,1500,06-MAY-2024,
OPTSTK,HINDUNILVR,27-Jun-2024,2020.0,PE,0.0,0.0,0.0,8.35,4.3,0,0.0,0,0,06-MAY-2024,
OPTSTK,HINDUNILVR,27-Jun-2024,2040.0,PE,17.55,17.55,13.0,13.0,5.75,9,55.49,1500,1500,06-MAY-2024,
OPTSTK,HINDUNILVR,27-Jun-2024,2060.0,PE,0.0,0.0,0.0,13.35,7.6,0,0.0,0,0,06-MAY-2024,
OPTSTK,HINDUNILVR,27-Jun-2024,2080.0,PE,0.0,0.0,0.0,18.95,9.85,0,0.0,0,0,06-MAY-2024,
OPTSTK,HINDUNILVR,27-Jun-2024,2100.0,PE,33.3,39.45,27.0,27.85,27.85,79,504.98,61800,14100,06-MAY-2024,
OPTSTK,HINDUNILVR,27-Jun-2024,2120.0,PE,0.0,0.0,0.0,26.75,16.0,0,0.0,0,0,06-MAY-2024,
OPTSTK,HINDUNILVR,27-Jun-2024,2140.0,PE,0.0,0.0,0.0,30.15,20.0,0,0.0,0,0,06-MAY-2024,
OPTSTK,HINDUNILVR,27-Jun-2024,2160.0,PE,0.0,0.0,0.0,36.75,24.8,0,0.0,0,0,06-MAY-2024,
OPTSTK,HINDUNILVR,27-Jun-2024,2180.0,PE,0.0,0.0,0.0,42.6,30.15,0,0.0,0,0,06-MAY-2024,
OPTSTK,HINDUNILVR,27-Jun-2024,2200.0,PE,70.25,76.5,56.05,59.05,59.05,209,1420.78,204900,26100,06-MAY-2024,
OPTSTK,HINDUNILVR,27-Jun-2024,2220.0,PE,0.0,0.0,0.0,58.2,43.5,0,0.0,0,0,06-MAY-2024,
OPTSTK,HINDUNILVR,27-Jun-2024,2240.0,PE,75.55,75.55,75.0,75.0,75.0,2,13.89,3000,0,06-MAY-2024,
OPTSTK,HINDUNILVR,27-Jun-2024,2260.0,PE,82.0,82.0,82.0,82.0,82.0,2,14.05,6900,300,06-MAY-2024,
OPTSTK,HINDUNILVR,27-Jun-2024,2280.0,PE,0.0,0.0,0.0,81.25,70.15,0,0.0,0,0,06-MAY-2024,
OPTSTK,HINDUNILVR,27-Jun-2024,2300.0,PE,115.0,121.0,105.0,105.15,105.15,38,274.85,40800,7500,06-MAY-2024,
OPTSTK,HINDUNILVR,27-Jun-2024,2320.0,PE,0.0,0.0,0.0,100.0,92.35,0,0.0,1500,0,06-MAY-2024,
OPTSTK,HINDUNILVR,27-Jun-2024,2340.0,PE,0.0,0.0,0.0,124.3,104.7,0,0.0,0,0,06-MAY-2024,
OPTSTK,HINDUNILVR,27-Jun-2024,2360.0,PE,145.0,145.0,142.0,142.5,142.5,3,22.53,900,900,06-MAY-2024,
OPTSTK,HINDUNILVR,27-Jun-2024,2380.0,PE,0.0,0.0,0.0,152.3,131.85,0,0.0,0,0,06-MAY-2024,
OPTSTK,HINDUNILVR,27-Jun-2024,2400.0,PE,180.0,183.0,171.25,171.25,146.65,36,278.74,29700,10800,06-MAY-2024,
OPTSTK,HINDUNILVR,27-Jun-2024,2420.0,PE,185.0,185.75,185.0,185.1,185.1,29,226.63,8700,8700,06-MAY-2024,
OPTSTK,HINDUNILVR,27-Jun-2024,2440.0,PE,0.0,0.0,0.0,176.55,177.8,0,0.0,0,0,06-MAY-2024,
OPTSTK,HINDUNILVR,27-Jun-2024,2460.0,PE,0.0,0.0,0.0,215.4,194.3,0,0.0,0,0,06-MAY-2024,
OPTSTK,HINDUNILVR,27-Jun-2024,2480.0,PE,0.0,0.0,0.0,165.0,211.3,0,0.0,300,0,06-MAY-2024,
OPTSTK,HINDUNILVR,27-Jun-2024,2520.0,PE,0.0,0.0,0.0,215.0,246.5,0,0.0,300,0,06-MAY-2024,
OPTSTK,HINDUNILVR,27-Jun-2024,2560.0,PE,0.0,0.0,0.0,270.3,283.0,0,0.0,0,0,06-MAY-2024,
OPTSTK,HINDUNILVR,27-Jun-2024,2600.0,PE,0.0,0.0,0.0,304.5,320.55,0,0.0,0,0,06-MAY-2024,
OPTSTK,HINDUNILVR,25-Jul-2024,1920.0,CE,0.0,0.0,0.0,350.2,369.15,0,0.0,0,0,06-MAY-2024,
OPTSTK,HINDUNILVR,25-Jul-2024,1960.0,CE,0.0,0.0,0.0,313.7,331.65,0,0.0,0,0,06-MAY-2024,
OPTSTK,HINDUNILVR,25-Jul-2024,2000.0,CE,0.0,0.0,0.0,278.4,295.05,0,0.0,0,0,06-MAY-2024,
OPTSTK,HINDUNILVR,25-Jul-2024,2040.0,CE,0.0,0.0,0.0,244.6,259.8,0,0.0,0,0,06-MAY-2024,
OPTSTK,HINDUNILVR,25-Jul-2024,2080.0,CE,0.0,0.0,0.0,212.65,226.15,0,0.0,0,0,06-MAY-2024,
OPTSTK,HINDUNILVR,25-Jul-2024,2120.0,CE,0.0,0.0,0.0,182.85,194.45,0,0.0,0,0,06-MAY-2024,
OPTSTK,HINDUNILVR,25-Jul-2024,2160.0,CE,0.0,0.0,0.0,155.25,165.1,0,0.0,0,0,06-MAY-2024,
OPTSTK,HINDUNILVR,25-Jul-2024,2200.0,CE,0.0,0.0,0.0,130.25,138.15,0,0.0,0,0,06-MAY-2024,
OPTSTK,HINDUNILVR,25-Jul-2024,2240.0,CE,0.0,0.0,0.0,107.95,114.05,0,0.0,0,0,06-MAY-2024,
OPTSTK,HINDUNILVR,25-Jul-2024,2280.0,CE,0.0,0.0,0.0,88.3,92.8,0,0.0,0,0,06-MAY-2024,
OPTSTK,HINDUNILVR,25-Jul-2024,2320.0,CE,0.0,0.0,0.0,71.35,74.4,0,0.0,0,0,06-MAY-2024,
OPTSTK,HINDUNILVR,25-Jul-2024,2360.0,CE,0.0,0.0,0.0,56.9,58.8,0,0.0,0,0,06-MAY-2024,
OPTSTK,HINDUNILVR,25-Jul-2024,2400.0,CE,0.0,0.0,0.0,44.75,45.75,0,0.0,0,0,06-MAY-2024,
OPTSTK,HINDUNILVR,25-Jul-2024,2440.0,CE,0.0,0.0,0.0,34.9,35.15,0,0.0,0,0,06-MAY-2024,
OPTSTK,HINDUNILVR,25-Jul-2024,2480.0,CE,0.0,0.0,0.0,26.75,26.5,0,0.0,0,0,06-MAY-2024,
OPTSTK,HINDUNILVR,25-Jul-2024,2560.0,CE,0.0,0.0,0.0,15.15,14.5,0,0.0,0,0,06-MAY-2024,
OPTSTK,HINDUNILVR,25-Jul-2024,1920.0,PE,0.0,0.0,0.0,4.7,2.6,0,0.0,0,0,06-MAY-2024,
OPTSTK,HINDUNILVR,25-Jul-2024,1960.0,PE,11.65,11.65,11.65,11.65,4.45,3,17.74,900,900,06-MAY-2024,
OPTSTK,HINDUNILVR,25-Jul-2024,2000.0,PE,0.0,0.0,0.0,11.45,7.25,0,0.0,0,0,06-MAY-2024,
OPTSTK,HINDUNILVR,25-Jul-2024,2040.0,PE,0.0,0.0,0.0,16.95,11.35,0,0.0,0,0,06-MAY-2024,
OPTSTK,HINDUNILVR,25-Jul-2024,2080.0,PE,0.0,0.0,0.0,24.25,17.05,0,0.0,0,0,06-MAY-2024,
OPTSTK,HINDUNILVR,25-Jul-2024,2120.0,PE,0.0,0.0,0.0,33.7,24.75,0,0.0,0,0,06-MAY-2024,
OPTSTK,HINDUNILVR,25-Jul-2024,2160.0,PE,0.0,0.0,0.0,45.35,34.75,0,0.0,0,0,06-MAY-2024,
OPTSTK,HINDUNILVR,25-Jul-2024,2200.0,PE,75.0,75.0,75.0,75.0,47.2,1,6.82,600,300,06-MAY-2024,
OPTSTK,HINDUNILVR,25-Jul-2024,2240.0,PE,0.0,0.0,0.0,76.65,62.45,0,0.0,0,0,06-MAY-2024,
OPTSTK,HINDUNILVR,25-Jul-2024,2280.0,PE,0.0,0.0,0.0,96.3,80.6,0,0.0,0,0,06-MAY-2024,
OPTSTK,HINDUNILVR,25-Jul-2024,2320.0,PE,0.0,0.0,0.0,118.6,101.55,0,0.0,0,0,06-MAY-2024,
OPTSTK,HINDUNILVR,25-Jul-2024,2360.0,PE,0.0,0.0,0.0,143.4,125.3,0,0.0,0,0,06-MAY-2024,
OPTSTK,HINDUNILVR,25-Jul-2024,2400.0,PE,0.0,0.0,0.0,170.55,151.6,0,0.0,0,0,06-MAY-2024,
OPTSTK,HINDUNILVR,25-Jul-2024,2440.0,PE,0.0,0.0,0.0,200.0,180.4,0,0.0,0,0,06-MAY-2024,
OPTSTK,HINDUNILVR,25-Jul-2024,2480.0,PE,0.0,0.0,0.0,231.1,211.1,0,0.0,0,0,06-MAY-2024,
OPTSTK,HINDUNILVR,25-Jul-2024,2560.0,PE,0.0,0.0,0.0,298.1,277.8,0,0.0,0,0,06-MAY-2024,
OPTSTK,ICICIBANK,30-May-2024,920.0,CE,0.0,0.0,0.0,249.1,230.6,0,0.0,8400,0,06-MAY-2024,
OPTSTK,ICICIBANK,30-May-2024,940.0,CE,0.0,0.0,0.0,136.85,210.7,0,0.0,0,0,06-MAY-2024,
OPTSTK,ICICIBANK,30-May-2024,960.0,CE,0.0,0.0,0.0,154.65,190.8,0,0.0,14000,0,06-MAY-2024,
OPTSTK,ICICIBANK,30-May-2024,980.0,CE,0.0,0.0,0.0,105.0,170.95,0,0.0,0,0,06-MAY-2024,
OPTSTK,ICICIBANK,30-May-2024,990.0,CE,0.0,0.0,0.0,128.5,161.05,0,0.0,2100,0,06-MAY-2024,
OPTSTK,ICICIBANK,30-May-2024,1000.0,CE,153.0,161.0,152.5,154.0,151.2,15,121.17,235200,-5600,06-MAY-2024,
OPTSTK,ICICIBANK,30-May-2024,1010.0,CE,0.0,0.0,0.0,156.8,141.35,0,0.0,4200,0,06-MAY-2024,
OPTSTK,ICICIBANK,30-May-2024,1020.0,CE,0.0,0.0,0.0,125.0,131.6,0,0.0,10500,0,06-MAY-2024,
OPTSTK,ICICIBANK,30-May-2024,1030.0,CE,122.35,122.35,122.35,122.35,121.9,1,8.06,28000,-700,06-MAY-2024,
OPTSTK,ICICIBANK,30-May-2024,1040.0,CE,115.75,116.9,115.75,116.9,116.9,2,16.18,101500,-700,06-MAY-2024,
OPTSTK,ICICIBANK,30-May-2024,1050.0,CE,112.2,112.2,104.0,104.0,102.95,9,72.89,147000,-3500,06-MAY-2024,
OPTSTK,ICICIBANK,30-May-2024,1060.0,CE,95.95,95.95,95.95,95.95,93.75,1,8.09,56000,0,06-MAY-2024,
OPTSTK,ICICIBANK,30-May-2024,1070.0,CE,84.3,93.2,84.1,87.2,84.8,18,145.83,146300,-700,06-MAY-2024,
OPTSTK,ICICIBANK,30-May-2024,1080.0,CE,77.9,83.7,74.3,76.1,76.1,26,211.17,203700,-6300,06-MAY-2024,
OPTSTK,ICICIBANK,30-May-2024,1090.0,CE,72.6,76.75,65.0,68.0,68.0,71,578.32,364700,18200,06-MAY-2024,
OPTSTK,ICICIBANK,30-May-2024,1100.0,CE,58.9,67.5,56.7,59.85,59.85,234,1903.2,953400,-9800,06-MAY-2024,
OPTSTK,ICICIBANK,30-May-2024,1110.0,CE,50.95,59.0,48.1,51.2,51.2,258,2102.26,388500,-11200,06-MAY-2024,
OPTSTK,ICICIBANK,30-May-2024,1120.0,CE,40.05,50.7,38.95,43.2,43.2,525,4284.48,416500,-109200,06-MAY-2024,
OPTSTK,ICICIBANK,30-May-2024,1130.0,CE,33.2,43.05,32.2,36.05,36.05,652,5329.14,450800,19600,06-MAY-2024,
OPTSTK,ICICIBANK,30-May-2024,1140.0,CE,27.45,35.8,26.3,29.35,29.35,2785,22825.66,905100,-63700,06-MAY-2024,
OPTSTK,ICICIBANK,30-May-2024,1150.0,CE,21.05,29.2,20.8,23.4,23.4,9721,79940.52,4045300,120400,06-MAY-2024,
OPTSTK,ICICIBANK,30-May-2024,1160.0,CE,15.95,23.55,15.95,18.5,18.5,7579,62604.28,1918700,25200,06-MAY-2024,
OPTSTK,ICICIBANK,30-May-2024,1170.0,CE,13.3,18.7,12.8,14.4,14.4,3838,31852.3,2713200,36400,06-MAY-2024,
OPTSTK,ICICIBANK,30-May-2024,1180.0,CE,10.1,14.55,9.35,11.25,11.25,3511,29299.99,1488200,12600,06-MAY-2024,
OPTSTK,ICICIBANK,30-May-2024,1190.0,CE,8.05,11.4,7.9,8.7,8.7,1807,15168.65,539000,71400,06-MAY-2024,
OPTSTK,ICICIBANK,30-May-2024,1200.0,CE,6.25,8.85,6.05,6.8,6.8,6003,50731.72,2920400,-27300,06-MAY-2024,
OPTSTK,ICICIBANK,30-May-2024,1210.0,CE,4.9,6.7,4.65,5.1,5.1,1429,12158.92,622300,23800,06-MAY-2024,
OPTSTK,ICICIBANK,30-May-2024,1220.0,CE,3.9,5.1,3.6,4.0,4.0,1665,14268.82,729400,21000,06-MAY-2024,
OPTSTK,ICICIBANK,30-May-2024,1230.0,CE,3.35,3.95,2.8,3.05,3.05,540,4661.67,185500,-33600,06-MAY-2024,
OPTSTK,ICICIBANK,30-May-2024,1240.0,CE,2.75,3.05,2.15,2.4,2.4,501,4357.81,523600,-15400,06-MAY-2024,
OPTSTK,ICICIBANK,30-May-2024,1250.0,CE,2.0,2.4,1.75,1.9,1.9,519,4548.57,198100,25900,06-MAY-2024,
OPTSTK,ICICIBANK,30-May-2024,1260.0,CE,1.65,1.95,1.4,1.5,1.5,309,2728.91,452200,1400,06-MAY-2024,
OPTSTK,ICICIBANK,30-May-2024,1270.0,CE,1.4,1.6,1.1,1.25,1.25,210,1868.81,112700,9100,06-MAY-2024,
OPTSTK,ICICIBANK,30-May-2024,1280.0,CE,1.15,1.25,0.9,1.0,1.0,247,2215.0,827400,-4200,06-MAY-2024,
OPTSTK,ICICIBANK,30-May-2024,1290.0,CE,1.0,1.1,0.7,0.75,0.85,112,1012.05,71400,-21000,06-MAY-2024,
OPTSTK,ICICIBANK,30-May-2024,1300.0,CE,0.85,0.95,0.6,0.75,0.75,241,2194.38,200900,-33600,06-MAY-2024,
OPTSTK,ICICIBANK,30-May-2024,1310.0,CE,0.7,0.75,0.6,0.65,0.65,17,155.97,19600,-2100,06-MAY-2024,
OPTSTK,ICICIBANK,30-May-2024,1320.0,CE,0.7,0.75,0.6,0.6,0.6,61,563.91,185500,-1400,06-MAY-2024,
OPTSTK,ICICIBANK,30-May-2024,900.0,PE,0.4,0.45,0.4,0.45,0.45,9,56.72,87500,0,06-MAY-2024,
OPTSTK,ICICIBANK,30-May-2024,920.0,PE,0.55,0.65,0.35,0.5,0.0,78,502.59,26600,700,06-MAY-2024,
OPTSTK,ICICIBANK,30-May-2024,940.0,PE,0.7,0.7,0.55,0.55,0.05,11,72.42,7000,700,06-MAY-2024,
OPTSTK,ICICIBANK,30-May-2024,950.0,PE,0.55,0.6,0.55,0.6,0.6,18,119.77,117600,7000,06-MAY-2024,
OPTSTK,ICICIBANK,30-May-2024,960.0,PE,0.45,0.65,0.45,0.65,0.65,54,363.1,55300,-4900,06-MAY-2024,
OPTSTK,ICICIBANK,30-May-2024,980.0,PE,0.8,0.8,0.65,0.65,0.1,16,109.84,113400,700,06-MAY-2024,
OPTSTK,ICICIBANK,30-May-2024,990.0,PE,1.05,1.05,0.65,0.65,0.15,14,97.08,58100,-3500,06-MAY-2024,
OPTSTK,ICICIBANK,30-May-2024,1000.0,PE,0.9,0.9,0.6,0.75,0.75,428,2998.14,823900,-58100,06-MAY-2024,
OPTSTK,ICICIBANK,30-May-2024,1010.0,PE,0.85,0.85,0.55,0.75,0.75,66,466.95,221900,4900,06-MAY-2024,
OPTSTK,ICICIBANK,30-May-2024,1020.0,PE,1.2,1.35,0.9,1.05,1.05,49,350.25,121800,2800,06-MAY-2024,
OPTSTK,ICICIBANK,30-May-2024,1030.0,PE,1.25,1.55,1.1,1.3,1.3,100,721.94,112000,-10500,06-MAY-2024,
OPTSTK,ICICIBANK,30-May-2024,1040.0,PE,1.75,1.75,1.25,1.55,1.55,109,794.7,274400,-8400,06-MAY-2024,
OPTSTK,ICICIBANK,30-May-2024,1050.0,PE,1.8,2.1,1.6,1.9,1.9,872,6420.93,1298500,15400,06-MAY-2024,
OPTSTK,ICICIBANK,30-May-2024,1060.0,PE,2.05,2.6,1.85,2.3,2.3,433,3219.74,548100,-15400,06-MAY-2024,
OPTSTK,ICICIBANK,30-May-2024,1070.0,PE,3.2,3.25,2.25,2.9,2.9,527,3957.75,573300,10500,06-MAY-2024,
OPTSTK,ICICIBANK,30-May-2024,1080.0,PE,3.85,4.1,2.8,3.65,3.65,714,5415.63,748300,10500,06-MAY-2024,
OPTSTK,ICICIBANK,30-May-2024,1090.0,PE,4.95,5.15,3.5,4.65,4.65,1083,8297.06,903700,83300,06-MAY-2024,
OPTSTK,ICICIBANK,30-May-2024,1100.0,PE,6.8,6.9,4.5,6.05,6.05,3760,29104.25,2871400,49700,06-MAY-2024,
OPTSTK,ICICIBANK,30-May-2024,1110.0,PE,8.6,8.6,5.7,7.65,7.65,1813,14178.73,1053500,106400,06-MAY-2024,
OPTSTK,ICICIBANK,30-May-2024,1120.0,PE,10.35,11.1,7.2,9.65,9.65,2874,22714.59,970900,-60200,06-MAY-2024,
OPTSTK,ICICIBANK,30-May-2024,1130.0,PE,13.0,14.3,9.25,12.2,12.2,2085,16661.77,869400,63000,06-MAY-2024,
OPTSTK,ICICIBANK,30-May-2024,1140.0,PE,17.3,18.8,12.0,15.6,15.6,4841,39133.88,1255100,231700,06-MAY-2024,
OPTSTK,ICICIBANK,30-May-2024,1150.0,PE,21.5,22.85,15.2,19.65,19.65,7761,63475.87,1815100,574700,06-MAY-2024,
OPTSTK,ICICIBANK,30-May-2024,1160.0,PE,27.1,27.1,19.5,24.6,24.6,2735,22646.69,779800,269500,06-MAY-2024,
OPTSTK,ICICIBANK,30-May-2024,1170.0,PE,34.7,34.7,24.75,30.45,30.45,731,6133.3,417900,55300,06-MAY-2024,
OPTSTK,ICICIBANK,30-May-2024,1180.0,PE,38.0,40.15,30.75,37.1,37.1,677,5766.44,368900,186200,06-MAY-2024,
OPTSTK,ICICIBANK,30-May-2024,1190.0,PE,45.4,47.8,37.9,44.75,44.75,479,4141.34,294000,220500,06-MAY-2024,
OPTSTK,ICICIBANK,30-May-2024,1200.0,PE,54.35,56.0,45.0,52.6,52.6,472,4129.35,315000,30800,06-MAY-2024,
OPTSTK,ICICIBANK,30-May-2024,1210.0,PE,56.5,61.4,54.15,61.4,66.15,26,230.4,33600,8400,06-MAY-2024,
OPTSTK,ICICIBANK,30-May-2024,1220.0,PE,65.25,68.65,65.25,68.65,74.35,8,72.01,25200,4200,06-MAY-2024,
OPTSTK,ICICIBANK,30-May-2024,1230.0,PE,70.6,74.85,70.6,74.15,82.85,6,54.72,7700,4200,06-MAY-2024,
OPTSTK,ICICIBANK,30-May-2024,1240.0,PE,79.7,89.0,79.7,89.0,91.65,3,27.77,11900,700,06-MAY-2024,
OPTSTK,ICICIBANK,30-May-2024,1250.0,PE,0.0,0.0,0.0,89.7,100.7,0,0.0,7000,0,06-MAY-2024,
OPTSTK,ICICIBANK,30-May-2024,1260.0,PE,0.0,0.0,0.0,109.0,109.95,0,0.0,700,0,06-MAY-2024,
OPTSTK,ICICIBANK,30-May-2024,1270.0,PE,0.0,0.0,0.0,164.5,119.35,0,0.0,0,0,06-MAY-2024,
OPTSTK,ICICIBANK,30-May-2024,1280.0,PE,0.0,0.0,0.0,208.3,128.9,0,0.0,0,0,06-MAY-2024,
OPTSTK,ICICIBANK,30-May-2024,1290.0,PE,0.0,0.0,0.0,183.2,138.55,0,0.0,0,0,06-MAY-2024,
OPTSTK,ICICIBANK,30-May-2024,1300.0,PE,0.0,0.0,0.0,134.0,148.25,0,0.0,7000,0,06-MAY-2024,
OPTSTK,ICICIBANK,30-May-2024,1310.0,PE,0.0,0.0,0.0,202.2,158.05,0,0.0,0,0,06-MAY-2024,
OPTSTK,ICICIBANK,30-May-2024,1320.0,PE,0.0,0.0,0.0,245.85,167.85,0,0.0,0,0,06-MAY-2024,
OPTSTK,ICICIBANK,27-Jun-2024,940.0,CE,0.0,0.0,0.0,173.4,216.35,0,0.0,0,0,06-MAY-2024,
OPTSTK,ICICIBANK,27-Jun-2024,960.0,CE,0.0,0.0,0.0,155.45,196.8,0,0.0,0,0,06-MAY-2024,
OPTSTK,ICICIBANK,27-Jun-2024,980.0,CE,0.0,0.0,0.0,138.2,177.5,0,0.0,0,0,06-MAY-2024,
OPTSTK,ICICIBANK,27-Jun-2024,1000.0,CE,165.9,166.0,165.9,166.0,158.55,3,24.48,2100,2100,06-MAY-2024,
OPTSTK,ICICIBANK,27-Jun-2024,1010.0,CE,0.0,0.0,0.0,122.4,149.2,0,0.0,0,0,06-MAY-2024,
OPTSTK,ICICIBANK,27-Jun-2024,1020.0,CE,0.0,0.0,0.0,106.2,140.05,0,0.0,0,0,06-MAY-2024,
OPTSTK,ICICIBANK,27-Jun-2024,1030.0,CE,0.0,0.0,0.0,105.7,131.05,0,0.0,0,0,06-MAY-2024,
OPTSTK,ICICIBANK,27-Jun-2024,1040.0,CE,0.0,0.0,0.0,121.8,122.2,0,0.0,0,0,06-MAY-2024,
OPTSTK,ICICIBANK,27-Jun-2024,1050.0,CE,0.0,0.0,0.0,119.2,113.6,0,0.0,1400,0,06-MAY-2024,
OPTSTK,ICICIBANK,27-Jun-2024,1060.0,CE,0.0,0.0,0.0,58.0,105.25,0,0.0,0,0,06-MAY-2024,
OPTSTK,ICICIBANK,27-Jun-2024,1070.0,CE,0.0,0.0,0.0,75.65,97.15,0,0.0,0,0,06-MAY-2024,
OPTSTK,ICICIBANK,27-Jun-2024,1080.0,CE,0.0,0.0,0.0,66.25,89.35,0,0.0,0,0,06-MAY-2024,
OPTSTK,ICICIBANK,27-Jun-2024,1090.0,CE,0.0,0.0,0.0,62.6,81.9,0,0.0,0,0,06-MAY-2024,
OPTSTK,ICICIBANK,27-Jun-2024,1100.0,CE,85.0,91.0,85.0,91.0,74.65,9,74.88,8400,-1400,06-MAY-2024,
OPTSTK,ICICIBANK,27-Jun-2024,1110.0,CE,0.0,0.0,0.0,73.2,67.85,0,0.0,1400,0,06-MAY-2024,
OPTSTK,ICICIBANK,27-Jun-2024,1120.0,CE,0.0,0.0,0.0,69.45,61.4,0,0.0,2100,0,06-MAY-2024,
OPTSTK,ICICIBANK,27-Jun-2024,1130.0,CE,0.0,0.0,0.0,53.8,55.35,0,0.0,9100,0,06-MAY-2024,
OPTSTK,ICICIBANK,27-Jun-2024,1140.0,CE,59.5,59.5,55.25,58.2,58.2,5,41.93,7700,1400,06-MAY-2024,
OPTSTK,ICICIBANK,27-Jun-2024,1150.0,CE,54.0,57.2,52.0,54.65,54.65,54,454.9,96600,17500,06-MAY-2024,
OPTSTK,ICICIBANK,27-Jun-2024,1160.0,CE,52.2,52.2,52.2,52.2,39.45,1,8.48,4200,-700,06-MAY-2024,
OPTSTK,ICICIBANK,27-Jun-2024,1170.0,CE,0.0,0.0,0.0,44.85,34.95,0,0.0,6300,0,06-MAY-2024,
OPTSTK,ICICIBANK,27-Jun-2024,1180.0,CE,40.0,40.0,40.0,40.0,30.8,2,17.08,7000,1400,06-MAY-2024,
OPTSTK,ICICIBANK,27-Jun-2024,1190.0,CE,0.0,0.0,0.0,34.25,27.05,0,0.0,700,0,06-MAY-2024,
OPTSTK,ICICIBANK,27-Jun-2024,1200.0,CE,32.95,37.0,31.0,33.35,33.35,836,7218.06,682500,165200,06-MAY-2024,
OPTSTK,ICICIBANK,27-Jun-2024,1210.0,CE,31.0,32.0,30.5,30.5,20.55,18,156.32,149800,10500,06-MAY-2024,
OPTSTK,ICICIBANK,27-Jun-2024,1220.0,CE,27.0,28.0,25.0,26.25,26.25,72,628.46,161000,23100,06-MAY-2024,
OPTSTK,ICICIBANK,27-Jun-2024,1230.0,CE,0.0,0.0,0.0,10.7,15.4,0,0.0,0,0,06-MAY-2024,
OPTSTK,ICICIBANK,27-Jun-2024,1240.0,CE,0.0,0.0,0.0,16.5,13.15,0,0.0,25900,0,06-MAY-2024,
OPTSTK,ICICIBANK,27-Jun-2024,1250.0,CE,17.0,20.0,17.0,18.8,18.8,109,968.35,91700,39900,06-MAY-2024,
OPTSTK,ICICIBANK,27-Jun-2024,1260.0,CE,0.0,0.0,0.0,8.9,9.55,0,0.0,0,0,06-MAY-2024,
OPTSTK,ICICIBANK,27-Jun-2024,1270.0,CE,15.0,15.0,15.0,15.0,8.1,5,44.97,4200,2100,06-MAY-2024,
OPTSTK,ICICIBANK,27-Jun-2024,1280.0,CE,0.0,0.0,0.0,6.75,6.85,0,0.0,0,0,06-MAY-2024,
OPTSTK,ICICIBANK,27-Jun-2024,1290.0,CE,0.0,0.0,0.0,3.95,5.75,0,0.0,0,0,06-MAY-2024,
OPTSTK,ICICIBANK,27-Jun-2024,1300.0,CE,9.4,11.15,9.4,10.35,4.8,63,577.92,32200,31500,06-MAY-2024,
OPTSTK,ICICIBANK,27-Jun-2024,1310.0,CE,0.0,0.0,0.0,8.05,4.0,0,0.0,2100,0,06-MAY-2024,
OPTSTK,ICICIBANK,27-Jun-2024,1320.0,CE,6.4,8.0,5.5,8.0,3.3,6,55.72,11900,2800,06-MAY-2024,
OPTSTK,ICICIBANK,27-Jun-2024,940.0,PE,0.0,0.0,0.0,3.3,0.3,0,0.0,0,0,06-MAY-2024,
OPTSTK,ICICIBANK,27-Jun-2024,960.0,PE,0.0,0.0,0.0,2.95,0.55,0,0.0,700,0,06-MAY-2024,
OPTSTK,ICICIBANK,27-Jun-2024,980.0,PE,0.0,0.0,0.0,7.4,1.05,0,0.0,0,0,06-MAY-2024,
OPTSTK,ICICIBANK,27-Jun-2024,1000.0,PE,7.0,7.0,6.0,7.0,1.9,6,42.27,104300,2800,06-MAY-2024,
OPTSTK,ICICIBANK,27-Jun-2024,1010.0,PE,0.0,0.0,0.0,5.95,2.45,0,0.0,0,0,06-MAY-2024,
OPTSTK,ICICIBANK,27-Jun-2024,1020.0,PE,0.0,0.0,0.0,5.4,3.2,0,0.0,4200,0,06-MAY-2024,
OPTSTK,ICICIBANK,27-Jun-2024,1030.0,PE,0.0,0.0,0.0,6.2,4.05,0,0.0,5600,0,06-MAY-2024,
OPTSTK,ICICIBANK,27-Jun-2024,1040.0,PE,0.0,0.0,0.0,6.0,5.15,0,0.0,19600,0,06-MAY-2024,
OPTSTK,ICICIBANK,27-Jun-2024,1050.0,PE,12.65,13.35,12.65,12.65,6.45,3,22.32,49000,700,06-MAY-2024,
OPTSTK,ICICIBANK,27-Jun-2024,1060.0,PE,0.0,0.0,0.0,12.0,8.0,0,0.0,2100,0,06-MAY-2024,
OPTSTK,ICICIBANK,27-Jun-2024,1070.0,PE,0.0,0.0,0.0,18.5,9.75,0,0.0,0,0,06-MAY-2024,
OPTSTK,ICICIBANK,27-Jun-2024,1080.0,PE,0.0,0.0,0.0,33.65,11.85,0,0.0,0,0,06-MAY-2024,
OPTSTK,ICICIBANK,27-Jun-2024,1090.0,PE,0.0,0.0,0.0,25.2,14.3,0,0.0,0,0,06-MAY-2024,
OPTSTK,ICICIBANK,27-Jun-2024,1100.0,PE,24.0,26.35,21.2,25.7,25.7,529,4163.65,538300,145600,06-MAY-2024,
OPTSTK,ICICIBANK,27-Jun-2024,1110.0,PE,0.0,0.0,0.0,33.4,20.05,0,0.0,0,0,06-MAY-2024,
OPTSTK,ICICIBANK,27-Jun-2024,1120.0,PE,30.05,32.0,27.0,31.5,31.5,57,458.51,193900,23800,06-MAY-2024,
OPTSTK,ICICIBANK,27-Jun-2024,1130.0,PE,0.0,0.0,0.0,31.25,27.35,0,0.0,2800,0,06-MAY-2024,
OPTSTK,ICICIBANK,27-Jun-2024,1140.0,PE,37.5,37.5,36.0,36.0,31.55,3,24.71,4900,700,06-MAY-2024,
OPTSTK,ICICIBANK,27-Jun-2024,1150.0,PE,38.0,47.15,37.65,45.2,45.2,63,526.26,116200,28700,06-MAY-2024,
OPTSTK,ICICIBANK,27-Jun-2024,1160.0,PE,0.0,0.0,0.0,53.0,41.15,0,0.0,6300,0,06-MAY-2024,
OPTSTK,ICICIBANK,27-Jun-2024,1170.0,PE,0.0,0.0,0.0,66.7,46.55,0,0.0,0,0,06-MAY-2024,
OPTSTK,ICICIBANK,27-Jun-2024,1180.0,PE,0.0,0.0,0.0,89.85,52.3,0,0.0,0,0,06-MAY-2024,
OPTSTK,ICICIBANK,27-Jun-2024,1190.0,PE,0.0,0.0,0.0,80.5,58.4,0,0.0,0,0,06-MAY-2024,
OPTSTK,ICICIBANK,27-Jun-2024,1200.0,PE,71.1,73.8,71.1,73.6,64.9,5,44.55,61600,700,06-MAY-2024,
OPTSTK,ICICIBANK,27-Jun-2024,1210.0,PE,0.0,0.0,0.0,95.55,71.7,0,0.0,0,0,06-MAY-2024,
OPTSTK,ICICIBANK,27-Jun-2024,1220.0,PE,0.0,0.0,0.0,119.9,78.85,0,0.0,0,0,06-MAY-2024,
OPTSTK,ICICIBANK,27-Jun-2024,1230.0,PE,0.0,0.0,0.0,111.55,86.35,0,0.0,0,0,06-MAY-2024,
OPTSTK,ICICIBANK,27-Jun-2024,1240.0,PE,0.0,0.0,0.0,136.15,94.05,0,0.0,0,0,06-MAY-2024,
OPTSTK,ICICIBANK,27-Jun-2024,1250.0,PE,0.0,0.0,0.0,128.35,102.0,0,0.0,0,0,06-MAY-2024,
OPTSTK,ICICIBANK,27-Jun-2024,1260.0,PE,0.0,0.0,0.0,153.1,110.25,0,0.0,0,0,06-MAY-2024,
OPTSTK,ICICIBANK,27-Jun-2024,1270.0,PE,0.0,0.0,0.0,145.9,118.65,0,0.0,0,0,06-MAY-2024,
OPTSTK,ICICIBANK,27-Jun-2024,1280.0,PE,0.0,0.0,0.0,170.6,127.3,0,0.0,0,0,06-MAY-2024,
OPTSTK,ICICIBANK,27-Jun-2024,1290.0,PE,0.0,0.0,0.0,164.05,136.1,0,0.0,0,0,06-MAY-2024,
OPTSTK,ICICIBANK,27-Jun-2024,1300.0,PE,0.0,0.0,0.0,188.55,145.05,0,0.0,0,0,06-MAY-2024,
OPTSTK,ICICIBANK,27-Jun-2024,1310.0,PE,0.0,0.0,0.0,182.6,154.15,0,0.0,0,0,06-MAY-2024,
OPTSTK,ICICIBANK,27-Jun-2024,1320.0,PE,0.0,0.0,0.0,206.9,163.35,0,0.0,0,0,06-MAY-2024,
OPTSTK,ICICIBANK,25-Jul-2024,960.0,CE,0.0,0.0,0.0,174.75,203.3,0,0.0,0,0,06-MAY-2024,
OPTSTK,ICICIBANK,25-Jul-2024,1000.0,CE,0.0,0.0,0.0,139.8,166.5,0,0.0,0,0,06-MAY-2024,
OPTSTK,ICICIBANK,25-Jul-2024,1020.0,CE,0.0,0.0,0.0,123.45,148.9,0,0.0,0,0,06-MAY-2024,
OPTSTK,ICICIBANK,25-Jul-2024,1040.0,CE,0.0,0.0,0.0,108.05,132.0,0,0.0,0,0,06-MAY-2024,
OPTSTK,ICICIBANK,25-Jul-2024,1060.0,CE,0.0,0.0,0.0,93.6,116.0,0,0.0,0,0,06-MAY-2024,
OPTSTK,ICICIBANK,25-Jul-2024,1080.0,CE,0.0,0.0,0.0,80.35,100.95,0,0.0,0,0,06-MAY-2024,
OPTSTK,ICICIBANK,25-Jul-2024,1100.0,CE,0.0,0.0,0.0,68.25,86.95,0,0.0,0,0,06-MAY-2024,
OPTSTK,ICICIBANK,25-Jul-2024,1120.0,CE,0.0,0.0,0.0,57.4,74.15,0,0.0,0,0,06-MAY-2024,
OPTSTK,ICICIBANK,25-Jul-2024,1140.0,CE,0.0,0.0,0.0,47.75,62.55,0,0.0,0,0,06-MAY-2024,
OPTSTK,ICICIBANK,25-Jul-2024,1160.0,CE,0.0,0.0,0.0,39.3,52.2,0,0.0,0,0,06-MAY-2024,
OPTSTK,ICICIBANK,25-Jul-2024,1180.0,CE,0.0,0.0,0.0,32.05,43.15,0,0.0,0,0,06-MAY-2024,
OPTSTK,ICICIBANK,25-Jul-2024,1200.0,CE,0.0,0.0,0.0,25.85,35.25,0,0.0,0,0,06-MAY-2024,
OPTSTK,ICICIBANK,25-Jul-2024,1220.0,CE,0.0,0.0,0.0,20.65,28.45,0,0.0,0,0,06-MAY-2024,
OPTSTK,ICICIBANK,25-Jul-2024,1240.0,CE,0.0,0.0,0.0,16.3,22.75,0,0.0,0,0,06-MAY-2024,
OPTSTK,ICICIBANK,25-Jul-2024,1260.0,CE,0.0,0.0,0.0,12.75,18.05,0,0.0,0,0,06-MAY-2024,
OPTSTK,ICICIBANK,25-Jul-2024,1280.0,CE,0.0,0.0,0.0,9.9,14.1,0,0.0,0,0,06-MAY-2024,
OPTSTK,ICICIBANK,25-Jul-2024,1300.0,CE,0.0,0.0,0.0,7.6,10.95,0,0.0,0,0,06-MAY-2024,
OPTSTK,ICICIBANK,25-Jul-2024,1320.0,CE,0.0,0.0,0.0,5.75,8.4,0,0.0,0,0,06-MAY-2024,
OPTSTK,ICICIBANK,25-Jul-2024,960.0,PE,0.0,0.0,0.0,3.7,1.8,0,0.0,0,0,06-MAY-2024,
OPTSTK,ICICIBANK,25-Jul-2024,1000.0,PE,6.0,6.0,6.0,6.0,4.3,1,7.04,3500,700,06-MAY-2024,
OPTSTK,ICICIBANK,25-Jul-2024,1020.0,PE,0.0,0.0,0.0,11.3,6.4,0,0.0,0,0,06-MAY-2024,
OPTSTK,ICICIBANK,25-Jul-2024,1040.0,PE,0.0,0.0,0.0,15.5,9.2,0,0.0,0,0,06-MAY-2024,
OPTSTK,ICICIBANK,25-Jul-2024,1060.0,PE,0.0,0.0,0.0,20.7,12.85,0,0.0,0,0,06-MAY-2024,
OPTSTK,ICICIBANK,25-Jul-2024,1080.0,PE,0.0,0.0,0.0,27.1,17.55,0,0.0,0,0,06-MAY-2024,
OPTSTK,ICICIBANK,25-Jul-2024,1100.0,PE,0.0,0.0,0.0,34.65,23.2,0,0.0,0,0,06-MAY-2024,
OPTSTK,ICICIBANK,25-Jul-2024,1120.0,PE,0.0,0.0,0.0,43.4,30.1,0,0.0,0,0,06-MAY-2024,
OPTSTK,ICICIBANK,25-Jul-2024,1140.0,PE,0.0,0.0,0.0,53.4,38.2,0,0.0,0,0,06-MAY-2024,
OPTSTK,ICICIBANK,25-Jul-2024,1160.0,PE,0.0,0.0,0.0,64.6,47.55,0,0.0,0,0,06-MAY-2024,
OPTSTK,ICICIBANK,25-Jul-2024,1180.0,PE,0.0,0.0,0.0,76.95,58.1,0,0.0,0,0,06-MAY-2024,
OPTSTK,ICICIBANK,25-Jul-2024,1200.0,PE,0.0,0.0,0.0,90.4,69.9,0,0.0,0,0,06-MAY-2024,
OPTSTK,ICICIBANK,25-Jul-2024,1220.0,PE,0.0,0.0,0.0,104.9,82.85,0,0.0,0,0,06-MAY-2024,
OPTSTK,ICICIBANK,25-Jul-2024,1240.0,PE,0.0,0.0,0.0,120.15,96.8,0,0.0,0,0,06-MAY-2024,
OPTSTK,ICICIBANK,25-Jul-2024,1260.0,PE,0.0,0.0,0.0,136.25,111.75,0,0.0,0,0,06-MAY-2024,
OPTSTK,ICICIBANK,25-Jul-2024,1280.0,PE,0.0,0.0,0.0,153.0,127.55,0,0.0,0,0,06-MAY-2024,
OPTSTK,ICICIBANK,25-Jul-2024,1300.0,PE,0.0,0.0,0.0,170.35,144.05,0,0.0,0,0,06-MAY-2024,
OPTSTK,ICICIBANK,25-Jul-2024,1320.0,PE,0.0,0.0,0.0,188.2,161.15,0,0.0,0,0,06-MAY-2024,
OPTSTK,ICICIGI,30-May-2024,1440.0,CE,0.0,0.0,0.0,306.7,248.55,0,0.0,0,0,06-MAY-2024,
OPTSTK,ICICIGI,30-May-2024,1480.0,CE,0.0,0.0,0.0,272.05,209.7,0,0.0,0,0,06-MAY-2024,
OPTSTK,ICICIGI,30-May-2024,1520.0,CE,0.0,0.0,0.0,239.05,172.1,0,0.0,0,0,06-MAY-2024,
OPTSTK,ICICIGI,30-May-2024,1540.0,CE,0.0,0.0,0.0,223.25,154.0,0,0.0,0,0,06-MAY-2024,
OPTSTK,ICICIGI,30-May-2024,1560.0,CE,137.7,137.7,137.7,137.7,136.55,1,8.48,1500,-500,06-MAY-2024,
OPTSTK,ICICIGI,30-May-2024,1580.0,CE,0.0,0.0,0.0,193.3,119.95,0,0.0,0,0,06-MAY-2024,
OPTSTK,ICICIGI,30-May-2024,1600.0,CE,90.65,104.95,87.0,104.95,104.95,7,59.31,2000,-1500,06-MAY-2024,
OPTSTK,ICICIGI,30-May-2024,1620.0,CE,0.0,0.0,0.0,70.0,89.6,0,0.0,1500,0,06-MAY-2024,
OPTSTK,ICICIGI,30-May-2024,1640.0,CE,73.8,77.05,73.8,77.05,76.1,3,25.72,1500,500,06-MAY-2024,
OPTSTK,ICICIGI,30-May-2024,1660.0,CE,58.5,64.0,47.7,63.05,63.05,37,317.22,11500,-2000,06-MAY-2024,
OPTSTK,ICICIGI,30-May-2024,1680.0,CE,45.0,56.45,38.25,51.75,51.75,94,812.63,14000,4500,06-MAY-2024,
OPTSTK,ICICIGI,30-May-2024,1700.0,CE,39.95,44.5,30.0,42.1,42.1,358,3110.83,185000,-13500,06-MAY-2024,
OPTSTK,ICICIGI,30-May-2024,1720.0,CE,29.05,36.5,24.0,33.45,33.45,53,463.53,80000,-9000,06-MAY-2024,
OPTSTK,ICICIGI,30-May-2024,1740.0,CE,25.75,30.2,19.25,27.85,27.85,100,881.91,87000,-10500,06-MAY-2024,
OPTSTK,ICICIGI,30-May-2024,1760.0,CE,21.15,23.7,15.5,22.2,22.2,67,595.92,33000,-12000,06-MAY-2024,
OPTSTK,ICICIGI,30-May-2024,1780.0,CE,13.55,19.2,12.25,18.2,18.2,35,314.0,29500,-5000,06-MAY-2024,
OPTSTK,ICICIGI,30-May-2024,1800.0,CE,13.6,15.8,9.45,14.95,14.95,349,3163.32,323000,-7500,06-MAY-2024,
OPTSTK,ICICIGI,30-May-2024,1820.0,CE,9.25,9.3,8.8,9.3,9.9,6,54.87,52000,-500,06-MAY-2024,
OPTSTK,ICICIGI,30-May-2024,1840.0,CE,5.75,10.4,5.75,10.05,10.05,24,221.71,21500,-1000,06-MAY-2024,
OPTSTK,ICICIGI,30-May-2024,1860.0,CE,7.05,8.5,4.5,7.5,7.5,127,1185.79,28500,-35000,06-MAY-2024,
OPTSTK,ICICIGI,30-May-2024,1880.0,CE,3.7,3.7,3.7,3.7,3.95,2,18.83,14000,-500,06-MAY-2024,
OPTSTK,ICICIGI,30-May-2024,1900.0,CE,3.55,5.15,2.95,5.05,5.05,66,628.45,64500,-9000,06-MAY-2024,
OPTSTK,ICICIGI,30-May-2024,1920.0,CE,4.0,4.0,4.0,4.0,2.0,1,9.62,12000,-500,06-MAY-2024,
OPTSTK,ICICIGI,30-May-2024,1940.0,CE,3.5,3.5,0.35,3.35,1.4,11,106.84,27000,500,06-MAY-2024,
OPTSTK,ICICIGI,30-May-2024,1960.0,CE,0.0,0.0,0.0,2.75,0.95,0,0.0,40500,0,06-MAY-2024,
OPTSTK,ICICIGI,30-May-2024,1440.0,PE,0.0,0.0,0.0,3.5,0.55,0,0.0,1000,0,06-MAY-2024,
OPTSTK,ICICIGI,30-May-2024,1480.0,PE,0.0,0.0,0.0,13.4,1.55,0,0.0,0,0,06-MAY-2024,
OPTSTK,ICICIGI,30-May-2024,1500.0,PE,2.8,2.8,2.8,2.8,2.4,1,7.51,11500,-500,06-MAY-2024,
OPTSTK,ICICIGI,30-May-2024,1520.0,PE,0.0,0.0,0.0,19.7,3.7,0,0.0,0,0,06-MAY-2024,
OPTSTK,ICICIGI,30-May-2024,1540.0,PE,0.0,0.0,0.0,23.5,5.55,0,0.0,0,0,06-MAY-2024,
OPTSTK,ICICIGI,30-May-2024,1560.0,PE,9.85,12.75,6.55,7.35,7.35,137,1074.18,50000,13500,06-MAY-2024,
OPTSTK,ICICIGI,30-May-2024,1580.0,PE,14.2,16.65,9.45,10.05,10.05,55,438.01,18500,-1500,06-MAY-2024,
OPTSTK,ICICIGI,30-May-2024,1600.0,PE,14.65,20.7,12.5,14.2,14.2,70,565.42,107500,3500,06-MAY-2024,
OPTSTK,ICICIGI,30-May-2024,1620.0,PE,20.55,26.7,16.8,18.45,18.45,32,262.39,28500,1000,06-MAY-2024,
OPTSTK,ICICIGI,30-May-2024,1640.0,PE,32.2,35.4,23.55,24.65,24.65,33,275.21,37500,6000,06-MAY-2024,
OPTSTK,ICICIGI,30-May-2024,1660.0,PE,34.7,43.7,30.6,31.75,31.75,45,381.69,50500,2000,06-MAY-2024,
OPTSTK,ICICIGI,30-May-2024,1680.0,PE,48.0,52.05,38.55,40.65,40.65,24,206.94,24000,500,06-MAY-2024,
OPTSTK,ICICIGI,30-May-2024,1700.0,PE,55.0,66.0,49.5,51.45,51.45,36,316.24,116500,-4000,06-MAY-2024,
OPTSTK,ICICIGI,30-May-2024,1720.0,PE,61.35,61.35,61.35,61.35,61.35,1,8.9,18500,-500,06-MAY-2024,
OPTSTK,ICICIGI,30-May-2024,1740.0,PE,92.3,92.3,74.1,75.95,75.95,8,72.75,9000,-500,06-MAY-2024,
OPTSTK,ICICIGI,30-May-2024,1760.0,PE,0.0,0.0,0.0,104.8,92.5,0,0.0,0,0,06-MAY-2024,
OPTSTK,ICICIGI,30-May-2024,1780.0,PE,119.55,119.55,119.55,119.55,107.5,1,9.49,8000,500,06-MAY-2024,
OPTSTK,ICICIGI,30-May-2024,1800.0,PE,136.8,136.8,136.8,136.8,123.4,1,9.68,9000,500,06-MAY-2024,
OPTSTK,ICICIGI,30-May-2024,1820.0,PE,152.9,152.9,152.9,152.9,140.15,1,9.86,2500,500,06-MAY-2024,
OPTSTK,ICICIGI,30-May-2024,1840.0,PE,171.6,171.6,171.6,171.6,157.55,3,30.17,4500,500,06-MAY-2024,
OPTSTK,ICICIGI,30-May-2024,1860.0,PE,0.0,0.0,0.0,142.1,175.5,0,0.0,500,0,06-MAY-2024,
OPTSTK,ICICIGI,30-May-2024,1880.0,PE,0.0,0.0,0.0,180.8,193.9,0,0.0,0,0,06-MAY-2024,
OPTSTK,ICICIGI,30-May-2024,1920.0,PE,0.0,0.0,0.0,210.4,231.8,0,0.0,0,0,06-MAY-2024,
OPTSTK,ICICIGI,30-May-2024,1960.0,PE,0.0,0.0,0.0,241.65,270.6,0,0.0,0,0,06-MAY-2024,
OPTSTK,ICICIGI,27-Jun-2024,1440.0,CE,0.0,0.0,0.0,280.2,260.45,0,0.0,0,0,06-MAY-2024,
OPTSTK,ICICIGI,27-Jun-2024,1480.0,CE,0.0,0.0,0.0,246.15,224.25,0,0.0,0,0,06-MAY-2024,
OPTSTK,ICICIGI,27-Jun-2024,1520.0,CE,0.0,0.0,0.0,213.95,189.9,0,0.0,0,0,06-MAY-2024,
OPTSTK,ICICIGI,27-Jun-2024,1540.0,CE,0.0,0.0,0.0,202.8,173.6,0,0.0,0,0,06-MAY-2024,
OPTSTK,ICICIGI,27-Jun-2024,1560.0,CE,0.0,0.0,0.0,184.0,157.95,0,0.0,0,0,06-MAY-2024,
OPTSTK,ICICIGI,27-Jun-2024,1580.0,CE,0.0,0.0,0.0,171.6,143.05,0,0.0,0,0,06-MAY-2024,
OPTSTK,ICICIGI,27-Jun-2024,1600.0,CE,0.0,0.0,0.0,156.25,128.8,0,0.0,0,0,06-MAY-2024,
OPTSTK,ICICIGI,27-Jun-2024,1620.0,CE,0.0,0.0,0.0,143.0,115.45,0,0.0,0,0,06-MAY-2024,
OPTSTK,ICICIGI,27-Jun-2024,1640.0,CE,0.0,0.0,0.0,131.25,102.95,0,0.0,0,0,06-MAY-2024,
OPTSTK,ICICIGI,27-Jun-2024,1660.0,CE,0.0,0.0,0.0,117.35,91.35,0,0.0,0,0,06-MAY-2024,
OPTSTK,ICICIGI,27-Jun-2024,1680.0,CE,0.0,0.0,0.0,108.9,80.6,0,0.0,0,0,06-MAY-2024,
OPTSTK,ICICIGI,27-Jun-2024,1700.0,CE,0.0,0.0,0.0,94.8,70.7,0,0.0,0,0,06-MAY-2024,
OPTSTK,ICICIGI,27-Jun-2024,1720.0,CE,0.0,0.0,0.0,89.3,61.7,0,0.0,0,0,06-MAY-2024,
OPTSTK,ICICIGI,27-Jun-2024,1740.0,CE,0.0,0.0,0.0,75.3,53.6,0,0.0,0,0,06-MAY-2024,
OPTSTK,ICICIGI,27-Jun-2024,1760.0,CE,0.0,0.0,0.0,72.35,46.25,0,0.0,0,0,06-MAY-2024,
OPTSTK,ICICIGI,27-Jun-2024,1780.0,CE,0.0,0.0,0.0,58.85,39.7,0,0.0,0,0,06-MAY-2024,
OPTSTK,ICICIGI,27-Jun-2024,1800.0,CE,33.7,33.7,33.7,33.7,33.9,1,9.16,500,500,06-MAY-2024,
OPTSTK,ICICIGI,27-Jun-2024,1820.0,CE,0.0,0.0,0.0,45.25,28.9,0,0.0,0,0,06-MAY-2024,
OPTSTK,ICICIGI,27-Jun-2024,1840.0,CE,0.0,0.0,0.0,45.9,24.35,0,0.0,0,0,06-MAY-2024,
OPTSTK,ICICIGI,27-Jun-2024,1860.0,CE,0.0,0.0,0.0,34.3,20.5,0,0.0,0,0,06-MAY-2024,
OPTSTK,ICICIGI,27-Jun-2024,1880.0,CE,0.0,0.0,0.0,36.0,17.15,0,0.0,0,0,06-MAY-2024,
OPTSTK,ICICIGI,27-Jun-2024,1920.0,CE,0.0,0.0,0.0,27.85,11.8,0,0.0,0,0,06-MAY-2024,
OPTSTK,ICICIGI,27-Jun-2024,1960.0,CE,0.0,0.0,0.0,21.3,7.95,0,0.0,0,0,06-MAY-2024,
OPTSTK,ICICIGI,27-Jun-2024,1440.0,PE,0.0,0.0,0.0,9.95,4.25,0,0.0,0,0,06-MAY-2024,
OPTSTK,ICICIGI,27-Jun-2024,1480.0,PE,0.0,0.0,0.0,15.2,7.65,0,0.0,0,0,06-MAY-2024,
OPTSTK,ICICIGI,27-Jun-2024,1520.0,PE,0.0,0.0,0.0,22.3,12.9,0,0.0,0,0,06-MAY-2024,
OPTSTK,ICICIGI,27-Jun-2024,1540.0,PE,0.0,0.0,0.0,16.7,16.4,0,0.0,0,0,06-MAY-2024,
OPTSTK,ICICIGI,27-Jun-2024,1560.0,PE,0.0,0.0,0.0,31.6,20.55,0,0.0,0,0,06-MAY-2024,
OPTSTK,ICICIGI,27-Jun-2024,1580.0,PE,0.0,0.0,0.0,25.0,25.45,0,0.0,0,0,06-MAY-2024,
OPTSTK,ICICIGI,27-Jun-2024,1600.0,PE,35.0,35.0,35.0,35.0,31.0,1,8.17,1500,500,06-MAY-2024,
OPTSTK,ICICIGI,27-Jun-2024,1620.0,PE,0.0,0.0,0.0,35.9,37.45,0,0.0,0,0,06-MAY-2024,
OPTSTK,ICICIGI,27-Jun-2024,1640.0,PE,0.0,0.0,0.0,57.45,44.7,0,0.0,0,0,06-MAY-2024,
OPTSTK,ICICIGI,27-Jun-2024,1660.0,PE,0.0,0.0,0.0,49.75,52.9,0,0.0,0,0,06-MAY-2024,
OPTSTK,ICICIGI,27-Jun-2024,1680.0,PE,0.0,0.0,0.0,74.4,61.95,0,0.0,0,0,06-MAY-2024,
OPTSTK,ICICIGI,27-Jun-2024,1700.0,PE,0.0,0.0,0.0,66.65,71.85,0,0.0,0,0,06-MAY-2024,
OPTSTK,ICICIGI,27-Jun-2024,1720.0,PE,0.0,0.0,0.0,94.05,82.65,0,0.0,0,0,06-MAY-2024,
OPTSTK,ICICIGI,27-Jun-2024,1740.0,PE,0.0,0.0,0.0,86.7,94.3,0,0.0,0,0,06-MAY-2024,
OPTSTK,ICICIGI,27-Jun-2024,1760.0,PE,0.0,0.0,0.0,116.4,106.75,0,0.0,0,0,06-MAY-2024,
OPTSTK,ICICIGI,27-Jun-2024,1780.0,PE,0.0,0.0,0.0,109.75,120.0,0,0.0,0,0,06-MAY-2024,
OPTSTK,ICICIGI,27-Jun-2024,1800.0,PE,0.0,0.0,0.0,141.3,134.0,0,0.0,0,0,06-MAY-2024,
OPTSTK,ICICIGI,27-Jun-2024,1820.0,PE,0.0,0.0,0.0,135.65,148.8,0,0.0,0,0,06-MAY-2024,
OPTSTK,ICICIGI,27-Jun-2024,1840.0,PE,0.0,0.0,0.0,168.5,164.05,0,0.0,0,0,06-MAY-2024,
OPTSTK,ICICIGI,27-Jun-2024,1860.0,PE,0.0,0.0,0.0,164.2,180.0,0,0.0,0,0,06-MAY-2024,
OPTSTK,ICICIGI,27-Jun-2024,1880.0,PE,0.0,0.0,0.0,197.9,196.4,0,0.0,0,0,06-MAY-2024,
OPTSTK,ICICIGI,27-Jun-2024,1920.0,PE,0.0,0.0,0.0,229.0,230.65,0,0.0,0,0,06-MAY-2024,
OPTSTK,ICICIGI,27-Jun-2024,1960.0,PE,0.0,0.0,0.0,261.8,266.4,0,0.0,0,0,06-MAY-2024,
OPTSTK,ICICIGI,25-Jul-2024,1440.0,CE,0.0,0.0,0.0,302.45,273.5,0,0.0,0,0,06-MAY-2024,
OPTSTK,ICICIGI,25-Jul-2024,1520.0,CE,0.0,0.0,0.0,235.35,206.95,0,0.0,0,0,06-MAY-2024,
OPTSTK,ICICIGI,25-Jul-2024,1560.0,CE,0.0,0.0,0.0,204.65,176.9,0,0.0,0,0,06-MAY-2024,
OPTSTK,ICICIGI,25-Jul-2024,1600.0,CE,0.0,0.0,0.0,176.1,149.2,0,0.0,0,0,06-MAY-2024,
OPTSTK,ICICIGI,25-Jul-2024,1640.0,CE,0.0,0.0,0.0,150.05,124.35,0,0.0,0,0,06-MAY-2024,
OPTSTK,ICICIGI,25-Jul-2024,1680.0,CE,0.0,0.0,0.0,126.5,102.3,0,0.0,0,0,06-MAY-2024,
OPTSTK,ICICIGI,25-Jul-2024,1720.0,CE,0.0,0.0,0.0,105.55,83.05,0,0.0,0,0,06-MAY-2024,
OPTSTK,ICICIGI,25-Jul-2024,1760.0,CE,0.0,0.0,0.0,87.1,66.55,0,0.0,0,0,06-MAY-2024,
OPTSTK,ICICIGI,25-Jul-2024,1800.0,CE,0.0,0.0,0.0,71.15,52.65,0,0.0,0,0,06-MAY-2024,
OPTSTK,ICICIGI,25-Jul-2024,1840.0,CE,0.0,0.0,0.0,57.55,41.1,0,0.0,0,0,06-MAY-2024,
OPTSTK,ICICIGI,25-Jul-2024,1880.0,CE,0.0,0.0,0.0,46.05,31.85,0,0.0,0,0,06-MAY-2024,
OPTSTK,ICICIGI,25-Jul-2024,1920.0,CE,0.0,0.0,0.0,36.6,24.25,0,0.0,0,0,06-MAY-2024,
OPTSTK,ICICIGI,25-Jul-2024,1440.0,PE,0.0,0.0,0.0,9.65,9.35,0,0.0,0,0,06-MAY-2024,
OPTSTK,ICICIGI,25-Jul-2024,1520.0,PE,0.0,0.0,0.0,21.1,21.55,0,0.0,0,0,06-MAY-2024,
OPTSTK,ICICIGI,25-Jul-2024,1560.0,PE,0.0,0.0,0.0,29.7,30.9,0,0.0,0,0,06-MAY-2024,
OPTSTK,ICICIGI,25-Jul-2024,1600.0,PE,0.0,0.0,0.0,40.45,42.55,0,0.0,0,0,06-MAY-2024,
OPTSTK,ICICIGI,25-Jul-2024,1640.0,PE,0.0,0.0,0.0,53.65,57.05,0,0.0,0,0,06-MAY-2024,
OPTSTK,ICICIGI,25-Jul-2024,1680.0,PE,0.0,0.0,0.0,69.35,74.35,0,0.0,0,0,06-MAY-2024,
OPTSTK,ICICIGI,25-Jul-2024,1720.0,PE,0.0,0.0,0.0,87.65,94.5,0,0.0,0,0,06-MAY-2024,
OPTSTK,ICICIGI,25-Jul-2024,1760.0,PE,0.0,0.0,0.0,108.5,117.35,0,0.0,0,0,06-MAY-2024,
OPTSTK,ICICIGI,25-Jul-2024,1800.0,PE,0.0,0.0,0.0,131.85,142.85,0,0.0,0,0,06-MAY-2024,
OPTSTK,ICICIGI,25-Jul-2024,1840.0,PE,0.0,0.0,0.0,157.5,170.7,0,0.0,0,0,06-MAY-2024,
OPTSTK,ICICIGI,25-Jul-2024,1880.0,PE,0.0,0.0,0.0,185.3,200.75,0,0.0,0,0,06-MAY-2024,
OPTSTK,ICICIGI,25-Jul-2024,1920.0,PE,0.0,0.0,0.0,215.15,232.55,0,0.0,0,0,06-MAY-2024,
OPTSTK,ICICIPRULI,30-May-2024,470.0,CE,0.0,0.0,0.0,80.1,106.6,0,0.0,0,0,06-MAY-2024,
OPTSTK,ICICIPRULI,30-May-2024,480.0,CE,0.0,0.0,0.0,72.6,96.8,0,0.0,0,0,06-MAY-2024,
OPTSTK,ICICIPRULI,30-May-2024,490.0,CE,0.0,0.0,0.0,65.5,87.1,0,0.0,0,0,06-MAY-2024,
OPTSTK,ICICIPRULI,30-May-2024,500.0,CE,0.0,0.0,0.0,58.8,77.6,0,0.0,0,0,06-MAY-2024,
OPTSTK,ICICIPRULI,30-May-2024,505.0,CE,0.0,0.0,0.0,112.45,72.9,0,0.0,0,0,06-MAY-2024,
OPTSTK,ICICIPRULI,30-May-2024,510.0,CE,65.95,66.25,65.3,65.3,68.3,4,34.55,0,0,06-MAY-2024,
OPTSTK,ICICIPRULI,30-May-2024,515.0,CE,0.0,0.0,0.0,103.55,63.8,0,0.0,0,0,06-MAY-2024,
OPTSTK,ICICIPRULI,30-May-2024,520.0,CE,0.0,0.0,0.0,62.25,59.35,0,0.0,9000,0,06-MAY-2024,
OPTSTK,ICICIPRULI,30-May-2024,525.0,CE,0.0,0.0,0.0,56.75,55.05,0,0.0,6000,0,06-MAY-2024,
OPTSTK,ICICIPRULI,30-May-2024,530.0,CE,0.0,0.0,0.0,50.5,50.9,0,0.0,1500,0,06-MAY-2024,
OPTSTK,ICICIPRULI,30-May-2024,535.0,CE,0.0,0.0,0.0,47.3,46.85,0,0.0,1500,0,06-MAY-2024,
OPTSTK,ICICIPRULI,30-May-2024,540.0,CE,0.0,0.0,0.0,41.75,42.95,0,0.0,16500,0,06-MAY-2024,
OPTSTK,ICICIPRULI,30-May-2024,545.0,CE,35.4,35.4,35.05,35.4,35.4,4,34.81,6000,3000,06-MAY-2024,
OPTSTK,ICICIPRULI,30-May-2024,550.0,CE,34.95,36.35,33.45,33.45,35.7,7,61.37,76500,-10500,06-MAY-2024,
OPTSTK,ICICIPRULI,30-May-2024,555.0,CE,0.0,0.0,0.0,32.15,32.3,0,0.0,9000,0,06-MAY-2024,
OPTSTK,ICICIPRULI,30-May-2024,560.0,CE,24.05,25.35,24.05,25.35,29.15,2,17.54,111000,-1500,06-MAY-2024,
OPTSTK,ICICIPRULI,30-May-2024,565.0,CE,22.0,22.85,21.2,21.2,26.15,4,35.22,16500,0,06-MAY-2024,
OPTSTK,ICICIPRULI,30-May-2024,570.0,CE,22.15,22.55,17.6,19.35,19.35,99,875.55,222000,1500,06-MAY-2024,
OPTSTK,ICICIPRULI,30-May-2024,575.0,CE,20.0,20.0,15.7,16.8,16.8,79,701.95,126000,-6000,06-MAY-2024,
OPTSTK,ICICIPRULI,30-May-2024,580.0,CE,17.2,18.15,13.5,14.85,14.85,327,2919.55,798000,81000,06-MAY-2024,
OPTSTK,ICICIPRULI,30-May-2024,585.0,CE,15.15,15.85,11.5,12.85,12.85,147,1318.97,183000,18000,06-MAY-2024,
OPTSTK,ICICIPRULI,30-May-2024,590.0,CE,13.35,13.5,9.95,11.05,11.05,237,2137.5,232500,21000,06-MAY-2024,
OPTSTK,ICICIPRULI,30-May-2024,595.0,CE,11.5,11.85,8.7,9.6,9.6,44,399.24,72000,22500,06-MAY-2024,
OPTSTK,ICICIPRULI,30-May-2024,600.0,CE,9.75,10.4,7.05,8.0,8.0,514,4690.43,756000,-112500,06-MAY-2024,
OPTSTK,ICICIPRULI,30-May-2024,605.0,CE,8.5,8.5,6.5,6.8,9.35,20,183.63,79500,-1500,06-MAY-2024,
OPTSTK,ICICIPRULI,30-May-2024,610.0,CE,6.2,6.3,4.85,5.65,5.65,127,1172.17,223500,94500,06-MAY-2024,
OPTSTK,ICICIPRULI,30-May-2024,615.0,CE,4.7,5.35,4.35,4.4,6.9,10,92.96,51000,0,06-MAY-2024,
OPTSTK,ICICIPRULI,30-May-2024,620.0,CE,4.55,4.7,3.45,4.05,4.05,115,1076.52,382500,27000,06-MAY-2024,
OPTSTK,ICICIPRULI,30-May-2024,625.0,CE,3.9,3.9,3.3,3.5,5.0,15,141.39,40500,0,06-MAY-2024,
OPTSTK,ICICIPRULI,30-May-2024,630.0,CE,3.3,3.3,2.5,2.95,2.95,93,882.74,246000,10500,06-MAY-2024,
OPTSTK,ICICIPRULI,30-May-2024,635.0,CE,2.8,2.85,2.8,2.85,3.55,3,28.7,9000,4500,06-MAY-2024,
OPTSTK,ICICIPRULI,30-May-2024,640.0,CE,1.8,2.2,1.7,2.15,2.15,121,1165.09,196500,64500,06-MAY-2024,
OPTSTK,ICICIPRULI,30-May-2024,645.0,CE,0.0,0.0,0.0,2.0,2.5,0,0.0,6000,0,06-MAY-2024,
OPTSTK,ICICIPRULI,30-May-2024,650.0,CE,1.5,1.6,1.2,1.6,1.6,67,654.65,531000,-3000,06-MAY-2024,
OPTSTK,ICICIPRULI,30-May-2024,660.0,CE,0.95,1.15,0.85,1.1,1.1,31,307.37,45000,0,06-MAY-2024,
OPTSTK,ICICIPRULI,30-May-2024,665.0,CE,1.65,1.65,0.8,1.05,1.15,3,29.97,22500,0,06-MAY-2024,
OPTSTK,ICICIPRULI,30-May-2024,670.0,CE,0.0,0.0,0.0,0.75,0.95,0,0.0,147000,0,06-MAY-2024,
OPTSTK,ICICIPRULI,30-May-2024,680.0,CE,0.9,0.9,0.2,0.2,0.6,2,20.41,103500,0,06-MAY-2024,
OPTSTK,ICICIPRULI,30-May-2024,700.0,CE,0.55,0.55,0.5,0.55,0.55,2,21.01,52500,3000,06-MAY-2024,
OPTSTK,ICICIPRULI,30-May-2024,710.0,CE,0.0,0.0,0.0,0.45,0.15,0,0.0,1500,0,06-MAY-2024,
OPTSTK,ICICIPRULI,30-May-2024,720.0,CE,0.0,0.0,0.0,1.3,0.1,0,0.0,4500,0,06-MAY-2024,
OPTSTK,ICICIPRULI,30-May-2024,470.0,PE,0.0,0.0,0.0,8.9,0.15,0,0.0,0,0,06-MAY-2024,
OPTSTK,ICICIPRULI,30-May-2024,480.0,PE,0.0,0.0,0.0,0.55,0.3,0,0.0,0,0,06-MAY-2024,
OPTSTK,ICICIPRULI,30-May-2024,490.0,PE,0.0,0.0,0.0,0.5,0.55,0,0.0,18000,0,06-MAY-2024,
OPTSTK,ICICIPRULI,30-May-2024,500.0,PE,0.55,0.85,0.55,0.8,0.8,37,277.88,384000,-4500,06-MAY-2024,
OPTSTK,ICICIPRULI,30-May-2024,505.0,PE,0.0,0.0,0.0,2.6,1.25,0,0.0,0,0,06-MAY-2024,
OPTSTK,ICICIPRULI,30-May-2024,510.0,PE,1.25,1.4,1.05,1.4,1.4,65,498.47,199500,10500,06-MAY-2024,
OPTSTK,ICICIPRULI,30-May-2024,515.0,PE,0.0,0.0,0.0,3.8,2.1,0,0.0,0,0,06-MAY-2024,
OPTSTK,ICICIPRULI,30-May-2024,520.0,PE,1.85,2.15,1.7,2.15,2.15,16,125.26,147000,1500,06-MAY-2024,
OPTSTK,ICICIPRULI,30-May-2024,525.0,PE,2.35,2.35,2.35,2.35,3.35,1,7.91,13500,0,06-MAY-2024,
OPTSTK,ICICIPRULI,30-May-2024,530.0,PE,2.15,3.4,2.15,3.2,3.2,82,655.55,297000,-27000,06-MAY-2024,
OPTSTK,ICICIPRULI,30-May-2024,535.0,PE,2.65,3.95,2.65,3.9,3.9,12,96.95,43500,0,06-MAY-2024,
OPTSTK,ICICIPRULI,30-May-2024,540.0,PE,4.8,5.25,4.0,5.0,5.0,36,294.12,181500,-10500,06-MAY-2024,
OPTSTK,ICICIPRULI,30-May-2024,545.0,PE,5.85,6.35,5.1,5.95,5.95,23,190.02,79500,10500,06-MAY-2024,
OPTSTK,ICICIPRULI,30-May-2024,550.0,PE,5.4,7.9,4.9,7.25,7.25,221,1845.68,403500,1500,06-MAY-2024,
OPTSTK,ICICIPRULI,30-May-2024,555.0,PE,8.75,8.75,7.65,7.65,10.45,2,16.89,34500,0,06-MAY-2024,
OPTSTK,ICICIPRULI,30-May-2024,560.0,PE,8.95,10.8,8.9,10.3,10.3,31,265.06,204000,-13500,06-MAY-2024,
OPTSTK,ICICIPRULI,30-May-2024,565.0,PE,12.25,12.7,10.9,12.5,12.5,19,164.52,72000,3000,06-MAY-2024,
OPTSTK,ICICIPRULI,30-May-2024,570.0,PE,12.05,15.9,11.4,14.55,14.55,63,552.04,201000,3000,06-MAY-2024,
OPTSTK,ICICIPRULI,30-May-2024,575.0,PE,17.05,18.0,15.4,17.15,17.15,28,248.66,39000,1500,06-MAY-2024,
OPTSTK,ICICIPRULI,30-May-2024,580.0,PE,18.5,21.0,15.95,19.9,19.9,64,575.12,190500,1500,06-MAY-2024,
OPTSTK,ICICIPRULI,30-May-2024,585.0,PE,20.85,23.45,20.85,23.15,23.15,17,154.94,27000,-7500,06-MAY-2024,
OPTSTK,ICICIPRULI,30-May-2024,590.0,PE,22.5,26.35,21.0,25.3,25.3,26,239.91,64500,13500,06-MAY-2024,
OPTSTK,ICICIPRULI,30-May-2024,595.0,PE,29.1,29.1,28.15,28.85,30.4,3,28.06,9000,0,06-MAY-2024,
OPTSTK,ICICIPRULI,30-May-2024,600.0,PE,30.95,34.0,30.95,32.8,32.8,10,94.91,126000,0,06-MAY-2024,
OPTSTK,ICICIPRULI,30-May-2024,605.0,PE,0.0,0.0,0.0,35.7,37.25,0,0.0,10500,0,06-MAY-2024,
OPTSTK,ICICIPRULI,30-May-2024,610.0,PE,0.0,0.0,0.0,38.8,40.95,0,0.0,22500,0,06-MAY-2024,
OPTSTK,ICICIPRULI,30-May-2024,615.0,PE,44.95,44.95,44.95,44.95,44.75,1,9.89,4500,1500,06-MAY-2024,
OPTSTK,ICICIPRULI,30-May-2024,620.0,PE,48.3,48.3,48.3,48.3,48.75,1,10.02,0,-1500,06-MAY-2024,
OPTSTK,ICICIPRULI,30-May-2024,625.0,PE,0.0,0.0,0.0,55.95,52.8,0,0.0,3000,0,06-MAY-2024,
OPTSTK,ICICIPRULI,30-May-2024,630.0,PE,0.0,0.0,0.0,68.5,57.0,0,0.0,1500,0,06-MAY-2024,
OPTSTK,ICICIPRULI,30-May-2024,640.0,PE,0.0,0.0,0.0,74.95,65.75,0,0.0,1500,0,06-MAY-2024,
OPTSTK,ICICIPRULI,30-May-2024,650.0,PE,0.0,0.0,0.0,85.0,74.75,0,0.0,7500,0,06-MAY-2024,
OPTSTK,ICICIPRULI,30-May-2024,660.0,PE,0.0,0.0,0.0,121.15,84.05,0,0.0,0,0,06-MAY-2024,
OPTSTK,ICICIPRULI,30-May-2024,670.0,PE,0.0,0.0,0.0,130.0,93.55,0,0.0,0,0,06-MAY-2024,
OPTSTK,ICICIPRULI,30-May-2024,700.0,PE,0.0,0.0,0.0,125.75,122.75,0,0.0,0,0,06-MAY-2024,
OPTSTK,ICICIPRULI,27-Jun-2024,470.0,CE,0.0,0.0,0.0,148.9,110.5,0,0.0,0,0,06-MAY-2024,
OPTSTK,ICICIPRULI,27-Jun-2024,480.0,CE,0.0,0.0,0.0,139.75,101.25,0,0.0,0,0,06-MAY-2024,
OPTSTK,ICICIPRULI,27-Jun-2024,490.0,CE,0.0,0.0,0.0,130.75,92.25,0,0.0,0,0,06-MAY-2024,
OPTSTK,ICICIPRULI,27-Jun-2024,500.0,CE,0.0,0.0,0.0,122.0,83.55,0,0.0,0,0,06-MAY-2024,
OPTSTK,ICICIPRULI,27-Jun-2024,505.0,CE,0.0,0.0,0.0,73.45,79.3,0,0.0,0,0,06-MAY-2024,
OPTSTK,ICICIPRULI,27-Jun-2024,510.0,CE,0.0,0.0,0.0,113.4,75.15,0,0.0,0,0,06-MAY-2024,
OPTSTK,ICICIPRULI,27-Jun-2024,515.0,CE,0.0,0.0,0.0,65.85,71.1,0,0.0,0,0,06-MAY-2024,
OPTSTK,ICICIPRULI,27-Jun-2024,520.0,CE,0.0,0.0,0.0,105.1,67.15,0,0.0,0,0,06-MAY-2024,
OPTSTK,ICICIPRULI,27-Jun-2024,525.0,CE,0.0,0.0,0.0,58.7,63.3,0,0.0,0,0,06-MAY-2024,
OPTSTK,ICICIPRULI,27-Jun-2024,530.0,CE,0.0,0.0,0.0,97.1,59.6,0,0.0,0,0,06-MAY-2024,
OPTSTK,ICICIPRULI,27-Jun-2024,535.0,CE,0.0,0.0,0.0,52.0,56.0,0,0.0,0,0,06-MAY-2024,
OPTSTK,ICICIPRULI,27-Jun-2024,540.0,CE,0.0,0.0,0.0,89.4,52.5,0,0.0,0,0,06-MAY-2024,
OPTSTK,ICICIPRULI,27-Jun-2024,545.0,CE,0.0,0.0,0.0,45.8,49.1,0,0.0,0,0,06-MAY-2024,
OPTSTK,ICICIPRULI,27-Jun-2024,550.0,CE,0.0,0.0,0.0,82.0,45.9,0,0.0,0,0,06-MAY-2024,
OPTSTK,ICICIPRULI,27-Jun-2024,555.0,CE,0.0,0.0,0.0,40.1,42.8,0,0.0,0,0,06-MAY-2024,
OPTSTK,ICICIPRULI,27-Jun-2024,560.0,CE,0.0,0.0,0.0,74.95,39.85,0,0.0,0,0,06-MAY-2024,
OPTSTK,ICICIPRULI,27-Jun-2024,565.0,CE,0.0,0.0,0.0,34.85,37.0,0,0.0,0,0,06-MAY-2024,
OPTSTK,ICICIPRULI,27-Jun-2024,570.0,CE,0.0,0.0,0.0,68.25,34.3,0,0.0,0,0,06-MAY-2024,
OPTSTK,ICICIPRULI,27-Jun-2024,575.0,CE,0.0,0.0,0.0,30.15,31.75,0,0.0,0,0,06-MAY-2024,
OPTSTK,ICICIPRULI,27-Jun-2024,580.0,CE,0.0,0.0,0.0,16.0,29.35,0,0.0,10500,0,06-MAY-2024,
OPTSTK,ICICIPRULI,27-Jun-2024,585.0,CE,0.0,0.0,0.0,25.9,27.05,0,0.0,0,0,06-MAY-2024,
OPTSTK,ICICIPRULI,27-Jun-2024,590.0,CE,0.0,0.0,0.0,56.05,24.9,0,0.0,0,0,06-MAY-2024,
OPTSTK,ICICIPRULI,27-Jun-2024,595.0,CE,0.0,0.0,0.0,22.1,22.85,0,0.0,0,0,06-MAY-2024,
OPTSTK,ICICIPRULI,27-Jun-2024,600.0,CE,18.9,18.9,17.5,17.5,17.5,2,18.54,0,0,06-MAY-2024,
OPTSTK,ICICIPRULI,27-Jun-2024,605.0,CE,0.0,0.0,0.0,18.8,19.15,0,0.0,0,0,06-MAY-2024,
OPTSTK,ICICIPRULI,27-Jun-2024,610.0,CE,0.0,0.0,0.0,45.35,17.5,0,0.0,0,0,06-MAY-2024,
OPTSTK,ICICIPRULI,27-Jun-2024,615.0,CE,0.0,0.0,0.0,15.85,15.95,0,0.0,0,0,06-MAY-2024,
OPTSTK,ICICIPRULI,27-Jun-2024,620.0,CE,0.0,0.0,0.0,40.6,14.5,0,0.0,0,0,06-MAY-2024,
OPTSTK,ICICIPRULI,27-Jun-2024,625.0,CE,0.0,0.0,0.0,13.35,13.2,0,0.0,0,0,06-MAY-2024,
OPTSTK,ICICIPRULI,27-Jun-2024,630.0,CE,0.0,0.0,0.0,36.2,12.0,0,0.0,0,0,06-MAY-2024,
OPTSTK,ICICIPRULI,27-Jun-2024,640.0,CE,0.0,0.0,0.0,6.1,9.8,0,0.0,0,0,06-MAY-2024,
OPTSTK,ICICIPRULI,27-Jun-2024,650.0,CE,12.6,12.6,2.6,3.1,7.95,4,39.46,0,0,06-MAY-2024,
OPTSTK,ICICIPRULI,27-Jun-2024,660.0,CE,10.0,10.0,4.2,4.2,6.4,2,20.01,0,0,06-MAY-2024,
OPTSTK,ICICIPRULI,27-Jun-2024,670.0,CE,0.0,0.0,0.0,22.2,5.15,0,0.0,0,0,06-MAY-2024,
OPTSTK,ICICIPRULI,27-Jun-2024,470.0,PE,0.0,0.0,0.0,1.85,1.35,0,0.0,0,0,06-MAY-2024,
OPTSTK,ICICIPRULI,27-Jun-2024,480.0,PE,0.0,0.0,0.0,2.55,2.05,0,0.0,0,0,06-MAY-2024,
OPTSTK,ICICIPRULI,27-Jun-2024,490.0,PE,0.0,0.0,0.0,3.35,2.9,0,0.0,0,0,06-MAY-2024,
OPTSTK,ICICIPRULI,27-Jun-2024,500.0,PE,0.0,0.0,0.0,4.4,4.1,0,0.0,0,0,06-MAY-2024,
OPTSTK,ICICIPRULI,27-Jun-2024,505.0,PE,0.0,0.0,0.0,7.95,4.8,0,0.0,0,0,06-MAY-2024,
OPTSTK,ICICIPRULI,27-Jun-2024,510.0,PE,0.0,0.0,0.0,5.65,5.6,0,0.0,0,0,06-MAY-2024,
OPTSTK,ICICIPRULI,27-Jun-2024,515.0,PE,0.0,0.0,0.0,10.25,6.5,0,0.0,0,0,06-MAY-2024,
OPTSTK,ICICIPRULI,27-Jun-2024,520.0,PE,0.0,0.0,0.0,7.15,7.5,0,0.0,0,0,06-MAY-2024,
OPTSTK,ICICIPRULI,27-Jun-2024,525.0,PE,0.0,0.0,0.0,13.0,8.6,0,0.0,0,0,06-MAY-2024,
OPTSTK,ICICIPRULI,27-Jun-2024,530.0,PE,0.0,0.0,0.0,6.2,9.85,0,0.0,7500,0,06-MAY-2024,
OPTSTK,ICICIPRULI,27-Jun-2024,535.0,PE,0.0,0.0,0.0,16.15,11.2,0,0.0,0,0,06-MAY-2024,
OPTSTK,ICICIPRULI,27-Jun-2024,540.0,PE,0.0,0.0,0.0,7.6,12.6,0,0.0,0,0,06-MAY-2024,
OPTSTK,ICICIPRULI,27-Jun-2024,545.0,PE,0.0,0.0,0.0,19.8,14.2,0,0.0,0,0,06-MAY-2024,
OPTSTK,ICICIPRULI,27-Jun-2024,550.0,PE,0.0,0.0,0.0,10.5,15.9,0,0.0,0,0,06-MAY-2024,
OPTSTK,ICICIPRULI,27-Jun-2024,555.0,PE,0.0,0.0,0.0,24.0,17.75,0,0.0,0,0,06-MAY-2024,
OPTSTK,ICICIPRULI,27-Jun-2024,560.0,PE,0.0,0.0,0.0,16.3,19.75,0,0.0,0,0,06-MAY-2024,
OPTSTK,ICICIPRULI,27-Jun-2024,565.0,PE,0.0,0.0,0.0,28.65,21.9,0,0.0,0,0,06-MAY-2024,
OPTSTK,ICICIPRULI,27-Jun-2024,570.0,PE,0.0,0.0,0.0,19.4,24.15,0,0.0,0,0,06-MAY-2024,
OPTSTK,ICICIPRULI,27-Jun-2024,575.0,PE,0.0,0.0,0.0,33.8,26.55,0,0.0,0,0,06-MAY-2024,
OPTSTK,ICICIPRULI,27-Jun-2024,580.0,PE,0.0,0.0,0.0,22.95,29.05,0,0.0,0,0,06-MAY-2024,
OPTSTK,ICICIPRULI,27-Jun-2024,585.0,PE,0.0,0.0,0.0,39.4,31.7,0,0.0,0,0,06-MAY-2024,
OPTSTK,ICICIPRULI,27-Jun-2024,590.0,PE,0.0,0.0,0.0,26.85,34.5,0,0.0,0,0,06-MAY-2024,
OPTSTK,ICICIPRULI,27-Jun-2024,595.0,PE,0.0,0.0,0.0,45.5,37.4,0,0.0,0,0,06-MAY-2024,
OPTSTK,ICICIPRULI,27-Jun-2024,600.0,PE,0.0,0.0,0.0,31.15,40.45,0,0.0,0,0,06-MAY-2024,
OPTSTK,ICICIPRULI,27-Jun-2024,605.0,PE,0.0,0.0,0.0,52.05,43.65,0,0.0,0,0,06-MAY-2024,
OPTSTK,ICICIPRULI,27-Jun-2024,610.0,PE,0.0,0.0,0.0,35.8,46.9,0,0.0,0,0,06-MAY-2024,
OPTSTK,ICICIPRULI,27-Jun-2024,615.0,PE,0.0,0.0,0.0,59.0,50.3,0,0.0,0,0,06-MAY-2024,
OPTSTK,ICICIPRULI,27-Jun-2024,620.0,PE,0.0,0.0,0.0,40.9,53.85,0,0.0,0,0,06-MAY-2024,
OPTSTK,ICICIPRULI,27-Jun-2024,625.0,PE,0.0,0.0,0.0,66.35,57.45,0,0.0,0,0,06-MAY-2024,
OPTSTK,ICICIPRULI,27-Jun-2024,630.0,PE,0.0,0.0,0.0,46.3,61.2,0,0.0,0,0,06-MAY-2024,
OPTSTK,ICICIPRULI,27-Jun-2024,640.0,PE,0.0,0.0,0.0,52.1,68.9,0,0.0,0,0,06-MAY-2024,
OPTSTK,ICICIPRULI,27-Jun-2024,650.0,PE,0.0,0.0,0.0,58.25,76.95,0,0.0,0,0,06-MAY-2024,
OPTSTK,ICICIPRULI,27-Jun-2024,660.0,PE,0.0,0.0,0.0,64.75,85.3,0,0.0,0,0,06-MAY-2024,
OPTSTK,ICICIPRULI,27-Jun-2024,670.0,PE,0.0,0.0,0.0,71.55,93.95,0,0.0,0,0,06-MAY-2024,
OPTSTK,ICICIPRULI,25-Jul-2024,480.0,CE,0.0,0.0,0.0,99.4,106.2,0,0.0,0,0,06-MAY-2024,
OPTSTK,ICICIPRULI,25-Jul-2024,500.0,CE,0.0,0.0,0.0,83.65,89.55,0,0.0,0,0,06-MAY-2024,
OPTSTK,ICICIPRULI,25-Jul-2024,510.0,CE,0.0,0.0,0.0,76.3,81.7,0,0.0,0,0,06-MAY-2024,
OPTSTK,ICICIPRULI,25-Jul-2024,520.0,CE,0.0,0.0,0.0,69.3,74.2,0,0.0,0,0,06-MAY-2024,
OPTSTK,ICICIPRULI,25-Jul-2024,530.0,CE,0.0,0.0,0.0,62.65,67.1,0,0.0,0,0,06-MAY-2024,
OPTSTK,ICICIPRULI,25-Jul-2024,540.0,CE,0.0,0.0,0.0,56.45,60.35,0,0.0,0,0,06-MAY-2024,
OPTSTK,ICICIPRULI,25-Jul-2024,550.0,CE,0.0,0.0,0.0,50.7,54.1,0,0.0,0,0,06-MAY-2024,
OPTSTK,ICICIPRULI,25-Jul-2024,560.0,CE,0.0,0.0,0.0,45.3,48.25,0,0.0,0,0,06-MAY-2024,
OPTSTK,ICICIPRULI,25-Jul-2024,570.0,CE,0.0,0.0,0.0,40.35,42.8,0,0.0,0,0,06-MAY-2024,
OPTSTK,ICICIPRULI,25-Jul-2024,580.0,CE,0.0,0.0,0.0,35.8,37.85,0,0.0,0,0,06-MAY-2024,
OPTSTK,ICICIPRULI,25-Jul-2024,590.0,CE,0.0,0.0,0.0,31.65,33.3,0,0.0,0,0,06-MAY-2024,
OPTSTK,ICICIPRULI,25-Jul-2024,600.0,CE,0.0,0.0,0.0,27.85,29.15,0,0.0,0,0,06-MAY-2024,
OPTSTK,ICICIPRULI,25-Jul-2024,610.0,CE,0.0,0.0,0.0,24.4,25.45,0,0.0,0,0,06-MAY-2024,
OPTSTK,ICICIPRULI,25-Jul-2024,620.0,CE,0.0,0.0,0.0,21.35,22.1,0,0.0,0,0,06-MAY-2024,
OPTSTK,ICICIPRULI,25-Jul-2024,630.0,CE,0.0,0.0,0.0,18.6,19.1,0,0.0,0,0,06-MAY-2024,
OPTSTK,ICICIPRULI,25-Jul-2024,640.0,CE,0.0,0.0,0.0,16.15,16.45,0,0.0,0,0,06-MAY-2024,
OPTSTK,ICICIPRULI,25-Jul-2024,660.0,CE,0.0,0.0,0.0,12.05,12.05,0,0.0,0,0,06-MAY-2024,
OPTSTK,ICICIPRULI,25-Jul-2024,480.0,PE,0.0,0.0,0.0,6.55,4.3,0,0.0,0,0,06-MAY-2024,
OPTSTK,ICICIPRULI,25-Jul-2024,500.0,PE,0.0,0.0,0.0,10.45,7.35,0,0.0,0,0,06-MAY-2024,
OPTSTK,ICICIPRULI,25-Jul-2024,510.0,PE,0.0,0.0,0.0,12.9,9.3,0,0.0,0,0,06-MAY-2024,
OPTSTK,ICICIPRULI,25-Jul-2024,520.0,PE,0.0,0.0,0.0,15.75,11.7,0,0.0,0,0,06-MAY-2024,
OPTSTK,ICICIPRULI,25-Jul-2024,530.0,PE,0.0,0.0,0.0,18.95,14.4,0,0.0,0,0,06-MAY-2024,
OPTSTK,ICICIPRULI,25-Jul-2024,540.0,PE,0.0,0.0,0.0,22.55,17.5,0,0.0,0,0,06-MAY-2024,
OPTSTK,ICICIPRULI,25-Jul-2024,550.0,PE,0.0,0.0,0.0,26.6,21.1,0,0.0,0,0,06-MAY-2024,
OPTSTK,ICICIPRULI,25-Jul-2024,560.0,PE,0.0,0.0,0.0,31.05,25.1,0,0.0,0,0,06-MAY-2024,
OPTSTK,ICICIPRULI,25-Jul-2024,570.0,PE,0.0,0.0,0.0,35.9,29.5,0,0.0,0,0,06-MAY-2024,
OPTSTK,ICICIPRULI,25-Jul-2024,580.0,PE,0.0,0.0,0.0,41.15,34.4,0,0.0,0,0,06-MAY-2024,
OPTSTK,ICICIPRULI,25-Jul-2024,590.0,PE,0.0,0.0,0.0,46.8,39.65,0,0.0,0,0,06-MAY-2024,
OPTSTK,ICICIPRULI,25-Jul-2024,600.0,PE,0.0,0.0,0.0,52.85,45.4,0,0.0,0,0,06-MAY-2024,
OPTSTK,ICICIPRULI,25-Jul-2024,610.0,PE,0.0,0.0,0.0,59.25,51.5,0,0.0,0,0,06-MAY-2024,
OPTSTK,ICICIPRULI,25-Jul-2024,620.0,PE,0.0,0.0,0.0,66.0,58.0,0,0.0,0,0,06-MAY-2024,
OPTSTK,ICICIPRULI,25-Jul-2024,630.0,PE,0.0,0.0,0.0,73.05,64.85,0,0.0,0,0,06-MAY-2024,
OPTSTK,ICICIPRULI,25-Jul-2024,640.0,PE,0.0,0.0,0.0,80.45,72.05,0,0.0,0,0,06-MAY-2024,
OPTSTK,ICICIPRULI,25-Jul-2024,660.0,PE,0.0,0.0,0.0,95.95,87.3,0,0.0,0,0,06-MAY-2024,
OPTSTK,IDEA,30-May-2024,10.0,CE,3.0,3.0,3.0,3.0,3.0,1,5.2,760000,0,06-MAY-2024,
OPTSTK,IDEA,30-May-2024,11.0,CE,0.0,0.0,0.0,2.5,2.1,0,0.0,17400000,0,06-MAY-2024,
OPTSTK,IDEA,30-May-2024,12.0,CE,1.2,1.3,1.0,1.0,1.0,27,142.44,67920000,-1080000,06-MAY-2024,
OPTSTK,IDEA,30-May-2024,13.0,CE,0.5,0.55,0.35,0.35,0.35,108,581.66,114880000,-3920000,06-MAY-2024,
OPTSTK,IDEA,30-May-2024,14.0,CE,0.3,0.3,0.15,0.2,0.2,156,887.44,134960000,-3920000,06-MAY-2024,
OPTSTK,IDEA,30-May-2024,15.0,CE,0.2,0.2,0.1,0.15,0.15,87,526.84,131040000,-1760000,06-MAY-2024,
OPTSTK,IDEA,30-May-2024,16.0,CE,0.1,0.1,0.05,0.05,0.05,30,193.04,61440000,-1200000,06-MAY-2024,
OPTSTK,IDEA,30-May-2024,17.0,CE,0.0,0.0,0.0,0.1,0.1,0,0.0,30040000,0,06-MAY-2024,
OPTSTK,IDEA,30-May-2024,18.0,CE,0.05,0.1,0.05,0.1,0.05,115,830.6,30920000,-4600000,06-MAY-2024,
OPTSTK,IDEA,30-May-2024,20.0,CE,0.05,0.05,0.05,0.05,0.05,3,24.06,31760000,-120000,06-MAY-2024,
OPTSTK,IDEA,30-May-2024,8.0,PE,0.0,0.0,0.0,0.05,0.0,0,0.0,1440000,0,06-MAY-2024,
OPTSTK,IDEA,30-May-2024,10.0,PE,0.05,0.05,0.05,0.05,0.1,1,4.02,11800000,-40000,06-MAY-2024,
OPTSTK,IDEA,30-May-2024,11.0,PE,0.05,0.1,0.05,0.05,0.05,39,172.96,67960000,-1560000,06-MAY-2024,
OPTSTK,IDEA,30-May-2024,12.0,PE,0.15,0.15,0.05,0.1,0.1,129,624.9,158360000,-1760000,06-MAY-2024,
OPTSTK,IDEA,30-May-2024,13.0,PE,0.4,0.45,0.35,0.45,0.45,66,354.64,132880000,-200000,06-MAY-2024,
OPTSTK,IDEA,30-May-2024,14.0,PE,1.1,1.25,1.1,1.2,1.65,17,103.24,71840000,-560000,06-MAY-2024,
OPTSTK,IDEA,30-May-2024,15.0,PE,2.1,2.1,2.1,2.1,2.4,1,6.84,30280000,-40000,06-MAY-2024,
OPTSTK,IDEA,30-May-2024,16.0,PE,0.0,0.0,0.0,2.25,3.3,0,0.0,9280000,0,06-MAY-2024,
OPTSTK,IDEA,30-May-2024,17.0,PE,4.25,4.25,4.1,4.2,4.2,2,16.94,9000000,-80000,06-MAY-2024,
OPTSTK,IDEA,27-Jun-2024,10.0,CE,0.0,0.0,0.0,3.85,3.2,0,0.0,0,0,06-MAY-2024,
OPTSTK,IDEA,27-Jun-2024,11.0,CE,0.0,0.0,0.0,3.45,2.45,0,0.0,0,0,06-MAY-2024,
OPTSTK,IDEA,27-Jun-2024,12.0,CE,0.0,0.0,0.0,2.5,1.85,0,0.0,1760000,0,06-MAY-2024,
OPTSTK,IDEA,27-Jun-2024,13.0,CE,0.0,0.0,0.0,2.15,1.35,0,0.0,0,0,06-MAY-2024,
OPTSTK,IDEA,27-Jun-2024,14.0,CE,0.0,0.0,0.0,0.65,0.95,0,0.0,8160000,0,06-MAY-2024,
OPTSTK,IDEA,27-Jun-2024,15.0,CE,0.0,0.0,0.0,1.3,0.7,0,0.0,0,0,06-MAY-2024,
OPTSTK,IDEA,27-Jun-2024,16.0,CE,0.0,0.0,0.0,0.8,0.45,0,0.0,4680000,0,06-MAY-2024,
OPTSTK,IDEA,27-Jun-2024,17.0,CE,0.0,0.0,0.0,0.7,0.3,0,0.0,0,0,06-MAY-2024,
OPTSTK,IDEA,27-Jun-2024,18.0,CE,0.0,0.0,0.0,0.25,0.2,0,0.0,1960000,0,06-MAY-2024,
OPTSTK,IDEA,27-Jun-2024,20.0,CE,0.0,0.0,0.0,0.1,0.1,0,0.0,8680000,0,06-MAY-2024,
OPTSTK,IDEA,27-Jun-2024,8.0,PE,0.0,0.0,0.0,0.1,0.05,0,0.0,320000,0,06-MAY-2024,
OPTSTK,IDEA,27-Jun-2024,10.0,PE,0.1,0.1,0.1,0.1,0.1,1,4.04,7000000,-40000,06-MAY-2024,
OPTSTK,IDEA,27-Jun-2024,11.0,PE,0.0,0.0,0.0,0.4,0.55,0,0.0,0,0,06-MAY-2024,
OPTSTK,IDEA,27-Jun-2024,12.0,PE,0.45,0.45,0.45,0.45,0.9,3,14.94,9240000,-120000,06-MAY-2024,
OPTSTK,IDEA,27-Jun-2024,13.0,PE,0.0,0.0,0.0,1.1,1.4,0,0.0,0,0,06-MAY-2024,
OPTSTK,IDEA,27-Jun-2024,14.0,PE,0.0,0.0,0.0,1.2,2.0,0,0.0,7040000,0,06-MAY-2024,
OPTSTK,IDEA,27-Jun-2024,15.0,PE,0.0,0.0,0.0,2.2,2.7,0,0.0,0,0,06-MAY-2024,
OPTSTK,IDEA,27-Jun-2024,16.0,PE,0.0,0.0,0.0,3.45,3.5,0,0.0,0,0,06-MAY-2024,
OPTSTK,IDEA,27-Jun-2024,17.0,PE,0.0,0.0,0.0,3.6,4.35,0,0.0,0,0,06-MAY-2024,
OPTSTK,IDEA,25-Jul-2024,8.0,CE,0.0,0.0,0.0,6.15,5.05,0,0.0,0,0,06-MAY-2024,
OPTSTK,IDEA,25-Jul-2024,10.0,CE,0.0,0.0,0.0,4.45,3.4,0,0.0,0,0,06-MAY-2024,
OPTSTK,IDEA,25-Jul-2024,12.0,CE,0.0,0.0,0.0,3.05,2.15,0,0.0,0,0,06-MAY-2024,
OPTSTK,IDEA,25-Jul-2024,14.0,CE,0.0,0.0,0.0,2.05,1.3,0,0.0,0,0,06-MAY-2024,
OPTSTK,IDEA,25-Jul-2024,16.0,CE,0.0,0.0,0.0,1.3,0.75,0,0.0,0,0,06-MAY-2024,
OPTSTK,IDEA,25-Jul-2024,18.0,CE,0.0,0.0,0.0,0.85,0.45,0,0.0,0,0,06-MAY-2024,
OPTSTK,IDEA,25-Jul-2024,20.0,CE,0.0,0.0,0.0,0.5,0.25,0,0.0,0,0,06-MAY-2024,
OPTSTK,IDEA,25-Jul-2024,8.0,PE,0.0,0.0,0.0,0.1,0.1,0,0.0,0,0,06-MAY-2024,
OPTSTK,IDEA,25-Jul-2024,10.0,PE,0.0,0.0,0.0,0.35,0.45,0,0.0,0,0,06-MAY-2024,
OPTSTK,IDEA,25-Jul-2024,12.0,PE,0.0,0.0,0.0,0.95,1.2,0,0.0,0,0,06-MAY-2024,
OPTSTK,IDEA,25-Jul-2024,14.0,PE,0.0,0.0,0.0,1.9,2.3,0,0.0,0,0,06-MAY-2024,
OPTSTK,IDEA,25-Jul-2024,16.0,PE,0.0,0.0,0.0,3.1,3.7,0,0.0,0,0,06-MAY-2024,
OPTSTK,IDEA,25-Jul-2024,18.0,PE,0.0,0.0,0.0,4.6,5.35,0,0.0,0,0,06-MAY-2024,
OPTSTK,IDEA,25-Jul-2024,20.0,PE,0.0,0.0,0.0,6.25,7.15,0,0.0,0,0,06-MAY-2024,
OPTSTK,IDFC,30-May-2024,102.0,CE,0.0,0.0,0.0,18.7,16.85,0,0.0,0,0,06-MAY-2024,
OPTSTK,IDFC,30-May-2024,103.0,CE,0.0,0.0,0.0,11.7,15.9,0,0.0,0,0,06-MAY-2024,
OPTSTK,IDFC,30-May-2024,104.0,CE,0.0,0.0,0.0,17.2,15.0,0,0.0,0,0,06-MAY-2024,
OPTSTK,IDFC,30-May-2024,105.0,CE,0.0,0.0,0.0,10.4,14.1,0,0.0,0,0,06-MAY-2024,
OPTSTK,IDFC,30-May-2024,106.0,CE,0.0,0.0,0.0,15.8,13.2,0,0.0,0,0,06-MAY-2024,
OPTSTK,IDFC,30-May-2024,107.0,CE,0.0,0.0,0.0,9.15,12.35,0,0.0,0,0,06-MAY-2024,
OPTSTK,IDFC,30-May-2024,108.0,CE,0.0,0.0,0.0,14.5,11.5,0,0.0,0,0,06-MAY-2024,
OPTSTK,IDFC,30-May-2024,109.0,CE,0.0,0.0,0.0,8.05,10.65,0,0.0,0,0,06-MAY-2024,
OPTSTK,IDFC,30-May-2024,110.0,CE,11.1,11.1,10.05,10.05,10.05,2,12.05,105000,0,06-MAY-2024,
OPTSTK,IDFC,30-May-2024,111.0,CE,0.0,0.0,0.0,7.0,9.1,0,0.0,0,0,06-MAY-2024,
OPTSTK,IDFC,30-May-2024,112.0,CE,0.0,0.0,0.0,11.4,8.35,0,0.0,10000,0,06-MAY-2024,
OPTSTK,IDFC,30-May-2024,113.0,CE,0.0,0.0,0.0,10.5,7.65,0,0.0,5000,0,06-MAY-2024,
OPTSTK,IDFC,30-May-2024,114.0,CE,0.0,0.0,0.0,8.4,7.0,0,0.0,10000,0,06-MAY-2024,
OPTSTK,IDFC,30-May-2024,115.0,CE,6.5,6.5,6.5,6.5,6.35,1,6.07,105000,-5000,06-MAY-2024,
OPTSTK,IDFC,30-May-2024,116.0,CE,5.95,5.95,5.95,5.95,5.75,1,6.09,20000,0,06-MAY-2024,
OPTSTK,IDFC,30-May-2024,117.0,CE,0.0,0.0,0.0,7.3,5.2,0,0.0,15000,0,06-MAY-2024,
OPTSTK,IDFC,30-May-2024,118.0,CE,4.5,5.05,4.35,4.45,4.7,36,220.45,160000,140000,06-MAY-2024,
OPTSTK,IDFC,30-May-2024,119.0,CE,4.2,4.3,3.85,3.9,3.9,9,55.4,45000,10000,06-MAY-2024,
OPTSTK,IDFC,30-May-2024,120.0,CE,4.25,4.25,3.15,3.45,3.45,519,3206.74,2000000,750000,06-MAY-2024,
OPTSTK,IDFC,30-May-2024,121.0,CE,3.5,3.5,2.9,3.0,3.0,32,198.77,145000,35000,06-MAY-2024,
OPTSTK,IDFC,30-May-2024,122.0,CE,3.2,3.35,2.45,2.7,2.7,67,418.28,620000,140000,06-MAY-2024,
OPTSTK,IDFC,30-May-2024,123.0,CE,3.0,3.0,2.25,2.4,2.4,105,658.41,595000,260000,06-MAY-2024,
OPTSTK,IDFC,30-May-2024,124.0,CE,2.5,2.5,1.95,2.15,2.15,91,574.32,685000,65000,06-MAY-2024,
OPTSTK,IDFC,30-May-2024,125.0,CE,2.4,2.4,1.65,1.95,1.95,1050,6667.66,7515000,1485000,06-MAY-2024,
OPTSTK,IDFC,30-May-2024,126.0,CE,1.85,1.85,1.5,1.7,1.7,52,332.14,245000,70000,06-MAY-2024,
OPTSTK,IDFC,30-May-2024,127.0,CE,1.75,1.75,1.4,1.5,1.5,32,205.59,275000,25000,06-MAY-2024,
OPTSTK,IDFC,30-May-2024,128.0,CE,1.6,1.6,1.2,1.25,1.3,11,71.14,735000,20000,06-MAY-2024,
OPTSTK,IDFC,30-May-2024,129.0,CE,1.4,1.4,1.3,1.3,1.15,4,26.07,545000,10000,06-MAY-2024,
OPTSTK,IDFC,30-May-2024,130.0,CE,1.25,1.3,0.95,1.05,1.05,540,3538.13,8775000,-785000,06-MAY-2024,
OPTSTK,IDFC,30-May-2024,131.0,CE,0.9,0.95,0.9,0.9,0.85,25,164.89,340000,-65000,06-MAY-2024,
OPTSTK,IDFC,30-May-2024,132.0,CE,0.75,0.75,0.75,0.75,0.7,1,6.63,280000,5000,06-MAY-2024,
OPTSTK,IDFC,30-May-2024,133.0,CE,0.85,0.9,0.65,0.7,0.7,21,140.4,45000,-40000,06-MAY-2024,
OPTSTK,IDFC,30-May-2024,134.0,CE,0.7,0.7,0.6,0.6,0.5,6,40.39,110000,10000,06-MAY-2024,
OPTSTK,IDFC,30-May-2024,135.0,CE,0.65,0.65,0.5,0.55,0.55,282,1911.13,2015000,-80000,06-MAY-2024,
OPTSTK,IDFC,30-May-2024,136.0,CE,0.0,0.0,0.0,0.8,0.35,0,0.0,150000,0,06-MAY-2024,
OPTSTK,IDFC,30-May-2024,137.0,CE,0.0,0.0,0.0,0.75,0.3,0,0.0,10000,0,06-MAY-2024,
OPTSTK,IDFC,30-May-2024,138.0,CE,0.0,0.0,0.0,0.45,0.25,0,0.0,170000,0,06-MAY-2024,
OPTSTK,IDFC,30-May-2024,140.0,CE,0.45,0.45,0.3,0.35,0.35,212,1487.74,3215000,240000,06-MAY-2024,
OPTSTK,IDFC,30-May-2024,142.0,CE,0.25,0.25,0.25,0.25,0.15,1,7.11,875000,0,06-MAY-2024,
OPTSTK,IDFC,30-May-2024,144.0,CE,0.25,0.25,0.25,0.25,0.1,10,72.12,190000,0,06-MAY-2024,
OPTSTK,IDFC,30-May-2024,100.0,PE,0.25,0.3,0.2,0.3,0.3,63,315.86,490000,155000,06-MAY-2024,
OPTSTK,IDFC,30-May-2024,102.0,PE,0.0,0.0,0.0,2.4,0.25,0,0.0,0,0,06-MAY-2024,
OPTSTK,IDFC,30-May-2024,103.0,PE,0.0,0.0,0.0,2.75,0.3,0,0.0,0,0,06-MAY-2024,
OPTSTK,IDFC,30-May-2024,104.0,PE,0.0,0.0,0.0,2.9,0.35,0,0.0,0,0,06-MAY-2024,
OPTSTK,IDFC,30-May-2024,105.0,PE,0.4,0.5,0.4,0.5,0.5,42,221.45,210000,-55000,06-MAY-2024,
OPTSTK,IDFC,30-May-2024,106.0,PE,0.0,0.0,0.0,3.45,0.55,0,0.0,0,0,06-MAY-2024,
OPTSTK,IDFC,30-May-2024,107.0,PE,0.0,0.0,0.0,4.15,0.7,0,0.0,0,0,06-MAY-2024,
OPTSTK,IDFC,30-May-2024,108.0,PE,0.0,0.0,0.0,4.05,0.85,0,0.0,0,0,06-MAY-2024,
OPTSTK,IDFC,30-May-2024,109.0,PE,0.8,0.85,0.7,0.75,1.0,18,98.78,90000,80000,06-MAY-2024,
OPTSTK,IDFC,30-May-2024,110.0,PE,0.85,1.05,0.8,1.0,1.0,247,1370.12,2405000,-150000,06-MAY-2024,
OPTSTK,IDFC,30-May-2024,111.0,PE,1.2,1.2,1.0,1.0,1.45,3,16.81,95000,0,06-MAY-2024,
OPTSTK,IDFC,30-May-2024,112.0,PE,1.15,1.4,1.1,1.4,1.7,16,90.61,395000,45000,06-MAY-2024,
OPTSTK,IDFC,30-May-2024,113.0,PE,1.35,1.45,1.3,1.45,2.0,4,22.87,260000,5000,06-MAY-2024,
OPTSTK,IDFC,30-May-2024,114.0,PE,1.6,1.95,1.6,1.9,1.9,73,422.65,415000,260000,06-MAY-2024,
OPTSTK,IDFC,30-May-2024,115.0,PE,1.75,2.4,1.65,2.25,2.25,456,2669.62,4135000,795000,06-MAY-2024,
OPTSTK,IDFC,30-May-2024,116.0,PE,2.05,2.7,2.05,2.55,2.55,33,195.29,115000,90000,06-MAY-2024,
OPTSTK,IDFC,30-May-2024,117.0,PE,2.45,3.0,2.4,2.95,2.95,108,646.51,340000,165000,06-MAY-2024,
OPTSTK,IDFC,30-May-2024,118.0,PE,2.8,3.45,2.6,3.45,3.45,90,545.18,460000,175000,06-MAY-2024,
OPTSTK,IDFC,30-May-2024,119.0,PE,3.2,3.8,3.05,3.7,4.5,64,391.98,650000,245000,06-MAY-2024,
OPTSTK,IDFC,30-May-2024,120.0,PE,3.55,4.5,3.35,4.35,4.35,401,2487.03,3370000,350000,06-MAY-2024,
OPTSTK,IDFC,30-May-2024,121.0,PE,4.3,5.1,4.05,4.95,4.95,62,389.35,445000,250000,06-MAY-2024,
OPTSTK,IDFC,30-May-2024,122.0,PE,4.6,5.7,4.6,5.65,5.65,30,190.74,195000,0,06-MAY-2024,
OPTSTK,IDFC,30-May-2024,123.0,PE,5.35,6.15,5.35,5.95,6.9,10,64.46,185000,-40000,06-MAY-2024,
OPTSTK,IDFC,30-May-2024,124.0,PE,6.05,7.1,6.05,7.1,7.1,28,183.08,120000,-105000,06-MAY-2024,
OPTSTK,IDFC,30-May-2024,125.0,PE,6.6,8.0,6.4,7.8,7.8,103,681.75,1340000,25000,06-MAY-2024,
OPTSTK,IDFC,30-May-2024,126.0,PE,8.05,8.5,7.75,8.5,9.0,27,181.25,145000,105000,06-MAY-2024,
OPTSTK,IDFC,30-May-2024,127.0,PE,9.0,9.25,8.55,8.55,9.8,20,136.0,250000,85000,06-MAY-2024,
OPTSTK,IDFC,30-May-2024,128.0,PE,0.0,0.0,0.0,6.85,10.6,0,0.0,80000,0,06-MAY-2024,
OPTSTK,IDFC,30-May-2024,129.0,PE,0.0,0.0,0.0,8.1,11.4,0,0.0,20000,0,06-MAY-2024,
OPTSTK,IDFC,30-May-2024,130.0,PE,0.0,0.0,0.0,10.95,12.25,0,0.0,625000,0,06-MAY-2024,
OPTSTK,IDFC,30-May-2024,131.0,PE,0.0,0.0,0.0,10.6,13.1,0,0.0,0,0,06-MAY-2024,
OPTSTK,IDFC,30-May-2024,132.0,PE,13.4,13.4,13.4,13.4,13.95,1,7.27,5000,5000,06-MAY-2024,
OPTSTK,IDFC,30-May-2024,133.0,PE,0.0,0.0,0.0,12.7,14.85,0,0.0,15000,0,06-MAY-2024,
OPTSTK,IDFC,30-May-2024,134.0,PE,15.2,15.2,15.2,15.2,15.75,1,7.46,25000,0,06-MAY-2024,
OPTSTK,IDFC,30-May-2024,135.0,PE,0.0,0.0,0.0,13.35,16.65,0,0.0,50000,0,06-MAY-2024,
OPTSTK,IDFC,30-May-2024,136.0,PE,0.0,0.0,0.0,14.6,17.6,0,0.0,10000,0,06-MAY-2024,
OPTSTK,IDFC,30-May-2024,137.0,PE,0.0,0.0,0.0,15.0,18.55,0,0.0,0,0,06-MAY-2024,
OPTSTK,IDFC,30-May-2024,138.0,PE,0.0,0.0,0.0,17.6,19.5,0,0.0,10000,0,06-MAY-2024,
OPTSTK,IDFC,30-May-2024,140.0,PE,0.0,0.0,0.0,13.25,21.4,0,0.0,115000,0,06-MAY-2024,
OPTSTK,IDFC,30-May-2024,142.0,PE,0.0,0.0,0.0,25.1,23.35,0,0.0,0,0,06-MAY-2024,
OPTSTK,IDFC,30-May-2024,144.0,PE,0.0,0.0,0.0,26.8,25.3,0,0.0,0,0,06-MAY-2024,
OPTSTK,IDFC,27-Jun-2024,102.0,CE,0.0,0.0,0.0,13.9,18.1,0,0.0,0,0,06-MAY-2024,
OPTSTK,IDFC,27-Jun-2024,103.0,CE,0.0,0.0,0.0,23.35,17.25,0,0.0,0,0,06-MAY-2024,
OPTSTK,IDFC,27-Jun-2024,104.0,CE,0.0,0.0,0.0,12.6,16.45,0,0.0,0,0,06-MAY-2024,
OPTSTK,IDFC,27-Jun-2024,105.0,CE,0.0,0.0,0.0,21.6,15.6,0,0.0,0,0,06-MAY-2024,
OPTSTK,IDFC,27-Jun-2024,106.0,CE,0.0,0.0,0.0,11.35,14.8,0,0.0,0,0,06-MAY-2024,
OPTSTK,IDFC,27-Jun-2024,107.0,CE,0.0,0.0,0.0,19.85,14.05,0,0.0,0,0,06-MAY-2024,
OPTSTK,IDFC,27-Jun-2024,108.0,CE,0.0,0.0,0.0,10.25,13.3,0,0.0,0,0,06-MAY-2024,
OPTSTK,IDFC,27-Jun-2024,109.0,CE,0.0,0.0,0.0,18.25,12.55,0,0.0,0,0,06-MAY-2024,
OPTSTK,IDFC,27-Jun-2024,110.0,CE,0.0,0.0,0.0,9.15,11.85,0,0.0,0,0,06-MAY-2024,
OPTSTK,IDFC,27-Jun-2024,111.0,CE,0.0,0.0,0.0,16.65,11.15,0,0.0,0,0,06-MAY-2024,
OPTSTK,IDFC,27-Jun-2024,112.0,CE,0.0,0.0,0.0,8.2,10.5,0,0.0,0,0,06-MAY-2024,
OPTSTK,IDFC,27-Jun-2024,113.0,CE,0.0,0.0,0.0,15.15,9.85,0,0.0,0,0,06-MAY-2024,
OPTSTK,IDFC,27-Jun-2024,114.0,CE,0.0,0.0,0.0,7.3,9.25,0,0.0,0,0,06-MAY-2024,
OPTSTK,IDFC,27-Jun-2024,115.0,CE,0.0,0.0,0.0,13.7,8.65,0,0.0,0,0,06-MAY-2024,
OPTSTK,IDFC,27-Jun-2024,116.0,CE,0.0,0.0,0.0,6.45,8.1,0,0.0,0,0,06-MAY-2024,
OPTSTK,IDFC,27-Jun-2024,117.0,CE,0.0,0.0,0.0,12.35,7.55,0,0.0,0,0,06-MAY-2024,
OPTSTK,IDFC,27-Jun-2024,118.0,CE,0.0,0.0,0.0,5.7,7.05,0,0.0,0,0,06-MAY-2024,
OPTSTK,IDFC,27-Jun-2024,119.0,CE,0.0,0.0,0.0,11.1,6.55,0,0.0,0,0,06-MAY-2024,
OPTSTK,IDFC,27-Jun-2024,120.0,CE,7.0,7.25,6.7,7.05,7.05,6,38.11,35000,30000,06-MAY-2024,
OPTSTK,IDFC,27-Jun-2024,121.0,CE,5.8,5.8,5.8,5.8,5.65,1,6.34,0,-5000,06-MAY-2024,
OPTSTK,IDFC,27-Jun-2024,122.0,CE,0.0,0.0,0.0,4.4,5.25,0,0.0,0,0,06-MAY-2024,
OPTSTK,IDFC,27-Jun-2024,123.0,CE,0.0,0.0,0.0,8.8,4.85,0,0.0,0,0,06-MAY-2024,
OPTSTK,IDFC,27-Jun-2024,124.0,CE,0.0,0.0,0.0,3.85,4.45,0,0.0,0,0,06-MAY-2024,
OPTSTK,IDFC,27-Jun-2024,125.0,CE,0.0,0.0,0.0,7.8,4.1,0,0.0,0,0,06-MAY-2024,
OPTSTK,IDFC,27-Jun-2024,126.0,CE,0.0,0.0,0.0,3.4,3.8,0,0.0,0,0,06-MAY-2024,
OPTSTK,IDFC,27-Jun-2024,127.0,CE,0.0,0.0,0.0,6.85,3.5,0,0.0,0,0,06-MAY-2024,
OPTSTK,IDFC,27-Jun-2024,128.0,CE,0.0,0.0,0.0,2.95,3.2,0,0.0,0,0,06-MAY-2024,
OPTSTK,IDFC,27-Jun-2024,129.0,CE,0.0,0.0,0.0,6.0,2.95,0,0.0,0,0,06-MAY-2024,
OPTSTK,IDFC,27-Jun-2024,130.0,CE,0.0,0.0,0.0,3.3,2.7,0,0.0,0,0,06-MAY-2024,
OPTSTK,IDFC,27-Jun-2024,131.0,CE,0.0,0.0,0.0,5.25,2.45,0,0.0,0,0,06-MAY-2024,
OPTSTK,IDFC,27-Jun-2024,132.0,CE,0.0,0.0,0.0,2.2,2.25,0,0.0,0,0,06-MAY-2024,
OPTSTK,IDFC,27-Jun-2024,133.0,CE,0.0,0.0,0.0,4.55,2.05,0,0.0,0,0,06-MAY-2024,
OPTSTK,IDFC,27-Jun-2024,134.0,CE,0.0,0.0,0.0,1.5,1.85,0,0.0,5000,0,06-MAY-2024,
OPTSTK,IDFC,27-Jun-2024,135.0,CE,0.0,0.0,0.0,3.95,1.7,0,0.0,0,0,06-MAY-2024,
OPTSTK,IDFC,27-Jun-2024,136.0,CE,0.0,0.0,0.0,1.65,1.55,0,0.0,0,0,06-MAY-2024,
OPTSTK,IDFC,27-Jun-2024,137.0,CE,0.0,0.0,0.0,3.4,1.4,0,0.0,0,0,06-MAY-2024,
OPTSTK,IDFC,27-Jun-2024,138.0,CE,0.0,0.0,0.0,1.4,1.25,0,0.0,0,0,06-MAY-2024,
OPTSTK,IDFC,27-Jun-2024,140.0,CE,0.0,0.0,0.0,1.2,1.05,0,0.0,0,0,06-MAY-2024,
OPTSTK,IDFC,27-Jun-2024,142.0,CE,0.0,0.0,0.0,1.05,0.85,0,0.0,0,0,06-MAY-2024,
OPTSTK,IDFC,27-Jun-2024,144.0,CE,0.0,0.0,0.0,0.9,0.7,0,0.0,0,0,06-MAY-2024,
OPTSTK,IDFC,27-Jun-2024,102.0,PE,0.0,0.0,0.0,3.35,0.9,0,0.0,0,0,06-MAY-2024,
OPTSTK,IDFC,27-Jun-2024,103.0,PE,0.0,0.0,0.0,0.7,1.05,0,0.0,0,0,06-MAY-2024,
OPTSTK,IDFC,27-Jun-2024,104.0,PE,2.6,3.9,1.35,1.35,1.35,12,63.64,205000,5000,06-MAY-2024,
OPTSTK,IDFC,27-Jun-2024,105.0,PE,0.0,0.0,0.0,0.9,1.4,0,0.0,0,0,06-MAY-2024,
OPTSTK,IDFC,27-Jun-2024,106.0,PE,0.0,0.0,0.0,4.8,1.6,0,0.0,0,0,06-MAY-2024,
OPTSTK,IDFC,27-Jun-2024,107.0,PE,0.0,0.0,0.0,1.2,1.8,0,0.0,0,0,06-MAY-2024,
OPTSTK,IDFC,27-Jun-2024,108.0,PE,0.0,0.0,0.0,5.6,2.05,0,0.0,0,0,06-MAY-2024,
OPTSTK,IDFC,27-Jun-2024,109.0,PE,0.0,0.0,0.0,1.5,2.3,0,0.0,0,0,06-MAY-2024,
OPTSTK,IDFC,27-Jun-2024,110.0,PE,2.2,2.5,2.2,2.5,2.55,2,11.23,10000,10000,06-MAY-2024,
OPTSTK,IDFC,27-Jun-2024,111.0,PE,0.0,0.0,0.0,1.9,2.85,0,0.0,0,0,06-MAY-2024,
OPTSTK,IDFC,27-Jun-2024,112.0,PE,0.0,0.0,0.0,7.5,3.2,0,0.0,0,0,06-MAY-2024,
OPTSTK,IDFC,27-Jun-2024,113.0,PE,0.0,0.0,0.0,2.4,3.55,0,0.0,0,0,06-MAY-2024,
OPTSTK,IDFC,27-Jun-2024,114.0,PE,0.0,0.0,0.0,8.55,3.95,0,0.0,0,0,06-MAY-2024,
OPTSTK,IDFC,27-Jun-2024,115.0,PE,4.3,4.3,4.3,4.3,4.35,1,5.96,5000,5000,06-MAY-2024,
OPTSTK,IDFC,27-Jun-2024,116.0,PE,0.0,0.0,0.0,9.7,4.75,0,0.0,0,0,06-MAY-2024,
OPTSTK,IDFC,27-Jun-2024,117.0,PE,0.0,0.0,0.0,3.55,5.2,0,0.0,0,0,06-MAY-2024,
OPTSTK,IDFC,27-Jun-2024,118.0,PE,0.0,0.0,0.0,10.9,5.7,0,0.0,0,0,06-MAY-2024,
OPTSTK,IDFC,27-Jun-2024,119.0,PE,0.0,0.0,0.0,4.25,6.2,0,0.0,0,0,06-MAY-2024,
OPTSTK,IDFC,27-Jun-2024,120.0,PE,0.0,0.0,0.0,5.4,6.7,0,0.0,10000,0,06-MAY-2024,
OPTSTK,IDFC,27-Jun-2024,121.0,PE,0.0,0.0,0.0,5.05,7.25,0,0.0,0,0,06-MAY-2024,
OPTSTK,IDFC,27-Jun-2024,122.0,PE,0.0,0.0,0.0,13.55,7.8,0,0.0,0,0,06-MAY-2024,
OPTSTK,IDFC,27-Jun-2024,123.0,PE,0.0,0.0,0.0,5.9,8.4,0,0.0,0,0,06-MAY-2024,
OPTSTK,IDFC,27-Jun-2024,124.0,PE,0.0,0.0,0.0,14.95,9.05,0,0.0,0,0,06-MAY-2024,
OPTSTK,IDFC,27-Jun-2024,125.0,PE,0.0,0.0,0.0,6.9,9.7,0,0.0,0,0,06-MAY-2024,
OPTSTK,IDFC,27-Jun-2024,126.0,PE,0.0,0.0,0.0,16.45,10.35,0,0.0,0,0,06-MAY-2024,
OPTSTK,IDFC,27-Jun-2024,127.0,PE,0.0,0.0,0.0,7.9,11.0,0,0.0,0,0,06-MAY-2024,
OPTSTK,IDFC,27-Jun-2024,128.0,PE,0.0,0.0,0.0,17.95,11.75,0,0.0,0,0,06-MAY-2024,
OPTSTK,IDFC,27-Jun-2024,129.0,PE,0.0,0.0,0.0,9.05,12.45,0,0.0,0,0,06-MAY-2024,
OPTSTK,IDFC,27-Jun-2024,130.0,PE,0.0,0.0,0.0,19.5,13.2,0,0.0,0,0,06-MAY-2024,
OPTSTK,IDFC,27-Jun-2024,131.0,PE,0.0,0.0,0.0,10.25,13.95,0,0.0,0,0,06-MAY-2024,
OPTSTK,IDFC,27-Jun-2024,132.0,PE,0.0,0.0,0.0,21.15,14.75,0,0.0,0,0,06-MAY-2024,
OPTSTK,IDFC,27-Jun-2024,133.0,PE,0.0,0.0,0.0,11.55,15.5,0,0.0,0,0,06-MAY-2024,
OPTSTK,IDFC,27-Jun-2024,134.0,PE,0.0,0.0,0.0,22.8,16.35,0,0.0,0,0,06-MAY-2024,
OPTSTK,IDFC,27-Jun-2024,135.0,PE,0.0,0.0,0.0,12.9,17.15,0,0.0,0,0,06-MAY-2024,
OPTSTK,IDFC,27-Jun-2024,136.0,PE,0.0,0.0,0.0,24.5,18.0,0,0.0,0,0,06-MAY-2024,
OPTSTK,IDFC,27-Jun-2024,137.0,PE,0.0,0.0,0.0,14.35,18.85,0,0.0,0,0,06-MAY-2024,
OPTSTK,IDFC,27-Jun-2024,138.0,PE,0.0,0.0,0.0,26.25,19.7,0,0.0,0,0,06-MAY-2024,
OPTSTK,IDFC,27-Jun-2024,140.0,PE,0.0,0.0,0.0,28.0,21.45,0,0.0,0,0,06-MAY-2024,
OPTSTK,IDFC,27-Jun-2024,142.0,PE,0.0,0.0,0.0,29.8,23.2,0,0.0,0,0,06-MAY-2024,
OPTSTK,IDFC,27-Jun-2024,144.0,PE,0.0,0.0,0.0,31.6,25.05,0,0.0,0,0,06-MAY-2024,
OPTSTK,IDFC,25-Jul-2024,102.0,CE,0.0,0.0,0.0,25.3,19.4,0,0.0,0,0,06-MAY-2024,
OPTSTK,IDFC,25-Jul-2024,104.0,CE,0.0,0.0,0.0,23.6,17.8,0,0.0,0,0,06-MAY-2024,
OPTSTK,IDFC,25-Jul-2024,106.0,CE,0.0,0.0,0.0,21.95,16.3,0,0.0,0,0,06-MAY-2024,
OPTSTK,IDFC,25-Jul-2024,108.0,CE,0.0,0.0,0.0,20.4,14.9,0,0.0,0,0,06-MAY-2024,
OPTSTK,IDFC,25-Jul-2024,110.0,CE,0.0,0.0,0.0,18.85,13.5,0,0.0,0,0,06-MAY-2024,
OPTSTK,IDFC,25-Jul-2024,112.0,CE,0.0,0.0,0.0,17.4,12.25,0,0.0,0,0,06-MAY-2024,
OPTSTK,IDFC,25-Jul-2024,114.0,CE,0.0,0.0,0.0,16.0,11.05,0,0.0,0,0,06-MAY-2024,
OPTSTK,IDFC,25-Jul-2024,116.0,CE,0.0,0.0,0.0,14.7,9.9,0,0.0,0,0,06-MAY-2024,
OPTSTK,IDFC,25-Jul-2024,118.0,CE,0.0,0.0,0.0,13.45,8.9,0,0.0,0,0,06-MAY-2024,
OPTSTK,IDFC,25-Jul-2024,120.0,CE,0.0,0.0,0.0,12.25,7.9,0,0.0,0,0,06-MAY-2024,
OPTSTK,IDFC,25-Jul-2024,122.0,CE,0.0,0.0,0.0,11.15,7.05,0,0.0,0,0,06-MAY-2024,
OPTSTK,IDFC,25-Jul-2024,124.0,CE,0.0,0.0,0.0,10.1,6.25,0,0.0,0,0,06-MAY-2024,
OPTSTK,IDFC,25-Jul-2024,126.0,CE,0.0,0.0,0.0,9.1,5.5,0,0.0,0,0,06-MAY-2024,
OPTSTK,IDFC,25-Jul-2024,128.0,CE,0.0,0.0,0.0,8.2,4.85,0,0.0,0,0,06-MAY-2024,
OPTSTK,IDFC,25-Jul-2024,130.0,CE,0.0,0.0,0.0,7.4,4.25,0,0.0,0,0,06-MAY-2024,
OPTSTK,IDFC,25-Jul-2024,132.0,CE,0.0,0.0,0.0,6.65,3.7,0,0.0,0,0,06-MAY-2024,
OPTSTK,IDFC,25-Jul-2024,134.0,CE,0.0,0.0,0.0,5.9,3.25,0,0.0,0,0,06-MAY-2024,
OPTSTK,IDFC,25-Jul-2024,136.0,CE,0.0,0.0,0.0,5.3,2.8,0,0.0,0,0,06-MAY-2024,
OPTSTK,IDFC,25-Jul-2024,138.0,CE,0.0,0.0,0.0,4.7,2.4,0,0.0,0,0,06-MAY-2024,
OPTSTK,IDFC,25-Jul-2024,140.0,CE,0.0,0.0,0.0,4.15,2.1,0,0.0,0,0,06-MAY-2024,
OPTSTK,IDFC,25-Jul-2024,144.0,CE,0.0,0.0,0.0,3.25,1.55,0,0.0,0,0,06-MAY-2024,
OPTSTK,IDFC,25-Jul-2024,102.0,PE,0.0,0.0,0.0,1.1,1.6,0,0.0,0,0,06-MAY-2024,
OPTSTK,IDFC,25-Jul-2024,104.0,PE,0.0,0.0,0.0,1.4,2.0,0,0.0,0,0,06-MAY-2024,
OPTSTK,IDFC,25-Jul-2024,106.0,PE,0.0,0.0,0.0,1.7,2.5,0,0.0,0,0,06-MAY-2024,
OPTSTK,IDFC,25-Jul-2024,108.0,PE,0.0,0.0,0.0,2.1,3.0,0,0.0,0,0,06-MAY-2024,
OPTSTK,IDFC,25-Jul-2024,110.0,PE,0.0,0.0,0.0,2.55,3.65,0,0.0,0,0,06-MAY-2024,
OPTSTK,IDFC,25-Jul-2024,112.0,PE,0.0,0.0,0.0,3.05,4.3,0,0.0,0,0,06-MAY-2024,
OPTSTK,IDFC,25-Jul-2024,114.0,PE,0.0,0.0,0.0,3.6,5.1,0,0.0,0,0,06-MAY-2024,
OPTSTK,IDFC,25-Jul-2024,116.0,PE,0.0,0.0,0.0,4.25,5.95,0,0.0,0,0,06-MAY-2024,
OPTSTK,IDFC,25-Jul-2024,118.0,PE,0.0,0.0,0.0,4.95,6.85,0,0.0,0,0,06-MAY-2024,
OPTSTK,IDFC,25-Jul-2024,120.0,PE,0.0,0.0,0.0,5.75,7.85,0,0.0,0,0,06-MAY-2024,
OPTSTK,IDFC,25-Jul-2024,122.0,PE,0.0,0.0,0.0,6.6,8.95,0,0.0,0,0,06-MAY-2024,
OPTSTK,IDFC,25-Jul-2024,124.0,PE,0.0,0.0,0.0,7.5,10.1,0,0.0,0,0,06-MAY-2024,
OPTSTK,IDFC,25-Jul-2024,126.0,PE,0.0,0.0,0.0,8.5,11.35,0,0.0,0,0,06-MAY-2024,
OPTSTK,IDFC,25-Jul-2024,128.0,PE,0.0,0.0,0.0,9.55,12.65,0,0.0,0,0,06-MAY-2024,
OPTSTK,IDFC,25-Jul-2024,130.0,PE,0.0,0.0,0.0,10.7,14.05,0,0.0,0,0,06-MAY-2024,
OPTSTK,IDFC,25-Jul-2024,132.0,PE,0.0,0.0,0.0,11.9,15.45,0,0.0,0,0,06-MAY-2024,
OPTSTK,IDFC,25-Jul-2024,134.0,PE,0.0,0.0,0.0,13.15,16.95,0,0.0,0,0,06-MAY-2024,
OPTSTK,IDFC,25-Jul-2024,136.0,PE,0.0,0.0,0.0,14.45,18.5,0,0.0,0,0,06-MAY-2024,
OPTSTK,IDFC,25-Jul-2024,138.0,PE,0.0,0.0,0.0,15.85,20.1,0,0.0,0,0,06-MAY-2024,
OPTSTK,IDFC,25-Jul-2024,140.0,PE,0.0,0.0,0.0,17.3,21.75,0,0.0,0,0,06-MAY-2024,
OPTSTK,IDFC,25-Jul-2024,144.0,PE,0.0,0.0,0.0,20.3,25.1,0,0.0,0,0,06-MAY-2024,
OPTSTK,IDFCFIRSTB,30-May-2024,68.0,CE,0.0,0.0,0.0,15.3,12.45,0,0.0,0,0,06-MAY-2024,
OPTSTK,IDFCFIRSTB,30-May-2024,69.0,CE,0.0,0.0,0.0,8.75,11.5,0,0.0,0,0,06-MAY-2024,
OPTSTK,IDFCFIRSTB,30-May-2024,70.0,CE,0.0,0.0,0.0,12.5,10.55,0,0.0,15000,0,06-MAY-2024,
OPTSTK,IDFCFIRSTB,30-May-2024,71.0,CE,0.0,0.0,0.0,11.9,9.65,0,0.0,0,0,06-MAY-2024,
OPTSTK,IDFCFIRSTB,30-May-2024,72.0,CE,0.0,0.0,0.0,12.2,8.75,0,0.0,0,0,06-MAY-2024,
OPTSTK,IDFCFIRSTB,30-May-2024,73.0,CE,0.0,0.0,0.0,6.1,7.9,0,0.0,0,0,06-MAY-2024,
OPTSTK,IDFCFIRSTB,30-May-2024,74.0,CE,7.35,7.75,6.95,7.0,7.0,21,128.2,150000,97500,06-MAY-2024,
OPTSTK,IDFCFIRSTB,30-May-2024,75.0,CE,6.95,7.05,6.0,6.05,6.05,55,336.19,847500,22500,06-MAY-2024,
OPTSTK,IDFCFIRSTB,30-May-2024,76.0,CE,5.95,5.95,5.95,5.95,5.55,1,6.14,240000,7500,06-MAY-2024,
OPTSTK,IDFCFIRSTB,30-May-2024,77.0,CE,5.5,5.5,4.5,4.6,4.6,29,178.02,225000,37500,06-MAY-2024,
OPTSTK,IDFCFIRSTB,30-May-2024,78.0,CE,4.65,4.65,3.75,3.8,3.8,151,931.12,457500,292500,06-MAY-2024,
OPTSTK,IDFCFIRSTB,30-May-2024,79.0,CE,4.0,4.05,3.2,3.25,3.25,223,1382.86,607500,157500,06-MAY-2024,
OPTSTK,IDFCFIRSTB,30-May-2024,80.0,CE,3.4,3.4,2.65,2.75,2.75,2271,14134.14,14475000,607500,06-MAY-2024,
OPTSTK,IDFCFIRSTB,30-May-2024,81.0,CE,2.8,2.85,2.2,2.3,2.3,1562,9778.27,4387500,1365000,06-MAY-2024,
OPTSTK,IDFCFIRSTB,30-May-2024,82.0,CE,2.3,2.4,1.75,1.85,1.85,2210,13924.87,14722500,1365000,06-MAY-2024,
OPTSTK,IDFCFIRSTB,30-May-2024,83.0,CE,2.0,2.0,1.45,1.55,1.55,1778,11292.87,9075000,1200000,06-MAY-2024,
OPTSTK,IDFCFIRSTB,30-May-2024,84.0,CE,1.6,1.65,1.2,1.25,1.25,919,5885.06,11490000,-105000,06-MAY-2024,
OPTSTK,IDFCFIRSTB,30-May-2024,85.0,CE,1.45,1.45,1.0,1.05,1.05,10085,65177.29,37620000,3150000,06-MAY-2024,
OPTSTK,IDFCFIRSTB,30-May-2024,86.0,CE,1.2,1.2,0.85,0.9,0.9,754,4917.5,6270000,337500,06-MAY-2024,
OPTSTK,IDFCFIRSTB,30-May-2024,87.0,CE,0.95,1.0,0.7,0.7,0.7,371,2443.16,5100000,105000,06-MAY-2024,
OPTSTK,IDFCFIRSTB,30-May-2024,88.0,CE,0.8,0.8,0.6,0.65,0.65,437,2906.5,10132500,315000,06-MAY-2024,
OPTSTK,IDFCFIRSTB,30-May-2024,89.0,CE,0.7,0.7,0.5,0.55,0.55,303,2035.21,3532500,607500,06-MAY-2024,
OPTSTK,IDFCFIRSTB,30-May-2024,90.0,CE,0.6,0.6,0.4,0.45,0.45,12592,85460.07,46680000,2707500,06-MAY-2024,
OPTSTK,IDFCFIRSTB,30-May-2024,91.0,CE,0.5,0.55,0.35,0.4,0.4,175,1200.06,3067500,-142500,06-MAY-2024,
OPTSTK,IDFCFIRSTB,30-May-2024,92.0,CE,0.4,0.4,0.3,0.3,0.3,437,3026.14,8032500,142500,06-MAY-2024,
OPTSTK,IDFCFIRSTB,30-May-2024,93.0,CE,0.4,0.4,0.25,0.25,0.25,273,1910.48,2677500,-157500,06-MAY-2024,
OPTSTK,IDFCFIRSTB,30-May-2024,94.0,CE,0.3,0.3,0.2,0.25,0.25,459,3244.69,7942500,-427500,06-MAY-2024,
OPTSTK,IDFCFIRSTB,30-May-2024,96.0,CE,0.2,0.25,0.15,0.2,0.2,699,5042.95,13320000,-247500,06-MAY-2024,
OPTSTK,IDFCFIRSTB,30-May-2024,64.0,PE,0.05,0.05,0.05,0.05,0.05,1,4.8,97500,-7500,06-MAY-2024,
OPTSTK,IDFCFIRSTB,30-May-2024,68.0,PE,0.1,0.15,0.1,0.15,0.15,11,56.22,615000,0,06-MAY-2024,
OPTSTK,IDFCFIRSTB,30-May-2024,69.0,PE,0.15,0.15,0.15,0.15,0.15,1,5.18,7500,0,06-MAY-2024,
OPTSTK,IDFCFIRSTB,30-May-2024,70.0,PE,0.15,0.2,0.15,0.15,0.15,383,2015.14,4710000,-360000,06-MAY-2024,
OPTSTK,IDFCFIRSTB,30-May-2024,71.0,PE,0.2,0.2,0.15,0.15,0.15,10,53.39,592500,-15000,06-MAY-2024,
OPTSTK,IDFCFIRSTB,30-May-2024,72.0,PE,0.2,0.25,0.2,0.25,0.25,108,584.94,1770000,135000,06-MAY-2024,
OPTSTK,IDFCFIRSTB,30-May-2024,73.0,PE,0.25,0.3,0.2,0.3,0.3,150,824.48,1005000,367500,06-MAY-2024,
OPTSTK,IDFCFIRSTB,30-May-2024,74.0,PE,0.45,0.45,0.3,0.4,0.4,196,1093.06,2737500,337500,06-MAY-2024,
OPTSTK,IDFCFIRSTB,30-May-2024,75.0,PE,0.45,0.6,0.4,0.6,0.6,1126,6374.5,13650000,1162500,06-MAY-2024,
OPTSTK,IDFCFIRSTB,30-May-2024,76.0,PE,0.7,0.75,0.5,0.7,0.7,304,1746.67,5295000,727500,06-MAY-2024,
OPTSTK,IDFCFIRSTB,30-May-2024,77.0,PE,0.75,1.0,0.7,1.0,1.0,156,910.53,3195000,225000,06-MAY-2024,
OPTSTK,IDFCFIRSTB,30-May-2024,78.0,PE,1.05,1.3,0.95,1.3,1.3,773,4584.82,9622500,217500,06-MAY-2024,
OPTSTK,IDFCFIRSTB,30-May-2024,79.0,PE,1.3,1.7,1.25,1.7,1.7,579,3492.88,2385000,345000,06-MAY-2024,
OPTSTK,IDFCFIRSTB,30-May-2024,80.0,PE,1.7,2.15,1.65,2.1,2.1,2028,12448.5,21195000,382500,06-MAY-2024,
OPTSTK,IDFCFIRSTB,30-May-2024,81.0,PE,2.1,2.7,2.05,2.65,2.65,1092,6822.12,2850000,-52500,06-MAY-2024,
OPTSTK,IDFCFIRSTB,30-May-2024,82.0,PE,2.55,3.25,2.5,3.2,3.2,458,2914.13,10492500,247500,06-MAY-2024,
OPTSTK,IDFCFIRSTB,30-May-2024,83.0,PE,3.2,3.95,3.15,3.9,3.9,201,1304.55,4155000,-112500,06-MAY-2024,
OPTSTK,IDFCFIRSTB,30-May-2024,84.0,PE,3.85,4.65,3.8,4.65,4.65,173,1143.73,3217500,-172500,06-MAY-2024,
OPTSTK,IDFCFIRSTB,30-May-2024,85.0,PE,4.6,5.45,4.55,5.45,5.45,441,2974.84,9067500,-300000,06-MAY-2024,
OPTSTK,IDFCFIRSTB,30-May-2024,86.0,PE,5.4,6.25,5.35,6.25,6.25,58,399.2,1927500,-37500,06-MAY-2024,
OPTSTK,IDFCFIRSTB,30-May-2024,87.0,PE,6.15,7.05,6.1,7.05,7.35,34,238.45,1035000,-45000,06-MAY-2024,
OPTSTK,IDFCFIRSTB,30-May-2024,88.0,PE,7.0,7.8,7.0,7.6,8.2,60,429.46,1005000,22500,06-MAY-2024,
OPTSTK,IDFCFIRSTB,30-May-2024,89.0,PE,0.0,0.0,0.0,7.9,9.05,0,0.0,562500,0,06-MAY-2024,
OPTSTK,IDFCFIRSTB,30-May-2024,90.0,PE,8.8,9.7,8.8,9.7,9.7,21,156.73,4867500,-37500,06-MAY-2024,
OPTSTK,IDFCFIRSTB,30-May-2024,91.0,PE,0.0,0.0,0.0,9.9,10.85,0,0.0,247500,0,06-MAY-2024,
OPTSTK,IDFCFIRSTB,30-May-2024,92.0,PE,10.55,11.1,10.55,11.1,11.75,11,84.79,352500,-52500,06-MAY-2024,
OPTSTK,IDFCFIRSTB,30-May-2024,93.0,PE,0.0,0.0,0.0,7.8,12.7,0,0.0,22500,0,06-MAY-2024,
OPTSTK,IDFCFIRSTB,30-May-2024,94.0,PE,0.0,0.0,0.0,11.65,13.65,0,0.0,352500,0,06-MAY-2024,
OPTSTK,IDFCFIRSTB,30-May-2024,96.0,PE,0.0,0.0,0.0,13.1,15.6,0,0.0,495000,0,06-MAY-2024,
OPTSTK,IDFCFIRSTB,27-Jun-2024,68.0,CE,0.0,0.0,0.0,10.4,13.2,0,0.0,0,0,06-MAY-2024,
OPTSTK,IDFCFIRSTB,27-Jun-2024,69.0,CE,0.0,0.0,0.0,15.7,12.35,0,0.0,0,0,06-MAY-2024,
OPTSTK,IDFCFIRSTB,27-Jun-2024,70.0,CE,0.0,0.0,0.0,9.05,11.5,0,0.0,0,0,06-MAY-2024,
OPTSTK,IDFCFIRSTB,27-Jun-2024,71.0,CE,0.0,0.0,0.0,13.95,10.65,0,0.0,0,0,06-MAY-2024,
OPTSTK,IDFCFIRSTB,27-Jun-2024,72.0,CE,0.0,0.0,0.0,7.75,9.85,0,0.0,0,0,06-MAY-2024,
OPTSTK,IDFCFIRSTB,27-Jun-2024,73.0,CE,0.0,0.0,0.0,12.3,9.1,0,0.0,0,0,06-MAY-2024,
OPTSTK,IDFCFIRSTB,27-Jun-2024,74.0,CE,0.0,0.0,0.0,6.65,8.35,0,0.0,0,0,06-MAY-2024,
OPTSTK,IDFCFIRSTB,27-Jun-2024,75.0,CE,0.0,0.0,0.0,10.7,7.65,0,0.0,0,0,06-MAY-2024,
OPTSTK,IDFCFIRSTB,27-Jun-2024,76.0,CE,0.0,0.0,0.0,5.6,7.0,0,0.0,0,0,06-MAY-2024,
OPTSTK,IDFCFIRSTB,27-Jun-2024,77.0,CE,0.0,0.0,0.0,9.25,6.35,0,0.0,0,0,06-MAY-2024,
OPTSTK,IDFCFIRSTB,27-Jun-2024,78.0,CE,0.0,0.0,0.0,4.7,5.75,0,0.0,0,0,06-MAY-2024,
OPTSTK,IDFCFIRSTB,27-Jun-2024,79.0,CE,0.0,0.0,0.0,5.95,5.2,0,0.0,0,0,06-MAY-2024,
OPTSTK,IDFCFIRSTB,27-Jun-2024,80.0,CE,5.5,5.6,4.9,5.1,5.1,223,1424.24,2850000,1312500,06-MAY-2024,
OPTSTK,IDFCFIRSTB,27-Jun-2024,81.0,CE,4.8,4.8,4.8,4.8,4.2,1,6.43,15000,7500,06-MAY-2024,
OPTSTK,IDFCFIRSTB,27-Jun-2024,82.0,CE,0.0,0.0,0.0,3.25,3.75,0,0.0,0,0,06-MAY-2024,
OPTSTK,IDFCFIRSTB,27-Jun-2024,83.0,CE,0.0,0.0,0.0,5.6,3.35,0,0.0,0,0,06-MAY-2024,
OPTSTK,IDFCFIRSTB,27-Jun-2024,84.0,CE,0.0,0.0,0.0,3.9,2.95,0,0.0,0,0,06-MAY-2024,
OPTSTK,IDFCFIRSTB,27-Jun-2024,85.0,CE,3.35,3.4,3.1,3.15,3.15,93,615.3,1447500,172500,06-MAY-2024,
OPTSTK,IDFCFIRSTB,27-Jun-2024,86.0,CE,2.8,3.1,2.8,3.1,3.1,3,20.0,30000,7500,06-MAY-2024,
OPTSTK,IDFCFIRSTB,27-Jun-2024,87.0,CE,0.0,0.0,0.0,3.8,2.05,0,0.0,0,0,06-MAY-2024,
OPTSTK,IDFCFIRSTB,27-Jun-2024,88.0,CE,0.0,0.0,0.0,1.75,1.8,0,0.0,0,0,06-MAY-2024,
OPTSTK,IDFCFIRSTB,27-Jun-2024,89.0,CE,0.0,0.0,0.0,2.1,1.55,0,0.0,15000,0,06-MAY-2024,
OPTSTK,IDFCFIRSTB,27-Jun-2024,90.0,CE,1.95,2.1,1.75,2.0,2.0,373,2572.43,4147500,2040000,06-MAY-2024,
OPTSTK,IDFCFIRSTB,27-Jun-2024,91.0,CE,1.7,1.7,1.7,1.7,1.15,1,6.95,15000,7500,06-MAY-2024,
OPTSTK,IDFCFIRSTB,27-Jun-2024,92.0,CE,0.0,0.0,0.0,1.15,1.0,0,0.0,0,0,06-MAY-2024,
OPTSTK,IDFCFIRSTB,27-Jun-2024,93.0,CE,0.0,0.0,0.0,2.0,0.85,0,0.0,0,0,06-MAY-2024,
OPTSTK,IDFCFIRSTB,27-Jun-2024,94.0,CE,0.0,0.0,0.0,0.9,0.75,0,0.0,0,0,06-MAY-2024,
OPTSTK,IDFCFIRSTB,27-Jun-2024,96.0,CE,1.05,1.1,0.85,1.05,1.05,43,312.78,870000,277500,06-MAY-2024,
OPTSTK,IDFCFIRSTB,27-Jun-2024,68.0,PE,0.0,0.0,0.0,1.8,0.45,0,0.0,0,0,06-MAY-2024,
OPTSTK,IDFCFIRSTB,27-Jun-2024,69.0,PE,0.0,0.0,0.0,0.45,0.55,0,0.0,0,0,06-MAY-2024,
OPTSTK,IDFCFIRSTB,27-Jun-2024,70.0,PE,0.85,1.25,0.8,1.25,0.7,42,223.93,1327500,202500,06-MAY-2024,
OPTSTK,IDFCFIRSTB,27-Jun-2024,71.0,PE,0.0,0.0,0.0,0.65,0.85,0,0.0,0,0,06-MAY-2024,
OPTSTK,IDFCFIRSTB,27-Jun-2024,72.0,PE,1.25,1.25,1.25,1.25,1.05,1,5.49,30000,0,06-MAY-2024,
OPTSTK,IDFCFIRSTB,27-Jun-2024,73.0,PE,0.0,0.0,0.0,0.95,1.3,0,0.0,0,0,06-MAY-2024,
OPTSTK,IDFCFIRSTB,27-Jun-2024,74.0,PE,0.0,0.0,0.0,1.6,1.55,0,0.0,82500,0,06-MAY-2024,
OPTSTK,IDFCFIRSTB,27-Jun-2024,75.0,PE,1.95,2.5,1.9,2.45,2.45,238,1379.27,1627500,435000,06-MAY-2024,
OPTSTK,IDFCFIRSTB,27-Jun-2024,76.0,PE,3.0,3.0,3.0,3.0,3.0,1,5.92,37500,7500,06-MAY-2024,
OPTSTK,IDFCFIRSTB,27-Jun-2024,77.0,PE,0.0,0.0,0.0,1.9,2.5,0,0.0,0,0,06-MAY-2024,
OPTSTK,IDFCFIRSTB,27-Jun-2024,78.0,PE,0.0,0.0,0.0,2.8,2.9,0,0.0,22500,0,06-MAY-2024,
OPTSTK,IDFCFIRSTB,27-Jun-2024,79.0,PE,0.0,0.0,0.0,2.5,3.35,0,0.0,0,0,06-MAY-2024,
OPTSTK,IDFCFIRSTB,27-Jun-2024,80.0,PE,3.85,4.35,3.65,4.3,4.3,173,1090.69,2205000,682500,06-MAY-2024,
OPTSTK,IDFCFIRSTB,27-Jun-2024,81.0,PE,0.0,0.0,0.0,3.25,4.3,0,0.0,0,0,06-MAY-2024,
OPTSTK,IDFCFIRSTB,27-Jun-2024,82.0,PE,0.0,0.0,0.0,8.4,4.85,0,0.0,0,0,06-MAY-2024,
OPTSTK,IDFCFIRSTB,27-Jun-2024,83.0,PE,0.0,0.0,0.0,4.15,5.45,0,0.0,0,0,06-MAY-2024,
OPTSTK,IDFCFIRSTB,27-Jun-2024,84.0,PE,0.0,0.0,0.0,9.75,6.05,0,0.0,0,0,06-MAY-2024,
OPTSTK,IDFCFIRSTB,27-Jun-2024,85.0,PE,6.7,6.9,6.7,6.9,6.7,2,13.77,60000,15000,06-MAY-2024,
OPTSTK,IDFCFIRSTB,27-Jun-2024,86.0,PE,0.0,0.0,0.0,11.25,7.35,0,0.0,0,0,06-MAY-2024,
OPTSTK,IDFCFIRSTB,27-Jun-2024,87.0,PE,0.0,0.0,0.0,6.3,8.1,0,0.0,0,0,06-MAY-2024,
OPTSTK,IDFCFIRSTB,27-Jun-2024,88.0,PE,0.0,0.0,0.0,12.8,8.8,0,0.0,0,0,06-MAY-2024,
OPTSTK,IDFCFIRSTB,27-Jun-2024,89.0,PE,0.0,0.0,0.0,7.55,9.6,0,0.0,0,0,06-MAY-2024,
OPTSTK,IDFCFIRSTB,27-Jun-2024,90.0,PE,10.7,11.05,10.6,11.05,11.05,12,90.69,322500,82500,06-MAY-2024,
OPTSTK,IDFCFIRSTB,27-Jun-2024,91.0,PE,0.0,0.0,0.0,10.5,11.2,0,0.0,7500,0,06-MAY-2024,
OPTSTK,IDFCFIRSTB,27-Jun-2024,92.0,PE,0.0,0.0,0.0,16.1,12.0,0,0.0,0,0,06-MAY-2024,
OPTSTK,IDFCFIRSTB,27-Jun-2024,93.0,PE,0.0,0.0,0.0,10.4,12.85,0,0.0,0,0,06-MAY-2024,
OPTSTK,IDFCFIRSTB,27-Jun-2024,94.0,PE,0.0,0.0,0.0,17.8,13.75,0,0.0,0,0,06-MAY-2024,
OPTSTK,IDFCFIRSTB,27-Jun-2024,96.0,PE,0.0,0.0,0.0,19.6,15.5,0,0.0,0,0,06-MAY-2024,
OPTSTK,IDFCFIRSTB,25-Jul-2024,68.0,CE,0.0,0.0,0.0,17.3,14.0,0,0.0,0,0,06-MAY-2024,
OPTSTK,IDFCFIRSTB,25-Jul-2024,70.0,CE,0.0,0.0,0.0,15.6,12.35,0,0.0,0,0,06-MAY-2024,
OPTSTK,IDFCFIRSTB,25-Jul-2024,72.0,CE,0.0,0.0,0.0,14.0,10.85,0,0.0,0,0,06-MAY-2024,
OPTSTK,IDFCFIRSTB,25-Jul-2024,74.0,CE,0.0,0.0,0.0,12.45,9.45,0,0.0,0,0,06-MAY-2024,
OPTSTK,IDFCFIRSTB,25-Jul-2024,76.0,CE,0.0,0.0,0.0,11.0,8.15,0,0.0,0,0,06-MAY-2024,
OPTSTK,IDFCFIRSTB,25-Jul-2024,78.0,CE,0.0,0.0,0.0,9.65,6.95,0,0.0,0,0,06-MAY-2024,
OPTSTK,IDFCFIRSTB,25-Jul-2024,80.0,CE,0.0,0.0,0.0,8.45,5.9,0,0.0,0,0,06-MAY-2024,
OPTSTK,IDFCFIRSTB,25-Jul-2024,82.0,CE,0.0,0.0,0.0,7.3,4.95,0,0.0,0,0,06-MAY-2024,
OPTSTK,IDFCFIRSTB,25-Jul-2024,84.0,CE,0.0,0.0,0.0,6.3,4.15,0,0.0,0,0,06-MAY-2024,
OPTSTK,IDFCFIRSTB,25-Jul-2024,86.0,CE,0.0,0.0,0.0,5.4,3.4,0,0.0,0,0,06-MAY-2024,
OPTSTK,IDFCFIRSTB,25-Jul-2024,88.0,CE,0.0,0.0,0.0,4.6,2.8,0,0.0,0,0,06-MAY-2024,
OPTSTK,IDFCFIRSTB,25-Jul-2024,90.0,CE,0.0,0.0,0.0,3.85,2.3,0,0.0,0,0,06-MAY-2024,
OPTSTK,IDFCFIRSTB,25-Jul-2024,92.0,CE,0.0,0.0,0.0,3.25,1.85,0,0.0,0,0,06-MAY-2024,
OPTSTK,IDFCFIRSTB,25-Jul-2024,96.0,CE,0.0,0.0,0.0,2.25,1.2,0,0.0,0,0,06-MAY-2024,
OPTSTK,IDFCFIRSTB,25-Jul-2024,68.0,PE,0.0,0.0,0.0,0.65,0.85,0,0.0,0,0,06-MAY-2024,
OPTSTK,IDFCFIRSTB,25-Jul-2024,70.0,PE,1.7,1.8,1.7,1.8,1.2,2,10.76,30000,15000,06-MAY-2024,
OPTSTK,IDFCFIRSTB,25-Jul-2024,72.0,PE,0.0,0.0,0.0,1.3,1.65,0,0.0,0,0,06-MAY-2024,
OPTSTK,IDFCFIRSTB,25-Jul-2024,74.0,PE,0.0,0.0,0.0,1.7,2.2,0,0.0,0,0,06-MAY-2024,
OPTSTK,IDFCFIRSTB,25-Jul-2024,76.0,PE,0.0,0.0,0.0,2.25,2.9,0,0.0,0,0,06-MAY-2024,
OPTSTK,IDFCFIRSTB,25-Jul-2024,78.0,PE,0.0,0.0,0.0,2.85,3.7,0,0.0,0,0,06-MAY-2024,
OPTSTK,IDFCFIRSTB,25-Jul-2024,80.0,PE,5.0,5.0,5.0,5.0,4.6,2,12.75,15000,15000,06-MAY-2024,
OPTSTK,IDFCFIRSTB,25-Jul-2024,82.0,PE,0.0,0.0,0.0,4.45,5.6,0,0.0,0,0,06-MAY-2024,
OPTSTK,IDFCFIRSTB,25-Jul-2024,84.0,PE,0.0,0.0,0.0,5.4,6.75,0,0.0,0,0,06-MAY-2024,
OPTSTK,IDFCFIRSTB,25-Jul-2024,86.0,PE,0.0,0.0,0.0,6.45,8.0,0,0.0,0,0,06-MAY-2024,
OPTSTK,IDFCFIRSTB,25-Jul-2024,88.0,PE,8.0,8.0,8.0,8.0,8.0,1,7.2,7500,7500,06-MAY-2024,
OPTSTK,IDFCFIRSTB,25-Jul-2024,90.0,PE,11.5,11.5,11.5,11.5,11.5,1,7.61,7500,7500,06-MAY-2024,
OPTSTK,IDFCFIRSTB,25-Jul-2024,92.0,PE,0.0,0.0,0.0,10.2,12.35,0,0.0,0,0,06-MAY-2024,
OPTSTK,IDFCFIRSTB,25-Jul-2024,96.0,PE,0.0,0.0,0.0,13.1,15.6,0,0.0,0,0,06-MAY-2024,
OPTSTK,IEX,30-May-2024,120.0,CE,0.0,0.0,0.0,38.5,33.6,0,0.0,11250,0,06-MAY-2024,
OPTSTK,IEX,30-May-2024,130.0,CE,27.0,27.0,27.0,27.0,24.0,3,17.66,30000,-11250,06-MAY-2024,
OPTSTK,IEX,30-May-2024,135.0,CE,18.4,18.4,18.4,18.4,19.5,1,5.75,22500,3750,06-MAY-2024,
OPTSTK,IEX,30-May-2024,137.5,CE,19.55,19.55,16.35,18.0,18.0,17,98.92,187500,26250,06-MAY-2024,
OPTSTK,IEX,30-May-2024,140.0,CE,18.1,19.35,14.15,16.0,16.0,18,105.7,281250,3750,06-MAY-2024,
OPTSTK,IEX,30-May-2024,142.5,CE,19.1,19.1,12.65,13.8,13.8,10,59.15,123750,18750,06-MAY-2024,
OPTSTK,IEX,30-May-2024,145.0,CE,16.6,17.05,10.8,12.05,12.05,32,189.76,277500,-7500,06-MAY-2024,
OPTSTK,IEX,30-May-2024,147.5,CE,15.15,15.15,9.15,10.8,10.1,19,113.21,90000,-11250,06-MAY-2024,
OPTSTK,IEX,30-May-2024,150.0,CE,12.55,13.7,7.7,9.0,9.0,775,4656.86,3030000,157500,06-MAY-2024,
OPTSTK,IEX,30-May-2024,152.5,CE,11.3,12.0,6.75,7.75,7.75,89,535.75,285000,30000,06-MAY-2024,
OPTSTK,IEX,30-May-2024,155.0,CE,9.55,10.7,5.65,6.7,6.7,1619,9867.23,2426250,345000,06-MAY-2024,
OPTSTK,IEX,30-May-2024,157.5,CE,8.4,9.3,4.85,5.75,5.75,761,4691.15,915000,56250,06-MAY-2024,
OPTSTK,IEX,30-May-2024,160.0,CE,7.4,8.3,4.05,4.95,4.95,4984,31030.77,11235000,240000,06-MAY-2024,
OPTSTK,IEX,30-May-2024,162.5,CE,6.65,7.2,3.45,4.3,4.3,717,4501.19,1241250,480000,06-MAY-2024,
OPTSTK,IEX,30-May-2024,165.0,CE,5.8,6.3,2.9,3.65,3.65,2166,13750.2,5910000,-41250,06-MAY-2024,
OPTSTK,IEX,30-May-2024,167.5,CE,4.8,5.4,2.45,3.05,3.05,547,3509.22,607500,-356250,06-MAY-2024,
OPTSTK,IEX,30-May-2024,170.0,CE,4.2,4.7,2.05,2.6,2.6,3037,19724.39,8321250,547500,06-MAY-2024,
OPTSTK,IEX,30-May-2024,172.5,CE,3.5,3.85,1.7,2.15,2.15,221,1450.56,517500,146250,06-MAY-2024,
OPTSTK,IEX,30-May-2024,175.0,CE,2.95,3.35,1.4,1.75,1.75,772,5128.82,3611250,26250,06-MAY-2024,
OPTSTK,IEX,30-May-2024,180.0,CE,2.1,2.45,0.95,1.25,1.25,1569,10680.12,4368750,-67500,06-MAY-2024,
OPTSTK,IEX,30-May-2024,120.0,PE,0.2,0.35,0.15,0.35,0.35,15,67.65,251250,15000,06-MAY-2024,
OPTSTK,IEX,30-May-2024,125.0,PE,0.25,0.65,0.2,0.45,0.45,127,597.66,510000,236250,06-MAY-2024,
OPTSTK,IEX,30-May-2024,130.0,PE,0.3,1.05,0.3,0.75,0.75,279,1366.77,1623750,150000,06-MAY-2024,
OPTSTK,IEX,30-May-2024,132.5,PE,0.5,1.35,0.5,0.95,0.65,44,220.05,90000,-7500,06-MAY-2024,
OPTSTK,IEX,30-May-2024,135.0,PE,0.65,1.75,0.65,1.25,1.25,324,1652.73,1346250,157500,06-MAY-2024,
OPTSTK,IEX,30-May-2024,137.5,PE,0.8,2.15,0.8,1.55,1.55,110,573.29,558750,18750,06-MAY-2024,
OPTSTK,IEX,30-May-2024,140.0,PE,1.1,2.75,0.95,2.0,2.0,1023,5442.26,3873750,686250,06-MAY-2024,
OPTSTK,IEX,30-May-2024,142.5,PE,1.5,3.25,1.3,2.55,2.55,107,580.99,1215000,37500,06-MAY-2024,
OPTSTK,IEX,30-May-2024,145.0,PE,2.0,4.3,1.75,3.3,3.3,731,4056.85,3401250,731250,06-MAY-2024,
OPTSTK,IEX,30-May-2024,147.5,PE,2.6,5.05,2.4,4.15,4.15,202,1145.5,603750,206250,06-MAY-2024,
OPTSTK,IEX,30-May-2024,150.0,PE,3.15,6.4,2.95,5.15,5.15,1143,6629.13,3802500,375000,06-MAY-2024,
OPTSTK,IEX,30-May-2024,152.5,PE,4.25,7.55,3.8,6.45,6.45,195,1157.44,558750,56250,06-MAY-2024,
OPTSTK,IEX,30-May-2024,155.0,PE,5.25,9.1,4.9,7.7,7.7,558,3391.19,2261250,0,06-MAY-2024,
OPTSTK,IEX,30-May-2024,157.5,PE,6.55,10.7,6.25,9.35,9.35,264,1639.6,360000,-18750,06-MAY-2024,
OPTSTK,IEX,30-May-2024,160.0,PE,8.2,12.6,7.4,11.1,11.1,570,3623.38,3007500,-255000,06-MAY-2024,
OPTSTK,IEX,30-May-2024,162.5,PE,9.55,14.1,8.95,12.9,12.9,44,285.63,198750,-22500,06-MAY-2024,
OPTSTK,IEX,30-May-2024,165.0,PE,11.0,15.1,10.35,14.6,14.6,31,206.57,570000,0,06-MAY-2024,
OPTSTK,IEX,30-May-2024,167.5,PE,13.1,17.9,12.3,16.0,15.95,27,184.59,165000,33750,06-MAY-2024,
OPTSTK,IEX,30-May-2024,170.0,PE,16.95,19.95,15.9,18.55,18.55,17,119.4,832500,-7500,06-MAY-2024,
OPTSTK,IEX,30-May-2024,172.5,PE,16.05,19.9,15.8,19.9,20.1,15,107.07,116250,11250,06-MAY-2024,
OPTSTK,IEX,30-May-2024,175.0,PE,18.0,21.25,17.7,21.25,22.3,4,29.05,131250,7500,06-MAY-2024,
OPTSTK,IEX,30-May-2024,180.0,PE,22.05,27.0,22.0,27.0,27.0,6,45.85,22500,7500,06-MAY-2024,
OPTSTK,IEX,27-Jun-2024,135.0,CE,0.0,0.0,0.0,12.25,21.95,0,0.0,0,0,06-MAY-2024,
OPTSTK,IEX,27-Jun-2024,140.0,CE,0.0,0.0,0.0,10.05,18.3,0,0.0,0,0,06-MAY-2024,
OPTSTK,IEX,27-Jun-2024,142.5,CE,0.0,0.0,0.0,22.5,16.6,0,0.0,0,0,06-MAY-2024,
OPTSTK,IEX,27-Jun-2024,145.0,CE,0.0,0.0,0.0,8.15,15.0,0,0.0,0,0,06-MAY-2024,
OPTSTK,IEX,27-Jun-2024,147.5,CE,0.0,0.0,0.0,19.05,13.5,0,0.0,0,0,06-MAY-2024,
OPTSTK,IEX,27-Jun-2024,150.0,CE,15.9,15.9,15.9,15.9,12.1,1,6.22,22500,3750,06-MAY-2024,
OPTSTK,IEX,27-Jun-2024,152.5,CE,0.0,0.0,0.0,15.95,10.8,0,0.0,0,0,06-MAY-2024,
OPTSTK,IEX,27-Jun-2024,155.0,CE,13.5,14.8,12.6,12.6,9.65,9,56.92,22500,22500,06-MAY-2024,
OPTSTK,IEX,27-Jun-2024,157.5,CE,0.0,0.0,0.0,13.2,8.55,0,0.0,0,0,06-MAY-2024,
OPTSTK,IEX,27-Jun-2024,160.0,CE,13.45,13.45,10.3,10.6,7.55,18,115.75,258750,7500,06-MAY-2024,
OPTSTK,IEX,27-Jun-2024,162.5,CE,0.0,0.0,0.0,10.8,6.65,0,0.0,0,0,06-MAY-2024,
OPTSTK,IEX,27-Jun-2024,165.0,CE,9.0,9.0,9.0,9.0,5.85,1,6.52,11250,3750,06-MAY-2024,
OPTSTK,IEX,27-Jun-2024,167.5,CE,7.5,7.5,7.5,7.5,5.1,1,6.56,3750,3750,06-MAY-2024,
OPTSTK,IEX,27-Jun-2024,170.0,CE,8.2,8.25,6.9,7.6,7.6,35,232.99,352500,30000,06-MAY-2024,
OPTSTK,IEX,27-Jun-2024,172.5,CE,0.0,0.0,0.0,7.05,3.85,0,0.0,0,0,06-MAY-2024,
OPTSTK,IEX,27-Jun-2024,175.0,CE,6.3,6.3,6.0,6.25,6.25,6,40.75,26250,0,06-MAY-2024,
OPTSTK,IEX,27-Jun-2024,180.0,CE,5.0,5.0,5.0,5.0,5.0,5,34.68,30000,15000,06-MAY-2024,
OPTSTK,IEX,27-Jun-2024,130.0,PE,2.5,3.3,2.5,3.2,3.2,26,129.69,288750,90000,06-MAY-2024,
OPTSTK,IEX,27-Jun-2024,135.0,PE,3.5,3.5,3.4,3.4,2.6,2,10.38,67500,7500,06-MAY-2024,
OPTSTK,IEX,27-Jun-2024,140.0,PE,6.0,6.0,6.0,6.0,3.9,1,5.47,71250,3750,06-MAY-2024,
OPTSTK,IEX,27-Jun-2024,142.5,PE,0.0,0.0,0.0,3.85,4.65,0,0.0,0,0,06-MAY-2024,
OPTSTK,IEX,27-Jun-2024,145.0,PE,0.0,0.0,0.0,16.25,5.55,0,0.0,0,0,06-MAY-2024,
OPTSTK,IEX,27-Jun-2024,147.5,PE,0.0,0.0,0.0,5.35,6.55,0,0.0,0,0,06-MAY-2024,
OPTSTK,IEX,27-Jun-2024,150.0,PE,8.0,9.6,8.0,9.5,9.5,11,65.45,150000,15000,06-MAY-2024,
OPTSTK,IEX,27-Jun-2024,152.5,PE,0.0,0.0,0.0,7.2,8.8,0,0.0,0,0,06-MAY-2024,
OPTSTK,IEX,27-Jun-2024,155.0,PE,12.4,12.4,12.4,12.4,10.1,1,6.27,3750,3750,06-MAY-2024,
OPTSTK,IEX,27-Jun-2024,157.5,PE,0.0,0.0,0.0,9.4,11.45,0,0.0,0,0,06-MAY-2024,
OPTSTK,IEX,27-Jun-2024,160.0,PE,13.9,15.0,13.9,15.0,12.95,4,26.2,63750,11250,06-MAY-2024,
OPTSTK,IEX,27-Jun-2024,162.5,PE,0.0,0.0,0.0,11.95,14.5,0,0.0,0,0,06-MAY-2024,
OPTSTK,IEX,27-Jun-2024,165.0,PE,0.0,0.0,0.0,31.0,16.2,0,0.0,0,0,06-MAY-2024,
OPTSTK,IEX,27-Jun-2024,167.5,PE,0.0,0.0,0.0,14.8,17.9,0,0.0,0,0,06-MAY-2024,
OPTSTK,IEX,27-Jun-2024,170.0,PE,0.0,0.0,0.0,35.2,19.75,0,0.0,0,0,06-MAY-2024,
OPTSTK,IEX,27-Jun-2024,172.5,PE,0.0,0.0,0.0,18.0,21.65,0,0.0,0,0,06-MAY-2024,
OPTSTK,IEX,27-Jun-2024,175.0,PE,0.0,0.0,0.0,39.55,23.6,0,0.0,0,0,06-MAY-2024,
OPTSTK,IEX,27-Jun-2024,180.0,PE,0.0,0.0,0.0,44.0,27.65,0,0.0,0,0,06-MAY-2024,
OPTSTK,IEX,25-Jul-2024,140.0,CE,0.0,0.0,0.0,26.5,20.7,0,0.0,0,0,06-MAY-2024,
OPTSTK,IEX,25-Jul-2024,145.0,CE,0.0,0.0,0.0,23.1,17.6,0,0.0,0,0,06-MAY-2024,
OPTSTK,IEX,25-Jul-2024,150.0,CE,0.0,0.0,0.0,20.0,14.85,0,0.0,0,0,06-MAY-2024,
OPTSTK,IEX,25-Jul-2024,155.0,CE,0.0,0.0,0.0,17.2,12.4,0,0.0,0,0,06-MAY-2024,
OPTSTK,IEX,25-Jul-2024,160.0,CE,0.0,0.0,0.0,14.65,10.25,0,0.0,0,0,06-MAY-2024,
OPTSTK,IEX,25-Jul-2024,165.0,CE,0.0,0.0,0.0,12.4,8.4,0,0.0,0,0,06-MAY-2024,
OPTSTK,IEX,25-Jul-2024,170.0,CE,0.0,0.0,0.0,10.45,6.85,0,0.0,0,0,06-MAY-2024,
OPTSTK,IEX,25-Jul-2024,175.0,CE,0.0,0.0,0.0,8.75,5.55,0,0.0,0,0,06-MAY-2024,
OPTSTK,IEX,25-Jul-2024,180.0,CE,0.0,0.0,0.0,7.3,4.45,0,0.0,0,0,06-MAY-2024,
OPTSTK,IEX,25-Jul-2024,140.0,PE,0.0,0.0,0.0,4.6,5.55,0,0.0,0,0,06-MAY-2024,
OPTSTK,IEX,25-Jul-2024,145.0,PE,0.0,0.0,0.0,6.1,7.35,0,0.0,0,0,06-MAY-2024,
OPTSTK,IEX,25-Jul-2024,150.0,PE,0.0,0.0,0.0,7.95,9.5,0,0.0,0,0,06-MAY-2024,
OPTSTK,IEX,25-Jul-2024,155.0,PE,0.0,0.0,0.0,10.05,12.0,0,0.0,0,0,06-MAY-2024,
OPTSTK,IEX,25-Jul-2024,160.0,PE,0.0,0.0,0.0,12.4,14.75,0,0.0,0,0,06-MAY-2024,
OPTSTK,IEX,25-Jul-2024,165.0,PE,0.0,0.0,0.0,15.1,17.85,0,0.0,0,0,06-MAY-2024,
OPTSTK,IEX,25-Jul-2024,170.0,PE,0.0,0.0,0.0,18.05,21.2,0,0.0,0,0,06-MAY-2024,
OPTSTK,IEX,25-Jul-2024,175.0,PE,0.0,0.0,0.0,21.25,24.85,0,0.0,0,0,06-MAY-2024,
OPTSTK,IEX,25-Jul-2024,180.0,PE,0.0,0.0,0.0,24.7,28.65,0,0.0,0,0,06-MAY-2024,
OPTSTK,IGL,30-May-2024,395.0,CE,48.2,48.2,48.2,48.2,51.8,1,6.09,1375,1375,06-MAY-2024,
OPTSTK,IGL,30-May-2024,400.0,CE,51.3,51.3,44.75,47.0,47.0,10,61.43,23375,11000,06-MAY-2024,
OPTSTK,IGL,30-May-2024,410.0,CE,42.6,42.6,38.2,39.45,39.45,11,68.02,15125,5500,06-MAY-2024,
OPTSTK,IGL,30-May-2024,415.0,CE,35.6,39.55,35.35,38.4,35.35,12,74.62,22000,1375,06-MAY-2024,
OPTSTK,IGL,30-May-2024,420.0,CE,32.6,36.15,31.45,32.9,32.9,42,261.79,66000,28875,06-MAY-2024,
OPTSTK,IGL,30-May-2024,425.0,CE,29.3,34.5,28.1,30.05,30.05,31,193.87,41250,13750,06-MAY-2024,
OPTSTK,IGL,30-May-2024,430.0,CE,26.6,31.35,25.5,26.95,26.95,78,490.33,97625,19250,06-MAY-2024,
OPTSTK,IGL,30-May-2024,435.0,CE,25.25,25.45,23.4,24.5,24.5,30,189.5,53625,5500,06-MAY-2024,
OPTSTK,IGL,30-May-2024,440.0,CE,23.15,25.75,20.4,21.75,21.75,697,4429.48,412500,247500,06-MAY-2024,
OPTSTK,IGL,30-May-2024,445.0,CE,20.9,23.2,18.2,19.45,19.45,214,1368.39,90750,55000,06-MAY-2024,
OPTSTK,IGL,30-May-2024,450.0,CE,21.45,21.45,16.15,17.45,17.45,1063,6838.75,657250,-38500,06-MAY-2024,
OPTSTK,IGL,30-May-2024,455.0,CE,17.95,18.7,14.35,15.4,15.4,446,2888.55,218625,-13750,06-MAY-2024,
OPTSTK,IGL,30-May-2024,460.0,CE,17.0,17.0,12.7,13.6,13.6,1059,6909.36,708125,206250,06-MAY-2024,
OPTSTK,IGL,30-May-2024,465.0,CE,15.05,15.05,11.1,11.9,11.9,423,2777.65,247500,-8250,06-MAY-2024,
OPTSTK,IGL,30-May-2024,470.0,CE,13.0,13.2,9.75,10.5,10.5,980,6483.2,842875,45375,06-MAY-2024,
OPTSTK,IGL,30-May-2024,475.0,CE,11.1,11.6,8.65,9.35,9.35,635,4233.03,228250,-39875,06-MAY-2024,
OPTSTK,IGL,30-May-2024,480.0,CE,9.85,10.3,7.65,8.1,8.1,650,4367.01,581625,-16500,06-MAY-2024,
OPTSTK,IGL,30-May-2024,485.0,CE,8.0,8.85,6.6,7.15,7.15,83,562.02,123750,-11000,06-MAY-2024,
OPTSTK,IGL,30-May-2024,490.0,CE,8.15,8.15,5.75,6.25,6.25,580,3960.8,874500,-71500,06-MAY-2024,
OPTSTK,IGL,30-May-2024,495.0,CE,5.8,6.85,5.25,5.5,2.95,34,234.12,45375,-5500,06-MAY-2024,
OPTSTK,IGL,30-May-2024,500.0,CE,6.5,6.5,4.3,4.7,4.7,1079,7491.89,1430000,67375,06-MAY-2024,
OPTSTK,IGL,30-May-2024,505.0,CE,5.15,5.15,3.9,4.15,4.15,49,343.11,34375,-12375,06-MAY-2024,
OPTSTK,IGL,30-May-2024,510.0,CE,4.75,4.75,3.15,3.55,3.55,111,784.0,121000,-13750,06-MAY-2024,
OPTSTK,IGL,30-May-2024,515.0,CE,3.7,3.7,2.8,3.15,3.15,29,206.64,30250,-2750,06-MAY-2024,
OPTSTK,IGL,30-May-2024,520.0,CE,3.3,3.4,2.25,2.7,2.7,201,1444.85,314875,13750,06-MAY-2024,
OPTSTK,IGL,30-May-2024,525.0,CE,2.4,2.9,2.05,2.3,2.3,93,674.42,53625,-22000,06-MAY-2024,
OPTSTK,IGL,30-May-2024,530.0,CE,2.35,2.45,1.65,1.95,1.95,218,1594.62,284625,37125,06-MAY-2024,
OPTSTK,IGL,30-May-2024,535.0,CE,1.65,2.15,1.65,1.75,0.5,32,236.22,33000,2750,06-MAY-2024,
OPTSTK,IGL,30-May-2024,540.0,CE,1.1,1.7,1.1,1.6,0.4,32,238.21,60500,19250,06-MAY-2024,
OPTSTK,IGL,30-May-2024,545.0,CE,2.8,2.8,1.25,1.25,0.3,24,180.41,28875,-12375,06-MAY-2024,
OPTSTK,IGL,30-May-2024,550.0,CE,1.15,1.3,0.8,1.1,1.1,171,1295.59,429000,-9625,06-MAY-2024,
OPTSTK,IGL,30-May-2024,555.0,CE,0.9,1.0,0.65,0.9,0.9,74,565.61,408375,5500,06-MAY-2024,
OPTSTK,IGL,30-May-2024,375.0,PE,1.7,3.1,1.65,2.5,2.5,479,2485.71,367125,101750,06-MAY-2024,
OPTSTK,IGL,30-May-2024,380.0,PE,2.1,3.8,2.1,3.2,3.2,365,1921.97,440000,169125,06-MAY-2024,
OPTSTK,IGL,30-May-2024,385.0,PE,2.45,4.6,2.45,3.9,3.9,70,374.04,45375,5500,06-MAY-2024,
OPTSTK,IGL,30-May-2024,390.0,PE,3.1,5.35,3.05,4.85,4.85,378,2048.74,246125,-177375,06-MAY-2024,
OPTSTK,IGL,30-May-2024,395.0,PE,3.95,6.35,3.95,5.85,5.85,57,314.23,158125,41250,06-MAY-2024,
OPTSTK,IGL,30-May-2024,400.0,PE,4.5,7.5,4.45,6.9,6.9,525,2931.54,884125,114125,06-MAY-2024,
OPTSTK,IGL,30-May-2024,405.0,PE,6.75,7.8,5.85,7.8,3.4,62,351.15,178750,-13750,06-MAY-2024,
OPTSTK,IGL,30-May-2024,410.0,PE,6.55,10.15,6.55,9.7,9.7,171,984.7,149875,37125,06-MAY-2024,
OPTSTK,IGL,30-May-2024,415.0,PE,10.85,11.3,8.5,11.25,5.5,59,344.95,191125,-13750,06-MAY-2024,
OPTSTK,IGL,30-May-2024,420.0,PE,8.1,14.1,8.1,13.2,13.2,379,2251.1,457875,23375,06-MAY-2024,
OPTSTK,IGL,30-May-2024,425.0,PE,10.4,15.95,10.4,15.25,15.25,162,978.26,104500,33000,06-MAY-2024,
OPTSTK,IGL,30-May-2024,430.0,PE,12.55,18.55,12.5,17.5,17.5,759,4663.96,501875,214500,06-MAY-2024,
OPTSTK,IGL,30-May-2024,435.0,PE,14.9,20.85,14.25,19.9,19.9,258,1607.87,149875,96250,06-MAY-2024,
OPTSTK,IGL,30-May-2024,440.0,PE,15.55,23.45,15.55,22.45,22.45,871,5519.14,547250,123750,06-MAY-2024,
OPTSTK,IGL,30-May-2024,445.0,PE,19.8,26.15,19.8,25.05,25.05,160,1030.86,57750,2750,06-MAY-2024,
OPTSTK,IGL,30-May-2024,450.0,PE,20.25,29.25,20.25,28.0,28.0,1003,6570.29,796125,-269500,06-MAY-2024,
OPTSTK,IGL,30-May-2024,455.0,PE,24.75,32.3,24.75,30.6,30.6,88,585.58,63250,-5500,06-MAY-2024,
OPTSTK,IGL,30-May-2024,460.0,PE,27.85,35.65,27.85,33.85,33.85,70,473.77,103125,-1375,06-MAY-2024,
OPTSTK,IGL,30-May-2024,465.0,PE,31.0,36.0,31.0,35.65,28.9,34,233.17,42625,2750,06-MAY-2024,
OPTSTK,IGL,30-May-2024,470.0,PE,34.3,42.1,34.3,40.55,40.55,48,335.52,132000,-27500,06-MAY-2024,
OPTSTK,IGL,30-May-2024,475.0,PE,38.15,46.5,38.15,44.75,36.25,48,341.44,50875,11000,06-MAY-2024,
OPTSTK,IGL,30-May-2024,480.0,PE,47.3,48.5,42.0,48.4,40.15,24,173.58,55000,-2750,06-MAY-2024,
OPTSTK,IGL,30-May-2024,485.0,PE,48.05,54.3,48.05,52.35,44.2,12,88.61,39875,-4125,06-MAY-2024,
OPTSTK,IGL,30-May-2024,490.0,PE,0.0,0.0,0.0,48.25,48.4,0,0.0,11000,0,06-MAY-2024,
OPTSTK,IGL,30-May-2024,495.0,PE,0.0,0.0,0.0,45.75,52.7,0,0.0,9625,0,06-MAY-2024,
OPTSTK,IGL,30-May-2024,500.0,PE,60.55,67.05,60.0,64.9,57.15,12,93.09,39875,-2750,06-MAY-2024,
OPTSTK,IGL,30-May-2024,505.0,PE,0.0,0.0,0.0,54.95,61.65,0,0.0,5500,0,06-MAY-2024,
OPTSTK,IGL,30-May-2024,510.0,PE,0.0,0.0,0.0,57.65,66.25,0,0.0,1375,0,06-MAY-2024,
OPTSTK,IGL,30-May-2024,520.0,PE,0.0,0.0,0.0,91.25,75.65,0,0.0,0,0,06-MAY-2024,
OPTSTK,IGL,30-May-2024,530.0,PE,0.0,0.0,0.0,99.85,85.2,0,0.0,0,0,06-MAY-2024,
OPTSTK,IGL,30-May-2024,550.0,PE,107.0,111.0,107.0,111.0,104.75,2,18.12,5500,2750,06-MAY-2024,
OPTSTK,IGL,27-Jun-2024,400.0,CE,0.0,0.0,0.0,52.1,54.05,0,0.0,0,0,06-MAY-2024,
OPTSTK,IGL,27-Jun-2024,410.0,CE,0.0,0.0,0.0,45.8,46.75,0,0.0,0,0,06-MAY-2024,
OPTSTK,IGL,27-Jun-2024,415.0,CE,0.0,0.0,0.0,53.65,43.3,0,0.0,0,0,06-MAY-2024,
OPTSTK,IGL,27-Jun-2024,420.0,CE,0.0,0.0,0.0,40.05,40.0,0,0.0,0,0,06-MAY-2024,
OPTSTK,IGL,27-Jun-2024,425.0,CE,0.0,0.0,0.0,46.85,36.85,0,0.0,0,0,06-MAY-2024,
OPTSTK,IGL,27-Jun-2024,430.0,CE,0.0,0.0,0.0,34.8,33.9,0,0.0,0,0,06-MAY-2024,
OPTSTK,IGL,27-Jun-2024,435.0,CE,0.0,0.0,0.0,40.6,31.05,0,0.0,0,0,06-MAY-2024,
OPTSTK,IGL,27-Jun-2024,440.0,CE,0.0,0.0,0.0,30.05,28.4,0,0.0,0,0,06-MAY-2024,
OPTSTK,IGL,27-Jun-2024,445.0,CE,0.0,0.0,0.0,34.9,25.9,0,0.0,0,0,06-MAY-2024,
OPTSTK,IGL,27-Jun-2024,450.0,CE,23.0,23.0,19.7,19.7,19.7,2,12.96,2750,2750,06-MAY-2024,
OPTSTK,IGL,27-Jun-2024,455.0,CE,0.0,0.0,0.0,29.75,21.4,0,0.0,0,0,06-MAY-2024,
OPTSTK,IGL,27-Jun-2024,460.0,CE,0.0,0.0,0.0,22.0,19.35,0,0.0,0,0,06-MAY-2024,
OPTSTK,IGL,27-Jun-2024,465.0,CE,0.0,0.0,0.0,25.2,17.45,0,0.0,0,0,06-MAY-2024,
OPTSTK,IGL,27-Jun-2024,470.0,CE,0.0,0.0,0.0,18.7,15.75,0,0.0,0,0,06-MAY-2024,
OPTSTK,IGL,27-Jun-2024,475.0,CE,0.0,0.0,0.0,21.15,14.15,0,0.0,0,0,06-MAY-2024,
OPTSTK,IGL,27-Jun-2024,480.0,CE,0.0,0.0,0.0,15.05,12.65,0,0.0,8250,0,06-MAY-2024,
OPTSTK,IGL,27-Jun-2024,485.0,CE,0.0,0.0,0.0,17.65,11.3,0,0.0,0,0,06-MAY-2024,
OPTSTK,IGL,27-Jun-2024,490.0,CE,0.0,0.0,0.0,13.25,10.1,0,0.0,0,0,06-MAY-2024,
OPTSTK,IGL,27-Jun-2024,495.0,CE,0.0,0.0,0.0,14.6,9.0,0,0.0,0,0,06-MAY-2024,
OPTSTK,IGL,27-Jun-2024,500.0,CE,9.05,13.25,9.05,12.0,12.0,33,232.22,88000,19250,06-MAY-2024,
OPTSTK,IGL,27-Jun-2024,505.0,CE,0.0,0.0,0.0,12.05,7.05,0,0.0,0,0,06-MAY-2024,
OPTSTK,IGL,27-Jun-2024,510.0,CE,0.0,0.0,0.0,9.2,6.25,0,0.0,0,0,06-MAY-2024,
OPTSTK,IGL,27-Jun-2024,520.0,CE,0.0,0.0,0.0,7.65,4.85,0,0.0,0,0,06-MAY-2024,
OPTSTK,IGL,27-Jun-2024,530.0,CE,0.0,0.0,0.0,6.3,3.75,0,0.0,0,0,06-MAY-2024,
OPTSTK,IGL,27-Jun-2024,380.0,PE,7.95,10.6,7.75,10.6,10.6,27,144.74,105875,35750,06-MAY-2024,
OPTSTK,IGL,27-Jun-2024,400.0,PE,9.1,9.1,9.1,9.1,7.0,8,45.0,126500,11000,06-MAY-2024,
OPTSTK,IGL,27-Jun-2024,410.0,PE,0.0,0.0,0.0,17.7,9.6,0,0.0,0,0,06-MAY-2024,
OPTSTK,IGL,27-Jun-2024,415.0,PE,0.0,0.0,0.0,10.4,11.05,0,0.0,0,0,06-MAY-2024,
OPTSTK,IGL,27-Jun-2024,420.0,PE,0.0,0.0,0.0,21.75,12.7,0,0.0,0,0,06-MAY-2024,
OPTSTK,IGL,27-Jun-2024,425.0,PE,0.0,0.0,0.0,13.45,14.55,0,0.0,0,0,06-MAY-2024,
OPTSTK,IGL,27-Jun-2024,430.0,PE,16.0,20.7,16.0,20.7,20.7,4,24.72,5500,5500,06-MAY-2024,
OPTSTK,IGL,27-Jun-2024,435.0,PE,0.0,0.0,0.0,17.05,18.65,0,0.0,0,0,06-MAY-2024,
OPTSTK,IGL,27-Jun-2024,440.0,PE,0.0,0.0,0.0,20.45,20.9,0,0.0,23375,0,06-MAY-2024,
OPTSTK,IGL,27-Jun-2024,445.0,PE,0.0,0.0,0.0,21.25,23.35,0,0.0,0,0,06-MAY-2024,
OPTSTK,IGL,27-Jun-2024,450.0,PE,35.0,44.0,35.0,44.0,26.0,6,40.36,26125,8250,06-MAY-2024,
OPTSTK,IGL,27-Jun-2024,455.0,PE,0.0,0.0,0.0,26.0,28.75,0,0.0,0,0,06-MAY-2024,
OPTSTK,IGL,27-Jun-2024,460.0,PE,0.0,0.0,0.0,43.0,31.65,0,0.0,0,0,06-MAY-2024,
OPTSTK,IGL,27-Jun-2024,465.0,PE,0.0,0.0,0.0,31.3,34.75,0,0.0,0,0,06-MAY-2024,
OPTSTK,IGL,27-Jun-2024,470.0,PE,0.0,0.0,0.0,49.5,37.95,0,0.0,0,0,06-MAY-2024,
OPTSTK,IGL,27-Jun-2024,475.0,PE,0.0,0.0,0.0,37.15,41.3,0,0.0,0,0,06-MAY-2024,
OPTSTK,IGL,27-Jun-2024,480.0,PE,0.0,0.0,0.0,56.4,44.75,0,0.0,0,0,06-MAY-2024,
OPTSTK,IGL,27-Jun-2024,485.0,PE,0.0,0.0,0.0,43.5,48.35,0,0.0,0,0,06-MAY-2024,
OPTSTK,IGL,27-Jun-2024,490.0,PE,0.0,0.0,0.0,63.7,52.1,0,0.0,0,0,06-MAY-2024,
OPTSTK,IGL,27-Jun-2024,495.0,PE,0.0,0.0,0.0,50.35,55.95,0,0.0,0,0,06-MAY-2024,
OPTSTK,IGL,27-Jun-2024,500.0,PE,0.0,0.0,0.0,71.35,59.9,0,0.0,0,0,06-MAY-2024,
OPTSTK,IGL,27-Jun-2024,505.0,PE,0.0,0.0,0.0,57.65,63.9,0,0.0,0,0,06-MAY-2024,
OPTSTK,IGL,27-Jun-2024,510.0,PE,0.0,0.0,0.0,79.3,68.05,0,0.0,0,0,06-MAY-2024,
OPTSTK,IGL,27-Jun-2024,520.0,PE,0.0,0.0,0.0,87.55,76.55,0,0.0,0,0,06-MAY-2024,
OPTSTK,IGL,27-Jun-2024,530.0,PE,0.0,0.0,0.0,96.0,85.3,0,0.0,0,0,06-MAY-2024,
OPTSTK,IGL,25-Jul-2024,400.0,CE,0.0,0.0,0.0,70.25,60.0,0,0.0,0,0,06-MAY-2024,
OPTSTK,IGL,25-Jul-2024,420.0,CE,0.0,0.0,0.0,56.4,46.7,0,0.0,0,0,06-MAY-2024,
OPTSTK,IGL,25-Jul-2024,430.0,CE,0.0,0.0,0.0,50.15,40.8,0,0.0,0,0,06-MAY-2024,
OPTSTK,IGL,25-Jul-2024,440.0,CE,0.0,0.0,0.0,44.35,35.45,0,0.0,0,0,06-MAY-2024,
OPTSTK,IGL,25-Jul-2024,450.0,CE,0.0,0.0,0.0,47.8,30.65,0,0.0,1375,0,06-MAY-2024,
OPTSTK,IGL,25-Jul-2024,460.0,CE,0.0,0.0,0.0,34.2,26.3,0,0.0,0,0,06-MAY-2024,
OPTSTK,IGL,25-Jul-2024,470.0,CE,0.0,0.0,0.0,29.85,22.45,0,0.0,0,0,06-MAY-2024,
OPTSTK,IGL,25-Jul-2024,480.0,CE,0.0,0.0,0.0,25.9,19.05,0,0.0,0,0,06-MAY-2024,
OPTSTK,IGL,25-Jul-2024,490.0,CE,0.0,0.0,0.0,22.35,16.05,0,0.0,0,0,06-MAY-2024,
OPTSTK,IGL,25-Jul-2024,500.0,CE,0.0,0.0,0.0,19.25,13.5,0,0.0,0,0,06-MAY-2024,
OPTSTK,IGL,25-Jul-2024,510.0,CE,0.0,0.0,0.0,16.45,11.3,0,0.0,0,0,06-MAY-2024,
OPTSTK,IGL,25-Jul-2024,520.0,CE,0.0,0.0,0.0,14.05,9.35,0,0.0,0,0,06-MAY-2024,
OPTSTK,IGL,25-Jul-2024,400.0,PE,0.0,0.0,0.0,10.0,10.7,0,0.0,0,0,06-MAY-2024,
OPTSTK,IGL,25-Jul-2024,420.0,PE,0.0,0.0,0.0,15.75,17.1,0,0.0,0,0,06-MAY-2024,
OPTSTK,IGL,25-Jul-2024,430.0,PE,0.0,0.0,0.0,19.3,21.05,0,0.0,0,0,06-MAY-2024,
OPTSTK,IGL,25-Jul-2024,440.0,PE,0.0,0.0,0.0,23.35,25.55,0,0.0,0,0,06-MAY-2024,
OPTSTK,IGL,25-Jul-2024,450.0,PE,0.0,0.0,0.0,27.9,30.55,0,0.0,0,0,06-MAY-2024,
OPTSTK,IGL,25-Jul-2024,460.0,PE,0.0,0.0,0.0,32.85,36.05,0,0.0,0,0,06-MAY-2024,
OPTSTK,IGL,25-Jul-2024,470.0,PE,0.0,0.0,0.0,38.3,42.05,0,0.0,0,0,06-MAY-2024,
OPTSTK,IGL,25-Jul-2024,480.0,PE,0.0,0.0,0.0,44.15,48.5,0,0.0,0,0,06-MAY-2024,
OPTSTK,IGL,25-Jul-2024,490.0,PE,0.0,0.0,0.0,50.45,55.35,0,0.0,0,0,06-MAY-2024,
OPTSTK,IGL,25-Jul-2024,500.0,PE,0.0,0.0,0.0,57.15,62.65,0,0.0,0,0,06-MAY-2024,
OPTSTK,IGL,25-Jul-2024,510.0,PE,0.0,0.0,0.0,64.2,70.25,0,0.0,0,0,06-MAY-2024,
OPTSTK,IGL,25-Jul-2024,520.0,PE,0.0,0.0,0.0,71.6,78.2,0,0.0,0,0,06-MAY-2024,
OPTSTK,INDHOTEL,30-May-2024,490.0,CE,0.0,0.0,0.0,92.05,84.3,0,0.0,4000,0,06-MAY-2024,
OPTSTK,INDHOTEL,30-May-2024,500.0,CE,0.0,0.0,0.0,103.0,74.9,0,0.0,0,0,06-MAY-2024,
OPTSTK,INDHOTEL,30-May-2024,510.0,CE,69.3,70.55,68.3,68.8,65.8,14,81.06,5000,0,06-MAY-2024,
OPTSTK,INDHOTEL,30-May-2024,515.0,CE,0.0,0.0,0.0,88.25,61.35,0,0.0,0,0,06-MAY-2024,
OPTSTK,INDHOTEL,30-May-2024,520.0,CE,0.0,0.0,0.0,62.75,57.05,0,0.0,2000,0,06-MAY-2024,
OPTSTK,INDHOTEL,30-May-2024,525.0,CE,0.0,0.0,0.0,51.1,52.85,0,0.0,4000,0,06-MAY-2024,
OPTSTK,INDHOTEL,30-May-2024,530.0,CE,0.0,0.0,0.0,46.8,48.8,0,0.0,7000,0,06-MAY-2024,
OPTSTK,INDHOTEL,30-May-2024,535.0,CE,0.0,0.0,0.0,41.6,44.9,0,0.0,2000,0,06-MAY-2024,
OPTSTK,INDHOTEL,30-May-2024,540.0,CE,42.6,42.6,42.6,42.6,41.15,1,5.82,12000,0,06-MAY-2024,
OPTSTK,INDHOTEL,30-May-2024,545.0,CE,38.85,39.35,37.7,37.75,37.55,8,46.68,8000,4000,06-MAY-2024,
OPTSTK,INDHOTEL,30-May-2024,550.0,CE,35.0,35.0,33.0,33.9,34.1,5,29.2,58000,2000,06-MAY-2024,
OPTSTK,INDHOTEL,30-May-2024,555.0,CE,33.0,33.0,29.45,29.45,29.45,4,23.42,14000,1000,06-MAY-2024,
OPTSTK,INDHOTEL,30-May-2024,560.0,CE,26.9,29.15,25.5,26.0,26.0,45,264.11,65000,7000,06-MAY-2024,
OPTSTK,INDHOTEL,30-May-2024,565.0,CE,25.5,25.55,22.85,22.85,25.0,16,94.4,21000,-6000,06-MAY-2024,
OPTSTK,INDHOTEL,30-May-2024,570.0,CE,21.9,23.5,19.7,20.2,20.2,359,2123.95,176000,-9000,06-MAY-2024,
OPTSTK,INDHOTEL,30-May-2024,575.0,CE,19.0,21.0,17.55,17.8,17.8,181,1075.09,127000,27000,06-MAY-2024,
OPTSTK,INDHOTEL,30-May-2024,580.0,CE,16.8,18.45,15.05,15.5,15.5,807,4814.19,888000,31000,06-MAY-2024,
OPTSTK,INDHOTEL,30-May-2024,585.0,CE,15.0,15.9,13.25,13.45,13.45,149,893.25,248000,-8000,06-MAY-2024,
OPTSTK,INDHOTEL,30-May-2024,590.0,CE,11.95,14.0,11.25,11.65,11.65,492,2964.52,603000,1000,06-MAY-2024,
OPTSTK,INDHOTEL,30-May-2024,595.0,CE,10.35,12.0,9.95,10.1,10.1,40,242.36,101000,4000,06-MAY-2024,
OPTSTK,INDHOTEL,30-May-2024,600.0,CE,10.1,10.6,8.35,8.7,8.7,929,5661.26,1794000,-59000,06-MAY-2024,
OPTSTK,INDHOTEL,30-May-2024,605.0,CE,8.5,9.0,7.25,7.5,7.5,37,226.83,186000,1000,06-MAY-2024,
OPTSTK,INDHOTEL,30-May-2024,610.0,CE,7.15,7.65,6.2,6.4,6.4,230,1418.72,792000,65000,06-MAY-2024,
OPTSTK,INDHOTEL,30-May-2024,615.0,CE,6.45,6.55,5.4,5.5,5.5,64,397.52,220000,-32000,06-MAY-2024,
OPTSTK,INDHOTEL,30-May-2024,620.0,CE,5.4,5.9,4.55,4.75,4.75,437,2731.69,1068000,8000,06-MAY-2024,
OPTSTK,INDHOTEL,30-May-2024,625.0,CE,4.75,4.95,3.9,4.0,4.0,45,283.21,198000,2000,06-MAY-2024,
OPTSTK,INDHOTEL,30-May-2024,630.0,CE,3.95,4.2,3.3,3.5,3.5,174,1102.62,660000,34000,06-MAY-2024,
OPTSTK,INDHOTEL,30-May-2024,635.0,CE,3.2,3.2,2.9,2.95,2.95,23,146.73,148000,19000,06-MAY-2024,
OPTSTK,INDHOTEL,30-May-2024,640.0,CE,3.35,3.35,2.5,2.65,2.65,103,662.17,350000,14000,06-MAY-2024,
OPTSTK,INDHOTEL,30-May-2024,645.0,CE,0.0,0.0,0.0,2.4,2.45,0,0.0,27000,0,06-MAY-2024,
OPTSTK,INDHOTEL,30-May-2024,650.0,CE,2.1,2.5,1.95,2.0,2.0,395,2575.72,1711000,96000,06-MAY-2024,
OPTSTK,INDHOTEL,30-May-2024,655.0,CE,0.0,0.0,0.0,2.6,1.7,0,0.0,19000,0,06-MAY-2024,
OPTSTK,INDHOTEL,30-May-2024,660.0,CE,1.75,1.8,1.3,1.4,1.4,41,271.22,254000,9000,06-MAY-2024,
OPTSTK,INDHOTEL,30-May-2024,670.0,CE,1.5,1.5,1.0,1.2,1.2,169,1134.16,327000,-49000,06-MAY-2024,
OPTSTK,INDHOTEL,30-May-2024,675.0,CE,1.0,1.0,1.0,1.0,1.0,1,6.76,11000,1000,06-MAY-2024,
OPTSTK,INDHOTEL,30-May-2024,680.0,CE,0.8,0.8,0.55,0.75,0.75,28,190.6,360000,-9000,06-MAY-2024,
OPTSTK,INDHOTEL,30-May-2024,690.0,CE,0.8,0.85,0.4,0.45,0.45,30,207.17,13000,-5000,06-MAY-2024,
OPTSTK,INDHOTEL,30-May-2024,700.0,CE,0.5,0.5,0.35,0.35,0.35,13,91.05,599000,-2000,06-MAY-2024,
OPTSTK,INDHOTEL,30-May-2024,490.0,PE,0.0,0.0,0.0,1.3,0.75,0,0.0,1000,0,06-MAY-2024,
OPTSTK,INDHOTEL,30-May-2024,495.0,PE,0.0,0.0,0.0,1.15,1.0,0,0.0,44000,0,06-MAY-2024,
OPTSTK,INDHOTEL,30-May-2024,500.0,PE,0.9,1.0,0.9,0.9,0.9,33,165.3,253000,-6000,06-MAY-2024,
OPTSTK,INDHOTEL,30-May-2024,510.0,PE,1.3,1.4,1.15,1.35,1.35,39,199.38,146000,-14000,06-MAY-2024,
OPTSTK,INDHOTEL,30-May-2024,515.0,PE,3.0,3.0,1.35,1.65,1.65,9,46.5,40000,-5000,06-MAY-2024,
OPTSTK,INDHOTEL,30-May-2024,520.0,PE,1.65,2.15,1.35,2.05,2.05,193,1006.99,347000,23000,06-MAY-2024,
OPTSTK,INDHOTEL,30-May-2024,525.0,PE,0.0,0.0,0.0,2.45,4.15,0,0.0,76000,0,06-MAY-2024,
OPTSTK,INDHOTEL,30-May-2024,530.0,PE,2.4,3.35,2.2,3.3,3.3,187,996.56,498000,61000,06-MAY-2024,
OPTSTK,INDHOTEL,30-May-2024,535.0,PE,3.1,3.75,3.1,3.75,6.1,28,150.76,55000,8000,06-MAY-2024,
OPTSTK,INDHOTEL,30-May-2024,540.0,PE,4.3,5.15,3.35,5.05,5.05,190,1034.4,584000,55000,06-MAY-2024,
OPTSTK,INDHOTEL,30-May-2024,545.0,PE,5.0,6.25,4.2,5.95,5.95,76,418.32,64000,-25000,06-MAY-2024,
OPTSTK,INDHOTEL,30-May-2024,550.0,PE,6.2,7.65,5.25,7.4,7.4,277,1541.33,763000,-47000,06-MAY-2024,
OPTSTK,INDHOTEL,30-May-2024,555.0,PE,7.0,9.0,6.6,8.85,8.85,45,253.31,21000,-2000,06-MAY-2024,
OPTSTK,INDHOTEL,30-May-2024,560.0,PE,9.9,11.05,7.95,10.5,10.5,303,1725.28,453000,-10000,06-MAY-2024,
OPTSTK,INDHOTEL,30-May-2024,565.0,PE,12.35,13.95,9.6,12.75,12.75,51,293.9,85000,4000,06-MAY-2024,
OPTSTK,INDHOTEL,30-May-2024,570.0,PE,13.55,15.4,11.75,15.0,15.0,358,2088.62,502000,16000,06-MAY-2024,
OPTSTK,INDHOTEL,30-May-2024,575.0,PE,14.9,17.65,14.35,17.15,17.15,70,413.82,107000,9000,06-MAY-2024,
OPTSTK,INDHOTEL,30-May-2024,580.0,PE,18.05,20.55,16.8,20.05,20.05,88,526.88,625000,-8000,06-MAY-2024,
OPTSTK,INDHOTEL,30-May-2024,585.0,PE,20.25,22.0,20.1,22.0,26.55,6,36.33,96000,1000,06-MAY-2024,
OPTSTK,INDHOTEL,30-May-2024,590.0,PE,24.2,26.9,22.9,26.3,26.3,24,147.58,246000,0,06-MAY-2024,
OPTSTK,INDHOTEL,30-May-2024,595.0,PE,0.0,0.0,0.0,32.0,32.9,0,0.0,31000,0,06-MAY-2024,
OPTSTK,INDHOTEL,30-May-2024,600.0,PE,29.55,33.7,29.25,33.45,33.45,20,126.32,416000,-9000,06-MAY-2024,
OPTSTK,INDHOTEL,30-May-2024,605.0,PE,34.4,34.4,34.35,34.35,39.95,5,31.96,47000,1000,06-MAY-2024,
OPTSTK,INDHOTEL,30-May-2024,610.0,PE,39.2,39.2,39.0,39.05,43.7,3,19.47,142000,-1000,06-MAY-2024,
OPTSTK,INDHOTEL,30-May-2024,615.0,PE,0.0,0.0,0.0,45.7,47.55,0,0.0,30000,0,06-MAY-2024,
OPTSTK,INDHOTEL,30-May-2024,620.0,PE,46.95,49.2,46.95,49.2,49.2,4,26.72,134000,-1000,06-MAY-2024,
OPTSTK,INDHOTEL,30-May-2024,625.0,PE,0.0,0.0,0.0,54.35,55.7,0,0.0,13000,0,06-MAY-2024,
OPTSTK,INDHOTEL,30-May-2024,630.0,PE,54.35,54.35,54.35,54.35,59.95,1,6.84,52000,1000,06-MAY-2024,
OPTSTK,INDHOTEL,30-May-2024,635.0,PE,0.0,0.0,0.0,55.25,64.3,0,0.0,2000,0,06-MAY-2024,
OPTSTK,INDHOTEL,30-May-2024,640.0,PE,0.0,0.0,0.0,61.5,68.7,0,0.0,13000,0,06-MAY-2024,
OPTSTK,INDHOTEL,30-May-2024,650.0,PE,0.0,0.0,0.0,66.4,77.75,0,0.0,18000,0,06-MAY-2024,
OPTSTK,INDHOTEL,30-May-2024,660.0,PE,0.0,0.0,0.0,77.75,87.1,0,0.0,2000,0,06-MAY-2024,
OPTSTK,INDHOTEL,30-May-2024,680.0,PE,0.0,0.0,0.0,95.7,106.2,0,0.0,8000,0,06-MAY-2024,
OPTSTK,INDHOTEL,27-Jun-2024,490.0,CE,0.0,0.0,0.0,115.1,89.95,0,0.0,0,0,06-MAY-2024,
OPTSTK,INDHOTEL,27-Jun-2024,500.0,CE,0.0,0.0,0.0,106.7,81.35,0,0.0,0,0,06-MAY-2024,
OPTSTK,INDHOTEL,27-Jun-2024,510.0,CE,0.0,0.0,0.0,98.6,73.15,0,0.0,0,0,06-MAY-2024,
OPTSTK,INDHOTEL,27-Jun-2024,515.0,CE,0.0,0.0,0.0,76.8,69.2,0,0.0,0,0,06-MAY-2024,
OPTSTK,INDHOTEL,27-Jun-2024,520.0,CE,0.0,0.0,0.0,90.8,65.35,0,0.0,0,0,06-MAY-2024,
OPTSTK,INDHOTEL,27-Jun-2024,525.0,CE,0.0,0.0,0.0,69.15,61.65,0,0.0,0,0,06-MAY-2024,
OPTSTK,INDHOTEL,27-Jun-2024,530.0,CE,0.0,0.0,0.0,83.35,58.05,0,0.0,0,0,06-MAY-2024,
OPTSTK,INDHOTEL,27-Jun-2024,535.0,CE,0.0,0.0,0.0,61.95,54.5,0,0.0,0,0,06-MAY-2024,
OPTSTK,INDHOTEL,27-Jun-2024,540.0,CE,0.0,0.0,0.0,76.2,51.1,0,0.0,0,0,06-MAY-2024,
OPTSTK,INDHOTEL,27-Jun-2024,545.0,CE,0.0,0.0,0.0,55.2,47.85,0,0.0,0,0,06-MAY-2024,
OPTSTK,INDHOTEL,27-Jun-2024,550.0,CE,0.0,0.0,0.0,69.4,44.75,0,0.0,0,0,06-MAY-2024,
OPTSTK,INDHOTEL,27-Jun-2024,555.0,CE,0.0,0.0,0.0,48.9,41.75,0,0.0,0,0,06-MAY-2024,
OPTSTK,INDHOTEL,27-Jun-2024,560.0,CE,0.0,0.0,0.0,63.0,38.9,0,0.0,0,0,06-MAY-2024,
OPTSTK,INDHOTEL,27-Jun-2024,565.0,CE,0.0,0.0,0.0,43.05,36.15,0,0.0,0,0,06-MAY-2024,
OPTSTK,INDHOTEL,27-Jun-2024,570.0,CE,0.0,0.0,0.0,57.0,33.55,0,0.0,0,0,06-MAY-2024,
OPTSTK,INDHOTEL,27-Jun-2024,575.0,CE,0.0,0.0,0.0,37.7,31.1,0,0.0,0,0,06-MAY-2024,
OPTSTK,INDHOTEL,27-Jun-2024,580.0,CE,29.95,32.0,29.95,30.75,30.75,6,36.65,2000,0,06-MAY-2024,
OPTSTK,INDHOTEL,27-Jun-2024,585.0,CE,32.0,32.0,32.0,32.0,26.55,1,6.17,2000,1000,06-MAY-2024,
OPTSTK,INDHOTEL,27-Jun-2024,590.0,CE,0.0,0.0,0.0,46.15,24.45,0,0.0,0,0,06-MAY-2024,
OPTSTK,INDHOTEL,27-Jun-2024,595.0,CE,0.0,0.0,0.0,28.45,22.5,0,0.0,0,0,06-MAY-2024,
OPTSTK,INDHOTEL,27-Jun-2024,600.0,CE,22.0,22.0,22.0,22.0,22.0,1,6.22,7000,1000,06-MAY-2024,
OPTSTK,INDHOTEL,27-Jun-2024,605.0,CE,0.0,0.0,0.0,24.5,18.95,0,0.0,0,0,06-MAY-2024,
OPTSTK,INDHOTEL,27-Jun-2024,610.0,CE,0.0,0.0,0.0,36.85,17.3,0,0.0,0,0,06-MAY-2024,
OPTSTK,INDHOTEL,27-Jun-2024,615.0,CE,0.0,0.0,0.0,20.95,15.8,0,0.0,0,0,06-MAY-2024,
OPTSTK,INDHOTEL,27-Jun-2024,620.0,CE,18.0,18.0,18.0,18.0,18.0,3,19.14,6000,3000,06-MAY-2024,
OPTSTK,INDHOTEL,27-Jun-2024,625.0,CE,0.0,0.0,0.0,17.85,13.15,0,0.0,0,0,06-MAY-2024,
OPTSTK,INDHOTEL,27-Jun-2024,630.0,CE,0.0,0.0,0.0,29.05,11.95,0,0.0,0,0,06-MAY-2024,
OPTSTK,INDHOTEL,27-Jun-2024,635.0,CE,0.0,0.0,0.0,15.1,10.85,0,0.0,0,0,06-MAY-2024,
OPTSTK,INDHOTEL,27-Jun-2024,640.0,CE,0.0,0.0,0.0,25.65,9.8,0,0.0,0,0,06-MAY-2024,
OPTSTK,INDHOTEL,27-Jun-2024,650.0,CE,0.0,0.0,0.0,14.75,8.0,0,0.0,101000,0,06-MAY-2024,
OPTSTK,INDHOTEL,27-Jun-2024,660.0,CE,6.95,6.95,6.95,6.95,6.5,3,20.0,1000,-3000,06-MAY-2024,
OPTSTK,INDHOTEL,27-Jun-2024,490.0,PE,0.0,0.0,0.0,5.2,3.6,0,0.0,0,0,06-MAY-2024,
OPTSTK,INDHOTEL,27-Jun-2024,500.0,PE,4.5,5.5,4.5,5.5,4.9,31,156.5,46000,30000,06-MAY-2024,
OPTSTK,INDHOTEL,27-Jun-2024,510.0,PE,0.0,0.0,0.0,3.65,6.6,0,0.0,0,0,06-MAY-2024,
OPTSTK,INDHOTEL,27-Jun-2024,515.0,PE,0.0,0.0,0.0,8.1,7.6,0,0.0,0,0,06-MAY-2024,
OPTSTK,INDHOTEL,27-Jun-2024,520.0,PE,0.0,0.0,0.0,10.35,8.7,0,0.0,0,0,06-MAY-2024,
OPTSTK,INDHOTEL,27-Jun-2024,525.0,PE,0.0,0.0,0.0,10.35,9.95,0,0.0,0,0,06-MAY-2024,
OPTSTK,INDHOTEL,27-Jun-2024,530.0,PE,0.0,0.0,0.0,12.7,11.25,0,0.0,0,0,06-MAY-2024,
OPTSTK,INDHOTEL,27-Jun-2024,535.0,PE,0.0,0.0,0.0,13.0,12.7,0,0.0,0,0,06-MAY-2024,
OPTSTK,INDHOTEL,27-Jun-2024,540.0,PE,0.0,0.0,0.0,15.4,14.25,0,0.0,0,0,06-MAY-2024,
OPTSTK,INDHOTEL,27-Jun-2024,545.0,PE,0.0,0.0,0.0,16.1,15.95,0,0.0,0,0,06-MAY-2024,
OPTSTK,INDHOTEL,27-Jun-2024,550.0,PE,16.0,18.55,16.0,18.55,17.75,3,17.02,5000,2000,06-MAY-2024,
OPTSTK,INDHOTEL,27-Jun-2024,555.0,PE,0.0,0.0,0.0,19.7,19.75,0,0.0,0,0,06-MAY-2024,
OPTSTK,INDHOTEL,27-Jun-2024,560.0,PE,0.0,0.0,0.0,21.85,21.8,0,0.0,0,0,06-MAY-2024,
OPTSTK,INDHOTEL,27-Jun-2024,565.0,PE,0.0,0.0,0.0,23.75,24.05,0,0.0,0,0,06-MAY-2024,
OPTSTK,INDHOTEL,27-Jun-2024,570.0,PE,27.5,27.5,27.5,27.5,26.4,2,11.95,2000,1000,06-MAY-2024,
OPTSTK,INDHOTEL,27-Jun-2024,575.0,PE,0.0,0.0,0.0,28.25,28.85,0,0.0,0,0,06-MAY-2024,
OPTSTK,INDHOTEL,27-Jun-2024,580.0,PE,28.0,28.0,28.0,28.0,31.45,1,6.08,13000,0,06-MAY-2024,
OPTSTK,INDHOTEL,27-Jun-2024,585.0,PE,0.0,0.0,0.0,33.25,34.2,0,0.0,0,0,06-MAY-2024,
OPTSTK,INDHOTEL,27-Jun-2024,590.0,PE,0.0,0.0,0.0,21.0,37.05,0,0.0,6000,0,06-MAY-2024,
OPTSTK,INDHOTEL,27-Jun-2024,595.0,PE,0.0,0.0,0.0,38.75,40.05,0,0.0,0,0,06-MAY-2024,
OPTSTK,INDHOTEL,27-Jun-2024,600.0,PE,0.0,0.0,0.0,34.0,43.15,0,0.0,4000,0,06-MAY-2024,
OPTSTK,INDHOTEL,27-Jun-2024,605.0,PE,0.0,0.0,0.0,44.65,46.4,0,0.0,0,0,06-MAY-2024,
OPTSTK,INDHOTEL,27-Jun-2024,610.0,PE,0.0,0.0,0.0,44.8,49.75,0,0.0,0,0,06-MAY-2024,
OPTSTK,INDHOTEL,27-Jun-2024,615.0,PE,0.0,0.0,0.0,51.0,53.2,0,0.0,0,0,06-MAY-2024,
OPTSTK,INDHOTEL,27-Jun-2024,620.0,PE,0.0,0.0,0.0,50.55,56.75,0,0.0,0,0,06-MAY-2024,
OPTSTK,INDHOTEL,27-Jun-2024,625.0,PE,0.0,0.0,0.0,57.75,60.4,0,0.0,0,0,06-MAY-2024,
OPTSTK,INDHOTEL,27-Jun-2024,630.0,PE,0.0,0.0,0.0,56.65,64.2,0,0.0,0,0,06-MAY-2024,
OPTSTK,INDHOTEL,27-Jun-2024,635.0,PE,0.0,0.0,0.0,64.9,68.0,0,0.0,0,0,06-MAY-2024,
OPTSTK,INDHOTEL,27-Jun-2024,640.0,PE,0.0,0.0,0.0,63.05,71.95,0,0.0,0,0,06-MAY-2024,
OPTSTK,INDHOTEL,27-Jun-2024,650.0,PE,0.0,0.0,0.0,69.8,80.05,0,0.0,0,0,06-MAY-2024,
OPTSTK,INDHOTEL,27-Jun-2024,660.0,PE,0.0,0.0,0.0,76.85,88.4,0,0.0,0,0,06-MAY-2024,
OPTSTK,INDHOTEL,25-Jul-2024,480.0,CE,0.0,0.0,0.0,111.25,104.05,0,0.0,0,0,06-MAY-2024,
OPTSTK,INDHOTEL,25-Jul-2024,500.0,CE,0.0,0.0,0.0,94.9,87.7,0,0.0,0,0,06-MAY-2024,
OPTSTK,INDHOTEL,25-Jul-2024,510.0,CE,0.0,0.0,0.0,87.15,80.05,0,0.0,0,0,06-MAY-2024,
OPTSTK,INDHOTEL,25-Jul-2024,520.0,CE,0.0,0.0,0.0,79.8,72.75,0,0.0,0,0,06-MAY-2024,
OPTSTK,INDHOTEL,25-Jul-2024,530.0,CE,0.0,0.0,0.0,72.75,65.8,0,0.0,0,0,06-MAY-2024,
OPTSTK,INDHOTEL,25-Jul-2024,540.0,CE,0.0,0.0,0.0,66.1,59.3,0,0.0,0,0,06-MAY-2024,
OPTSTK,INDHOTEL,25-Jul-2024,550.0,CE,0.0,0.0,0.0,59.8,53.2,0,0.0,0,0,06-MAY-2024,
OPTSTK,INDHOTEL,25-Jul-2024,560.0,CE,0.0,0.0,0.0,53.95,47.5,0,0.0,0,0,06-MAY-2024,
OPTSTK,INDHOTEL,25-Jul-2024,570.0,CE,0.0,0.0,0.0,48.5,42.25,0,0.0,0,0,06-MAY-2024,
OPTSTK,INDHOTEL,25-Jul-2024,580.0,CE,0.0,0.0,0.0,43.4,37.45,0,0.0,0,0,06-MAY-2024,
OPTSTK,INDHOTEL,25-Jul-2024,590.0,CE,0.0,0.0,0.0,38.7,33.0,0,0.0,0,0,06-MAY-2024,
OPTSTK,INDHOTEL,25-Jul-2024,600.0,CE,0.0,0.0,0.0,34.4,29.0,0,0.0,0,0,06-MAY-2024,
OPTSTK,INDHOTEL,25-Jul-2024,610.0,CE,0.0,0.0,0.0,30.5,25.35,0,0.0,0,0,06-MAY-2024,
OPTSTK,INDHOTEL,25-Jul-2024,620.0,CE,0.0,0.0,0.0,26.9,22.1,0,0.0,0,0,06-MAY-2024,
OPTSTK,INDHOTEL,25-Jul-2024,630.0,CE,0.0,0.0,0.0,23.7,19.2,0,0.0,0,0,06-MAY-2024,
OPTSTK,INDHOTEL,25-Jul-2024,640.0,CE,0.0,0.0,0.0,20.75,16.6,0,0.0,0,0,06-MAY-2024,
OPTSTK,INDHOTEL,25-Jul-2024,660.0,CE,0.0,0.0,0.0,15.85,12.25,0,0.0,0,0,06-MAY-2024,
OPTSTK,INDHOTEL,25-Jul-2024,480.0,PE,0.0,0.0,0.0,5.35,5.15,0,0.0,0,0,06-MAY-2024,
OPTSTK,INDHOTEL,25-Jul-2024,500.0,PE,0.0,0.0,0.0,8.6,8.5,0,0.0,0,0,06-MAY-2024,
OPTSTK,INDHOTEL,25-Jul-2024,510.0,PE,0.0,0.0,0.0,10.7,10.65,0,0.0,0,0,06-MAY-2024,
OPTSTK,INDHOTEL,25-Jul-2024,520.0,PE,0.0,0.0,0.0,13.15,13.2,0,0.0,0,0,06-MAY-2024,
OPTSTK,INDHOTEL,25-Jul-2024,530.0,PE,0.0,0.0,0.0,15.95,16.1,0,0.0,0,0,06-MAY-2024,
OPTSTK,INDHOTEL,25-Jul-2024,540.0,PE,0.0,0.0,0.0,19.1,19.45,0,0.0,0,0,06-MAY-2024,
OPTSTK,INDHOTEL,25-Jul-2024,550.0,PE,0.0,0.0,0.0,22.65,23.2,0,0.0,0,0,06-MAY-2024,
OPTSTK,INDHOTEL,25-Jul-2024,560.0,PE,0.0,0.0,0.0,26.6,27.35,0,0.0,0,0,06-MAY-2024,
OPTSTK,INDHOTEL,25-Jul-2024,570.0,PE,0.0,0.0,0.0,30.95,31.95,0,0.0,0,0,06-MAY-2024,
OPTSTK,INDHOTEL,25-Jul-2024,580.0,PE,0.0,0.0,0.0,35.7,36.95,0,0.0,0,0,06-MAY-2024,
OPTSTK,INDHOTEL,25-Jul-2024,590.0,PE,0.0,0.0,0.0,40.8,42.4,0,0.0,0,0,06-MAY-2024,
OPTSTK,INDHOTEL,25-Jul-2024,600.0,PE,0.0,0.0,0.0,46.35,48.2,0,0.0,0,0,06-MAY-2024,
OPTSTK,INDHOTEL,25-Jul-2024,610.0,PE,0.0,0.0,0.0,52.2,54.4,0,0.0,0,0,06-MAY-2024,
OPTSTK,INDHOTEL,25-Jul-2024,620.0,PE,0.0,0.0,0.0,58.45,61.0,0,0.0,0,0,06-MAY-2024,
OPTSTK,INDHOTEL,25-Jul-2024,630.0,PE,0.0,0.0,0.0,65.05,67.9,0,0.0,0,0,06-MAY-2024,
OPTSTK,INDHOTEL,25-Jul-2024,640.0,PE,0.0,0.0,0.0,71.95,75.2,0,0.0,0,0,06-MAY-2024,
OPTSTK,INDHOTEL,25-Jul-2024,660.0,PE,0.0,0.0,0.0,86.7,90.55,0,0.0,0,0,06-MAY-2024,
OPTSTK,INDIACEM,30-May-2024,190.0,CE,0.0,0.0,0.0,34.5,29.25,0,0.0,5800,0,06-MAY-2024,
OPTSTK,INDIACEM,30-May-2024,195.0,CE,0.0,0.0,0.0,28.1,25.15,0,0.0,0,0,06-MAY-2024,
OPTSTK,INDIACEM,30-May-2024,200.0,CE,20.85,20.85,20.7,20.8,20.8,2,12.8,78300,0,06-MAY-2024,
OPTSTK,INDIACEM,30-May-2024,202.5,CE,0.0,0.0,0.0,23.55,19.55,0,0.0,0,0,06-MAY-2024,
OPTSTK,INDIACEM,30-May-2024,205.0,CE,0.0,0.0,0.0,27.1,17.85,0,0.0,2900,0,06-MAY-2024,
OPTSTK,INDIACEM,30-May-2024,207.5,CE,0.0,0.0,0.0,20.85,16.25,0,0.0,0,0,06-MAY-2024,
OPTSTK,INDIACEM,30-May-2024,210.0,CE,16.3,16.3,13.95,14.05,14.05,18,117.22,385700,2900,06-MAY-2024,
OPTSTK,INDIACEM,30-May-2024,212.5,CE,0.0,0.0,0.0,18.35,13.35,0,0.0,0,0,06-MAY-2024,
OPTSTK,INDIACEM,30-May-2024,215.0,CE,12.0,12.75,11.25,11.4,11.4,10,65.73,23200,-5800,06-MAY-2024,
OPTSTK,INDIACEM,30-May-2024,217.5,CE,12.45,12.45,10.1,10.35,10.35,12,79.51,23200,14500,06-MAY-2024,
OPTSTK,INDIACEM,30-May-2024,220.0,CE,13.0,13.0,8.7,9.0,9.0,155,1033.22,403100,81200,06-MAY-2024,
OPTSTK,INDIACEM,30-May-2024,222.5,CE,9.95,9.95,8.45,8.45,8.6,11,73.84,31900,20300,06-MAY-2024,
OPTSTK,INDIACEM,30-May-2024,225.0,CE,10.0,10.45,6.85,7.0,7.0,104,704.04,342200,31900,06-MAY-2024,
OPTSTK,INDIACEM,30-May-2024,227.5,CE,9.15,9.15,6.1,6.95,6.75,45,305.89,145000,23200,06-MAY-2024,
OPTSTK,INDIACEM,30-May-2024,230.0,CE,8.45,8.5,5.25,5.45,5.45,738,5056.59,2337400,-176900,06-MAY-2024,
OPTSTK,INDIACEM,30-May-2024,232.5,CE,5.7,6.0,4.9,5.15,5.2,14,96.58,46400,0,06-MAY-2024,
OPTSTK,INDIACEM,30-May-2024,235.0,CE,6.0,6.0,4.1,4.2,4.2,103,716.23,452400,49300,06-MAY-2024,
OPTSTK,INDIACEM,30-May-2024,237.5,CE,4.2,4.2,4.2,4.2,4.0,1,7.0,58000,-2900,06-MAY-2024,
OPTSTK,INDIACEM,30-May-2024,240.0,CE,5.15,5.3,3.1,3.2,3.2,262,1852.92,1151300,-121800,06-MAY-2024,
OPTSTK,INDIACEM,30-May-2024,242.5,CE,0.0,0.0,0.0,4.45,3.0,0,0.0,11600,0,06-MAY-2024,
OPTSTK,INDIACEM,30-May-2024,245.0,CE,2.9,3.2,2.55,2.55,2.55,21,150.92,226200,26100,06-MAY-2024,
OPTSTK,INDIACEM,30-May-2024,247.5,CE,0.0,0.0,0.0,3.55,2.25,0,0.0,11600,0,06-MAY-2024,
OPTSTK,INDIACEM,30-May-2024,250.0,CE,3.7,3.7,1.85,1.9,1.9,286,2093.42,1632700,69600,06-MAY-2024,
OPTSTK,INDIACEM,30-May-2024,255.0,CE,2.1,2.1,1.35,1.35,1.35,8,59.53,107300,5800,06-MAY-2024,
OPTSTK,INDIACEM,30-May-2024,260.0,CE,2.45,2.9,1.05,1.15,1.15,203,1538.4,730800,37700,06-MAY-2024,
OPTSTK,INDIACEM,30-May-2024,280.0,CE,0.55,0.55,0.3,0.35,0.35,40,325.34,864200,20300,06-MAY-2024,
OPTSTK,INDIACEM,30-May-2024,190.0,PE,0.9,1.6,0.9,1.4,1.4,55,305.17,635100,58000,06-MAY-2024,
OPTSTK,INDIACEM,30-May-2024,195.0,PE,1.6,2.2,1.6,2.15,2.15,40,228.42,81200,20300,06-MAY-2024,
OPTSTK,INDIACEM,30-May-2024,200.0,PE,2.3,3.45,2.3,3.25,3.25,163,959.56,501700,72500,06-MAY-2024,
OPTSTK,INDIACEM,30-May-2024,202.5,PE,3.7,3.9,3.6,3.9,3.9,6,35.88,11600,11600,06-MAY-2024,
OPTSTK,INDIACEM,30-May-2024,205.0,PE,3.0,4.75,3.0,4.65,4.65,51,309.22,205900,37700,06-MAY-2024,
OPTSTK,INDIACEM,30-May-2024,207.5,PE,0.0,0.0,0.0,3.95,6.2,0,0.0,8700,0,06-MAY-2024,
OPTSTK,INDIACEM,30-May-2024,210.0,PE,4.4,6.75,4.4,6.45,6.45,183,1145.83,481400,127600,06-MAY-2024,
OPTSTK,INDIACEM,30-May-2024,212.5,PE,6.5,7.6,6.5,7.6,7.6,6,38.2,11600,8700,06-MAY-2024,
OPTSTK,INDIACEM,30-May-2024,215.0,PE,6.85,8.95,6.8,8.6,8.6,92,594.29,243600,124700,06-MAY-2024,
OPTSTK,INDIACEM,30-May-2024,217.5,PE,7.95,9.7,7.95,9.1,10.65,22,144.41,52200,40600,06-MAY-2024,
OPTSTK,INDIACEM,30-May-2024,220.0,PE,7.85,11.6,7.85,11.15,11.15,105,700.59,446600,-5800,06-MAY-2024,
OPTSTK,INDIACEM,30-May-2024,222.5,PE,10.45,12.65,10.4,12.65,12.65,18,122.12,52200,-8700,06-MAY-2024,
OPTSTK,INDIACEM,30-May-2024,225.0,PE,10.6,14.2,10.6,13.95,13.95,17,117.4,188500,-14500,06-MAY-2024,
OPTSTK,INDIACEM,30-May-2024,227.5,PE,14.9,15.75,13.65,15.75,15.75,6,42.15,63800,-2900,06-MAY-2024,
OPTSTK,INDIACEM,30-May-2024,230.0,PE,16.15,18.0,15.25,17.75,17.75,17,121.54,875800,-2900,06-MAY-2024,
OPTSTK,INDIACEM,30-May-2024,232.5,PE,0.0,0.0,0.0,11.35,20.05,0,0.0,11600,0,06-MAY-2024,
OPTSTK,INDIACEM,30-May-2024,235.0,PE,21.45,21.45,21.45,21.45,21.45,1,7.43,87000,2900,06-MAY-2024,
OPTSTK,INDIACEM,30-May-2024,237.5,PE,0.0,0.0,0.0,15.15,23.8,0,0.0,8700,0,06-MAY-2024,
OPTSTK,INDIACEM,30-May-2024,240.0,PE,24.4,24.4,23.8,23.8,25.75,2,15.31,208800,5800,06-MAY-2024,
OPTSTK,INDIACEM,30-May-2024,242.5,PE,0.0,0.0,0.0,34.95,27.8,0,0.0,0,0,06-MAY-2024,
OPTSTK,INDIACEM,30-May-2024,245.0,PE,0.0,0.0,0.0,23.4,29.85,0,0.0,29000,0,06-MAY-2024,
OPTSTK,INDIACEM,30-May-2024,247.5,PE,0.0,0.0,0.0,25.55,32.0,0,0.0,8700,0,06-MAY-2024,
OPTSTK,INDIACEM,30-May-2024,250.0,PE,0.0,0.0,0.0,24.7,34.15,0,0.0,116000,0,06-MAY-2024,
OPTSTK,INDIACEM,30-May-2024,255.0,PE,0.0,0.0,0.0,34.5,38.65,0,0.0,46400,0,06-MAY-2024,
OPTSTK,INDIACEM,30-May-2024,260.0,PE,0.0,0.0,0.0,34.8,43.2,0,0.0,95700,0,06-MAY-2024,
OPTSTK,INDIACEM,27-Jun-2024,190.0,CE,0.0,0.0,0.0,35.05,33.2,0,0.0,0,0,06-MAY-2024,
OPTSTK,INDIACEM,27-Jun-2024,195.0,CE,0.0,0.0,0.0,31.9,29.6,0,0.0,0,0,06-MAY-2024,
OPTSTK,INDIACEM,27-Jun-2024,200.0,CE,0.0,0.0,0.0,28.95,26.2,0,0.0,0,0,06-MAY-2024,
OPTSTK,INDIACEM,27-Jun-2024,202.5,CE,0.0,0.0,0.0,33.8,24.6,0,0.0,0,0,06-MAY-2024,
OPTSTK,INDIACEM,27-Jun-2024,205.0,CE,0.0,0.0,0.0,26.2,23.1,0,0.0,0,0,06-MAY-2024,
OPTSTK,INDIACEM,27-Jun-2024,207.5,CE,0.0,0.0,0.0,30.45,21.6,0,0.0,0,0,06-MAY-2024,
OPTSTK,INDIACEM,27-Jun-2024,210.0,CE,0.0,0.0,0.0,23.7,20.2,0,0.0,0,0,06-MAY-2024,
OPTSTK,INDIACEM,27-Jun-2024,212.5,CE,0.0,0.0,0.0,27.35,18.9,0,0.0,0,0,06-MAY-2024,
OPTSTK,INDIACEM,27-Jun-2024,215.0,CE,0.0,0.0,0.0,21.3,17.6,0,0.0,0,0,06-MAY-2024,
OPTSTK,INDIACEM,27-Jun-2024,217.5,CE,0.0,0.0,0.0,24.45,16.4,0,0.0,0,0,06-MAY-2024,
OPTSTK,INDIACEM,27-Jun-2024,220.0,CE,0.0,0.0,0.0,19.15,15.25,0,0.0,0,0,06-MAY-2024,
OPTSTK,INDIACEM,27-Jun-2024,222.5,CE,0.0,0.0,0.0,21.75,14.15,0,0.0,0,0,06-MAY-2024,
OPTSTK,INDIACEM,27-Jun-2024,225.0,CE,0.0,0.0,0.0,17.15,13.1,0,0.0,0,0,06-MAY-2024,
OPTSTK,INDIACEM,27-Jun-2024,227.5,CE,0.0,0.0,0.0,19.3,12.15,0,0.0,0,0,06-MAY-2024,
OPTSTK,INDIACEM,27-Jun-2024,230.0,CE,13.65,13.65,13.65,13.65,11.25,1,7.06,17400,0,06-MAY-2024,
OPTSTK,INDIACEM,27-Jun-2024,232.5,CE,0.0,0.0,0.0,17.05,10.4,0,0.0,0,0,06-MAY-2024,
OPTSTK,INDIACEM,27-Jun-2024,235.0,CE,0.0,0.0,0.0,13.65,9.55,0,0.0,0,0,06-MAY-2024,
OPTSTK,INDIACEM,27-Jun-2024,237.5,CE,0.0,0.0,0.0,15.0,8.8,0,0.0,0,0,06-MAY-2024,
OPTSTK,INDIACEM,27-Jun-2024,240.0,CE,8.5,8.5,8.5,8.5,8.1,1,7.2,5800,2900,06-MAY-2024,
OPTSTK,INDIACEM,27-Jun-2024,242.5,CE,0.0,0.0,0.0,13.15,7.45,0,0.0,0,0,06-MAY-2024,
OPTSTK,INDIACEM,27-Jun-2024,245.0,CE,0.0,0.0,0.0,10.8,6.85,0,0.0,0,0,06-MAY-2024,
OPTSTK,INDIACEM,27-Jun-2024,247.5,CE,0.0,0.0,0.0,11.5,6.3,0,0.0,0,0,06-MAY-2024,
OPTSTK,INDIACEM,27-Jun-2024,250.0,CE,7.0,7.0,6.9,6.9,5.75,2,14.9,5800,5800,06-MAY-2024,
OPTSTK,INDIACEM,27-Jun-2024,255.0,CE,0.0,0.0,0.0,8.5,4.8,0,0.0,0,0,06-MAY-2024,
OPTSTK,INDIACEM,27-Jun-2024,260.0,CE,0.0,0.0,0.0,7.5,4.0,0,0.0,0,0,06-MAY-2024,
OPTSTK,INDIACEM,27-Jun-2024,190.0,PE,0.0,0.0,0.0,9.25,4.65,0,0.0,0,0,06-MAY-2024,
OPTSTK,INDIACEM,27-Jun-2024,195.0,PE,5.25,5.25,5.25,5.25,6.0,1,5.8,2900,2900,06-MAY-2024,
OPTSTK,INDIACEM,27-Jun-2024,200.0,PE,7.45,9.6,6.8,9.6,9.6,5,30.17,23200,8700,06-MAY-2024,
OPTSTK,INDIACEM,27-Jun-2024,202.5,PE,0.0,0.0,0.0,7.15,8.45,0,0.0,0,0,06-MAY-2024,
OPTSTK,INDIACEM,27-Jun-2024,205.0,PE,0.0,0.0,0.0,15.15,9.35,0,0.0,0,0,06-MAY-2024,
OPTSTK,INDIACEM,27-Jun-2024,207.5,PE,0.0,0.0,0.0,8.75,10.4,0,0.0,0,0,06-MAY-2024,
OPTSTK,INDIACEM,27-Jun-2024,210.0,PE,9.85,9.85,9.85,9.85,11.45,1,6.37,5800,2900,06-MAY-2024,
OPTSTK,INDIACEM,27-Jun-2024,212.5,PE,0.0,0.0,0.0,10.55,12.6,0,0.0,0,0,06-MAY-2024,
OPTSTK,INDIACEM,27-Jun-2024,215.0,PE,0.0,0.0,0.0,20.1,13.8,0,0.0,0,0,06-MAY-2024,
OPTSTK,INDIACEM,27-Jun-2024,217.5,PE,0.0,0.0,0.0,12.6,15.05,0,0.0,0,0,06-MAY-2024,
OPTSTK,INDIACEM,27-Jun-2024,220.0,PE,0.0,0.0,0.0,15.0,16.35,0,0.0,5800,0,06-MAY-2024,
OPTSTK,INDIACEM,27-Jun-2024,222.5,PE,0.0,0.0,0.0,14.85,17.75,0,0.0,0,0,06-MAY-2024,
OPTSTK,INDIACEM,27-Jun-2024,225.0,PE,0.0,0.0,0.0,25.75,19.2,0,0.0,0,0,06-MAY-2024,
OPTSTK,INDIACEM,27-Jun-2024,227.5,PE,0.0,0.0,0.0,17.35,20.7,0,0.0,0,0,06-MAY-2024,
OPTSTK,INDIACEM,27-Jun-2024,230.0,PE,0.0,0.0,0.0,28.8,22.25,0,0.0,0,0,06-MAY-2024,
OPTSTK,INDIACEM,27-Jun-2024,232.5,PE,0.0,0.0,0.0,20.05,23.9,0,0.0,0,0,06-MAY-2024,
OPTSTK,INDIACEM,27-Jun-2024,235.0,PE,0.0,0.0,0.0,32.05,25.55,0,0.0,0,0,06-MAY-2024,
OPTSTK,INDIACEM,27-Jun-2024,237.5,PE,0.0,0.0,0.0,22.95,27.25,0,0.0,0,0,06-MAY-2024,
OPTSTK,INDIACEM,27-Jun-2024,240.0,PE,0.0,0.0,0.0,35.5,29.05,0,0.0,0,0,06-MAY-2024,
OPTSTK,INDIACEM,27-Jun-2024,242.5,PE,0.0,0.0,0.0,26.05,30.85,0,0.0,0,0,06-MAY-2024,
OPTSTK,INDIACEM,27-Jun-2024,245.0,PE,0.0,0.0,0.0,39.0,32.75,0,0.0,0,0,06-MAY-2024,
OPTSTK,INDIACEM,27-Jun-2024,247.5,PE,0.0,0.0,0.0,29.3,34.65,0,0.0,0,0,06-MAY-2024,
OPTSTK,INDIACEM,27-Jun-2024,250.0,PE,0.0,0.0,0.0,42.7,36.6,0,0.0,0,0,06-MAY-2024,
OPTSTK,INDIACEM,27-Jun-2024,255.0,PE,0.0,0.0,0.0,46.5,40.6,0,0.0,0,0,06-MAY-2024,
OPTSTK,INDIACEM,27-Jun-2024,260.0,PE,0.0,0.0,0.0,50.45,44.7,0,0.0,0,0,06-MAY-2024,
OPTSTK,INDIACEM,25-Jul-2024,190.0,CE,0.0,0.0,0.0,46.15,36.7,0,0.0,0,0,06-MAY-2024,
OPTSTK,INDIACEM,25-Jul-2024,200.0,CE,0.0,0.0,0.0,39.15,30.15,0,0.0,0,0,06-MAY-2024,
OPTSTK,INDIACEM,25-Jul-2024,205.0,CE,0.0,0.0,0.0,35.9,27.2,0,0.0,0,0,06-MAY-2024,
OPTSTK,INDIACEM,25-Jul-2024,210.0,CE,0.0,0.0,0.0,32.8,24.45,0,0.0,0,0,06-MAY-2024,
OPTSTK,INDIACEM,25-Jul-2024,215.0,CE,0.0,0.0,0.0,29.95,21.9,0,0.0,0,0,06-MAY-2024,
OPTSTK,INDIACEM,25-Jul-2024,220.0,CE,0.0,0.0,0.0,27.25,19.55,0,0.0,0,0,06-MAY-2024,
OPTSTK,INDIACEM,25-Jul-2024,225.0,CE,0.0,0.0,0.0,24.75,17.4,0,0.0,0,0,06-MAY-2024,
OPTSTK,INDIACEM,25-Jul-2024,230.0,CE,0.0,0.0,0.0,22.4,15.45,0,0.0,0,0,06-MAY-2024,
OPTSTK,INDIACEM,25-Jul-2024,235.0,CE,0.0,0.0,0.0,20.25,13.7,0,0.0,0,0,06-MAY-2024,
OPTSTK,INDIACEM,25-Jul-2024,240.0,CE,0.0,0.0,0.0,18.3,12.1,0,0.0,0,0,06-MAY-2024,
OPTSTK,INDIACEM,25-Jul-2024,245.0,CE,0.0,0.0,0.0,16.45,10.65,0,0.0,0,0,06-MAY-2024,
OPTSTK,INDIACEM,25-Jul-2024,250.0,CE,0.0,0.0,0.0,14.75,9.35,0,0.0,0,0,06-MAY-2024,
OPTSTK,INDIACEM,25-Jul-2024,260.0,CE,0.0,0.0,0.0,11.85,7.15,0,0.0,0,0,06-MAY-2024,
OPTSTK,INDIACEM,25-Jul-2024,190.0,PE,0.0,0.0,0.0,6.1,7.1,0,0.0,0,0,06-MAY-2024,
OPTSTK,INDIACEM,25-Jul-2024,200.0,PE,0.0,0.0,0.0,8.9,10.4,0,0.0,0,0,06-MAY-2024,
OPTSTK,INDIACEM,25-Jul-2024,205.0,PE,0.0,0.0,0.0,10.6,12.35,0,0.0,0,0,06-MAY-2024,
OPTSTK,INDIACEM,25-Jul-2024,210.0,PE,0.0,0.0,0.0,12.45,14.55,0,0.0,0,0,06-MAY-2024,
OPTSTK,INDIACEM,25-Jul-2024,215.0,PE,0.0,0.0,0.0,14.45,16.9,0,0.0,0,0,06-MAY-2024,
OPTSTK,INDIACEM,25-Jul-2024,220.0,PE,0.0,0.0,0.0,16.7,19.5,0,0.0,0,0,06-MAY-2024,
OPTSTK,INDIACEM,25-Jul-2024,225.0,PE,0.0,0.0,0.0,19.1,22.25,0,0.0,0,0,06-MAY-2024,
OPTSTK,INDIACEM,25-Jul-2024,230.0,PE,0.0,0.0,0.0,21.65,25.2,0,0.0,0,0,06-MAY-2024,
OPTSTK,INDIACEM,25-Jul-2024,235.0,PE,0.0,0.0,0.0,24.4,28.35,0,0.0,0,0,06-MAY-2024,
OPTSTK,INDIACEM,25-Jul-2024,240.0,PE,0.0,0.0,0.0,27.35,31.7,0,0.0,0,0,06-MAY-2024,
OPTSTK,INDIACEM,25-Jul-2024,245.0,PE,0.0,0.0,0.0,30.4,35.15,0,0.0,0,0,06-MAY-2024,
OPTSTK,INDIACEM,25-Jul-2024,250.0,PE,0.0,0.0,0.0,33.65,38.8,0,0.0,0,0,06-MAY-2024,
OPTSTK,INDIACEM,25-Jul-2024,260.0,PE,0.0,0.0,0.0,40.55,46.45,0,0.0,0,0,06-MAY-2024,
OPTSTK,INDIAMART,30-May-2024,2240.0,CE,0.0,0.0,0.0,491.9,554.55,0,0.0,0,0,06-MAY-2024,
OPTSTK,INDIAMART,30-May-2024,2280.0,CE,0.0,0.0,0.0,460.15,515.35,0,0.0,0,0,06-MAY-2024,
OPTSTK,INDIAMART,30-May-2024,2300.0,CE,0.0,0.0,0.0,300.0,495.85,0,0.0,1200,0,06-MAY-2024,
OPTSTK,INDIAMART,30-May-2024,2320.0,CE,0.0,0.0,0.0,429.45,476.5,0,0.0,0,0,06-MAY-2024,
OPTSTK,INDIAMART,30-May-2024,2360.0,CE,0.0,0.0,0.0,399.95,438.1,0,0.0,0,0,06-MAY-2024,
OPTSTK,INDIAMART,30-May-2024,2380.0,CE,0.0,0.0,0.0,340.65,419.15,0,0.0,0,0,06-MAY-2024,
OPTSTK,INDIAMART,30-May-2024,2400.0,CE,0.0,0.0,0.0,428.75,400.4,0,0.0,300,0,06-MAY-2024,
OPTSTK,INDIAMART,30-May-2024,2420.0,CE,0.0,0.0,0.0,311.3,381.85,0,0.0,0,0,06-MAY-2024,
OPTSTK,INDIAMART,30-May-2024,2440.0,CE,0.0,0.0,0.0,344.15,363.55,0,0.0,0,0,06-MAY-2024,
OPTSTK,INDIAMART,30-May-2024,2460.0,CE,0.0,0.0,0.0,285.8,345.5,0,0.0,0,0,06-MAY-2024,
OPTSTK,INDIAMART,30-May-2024,2480.0,CE,0.0,0.0,0.0,261.2,327.7,0,0.0,300,0,06-MAY-2024,
OPTSTK,INDIAMART,30-May-2024,2500.0,CE,280.05,305.0,280.0,287.4,310.3,10,83.61,6600,1500,06-MAY-2024,
OPTSTK,INDIAMART,30-May-2024,2520.0,CE,0.0,0.0,0.0,324.4,293.2,0,0.0,600,0,06-MAY-2024,
OPTSTK,INDIAMART,30-May-2024,2540.0,CE,252.25,252.25,252.2,252.2,276.5,2,16.75,1200,600,06-MAY-2024,
OPTSTK,INDIAMART,30-May-2024,2560.0,CE,237.05,239.25,235.75,239.25,260.25,5,41.95,2400,1500,06-MAY-2024,
OPTSTK,INDIAMART,30-May-2024,2580.0,CE,0.0,0.0,0.0,208.65,244.4,0,0.0,0,0,06-MAY-2024,
OPTSTK,INDIAMART,30-May-2024,2600.0,CE,220.05,224.45,204.45,214.5,214.5,7,59.06,24600,-600,06-MAY-2024,
OPTSTK,INDIAMART,30-May-2024,2620.0,CE,0.0,0.0,0.0,186.95,214.25,0,0.0,0,0,06-MAY-2024,
OPTSTK,INDIAMART,30-May-2024,2640.0,CE,0.0,0.0,0.0,182.85,199.75,0,0.0,2700,0,06-MAY-2024,
OPTSTK,INDIAMART,30-May-2024,2660.0,CE,0.0,0.0,0.0,246.25,185.9,0,0.0,1500,0,06-MAY-2024,
OPTSTK,INDIAMART,30-May-2024,2680.0,CE,0.0,0.0,0.0,230.9,172.65,0,0.0,1200,0,06-MAY-2024,
OPTSTK,INDIAMART,30-May-2024,2700.0,CE,161.3,163.0,131.6,147.85,147.85,86,733.8,43800,-1200,06-MAY-2024,
OPTSTK,INDIAMART,30-May-2024,2720.0,CE,129.5,129.55,126.95,127.0,147.8,4,34.17,5700,900,06-MAY-2024,
OPTSTK,INDIAMART,30-May-2024,2740.0,CE,120.0,136.0,114.75,136.0,136.0,8,68.63,7500,-600,06-MAY-2024,
OPTSTK,INDIAMART,30-May-2024,2760.0,CE,118.0,119.0,99.3,105.15,125.35,13,111.95,9600,0,06-MAY-2024,
OPTSTK,INDIAMART,30-May-2024,2780.0,CE,101.55,124.0,87.0,103.8,103.8,52,449.31,13500,-1200,06-MAY-2024,
OPTSTK,INDIAMART,30-May-2024,2800.0,CE,95.75,115.35,77.1,95.8,95.8,3417,29662.21,150300,50700,06-MAY-2024,
OPTSTK,INDIAMART,30-May-2024,2820.0,CE,85.0,106.0,85.0,88.9,88.9,25,218.56,8400,-1200,06-MAY-2024,
OPTSTK,INDIAMART,30-May-2024,2840.0,CE,76.75,86.85,70.25,76.0,76.0,44,385.13,16200,-1200,06-MAY-2024,
OPTSTK,INDIAMART,30-May-2024,2860.0,CE,70.5,88.2,59.95,72.7,72.7,131,1152.51,29700,-1200,06-MAY-2024,
OPTSTK,INDIAMART,30-May-2024,2880.0,CE,74.0,74.0,53.85,66.9,66.9,27,238.33,25500,-3300,06-MAY-2024,
OPTSTK,INDIAMART,30-May-2024,2900.0,CE,57.8,73.0,45.2,58.15,58.15,1005,8919.64,192900,2400,06-MAY-2024,
OPTSTK,INDIAMART,30-May-2024,2920.0,CE,56.6,56.6,56.6,56.6,58.65,1,8.92,3000,300,06-MAY-2024,
OPTSTK,INDIAMART,30-May-2024,2940.0,CE,42.8,54.8,41.95,42.0,52.7,8,71.67,4800,300,06-MAY-2024,
OPTSTK,INDIAMART,30-May-2024,2960.0,CE,46.25,46.25,37.15,38.15,47.3,4,35.99,6600,-900,06-MAY-2024,
OPTSTK,INDIAMART,30-May-2024,2980.0,CE,35.55,35.55,35.55,35.55,35.55,1,9.04,1500,-300,06-MAY-2024,
OPTSTK,INDIAMART,30-May-2024,3000.0,CE,32.85,44.9,25.35,33.65,33.65,1886,17179.3,281700,10500,06-MAY-2024,
OPTSTK,INDIAMART,30-May-2024,3020.0,CE,30.2,30.2,26.7,26.85,26.85,3,27.43,900,0,06-MAY-2024,
OPTSTK,INDIAMART,30-May-2024,3040.0,CE,25.0,30.75,21.3,27.1,27.1,26,239.15,12600,-3000,06-MAY-2024,
OPTSTK,INDIAMART,30-May-2024,3060.0,CE,21.65,21.65,21.65,21.65,21.65,1,9.24,600,300,06-MAY-2024,
OPTSTK,INDIAMART,30-May-2024,3080.0,CE,0.0,0.0,0.0,19.5,23.4,0,0.0,1800,0,06-MAY-2024,
OPTSTK,INDIAMART,30-May-2024,3100.0,CE,17.45,25.9,13.75,18.05,18.05,131,1225.41,64500,-2400,06-MAY-2024,
OPTSTK,INDIAMART,30-May-2024,3120.0,CE,0.0,0.0,0.0,19.0,18.15,0,0.0,1200,0,06-MAY-2024,
OPTSTK,INDIAMART,30-May-2024,3140.0,CE,13.25,13.25,13.0,13.0,15.9,4,37.83,11700,-600,06-MAY-2024,
OPTSTK,INDIAMART,30-May-2024,3160.0,CE,12.8,12.8,12.8,12.8,13.95,1,9.51,21900,0,06-MAY-2024,
OPTSTK,INDIAMART,30-May-2024,3200.0,CE,10.0,14.05,7.6,9.1,9.1,51,491.23,22800,1800,06-MAY-2024,
OPTSTK,INDIAMART,30-May-2024,3240.0,CE,10.0,10.0,5.7,6.4,8.0,5,48.71,2400,600,06-MAY-2024,
OPTSTK,INDIAMART,30-May-2024,3280.0,CE,5.0,5.0,4.95,5.0,5.0,28,275.93,28500,5700,06-MAY-2024,
OPTSTK,INDIAMART,30-May-2024,2120.0,PE,0.0,0.0,0.0,0.65,0.15,0,0.0,22500,0,06-MAY-2024,
OPTSTK,INDIAMART,30-May-2024,2240.0,PE,1.5,1.5,1.5,1.5,0.9,1,6.72,600,0,06-MAY-2024,
OPTSTK,INDIAMART,30-May-2024,2280.0,PE,0.0,0.0,0.0,0.9,1.5,0,0.0,300,0,06-MAY-2024,
OPTSTK,INDIAMART,30-May-2024,2300.0,PE,2.1,5.0,2.1,3.85,3.85,19,131.34,34500,0,06-MAY-2024,
OPTSTK,INDIAMART,30-May-2024,2320.0,PE,0.0,0.0,0.0,52.6,2.5,0,0.0,0,0,06-MAY-2024,
OPTSTK,INDIAMART,30-May-2024,2360.0,PE,0.0,0.0,0.0,19.55,3.95,0,0.0,600,0,06-MAY-2024,
OPTSTK,INDIAMART,30-May-2024,2380.0,PE,0.0,0.0,0.0,3.0,4.9,0,0.0,300,0,06-MAY-2024,
OPTSTK,INDIAMART,30-May-2024,2400.0,PE,4.25,8.25,4.25,7.6,7.6,72,519.98,41100,1800,06-MAY-2024,
OPTSTK,INDIAMART,30-May-2024,2420.0,PE,0.0,0.0,0.0,56.3,7.4,0,0.0,0,0,06-MAY-2024,
OPTSTK,INDIAMART,30-May-2024,2440.0,PE,0.0,0.0,0.0,11.4,9.0,0,0.0,600,0,06-MAY-2024,
OPTSTK,INDIAMART,30-May-2024,2460.0,PE,0.0,0.0,0.0,7.9,10.85,0,0.0,1500,0,06-MAY-2024,
OPTSTK,INDIAMART,30-May-2024,2480.0,PE,0.0,0.0,0.0,15.0,13.0,0,0.0,900,0,06-MAY-2024,
OPTSTK,INDIAMART,30-May-2024,2500.0,PE,14.0,18.15,13.0,16.55,16.55,58,437.74,80100,600,06-MAY-2024,
OPTSTK,INDIAMART,30-May-2024,2520.0,PE,0.0,0.0,0.0,18.45,18.3,0,0.0,2700,0,06-MAY-2024,
OPTSTK,INDIAMART,30-May-2024,2540.0,PE,20.6,20.6,20.6,20.6,21.5,1,7.68,8400,-300,06-MAY-2024,
OPTSTK,INDIAMART,30-May-2024,2560.0,PE,16.95,25.65,16.95,24.55,24.55,7,54.26,13500,-300,06-MAY-2024,
OPTSTK,INDIAMART,30-May-2024,2580.0,PE,28.85,30.9,28.85,29.9,29.2,14,109.58,3000,1800,06-MAY-2024,
OPTSTK,INDIAMART,30-May-2024,2600.0,PE,28.8,37.65,26.0,33.8,33.8,72,568.51,66900,2700,06-MAY-2024,
OPTSTK,INDIAMART,30-May-2024,2620.0,PE,0.0,0.0,0.0,38.15,38.85,0,0.0,2100,0,06-MAY-2024,
OPTSTK,INDIAMART,30-May-2024,2640.0,PE,0.0,0.0,0.0,45.0,44.25,0,0.0,14700,0,06-MAY-2024,
OPTSTK,INDIAMART,30-May-2024,2660.0,PE,50.6,51.8,41.35,51.65,50.35,24,195.0,14100,5100,06-MAY-2024,
OPTSTK,INDIAMART,30-May-2024,2680.0,PE,58.3,58.3,49.0,57.65,56.95,3,24.61,5400,300,06-MAY-2024,
OPTSTK,INDIAMART,30-May-2024,2700.0,PE,60.0,70.5,51.1,62.3,62.3,286,2369.07,81300,-1200,06-MAY-2024,
OPTSTK,INDIAMART,30-May-2024,2720.0,PE,74.8,74.8,74.8,74.8,71.95,1,8.38,3900,0,06-MAY-2024,
OPTSTK,INDIAMART,30-May-2024,2740.0,PE,0.0,0.0,0.0,79.55,80.35,0,0.0,9300,0,06-MAY-2024,
OPTSTK,INDIAMART,30-May-2024,2760.0,PE,80.2,84.25,80.2,84.25,89.3,2,17.05,4200,0,06-MAY-2024,
OPTSTK,INDIAMART,30-May-2024,2780.0,PE,100.0,110.0,95.65,103.5,103.5,7,60.54,3600,-300,06-MAY-2024,
OPTSTK,INDIAMART,30-May-2024,2800.0,PE,106.15,123.5,92.9,107.35,107.35,293,2558.13,71100,11400,06-MAY-2024,
OPTSTK,INDIAMART,30-May-2024,2820.0,PE,122.85,129.65,115.45,129.15,119.75,6,53.01,3600,1500,06-MAY-2024,
OPTSTK,INDIAMART,30-May-2024,2840.0,PE,139.5,141.8,138.35,139.25,131.05,7,62.57,3900,-600,06-MAY-2024,
OPTSTK,INDIAMART,30-May-2024,2860.0,PE,150.8,150.8,150.8,150.8,142.95,1,9.03,5100,-300,06-MAY-2024,
OPTSTK,INDIAMART,30-May-2024,2880.0,PE,139.2,162.75,139.2,158.4,158.4,5,45.54,7500,0,06-MAY-2024,
OPTSTK,INDIAMART,30-May-2024,2900.0,PE,160.05,183.6,160.05,171.45,171.45,13,119.91,14100,1200,06-MAY-2024,
OPTSTK,INDIAMART,30-May-2024,2920.0,PE,193.45,194.95,186.5,186.5,186.5,8,74.71,3000,2400,06-MAY-2024,
OPTSTK,INDIAMART,30-May-2024,2940.0,PE,0.0,0.0,0.0,326.45,195.85,0,0.0,0,0,06-MAY-2024,
OPTSTK,INDIAMART,30-May-2024,2960.0,PE,0.0,0.0,0.0,355.45,210.35,0,0.0,0,0,06-MAY-2024,
OPTSTK,INDIAMART,30-May-2024,2980.0,PE,0.0,0.0,0.0,356.9,225.4,0,0.0,0,0,06-MAY-2024,
OPTSTK,INDIAMART,30-May-2024,3000.0,PE,0.0,0.0,0.0,251.4,240.65,0,0.0,12000,0,06-MAY-2024,
OPTSTK,INDIAMART,30-May-2024,3020.0,PE,0.0,0.0,0.0,388.3,256.45,0,0.0,0,0,06-MAY-2024,
OPTSTK,INDIAMART,30-May-2024,3040.0,PE,0.0,0.0,0.0,413.95,272.55,0,0.0,0,0,06-MAY-2024,
OPTSTK,INDIAMART,30-May-2024,3060.0,PE,0.0,0.0,0.0,420.75,289.05,0,0.0,0,0,06-MAY-2024,
OPTSTK,INDIAMART,30-May-2024,3080.0,PE,0.0,0.0,0.0,444.45,305.9,0,0.0,0,0,06-MAY-2024,
OPTSTK,INDIAMART,30-May-2024,3100.0,PE,0.0,0.0,0.0,273.15,323.05,0,0.0,0,0,06-MAY-2024,
OPTSTK,INDIAMART,30-May-2024,3120.0,PE,0.0,0.0,0.0,258.5,340.45,0,0.0,300,0,06-MAY-2024,
OPTSTK,INDIAMART,30-May-2024,3140.0,PE,0.0,0.0,0.0,274.8,358.15,0,0.0,300,0,06-MAY-2024,
OPTSTK,INDIAMART,30-May-2024,3160.0,PE,0.0,0.0,0.0,507.7,376.05,0,0.0,0,0,06-MAY-2024,
OPTSTK,INDIAMART,30-May-2024,3200.0,PE,0.0,0.0,0.0,540.4,412.55,0,0.0,0,0,06-MAY-2024,
OPTSTK,INDIAMART,30-May-2024,3240.0,PE,0.0,0.0,0.0,573.75,449.75,0,0.0,0,0,06-MAY-2024,
OPTSTK,INDIAMART,30-May-2024,3280.0,PE,0.0,0.0,0.0,607.7,487.55,0,0.0,0,0,06-MAY-2024,
OPTSTK,INDIAMART,27-Jun-2024,2240.0,CE,0.0,0.0,0.0,481.05,574.55,0,0.0,0,0,06-MAY-2024,
OPTSTK,INDIAMART,27-Jun-2024,2280.0,CE,0.0,0.0,0.0,449.25,537.8,0,0.0,0,0,06-MAY-2024,
OPTSTK,INDIAMART,27-Jun-2024,2320.0,CE,0.0,0.0,0.0,418.55,501.75,0,0.0,0,0,06-MAY-2024,
OPTSTK,INDIAMART,27-Jun-2024,2360.0,CE,0.0,0.0,0.0,389.05,466.55,0,0.0,0,0,06-MAY-2024,
OPTSTK,INDIAMART,27-Jun-2024,2380.0,CE,0.0,0.0,0.0,352.8,449.3,0,0.0,0,0,06-MAY-2024,
OPTSTK,INDIAMART,27-Jun-2024,2400.0,CE,0.0,0.0,0.0,360.65,432.3,0,0.0,0,0,06-MAY-2024,
OPTSTK,INDIAMART,27-Jun-2024,2420.0,CE,0.0,0.0,0.0,323.2,415.55,0,0.0,0,0,06-MAY-2024,
OPTSTK,INDIAMART,27-Jun-2024,2440.0,CE,0.0,0.0,0.0,333.4,399.1,0,0.0,0,0,06-MAY-2024,
OPTSTK,INDIAMART,27-Jun-2024,2460.0,CE,0.0,0.0,0.0,294.85,382.95,0,0.0,0,0,06-MAY-2024,
OPTSTK,INDIAMART,27-Jun-2024,2480.0,CE,0.0,0.0,0.0,307.5,367.1,0,0.0,0,0,06-MAY-2024,
OPTSTK,INDIAMART,27-Jun-2024,2500.0,CE,0.0,0.0,0.0,267.95,351.6,0,0.0,0,0,06-MAY-2024,
OPTSTK,INDIAMART,27-Jun-2024,2520.0,CE,0.0,0.0,0.0,282.95,336.4,0,0.0,0,0,06-MAY-2024,
OPTSTK,INDIAMART,27-Jun-2024,2540.0,CE,0.0,0.0,0.0,242.65,321.65,0,0.0,0,0,06-MAY-2024,
OPTSTK,INDIAMART,27-Jun-2024,2560.0,CE,0.0,0.0,0.0,259.7,307.15,0,0.0,0,0,06-MAY-2024,
OPTSTK,INDIAMART,27-Jun-2024,2580.0,CE,0.0,0.0,0.0,218.9,293.0,0,0.0,0,0,06-MAY-2024,
OPTSTK,INDIAMART,27-Jun-2024,2600.0,CE,0.0,0.0,0.0,237.8,279.1,0,0.0,0,0,06-MAY-2024,
OPTSTK,INDIAMART,27-Jun-2024,2620.0,CE,0.0,0.0,0.0,196.75,265.75,0,0.0,0,0,06-MAY-2024,
OPTSTK,INDIAMART,27-Jun-2024,2640.0,CE,0.0,0.0,0.0,217.15,252.75,0,0.0,0,0,06-MAY-2024,
OPTSTK,INDIAMART,27-Jun-2024,2660.0,CE,0.0,0.0,0.0,176.2,240.2,0,0.0,0,0,06-MAY-2024,
OPTSTK,INDIAMART,27-Jun-2024,2680.0,CE,0.0,0.0,0.0,197.85,228.0,0,0.0,0,0,06-MAY-2024,
OPTSTK,INDIAMART,27-Jun-2024,2700.0,CE,0.0,0.0,0.0,157.15,216.2,0,0.0,0,0,06-MAY-2024,
OPTSTK,INDIAMART,27-Jun-2024,2720.0,CE,0.0,0.0,0.0,179.85,204.8,0,0.0,0,0,06-MAY-2024,
OPTSTK,INDIAMART,27-Jun-2024,2740.0,CE,0.0,0.0,0.0,139.65,193.8,0,0.0,0,0,06-MAY-2024,
OPTSTK,INDIAMART,27-Jun-2024,2760.0,CE,0.0,0.0,0.0,163.1,183.25,0,0.0,0,0,06-MAY-2024,
OPTSTK,INDIAMART,27-Jun-2024,2780.0,CE,0.0,0.0,0.0,123.65,173.05,0,0.0,0,0,06-MAY-2024,
OPTSTK,INDIAMART,27-Jun-2024,2800.0,CE,126.9,140.65,126.9,137.5,137.5,13,114.53,11700,300,06-MAY-2024,
OPTSTK,INDIAMART,27-Jun-2024,2820.0,CE,0.0,0.0,0.0,109.1,153.9,0,0.0,0,0,06-MAY-2024,
OPTSTK,INDIAMART,27-Jun-2024,2840.0,CE,0.0,0.0,0.0,133.15,144.9,0,0.0,0,0,06-MAY-2024,
OPTSTK,INDIAMART,27-Jun-2024,2860.0,CE,0.0,0.0,0.0,95.9,136.3,0,0.0,0,0,06-MAY-2024,
OPTSTK,INDIAMART,27-Jun-2024,2880.0,CE,0.0,0.0,0.0,119.9,128.1,0,0.0,0,0,06-MAY-2024,
OPTSTK,INDIAMART,27-Jun-2024,2900.0,CE,0.0,0.0,0.0,84.0,120.25,0,0.0,0,0,06-MAY-2024,
OPTSTK,INDIAMART,27-Jun-2024,2920.0,CE,0.0,0.0,0.0,107.75,112.75,0,0.0,0,0,06-MAY-2024,
OPTSTK,INDIAMART,27-Jun-2024,2940.0,CE,0.0,0.0,0.0,73.3,105.65,0,0.0,0,0,06-MAY-2024,
OPTSTK,INDIAMART,27-Jun-2024,2960.0,CE,0.0,0.0,0.0,96.6,98.9,0,0.0,0,0,06-MAY-2024,
OPTSTK,INDIAMART,27-Jun-2024,2980.0,CE,0.0,0.0,0.0,63.9,92.45,0,0.0,0,0,06-MAY-2024,
OPTSTK,INDIAMART,27-Jun-2024,3000.0,CE,0.0,0.0,0.0,70.0,86.35,0,0.0,1500,0,06-MAY-2024,
OPTSTK,INDIAMART,27-Jun-2024,3020.0,CE,0.0,0.0,0.0,55.35,80.6,0,0.0,0,0,06-MAY-2024,
OPTSTK,INDIAMART,27-Jun-2024,3040.0,CE,0.0,0.0,0.0,77.35,75.15,0,0.0,0,0,06-MAY-2024,
OPTSTK,INDIAMART,27-Jun-2024,3060.0,CE,0.0,0.0,0.0,47.85,70.15,0,0.0,0,0,06-MAY-2024,
OPTSTK,INDIAMART,27-Jun-2024,3080.0,CE,0.0,0.0,0.0,68.95,65.3,0,0.0,0,0,06-MAY-2024,
OPTSTK,INDIAMART,27-Jun-2024,3100.0,CE,0.0,0.0,0.0,41.2,60.75,0,0.0,0,0,06-MAY-2024,
OPTSTK,INDIAMART,27-Jun-2024,3120.0,CE,0.0,0.0,0.0,61.25,56.45,0,0.0,0,0,06-MAY-2024,
OPTSTK,INDIAMART,27-Jun-2024,3140.0,CE,0.0,0.0,0.0,35.35,52.3,0,0.0,0,0,06-MAY-2024,
OPTSTK,INDIAMART,27-Jun-2024,3160.0,CE,0.0,0.0,0.0,54.4,48.5,0,0.0,0,0,06-MAY-2024,
OPTSTK,INDIAMART,27-Jun-2024,3200.0,CE,0.0,0.0,0.0,48.2,41.6,0,0.0,0,0,06-MAY-2024,
OPTSTK,INDIAMART,27-Jun-2024,3240.0,CE,0.0,0.0,0.0,42.65,35.55,0,0.0,0,0,06-MAY-2024,
OPTSTK,INDIAMART,27-Jun-2024,3280.0,CE,0.0,0.0,0.0,37.65,30.25,0,0.0,0,0,06-MAY-2024,
OPTSTK,INDIAMART,27-Jun-2024,2240.0,PE,0.0,0.0,0.0,29.85,8.15,0,0.0,300,0,06-MAY-2024,
OPTSTK,INDIAMART,27-Jun-2024,2280.0,PE,0.0,0.0,0.0,43.05,11.0,0,0.0,0,0,06-MAY-2024,
OPTSTK,INDIAMART,27-Jun-2024,2320.0,PE,0.0,0.0,0.0,47.0,14.55,0,0.0,300,0,06-MAY-2024,
OPTSTK,INDIAMART,27-Jun-2024,2360.0,PE,0.0,0.0,0.0,61.45,18.9,0,0.0,0,0,06-MAY-2024,
OPTSTK,INDIAMART,27-Jun-2024,2380.0,PE,0.0,0.0,0.0,44.7,21.45,0,0.0,0,0,06-MAY-2024,
OPTSTK,INDIAMART,27-Jun-2024,2400.0,PE,0.0,0.0,0.0,33.0,24.25,0,0.0,4200,0,06-MAY-2024,
OPTSTK,INDIAMART,27-Jun-2024,2420.0,PE,0.0,0.0,0.0,54.55,27.35,0,0.0,0,0,06-MAY-2024,
OPTSTK,INDIAMART,27-Jun-2024,2440.0,PE,0.0,0.0,0.0,84.3,30.65,0,0.0,0,0,06-MAY-2024,
OPTSTK,INDIAMART,27-Jun-2024,2460.0,PE,0.0,0.0,0.0,65.75,34.3,0,0.0,0,0,06-MAY-2024,
OPTSTK,INDIAMART,27-Jun-2024,2480.0,PE,0.0,0.0,0.0,97.75,38.25,0,0.0,0,0,06-MAY-2024,
OPTSTK,INDIAMART,27-Jun-2024,2500.0,PE,60.0,69.45,57.45,66.5,66.5,8,61.56,4500,1200,06-MAY-2024,
OPTSTK,INDIAMART,27-Jun-2024,2520.0,PE,0.0,0.0,0.0,112.45,47.15,0,0.0,0,0,06-MAY-2024,
OPTSTK,INDIAMART,27-Jun-2024,2540.0,PE,0.0,0.0,0.0,92.5,52.2,0,0.0,0,0,06-MAY-2024,
OPTSTK,INDIAMART,27-Jun-2024,2560.0,PE,0.0,0.0,0.0,128.5,57.45,0,0.0,0,0,06-MAY-2024,
OPTSTK,INDIAMART,27-Jun-2024,2580.0,PE,0.0,0.0,0.0,108.25,63.1,0,0.0,0,0,06-MAY-2024,
OPTSTK,INDIAMART,27-Jun-2024,2600.0,PE,0.0,0.0,0.0,100.0,69.05,0,0.0,900,0,06-MAY-2024,
OPTSTK,INDIAMART,27-Jun-2024,2620.0,PE,0.0,0.0,0.0,125.6,75.45,0,0.0,0,0,06-MAY-2024,
OPTSTK,INDIAMART,27-Jun-2024,2640.0,PE,0.0,0.0,0.0,164.55,82.25,0,0.0,0,0,06-MAY-2024,
OPTSTK,INDIAMART,27-Jun-2024,2660.0,PE,0.0,0.0,0.0,144.55,89.45,0,0.0,0,0,06-MAY-2024,
OPTSTK,INDIAMART,27-Jun-2024,2680.0,PE,0.0,0.0,0.0,184.5,97.05,0,0.0,0,0,06-MAY-2024,
OPTSTK,INDIAMART,27-Jun-2024,2700.0,PE,0.0,0.0,0.0,165.0,105.05,0,0.0,0,0,06-MAY-2024,
OPTSTK,INDIAMART,27-Jun-2024,2720.0,PE,0.0,0.0,0.0,205.8,113.5,0,0.0,0,0,06-MAY-2024,
OPTSTK,INDIAMART,27-Jun-2024,2740.0,PE,0.0,0.0,0.0,187.0,122.3,0,0.0,0,0,06-MAY-2024,
OPTSTK,INDIAMART,27-Jun-2024,2760.0,PE,0.0,0.0,0.0,228.3,131.5,0,0.0,0,0,06-MAY-2024,
OPTSTK,INDIAMART,27-Jun-2024,2780.0,PE,0.0,0.0,0.0,210.5,141.1,0,0.0,0,0,06-MAY-2024,
OPTSTK,INDIAMART,27-Jun-2024,2800.0,PE,0.0,0.0,0.0,285.0,151.1,0,0.0,3300,0,06-MAY-2024,
OPTSTK,INDIAMART,27-Jun-2024,2820.0,PE,0.0,0.0,0.0,235.45,161.55,0,0.0,0,0,06-MAY-2024,
OPTSTK,INDIAMART,27-Jun-2024,2840.0,PE,0.0,0.0,0.0,276.95,172.35,0,0.0,0,0,06-MAY-2024,
OPTSTK,INDIAMART,27-Jun-2024,2860.0,PE,0.0,0.0,0.0,261.75,183.55,0,0.0,0,0,06-MAY-2024,
OPTSTK,INDIAMART,27-Jun-2024,2880.0,PE,0.0,0.0,0.0,303.0,195.1,0,0.0,0,0,06-MAY-2024,
OPTSTK,INDIAMART,27-Jun-2024,2900.0,PE,0.0,0.0,0.0,289.3,207.05,0,0.0,0,0,06-MAY-2024,
OPTSTK,INDIAMART,27-Jun-2024,2920.0,PE,0.0,0.0,0.0,330.1,219.35,0,0.0,0,0,06-MAY-2024,
OPTSTK,INDIAMART,27-Jun-2024,2940.0,PE,0.0,0.0,0.0,318.15,232.05,0,0.0,0,0,06-MAY-2024,
OPTSTK,INDIAMART,27-Jun-2024,2960.0,PE,0.0,0.0,0.0,358.25,245.1,0,0.0,0,0,06-MAY-2024,
OPTSTK,INDIAMART,27-Jun-2024,2980.0,PE,0.0,0.0,0.0,348.25,258.45,0,0.0,0,0,06-MAY-2024,
OPTSTK,INDIAMART,27-Jun-2024,3000.0,PE,0.0,0.0,0.0,387.5,272.15,0,0.0,0,0,06-MAY-2024,
OPTSTK,INDIAMART,27-Jun-2024,3020.0,PE,0.0,0.0,0.0,379.15,286.2,0,0.0,0,0,06-MAY-2024,
OPTSTK,INDIAMART,27-Jun-2024,3040.0,PE,0.0,0.0,0.0,417.55,300.55,0,0.0,0,0,06-MAY-2024,
OPTSTK,INDIAMART,27-Jun-2024,3060.0,PE,0.0,0.0,0.0,411.15,315.3,0,0.0,0,0,06-MAY-2024,
OPTSTK,INDIAMART,27-Jun-2024,3080.0,PE,0.0,0.0,0.0,448.5,330.25,0,0.0,0,0,06-MAY-2024,
OPTSTK,INDIAMART,27-Jun-2024,3100.0,PE,0.0,0.0,0.0,444.05,345.5,0,0.0,0,0,06-MAY-2024,
OPTSTK,INDIAMART,27-Jun-2024,3120.0,PE,0.0,0.0,0.0,480.05,361.0,0,0.0,0,0,06-MAY-2024,
OPTSTK,INDIAMART,27-Jun-2024,3140.0,PE,0.0,0.0,0.0,477.7,376.65,0,0.0,0,0,06-MAY-2024,
OPTSTK,INDIAMART,27-Jun-2024,3160.0,PE,0.0,0.0,0.0,512.45,392.6,0,0.0,0,0,06-MAY-2024,
OPTSTK,INDIAMART,27-Jun-2024,3200.0,PE,0.0,0.0,0.0,545.55,425.3,0,0.0,0,0,06-MAY-2024,
OPTSTK,INDIAMART,27-Jun-2024,3240.0,PE,0.0,0.0,0.0,579.25,458.85,0,0.0,0,0,06-MAY-2024,
OPTSTK,INDIAMART,27-Jun-2024,3280.0,PE,0.0,0.0,0.0,613.55,493.15,0,0.0,0,0,06-MAY-2024,
OPTSTK,INDIAMART,25-Jul-2024,2240.0,CE,0.0,0.0,0.0,492.9,597.6,0,0.0,0,0,06-MAY-2024,
OPTSTK,INDIAMART,25-Jul-2024,2320.0,CE,0.0,0.0,0.0,429.9,529.0,0,0.0,0,0,06-MAY-2024,
OPTSTK,INDIAMART,25-Jul-2024,2400.0,CE,0.0,0.0,0.0,371.35,463.95,0,0.0,0,0,06-MAY-2024,
OPTSTK,INDIAMART,25-Jul-2024,2440.0,CE,0.0,0.0,0.0,343.75,432.95,0,0.0,0,0,06-MAY-2024,
OPTSTK,INDIAMART,25-Jul-2024,2480.0,CE,0.0,0.0,0.0,317.5,403.2,0,0.0,0,0,06-MAY-2024,
OPTSTK,INDIAMART,25-Jul-2024,2520.0,CE,0.0,0.0,0.0,292.6,374.4,0,0.0,0,0,06-MAY-2024,
OPTSTK,INDIAMART,25-Jul-2024,2560.0,CE,0.0,0.0,0.0,268.95,346.75,0,0.0,0,0,06-MAY-2024,
OPTSTK,INDIAMART,25-Jul-2024,2600.0,CE,0.0,0.0,0.0,246.6,320.45,0,0.0,0,0,06-MAY-2024,
OPTSTK,INDIAMART,25-Jul-2024,2640.0,CE,0.0,0.0,0.0,225.6,295.45,0,0.0,0,0,06-MAY-2024,
OPTSTK,INDIAMART,25-Jul-2024,2680.0,CE,0.0,0.0,0.0,205.85,271.7,0,0.0,0,0,06-MAY-2024,
OPTSTK,INDIAMART,25-Jul-2024,2720.0,CE,0.0,0.0,0.0,187.4,249.3,0,0.0,0,0,06-MAY-2024,
OPTSTK,INDIAMART,25-Jul-2024,2760.0,CE,0.0,0.0,0.0,170.2,228.2,0,0.0,0,0,06-MAY-2024,
OPTSTK,INDIAMART,25-Jul-2024,2800.0,CE,0.0,0.0,0.0,154.25,208.35,0,0.0,0,0,06-MAY-2024,
OPTSTK,INDIAMART,25-Jul-2024,2840.0,CE,0.0,0.0,0.0,139.45,189.8,0,0.0,0,0,06-MAY-2024,
OPTSTK,INDIAMART,25-Jul-2024,2880.0,CE,0.0,0.0,0.0,125.85,172.5,0,0.0,0,0,06-MAY-2024,
OPTSTK,INDIAMART,25-Jul-2024,2920.0,CE,0.0,0.0,0.0,113.25,156.4,0,0.0,0,0,06-MAY-2024,
OPTSTK,INDIAMART,25-Jul-2024,2960.0,CE,0.0,0.0,0.0,101.75,141.45,0,0.0,0,0,06-MAY-2024,
OPTSTK,INDIAMART,25-Jul-2024,3000.0,CE,0.0,0.0,0.0,91.2,127.7,0,0.0,0,0,06-MAY-2024,
OPTSTK,INDIAMART,25-Jul-2024,3040.0,CE,0.0,0.0,0.0,81.75,115.0,0,0.0,0,0,06-MAY-2024,
OPTSTK,INDIAMART,25-Jul-2024,3080.0,CE,0.0,0.0,0.0,73.0,103.35,0,0.0,0,0,06-MAY-2024,
OPTSTK,INDIAMART,25-Jul-2024,3120.0,CE,0.0,0.0,0.0,65.0,92.65,0,0.0,0,0,06-MAY-2024,
OPTSTK,INDIAMART,25-Jul-2024,3160.0,CE,0.0,0.0,0.0,57.8,83.1,0,0.0,0,0,06-MAY-2024,
OPTSTK,INDIAMART,25-Jul-2024,3200.0,CE,0.0,0.0,0.0,51.3,74.25,0,0.0,0,0,06-MAY-2024,
OPTSTK,INDIAMART,25-Jul-2024,3280.0,CE,0.0,0.0,0.0,40.25,58.8,0,0.0,0,0,06-MAY-2024,
OPTSTK,INDIAMART,25-Jul-2024,2240.0,PE,0.0,0.0,0.0,34.15,18.9,0,0.0,0,0,06-MAY-2024,
OPTSTK,INDIAMART,25-Jul-2024,2320.0,PE,0.0,0.0,0.0,49.7,29.0,0,0.0,0,0,06-MAY-2024,
OPTSTK,INDIAMART,25-Jul-2024,2400.0,PE,0.0,0.0,0.0,69.75,42.75,0,0.0,0,0,06-MAY-2024,
OPTSTK,INDIAMART,25-Jul-2024,2440.0,PE,0.0,0.0,0.0,81.4,51.1,0,0.0,0,0,06-MAY-2024,
OPTSTK,INDIAMART,25-Jul-2024,2480.0,PE,0.0,0.0,0.0,94.45,60.65,0,0.0,0,0,06-MAY-2024,
OPTSTK,INDIAMART,25-Jul-2024,2520.0,PE,0.0,0.0,0.0,108.75,71.25,0,0.0,0,0,06-MAY-2024,
OPTSTK,INDIAMART,25-Jul-2024,2560.0,PE,0.0,0.0,0.0,124.4,82.95,0,0.0,0,0,06-MAY-2024,
OPTSTK,INDIAMART,25-Jul-2024,2600.0,PE,0.0,0.0,0.0,141.35,96.05,0,0.0,0,0,06-MAY-2024,
OPTSTK,INDIAMART,25-Jul-2024,2640.0,PE,0.0,0.0,0.0,159.6,110.4,0,0.0,0,0,06-MAY-2024,
OPTSTK,INDIAMART,25-Jul-2024,2680.0,PE,0.0,0.0,0.0,179.15,126.05,0,0.0,0,0,06-MAY-2024,
OPTSTK,INDIAMART,25-Jul-2024,2720.0,PE,0.0,0.0,0.0,200.0,143.0,0,0.0,0,0,06-MAY-2024,
OPTSTK,INDIAMART,25-Jul-2024,2760.0,PE,0.0,0.0,0.0,222.1,161.25,0,0.0,0,0,06-MAY-2024,
OPTSTK,INDIAMART,25-Jul-2024,2800.0,PE,0.0,0.0,0.0,245.4,180.8,0,0.0,0,0,06-MAY-2024,
OPTSTK,INDIAMART,25-Jul-2024,2840.0,PE,0.0,0.0,0.0,269.9,201.6,0,0.0,0,0,06-MAY-2024,
OPTSTK,INDIAMART,25-Jul-2024,2880.0,PE,0.0,0.0,0.0,295.5,223.65,0,0.0,0,0,06-MAY-2024,
OPTSTK,INDIAMART,25-Jul-2024,2920.0,PE,0.0,0.0,0.0,322.25,246.9,0,0.0,0,0,06-MAY-2024,
OPTSTK,INDIAMART,25-Jul-2024,2960.0,PE,0.0,0.0,0.0,350.0,271.4,0,0.0,0,0,06-MAY-2024,
OPTSTK,INDIAMART,25-Jul-2024,3000.0,PE,0.0,0.0,0.0,378.7,296.95,0,0.0,0,0,06-MAY-2024,
OPTSTK,INDIAMART,25-Jul-2024,3040.0,PE,0.0,0.0,0.0,408.5,323.65,0,0.0,0,0,06-MAY-2024,
OPTSTK,INDIAMART,25-Jul-2024,3080.0,PE,0.0,0.0,0.0,439.1,351.35,0,0.0,0,0,06-MAY-2024,
OPTSTK,INDIAMART,25-Jul-2024,3120.0,PE,0.0,0.0,0.0,470.35,380.05,0,0.0,0,0,06-MAY-2024,
OPTSTK,INDIAMART,25-Jul-2024,3160.0,PE,0.0,0.0,0.0,502.45,409.85,0,0.0,0,0,06-MAY-2024,
OPTSTK,INDIAMART,25-Jul-2024,3200.0,PE,0.0,0.0,0.0,535.25,440.35,0,0.0,0,0,06-MAY-2024,
OPTSTK,INDIAMART,25-Jul-2024,3280.0,PE,0.0,0.0,0.0,602.7,503.65,0,0.0,0,0,06-MAY-2024,
OPTSTK,INDIGO,30-May-2024,3000.0,CE,0.0,0.0,0.0,793.8,1012.15,0,0.0,3000,0,06-MAY-2024,
OPTSTK,INDIGO,30-May-2024,3200.0,CE,0.0,0.0,0.0,592.0,813.55,0,0.0,900,0,06-MAY-2024,
OPTSTK,INDIGO,30-May-2024,3300.0,CE,0.0,0.0,0.0,455.0,715.0,0,0.0,600,0,06-MAY-2024,
OPTSTK,INDIGO,30-May-2024,3400.0,CE,0.0,0.0,0.0,660.0,617.8,0,0.0,3600,0,06-MAY-2024,
OPTSTK,INDIGO,30-May-2024,3500.0,CE,0.0,0.0,0.0,569.55,523.15,0,0.0,22200,0,06-MAY-2024,
OPTSTK,INDIGO,30-May-2024,3600.0,CE,398.3,398.3,398.3,398.3,432.6,1,11.99,19200,-300,06-MAY-2024,
OPTSTK,INDIGO,30-May-2024,3650.0,CE,414.35,414.35,355.75,383.9,389.5,4,48.41,3000,300,06-MAY-2024,
OPTSTK,INDIGO,30-May-2024,3700.0,CE,390.2,390.2,314.85,360.0,360.0,18,218.57,59100,-3600,06-MAY-2024,
OPTSTK,INDIGO,30-May-2024,3750.0,CE,0.0,0.0,0.0,419.4,308.9,0,0.0,20700,0,06-MAY-2024,
OPTSTK,INDIGO,30-May-2024,3800.0,CE,304.45,304.45,235.05,280.4,280.4,309,3763.26,105300,-13200,06-MAY-2024,
OPTSTK,INDIGO,30-May-2024,3850.0,CE,217.3,245.0,206.9,245.0,237.35,4,48.91,10200,-600,06-MAY-2024,
OPTSTK,INDIGO,30-May-2024,3900.0,CE,214.65,221.0,173.3,204.65,204.65,41,503.88,65700,-3300,06-MAY-2024,
OPTSTK,INDIGO,30-May-2024,3950.0,CE,177.7,186.9,148.5,178.6,178.6,66,815.42,38700,2700,06-MAY-2024,
OPTSTK,INDIGO,30-May-2024,4000.0,CE,178.95,179.0,122.35,149.5,149.5,1072,13328.19,230700,23700,06-MAY-2024,
OPTSTK,INDIGO,30-May-2024,4050.0,CE,144.35,144.4,103.25,126.45,126.45,208,2603.31,49500,3900,06-MAY-2024,
OPTSTK,INDIGO,30-May-2024,4100.0,CE,139.95,139.95,84.0,105.4,105.4,755,9519.13,159300,-8700,06-MAY-2024,
OPTSTK,INDIGO,30-May-2024,4150.0,CE,107.95,108.0,69.85,87.1,87.1,453,5752.77,128700,-6600,06-MAY-2024,
OPTSTK,INDIGO,30-May-2024,4200.0,CE,86.85,86.85,57.25,71.8,71.8,1186,15189.64,266100,-28200,06-MAY-2024,
OPTSTK,INDIGO,30-May-2024,4250.0,CE,66.2,66.6,48.35,59.2,59.2,307,3966.18,39600,2400,06-MAY-2024,
OPTSTK,INDIGO,30-May-2024,4300.0,CE,57.05,58.25,40.0,49.1,49.1,521,6794.95,196200,-4500,06-MAY-2024,
OPTSTK,INDIGO,30-May-2024,4350.0,CE,51.5,51.5,37.0,37.0,37.0,21,276.66,5400,3000,06-MAY-2024,
OPTSTK,INDIGO,30-May-2024,4400.0,CE,39.8,39.85,27.3,33.1,33.1,379,5039.32,145200,6000,06-MAY-2024,
OPTSTK,INDIGO,30-May-2024,4500.0,CE,26.0,28.0,18.0,22.35,22.35,450,6104.41,136200,5400,06-MAY-2024,
OPTSTK,INDIGO,30-May-2024,4600.0,CE,15.15,17.25,12.0,14.95,14.95,371,5136.03,36000,600,06-MAY-2024,
OPTSTK,INDIGO,30-May-2024,3000.0,PE,2.0,3.1,1.7,2.3,2.3,58,522.46,16800,6000,06-MAY-2024,
OPTSTK,INDIGO,30-May-2024,3100.0,PE,0.0,0.0,0.0,2.7,0.2,0,0.0,8400,0,06-MAY-2024,
OPTSTK,INDIGO,30-May-2024,3200.0,PE,2.6,3.7,2.6,3.4,3.4,36,345.95,54900,-2400,06-MAY-2024,
OPTSTK,INDIGO,30-May-2024,3300.0,PE,4.9,5.0,3.15,5.0,1.55,27,267.66,47400,-2100,06-MAY-2024,
OPTSTK,INDIGO,30-May-2024,3400.0,PE,8.45,11.15,8.15,10.4,10.4,228,2332.47,166800,-3300,06-MAY-2024,
OPTSTK,INDIGO,30-May-2024,3500.0,PE,14.1,17.0,11.9,14.9,14.9,179,1887.24,126900,-7500,06-MAY-2024,
OPTSTK,INDIGO,30-May-2024,3550.0,PE,19.7,19.75,19.7,19.75,12.6,2,21.41,16800,0,06-MAY-2024,
OPTSTK,INDIGO,30-May-2024,3600.0,PE,20.15,27.25,18.0,21.35,21.35,198,2151.99,127500,6000,06-MAY-2024,
OPTSTK,INDIGO,30-May-2024,3650.0,PE,0.0,0.0,0.0,24.05,24.4,0,0.0,15000,0,06-MAY-2024,
OPTSTK,INDIGO,30-May-2024,3700.0,PE,32.1,42.9,29.4,35.2,35.2,399,4471.98,239700,-13500,06-MAY-2024,
OPTSTK,INDIGO,30-May-2024,3750.0,PE,50.0,51.6,39.9,42.6,42.6,120,1366.22,40200,1800,06-MAY-2024,
OPTSTK,INDIGO,30-May-2024,3800.0,PE,49.1,68.4,47.2,53.05,53.05,450,5207.45,270900,-900,06-MAY-2024,
OPTSTK,INDIGO,30-May-2024,3850.0,PE,76.8,83.05,59.25,65.7,65.7,166,1952.78,30000,2100,06-MAY-2024,
OPTSTK,INDIGO,30-May-2024,3900.0,PE,78.1,104.2,70.05,82.8,82.8,493,5900.35,124800,-4800,06-MAY-2024,
OPTSTK,INDIGO,30-May-2024,3950.0,PE,92.8,126.65,91.0,99.75,99.75,242,2947.07,41700,1800,06-MAY-2024,
OPTSTK,INDIGO,30-May-2024,4000.0,PE,110.35,152.0,109.3,121.65,121.65,472,5845.82,112200,-18000,06-MAY-2024,
OPTSTK,INDIGO,30-May-2024,4050.0,PE,150.0,180.2,138.0,146.8,146.8,55,693.54,13500,1800,06-MAY-2024,
OPTSTK,INDIGO,30-May-2024,4100.0,PE,163.65,213.95,158.6,177.15,177.15,123,1579.62,113700,10200,06-MAY-2024,
OPTSTK,INDIGO,30-May-2024,4150.0,PE,233.05,249.05,214.65,216.7,220.0,12,157.43,41100,-900,06-MAY-2024,
OPTSTK,INDIGO,30-May-2024,4200.0,PE,225.95,282.65,225.95,250.0,254.05,11,147.14,69300,-300,06-MAY-2024,
OPTSTK,INDIGO,30-May-2024,4250.0,PE,279.35,325.0,279.35,288.85,290.55,4,54.54,1500,1200,06-MAY-2024,
OPTSTK,INDIGO,30-May-2024,4300.0,PE,335.0,355.0,335.0,355.0,328.85,3,41.83,21000,0,06-MAY-2024,
OPTSTK,INDIGO,30-May-2024,4350.0,PE,409.55,409.6,409.55,409.6,369.15,2,28.55,600,600,06-MAY-2024,
OPTSTK,INDIGO,30-May-2024,4400.0,PE,0.0,0.0,0.0,1171.25,411.1,0,0.0,0,0,06-MAY-2024,
OPTSTK,INDIGO,30-May-2024,4500.0,PE,0.0,0.0,0.0,908.15,499.0,0,0.0,0,0,06-MAY-2024,
OPTSTK,INDIGO,30-May-2024,4600.0,PE,0.0,0.0,0.0,1053.95,591.1,0,0.0,0,0,06-MAY-2024,
OPTSTK,INDIGO,27-Jun-2024,3400.0,CE,0.0,0.0,0.0,348.9,654.4,0,0.0,0,0,06-MAY-2024,
OPTSTK,INDIGO,27-Jun-2024,3500.0,CE,0.0,0.0,0.0,292.25,568.05,0,0.0,0,0,06-MAY-2024,
OPTSTK,INDIGO,27-Jun-2024,3600.0,CE,0.0,0.0,0.0,242.25,486.75,0,0.0,0,0,06-MAY-2024,
OPTSTK,INDIGO,27-Jun-2024,3650.0,CE,0.0,0.0,0.0,332.0,448.3,0,0.0,0,0,06-MAY-2024,
OPTSTK,INDIGO,27-Jun-2024,3700.0,CE,0.0,0.0,0.0,198.8,411.6,0,0.0,0,0,06-MAY-2024,
OPTSTK,INDIGO,27-Jun-2024,3750.0,CE,0.0,0.0,0.0,273.8,376.2,0,0.0,0,0,06-MAY-2024,
OPTSTK,INDIGO,27-Jun-2024,3800.0,CE,0.0,0.0,0.0,430.0,342.85,0,0.0,600,0,06-MAY-2024,
OPTSTK,INDIGO,27-Jun-2024,3850.0,CE,0.0,0.0,0.0,222.85,311.3,0,0.0,0,0,06-MAY-2024,
OPTSTK,INDIGO,27-Jun-2024,3900.0,CE,0.0,0.0,0.0,250.0,281.6,0,0.0,300,0,06-MAY-2024,
OPTSTK,INDIGO,27-Jun-2024,3950.0,CE,0.0,0.0,0.0,179.05,253.8,0,0.0,0,0,06-MAY-2024,
OPTSTK,INDIGO,27-Jun-2024,4000.0,CE,255.0,267.0,255.0,267.0,227.9,7,89.41,2100,-600,06-MAY-2024,
OPTSTK,INDIGO,27-Jun-2024,4050.0,CE,0.0,0.0,0.0,141.95,203.9,0,0.0,0,0,06-MAY-2024,
OPTSTK,INDIGO,27-Jun-2024,4100.0,CE,0.0,0.0,0.0,215.8,181.75,0,0.0,300,0,06-MAY-2024,
OPTSTK,INDIGO,27-Jun-2024,4150.0,CE,0.0,0.0,0.0,111.15,161.4,0,0.0,0,0,06-MAY-2024,
OPTSTK,INDIGO,27-Jun-2024,4200.0,CE,128.35,176.35,128.35,174.45,142.8,6,78.47,900,900,06-MAY-2024,
OPTSTK,INDIGO,27-Jun-2024,4250.0,CE,0.0,0.0,0.0,86.2,125.9,0,0.0,0,0,06-MAY-2024,
OPTSTK,INDIGO,27-Jun-2024,4300.0,CE,0.0,0.0,0.0,131.0,110.6,0,0.0,300,0,06-MAY-2024,
OPTSTK,INDIGO,27-Jun-2024,4350.0,CE,0.0,0.0,0.0,65.8,96.8,0,0.0,0,0,06-MAY-2024,
OPTSTK,INDIGO,27-Jun-2024,4400.0,CE,75.7,120.45,73.0,118.7,118.7,49,661.01,9600,6600,06-MAY-2024,
OPTSTK,INDIGO,27-Jun-2024,4500.0,CE,0.0,0.0,0.0,102.45,63.65,0,0.0,300,0,06-MAY-2024,
OPTSTK,INDIGO,27-Jun-2024,4600.0,CE,0.0,0.0,0.0,22.2,47.3,0,0.0,0,0,06-MAY-2024,
OPTSTK,INDIGO,27-Jun-2024,3400.0,PE,0.0,0.0,0.0,139.5,21.1,0,0.0,0,0,06-MAY-2024,
OPTSTK,INDIGO,27-Jun-2024,3500.0,PE,49.0,49.4,48.85,48.85,33.75,37,393.95,11100,11100,06-MAY-2024,
OPTSTK,INDIGO,27-Jun-2024,3600.0,PE,0.0,0.0,0.0,229.3,51.45,0,0.0,0,0,06-MAY-2024,
OPTSTK,INDIGO,27-Jun-2024,3650.0,PE,0.0,0.0,0.0,123.65,62.45,0,0.0,0,0,06-MAY-2024,
OPTSTK,INDIGO,27-Jun-2024,3700.0,PE,0.0,0.0,0.0,284.0,75.2,0,0.0,0,0,06-MAY-2024,
OPTSTK,INDIGO,27-Jun-2024,3750.0,PE,0.0,0.0,0.0,164.25,89.35,0,0.0,0,0,06-MAY-2024,
OPTSTK,INDIGO,27-Jun-2024,3800.0,PE,0.0,0.0,0.0,108.0,105.45,0,0.0,1200,0,06-MAY-2024,
OPTSTK,INDIGO,27-Jun-2024,3850.0,PE,0.0,0.0,0.0,212.0,123.35,0,0.0,0,0,06-MAY-2024,
OPTSTK,INDIGO,27-Jun-2024,3900.0,PE,155.0,155.0,151.0,151.0,143.15,3,36.47,3900,900,06-MAY-2024,
OPTSTK,INDIGO,27-Jun-2024,3950.0,PE,0.0,0.0,0.0,266.95,164.85,0,0.0,0,0,06-MAY-2024,
OPTSTK,INDIGO,27-Jun-2024,4000.0,PE,203.4,203.4,198.2,198.2,188.45,3,37.8,900,900,06-MAY-2024,
OPTSTK,INDIGO,27-Jun-2024,4050.0,PE,0.0,0.0,0.0,328.65,213.9,0,0.0,0,0,06-MAY-2024,
OPTSTK,INDIGO,27-Jun-2024,4100.0,PE,0.0,0.0,0.0,559.9,241.25,0,0.0,0,0,06-MAY-2024,
OPTSTK,INDIGO,27-Jun-2024,4150.0,PE,0.0,0.0,0.0,396.6,270.4,0,0.0,0,0,06-MAY-2024,
OPTSTK,INDIGO,27-Jun-2024,4200.0,PE,0.0,0.0,0.0,640.35,301.25,0,0.0,0,0,06-MAY-2024,
OPTSTK,INDIGO,27-Jun-2024,4250.0,PE,0.0,0.0,0.0,470.35,333.85,0,0.0,0,0,06-MAY-2024,
OPTSTK,INDIGO,27-Jun-2024,4300.0,PE,0.0,0.0,0.0,724.2,368.0,0,0.0,0,0,06-MAY-2024,
OPTSTK,INDIGO,27-Jun-2024,4350.0,PE,0.0,0.0,0.0,548.7,403.7,0,0.0,0,0,06-MAY-2024,
OPTSTK,INDIGO,27-Jun-2024,4400.0,PE,0.0,0.0,0.0,811.0,441.05,0,0.0,0,0,06-MAY-2024,
OPTSTK,INDIGO,27-Jun-2024,4500.0,PE,0.0,0.0,0.0,436.65,519.0,0,0.0,300,0,06-MAY-2024,
OPTSTK,INDIGO,27-Jun-2024,4600.0,PE,0.0,0.0,0.0,991.35,601.65,0,0.0,0,0,06-MAY-2024,
OPTSTK,INDIGO,25-Jul-2024,3600.0,CE,0.0,0.0,0.0,414.65,536.05,0,0.0,0,0,06-MAY-2024,
OPTSTK,INDIGO,25-Jul-2024,3700.0,CE,0.0,0.0,0.0,355.0,465.2,0,0.0,0,0,06-MAY-2024,
OPTSTK,INDIGO,25-Jul-2024,3800.0,CE,0.0,0.0,0.0,301.4,400.3,0,0.0,0,0,06-MAY-2024,
OPTSTK,INDIGO,25-Jul-2024,3900.0,CE,0.0,0.0,0.0,253.7,341.4,0,0.0,0,0,06-MAY-2024,
OPTSTK,INDIGO,25-Jul-2024,4000.0,CE,0.0,0.0,0.0,211.85,288.55,0,0.0,0,0,06-MAY-2024,
OPTSTK,INDIGO,25-Jul-2024,4100.0,CE,0.0,0.0,0.0,175.45,241.75,0,0.0,0,0,06-MAY-2024,
OPTSTK,INDIGO,25-Jul-2024,4200.0,CE,0.0,0.0,0.0,144.2,200.85,0,0.0,0,0,06-MAY-2024,
OPTSTK,INDIGO,25-Jul-2024,4300.0,CE,0.0,0.0,0.0,117.8,165.4,0,0.0,0,0,06-MAY-2024,
OPTSTK,INDIGO,25-Jul-2024,4400.0,CE,0.0,0.0,0.0,95.5,135.1,0,0.0,0,0,06-MAY-2024,
OPTSTK,INDIGO,25-Jul-2024,4600.0,CE,0.0,0.0,0.0,61.3,88.15,0,0.0,0,0,06-MAY-2024,
OPTSTK,INDIGO,25-Jul-2024,3600.0,PE,0.0,0.0,0.0,137.1,80.9,0,0.0,0,0,06-MAY-2024,
OPTSTK,INDIGO,25-Jul-2024,3700.0,PE,0.0,0.0,0.0,175.65,108.5,0,0.0,0,0,06-MAY-2024,
OPTSTK,INDIGO,25-Jul-2024,3800.0,PE,0.0,0.0,0.0,220.2,141.95,0,0.0,0,0,06-MAY-2024,
OPTSTK,INDIGO,25-Jul-2024,3900.0,PE,0.0,0.0,0.0,270.75,181.5,0,0.0,0,0,06-MAY-2024,
OPTSTK,INDIGO,25-Jul-2024,4000.0,PE,0.0,0.0,0.0,200.0,227.1,0,0.0,1200,0,06-MAY-2024,
OPTSTK,INDIGO,25-Jul-2024,4100.0,PE,0.0,0.0,0.0,388.9,278.7,0,0.0,0,0,06-MAY-2024,
OPTSTK,INDIGO,25-Jul-2024,4200.0,PE,0.0,0.0,0.0,455.8,336.2,0,0.0,0,0,06-MAY-2024,
OPTSTK,INDIGO,25-Jul-2024,4300.0,PE,0.0,0.0,0.0,527.6,399.2,0,0.0,0,0,06-MAY-2024,
OPTSTK,INDIGO,25-Jul-2024,4400.0,PE,0.0,0.0,0.0,603.5,467.3,0,0.0,0,0,06-MAY-2024,
OPTSTK,INDIGO,25-Jul-2024,4600.0,PE,0.0,0.0,0.0,765.7,617.2,0,0.0,0,0,06-MAY-2024,
OPTSTK,INDUSINDBK,30-May-2024,1200.0,CE,0.0,0.0,0.0,307.05,303.2,0,0.0,0,0,06-MAY-2024,
OPTSTK,INDUSINDBK,30-May-2024,1240.0,CE,0.0,0.0,0.0,273.0,263.75,0,0.0,0,0,06-MAY-2024,
OPTSTK,INDUSINDBK,30-May-2024,1280.0,CE,0.0,0.0,0.0,240.65,224.8,0,0.0,0,0,06-MAY-2024,
OPTSTK,INDUSINDBK,30-May-2024,1300.0,CE,0.0,0.0,0.0,276.65,205.7,0,0.0,0,0,06-MAY-2024,
OPTSTK,INDUSINDBK,30-May-2024,1320.0,CE,0.0,0.0,0.0,168.0,187.0,0,0.0,2000,0,06-MAY-2024,
OPTSTK,INDUSINDBK,30-May-2024,1340.0,CE,0.0,0.0,0.0,153.0,168.75,0,0.0,1500,0,06-MAY-2024,
OPTSTK,INDUSINDBK,30-May-2024,1360.0,CE,151.05,151.05,151.05,151.05,151.05,1,7.55,2500,500,06-MAY-2024,
OPTSTK,INDUSINDBK,30-May-2024,1380.0,CE,130.1,130.1,130.1,130.1,134.1,1,7.55,14500,500,06-MAY-2024,
OPTSTK,INDUSINDBK,30-May-2024,1400.0,CE,101.55,124.3,101.55,115.9,115.9,66,500.85,87000,4500,06-MAY-2024,
OPTSTK,INDUSINDBK,30-May-2024,1420.0,CE,0.0,0.0,0.0,87.25,102.9,0,0.0,28500,0,06-MAY-2024,
OPTSTK,INDUSINDBK,30-May-2024,1440.0,CE,83.0,90.95,74.65,81.85,81.85,47,357.42,48500,2000,06-MAY-2024,
OPTSTK,INDUSINDBK,30-May-2024,1460.0,CE,59.0,75.45,57.3,67.0,67.0,185,1413.28,161000,6000,06-MAY-2024,
OPTSTK,INDUSINDBK,30-May-2024,1480.0,CE,47.95,60.75,42.7,53.05,53.05,973,7451.19,294500,-40500,06-MAY-2024,
OPTSTK,INDUSINDBK,30-May-2024,1500.0,CE,35.35,47.9,31.8,40.95,40.95,4355,33540.21,900000,-120000,06-MAY-2024,
OPTSTK,INDUSINDBK,30-May-2024,1520.0,CE,27.0,36.5,23.45,30.7,30.7,2732,21176.36,426500,-22500,06-MAY-2024,
OPTSTK,INDUSINDBK,30-May-2024,1540.0,CE,18.7,27.05,17.05,22.65,22.65,1922,15016.0,650500,14000,06-MAY-2024,
OPTSTK,INDUSINDBK,30-May-2024,1560.0,CE,13.9,19.8,12.55,16.4,16.4,1442,11363.83,502500,21000,06-MAY-2024,
OPTSTK,INDUSINDBK,30-May-2024,1580.0,CE,9.85,14.0,9.15,11.7,11.7,1276,10151.62,320500,19500,06-MAY-2024,
OPTSTK,INDUSINDBK,30-May-2024,1600.0,CE,7.05,10.1,6.45,8.3,8.3,2768,22255.83,1629500,9000,06-MAY-2024,
OPTSTK,INDUSINDBK,30-May-2024,1620.0,CE,5.35,7.25,4.8,6.0,6.0,462,3756.1,139500,16000,06-MAY-2024,
OPTSTK,INDUSINDBK,30-May-2024,1640.0,CE,3.5,5.3,3.5,4.5,4.5,284,2335.05,127000,22000,06-MAY-2024,
OPTSTK,INDUSINDBK,30-May-2024,1660.0,CE,2.9,3.85,2.8,3.35,3.35,260,2162.25,112500,500,06-MAY-2024,
OPTSTK,INDUSINDBK,30-May-2024,1680.0,CE,2.4,3.0,2.3,2.65,2.65,192,1615.39,49000,-26500,06-MAY-2024,
OPTSTK,INDUSINDBK,30-May-2024,1700.0,CE,2.0,2.35,1.85,2.2,2.2,411,3497.83,285000,-1500,06-MAY-2024,
OPTSTK,INDUSINDBK,30-May-2024,1720.0,CE,1.9,2.25,1.6,1.7,1.7,32,275.48,62500,-3500,06-MAY-2024,
OPTSTK,INDUSINDBK,30-May-2024,1760.0,CE,1.35,1.35,1.15,1.25,1.25,63,554.79,29000,2000,06-MAY-2024,
OPTSTK,INDUSINDBK,30-May-2024,1800.0,CE,1.0,1.3,0.9,1.1,1.1,132,1188.68,179500,12500,06-MAY-2024,
OPTSTK,INDUSINDBK,30-May-2024,1200.0,PE,1.0,1.0,0.5,0.75,0.15,42,252.13,33000,-3000,06-MAY-2024,
OPTSTK,INDUSINDBK,30-May-2024,1240.0,PE,1.3,1.3,0.8,0.8,0.5,3,18.61,103000,0,06-MAY-2024,
OPTSTK,INDUSINDBK,30-May-2024,1280.0,PE,1.6,1.6,1.2,1.3,1.4,7,44.84,41500,-2500,06-MAY-2024,
OPTSTK,INDUSINDBK,30-May-2024,1300.0,PE,1.85,2.35,1.5,1.65,1.65,146,950.3,32500,-18500,06-MAY-2024,
OPTSTK,INDUSINDBK,30-May-2024,1320.0,PE,2.5,2.75,1.8,2.05,2.05,155,1024.73,154000,-18000,06-MAY-2024,
OPTSTK,INDUSINDBK,30-May-2024,1340.0,PE,3.15,3.5,2.3,2.55,2.55,127,852.66,91500,-13000,06-MAY-2024,
OPTSTK,INDUSINDBK,30-May-2024,1360.0,PE,4.9,5.1,3.0,3.6,3.6,461,3143.4,109000,-60500,06-MAY-2024,
OPTSTK,INDUSINDBK,30-May-2024,1380.0,PE,5.95,6.75,4.1,4.9,4.9,527,3649.63,146000,-18500,06-MAY-2024,
OPTSTK,INDUSINDBK,30-May-2024,1400.0,PE,8.6,9.0,5.5,6.9,6.9,1480,10411.41,1020500,59500,06-MAY-2024,
OPTSTK,INDUSINDBK,30-May-2024,1420.0,PE,11.8,11.8,7.5,9.5,9.5,806,5760.65,160000,-1000,06-MAY-2024,
OPTSTK,INDUSINDBK,30-May-2024,1440.0,PE,16.9,16.95,10.45,13.0,13.0,576,4183.9,213500,28500,06-MAY-2024,
OPTSTK,INDUSINDBK,30-May-2024,1460.0,PE,19.25,23.05,14.5,17.7,17.7,725,5356.89,279500,13500,06-MAY-2024,
OPTSTK,INDUSINDBK,30-May-2024,1480.0,PE,29.8,29.8,19.65,23.85,23.85,1050,7896.67,258500,-39000,06-MAY-2024,
OPTSTK,INDUSINDBK,30-May-2024,1500.0,PE,36.45,40.55,26.5,31.6,31.6,3291,25202.83,801000,-20500,06-MAY-2024,
OPTSTK,INDUSINDBK,30-May-2024,1520.0,PE,47.0,51.35,35.05,41.45,41.45,415,3238.78,307500,8500,06-MAY-2024,
OPTSTK,INDUSINDBK,30-May-2024,1540.0,PE,57.5,61.05,47.3,53.0,53.0,113,899.65,335500,-1000,06-MAY-2024,
OPTSTK,INDUSINDBK,30-May-2024,1560.0,PE,65.35,73.9,58.45,67.05,67.05,32,260.07,265500,5000,06-MAY-2024,
OPTSTK,INDUSINDBK,30-May-2024,1580.0,PE,89.6,89.6,89.6,89.6,98.6,1,8.34,57000,-500,06-MAY-2024,
OPTSTK,INDUSINDBK,30-May-2024,1600.0,PE,106.0,108.2,89.2,98.0,98.0,55,467.28,1260500,-12000,06-MAY-2024,
OPTSTK,INDUSINDBK,30-May-2024,1620.0,PE,0.0,0.0,0.0,130.95,129.5,0,0.0,19500,0,06-MAY-2024,
OPTSTK,INDUSINDBK,30-May-2024,1640.0,PE,123.7,136.6,123.7,136.6,146.1,2,17.7,9500,500,06-MAY-2024,
OPTSTK,INDUSINDBK,30-May-2024,1660.0,PE,0.0,0.0,0.0,173.75,163.4,0,0.0,17000,0,06-MAY-2024,
OPTSTK,INDUSINDBK,30-May-2024,1680.0,PE,0.0,0.0,0.0,186.0,181.2,0,0.0,500,0,06-MAY-2024,
OPTSTK,INDUSINDBK,30-May-2024,1700.0,PE,0.0,0.0,0.0,202.0,199.5,0,0.0,8000,0,06-MAY-2024,
OPTSTK,INDUSINDBK,30-May-2024,1720.0,PE,0.0,0.0,0.0,247.55,218.15,0,0.0,0,0,06-MAY-2024,
OPTSTK,INDUSINDBK,30-May-2024,1760.0,PE,257.0,257.0,257.0,257.0,256.3,1,10.08,500,500,06-MAY-2024,
OPTSTK,INDUSINDBK,27-Jun-2024,1200.0,CE,0.0,0.0,0.0,379.3,312.1,0,0.0,0,0,06-MAY-2024,
OPTSTK,INDUSINDBK,27-Jun-2024,1240.0,CE,0.0,0.0,0.0,342.9,274.55,0,0.0,0,0,06-MAY-2024,
OPTSTK,INDUSINDBK,27-Jun-2024,1280.0,CE,0.0,0.0,0.0,307.65,238.3,0,0.0,0,0,06-MAY-2024,
OPTSTK,INDUSINDBK,27-Jun-2024,1300.0,CE,0.0,0.0,0.0,225.5,220.8,0,0.0,0,0,06-MAY-2024,
OPTSTK,INDUSINDBK,27-Jun-2024,1320.0,CE,0.0,0.0,0.0,187.0,203.8,0,0.0,500,0,06-MAY-2024,
OPTSTK,INDUSINDBK,27-Jun-2024,1340.0,CE,0.0,0.0,0.0,193.0,187.4,0,0.0,0,0,06-MAY-2024,
OPTSTK,INDUSINDBK,27-Jun-2024,1360.0,CE,0.0,0.0,0.0,241.85,171.6,0,0.0,0,0,06-MAY-2024,
OPTSTK,INDUSINDBK,27-Jun-2024,1380.0,CE,0.0,0.0,0.0,163.0,156.45,0,0.0,0,0,06-MAY-2024,
OPTSTK,INDUSINDBK,27-Jun-2024,1400.0,CE,142.0,148.0,142.0,145.0,142.05,3,23.17,2500,0,06-MAY-2024,
OPTSTK,INDUSINDBK,27-Jun-2024,1420.0,CE,0.0,0.0,0.0,100.0,128.35,0,0.0,2500,0,06-MAY-2024,
OPTSTK,INDUSINDBK,27-Jun-2024,1440.0,CE,0.0,0.0,0.0,183.8,115.5,0,0.0,0,0,06-MAY-2024,
OPTSTK,INDUSINDBK,27-Jun-2024,1460.0,CE,103.0,103.0,103.0,103.0,103.5,1,7.81,1500,0,06-MAY-2024,
OPTSTK,INDUSINDBK,27-Jun-2024,1480.0,CE,0.0,0.0,0.0,158.2,92.3,0,0.0,0,0,06-MAY-2024,
OPTSTK,INDUSINDBK,27-Jun-2024,1500.0,CE,83.0,87.15,73.0,84.65,84.65,325,2573.54,141500,105500,06-MAY-2024,
OPTSTK,INDUSINDBK,27-Jun-2024,1520.0,CE,0.0,0.0,0.0,69.25,72.4,0,0.0,500,0,06-MAY-2024,
OPTSTK,INDUSINDBK,27-Jun-2024,1540.0,CE,66.0,67.5,66.0,67.5,63.7,3,24.1,1000,500,06-MAY-2024,
OPTSTK,INDUSINDBK,27-Jun-2024,1560.0,CE,55.0,61.05,54.45,59.5,55.75,25,202.5,16500,10500,06-MAY-2024,
OPTSTK,INDUSINDBK,27-Jun-2024,1580.0,CE,44.25,49.85,44.25,49.85,49.85,2,16.27,500,0,06-MAY-2024,
OPTSTK,INDUSINDBK,27-Jun-2024,1600.0,CE,39.4,48.2,34.35,46.0,46.0,96,789.59,88000,36500,06-MAY-2024,
OPTSTK,INDUSINDBK,27-Jun-2024,1620.0,CE,38.0,38.0,38.0,38.0,36.45,1,8.29,3500,500,06-MAY-2024,
OPTSTK,INDUSINDBK,27-Jun-2024,1640.0,CE,32.1,32.1,32.1,32.1,31.45,1,8.36,3000,0,06-MAY-2024,
OPTSTK,INDUSINDBK,27-Jun-2024,1660.0,CE,28.0,31.0,27.5,27.5,26.9,9,75.99,5500,4500,06-MAY-2024,
OPTSTK,INDUSINDBK,27-Jun-2024,1680.0,CE,26.0,28.4,24.55,25.75,25.75,13,110.9,16000,3500,06-MAY-2024,
OPTSTK,INDUSINDBK,27-Jun-2024,1720.0,CE,15.65,20.55,15.0,15.9,15.9,23,199.65,13500,11500,06-MAY-2024,
OPTSTK,INDUSINDBK,27-Jun-2024,1760.0,CE,15.95,16.45,12.95,12.95,12.95,12,106.54,4000,4000,06-MAY-2024,
OPTSTK,INDUSINDBK,27-Jun-2024,1200.0,PE,0.0,0.0,0.0,6.1,2.25,0,0.0,500,0,06-MAY-2024,
OPTSTK,INDUSINDBK,27-Jun-2024,1240.0,PE,0.0,0.0,0.0,7.7,4.3,0,0.0,0,0,06-MAY-2024,
OPTSTK,INDUSINDBK,27-Jun-2024,1280.0,PE,0.0,0.0,0.0,11.8,7.6,0,0.0,0,0,06-MAY-2024,
OPTSTK,INDUSINDBK,27-Jun-2024,1300.0,PE,13.9,13.9,13.9,13.9,9.9,1,6.56,35500,500,06-MAY-2024,
OPTSTK,INDUSINDBK,27-Jun-2024,1320.0,PE,0.0,0.0,0.0,7.0,12.7,0,0.0,17500,0,06-MAY-2024,
OPTSTK,INDUSINDBK,27-Jun-2024,1340.0,PE,0.0,0.0,0.0,12.5,16.1,0,0.0,3500,0,06-MAY-2024,
OPTSTK,INDUSINDBK,27-Jun-2024,1360.0,PE,0.0,0.0,0.0,15.0,20.05,0,0.0,13000,0,06-MAY-2024,
OPTSTK,INDUSINDBK,27-Jun-2024,1380.0,PE,0.0,0.0,0.0,28.5,24.7,0,0.0,500,0,06-MAY-2024,
OPTSTK,INDUSINDBK,27-Jun-2024,1400.0,PE,35.75,38.1,32.65,35.8,35.8,126,904.29,230500,20500,06-MAY-2024,
OPTSTK,INDUSINDBK,27-Jun-2024,1420.0,PE,43.5,43.5,43.5,43.5,36.2,1,7.31,1500,500,06-MAY-2024,
OPTSTK,INDUSINDBK,27-Jun-2024,1440.0,PE,0.0,0.0,0.0,45.0,43.15,0,0.0,500,0,06-MAY-2024,
OPTSTK,INDUSINDBK,27-Jun-2024,1460.0,PE,0.0,0.0,0.0,60.0,50.95,0,0.0,2000,0,06-MAY-2024,
OPTSTK,INDUSINDBK,27-Jun-2024,1480.0,PE,73.9,73.9,58.95,62.95,59.55,8,61.78,17000,3000,06-MAY-2024,
OPTSTK,INDUSINDBK,27-Jun-2024,1500.0,PE,70.45,78.0,64.0,75.9,75.9,335,2628.63,176500,113500,06-MAY-2024,
OPTSTK,INDUSINDBK,27-Jun-2024,1520.0,PE,0.0,0.0,0.0,94.8,79.25,0,0.0,1500,0,06-MAY-2024,
OPTSTK,INDUSINDBK,27-Jun-2024,1540.0,PE,0.0,0.0,0.0,96.2,90.3,0,0.0,0,0,06-MAY-2024,
OPTSTK,INDUSINDBK,27-Jun-2024,1560.0,PE,0.0,0.0,0.0,93.35,102.2,0,0.0,0,0,06-MAY-2024,
OPTSTK,INDUSINDBK,27-Jun-2024,1580.0,PE,0.0,0.0,0.0,120.3,114.85,0,0.0,0,0,06-MAY-2024,
OPTSTK,INDUSINDBK,27-Jun-2024,1600.0,PE,134.05,134.05,134.05,134.05,128.2,3,26.01,1000,-1500,06-MAY-2024,
OPTSTK,INDUSINDBK,27-Jun-2024,1620.0,PE,0.0,0.0,0.0,147.1,142.25,0,0.0,0,0,06-MAY-2024,
OPTSTK,INDUSINDBK,27-Jun-2024,1640.0,PE,0.0,0.0,0.0,137.4,157.05,0,0.0,0,0,06-MAY-2024,
OPTSTK,INDUSINDBK,27-Jun-2024,1660.0,PE,0.0,0.0,0.0,176.35,172.3,0,0.0,0,0,06-MAY-2024,
OPTSTK,INDUSINDBK,27-Jun-2024,1680.0,PE,0.0,0.0,0.0,162.75,188.15,0,0.0,0,0,06-MAY-2024,
OPTSTK,INDUSINDBK,27-Jun-2024,1720.0,PE,0.0,0.0,0.0,190.1,221.25,0,0.0,0,0,06-MAY-2024,
OPTSTK,INDUSINDBK,27-Jun-2024,1760.0,PE,0.0,0.0,0.0,219.4,256.0,0,0.0,0,0,06-MAY-2024,
OPTSTK,INDUSINDBK,25-Jul-2024,1200.0,CE,0.0,0.0,0.0,325.35,322.45,0,0.0,0,0,06-MAY-2024,
OPTSTK,INDUSINDBK,25-Jul-2024,1280.0,CE,0.0,0.0,0.0,256.65,252.55,0,0.0,0,0,06-MAY-2024,
OPTSTK,INDUSINDBK,25-Jul-2024,1320.0,CE,0.0,0.0,0.0,224.95,220.2,0,0.0,0,0,06-MAY-2024,
OPTSTK,INDUSINDBK,25-Jul-2024,1360.0,CE,0.0,0.0,0.0,195.4,190.05,0,0.0,0,0,06-MAY-2024,
OPTSTK,INDUSINDBK,25-Jul-2024,1400.0,CE,0.0,0.0,0.0,168.0,162.15,0,0.0,0,0,06-MAY-2024,
OPTSTK,INDUSINDBK,25-Jul-2024,1440.0,CE,0.0,0.0,0.0,143.15,136.9,0,0.0,0,0,06-MAY-2024,
OPTSTK,INDUSINDBK,25-Jul-2024,1480.0,CE,0.0,0.0,0.0,120.8,114.35,0,0.0,0,0,06-MAY-2024,
OPTSTK,INDUSINDBK,25-Jul-2024,1520.0,CE,0.0,0.0,0.0,101.0,94.45,0,0.0,0,0,06-MAY-2024,
OPTSTK,INDUSINDBK,25-Jul-2024,1560.0,CE,0.0,0.0,0.0,83.65,77.2,0,0.0,0,0,06-MAY-2024,
OPTSTK,INDUSINDBK,25-Jul-2024,1600.0,CE,0.0,0.0,0.0,68.65,62.4,0,0.0,0,0,06-MAY-2024,
OPTSTK,INDUSINDBK,25-Jul-2024,1640.0,CE,0.0,0.0,0.0,55.85,49.95,0,0.0,0,0,06-MAY-2024,
OPTSTK,INDUSINDBK,25-Jul-2024,1680.0,CE,0.0,0.0,0.0,45.1,39.65,0,0.0,0,0,06-MAY-2024,
OPTSTK,INDUSINDBK,25-Jul-2024,1760.0,CE,0.0,0.0,0.0,28.65,24.2,0,0.0,0,0,06-MAY-2024,
OPTSTK,INDUSINDBK,25-Jul-2024,1200.0,PE,0.0,0.0,0.0,7.55,6.0,0,0.0,0,0,06-MAY-2024,
OPTSTK,INDUSINDBK,25-Jul-2024,1280.0,PE,0.0,0.0,0.0,17.45,14.8,0,0.0,0,0,06-MAY-2024,
OPTSTK,INDUSINDBK,25-Jul-2024,1320.0,PE,0.0,0.0,0.0,25.0,21.8,0,0.0,0,0,06-MAY-2024,
OPTSTK,INDUSINDBK,25-Jul-2024,1360.0,PE,0.0,0.0,0.0,34.7,31.05,0,0.0,0,0,06-MAY-2024,
OPTSTK,INDUSINDBK,25-Jul-2024,1400.0,PE,45.5,45.5,45.0,45.35,45.35,3,21.68,14500,0,06-MAY-2024,
OPTSTK,INDUSINDBK,25-Jul-2024,1440.0,PE,0.0,0.0,0.0,61.05,56.65,0,0.0,0,0,06-MAY-2024,
OPTSTK,INDUSINDBK,25-Jul-2024,1480.0,PE,0.0,0.0,0.0,77.95,73.45,0,0.0,0,0,06-MAY-2024,
OPTSTK,INDUSINDBK,25-Jul-2024,1520.0,PE,0.0,0.0,0.0,97.45,92.9,0,0.0,0,0,06-MAY-2024,
OPTSTK,INDUSINDBK,25-Jul-2024,1560.0,PE,0.0,0.0,0.0,119.4,115.05,0,0.0,0,0,06-MAY-2024,
OPTSTK,INDUSINDBK,25-Jul-2024,1600.0,PE,0.0,0.0,0.0,143.65,139.6,0,0.0,0,0,06-MAY-2024,
OPTSTK,INDUSINDBK,25-Jul-2024,1640.0,PE,0.0,0.0,0.0,170.15,166.55,0,0.0,0,0,06-MAY-2024,
OPTSTK,INDUSINDBK,25-Jul-2024,1680.0,PE,0.0,0.0,0.0,198.65,195.6,0,0.0,0,0,06-MAY-2024,
OPTSTK,INDUSINDBK,25-Jul-2024,1760.0,PE,0.0,0.0,0.0,260.75,258.85,0,0.0,0,0,06-MAY-2024,
OPTSTK,INDUSTOWER,30-May-2024,260.0,CE,89.55,89.55,89.55,89.55,92.45,3,35.65,6800,-6800,06-MAY-2024,
OPTSTK,INDUSTOWER,30-May-2024,290.0,CE,62.15,64.5,59.65,64.5,63.5,6,71.91,17000,0,06-MAY-2024,
OPTSTK,INDUSTOWER,30-May-2024,295.0,CE,0.0,0.0,0.0,60.75,58.85,0,0.0,20400,0,06-MAY-2024,
OPTSTK,INDUSTOWER,30-May-2024,300.0,CE,52.05,58.0,50.5,55.0,54.35,5,60.04,95200,-6800,06-MAY-2024,
OPTSTK,INDUSTOWER,30-May-2024,310.0,CE,43.65,44.15,43.65,44.15,45.75,4,48.13,153000,0,06-MAY-2024,
OPTSTK,INDUSTOWER,30-May-2024,320.0,CE,34.6,38.95,33.0,36.35,36.35,14,168.75,217600,-6800,06-MAY-2024,
OPTSTK,INDUSTOWER,30-May-2024,325.0,CE,30.6,35.35,29.5,34.05,34.1,21,255.01,10200,0,06-MAY-2024,
OPTSTK,INDUSTOWER,30-May-2024,330.0,CE,24.6,32.5,24.6,28.8,28.8,29,353.27,299200,20400,06-MAY-2024,
OPTSTK,INDUSTOWER,30-May-2024,335.0,CE,26.6,26.7,25.25,25.25,25.25,7,85.91,34000,0,06-MAY-2024,
OPTSTK,INDUSTOWER,30-May-2024,340.0,CE,21.7,25.3,18.5,22.0,22.0,55,676.47,516800,-20400,06-MAY-2024,
OPTSTK,INDUSTOWER,30-May-2024,345.0,CE,18.0,22.15,16.75,19.0,19.0,53,654.73,214200,20400,06-MAY-2024,
OPTSTK,INDUSTOWER,30-May-2024,350.0,CE,17.4,19.3,13.65,16.3,16.3,1443,17968.01,2182800,20400,06-MAY-2024,
OPTSTK,INDUSTOWER,30-May-2024,355.0,CE,14.9,16.8,11.65,14.1,14.1,641,8045.86,693600,-37400,06-MAY-2024,
OPTSTK,INDUSTOWER,30-May-2024,360.0,CE,13.1,14.5,9.9,12.1,12.1,1111,14058.42,3060000,-248200,06-MAY-2024,
OPTSTK,INDUSTOWER,30-May-2024,365.0,CE,11.35,12.25,8.4,10.3,10.3,491,6263.51,707200,-91800,06-MAY-2024,
OPTSTK,INDUSTOWER,30-May-2024,370.0,CE,10.2,10.45,7.25,8.8,8.8,686,8836.46,1836000,-98600,06-MAY-2024,
OPTSTK,INDUSTOWER,30-May-2024,375.0,CE,8.25,8.75,5.85,7.4,7.4,265,3445.73,771800,17000,06-MAY-2024,
OPTSTK,INDUSTOWER,30-May-2024,380.0,CE,6.85,7.45,5.0,6.25,6.25,364,4779.98,1434800,-105400,06-MAY-2024,
OPTSTK,INDUSTOWER,30-May-2024,385.0,CE,5.9,6.2,4.25,5.15,5.15,129,1711.56,622200,0,06-MAY-2024,
OPTSTK,INDUSTOWER,30-May-2024,390.0,CE,4.7,5.0,3.4,4.4,4.4,232,3109.27,1292000,30600,06-MAY-2024,
OPTSTK,INDUSTOWER,30-May-2024,395.0,CE,3.9,4.2,2.75,3.6,3.6,107,1450.21,1057400,-23800,06-MAY-2024,
OPTSTK,INDUSTOWER,30-May-2024,400.0,CE,3.4,3.55,2.3,3.05,3.05,697,9551.07,3134800,-146200,06-MAY-2024,
OPTSTK,INDUSTOWER,30-May-2024,225.0,PE,0.0,0.0,0.0,0.2,0.0,0,0.0,51000,0,06-MAY-2024,
OPTSTK,INDUSTOWER,30-May-2024,250.0,PE,0.2,0.3,0.15,0.2,0.2,26,221.19,98600,6800,06-MAY-2024,
OPTSTK,INDUSTOWER,30-May-2024,260.0,PE,0.35,0.35,0.3,0.3,0.1,6,53.1,20400,6800,06-MAY-2024,
OPTSTK,INDUSTOWER,30-May-2024,270.0,PE,0.4,0.4,0.4,0.4,0.25,1,9.19,10200,0,06-MAY-2024,
OPTSTK,INDUSTOWER,30-May-2024,280.0,PE,0.6,0.75,0.5,0.7,0.7,8,76.34,1135600,-13600,06-MAY-2024,
OPTSTK,INDUSTOWER,30-May-2024,290.0,PE,0.95,1.1,0.75,0.95,0.95,115,1137.48,231200,51000,06-MAY-2024,
OPTSTK,INDUSTOWER,30-May-2024,295.0,PE,1.05,1.4,0.95,0.95,1.35,22,221.57,74800,-3400,06-MAY-2024,
OPTSTK,INDUSTOWER,30-May-2024,300.0,PE,1.25,1.7,1.15,1.45,1.45,319,3268.94,1254600,-187000,06-MAY-2024,
OPTSTK,INDUSTOWER,30-May-2024,305.0,PE,2.05,2.1,1.65,1.85,1.85,80,834.4,74800,0,06-MAY-2024,
OPTSTK,INDUSTOWER,30-May-2024,310.0,PE,2.1,2.85,1.9,2.3,2.3,178,1889.39,472600,-156400,06-MAY-2024,
OPTSTK,INDUSTOWER,30-May-2024,315.0,PE,3.1,3.7,2.45,2.85,2.85,89,962.68,207400,-98600,06-MAY-2024,
OPTSTK,INDUSTOWER,30-May-2024,320.0,PE,3.45,4.8,3.05,3.6,3.6,338,3720.12,1145800,-159800,06-MAY-2024,
OPTSTK,INDUSTOWER,30-May-2024,325.0,PE,4.8,6.15,4.0,4.6,4.6,71,797.08,520200,51000,06-MAY-2024,
OPTSTK,INDUSTOWER,30-May-2024,330.0,PE,5.5,7.5,4.85,5.7,5.7,305,3484.5,1808800,-40800,06-MAY-2024,
OPTSTK,INDUSTOWER,30-May-2024,335.0,PE,8.05,9.3,6.25,7.1,7.1,61,710.38,234600,10200,06-MAY-2024,
OPTSTK,INDUSTOWER,30-May-2024,340.0,PE,8.2,11.4,7.65,8.8,8.8,386,4587.61,873800,-34000,06-MAY-2024,
OPTSTK,INDUSTOWER,30-May-2024,345.0,PE,12.05,13.8,9.6,10.9,10.9,168,2036.21,261800,-47600,06-MAY-2024,
OPTSTK,INDUSTOWER,30-May-2024,350.0,PE,12.7,16.6,11.55,13.3,13.3,615,7607.84,1448400,-61200,06-MAY-2024,
OPTSTK,INDUSTOWER,30-May-2024,355.0,PE,16.2,19.3,14.0,16.05,16.05,212,2680.3,323000,10200,06-MAY-2024,
OPTSTK,INDUSTOWER,30-May-2024,360.0,PE,17.9,22.7,16.7,18.85,18.85,295,3804.89,867000,-102000,06-MAY-2024,
OPTSTK,INDUSTOWER,30-May-2024,365.0,PE,23.65,26.0,19.8,21.85,21.85,42,553.53,207400,10200,06-MAY-2024,
OPTSTK,INDUSTOWER,30-May-2024,370.0,PE,26.95,29.65,22.65,25.1,25.1,47,632.39,353600,20400,06-MAY-2024,
OPTSTK,INDUSTOWER,30-May-2024,375.0,PE,31.25,31.35,26.3,27.3,31.15,10,137.32,136000,13600,06-MAY-2024,
OPTSTK,INDUSTOWER,30-May-2024,380.0,PE,33.55,35.3,29.25,32.1,34.75,10,140.37,190400,13600,06-MAY-2024,
OPTSTK,INDUSTOWER,30-May-2024,385.0,PE,39.2,39.2,39.2,39.2,38.6,1,14.42,61200,3400,06-MAY-2024,
OPTSTK,INDUSTOWER,30-May-2024,390.0,PE,43.1,43.5,39.45,40.6,42.5,6,88.07,122400,-3400,06-MAY-2024,
OPTSTK,INDUSTOWER,30-May-2024,400.0,PE,0.0,0.0,0.0,49.65,50.8,0,0.0,98600,0,06-MAY-2024,
OPTSTK,INDUSTOWER,27-Jun-2024,310.0,CE,0.0,0.0,0.0,22.1,52.4,0,0.0,0,0,06-MAY-2024,
OPTSTK,INDUSTOWER,27-Jun-2024,320.0,CE,0.0,0.0,0.0,47.0,45.35,0,0.0,37400,0,06-MAY-2024,
OPTSTK,INDUSTOWER,27-Jun-2024,325.0,CE,0.0,0.0,0.0,45.45,42.05,0,0.0,0,0,06-MAY-2024,
OPTSTK,INDUSTOWER,27-Jun-2024,330.0,CE,0.0,0.0,0.0,15.65,38.9,0,0.0,0,0,06-MAY-2024,
OPTSTK,INDUSTOWER,27-Jun-2024,335.0,CE,0.0,0.0,0.0,39.5,35.9,0,0.0,0,0,06-MAY-2024,
OPTSTK,INDUSTOWER,27-Jun-2024,340.0,CE,0.0,0.0,0.0,13.05,33.05,0,0.0,0,0,06-MAY-2024,
OPTSTK,INDUSTOWER,27-Jun-2024,345.0,CE,0.0,0.0,0.0,34.05,30.4,0,0.0,0,0,06-MAY-2024,
OPTSTK,INDUSTOWER,27-Jun-2024,350.0,CE,26.8,30.5,25.75,27.5,27.5,14,180.14,64600,40800,06-MAY-2024,
OPTSTK,INDUSTOWER,27-Jun-2024,355.0,CE,0.0,0.0,0.0,29.2,25.5,0,0.0,0,0,06-MAY-2024,
OPTSTK,INDUSTOWER,27-Jun-2024,360.0,CE,22.45,24.9,21.4,23.0,23.0,11,143.4,115600,0,06-MAY-2024,
OPTSTK,INDUSTOWER,27-Jun-2024,365.0,CE,0.0,0.0,0.0,24.85,21.25,0,0.0,0,0,06-MAY-2024,
OPTSTK,INDUSTOWER,27-Jun-2024,370.0,CE,0.0,0.0,0.0,20.25,19.3,0,0.0,3400,0,06-MAY-2024,
OPTSTK,INDUSTOWER,27-Jun-2024,375.0,CE,0.0,0.0,0.0,21.05,17.5,0,0.0,0,0,06-MAY-2024,
OPTSTK,INDUSTOWER,27-Jun-2024,380.0,CE,0.0,0.0,0.0,15.8,15.85,0,0.0,3400,0,06-MAY-2024,
OPTSTK,INDUSTOWER,27-Jun-2024,390.0,CE,0.0,0.0,0.0,9.5,12.95,0,0.0,0,0,06-MAY-2024,
OPTSTK,INDUSTOWER,27-Jun-2024,400.0,CE,10.1,11.0,10.1,11.0,10.5,6,83.69,27200,17000,06-MAY-2024,
OPTSTK,INDUSTOWER,27-Jun-2024,300.0,PE,6.25,7.25,6.0,6.5,6.5,6,62.51,125800,6800,06-MAY-2024,
OPTSTK,INDUSTOWER,27-Jun-2024,310.0,PE,0.0,0.0,0.0,35.45,8.05,0,0.0,0,0,06-MAY-2024,
OPTSTK,INDUSTOWER,27-Jun-2024,320.0,PE,0.0,0.0,0.0,41.75,10.9,0,0.0,0,0,06-MAY-2024,
OPTSTK,INDUSTOWER,27-Jun-2024,325.0,PE,0.0,0.0,0.0,14.75,12.55,0,0.0,0,0,06-MAY-2024,
OPTSTK,INDUSTOWER,27-Jun-2024,330.0,PE,0.0,0.0,0.0,48.6,14.35,0,0.0,0,0,06-MAY-2024,
OPTSTK,INDUSTOWER,27-Jun-2024,335.0,PE,0.0,0.0,0.0,18.65,16.3,0,0.0,0,0,06-MAY-2024,
OPTSTK,INDUSTOWER,27-Jun-2024,340.0,PE,0.0,0.0,0.0,16.0,18.4,0,0.0,3400,0,06-MAY-2024,
OPTSTK,INDUSTOWER,27-Jun-2024,345.0,PE,0.0,0.0,0.0,23.1,20.7,0,0.0,0,0,06-MAY-2024,
OPTSTK,INDUSTOWER,27-Jun-2024,350.0,PE,25.9,26.15,22.55,24.0,23.1,12,152.73,74800,27200,06-MAY-2024,
OPTSTK,INDUSTOWER,27-Jun-2024,355.0,PE,0.0,0.0,0.0,28.1,25.7,0,0.0,0,0,06-MAY-2024,
OPTSTK,INDUSTOWER,27-Jun-2024,360.0,PE,0.0,0.0,0.0,27.0,28.45,0,0.0,40800,0,06-MAY-2024,
OPTSTK,INDUSTOWER,27-Jun-2024,365.0,PE,0.0,0.0,0.0,33.65,31.3,0,0.0,0,0,06-MAY-2024,
OPTSTK,INDUSTOWER,27-Jun-2024,370.0,PE,0.0,0.0,0.0,79.6,34.35,0,0.0,0,0,06-MAY-2024,
OPTSTK,INDUSTOWER,27-Jun-2024,375.0,PE,0.0,0.0,0.0,39.7,37.5,0,0.0,0,0,06-MAY-2024,
OPTSTK,INDUSTOWER,27-Jun-2024,380.0,PE,0.0,0.0,0.0,88.1,40.8,0,0.0,0,0,06-MAY-2024,
OPTSTK,INDUSTOWER,27-Jun-2024,390.0,PE,0.0,0.0,0.0,77.4,47.8,0,0.0,0,0,06-MAY-2024,
OPTSTK,INDUSTOWER,25-Jul-2024,320.0,CE,0.0,0.0,0.0,54.65,51.55,0,0.0,0,0,06-MAY-2024,
OPTSTK,INDUSTOWER,25-Jul-2024,330.0,CE,0.0,0.0,0.0,48.7,45.5,0,0.0,0,0,06-MAY-2024,
OPTSTK,INDUSTOWER,25-Jul-2024,340.0,CE,0.0,0.0,0.0,43.2,39.95,0,0.0,0,0,06-MAY-2024,
OPTSTK,INDUSTOWER,25-Jul-2024,350.0,CE,0.0,0.0,0.0,38.15,34.85,0,0.0,0,0,06-MAY-2024,
OPTSTK,INDUSTOWER,25-Jul-2024,360.0,CE,0.0,0.0,0.0,33.6,30.3,0,0.0,0,0,06-MAY-2024,
OPTSTK,INDUSTOWER,25-Jul-2024,370.0,CE,0.0,0.0,0.0,29.45,26.2,0,0.0,0,0,06-MAY-2024,
OPTSTK,INDUSTOWER,25-Jul-2024,380.0,CE,0.0,0.0,0.0,25.75,22.6,0,0.0,0,0,06-MAY-2024,
OPTSTK,INDUSTOWER,25-Jul-2024,400.0,CE,0.0,0.0,0.0,19.5,16.55,0,0.0,0,0,06-MAY-2024,
OPTSTK,INDUSTOWER,25-Jul-2024,320.0,PE,0.0,0.0,0.0,17.2,15.35,0,0.0,0,0,06-MAY-2024,
OPTSTK,INDUSTOWER,25-Jul-2024,330.0,PE,0.0,0.0,0.0,21.1,19.15,0,0.0,0,0,06-MAY-2024,
OPTSTK,INDUSTOWER,25-Jul-2024,340.0,PE,0.0,0.0,0.0,25.4,23.4,0,0.0,0,0,06-MAY-2024,
OPTSTK,INDUSTOWER,25-Jul-2024,350.0,PE,0.0,0.0,0.0,30.2,28.2,0,0.0,0,0,06-MAY-2024,
OPTSTK,INDUSTOWER,25-Jul-2024,360.0,PE,0.0,0.0,0.0,35.45,33.45,0,0.0,0,0,06-MAY-2024,
OPTSTK,INDUSTOWER,25-Jul-2024,370.0,PE,0.0,0.0,0.0,41.15,39.2,0,0.0,0,0,06-MAY-2024,
OPTSTK,INDUSTOWER,25-Jul-2024,380.0,PE,0.0,0.0,0.0,47.25,45.4,0,0.0,0,0,06-MAY-2024,
OPTSTK,INDUSTOWER,25-Jul-2024,400.0,PE,0.0,0.0,0.0,60.6,59.05,0,0.0,0,0,06-MAY-2024,
OPTSTK,INFY,30-May-2024,1160.0,CE,0.0,0.0,0.0,515.85,271.3,0,0.0,0,0,06-MAY-2024,
OPTSTK,INFY,30-May-2024,1200.0,CE,0.0,0.0,0.0,217.0,231.7,0,0.0,1200,0,06-MAY-2024,
OPTSTK,INFY,30-May-2024,1240.0,CE,0.0,0.0,0.0,457.6,192.5,0,0.0,0,0,06-MAY-2024,
OPTSTK,INFY,30-May-2024,1260.0,CE,0.0,0.0,0.0,159.05,173.3,0,0.0,0,0,06-MAY-2024,
OPTSTK,INFY,30-May-2024,1280.0,CE,0.0,0.0,0.0,419.3,154.45,0,0.0,0,0,06-MAY-2024,
OPTSTK,INFY,30-May-2024,1300.0,CE,132.95,149.95,132.95,139.35,139.35,38,219.3,100000,2400,06-MAY-2024,
OPTSTK,INFY,30-May-2024,1320.0,CE,124.5,124.85,121.85,121.85,118.65,10,57.76,57600,0,06-MAY-2024,
OPTSTK,INFY,30-May-2024,1340.0,CE,98.0,114.0,98.0,102.05,102.05,47,272.12,84800,-400,06-MAY-2024,
OPTSTK,INFY,30-May-2024,1360.0,CE,82.4,96.45,81.35,84.65,84.65,42,243.44,150000,0,06-MAY-2024,
OPTSTK,INFY,30-May-2024,1380.0,CE,62.35,80.0,62.35,67.7,67.7,219,1272.96,96800,800,06-MAY-2024,
OPTSTK,INFY,30-May-2024,1400.0,CE,46.95,64.7,46.95,52.6,52.6,2397,13966.85,679600,-165200,06-MAY-2024,
OPTSTK,INFY,30-May-2024,1420.0,CE,34.85,50.5,33.8,39.55,39.55,4076,23847.23,516000,-247600,06-MAY-2024,
OPTSTK,INFY,30-May-2024,1440.0,CE,25.5,38.3,24.85,28.75,28.75,17083,100661.33,2136800,548400,06-MAY-2024,
OPTSTK,INFY,30-May-2024,1460.0,CE,17.5,27.95,17.5,19.95,19.95,8963,53182.99,2056800,-38400,06-MAY-2024,
OPTSTK,INFY,30-May-2024,1480.0,CE,14.0,19.9,12.9,13.65,13.65,6377,38174.22,1088800,498000,06-MAY-2024,
OPTSTK,INFY,30-May-2024,1500.0,CE,9.9,14.2,9.2,9.55,9.55,9909,59903.63,2656800,147200,06-MAY-2024,
OPTSTK,INFY,30-May-2024,1520.0,CE,7.35,10.1,6.4,6.7,6.7,2358,14413.23,652400,-37200,06-MAY-2024,
OPTSTK,INFY,30-May-2024,1540.0,CE,5.2,7.25,4.55,4.85,4.85,1918,11859.76,765600,12800,06-MAY-2024,
OPTSTK,INFY,30-May-2024,1560.0,CE,3.95,5.4,3.35,3.65,3.65,2328,14567.0,496000,66800,06-MAY-2024,
OPTSTK,INFY,30-May-2024,1580.0,CE,3.1,4.1,2.65,2.75,2.75,1232,7802.13,299200,53200,06-MAY-2024,
OPTSTK,INFY,30-May-2024,1600.0,CE,2.35,3.25,2.15,2.3,2.3,2797,17930.05,1753600,29600,06-MAY-2024,
OPTSTK,INFY,30-May-2024,1620.0,CE,1.9,2.45,1.6,1.7,1.7,275,1784.25,152000,12800,06-MAY-2024,
OPTSTK,INFY,30-May-2024,1640.0,CE,1.6,2.05,1.2,1.3,1.3,263,1726.85,152000,-3200,06-MAY-2024,
OPTSTK,INFY,30-May-2024,1660.0,CE,1.15,3.0,0.9,1.1,1.1,353,2345.69,172400,13200,06-MAY-2024,
OPTSTK,INFY,30-May-2024,1680.0,CE,0.95,1.2,0.8,0.9,0.9,212,1425.45,375600,20000,06-MAY-2024,
OPTSTK,INFY,30-May-2024,1720.0,CE,0.7,0.95,0.65,0.8,0.8,62,426.76,109200,-1200,06-MAY-2024,
OPTSTK,INFY,30-May-2024,1760.0,CE,0.65,0.7,0.5,0.65,0.65,26,183.1,24800,2000,06-MAY-2024,
OPTSTK,INFY,30-May-2024,1800.0,CE,0.6,0.7,0.55,0.6,0.6,89,641.02,274400,1200,06-MAY-2024,
OPTSTK,INFY,30-May-2024,1160.0,PE,1.25,1.25,0.5,0.6,0.6,32,148.55,20800,7200,06-MAY-2024,
OPTSTK,INFY,30-May-2024,1200.0,PE,0.85,0.95,0.5,0.65,0.65,182,874.09,275200,-3200,06-MAY-2024,
OPTSTK,INFY,30-May-2024,1240.0,PE,1.6,1.6,1.2,1.3,0.9,57,283.04,95200,6400,06-MAY-2024,
OPTSTK,INFY,30-May-2024,1260.0,PE,1.65,2.0,1.45,1.5,1.5,82,413.82,74800,-12000,06-MAY-2024,
OPTSTK,INFY,30-May-2024,1280.0,PE,2.35,2.65,1.85,1.95,1.95,479,2456.48,237200,-11200,06-MAY-2024,
OPTSTK,INFY,30-May-2024,1300.0,PE,3.5,3.6,2.6,2.8,2.8,1242,6472.88,656000,-6400,06-MAY-2024,
OPTSTK,INFY,30-May-2024,1320.0,PE,4.75,4.8,3.45,3.75,3.75,1057,5597.11,256800,-70400,06-MAY-2024,
OPTSTK,INFY,30-May-2024,1340.0,PE,7.15,7.15,4.55,5.2,5.2,898,4832.38,377200,-11200,06-MAY-2024,
OPTSTK,INFY,30-May-2024,1360.0,PE,10.05,10.05,6.3,7.45,7.45,2075,11348.44,858400,-14800,06-MAY-2024,
OPTSTK,INFY,30-May-2024,1380.0,PE,14.8,14.8,8.6,10.6,10.6,2588,14389.06,409200,25600,06-MAY-2024,
OPTSTK,INFY,30-May-2024,1400.0,PE,20.0,20.0,12.15,15.4,15.4,3814,21579.05,1377200,-60800,06-MAY-2024,
OPTSTK,INFY,30-May-2024,1420.0,PE,26.65,26.75,17.7,22.35,22.35,3295,18990.32,526000,-51600,06-MAY-2024,
OPTSTK,INFY,30-May-2024,1440.0,PE,37.75,37.75,25.25,31.3,31.3,3516,20664.99,976000,253600,06-MAY-2024,
OPTSTK,INFY,30-May-2024,1460.0,PE,48.35,48.35,34.9,42.7,42.7,1214,7279.19,360400,-20800,06-MAY-2024,
OPTSTK,INFY,30-May-2024,1480.0,PE,61.2,61.2,46.7,56.25,56.25,427,2616.6,283600,22400,06-MAY-2024,
OPTSTK,INFY,30-May-2024,1500.0,PE,77.1,77.1,60.9,71.2,71.2,453,2839.44,645600,-51600,06-MAY-2024,
OPTSTK,INFY,30-May-2024,1520.0,PE,85.0,90.95,78.95,89.6,89.6,89,571.3,218400,-800,06-MAY-2024,
OPTSTK,INFY,30-May-2024,1540.0,PE,107.45,108.2,94.35,107.8,107.8,54,354.54,98400,-3600,06-MAY-2024,
OPTSTK,INFY,30-May-2024,1560.0,PE,130.3,130.3,111.65,126.35,126.35,173,1162.81,131200,-12800,06-MAY-2024,
OPTSTK,INFY,30-May-2024,1580.0,PE,137.4,138.65,137.4,138.65,151.4,3,20.61,19200,400,06-MAY-2024,
OPTSTK,INFY,30-May-2024,1600.0,PE,168.05,168.05,151.0,165.0,169.9,89,625.61,335600,-18400,06-MAY-2024,
OPTSTK,INFY,30-May-2024,1620.0,PE,172.0,177.15,172.0,177.15,188.75,10,71.84,14000,800,06-MAY-2024,
OPTSTK,INFY,30-May-2024,1640.0,PE,0.0,0.0,0.0,200.15,207.95,0,0.0,26000,0,06-MAY-2024,
OPTSTK,INFY,30-May-2024,1660.0,PE,0.0,0.0,0.0,217.55,227.4,0,0.0,24400,0,06-MAY-2024,
OPTSTK,INFY,30-May-2024,1680.0,PE,0.0,0.0,0.0,232.0,246.95,0,0.0,120800,0,06-MAY-2024,
OPTSTK,INFY,30-May-2024,1720.0,PE,285.0,285.0,275.0,275.0,286.4,2,16.0,62000,-800,06-MAY-2024,
OPTSTK,INFY,30-May-2024,1760.0,PE,313.6,313.6,313.6,313.6,326.1,1,8.29,18400,0,06-MAY-2024,
OPTSTK,INFY,27-Jun-2024,1160.0,CE,0.0,0.0,0.0,360.9,279.0,0,0.0,0,0,06-MAY-2024,
OPTSTK,INFY,27-Jun-2024,1200.0,CE,0.0,0.0,0.0,323.35,240.85,0,0.0,0,0,06-MAY-2024,
OPTSTK,INFY,27-Jun-2024,1240.0,CE,0.0,0.0,0.0,286.85,204.0,0,0.0,0,0,06-MAY-2024,
OPTSTK,INFY,27-Jun-2024,1260.0,CE,0.0,0.0,0.0,203.15,186.25,0,0.0,0,0,06-MAY-2024,
OPTSTK,INFY,27-Jun-2024,1280.0,CE,0.0,0.0,0.0,251.7,169.05,0,0.0,0,0,06-MAY-2024,
OPTSTK,INFY,27-Jun-2024,1300.0,CE,145.0,145.0,145.0,145.0,152.5,1,5.78,800,0,06-MAY-2024,
OPTSTK,INFY,27-Jun-2024,1320.0,CE,0.0,0.0,0.0,218.35,136.75,0,0.0,0,0,06-MAY-2024,
OPTSTK,INFY,27-Jun-2024,1340.0,CE,0.0,0.0,0.0,139.2,121.85,0,0.0,0,0,06-MAY-2024,
OPTSTK,INFY,27-Jun-2024,1360.0,CE,0.0,0.0,0.0,91.9,107.75,0,0.0,1200,0,06-MAY-2024,
OPTSTK,INFY,27-Jun-2024,1380.0,CE,0.0,0.0,0.0,111.65,94.65,0,0.0,0,0,06-MAY-2024,
OPTSTK,INFY,27-Jun-2024,1400.0,CE,63.55,77.1,63.35,70.3,70.3,223,1312.68,98400,11600,06-MAY-2024,
OPTSTK,INFY,27-Jun-2024,1420.0,CE,54.5,62.05,54.25,59.5,71.55,12,70.95,10000,0,06-MAY-2024,
OPTSTK,INFY,27-Jun-2024,1440.0,CE,46.0,55.0,45.5,50.25,50.25,48,286.41,21200,2800,06-MAY-2024,
OPTSTK,INFY,27-Jun-2024,1460.0,CE,43.0,46.5,40.35,41.0,41.0,27,162.38,7200,0,06-MAY-2024,
OPTSTK,INFY,27-Jun-2024,1480.0,CE,35.0,37.7,34.05,36.75,36.75,56,339.56,72800,4400,06-MAY-2024,
OPTSTK,INFY,27-Jun-2024,1500.0,CE,25.35,32.6,25.35,29.55,29.55,628,3842.82,276000,99200,06-MAY-2024,
OPTSTK,INFY,27-Jun-2024,1520.0,CE,25.0,26.95,23.5,23.75,31.25,8,49.43,1600,1600,06-MAY-2024,
OPTSTK,INFY,27-Jun-2024,1540.0,CE,15.85,22.0,15.85,22.0,25.95,3,18.71,1200,1200,06-MAY-2024,
OPTSTK,INFY,27-Jun-2024,1560.0,CE,14.5,17.5,14.5,16.0,16.0,4,25.22,1600,1200,06-MAY-2024,
OPTSTK,INFY,27-Jun-2024,1580.0,CE,0.0,0.0,0.0,26.85,17.45,0,0.0,0,0,06-MAY-2024,
OPTSTK,INFY,27-Jun-2024,1600.0,CE,9.65,12.85,8.95,11.5,11.5,219,1411.58,292000,17600,06-MAY-2024,
OPTSTK,INFY,27-Jun-2024,1640.0,CE,6.15,6.15,6.15,6.15,6.15,3,19.75,2400,1200,06-MAY-2024,
OPTSTK,INFY,27-Jun-2024,1680.0,CE,5.75,6.5,5.0,5.0,5.75,12,80.9,9200,2400,06-MAY-2024,
OPTSTK,INFY,27-Jun-2024,1760.0,CE,3.0,3.0,2.75,2.75,2.1,4,28.2,32000,400,06-MAY-2024,
OPTSTK,INFY,27-Jun-2024,1160.0,PE,0.0,0.0,0.0,2.1,1.15,0,0.0,0,0,06-MAY-2024,
OPTSTK,INFY,27-Jun-2024,1200.0,PE,3.45,3.45,3.45,3.45,3.45,2,9.62,800,800,06-MAY-2024,
OPTSTK,INFY,27-Jun-2024,1240.0,PE,6.8,6.8,6.8,6.8,5.3,2,9.97,800,800,06-MAY-2024,
OPTSTK,INFY,27-Jun-2024,1260.0,PE,0.0,0.0,0.0,8.9,7.35,0,0.0,0,0,06-MAY-2024,
OPTSTK,INFY,27-Jun-2024,1280.0,PE,0.0,0.0,0.0,10.75,9.95,0,0.0,0,0,06-MAY-2024,
OPTSTK,INFY,27-Jun-2024,1300.0,PE,17.5,19.65,14.85,18.85,18.85,149,784.74,99600,27600,06-MAY-2024,
OPTSTK,INFY,27-Jun-2024,1320.0,PE,21.25,23.0,19.0,22.6,22.6,28,150.12,70800,-2800,06-MAY-2024,
OPTSTK,INFY,27-Jun-2024,1340.0,PE,25.25,25.25,25.25,25.25,22.15,1,5.46,800,400,06-MAY-2024,
OPTSTK,INFY,27-Jun-2024,1360.0,PE,41.1,41.1,29.3,33.0,27.85,22,122.5,33200,800,06-MAY-2024,
OPTSTK,INFY,27-Jun-2024,1380.0,PE,42.0,42.0,37.0,38.3,34.55,13,73.89,5600,3600,06-MAY-2024,
OPTSTK,INFY,27-Jun-2024,1400.0,PE,50.3,50.55,43.0,49.4,49.4,259,1498.42,354000,34400,06-MAY-2024,
OPTSTK,INFY,27-Jun-2024,1420.0,PE,65.1,65.1,55.3,60.4,60.4,6,35.51,2800,1200,06-MAY-2024,
OPTSTK,INFY,27-Jun-2024,1440.0,PE,66.5,68.0,61.0,66.8,60.8,17,102.29,14800,4400,06-MAY-2024,
OPTSTK,INFY,27-Jun-2024,1460.0,PE,0.0,0.0,0.0,70.65,71.55,0,0.0,0,0,06-MAY-2024,
OPTSTK,INFY,27-Jun-2024,1480.0,PE,81.0,89.35,81.0,89.35,83.35,4,25.06,8000,1200,06-MAY-2024,
OPTSTK,INFY,27-Jun-2024,1500.0,PE,104.0,110.0,97.15,108.1,108.1,132,845.14,65200,46400,06-MAY-2024,
OPTSTK,INFY,27-Jun-2024,1520.0,PE,115.0,115.0,115.0,115.0,109.7,2,13.08,1200,800,06-MAY-2024,
OPTSTK,INFY,27-Jun-2024,1540.0,PE,0.0,0.0,0.0,151.0,124.2,0,0.0,800,0,06-MAY-2024,
OPTSTK,INFY,27-Jun-2024,1560.0,PE,0.0,0.0,0.0,105.15,139.35,0,0.0,0,0,06-MAY-2024,
OPTSTK,INFY,27-Jun-2024,1580.0,PE,0.0,0.0,0.0,148.6,155.25,0,0.0,0,0,06-MAY-2024,
OPTSTK,INFY,27-Jun-2024,1600.0,PE,179.0,188.9,177.25,188.9,188.9,33,235.23,24400,9200,06-MAY-2024,
OPTSTK,INFY,27-Jun-2024,1640.0,PE,0.0,0.0,0.0,156.7,206.35,0,0.0,0,0,06-MAY-2024,
OPTSTK,INFY,27-Jun-2024,1680.0,PE,0.0,0.0,0.0,186.05,242.5,0,0.0,0,0,06-MAY-2024,
OPTSTK,INFY,25-Jul-2024,1200.0,CE,0.0,0.0,0.0,267.35,251.1,0,0.0,0,0,06-MAY-2024,
OPTSTK,INFY,25-Jul-2024,1240.0,CE,0.0,0.0,0.0,232.65,216.1,0,0.0,0,0,06-MAY-2024,
OPTSTK,INFY,25-Jul-2024,1280.0,CE,0.0,0.0,0.0,199.9,183.2,0,0.0,0,0,06-MAY-2024,
OPTSTK,INFY,25-Jul-2024,1320.0,CE,0.0,0.0,0.0,169.55,152.85,0,0.0,0,0,06-MAY-2024,
OPTSTK,INFY,25-Jul-2024,1360.0,CE,0.0,0.0,0.0,141.7,125.3,0,0.0,0,0,06-MAY-2024,
OPTSTK,INFY,25-Jul-2024,1400.0,CE,97.05,97.05,97.05,97.05,101.0,2,11.97,800,800,06-MAY-2024,
OPTSTK,INFY,25-Jul-2024,1440.0,CE,0.0,0.0,0.0,94.9,80.0,0,0.0,0,0,06-MAY-2024,
OPTSTK,INFY,25-Jul-2024,1480.0,CE,0.0,0.0,0.0,76.05,62.3,0,0.0,0,0,06-MAY-2024,
OPTSTK,INFY,25-Jul-2024,1520.0,CE,0.0,0.0,0.0,60.05,47.65,0,0.0,0,0,06-MAY-2024,
OPTSTK,INFY,25-Jul-2024,1560.0,CE,0.0,0.0,0.0,46.8,35.8,0,0.0,0,0,06-MAY-2024,
OPTSTK,INFY,25-Jul-2024,1600.0,CE,0.0,0.0,0.0,36.0,26.5,0,0.0,0,0,06-MAY-2024,
OPTSTK,INFY,25-Jul-2024,1680.0,CE,0.0,0.0,0.0,20.45,13.8,0,0.0,0,0,06-MAY-2024,
OPTSTK,INFY,25-Jul-2024,1200.0,PE,0.0,0.0,0.0,7.2,6.2,0,0.0,0,0,06-MAY-2024,
OPTSTK,INFY,25-Jul-2024,1240.0,PE,0.0,0.0,0.0,11.8,10.6,0,0.0,0,0,06-MAY-2024,
OPTSTK,INFY,25-Jul-2024,1280.0,PE,0.0,0.0,0.0,18.35,17.05,0,0.0,0,0,06-MAY-2024,
OPTSTK,INFY,25-Jul-2024,1320.0,PE,26.0,29.0,26.0,27.0,27.0,4,21.54,4000,1600,06-MAY-2024,
OPTSTK,INFY,25-Jul-2024,1360.0,PE,0.0,0.0,0.0,38.65,37.9,0,0.0,0,0,06-MAY-2024,
OPTSTK,INFY,25-Jul-2024,1400.0,PE,55.65,56.0,55.65,55.85,55.85,2,11.64,3200,800,06-MAY-2024,
OPTSTK,INFY,25-Jul-2024,1440.0,PE,0.0,0.0,0.0,70.45,71.35,0,0.0,0,0,06-MAY-2024,
OPTSTK,INFY,25-Jul-2024,1480.0,PE,0.0,0.0,0.0,90.85,93.0,0,0.0,0,0,06-MAY-2024,
OPTSTK,INFY,25-Jul-2024,1520.0,PE,0.0,0.0,0.0,114.15,117.7,0,0.0,0,0,06-MAY-2024,
OPTSTK,INFY,25-Jul-2024,1560.0,PE,0.0,0.0,0.0,140.15,145.25,0,0.0,0,0,06-MAY-2024,
OPTSTK,INFY,25-Jul-2024,1600.0,PE,0.0,0.0,0.0,168.65,175.3,0,0.0,0,0,06-MAY-2024,
OPTSTK,INFY,25-Jul-2024,1680.0,PE,0.0,0.0,0.0,231.65,241.35,0,0.0,0,0,06-MAY-2024,
OPTSTK,IOC,30-May-2024,140.0,CE,0.0,0.0,0.0,31.0,27.15,0,0.0,48750,0,06-MAY-2024,
OPTSTK,IOC,30-May-2024,145.0,CE,0.0,0.0,0.0,26.5,22.45,0,0.0,0,0,06-MAY-2024,
OPTSTK,IOC,30-May-2024,150.0,CE,21.0,21.0,17.2,18.05,18.05,73,600.0,999375,141375,06-MAY-2024,
OPTSTK,IOC,30-May-2024,155.0,CE,16.0,16.0,13.4,13.75,13.75,7,57.87,390000,-4875,06-MAY-2024,
OPTSTK,IOC,30-May-2024,157.5,CE,12.25,12.45,11.7,12.05,12.05,11,90.94,78000,-24375,06-MAY-2024,
OPTSTK,IOC,30-May-2024,160.0,CE,12.4,12.4,9.4,10.05,10.05,318,2643.0,1452750,224250,06-MAY-2024,
OPTSTK,IOC,30-May-2024,162.5,CE,10.2,10.2,7.9,8.35,8.35,28,234.01,282750,63375,06-MAY-2024,
OPTSTK,IOC,30-May-2024,165.0,CE,10.3,10.3,6.45,6.95,6.95,1319,11073.71,2905500,814125,06-MAY-2024,
OPTSTK,IOC,30-May-2024,167.5,CE,8.35,8.35,5.3,5.65,5.65,607,5132.94,765375,385125,06-MAY-2024,
OPTSTK,IOC,30-May-2024,170.0,CE,7.3,7.5,4.25,4.6,4.6,5063,43184.07,11085750,3968250,06-MAY-2024,
OPTSTK,IOC,30-May-2024,172.5,CE,6.05,6.1,3.5,3.75,3.75,1018,8764.69,2959125,682500,06-MAY-2024,
OPTSTK,IOC,30-May-2024,175.0,CE,5.0,5.0,2.8,3.1,3.1,3379,29377.82,11168625,97500,06-MAY-2024,
OPTSTK,IOC,30-May-2024,177.5,CE,4.1,4.1,2.35,2.55,2.55,693,6090.03,2837250,521625,06-MAY-2024,
OPTSTK,IOC,30-May-2024,180.0,CE,3.3,3.45,1.9,2.05,2.05,3436,30526.0,17208750,1101750,06-MAY-2024,
OPTSTK,IOC,30-May-2024,182.5,CE,2.65,2.75,1.55,1.7,1.7,252,2264.52,1287000,9750,06-MAY-2024,
OPTSTK,IOC,30-May-2024,185.0,CE,2.25,2.3,1.25,1.4,1.4,1435,13045.19,6620250,721500,06-MAY-2024,
OPTSTK,IOC,30-May-2024,187.5,CE,1.85,1.85,1.1,1.2,1.2,175,1610.44,984750,156000,06-MAY-2024,
OPTSTK,IOC,30-May-2024,190.0,CE,1.5,1.55,0.9,1.0,1.0,3339,31095.49,11700000,1662375,06-MAY-2024,
OPTSTK,IOC,30-May-2024,192.5,CE,1.2,1.25,0.75,0.8,0.8,300,2827.78,1316250,628875,06-MAY-2024,
OPTSTK,IOC,30-May-2024,195.0,CE,1.1,1.1,0.6,0.7,0.7,637,6078.34,4441125,-87750,06-MAY-2024,
OPTSTK,IOC,30-May-2024,200.0,CE,0.75,0.85,0.45,0.55,0.55,4867,47585.99,23005125,1920750,06-MAY-2024,
OPTSTK,IOC,30-May-2024,140.0,PE,0.2,0.35,0.2,0.35,0.35,348,2380.21,3290625,126750,06-MAY-2024,
OPTSTK,IOC,30-May-2024,145.0,PE,0.35,0.65,0.35,0.5,0.5,526,3731.06,1964625,331500,06-MAY-2024,
OPTSTK,IOC,30-May-2024,150.0,PE,0.5,1.2,0.5,0.95,0.95,1416,10416.99,5625750,-131625,06-MAY-2024,
OPTSTK,IOC,30-May-2024,152.5,PE,1.1,1.6,0.85,1.3,1.3,269,2016.46,838500,648375,06-MAY-2024,
OPTSTK,IOC,30-May-2024,154.0,PE,0.9,1.9,0.9,1.5,1.5,89,674.92,380250,185250,06-MAY-2024,
OPTSTK,IOC,30-May-2024,155.0,PE,1.0,2.1,1.0,1.7,1.7,932,7115.26,3773250,-53625,06-MAY-2024,
OPTSTK,IOC,30-May-2024,157.5,PE,1.25,2.65,1.25,2.25,2.25,340,2645.37,921375,-229125,06-MAY-2024,
OPTSTK,IOC,30-May-2024,160.0,PE,1.6,3.55,1.6,2.95,2.95,2626,20837.39,7088250,794625,06-MAY-2024,
OPTSTK,IOC,30-May-2024,162.5,PE,2.15,4.4,2.15,3.8,3.8,408,3302.45,575250,-414375,06-MAY-2024,
OPTSTK,IOC,30-May-2024,165.0,PE,2.75,5.55,2.65,4.75,4.75,2841,23478.73,5689125,48750,06-MAY-2024,
OPTSTK,IOC,30-May-2024,167.5,PE,3.55,6.85,3.5,6.0,6.0,1129,9525.32,1267500,-136500,06-MAY-2024,
OPTSTK,IOC,30-May-2024,170.0,PE,4.85,8.35,4.5,7.4,7.4,3265,28157.54,10622625,502125,06-MAY-2024,
OPTSTK,IOC,30-May-2024,172.5,PE,5.6,9.9,5.6,9.05,9.05,804,7105.17,1082250,-1345500,06-MAY-2024,
OPTSTK,IOC,30-May-2024,175.0,PE,7.15,11.7,7.05,10.85,10.85,428,3853.45,4348500,39000,06-MAY-2024,
OPTSTK,IOC,30-May-2024,177.5,PE,11.6,13.05,11.15,12.9,12.9,27,249.96,643500,48750,06-MAY-2024,
OPTSTK,IOC,30-May-2024,180.0,PE,10.6,15.65,10.6,14.85,14.85,93,880.09,4129125,-102375,06-MAY-2024,
OPTSTK,IOC,30-May-2024,182.5,PE,15.3,17.4,15.3,16.9,16.9,17,165.17,360750,39000,06-MAY-2024,
OPTSTK,IOC,30-May-2024,185.0,PE,15.4,19.6,15.4,17.2,19.25,10,98.94,1043250,-9750,06-MAY-2024,
OPTSTK,IOC,30-May-2024,187.5,PE,21.2,21.85,19.4,19.4,21.45,6,60.9,160875,-9750,06-MAY-2024,
OPTSTK,IOC,30-May-2024,190.0,PE,22.75,23.0,22.75,23.0,23.65,2,20.75,346125,0,06-MAY-2024,
OPTSTK,IOC,30-May-2024,192.5,PE,23.45,23.45,23.45,23.45,25.95,1,10.52,175500,-4875,06-MAY-2024,
OPTSTK,IOC,30-May-2024,195.0,PE,0.0,0.0,0.0,22.7,28.3,0,0.0,73125,0,06-MAY-2024,
OPTSTK,IOC,30-May-2024,200.0,PE,33.95,33.95,33.95,33.95,33.1,1,11.4,165750,-4875,06-MAY-2024,
OPTSTK,IOC,27-Jun-2024,145.0,CE,0.0,0.0,0.0,28.45,24.6,0,0.0,0,0,06-MAY-2024,
OPTSTK,IOC,27-Jun-2024,150.0,CE,0.0,0.0,0.0,24.45,20.65,0,0.0,9750,0,06-MAY-2024,
OPTSTK,IOC,27-Jun-2024,155.0,CE,0.0,0.0,0.0,21.35,17.05,0,0.0,0,0,06-MAY-2024,
OPTSTK,IOC,27-Jun-2024,157.5,CE,0.0,0.0,0.0,19.2,15.4,0,0.0,0,0,06-MAY-2024,
OPTSTK,IOC,27-Jun-2024,160.0,CE,15.2,15.5,14.75,15.5,13.85,4,34.16,29250,19500,06-MAY-2024,
OPTSTK,IOC,27-Jun-2024,162.5,CE,0.0,0.0,0.0,16.0,12.4,0,0.0,0,0,06-MAY-2024,
OPTSTK,IOC,27-Jun-2024,165.0,CE,13.1,13.1,13.1,13.1,13.1,1,8.68,9750,0,06-MAY-2024,
OPTSTK,IOC,27-Jun-2024,167.5,CE,0.0,0.0,0.0,13.15,9.85,0,0.0,0,0,06-MAY-2024,
OPTSTK,IOC,27-Jun-2024,170.0,CE,10.0,11.6,9.9,10.5,10.5,36,317.27,346125,58500,06-MAY-2024,
OPTSTK,IOC,27-Jun-2024,172.5,CE,0.0,0.0,0.0,10.65,7.7,0,0.0,0,0,06-MAY-2024,
OPTSTK,IOC,27-Jun-2024,175.0,CE,9.1,9.65,8.1,8.55,8.55,44,394.18,204750,68250,06-MAY-2024,
OPTSTK,IOC,27-Jun-2024,177.5,CE,0.0,0.0,0.0,8.5,5.9,0,0.0,0,0,06-MAY-2024,
OPTSTK,IOC,27-Jun-2024,180.0,CE,6.65,7.8,6.45,7.15,7.15,64,583.76,429000,53625,06-MAY-2024,
OPTSTK,IOC,27-Jun-2024,182.5,CE,0.0,0.0,0.0,6.75,4.45,0,0.0,0,0,06-MAY-2024,
OPTSTK,IOC,27-Jun-2024,185.0,CE,5.3,6.2,5.3,6.1,3.85,8,74.5,48750,24375,06-MAY-2024,
OPTSTK,IOC,27-Jun-2024,187.5,CE,0.0,0.0,0.0,5.25,3.3,0,0.0,0,0,06-MAY-2024,
OPTSTK,IOC,27-Jun-2024,190.0,CE,4.3,4.95,4.0,4.85,4.85,36,341.79,443625,63375,06-MAY-2024,
OPTSTK,IOC,27-Jun-2024,192.5,CE,0.0,0.0,0.0,4.05,2.45,0,0.0,0,0,06-MAY-2024,
OPTSTK,IOC,27-Jun-2024,195.0,CE,3.5,3.9,3.5,3.8,3.8,7,67.79,697125,-9750,06-MAY-2024,
OPTSTK,IOC,27-Jun-2024,200.0,CE,4.7,4.7,2.65,3.2,3.2,336,3324.44,326625,146250,06-MAY-2024,
OPTSTK,IOC,27-Jun-2024,145.0,PE,2.7,3.0,2.2,3.0,3.0,38,273.79,175500,136500,06-MAY-2024,
OPTSTK,IOC,27-Jun-2024,150.0,PE,3.9,4.3,3.4,4.15,4.15,92,690.04,1145625,141375,06-MAY-2024,
OPTSTK,IOC,27-Jun-2024,155.0,PE,2.8,5.55,2.8,5.4,5.4,23,179.35,131625,24375,06-MAY-2024,
OPTSTK,IOC,27-Jun-2024,157.5,PE,0.0,0.0,0.0,2.9,5.05,0,0.0,53625,0,06-MAY-2024,
OPTSTK,IOC,27-Jun-2024,160.0,PE,6.9,7.65,6.4,7.35,7.35,60,488.55,580125,121875,06-MAY-2024,
OPTSTK,IOC,27-Jun-2024,162.5,PE,0.0,0.0,0.0,6.25,7.0,0,0.0,0,0,06-MAY-2024,
OPTSTK,IOC,27-Jun-2024,165.0,PE,9.05,9.25,8.5,9.1,8.15,5,42.39,63375,4875,06-MAY-2024,
OPTSTK,IOC,27-Jun-2024,167.5,PE,0.0,0.0,0.0,8.35,9.35,0,0.0,0,0,06-MAY-2024,
OPTSTK,IOC,27-Jun-2024,170.0,PE,10.9,12.5,10.8,12.05,12.05,33,292.09,604500,53625,06-MAY-2024,
OPTSTK,IOC,27-Jun-2024,172.5,PE,0.0,0.0,0.0,10.8,12.15,0,0.0,0,0,06-MAY-2024,
OPTSTK,IOC,27-Jun-2024,175.0,PE,14.9,14.9,14.45,14.5,13.7,5,46.22,78000,19500,06-MAY-2024,
OPTSTK,IOC,27-Jun-2024,177.5,PE,0.0,0.0,0.0,13.15,15.3,0,0.0,4875,0,06-MAY-2024,
OPTSTK,IOC,27-Jun-2024,180.0,PE,17.4,17.4,17.4,17.4,17.0,2,19.24,48750,0,06-MAY-2024,
OPTSTK,IOC,27-Jun-2024,182.5,PE,0.0,0.0,0.0,16.75,18.8,0,0.0,0,0,06-MAY-2024,
OPTSTK,IOC,27-Jun-2024,185.0,PE,0.0,0.0,0.0,21.3,20.7,0,0.0,0,0,06-MAY-2024,
OPTSTK,IOC,27-Jun-2024,187.5,PE,0.0,0.0,0.0,20.2,22.65,0,0.0,0,0,06-MAY-2024,
OPTSTK,IOC,27-Jun-2024,190.0,PE,0.0,0.0,0.0,17.0,24.65,0,0.0,9750,0,06-MAY-2024,
OPTSTK,IOC,27-Jun-2024,192.5,PE,0.0,0.0,0.0,23.95,26.7,0,0.0,0,0,06-MAY-2024,
OPTSTK,IOC,27-Jun-2024,195.0,PE,0.0,0.0,0.0,28.6,28.8,0,0.0,0,0,06-MAY-2024,
OPTSTK,IOC,27-Jun-2024,200.0,PE,0.0,0.0,0.0,32.55,33.15,0,0.0,0,0,06-MAY-2024,
OPTSTK,IOC,25-Jul-2024,150.0,CE,0.0,0.0,0.0,26.75,22.95,0,0.0,0,0,06-MAY-2024,
OPTSTK,IOC,25-Jul-2024,155.0,CE,0.0,0.0,0.0,23.25,19.55,0,0.0,0,0,06-MAY-2024,
OPTSTK,IOC,25-Jul-2024,160.0,CE,0.0,0.0,0.0,20.0,16.5,0,0.0,0,0,06-MAY-2024,
OPTSTK,IOC,25-Jul-2024,165.0,CE,0.0,0.0,0.0,17.05,13.8,0,0.0,0,0,06-MAY-2024,
OPTSTK,IOC,25-Jul-2024,170.0,CE,0.0,0.0,0.0,14.45,11.45,0,0.0,0,0,06-MAY-2024,
OPTSTK,IOC,25-Jul-2024,175.0,CE,0.0,0.0,0.0,12.1,9.4,0,0.0,0,0,06-MAY-2024,
OPTSTK,IOC,25-Jul-2024,180.0,CE,0.0,0.0,0.0,12.25,7.6,0,0.0,4875,0,06-MAY-2024,
OPTSTK,IOC,25-Jul-2024,185.0,CE,0.0,0.0,0.0,8.35,6.15,0,0.0,0,0,06-MAY-2024,
OPTSTK,IOC,25-Jul-2024,190.0,CE,0.0,0.0,0.0,7.95,4.9,0,0.0,34125,0,06-MAY-2024,
OPTSTK,IOC,25-Jul-2024,200.0,CE,0.0,0.0,0.0,4.5,3.05,0,0.0,0,0,06-MAY-2024,
OPTSTK,IOC,25-Jul-2024,150.0,PE,0.0,0.0,0.0,2.5,4.3,0,0.0,39000,0,06-MAY-2024,
OPTSTK,IOC,25-Jul-2024,155.0,PE,0.0,0.0,0.0,5.25,5.85,0,0.0,0,0,06-MAY-2024,
OPTSTK,IOC,25-Jul-2024,160.0,PE,0.0,0.0,0.0,6.9,7.75,0,0.0,0,0,06-MAY-2024,
OPTSTK,IOC,25-Jul-2024,165.0,PE,0.0,0.0,0.0,8.9,9.95,0,0.0,0,0,06-MAY-2024,
OPTSTK,IOC,25-Jul-2024,170.0,PE,0.0,0.0,0.0,11.15,12.5,0,0.0,0,0,06-MAY-2024,
OPTSTK,IOC,25-Jul-2024,175.0,PE,0.0,0.0,0.0,13.75,15.35,0,0.0,0,0,06-MAY-2024,
OPTSTK,IOC,25-Jul-2024,180.0,PE,0.0,0.0,0.0,16.65,18.5,0,0.0,0,0,06-MAY-2024,
OPTSTK,IOC,25-Jul-2024,185.0,PE,0.0,0.0,0.0,19.8,21.95,0,0.0,0,0,06-MAY-2024,
OPTSTK,IOC,25-Jul-2024,190.0,PE,0.0,0.0,0.0,23.2,25.65,0,0.0,0,0,06-MAY-2024,
OPTSTK,IOC,25-Jul-2024,200.0,PE,0.0,0.0,0.0,30.7,33.65,0,0.0,0,0,06-MAY-2024,
OPTSTK,IPCALAB,30-May-2024,1160.0,CE,0.0,0.0,0.0,105.25,183.2,0,0.0,0,0,06-MAY-2024,
OPTSTK,IPCALAB,30-May-2024,1200.0,CE,149.1,153.4,148.6,153.4,145.9,8,70.19,2600,0,06-MAY-2024,
OPTSTK,IPCALAB,30-May-2024,1220.0,CE,0.0,0.0,0.0,74.65,128.15,0,0.0,0,0,06-MAY-2024,
OPTSTK,IPCALAB,30-May-2024,1240.0,CE,0.0,0.0,0.0,115.65,111.25,0,0.0,1300,0,06-MAY-2024,
OPTSTK,IPCALAB,30-May-2024,1260.0,CE,0.0,0.0,0.0,58.15,95.35,0,0.0,0,0,06-MAY-2024,
OPTSTK,IPCALAB,30-May-2024,1280.0,CE,0.0,0.0,0.0,85.25,80.6,0,0.0,1300,0,06-MAY-2024,
OPTSTK,IPCALAB,30-May-2024,1300.0,CE,80.4,80.4,69.55,71.25,67.2,6,53.61,8450,1950,06-MAY-2024,
OPTSTK,IPCALAB,30-May-2024,1320.0,CE,0.0,0.0,0.0,60.4,55.2,0,0.0,1300,0,06-MAY-2024,
OPTSTK,IPCALAB,30-May-2024,1340.0,CE,48.0,55.6,46.05,50.7,50.7,24,217.07,35750,3900,06-MAY-2024,
OPTSTK,IPCALAB,30-May-2024,1360.0,CE,42.0,49.0,39.3,41.55,41.55,149,1359.49,54600,5850,06-MAY-2024,
OPTSTK,IPCALAB,30-May-2024,1380.0,CE,35.3,36.1,35.3,36.1,27.9,2,18.4,5850,0,06-MAY-2024,
OPTSTK,IPCALAB,30-May-2024,1400.0,CE,29.9,32.95,25.0,27.35,27.35,204,1895.06,51350,-13650,06-MAY-2024,
OPTSTK,IPCALAB,30-May-2024,1420.0,CE,19.2,19.2,19.2,19.2,16.4,1,9.35,5200,0,06-MAY-2024,
OPTSTK,IPCALAB,30-May-2024,1440.0,CE,19.0,19.0,15.8,17.55,17.55,34,322.13,28600,1300,06-MAY-2024,
OPTSTK,IPCALAB,30-May-2024,1460.0,CE,13.15,13.15,12.0,12.0,9.0,7,66.99,16900,1950,06-MAY-2024,
OPTSTK,IPCALAB,30-May-2024,1480.0,CE,11.5,12.65,9.5,11.45,6.5,16,155.07,18850,0,06-MAY-2024,
OPTSTK,IPCALAB,30-May-2024,1520.0,CE,6.4,7.25,5.7,6.35,6.35,60,595.31,39000,2600,06-MAY-2024,
OPTSTK,IPCALAB,30-May-2024,1120.0,PE,0.0,0.0,0.0,2.0,0.45,0,0.0,18200,0,06-MAY-2024,
OPTSTK,IPCALAB,30-May-2024,1160.0,PE,0.0,0.0,0.0,4.6,1.5,0,0.0,4550,0,06-MAY-2024,
OPTSTK,IPCALAB,30-May-2024,1200.0,PE,7.7,9.5,6.85,8.6,8.6,34,267.04,35100,-1950,06-MAY-2024,
OPTSTK,IPCALAB,30-May-2024,1220.0,PE,0.0,0.0,0.0,79.2,6.15,0,0.0,0,0,06-MAY-2024,
OPTSTK,IPCALAB,30-May-2024,1240.0,PE,11.5,14.1,11.5,13.8,9.15,13,105.85,18850,1300,06-MAY-2024,
OPTSTK,IPCALAB,30-May-2024,1260.0,PE,0.0,0.0,0.0,19.3,13.2,0,0.0,12350,0,06-MAY-2024,
OPTSTK,IPCALAB,30-May-2024,1280.0,PE,21.8,26.05,21.8,24.25,18.35,11,93.21,11050,1300,06-MAY-2024,
OPTSTK,IPCALAB,30-May-2024,1300.0,PE,33.9,34.55,27.25,31.4,24.85,45,389.44,38350,-14300,06-MAY-2024,
OPTSTK,IPCALAB,30-May-2024,1320.0,PE,0.0,0.0,0.0,39.0,32.8,0,0.0,0,0,06-MAY-2024,
OPTSTK,IPCALAB,30-May-2024,1340.0,PE,47.05,53.3,46.0,49.1,49.1,8,72.17,14950,650,06-MAY-2024,
OPTSTK,IPCALAB,30-May-2024,1360.0,PE,59.6,59.6,59.45,59.45,59.45,3,27.68,11700,1950,06-MAY-2024,
OPTSTK,IPCALAB,30-May-2024,1380.0,PE,0.0,0.0,0.0,186.9,65.15,0,0.0,0,0,06-MAY-2024,
OPTSTK,IPCALAB,30-May-2024,1400.0,PE,0.0,0.0,0.0,74.1,78.7,0,0.0,650,0,06-MAY-2024,
OPTSTK,IPCALAB,30-May-2024,1420.0,PE,0.0,0.0,0.0,219.55,93.5,0,0.0,0,0,06-MAY-2024,
OPTSTK,IPCALAB,30-May-2024,1440.0,PE,0.0,0.0,0.0,236.45,109.2,0,0.0,0,0,06-MAY-2024,
OPTSTK,IPCALAB,30-May-2024,1460.0,PE,0.0,0.0,0.0,136.25,125.9,0,0.0,650,0,06-MAY-2024,
OPTSTK,IPCALAB,30-May-2024,1480.0,PE,0.0,0.0,0.0,271.35,143.3,0,0.0,0,0,06-MAY-2024,
OPTSTK,IPCALAB,30-May-2024,1520.0,PE,0.0,0.0,0.0,307.3,179.9,0,0.0,0,0,06-MAY-2024,
OPTSTK,IPCALAB,27-Jun-2024,1160.0,CE,0.0,0.0,0.0,133.95,195.6,0,0.0,0,0,06-MAY-2024,
OPTSTK,IPCALAB,27-Jun-2024,1200.0,CE,0.0,0.0,0.0,109.15,161.75,0,0.0,0,0,06-MAY-2024,
OPTSTK,IPCALAB,27-Jun-2024,1220.0,CE,0.0,0.0,0.0,146.75,145.85,0,0.0,0,0,06-MAY-2024,
OPTSTK,IPCALAB,27-Jun-2024,1240.0,CE,0.0,0.0,0.0,87.55,130.75,0,0.0,0,0,06-MAY-2024,
OPTSTK,IPCALAB,27-Jun-2024,1260.0,CE,0.0,0.0,0.0,118.8,116.45,0,0.0,0,0,06-MAY-2024,
OPTSTK,IPCALAB,27-Jun-2024,1280.0,CE,0.0,0.0,0.0,69.15,103.1,0,0.0,0,0,06-MAY-2024,
OPTSTK,IPCALAB,27-Jun-2024,1300.0,CE,0.0,0.0,0.0,94.35,90.7,0,0.0,0,0,06-MAY-2024,
OPTSTK,IPCALAB,27-Jun-2024,1320.0,CE,0.0,0.0,0.0,53.8,79.3,0,0.0,0,0,06-MAY-2024,
OPTSTK,IPCALAB,27-Jun-2024,1340.0,CE,0.0,0.0,0.0,73.4,68.9,0,0.0,0,0,06-MAY-2024,
OPTSTK,IPCALAB,27-Jun-2024,1360.0,CE,0.0,0.0,0.0,41.25,59.45,0,0.0,0,0,06-MAY-2024,
OPTSTK,IPCALAB,27-Jun-2024,1380.0,CE,0.0,0.0,0.0,55.95,50.95,0,0.0,0,0,06-MAY-2024,
OPTSTK,IPCALAB,27-Jun-2024,1400.0,CE,0.0,0.0,0.0,45.6,43.4,0,0.0,650,0,06-MAY-2024,
OPTSTK,IPCALAB,27-Jun-2024,1420.0,CE,0.0,0.0,0.0,41.8,36.75,0,0.0,0,0,06-MAY-2024,
OPTSTK,IPCALAB,27-Jun-2024,1440.0,CE,0.0,0.0,0.0,23.25,30.9,0,0.0,0,0,06-MAY-2024,
OPTSTK,IPCALAB,27-Jun-2024,1460.0,CE,0.0,0.0,0.0,30.7,25.9,0,0.0,0,0,06-MAY-2024,
OPTSTK,IPCALAB,27-Jun-2024,1480.0,CE,0.0,0.0,0.0,17.1,21.45,0,0.0,0,0,06-MAY-2024,
OPTSTK,IPCALAB,27-Jun-2024,1520.0,CE,0.0,0.0,0.0,12.45,14.55,0,0.0,0,0,06-MAY-2024,
OPTSTK,IPCALAB,27-Jun-2024,1160.0,PE,0.0,0.0,0.0,35.8,7.3,0,0.0,0,0,06-MAY-2024,
OPTSTK,IPCALAB,27-Jun-2024,1200.0,PE,0.0,0.0,0.0,18.0,13.0,0,0.0,650,0,06-MAY-2024,
OPTSTK,IPCALAB,27-Jun-2024,1220.0,PE,0.0,0.0,0.0,23.0,16.9,0,0.0,0,0,06-MAY-2024,
OPTSTK,IPCALAB,27-Jun-2024,1240.0,PE,0.0,0.0,0.0,68.0,21.65,0,0.0,0,0,06-MAY-2024,
OPTSTK,IPCALAB,27-Jun-2024,1260.0,PE,0.0,0.0,0.0,34.55,27.1,0,0.0,0,0,06-MAY-2024,
OPTSTK,IPCALAB,27-Jun-2024,1280.0,PE,0.0,0.0,0.0,88.9,33.55,0,0.0,0,0,06-MAY-2024,
OPTSTK,IPCALAB,27-Jun-2024,1300.0,PE,0.0,0.0,0.0,55.0,40.95,0,0.0,650,0,06-MAY-2024,
OPTSTK,IPCALAB,27-Jun-2024,1320.0,PE,0.0,0.0,0.0,112.8,49.35,0,0.0,0,0,06-MAY-2024,
OPTSTK,IPCALAB,27-Jun-2024,1340.0,PE,0.0,0.0,0.0,68.15,58.7,0,0.0,0,0,06-MAY-2024,
OPTSTK,IPCALAB,27-Jun-2024,1360.0,PE,0.0,0.0,0.0,139.5,69.05,0,0.0,0,0,06-MAY-2024,
OPTSTK,IPCALAB,27-Jun-2024,1380.0,PE,0.0,0.0,0.0,90.2,80.4,0,0.0,0,0,06-MAY-2024,
OPTSTK,IPCALAB,27-Jun-2024,1400.0,PE,0.0,0.0,0.0,168.8,92.65,0,0.0,0,0,06-MAY-2024,
OPTSTK,IPCALAB,27-Jun-2024,1420.0,PE,0.0,0.0,0.0,115.55,105.75,0,0.0,0,0,06-MAY-2024,
OPTSTK,IPCALAB,27-Jun-2024,1440.0,PE,0.0,0.0,0.0,200.1,119.7,0,0.0,0,0,06-MAY-2024,
OPTSTK,IPCALAB,27-Jun-2024,1460.0,PE,0.0,0.0,0.0,143.95,134.5,0,0.0,0,0,06-MAY-2024,
OPTSTK,IPCALAB,27-Jun-2024,1480.0,PE,0.0,0.0,0.0,233.25,149.85,0,0.0,0,0,06-MAY-2024,
OPTSTK,IPCALAB,27-Jun-2024,1520.0,PE,0.0,0.0,0.0,267.85,182.55,0,0.0,0,0,06-MAY-2024,
OPTSTK,IPCALAB,25-Jul-2024,1200.0,CE,0.0,0.0,0.0,176.75,176.6,0,0.0,0,0,06-MAY-2024,
OPTSTK,IPCALAB,25-Jul-2024,1240.0,CE,0.0,0.0,0.0,148.7,147.5,0,0.0,0,0,06-MAY-2024,
OPTSTK,IPCALAB,25-Jul-2024,1280.0,CE,0.0,0.0,0.0,123.5,121.25,0,0.0,0,0,06-MAY-2024,
OPTSTK,IPCALAB,25-Jul-2024,1320.0,CE,0.0,0.0,0.0,101.25,98.15,0,0.0,0,0,06-MAY-2024,
OPTSTK,IPCALAB,25-Jul-2024,1360.0,CE,0.0,0.0,0.0,81.95,78.25,0,0.0,0,0,06-MAY-2024,
OPTSTK,IPCALAB,25-Jul-2024,1400.0,CE,0.0,0.0,0.0,65.45,61.4,0,0.0,0,0,06-MAY-2024,
OPTSTK,IPCALAB,25-Jul-2024,1440.0,CE,0.0,0.0,0.0,51.65,47.45,0,0.0,0,0,06-MAY-2024,
OPTSTK,IPCALAB,25-Jul-2024,1480.0,CE,0.0,0.0,0.0,40.25,36.15,0,0.0,0,0,06-MAY-2024,
OPTSTK,IPCALAB,25-Jul-2024,1520.0,CE,0.0,0.0,0.0,31.1,27.2,0,0.0,0,0,06-MAY-2024,
OPTSTK,IPCALAB,25-Jul-2024,1200.0,PE,0.0,0.0,0.0,26.6,21.3,0,0.0,0,0,06-MAY-2024,
OPTSTK,IPCALAB,25-Jul-2024,1240.0,PE,0.0,0.0,0.0,37.85,31.55,0,0.0,0,0,06-MAY-2024,
OPTSTK,IPCALAB,25-Jul-2024,1280.0,PE,0.0,0.0,0.0,51.95,44.65,0,0.0,0,0,06-MAY-2024,
OPTSTK,IPCALAB,25-Jul-2024,1320.0,PE,0.0,0.0,0.0,68.95,60.95,0,0.0,0,0,06-MAY-2024,
OPTSTK,IPCALAB,25-Jul-2024,1360.0,PE,0.0,0.0,0.0,88.9,80.4,0,0.0,0,0,06-MAY-2024,
OPTSTK,IPCALAB,25-Jul-2024,1400.0,PE,0.0,0.0,0.0,111.75,102.9,0,0.0,0,0,06-MAY-2024,
OPTSTK,IPCALAB,25-Jul-2024,1440.0,PE,0.0,0.0,0.0,137.2,128.35,0,0.0,0,0,06-MAY-2024,
OPTSTK,IPCALAB,25-Jul-2024,1480.0,PE,0.0,0.0,0.0,165.1,156.4,0,0.0,0,0,06-MAY-2024,
OPTSTK,IPCALAB,25-Jul-2024,1520.0,PE,0.0,0.0,0.0,195.2,186.8,0,0.0,0,0,06-MAY-2024,
OPTSTK,IRCTC,30-May-2024,800.0,CE,0.0,0.0,0.0,253.0,226.1,0,0.0,875,0,06-MAY-2024,
OPTSTK,IRCTC,30-May-2024,900.0,CE,0.0,0.0,0.0,163.1,130.75,0,0.0,14875,0,06-MAY-2024,
OPTSTK,IRCTC,30-May-2024,920.0,CE,0.0,0.0,0.0,87.0,113.35,0,0.0,0,0,06-MAY-2024,
OPTSTK,IRCTC,30-May-2024,940.0,CE,0.0,0.0,0.0,77.35,96.95,0,0.0,0,0,06-MAY-2024,
OPTSTK,IRCTC,30-May-2024,950.0,CE,110.0,110.0,87.0,91.5,89.2,13,119.23,84000,-875,06-MAY-2024,
OPTSTK,IRCTC,30-May-2024,960.0,CE,85.15,85.15,85.15,85.15,81.8,1,9.14,3500,875,06-MAY-2024,
OPTSTK,IRCTC,30-May-2024,970.0,CE,73.1,75.55,73.1,75.55,74.65,3,27.42,7000,875,06-MAY-2024,
OPTSTK,IRCTC,30-May-2024,980.0,CE,70.05,71.0,70.05,71.0,67.9,2,18.38,14000,0,06-MAY-2024,
OPTSTK,IRCTC,30-May-2024,990.0,CE,63.6,63.6,63.6,63.6,63.6,1,9.21,9625,875,06-MAY-2024,
OPTSTK,IRCTC,30-May-2024,1000.0,CE,80.0,80.0,50.75,56.75,56.75,467,4323.23,274750,16625,06-MAY-2024,
OPTSTK,IRCTC,30-May-2024,1010.0,CE,60.0,60.0,46.0,49.65,49.65,66,613.52,44625,5250,06-MAY-2024,
OPTSTK,IRCTC,30-May-2024,1020.0,CE,59.35,59.35,40.95,46.15,46.15,348,3250.16,106750,14875,06-MAY-2024,
OPTSTK,IRCTC,30-May-2024,1030.0,CE,44.05,49.65,36.6,41.85,41.85,419,3933.04,135625,36750,06-MAY-2024,
OPTSTK,IRCTC,30-May-2024,1040.0,CE,52.45,53.0,32.5,36.85,36.85,560,5290.02,292250,77000,06-MAY-2024,
OPTSTK,IRCTC,30-May-2024,1050.0,CE,49.05,51.55,29.0,33.45,33.45,1821,17297.01,937125,201250,06-MAY-2024,
OPTSTK,IRCTC,30-May-2024,1060.0,CE,43.9,43.9,26.0,30.3,30.3,1321,12616.96,935375,68250,06-MAY-2024,
OPTSTK,IRCTC,30-May-2024,1070.0,CE,39.9,39.9,23.0,26.7,26.7,668,6417.11,364875,32375,06-MAY-2024,
OPTSTK,IRCTC,30-May-2024,1080.0,CE,33.9,34.05,20.5,23.7,23.7,487,4710.86,390250,23625,06-MAY-2024,
OPTSTK,IRCTC,30-May-2024,1090.0,CE,31.45,31.45,18.25,21.35,21.35,227,2209.49,147000,-15750,06-MAY-2024,
OPTSTK,IRCTC,30-May-2024,1100.0,CE,29.65,30.35,16.25,18.8,18.8,2306,22599.59,1648500,-77875,06-MAY-2024,
OPTSTK,IRCTC,30-May-2024,1110.0,CE,26.5,26.5,14.55,16.35,16.35,94,927.82,91000,1750,06-MAY-2024,
OPTSTK,IRCTC,30-May-2024,1120.0,CE,23.35,23.35,12.35,14.8,14.8,237,2353.81,196875,-7875,06-MAY-2024,
OPTSTK,IRCTC,30-May-2024,1130.0,CE,19.0,19.25,11.6,13.25,13.25,69,691.2,104125,19250,06-MAY-2024,
OPTSTK,IRCTC,30-May-2024,1140.0,CE,18.0,18.0,9.65,11.5,11.5,182,1835.27,148750,-1750,06-MAY-2024,
OPTSTK,IRCTC,30-May-2024,1150.0,CE,16.35,16.35,8.6,10.15,10.15,1517,15408.71,574875,-232750,06-MAY-2024,
OPTSTK,IRCTC,30-May-2024,1160.0,CE,15.0,15.0,7.5,8.95,8.95,208,2127.85,273000,-4375,06-MAY-2024,
OPTSTK,IRCTC,30-May-2024,1180.0,CE,12.15,12.15,5.8,6.8,6.8,352,3656.33,238875,18375,06-MAY-2024,
OPTSTK,IRCTC,30-May-2024,1200.0,CE,8.65,8.95,4.45,5.3,5.3,1686,17786.65,1074500,3500,06-MAY-2024,
OPTSTK,IRCTC,30-May-2024,800.0,PE,0.75,1.35,0.75,1.0,1.0,52,364.47,52500,5250,06-MAY-2024,
OPTSTK,IRCTC,30-May-2024,840.0,PE,1.25,1.75,1.0,1.75,1.75,60,441.67,83125,33250,06-MAY-2024,
OPTSTK,IRCTC,30-May-2024,860.0,PE,1.75,3.2,1.6,2.25,2.25,170,1282.83,101500,14875,06-MAY-2024,
OPTSTK,IRCTC,30-May-2024,880.0,PE,2.95,4.95,2.6,3.4,3.4,330,2551.19,245875,-6125,06-MAY-2024,
OPTSTK,IRCTC,30-May-2024,890.0,PE,4.0,5.25,3.4,4.35,4.35,71,555.54,32375,1750,06-MAY-2024,
OPTSTK,IRCTC,30-May-2024,900.0,PE,3.1,7.45,3.1,5.25,5.25,763,6043.49,490000,-4375,06-MAY-2024,
OPTSTK,IRCTC,30-May-2024,910.0,PE,6.95,6.95,6.05,6.15,5.55,9,72.15,8750,7000,06-MAY-2024,
OPTSTK,IRCTC,30-May-2024,920.0,PE,5.0,10.0,5.0,7.5,7.5,157,1274.17,338625,45500,06-MAY-2024,
OPTSTK,IRCTC,30-May-2024,930.0,PE,5.65,12.45,5.65,9.05,9.05,125,1027.03,252000,18375,06-MAY-2024,
OPTSTK,IRCTC,30-May-2024,940.0,PE,6.5,15.05,6.5,10.8,10.8,49,407.7,167125,11375,06-MAY-2024,
OPTSTK,IRCTC,30-May-2024,950.0,PE,8.15,17.7,7.6,13.25,13.25,901,7591.72,630000,20125,06-MAY-2024,
OPTSTK,IRCTC,30-May-2024,960.0,PE,9.3,20.0,9.3,15.85,15.85,139,1186.08,220500,63000,06-MAY-2024,
OPTSTK,IRCTC,30-May-2024,970.0,PE,12.7,24.2,11.1,19.05,19.05,130,1123.58,193375,-5250,06-MAY-2024,
OPTSTK,IRCTC,30-May-2024,980.0,PE,12.5,27.0,12.5,22.15,22.15,164,1436.95,156625,4375,06-MAY-2024,
OPTSTK,IRCTC,30-May-2024,990.0,PE,22.55,31.5,22.05,25.7,25.7,62,551.53,60375,-5250,06-MAY-2024,
OPTSTK,IRCTC,30-May-2024,1000.0,PE,17.95,36.0,17.95,29.6,29.6,1398,12589.96,647500,21000,06-MAY-2024,
OPTSTK,IRCTC,30-May-2024,1010.0,PE,22.0,41.7,22.0,33.85,33.85,129,1178.96,84000,-7875,06-MAY-2024,
OPTSTK,IRCTC,30-May-2024,1020.0,PE,27.6,46.35,25.85,38.8,38.8,768,7127.67,367500,182875,06-MAY-2024,
OPTSTK,IRCTC,30-May-2024,1030.0,PE,31.0,51.95,30.0,44.25,44.25,198,1857.9,246750,-4375,06-MAY-2024,
OPTSTK,IRCTC,30-May-2024,1040.0,PE,35.15,57.5,34.7,49.75,49.75,212,2015.82,207375,-15750,06-MAY-2024,
OPTSTK,IRCTC,30-May-2024,1050.0,PE,37.8,64.3,37.8,55.65,55.65,407,3926.39,545125,1750,06-MAY-2024,
OPTSTK,IRCTC,30-May-2024,1060.0,PE,46.25,70.9,46.25,61.25,60.4,99,969.83,182875,-11375,06-MAY-2024,
OPTSTK,IRCTC,30-May-2024,1070.0,PE,48.9,72.15,48.9,68.05,66.95,89,883.89,94500,2625,06-MAY-2024,
OPTSTK,IRCTC,30-May-2024,1080.0,PE,79.9,84.2,75.9,75.9,73.85,6,60.83,63000,-1750,06-MAY-2024,
OPTSTK,IRCTC,30-May-2024,1090.0,PE,74.9,92.05,74.9,92.05,81.05,6,61.82,27125,-2625,06-MAY-2024,
OPTSTK,IRCTC,30-May-2024,1100.0,PE,88.15,100.0,81.0,92.8,88.6,31,322.11,266000,6125,06-MAY-2024,
OPTSTK,IRCTC,30-May-2024,1110.0,PE,103.1,103.1,97.7,97.7,96.35,3,31.74,24500,-875,06-MAY-2024,
OPTSTK,IRCTC,30-May-2024,1120.0,PE,0.0,0.0,0.0,83.0,104.35,0,0.0,6125,0,06-MAY-2024,
OPTSTK,IRCTC,30-May-2024,1130.0,PE,120.05,120.05,120.05,120.05,112.6,1,10.93,7875,875,06-MAY-2024,
OPTSTK,IRCTC,30-May-2024,1140.0,PE,128.5,128.5,128.5,128.5,121.1,1,11.09,4375,875,06-MAY-2024,
OPTSTK,IRCTC,30-May-2024,1150.0,PE,130.65,130.65,130.65,130.65,130.65,2,22.41,37625,1750,06-MAY-2024,
OPTSTK,IRCTC,30-May-2024,1160.0,PE,141.8,141.8,141.8,141.8,138.6,1,11.39,2625,875,06-MAY-2024,
OPTSTK,IRCTC,30-May-2024,1180.0,PE,163.9,163.9,163.9,163.9,156.7,1,11.75,875,875,06-MAY-2024,
OPTSTK,IRCTC,30-May-2024,1200.0,PE,181.35,182.55,164.1,167.0,175.3,4,48.08,5250,-1750,06-MAY-2024,
OPTSTK,IRCTC,27-Jun-2024,900.0,CE,172.5,172.5,172.5,172.5,145.1,1,9.38,1750,-875,06-MAY-2024,
OPTSTK,IRCTC,27-Jun-2024,920.0,CE,0.0,0.0,0.0,85.5,129.65,0,0.0,0,0,06-MAY-2024,
OPTSTK,IRCTC,27-Jun-2024,940.0,CE,0.0,0.0,0.0,75.75,115.1,0,0.0,0,0,06-MAY-2024,
OPTSTK,IRCTC,27-Jun-2024,950.0,CE,126.45,126.45,126.45,126.45,126.45,3,28.25,2625,0,06-MAY-2024,
OPTSTK,IRCTC,27-Jun-2024,960.0,CE,0.0,0.0,0.0,66.85,101.45,0,0.0,0,0,06-MAY-2024,
OPTSTK,IRCTC,27-Jun-2024,970.0,CE,0.0,0.0,0.0,106.25,95.05,0,0.0,0,0,06-MAY-2024,
OPTSTK,IRCTC,27-Jun-2024,980.0,CE,0.0,0.0,0.0,58.75,88.9,0,0.0,0,0,06-MAY-2024,
OPTSTK,IRCTC,27-Jun-2024,990.0,CE,0.0,0.0,0.0,94.2,83.0,0,0.0,0,0,06-MAY-2024,
OPTSTK,IRCTC,27-Jun-2024,1000.0,CE,98.9,98.9,90.1,94.0,77.35,5,47.91,10500,1750,06-MAY-2024,
OPTSTK,IRCTC,27-Jun-2024,1010.0,CE,0.0,0.0,0.0,83.05,71.95,0,0.0,0,0,06-MAY-2024,
OPTSTK,IRCTC,27-Jun-2024,1020.0,CE,0.0,0.0,0.0,44.85,66.85,0,0.0,0,0,06-MAY-2024,
OPTSTK,IRCTC,27-Jun-2024,1030.0,CE,0.0,0.0,0.0,72.85,62.0,0,0.0,0,0,06-MAY-2024,
OPTSTK,IRCTC,27-Jun-2024,1040.0,CE,0.0,0.0,0.0,39.0,57.4,0,0.0,0,0,06-MAY-2024,
OPTSTK,IRCTC,27-Jun-2024,1050.0,CE,75.5,76.8,71.7,72.0,72.0,5,49.18,12250,875,06-MAY-2024,
OPTSTK,IRCTC,27-Jun-2024,1060.0,CE,0.0,0.0,0.0,77.5,48.95,0,0.0,2625,0,06-MAY-2024,
OPTSTK,IRCTC,27-Jun-2024,1070.0,CE,0.0,0.0,0.0,55.25,45.1,0,0.0,0,0,06-MAY-2024,
OPTSTK,IRCTC,27-Jun-2024,1080.0,CE,0.0,0.0,0.0,29.2,41.45,0,0.0,0,0,06-MAY-2024,
OPTSTK,IRCTC,27-Jun-2024,1090.0,CE,0.0,0.0,0.0,66.65,38.05,0,0.0,1750,0,06-MAY-2024,
OPTSTK,IRCTC,27-Jun-2024,1100.0,CE,61.8,61.8,49.0,53.1,53.1,45,454.08,112875,2625,06-MAY-2024,
OPTSTK,IRCTC,27-Jun-2024,1110.0,CE,0.0,0.0,0.0,41.05,31.95,0,0.0,0,0,06-MAY-2024,
OPTSTK,IRCTC,27-Jun-2024,1120.0,CE,0.0,0.0,0.0,21.55,29.2,0,0.0,0,0,06-MAY-2024,
OPTSTK,IRCTC,27-Jun-2024,1130.0,CE,0.0,0.0,0.0,35.15,26.7,0,0.0,0,0,06-MAY-2024,
OPTSTK,IRCTC,27-Jun-2024,1140.0,CE,0.0,0.0,0.0,18.45,24.35,0,0.0,0,0,06-MAY-2024,
OPTSTK,IRCTC,27-Jun-2024,1150.0,CE,0.0,0.0,0.0,48.0,22.15,0,0.0,1750,0,06-MAY-2024,
OPTSTK,IRCTC,27-Jun-2024,1160.0,CE,43.0,43.0,36.95,36.95,20.1,6,62.89,28000,875,06-MAY-2024,
OPTSTK,IRCTC,27-Jun-2024,1180.0,CE,32.0,32.0,31.0,31.0,16.5,5,52.99,6125,4375,06-MAY-2024,
OPTSTK,IRCTC,27-Jun-2024,1200.0,CE,22.2,32.15,22.2,26.55,26.55,8,85.96,7000,7000,06-MAY-2024,
OPTSTK,IRCTC,27-Jun-2024,880.0,PE,12.0,19.7,12.0,19.7,10.15,19,149.13,22750,12250,06-MAY-2024,
OPTSTK,IRCTC,27-Jun-2024,900.0,PE,15.9,24.95,15.9,23.5,23.5,31,250.02,77000,14000,06-MAY-2024,
OPTSTK,IRCTC,27-Jun-2024,920.0,PE,0.0,0.0,0.0,18.5,18.0,0,0.0,4375,0,06-MAY-2024,
OPTSTK,IRCTC,27-Jun-2024,940.0,PE,0.0,0.0,0.0,20.0,23.25,0,0.0,7875,0,06-MAY-2024,
OPTSTK,IRCTC,27-Jun-2024,950.0,PE,28.0,39.9,27.85,39.9,39.9,19,164.01,42000,8750,06-MAY-2024,
OPTSTK,IRCTC,27-Jun-2024,960.0,PE,0.0,0.0,0.0,80.0,29.4,0,0.0,0,0,06-MAY-2024,
OPTSTK,IRCTC,27-Jun-2024,970.0,PE,0.0,0.0,0.0,36.3,32.85,0,0.0,0,0,06-MAY-2024,
OPTSTK,IRCTC,27-Jun-2024,980.0,PE,0.0,0.0,0.0,91.55,36.6,0,0.0,0,0,06-MAY-2024,
OPTSTK,IRCTC,27-Jun-2024,990.0,PE,0.0,0.0,0.0,43.95,40.6,0,0.0,0,0,06-MAY-2024,
OPTSTK,IRCTC,27-Jun-2024,1000.0,PE,56.0,63.0,51.5,59.3,59.3,46,425.46,91875,17500,06-MAY-2024,
OPTSTK,IRCTC,27-Jun-2024,1010.0,PE,0.0,0.0,0.0,52.6,49.35,0,0.0,0,0,06-MAY-2024,
OPTSTK,IRCTC,27-Jun-2024,1020.0,PE,0.0,0.0,0.0,116.95,54.15,0,0.0,0,0,06-MAY-2024,
OPTSTK,IRCTC,27-Jun-2024,1030.0,PE,0.0,0.0,0.0,42.05,59.15,0,0.0,875,0,06-MAY-2024,
OPTSTK,IRCTC,27-Jun-2024,1040.0,PE,0.0,0.0,0.0,130.7,64.45,0,0.0,0,0,06-MAY-2024,
OPTSTK,IRCTC,27-Jun-2024,1050.0,PE,0.0,0.0,0.0,57.75,70.0,0,0.0,0,0,06-MAY-2024,
OPTSTK,IRCTC,27-Jun-2024,1060.0,PE,0.0,0.0,0.0,145.2,75.8,0,0.0,0,0,06-MAY-2024,
OPTSTK,IRCTC,27-Jun-2024,1070.0,PE,0.0,0.0,0.0,84.0,81.85,0,0.0,0,0,06-MAY-2024,
OPTSTK,IRCTC,27-Jun-2024,1080.0,PE,0.0,0.0,0.0,160.2,88.15,0,0.0,0,0,06-MAY-2024,
OPTSTK,IRCTC,27-Jun-2024,1090.0,PE,0.0,0.0,0.0,96.25,94.65,0,0.0,0,0,06-MAY-2024,
OPTSTK,IRCTC,27-Jun-2024,1100.0,PE,0.0,0.0,0.0,81.35,101.35,0,0.0,875,0,06-MAY-2024,
OPTSTK,IRCTC,27-Jun-2024,1110.0,PE,0.0,0.0,0.0,109.35,108.3,0,0.0,0,0,06-MAY-2024,
OPTSTK,IRCTC,27-Jun-2024,1120.0,PE,0.0,0.0,0.0,191.85,115.45,0,0.0,0,0,06-MAY-2024,
OPTSTK,IRCTC,27-Jun-2024,1130.0,PE,0.0,0.0,0.0,123.15,122.85,0,0.0,0,0,06-MAY-2024,
OPTSTK,IRCTC,27-Jun-2024,1140.0,PE,0.0,0.0,0.0,208.35,130.4,0,0.0,0,0,06-MAY-2024,
OPTSTK,IRCTC,27-Jun-2024,1150.0,PE,0.0,0.0,0.0,137.75,138.1,0,0.0,0,0,06-MAY-2024,
OPTSTK,IRCTC,27-Jun-2024,1160.0,PE,0.0,0.0,0.0,225.3,145.95,0,0.0,0,0,06-MAY-2024,
OPTSTK,IRCTC,27-Jun-2024,1180.0,PE,0.0,0.0,0.0,242.6,162.15,0,0.0,0,0,06-MAY-2024,
OPTSTK,IRCTC,27-Jun-2024,1200.0,PE,0.0,0.0,0.0,260.2,178.9,0,0.0,0,0,06-MAY-2024,
OPTSTK,IRCTC,25-Jul-2024,920.0,CE,0.0,0.0,0.0,154.2,144.05,0,0.0,0,0,06-MAY-2024,
OPTSTK,IRCTC,25-Jul-2024,940.0,CE,0.0,0.0,0.0,140.6,130.3,0,0.0,0,0,06-MAY-2024,
OPTSTK,IRCTC,25-Jul-2024,960.0,CE,0.0,0.0,0.0,127.8,117.5,0,0.0,0,0,06-MAY-2024,
OPTSTK,IRCTC,25-Jul-2024,980.0,CE,0.0,0.0,0.0,115.8,105.5,0,0.0,0,0,06-MAY-2024,
OPTSTK,IRCTC,25-Jul-2024,1000.0,CE,0.0,0.0,0.0,104.55,94.35,0,0.0,0,0,06-MAY-2024,
OPTSTK,IRCTC,25-Jul-2024,1020.0,CE,0.0,0.0,0.0,94.1,84.05,0,0.0,0,0,06-MAY-2024,
OPTSTK,IRCTC,25-Jul-2024,1040.0,CE,0.0,0.0,0.0,84.4,74.55,0,0.0,0,0,06-MAY-2024,
OPTSTK,IRCTC,25-Jul-2024,1060.0,CE,0.0,0.0,0.0,75.5,65.9,0,0.0,0,0,06-MAY-2024,
OPTSTK,IRCTC,25-Jul-2024,1080.0,CE,0.0,0.0,0.0,67.3,58.05,0,0.0,0,0,06-MAY-2024,
OPTSTK,IRCTC,25-Jul-2024,1100.0,CE,70.0,70.0,70.0,70.0,50.9,1,10.23,1750,875,06-MAY-2024,
OPTSTK,IRCTC,25-Jul-2024,1120.0,CE,0.0,0.0,0.0,53.05,44.5,0,0.0,0,0,06-MAY-2024,
OPTSTK,IRCTC,25-Jul-2024,1140.0,CE,0.0,0.0,0.0,46.85,38.75,0,0.0,0,0,06-MAY-2024,
OPTSTK,IRCTC,25-Jul-2024,1160.0,CE,0.0,0.0,0.0,41.3,33.7,0,0.0,0,0,06-MAY-2024,
OPTSTK,IRCTC,25-Jul-2024,920.0,PE,0.0,0.0,0.0,29.75,27.3,0,0.0,0,0,06-MAY-2024,
OPTSTK,IRCTC,25-Jul-2024,940.0,PE,0.0,0.0,0.0,35.8,33.25,0,0.0,0,0,06-MAY-2024,
OPTSTK,IRCTC,25-Jul-2024,960.0,PE,0.0,0.0,0.0,42.65,40.1,0,0.0,0,0,06-MAY-2024,
OPTSTK,IRCTC,25-Jul-2024,980.0,PE,0.0,0.0,0.0,50.3,47.8,0,0.0,0,0,06-MAY-2024,
OPTSTK,IRCTC,25-Jul-2024,1000.0,PE,0.0,0.0,0.0,58.7,56.35,0,0.0,0,0,06-MAY-2024,
OPTSTK,IRCTC,25-Jul-2024,1020.0,PE,0.0,0.0,0.0,67.9,65.7,0,0.0,0,0,06-MAY-2024,
OPTSTK,IRCTC,25-Jul-2024,1040.0,PE,0.0,0.0,0.0,60.0,75.9,0,0.0,875,0,06-MAY-2024,
OPTSTK,IRCTC,25-Jul-2024,1060.0,PE,0.0,0.0,0.0,88.55,86.95,0,0.0,0,0,06-MAY-2024,
OPTSTK,IRCTC,25-Jul-2024,1080.0,PE,0.0,0.0,0.0,100.0,98.75,0,0.0,0,0,06-MAY-2024,
OPTSTK,IRCTC,25-Jul-2024,1100.0,PE,0.0,0.0,0.0,112.15,111.3,0,0.0,0,0,06-MAY-2024,
OPTSTK,IRCTC,25-Jul-2024,1120.0,PE,0.0,0.0,0.0,125.0,124.6,0,0.0,0,0,06-MAY-2024,
OPTSTK,IRCTC,25-Jul-2024,1140.0,PE,0.0,0.0,0.0,138.45,138.55,0,0.0,0,0,06-MAY-2024,
OPTSTK,IRCTC,25-Jul-2024,1160.0,PE,0.0,0.0,0.0,152.55,153.15,0,0.0,0,0,06-MAY-2024,
OPTSTK,ITC,30-May-2024,375.0,CE,0.0,0.0,0.0,42.85,61.55,0,0.0,0,0,06-MAY-2024,
OPTSTK,ITC,30-May-2024,380.0,CE,0.0,0.0,0.0,60.0,56.6,0,0.0,30400,0,06-MAY-2024,
OPTSTK,ITC,30-May-2024,385.0,CE,0.0,0.0,0.0,47.0,51.65,0,0.0,1600,0,06-MAY-2024,
OPTSTK,ITC,30-May-2024,390.0,CE,0.0,0.0,0.0,50.15,46.8,0,0.0,4800,0,06-MAY-2024,
OPTSTK,ITC,30-May-2024,395.0,CE,0.0,0.0,0.0,28.75,42.0,0,0.0,0,0,06-MAY-2024,
OPTSTK,ITC,30-May-2024,397.5,CE,0.0,0.0,0.0,40.45,39.65,0,0.0,1600,0,06-MAY-2024,
OPTSTK,ITC,30-May-2024,400.0,CE,40.05,41.0,37.0,37.45,37.3,7,49.13,321600,1600,06-MAY-2024,
OPTSTK,ITC,30-May-2024,405.0,CE,0.0,0.0,0.0,35.8,32.75,0,0.0,8000,0,06-MAY-2024,
OPTSTK,ITC,30-May-2024,407.5,CE,0.0,0.0,0.0,29.8,30.55,0,0.0,4800,0,06-MAY-2024,
OPTSTK,ITC,30-May-2024,410.0,CE,0.0,0.0,0.0,27.3,28.4,0,0.0,198400,0,06-MAY-2024,
OPTSTK,ITC,30-May-2024,412.5,CE,0.0,0.0,0.0,27.4,26.3,0,0.0,6400,0,06-MAY-2024,
OPTSTK,ITC,30-May-2024,415.0,CE,0.0,0.0,0.0,25.9,24.25,0,0.0,12800,0,06-MAY-2024,
OPTSTK,ITC,30-May-2024,417.5,CE,0.0,0.0,0.0,21.3,22.3,0,0.0,20800,0,06-MAY-2024,
OPTSTK,ITC,30-May-2024,420.0,CE,21.55,22.55,18.7,19.8,19.8,162,1140.25,601600,0,06-MAY-2024,
OPTSTK,ITC,30-May-2024,422.5,CE,18.75,20.6,17.05,17.9,18.65,15,105.74,48000,8000,06-MAY-2024,
OPTSTK,ITC,30-May-2024,425.0,CE,17.35,17.55,15.25,16.0,16.0,38,268.11,604800,0,06-MAY-2024,
OPTSTK,ITC,30-May-2024,427.5,CE,16.75,16.75,13.45,14.2,14.2,24,169.72,107200,-4800,06-MAY-2024,
OPTSTK,ITC,30-May-2024,430.0,CE,13.0,15.1,11.8,12.55,12.55,1554,11007.49,2038400,268800,06-MAY-2024,
OPTSTK,ITC,30-May-2024,432.5,CE,12.05,13.3,10.35,11.0,11.0,155,1100.64,158400,-1600,06-MAY-2024,
OPTSTK,ITC,30-May-2024,435.0,CE,9.5,11.75,8.85,9.6,9.6,2483,17671.26,1977600,60800,06-MAY-2024,
OPTSTK,ITC,30-May-2024,437.5,CE,8.65,10.25,7.7,8.25,8.25,1259,8985.73,545600,22400,06-MAY-2024,
OPTSTK,ITC,30-May-2024,440.0,CE,7.25,8.9,6.55,7.05,7.05,7583,54276.28,10220800,-188800,06-MAY-2024,
OPTSTK,ITC,30-May-2024,442.5,CE,6.45,7.65,5.55,6.0,6.0,819,5882.58,680000,126400,06-MAY-2024,
OPTSTK,ITC,30-May-2024,445.0,CE,5.45,6.5,4.65,5.1,5.1,2255,16247.54,7473600,104000,06-MAY-2024,
OPTSTK,ITC,30-May-2024,447.5,CE,4.6,5.55,3.95,4.3,4.3,264,1909.29,652800,38400,06-MAY-2024,
OPTSTK,ITC,30-May-2024,450.0,CE,3.8,4.7,3.15,3.7,3.7,5934,43085.28,16403200,128000,06-MAY-2024,
OPTSTK,ITC,30-May-2024,452.5,CE,3.25,3.95,2.8,3.1,3.1,208,1516.72,372800,-43200,06-MAY-2024,
OPTSTK,ITC,30-May-2024,455.0,CE,2.9,3.35,2.4,2.65,2.65,462,3383.7,1427200,8000,06-MAY-2024,
OPTSTK,ITC,30-May-2024,457.5,CE,2.45,2.85,2.05,2.25,2.25,82,603.36,188800,33600,06-MAY-2024,
OPTSTK,ITC,30-May-2024,460.0,CE,2.95,2.95,1.75,1.95,1.95,1702,12581.41,4270400,-24000,06-MAY-2024,
OPTSTK,ITC,30-May-2024,462.5,CE,1.85,2.05,1.55,1.65,1.65,58,430.89,121600,-9600,06-MAY-2024,
OPTSTK,ITC,30-May-2024,465.0,CE,1.55,1.8,1.35,1.45,1.45,243,1813.82,689600,8000,06-MAY-2024,
OPTSTK,ITC,30-May-2024,467.5,CE,1.5,1.55,1.2,1.3,1.3,12,90.02,164800,1600,06-MAY-2024,
OPTSTK,ITC,30-May-2024,470.0,CE,1.15,1.4,1.05,1.15,1.15,682,5141.4,2643200,286400,06-MAY-2024,
OPTSTK,ITC,30-May-2024,475.0,CE,0.95,1.05,0.85,0.95,0.95,78,593.94,590400,27200,06-MAY-2024,
OPTSTK,ITC,30-May-2024,480.0,CE,0.8,0.9,0.7,0.75,0.75,699,5376.97,2508800,-160000,06-MAY-2024,
OPTSTK,ITC,30-May-2024,485.0,CE,0.6,0.75,0.6,0.65,0.65,64,497.29,443200,33600,06-MAY-2024,
OPTSTK,ITC,30-May-2024,490.0,CE,0.5,0.65,0.5,0.55,0.55,104,816.28,1033600,24000,06-MAY-2024,
OPTSTK,ITC,30-May-2024,495.0,CE,0.55,0.6,0.45,0.55,0.55,128,1014.82,1448000,22400,06-MAY-2024,
OPTSTK,ITC,30-May-2024,500.0,CE,0.35,0.4,0.3,0.4,0.4,749,5996.25,2078400,67200,06-MAY-2024,
OPTSTK,ITC,30-May-2024,370.0,PE,0.3,0.3,0.2,0.25,0.05,12,71.09,331200,16000,06-MAY-2024,
OPTSTK,ITC,30-May-2024,375.0,PE,0.5,0.5,0.3,0.35,0.05,4,24.02,22400,3200,06-MAY-2024,
OPTSTK,ITC,30-May-2024,380.0,PE,0.4,0.4,0.3,0.4,0.4,37,225.16,520000,11200,06-MAY-2024,
OPTSTK,ITC,30-May-2024,385.0,PE,0.0,0.0,0.0,0.55,0.15,0,0.0,4800,0,06-MAY-2024,
OPTSTK,ITC,30-May-2024,390.0,PE,0.45,0.55,0.4,0.45,0.45,57,356.11,265600,14400,06-MAY-2024,
OPTSTK,ITC,30-May-2024,392.5,PE,0.6,0.6,0.45,0.5,0.5,15,94.32,20800,0,06-MAY-2024,
OPTSTK,ITC,30-May-2024,395.0,PE,0.6,0.6,0.5,0.6,0.45,58,367.09,80000,-25600,06-MAY-2024,
OPTSTK,ITC,30-May-2024,397.5,PE,0.6,0.75,0.5,0.65,0.55,43,273.91,212800,43200,06-MAY-2024,
OPTSTK,ITC,30-May-2024,400.0,PE,0.8,0.9,0.65,0.8,0.8,455,2917.64,2446400,49600,06-MAY-2024,
OPTSTK,ITC,30-May-2024,402.5,PE,0.85,0.95,0.75,0.85,0.85,22,141.97,92800,-12800,06-MAY-2024,
OPTSTK,ITC,30-May-2024,405.0,PE,0.95,1.15,0.85,1.05,1.05,87,565.18,139200,-6400,06-MAY-2024,
OPTSTK,ITC,30-May-2024,407.5,PE,1.05,1.35,1.05,1.2,1.2,37,241.98,54400,9600,06-MAY-2024,
OPTSTK,ITC,30-May-2024,410.0,PE,1.45,1.65,1.15,1.45,1.45,186,1224.46,1209600,-28800,06-MAY-2024,
OPTSTK,ITC,30-May-2024,412.5,PE,1.55,1.85,1.45,1.85,2.15,19,125.9,81600,8000,06-MAY-2024,
OPTSTK,ITC,30-May-2024,415.0,PE,1.85,2.35,1.55,2.0,2.0,267,1781.3,502400,-9600,06-MAY-2024,
OPTSTK,ITC,30-May-2024,417.5,PE,2.0,2.7,1.85,2.35,2.35,68,456.83,120000,1600,06-MAY-2024,
OPTSTK,ITC,30-May-2024,420.0,PE,2.65,3.3,2.15,2.85,2.85,1744,11796.6,3568000,732800,06-MAY-2024,
OPTSTK,ITC,30-May-2024,422.5,PE,3.2,3.85,2.6,3.4,3.4,78,531.42,206400,-12800,06-MAY-2024,
OPTSTK,ITC,30-May-2024,425.0,PE,3.95,4.65,3.1,4.15,4.15,494,3391.14,1348800,155200,06-MAY-2024,
OPTSTK,ITC,30-May-2024,427.5,PE,4.5,5.35,3.7,4.8,4.8,185,1279.64,238400,-16000,06-MAY-2024,
OPTSTK,ITC,30-May-2024,430.0,PE,5.3,6.3,4.35,5.65,5.65,2010,14005.12,2201600,-193600,06-MAY-2024,
OPTSTK,ITC,30-May-2024,432.5,PE,6.25,7.4,5.1,6.55,6.55,474,3330.53,150400,-24000,06-MAY-2024,
OPTSTK,ITC,30-May-2024,435.0,PE,7.2,8.5,6.0,7.6,7.6,1490,10553.51,1633600,-4800,06-MAY-2024,
OPTSTK,ITC,30-May-2024,437.5,PE,8.25,9.8,7.0,8.8,8.8,923,6589.36,516800,124800,06-MAY-2024,
OPTSTK,ITC,30-May-2024,440.0,PE,9.85,11.2,8.05,10.1,10.1,1020,7339.71,1985600,-168000,06-MAY-2024,
OPTSTK,ITC,30-May-2024,442.5,PE,11.15,12.45,9.35,11.55,11.55,227,1647.84,288000,-24000,06-MAY-2024,
OPTSTK,ITC,30-May-2024,445.0,PE,12.55,14.0,10.75,13.25,13.25,216,1581.26,331200,0,06-MAY-2024,
OPTSTK,ITC,30-May-2024,447.5,PE,12.35,15.7,12.35,14.9,14.9,22,162.67,92800,-4800,06-MAY-2024,
OPTSTK,ITC,30-May-2024,450.0,PE,15.9,17.55,13.75,16.55,16.55,169,1260.51,1729600,-11200,06-MAY-2024,
OPTSTK,ITC,30-May-2024,452.5,PE,15.75,19.55,15.75,18.55,18.55,10,75.38,57600,-4800,06-MAY-2024,
OPTSTK,ITC,30-May-2024,455.0,PE,18.6,20.9,17.6,20.45,20.45,10,75.96,220800,-3200,06-MAY-2024,
OPTSTK,ITC,30-May-2024,457.5,PE,0.0,0.0,0.0,23.05,23.8,0,0.0,80000,0,06-MAY-2024,
OPTSTK,ITC,30-May-2024,460.0,PE,22.3,25.8,21.7,24.7,24.7,23,178.18,520000,-9600,06-MAY-2024,
OPTSTK,ITC,30-May-2024,462.5,PE,0.0,0.0,0.0,27.9,27.9,0,0.0,113600,0,06-MAY-2024,
OPTSTK,ITC,30-May-2024,465.0,PE,0.0,0.0,0.0,24.2,30.0,0,0.0,126400,0,06-MAY-2024,
OPTSTK,ITC,30-May-2024,467.5,PE,0.0,0.0,0.0,30.65,32.2,0,0.0,86400,0,06-MAY-2024,
OPTSTK,ITC,30-May-2024,470.0,PE,32.25,33.95,32.25,33.95,33.95,3,24.14,260800,0,06-MAY-2024,
OPTSTK,ITC,30-May-2024,475.0,PE,0.0,0.0,0.0,33.55,38.95,0,0.0,144000,0,06-MAY-2024,
OPTSTK,ITC,30-May-2024,480.0,PE,0.0,0.0,0.0,39.8,43.65,0,0.0,158400,0,06-MAY-2024,
OPTSTK,ITC,30-May-2024,485.0,PE,47.9,48.25,47.9,48.25,48.4,2,17.05,110400,-3200,06-MAY-2024,
OPTSTK,ITC,30-May-2024,490.0,PE,0.0,0.0,0.0,52.8,53.25,0,0.0,276800,0,06-MAY-2024,
OPTSTK,ITC,30-May-2024,495.0,PE,0.0,0.0,0.0,52.0,58.15,0,0.0,97600,0,06-MAY-2024,
OPTSTK,ITC,30-May-2024,500.0,PE,62.15,62.15,62.15,62.15,62.15,1,8.99,104000,1600,06-MAY-2024,
OPTSTK,ITC,27-Jun-2024,375.0,CE,0.0,0.0,0.0,62.0,64.05,0,0.0,0,0,06-MAY-2024,
OPTSTK,ITC,27-Jun-2024,380.0,CE,0.0,0.0,0.0,57.65,59.35,0,0.0,0,0,06-MAY-2024,
OPTSTK,ITC,27-Jun-2024,385.0,CE,0.0,0.0,0.0,53.4,54.7,0,0.0,0,0,06-MAY-2024,
OPTSTK,ITC,27-Jun-2024,390.0,CE,0.0,0.0,0.0,49.3,50.1,0,0.0,0,0,06-MAY-2024,
OPTSTK,ITC,27-Jun-2024,395.0,CE,0.0,0.0,0.0,45.35,45.65,0,0.0,0,0,06-MAY-2024,
OPTSTK,ITC,27-Jun-2024,400.0,CE,0.0,0.0,0.0,38.5,41.35,0,0.0,30400,0,06-MAY-2024,
OPTSTK,ITC,27-Jun-2024,405.0,CE,0.0,0.0,0.0,37.9,37.25,0,0.0,0,0,06-MAY-2024,
OPTSTK,ITC,27-Jun-2024,407.5,CE,0.0,0.0,0.0,39.35,35.25,0,0.0,0,0,06-MAY-2024,
OPTSTK,ITC,27-Jun-2024,410.0,CE,0.0,0.0,0.0,34.4,33.3,0,0.0,0,0,06-MAY-2024,
OPTSTK,ITC,27-Jun-2024,412.5,CE,0.0,0.0,0.0,35.5,31.4,0,0.0,0,0,06-MAY-2024,
OPTSTK,ITC,27-Jun-2024,415.0,CE,0.0,0.0,0.0,31.15,29.55,0,0.0,0,0,06-MAY-2024,
OPTSTK,ITC,27-Jun-2024,417.5,CE,0.0,0.0,0.0,31.85,27.75,0,0.0,0,0,06-MAY-2024,
OPTSTK,ITC,27-Jun-2024,420.0,CE,26.5,26.8,26.5,26.8,26.05,3,21.43,136000,4800,06-MAY-2024,
OPTSTK,ITC,27-Jun-2024,422.5,CE,0.0,0.0,0.0,28.4,24.4,0,0.0,0,0,06-MAY-2024,
OPTSTK,ITC,27-Jun-2024,425.0,CE,0.0,0.0,0.0,25.15,22.8,0,0.0,0,0,06-MAY-2024,
OPTSTK,ITC,27-Jun-2024,427.5,CE,0.0,0.0,0.0,25.15,21.25,0,0.0,0,0,06-MAY-2024,
OPTSTK,ITC,27-Jun-2024,430.0,CE,20.5,21.1,20.5,20.8,20.8,10,72.12,214400,6400,06-MAY-2024,
OPTSTK,ITC,27-Jun-2024,432.5,CE,0.0,0.0,0.0,22.15,18.35,0,0.0,0,0,06-MAY-2024,
OPTSTK,ITC,27-Jun-2024,435.0,CE,0.0,0.0,0.0,17.1,17.0,0,0.0,6400,0,06-MAY-2024,
OPTSTK,ITC,27-Jun-2024,437.5,CE,0.0,0.0,0.0,17.5,15.75,0,0.0,14400,0,06-MAY-2024,
OPTSTK,ITC,27-Jun-2024,440.0,CE,15.5,16.7,15.15,16.25,16.25,67,489.02,254400,0,06-MAY-2024,
OPTSTK,ITC,27-Jun-2024,442.5,CE,0.0,0.0,0.0,16.9,13.4,0,0.0,0,0,06-MAY-2024,
OPTSTK,ITC,27-Jun-2024,445.0,CE,13.3,14.5,13.3,14.5,12.3,4,29.36,6400,0,06-MAY-2024,
OPTSTK,ITC,27-Jun-2024,447.5,CE,0.0,0.0,0.0,14.6,11.3,0,0.0,0,0,06-MAY-2024,
OPTSTK,ITC,27-Jun-2024,450.0,CE,15.1,15.1,11.25,12.5,12.5,168,1243.14,641600,131200,06-MAY-2024,
OPTSTK,ITC,27-Jun-2024,452.5,CE,0.0,0.0,0.0,12.55,9.45,0,0.0,0,0,06-MAY-2024,
OPTSTK,ITC,27-Jun-2024,455.0,CE,10.45,11.4,10.45,11.4,8.6,3,22.37,3200,3200,06-MAY-2024,
OPTSTK,ITC,27-Jun-2024,457.5,CE,0.0,0.0,0.0,10.7,7.85,0,0.0,0,0,06-MAY-2024,
OPTSTK,ITC,27-Jun-2024,460.0,CE,8.55,9.7,8.15,9.4,9.4,37,277.75,340800,1600,06-MAY-2024,
OPTSTK,ITC,27-Jun-2024,462.5,CE,0.0,0.0,0.0,9.1,6.45,0,0.0,0,0,06-MAY-2024,
OPTSTK,ITC,27-Jun-2024,465.0,CE,0.0,0.0,0.0,9.0,5.85,0,0.0,0,0,06-MAY-2024,
OPTSTK,ITC,27-Jun-2024,467.5,CE,0.0,0.0,0.0,7.65,5.25,0,0.0,0,0,06-MAY-2024,
OPTSTK,ITC,27-Jun-2024,470.0,CE,6.0,7.75,6.0,6.5,6.5,6,45.76,11200,4800,06-MAY-2024,
OPTSTK,ITC,27-Jun-2024,475.0,CE,6.0,6.0,6.0,6.0,3.85,2,15.39,67200,0,06-MAY-2024,
OPTSTK,ITC,27-Jun-2024,480.0,CE,5.0,5.3,4.45,5.1,3.05,35,271.64,107200,35200,06-MAY-2024,
OPTSTK,ITC,27-Jun-2024,485.0,CE,0.0,0.0,0.0,4.85,2.45,0,0.0,0,0,06-MAY-2024,
OPTSTK,ITC,27-Jun-2024,490.0,CE,0.0,0.0,0.0,4.15,1.9,0,0.0,0,0,06-MAY-2024,
OPTSTK,ITC,27-Jun-2024,495.0,CE,0.0,0.0,0.0,3.5,1.5,0,0.0,0,0,06-MAY-2024,
OPTSTK,ITC,27-Jun-2024,500.0,CE,2.3,2.85,2.0,2.75,2.75,78,627.21,449600,46400,06-MAY-2024,
OPTSTK,ITC,27-Jun-2024,375.0,PE,0.0,0.0,0.0,1.95,0.45,0,0.0,0,0,06-MAY-2024,
OPTSTK,ITC,27-Jun-2024,380.0,PE,1.95,2.9,1.95,2.6,0.65,18,110.19,20800,12800,06-MAY-2024,
OPTSTK,ITC,27-Jun-2024,385.0,PE,0.0,0.0,0.0,3.2,0.95,0,0.0,0,0,06-MAY-2024,
OPTSTK,ITC,27-Jun-2024,390.0,PE,3.15,3.15,3.15,3.15,1.35,3,18.87,25600,4800,06-MAY-2024,
OPTSTK,ITC,27-Jun-2024,395.0,PE,0.0,0.0,0.0,4.95,1.85,0,0.0,0,0,06-MAY-2024,
OPTSTK,ITC,27-Jun-2024,400.0,PE,4.95,6.25,4.95,5.8,5.8,46,298.67,268800,14400,06-MAY-2024,
OPTSTK,ITC,27-Jun-2024,405.0,PE,0.0,0.0,0.0,3.4,3.3,0,0.0,0,0,06-MAY-2024,
OPTSTK,ITC,27-Jun-2024,407.5,PE,0.0,0.0,0.0,4.15,3.8,0,0.0,0,0,06-MAY-2024,
OPTSTK,ITC,27-Jun-2024,410.0,PE,0.0,0.0,0.0,6.85,4.3,0,0.0,64000,0,06-MAY-2024,
OPTSTK,ITC,27-Jun-2024,412.5,PE,0.0,0.0,0.0,5.25,4.9,0,0.0,0,0,06-MAY-2024,
OPTSTK,ITC,27-Jun-2024,415.0,PE,0.0,0.0,0.0,6.45,5.55,0,0.0,80000,0,06-MAY-2024,
OPTSTK,ITC,27-Jun-2024,417.5,PE,0.0,0.0,0.0,6.55,6.2,0,0.0,0,0,06-MAY-2024,
OPTSTK,ITC,27-Jun-2024,420.0,PE,9.0,12.65,9.0,11.8,6.95,59,407.14,585600,14400,06-MAY-2024,
OPTSTK,ITC,27-Jun-2024,422.5,PE,0.0,0.0,0.0,8.05,7.75,0,0.0,0,0,06-MAY-2024,
OPTSTK,ITC,27-Jun-2024,425.0,PE,0.0,0.0,0.0,12.45,8.65,0,0.0,28800,0,06-MAY-2024,
OPTSTK,ITC,27-Jun-2024,427.5,PE,0.0,0.0,0.0,9.75,9.6,0,0.0,0,0,06-MAY-2024,
OPTSTK,ITC,27-Jun-2024,430.0,PE,13.55,16.05,13.55,15.7,15.7,61,434.86,612800,28800,06-MAY-2024,
OPTSTK,ITC,27-Jun-2024,432.5,PE,0.0,0.0,0.0,11.7,11.65,0,0.0,0,0,06-MAY-2024,
OPTSTK,ITC,27-Jun-2024,435.0,PE,15.0,17.75,15.0,17.6,12.8,10,72.28,27200,16000,06-MAY-2024,
OPTSTK,ITC,27-Jun-2024,437.5,PE,0.0,0.0,0.0,13.9,14.0,0,0.0,0,0,06-MAY-2024,
OPTSTK,ITC,27-Jun-2024,440.0,PE,16.05,21.25,16.05,19.9,15.25,107,788.12,252800,73600,06-MAY-2024,
OPTSTK,ITC,27-Jun-2024,442.5,PE,0.0,0.0,0.0,16.3,16.6,0,0.0,0,0,06-MAY-2024,
OPTSTK,ITC,27-Jun-2024,445.0,PE,0.0,0.0,0.0,24.3,18.0,0,0.0,0,0,06-MAY-2024,
OPTSTK,ITC,27-Jun-2024,447.5,PE,0.0,0.0,0.0,18.95,19.45,0,0.0,0,0,06-MAY-2024,
OPTSTK,ITC,27-Jun-2024,450.0,PE,25.2,27.4,25.2,26.9,26.9,11,83.84,184000,11200,06-MAY-2024,
OPTSTK,ITC,27-Jun-2024,452.5,PE,0.0,0.0,0.0,21.85,22.55,0,0.0,0,0,06-MAY-2024,
OPTSTK,ITC,27-Jun-2024,455.0,PE,27.3,27.3,27.3,27.3,24.2,1,7.71,17600,1600,06-MAY-2024,
OPTSTK,ITC,27-Jun-2024,457.5,PE,0.0,0.0,0.0,24.95,25.9,0,0.0,0,0,06-MAY-2024,
OPTSTK,ITC,27-Jun-2024,460.0,PE,32.75,33.0,32.6,32.7,32.7,5,39.41,140800,8000,06-MAY-2024,
OPTSTK,ITC,27-Jun-2024,462.5,PE,0.0,0.0,0.0,28.25,29.45,0,0.0,0,0,06-MAY-2024,
OPTSTK,ITC,27-Jun-2024,465.0,PE,0.0,0.0,0.0,37.35,31.3,0,0.0,0,0,06-MAY-2024,
OPTSTK,ITC,27-Jun-2024,467.5,PE,0.0,0.0,0.0,31.75,33.2,0,0.0,0,0,06-MAY-2024,
OPTSTK,ITC,27-Jun-2024,470.0,PE,0.0,0.0,0.0,41.05,35.15,0,0.0,0,0,06-MAY-2024,
OPTSTK,ITC,27-Jun-2024,475.0,PE,0.0,0.0,0.0,44.85,39.2,0,0.0,0,0,06-MAY-2024,
OPTSTK,ITC,27-Jun-2024,480.0,PE,0.0,0.0,0.0,48.8,43.35,0,0.0,0,0,06-MAY-2024,
OPTSTK,ITC,27-Jun-2024,485.0,PE,0.0,0.0,0.0,52.85,47.7,0,0.0,0,0,06-MAY-2024,
OPTSTK,ITC,27-Jun-2024,490.0,PE,0.0,0.0,0.0,59.25,52.1,0,0.0,3200,0,06-MAY-2024,
OPTSTK,ITC,27-Jun-2024,495.0,PE,0.0,0.0,0.0,61.3,56.65,0,0.0,0,0,06-MAY-2024,
OPTSTK,ITC,27-Jun-2024,500.0,PE,66.9,66.9,66.9,66.9,61.25,1,9.07,19200,1600,06-MAY-2024,
OPTSTK,ITC,25-Jul-2024,380.0,CE,0.0,0.0,0.0,66.15,62.3,0,0.0,0,0,06-MAY-2024,
OPTSTK,ITC,25-Jul-2024,390.0,CE,0.0,0.0,0.0,57.45,53.5,0,0.0,0,0,06-MAY-2024,
OPTSTK,ITC,25-Jul-2024,400.0,CE,0.0,0.0,0.0,49.2,45.25,0,0.0,0,0,06-MAY-2024,
OPTSTK,ITC,25-Jul-2024,405.0,CE,0.0,0.0,0.0,45.25,41.35,0,0.0,0,0,06-MAY-2024,
OPTSTK,ITC,25-Jul-2024,410.0,CE,0.0,0.0,0.0,41.5,37.6,0,0.0,0,0,06-MAY-2024,
OPTSTK,ITC,25-Jul-2024,415.0,CE,0.0,0.0,0.0,37.9,34.05,0,0.0,0,0,06-MAY-2024,
OPTSTK,ITC,25-Jul-2024,420.0,CE,0.0,0.0,0.0,34.5,30.7,0,0.0,0,0,06-MAY-2024,
OPTSTK,ITC,25-Jul-2024,425.0,CE,0.0,0.0,0.0,31.25,27.5,0,0.0,0,0,06-MAY-2024,
OPTSTK,ITC,25-Jul-2024,430.0,CE,0.0,0.0,0.0,28.2,24.55,0,0.0,0,0,06-MAY-2024,
OPTSTK,ITC,25-Jul-2024,435.0,CE,0.0,0.0,0.0,25.35,21.8,0,0.0,0,0,06-MAY-2024,
OPTSTK,ITC,25-Jul-2024,440.0,CE,0.0,0.0,0.0,22.7,19.3,0,0.0,0,0,06-MAY-2024,
OPTSTK,ITC,25-Jul-2024,445.0,CE,0.0,0.0,0.0,20.25,16.95,0,0.0,0,0,06-MAY-2024,
OPTSTK,ITC,25-Jul-2024,450.0,CE,0.0,0.0,0.0,17.95,14.85,0,0.0,0,0,06-MAY-2024,
OPTSTK,ITC,25-Jul-2024,455.0,CE,0.0,0.0,0.0,15.9,12.9,0,0.0,0,0,06-MAY-2024,
OPTSTK,ITC,25-Jul-2024,460.0,CE,0.0,0.0,0.0,12.7,11.2,0,0.0,8000,0,06-MAY-2024,
OPTSTK,ITC,25-Jul-2024,465.0,CE,0.0,0.0,0.0,12.25,9.65,0,0.0,0,0,06-MAY-2024,
OPTSTK,ITC,25-Jul-2024,470.0,CE,9.9,9.9,9.9,9.9,8.3,1,7.67,1600,1600,06-MAY-2024,
OPTSTK,ITC,25-Jul-2024,480.0,CE,0.0,0.0,0.0,8.1,6.0,0,0.0,0,0,06-MAY-2024,
OPTSTK,ITC,25-Jul-2024,490.0,CE,0.0,0.0,0.0,6.0,4.3,0,0.0,0,0,06-MAY-2024,
OPTSTK,ITC,25-Jul-2024,500.0,CE,0.0,0.0,0.0,4.35,3.0,0,0.0,0,0,06-MAY-2024,
OPTSTK,ITC,25-Jul-2024,380.0,PE,0.0,0.0,0.0,1.75,1.55,0,0.0,0,0,06-MAY-2024,
OPTSTK,ITC,25-Jul-2024,390.0,PE,0.0,0.0,0.0,2.85,2.6,0,0.0,0,0,06-MAY-2024,
OPTSTK,ITC,25-Jul-2024,400.0,PE,0.0,0.0,0.0,4.4,4.2,0,0.0,0,0,06-MAY-2024,
OPTSTK,ITC,25-Jul-2024,405.0,PE,0.0,0.0,0.0,5.4,5.2,0,0.0,0,0,06-MAY-2024,
OPTSTK,ITC,25-Jul-2024,410.0,PE,0.0,0.0,0.0,6.55,6.4,0,0.0,0,0,06-MAY-2024,
OPTSTK,ITC,25-Jul-2024,415.0,PE,0.0,0.0,0.0,7.85,7.75,0,0.0,0,0,06-MAY-2024,
OPTSTK,ITC,25-Jul-2024,420.0,PE,0.0,0.0,0.0,12.7,9.3,0,0.0,28800,0,06-MAY-2024,
OPTSTK,ITC,25-Jul-2024,425.0,PE,0.0,0.0,0.0,11.0,11.05,0,0.0,0,0,06-MAY-2024,
OPTSTK,ITC,25-Jul-2024,430.0,PE,15.0,18.05,15.0,17.6,17.6,12,85.89,108800,0,06-MAY-2024,
OPTSTK,ITC,25-Jul-2024,435.0,PE,0.0,0.0,0.0,14.95,15.2,0,0.0,0,0,06-MAY-2024,
OPTSTK,ITC,25-Jul-2024,440.0,PE,0.0,0.0,0.0,17.2,17.6,0,0.0,0,0,06-MAY-2024,
OPTSTK,ITC,25-Jul-2024,445.0,PE,0.0,0.0,0.0,19.65,20.15,0,0.0,0,0,06-MAY-2024,
OPTSTK,ITC,25-Jul-2024,450.0,PE,0.0,0.0,0.0,22.3,22.95,0,0.0,0,0,06-MAY-2024,
OPTSTK,ITC,25-Jul-2024,455.0,PE,0.0,0.0,0.0,25.1,26.0,0,0.0,0,0,06-MAY-2024,
OPTSTK,ITC,25-Jul-2024,460.0,PE,0.0,0.0,0.0,28.1,29.15,0,0.0,0,0,06-MAY-2024,
OPTSTK,ITC,25-Jul-2024,465.0,PE,0.0,0.0,0.0,31.3,32.55,0,0.0,0,0,06-MAY-2024,
OPTSTK,ITC,25-Jul-2024,470.0,PE,0.0,0.0,0.0,34.65,36.1,0,0.0,0,0,06-MAY-2024,
OPTSTK,ITC,25-Jul-2024,480.0,PE,0.0,0.0,0.0,41.85,43.65,0,0.0,0,0,06-MAY-2024,
OPTSTK,ITC,25-Jul-2024,490.0,PE,0.0,0.0,0.0,49.6,51.8,0,0.0,0,0,06-MAY-2024,
OPTSTK,ITC,25-Jul-2024,500.0,PE,0.0,0.0,0.0,57.8,60.35,0,0.0,0,0,06-MAY-2024,
OPTSTK,JINDALSTEL,30-May-2024,740.0,CE,200.0,200.0,200.0,200.0,200.0,1,5.87,13125,625,06-MAY-2024,
OPTSTK,JINDALSTEL,30-May-2024,760.0,CE,0.0,0.0,0.0,175.45,180.3,0,0.0,30000,0,06-MAY-2024,
OPTSTK,JINDALSTEL,30-May-2024,780.0,CE,0.0,0.0,0.0,163.0,161.05,0,0.0,2500,0,06-MAY-2024,
OPTSTK,JINDALSTEL,30-May-2024,800.0,CE,0.0,0.0,0.0,152.0,142.3,0,0.0,36250,0,06-MAY-2024,
OPTSTK,JINDALSTEL,30-May-2024,820.0,CE,0.0,0.0,0.0,52.2,124.15,0,0.0,0,0,06-MAY-2024,
OPTSTK,JINDALSTEL,30-May-2024,830.0,CE,0.0,0.0,0.0,100.0,115.4,0,0.0,1250,0,06-MAY-2024,
OPTSTK,JINDALSTEL,30-May-2024,840.0,CE,92.0,92.0,92.0,92.0,106.9,2,11.65,5000,1250,06-MAY-2024,
OPTSTK,JINDALSTEL,30-May-2024,850.0,CE,80.8,106.45,80.8,106.45,98.65,13,76.2,47500,0,06-MAY-2024,
OPTSTK,JINDALSTEL,30-May-2024,860.0,CE,80.0,90.0,74.65,89.2,89.2,6,35.45,10625,0,06-MAY-2024,
OPTSTK,JINDALSTEL,30-May-2024,870.0,CE,81.2,82.75,81.2,82.75,83.0,2,11.89,12500,625,06-MAY-2024,
OPTSTK,JINDALSTEL,30-May-2024,880.0,CE,71.05,76.55,60.3,71.75,71.75,6,35.66,11875,1250,06-MAY-2024,
OPTSTK,JINDALSTEL,30-May-2024,890.0,CE,55.75,73.4,55.75,65.1,65.1,8,47.82,3750,0,06-MAY-2024,
OPTSTK,JINDALSTEL,30-May-2024,900.0,CE,57.25,68.3,45.0,58.15,58.15,219,1308.95,183125,-4375,06-MAY-2024,
OPTSTK,JINDALSTEL,30-May-2024,910.0,CE,42.0,59.15,40.0,51.3,51.3,44,264.08,36875,-1250,06-MAY-2024,
OPTSTK,JINDALSTEL,30-May-2024,920.0,CE,46.6,53.9,34.5,46.35,46.35,385,2315.11,151250,11875,06-MAY-2024,
OPTSTK,JINDALSTEL,30-May-2024,930.0,CE,41.15,48.15,29.75,40.25,40.25,795,4809.18,154375,-38750,06-MAY-2024,
OPTSTK,JINDALSTEL,30-May-2024,940.0,CE,35.8,43.45,26.0,35.15,35.15,1603,9761.35,276250,-3125,06-MAY-2024,
OPTSTK,JINDALSTEL,30-May-2024,950.0,CE,30.8,38.1,22.1,30.85,30.85,2036,12468.65,776875,-70625,06-MAY-2024,
OPTSTK,JINDALSTEL,30-May-2024,960.0,CE,27.1,33.45,19.0,27.15,27.15,1167,7189.69,413750,-3750,06-MAY-2024,
OPTSTK,JINDALSTEL,30-May-2024,970.0,CE,23.4,29.15,16.25,23.45,23.45,828,5131.05,284375,2500,06-MAY-2024,
OPTSTK,JINDALSTEL,30-May-2024,980.0,CE,20.05,25.25,13.8,20.05,20.05,683,4264.65,188125,30000,06-MAY-2024,
OPTSTK,JINDALSTEL,30-May-2024,990.0,CE,18.05,22.0,11.8,17.0,17.0,775,4872.93,325000,2500,06-MAY-2024,
OPTSTK,JINDALSTEL,30-May-2024,1000.0,CE,15.0,19.1,9.95,14.55,14.55,2184,13843.55,797500,-56875,06-MAY-2024,
OPTSTK,JINDALSTEL,30-May-2024,1010.0,CE,12.6,16.25,8.45,12.5,12.5,311,1986.01,53125,-3750,06-MAY-2024,
OPTSTK,JINDALSTEL,30-May-2024,1020.0,CE,10.55,13.65,6.95,10.65,10.65,535,3444.62,365000,24375,06-MAY-2024,
OPTSTK,JINDALSTEL,30-May-2024,1040.0,CE,7.35,10.2,4.8,7.45,7.45,573,3750.39,483125,44375,06-MAY-2024,
OPTSTK,JINDALSTEL,30-May-2024,1060.0,CE,5.25,7.15,3.2,5.1,5.1,665,4425.91,344375,4375,06-MAY-2024,
OPTSTK,JINDALSTEL,30-May-2024,740.0,PE,0.0,0.0,0.0,0.8,0.4,0,0.0,16875,0,06-MAY-2024,
OPTSTK,JINDALSTEL,30-May-2024,780.0,PE,1.6,1.6,1.1,1.3,1.3,47,229.5,83750,3125,06-MAY-2024,
OPTSTK,JINDALSTEL,30-May-2024,790.0,PE,1.6,1.7,1.45,1.7,1.7,17,84.11,33125,0,06-MAY-2024,
OPTSTK,JINDALSTEL,30-May-2024,800.0,PE,1.8,2.8,1.7,2.25,2.25,161,807.16,323750,-15625,06-MAY-2024,
OPTSTK,JINDALSTEL,30-May-2024,810.0,PE,2.35,3.2,2.1,2.75,3.4,26,132.03,39375,-3750,06-MAY-2024,
OPTSTK,JINDALSTEL,30-May-2024,820.0,PE,2.9,4.45,2.7,3.55,3.55,67,344.73,82500,-5000,06-MAY-2024,
OPTSTK,JINDALSTEL,30-May-2024,830.0,PE,3.6,5.5,3.3,4.4,4.4,102,531.92,42500,14375,06-MAY-2024,
OPTSTK,JINDALSTEL,30-May-2024,840.0,PE,4.7,6.75,4.15,5.55,5.55,148,781.78,93125,3125,06-MAY-2024,
OPTSTK,JINDALSTEL,30-May-2024,850.0,PE,5.4,8.65,5.1,7.0,7.0,761,4073.15,598750,56875,06-MAY-2024,
OPTSTK,JINDALSTEL,30-May-2024,860.0,PE,6.85,10.4,6.45,8.5,8.5,136,737.95,106250,6250,06-MAY-2024,
OPTSTK,JINDALSTEL,30-May-2024,870.0,PE,8.65,13.0,7.95,10.25,10.25,219,1204.27,61875,0,06-MAY-2024,
OPTSTK,JINDALSTEL,30-May-2024,880.0,PE,11.25,15.9,9.55,12.6,12.6,597,3327.78,193750,-60625,06-MAY-2024,
OPTSTK,JINDALSTEL,30-May-2024,890.0,PE,13.55,18.85,11.55,15.2,15.2,621,3511.2,90625,-7500,06-MAY-2024,
OPTSTK,JINDALSTEL,30-May-2024,900.0,PE,16.45,22.8,14.1,18.25,18.25,1565,8978.31,940000,-40000,06-MAY-2024,
OPTSTK,JINDALSTEL,30-May-2024,910.0,PE,20.2,27.15,16.85,21.75,21.75,345,2008.79,106875,0,06-MAY-2024,
OPTSTK,JINDALSTEL,30-May-2024,920.0,PE,23.65,32.2,20.3,25.65,25.65,645,3813.38,190000,-2500,06-MAY-2024,
OPTSTK,JINDALSTEL,30-May-2024,930.0,PE,28.15,37.4,24.25,30.15,30.15,663,3977.83,123750,-20625,06-MAY-2024,
OPTSTK,JINDALSTEL,30-May-2024,940.0,PE,32.95,42.9,28.5,35.25,35.25,837,5094.71,156875,11250,06-MAY-2024,
OPTSTK,JINDALSTEL,30-May-2024,950.0,PE,38.65,50.25,33.1,40.35,40.35,341,2108.33,206875,-11875,06-MAY-2024,
OPTSTK,JINDALSTEL,30-May-2024,960.0,PE,46.25,53.75,38.0,46.45,46.45,103,646.24,44375,-15000,06-MAY-2024,
OPTSTK,JINDALSTEL,30-May-2024,970.0,PE,57.2,60.45,45.9,52.65,52.65,37,236.28,38125,0,06-MAY-2024,
OPTSTK,JINDALSTEL,30-May-2024,980.0,PE,51.2,59.75,51.2,59.3,59.3,8,51.9,21875,-1250,06-MAY-2024,
OPTSTK,JINDALSTEL,30-May-2024,990.0,PE,63.35,75.75,58.45,58.45,70.15,8,52.95,21250,-2500,06-MAY-2024,
OPTSTK,JINDALSTEL,30-May-2024,1000.0,PE,85.0,85.0,65.35,74.25,74.25,55,367.94,60625,0,06-MAY-2024,
OPTSTK,JINDALSTEL,30-May-2024,1010.0,PE,78.8,91.55,72.75,81.8,81.8,8,54.54,5000,625,06-MAY-2024,
OPTSTK,JINDALSTEL,30-May-2024,1020.0,PE,87.1,87.3,87.05,87.3,92.6,5,34.59,6875,0,06-MAY-2024,
OPTSTK,JINDALSTEL,30-May-2024,1040.0,PE,113.5,113.5,113.5,113.5,108.85,1,7.2,5000,625,06-MAY-2024,
OPTSTK,JINDALSTEL,30-May-2024,1060.0,PE,0.0,0.0,0.0,125.95,126.05,0,0.0,13750,0,06-MAY-2024,
OPTSTK,JINDALSTEL,27-Jun-2024,800.0,CE,0.0,0.0,0.0,105.05,154.1,0,0.0,0,0,06-MAY-2024,
OPTSTK,JINDALSTEL,27-Jun-2024,820.0,CE,0.0,0.0,0.0,93.65,137.9,0,0.0,0,0,06-MAY-2024,
OPTSTK,JINDALSTEL,27-Jun-2024,840.0,CE,0.0,0.0,0.0,83.15,122.55,0,0.0,0,0,06-MAY-2024,
OPTSTK,JINDALSTEL,27-Jun-2024,850.0,CE,0.0,0.0,0.0,126.6,115.25,0,0.0,0,0,06-MAY-2024,
OPTSTK,JINDALSTEL,27-Jun-2024,860.0,CE,0.0,0.0,0.0,73.5,108.2,0,0.0,0,0,06-MAY-2024,
OPTSTK,JINDALSTEL,27-Jun-2024,870.0,CE,0.0,0.0,0.0,112.85,101.35,0,0.0,0,0,06-MAY-2024,
OPTSTK,JINDALSTEL,27-Jun-2024,880.0,CE,0.0,0.0,0.0,64.75,94.8,0,0.0,0,0,06-MAY-2024,
OPTSTK,JINDALSTEL,27-Jun-2024,890.0,CE,0.0,0.0,0.0,100.05,88.5,0,0.0,0,0,06-MAY-2024,
OPTSTK,JINDALSTEL,27-Jun-2024,900.0,CE,80.0,92.05,80.0,90.0,90.0,11,67.85,5625,625,06-MAY-2024,
OPTSTK,JINDALSTEL,27-Jun-2024,910.0,CE,0.0,0.0,0.0,88.25,76.75,0,0.0,0,0,06-MAY-2024,
OPTSTK,JINDALSTEL,27-Jun-2024,920.0,CE,0.0,0.0,0.0,49.65,71.25,0,0.0,0,0,06-MAY-2024,
OPTSTK,JINDALSTEL,27-Jun-2024,930.0,CE,0.0,0.0,0.0,59.95,66.05,0,0.0,625,0,06-MAY-2024,
OPTSTK,JINDALSTEL,27-Jun-2024,940.0,CE,0.0,0.0,0.0,73.8,61.15,0,0.0,625,0,06-MAY-2024,
OPTSTK,JINDALSTEL,27-Jun-2024,950.0,CE,56.7,66.0,53.35,63.15,63.15,19,120.01,43750,-1875,06-MAY-2024,
OPTSTK,JINDALSTEL,27-Jun-2024,960.0,CE,0.0,0.0,0.0,50.95,52.1,0,0.0,625,0,06-MAY-2024,
OPTSTK,JINDALSTEL,27-Jun-2024,970.0,CE,0.0,0.0,0.0,49.15,47.95,0,0.0,625,0,06-MAY-2024,
OPTSTK,JINDALSTEL,27-Jun-2024,980.0,CE,0.0,0.0,0.0,32.5,44.05,0,0.0,0,0,06-MAY-2024,
OPTSTK,JINDALSTEL,27-Jun-2024,990.0,CE,0.0,0.0,0.0,50.65,40.4,0,0.0,0,0,06-MAY-2024,
OPTSTK,JINDALSTEL,27-Jun-2024,1000.0,CE,35.0,47.95,35.0,42.4,42.4,80,521.84,81250,6250,06-MAY-2024,
OPTSTK,JINDALSTEL,27-Jun-2024,1010.0,CE,0.0,0.0,0.0,43.5,33.85,0,0.0,0,0,06-MAY-2024,
OPTSTK,JINDALSTEL,27-Jun-2024,1020.0,CE,0.0,0.0,0.0,24.1,30.9,0,0.0,0,0,06-MAY-2024,
OPTSTK,JINDALSTEL,27-Jun-2024,1040.0,CE,0.0,0.0,0.0,20.7,25.65,0,0.0,0,0,06-MAY-2024,
OPTSTK,JINDALSTEL,27-Jun-2024,1060.0,CE,0.0,0.0,0.0,17.7,21.15,0,0.0,0,0,06-MAY-2024,
OPTSTK,JINDALSTEL,27-Jun-2024,800.0,PE,10.5,14.0,10.5,12.0,9.85,15,76.15,10000,3125,06-MAY-2024,
OPTSTK,JINDALSTEL,27-Jun-2024,820.0,PE,0.0,0.0,0.0,49.85,13.45,0,0.0,0,0,06-MAY-2024,
OPTSTK,JINDALSTEL,27-Jun-2024,840.0,PE,0.0,0.0,0.0,59.0,17.9,0,0.0,0,0,06-MAY-2024,
OPTSTK,JINDALSTEL,27-Jun-2024,850.0,PE,0.0,0.0,0.0,16.0,20.5,0,0.0,4375,0,06-MAY-2024,
OPTSTK,JINDALSTEL,27-Jun-2024,860.0,PE,0.0,0.0,0.0,69.0,23.35,0,0.0,0,0,06-MAY-2024,
OPTSTK,JINDALSTEL,27-Jun-2024,870.0,PE,0.0,0.0,0.0,29.65,26.35,0,0.0,0,0,06-MAY-2024,
OPTSTK,JINDALSTEL,27-Jun-2024,880.0,PE,0.0,0.0,0.0,79.85,29.7,0,0.0,0,0,06-MAY-2024,
OPTSTK,JINDALSTEL,27-Jun-2024,890.0,PE,0.0,0.0,0.0,36.65,33.3,0,0.0,0,0,06-MAY-2024,
OPTSTK,JINDALSTEL,27-Jun-2024,900.0,PE,38.45,44.5,38.45,43.4,43.4,19,111.78,28750,6875,06-MAY-2024,
OPTSTK,JINDALSTEL,27-Jun-2024,910.0,PE,0.0,0.0,0.0,44.6,41.35,0,0.0,0,0,06-MAY-2024,
OPTSTK,JINDALSTEL,27-Jun-2024,920.0,PE,0.0,0.0,0.0,104.05,45.8,0,0.0,0,0,06-MAY-2024,
OPTSTK,JINDALSTEL,27-Jun-2024,930.0,PE,0.0,0.0,0.0,35.7,50.5,0,0.0,625,0,06-MAY-2024,
OPTSTK,JINDALSTEL,27-Jun-2024,940.0,PE,0.0,0.0,0.0,117.3,55.45,0,0.0,0,0,06-MAY-2024,
OPTSTK,JINDALSTEL,27-Jun-2024,950.0,PE,0.0,0.0,0.0,65.6,60.7,0,0.0,4375,0,06-MAY-2024,
OPTSTK,JINDALSTEL,27-Jun-2024,960.0,PE,0.0,0.0,0.0,131.25,66.2,0,0.0,0,0,06-MAY-2024,
OPTSTK,JINDALSTEL,27-Jun-2024,970.0,PE,0.0,0.0,0.0,74.25,71.95,0,0.0,0,0,06-MAY-2024,
OPTSTK,JINDALSTEL,27-Jun-2024,980.0,PE,0.0,0.0,0.0,145.85,77.95,0,0.0,0,0,06-MAY-2024,
OPTSTK,JINDALSTEL,27-Jun-2024,990.0,PE,0.0,0.0,0.0,86.0,84.2,0,0.0,0,0,06-MAY-2024,
OPTSTK,JINDALSTEL,27-Jun-2024,1000.0,PE,0.0,0.0,0.0,76.6,90.7,0,0.0,1250,0,06-MAY-2024,
OPTSTK,JINDALSTEL,27-Jun-2024,1010.0,PE,0.0,0.0,0.0,98.6,97.45,0,0.0,0,0,06-MAY-2024,
OPTSTK,JINDALSTEL,27-Jun-2024,1020.0,PE,0.0,0.0,0.0,176.75,104.4,0,0.0,0,0,06-MAY-2024,
OPTSTK,JINDALSTEL,27-Jun-2024,1040.0,PE,0.0,0.0,0.0,192.95,118.95,0,0.0,0,0,06-MAY-2024,
OPTSTK,JINDALSTEL,27-Jun-2024,1060.0,PE,0.0,0.0,0.0,209.6,134.25,0,0.0,0,0,06-MAY-2024,
OPTSTK,JINDALSTEL,25-Jul-2024,800.0,CE,0.0,0.0,0.0,176.0,165.7,0,0.0,0,0,06-MAY-2024,
OPTSTK,JINDALSTEL,25-Jul-2024,840.0,CE,0.0,0.0,0.0,146.95,136.3,0,0.0,0,0,06-MAY-2024,
OPTSTK,JINDALSTEL,25-Jul-2024,860.0,CE,0.0,0.0,0.0,133.5,122.75,0,0.0,0,0,06-MAY-2024,
OPTSTK,JINDALSTEL,25-Jul-2024,880.0,CE,0.0,0.0,0.0,120.9,110.15,0,0.0,0,0,06-MAY-2024,
OPTSTK,JINDALSTEL,25-Jul-2024,900.0,CE,105.0,105.0,105.0,105.0,98.4,1,6.28,625,625,06-MAY-2024,
OPTSTK,JINDALSTEL,25-Jul-2024,920.0,CE,0.0,0.0,0.0,98.15,87.55,0,0.0,0,0,06-MAY-2024,
OPTSTK,JINDALSTEL,25-Jul-2024,940.0,CE,0.0,0.0,0.0,88.0,77.55,0,0.0,0,0,06-MAY-2024,
OPTSTK,JINDALSTEL,25-Jul-2024,960.0,CE,0.0,0.0,0.0,78.6,68.45,0,0.0,0,0,06-MAY-2024,
OPTSTK,JINDALSTEL,25-Jul-2024,980.0,CE,0.0,0.0,0.0,70.0,60.15,0,0.0,0,0,06-MAY-2024,
OPTSTK,JINDALSTEL,25-Jul-2024,1000.0,CE,0.0,0.0,0.0,62.15,52.65,0,0.0,0,0,06-MAY-2024,
OPTSTK,JINDALSTEL,25-Jul-2024,1020.0,CE,0.0,0.0,0.0,55.0,45.9,0,0.0,0,0,06-MAY-2024,
OPTSTK,JINDALSTEL,25-Jul-2024,1040.0,CE,0.0,0.0,0.0,48.55,39.9,0,0.0,0,0,06-MAY-2024,
OPTSTK,JINDALSTEL,25-Jul-2024,1080.0,CE,0.0,0.0,0.0,37.55,29.85,0,0.0,0,0,06-MAY-2024,
OPTSTK,JINDALSTEL,25-Jul-2024,800.0,PE,0.0,0.0,0.0,19.3,17.05,0,0.0,0,0,06-MAY-2024,
OPTSTK,JINDALSTEL,25-Jul-2024,840.0,PE,0.0,0.0,0.0,29.5,27.0,0,0.0,0,0,06-MAY-2024,
OPTSTK,JINDALSTEL,25-Jul-2024,860.0,PE,0.0,0.0,0.0,35.7,33.15,0,0.0,0,0,06-MAY-2024,
OPTSTK,JINDALSTEL,25-Jul-2024,880.0,PE,0.0,0.0,0.0,42.75,40.25,0,0.0,0,0,06-MAY-2024,
OPTSTK,JINDALSTEL,25-Jul-2024,900.0,PE,0.0,0.0,0.0,50.6,48.2,0,0.0,0,0,06-MAY-2024,
OPTSTK,JINDALSTEL,25-Jul-2024,920.0,PE,0.0,0.0,0.0,59.3,57.0,0,0.0,0,0,06-MAY-2024,
OPTSTK,JINDALSTEL,25-Jul-2024,940.0,PE,0.0,0.0,0.0,60.0,66.7,0,0.0,625,0,06-MAY-2024,
OPTSTK,JINDALSTEL,25-Jul-2024,960.0,PE,0.0,0.0,0.0,79.0,77.25,0,0.0,0,0,06-MAY-2024,
OPTSTK,JINDALSTEL,25-Jul-2024,980.0,PE,0.0,0.0,0.0,90.05,88.65,0,0.0,0,0,06-MAY-2024,
OPTSTK,JINDALSTEL,25-Jul-2024,1000.0,PE,0.0,0.0,0.0,101.85,100.85,0,0.0,0,0,06-MAY-2024,
OPTSTK,JINDALSTEL,25-Jul-2024,1020.0,PE,0.0,0.0,0.0,114.35,113.8,0,0.0,0,0,06-MAY-2024,
OPTSTK,JINDALSTEL,25-Jul-2024,1040.0,PE,0.0,0.0,0.0,127.5,127.45,0,0.0,0,0,06-MAY-2024,
OPTSTK,JINDALSTEL,25-Jul-2024,1080.0,PE,0.0,0.0,0.0,155.8,156.8,0,0.0,0,0,06-MAY-2024,
OPTSTK,JKCEMENT,30-May-2024,3300.0,CE,0.0,0.0,0.0,1279.55,705.4,0,0.0,0,0,06-MAY-2024,
OPTSTK,JKCEMENT,30-May-2024,3400.0,CE,0.0,0.0,0.0,1184.45,607.4,0,0.0,0,0,06-MAY-2024,
OPTSTK,JKCEMENT,30-May-2024,3500.0,CE,0.0,0.0,0.0,1090.75,511.5,0,0.0,0,0,06-MAY-2024,
OPTSTK,JKCEMENT,30-May-2024,3550.0,CE,0.0,0.0,0.0,598.75,464.8,0,0.0,0,0,06-MAY-2024,
OPTSTK,JKCEMENT,30-May-2024,3600.0,CE,0.0,0.0,0.0,999.05,419.3,0,0.0,0,0,06-MAY-2024,
OPTSTK,JKCEMENT,30-May-2024,3650.0,CE,0.0,0.0,0.0,515.8,375.35,0,0.0,0,0,06-MAY-2024,
OPTSTK,JKCEMENT,30-May-2024,3700.0,CE,0.0,0.0,0.0,909.75,333.15,0,0.0,0,0,06-MAY-2024,
OPTSTK,JKCEMENT,30-May-2024,3750.0,CE,0.0,0.0,0.0,438.5,293.05,0,0.0,0,0,06-MAY-2024,
OPTSTK,JKCEMENT,30-May-2024,3800.0,CE,0.0,0.0,0.0,823.4,255.5,0,0.0,0,0,06-MAY-2024,
OPTSTK,JKCEMENT,30-May-2024,3850.0,CE,0.0,0.0,0.0,367.5,220.35,0,0.0,0,0,06-MAY-2024,
OPTSTK,JKCEMENT,30-May-2024,3900.0,CE,0.0,0.0,0.0,740.55,188.2,0,0.0,0,0,06-MAY-2024,
OPTSTK,JKCEMENT,30-May-2024,3950.0,CE,0.0,0.0,0.0,303.75,159.0,0,0.0,0,0,06-MAY-2024,
OPTSTK,JKCEMENT,30-May-2024,4000.0,CE,168.0,178.0,149.4,163.45,163.45,206,1072.63,27250,-2875,06-MAY-2024,
OPTSTK,JKCEMENT,30-May-2024,4050.0,CE,140.95,146.2,134.15,141.3,141.3,146,764.69,12125,4625,06-MAY-2024,
OPTSTK,JKCEMENT,30-May-2024,4100.0,CE,126.0,127.7,107.1,123.8,123.8,31,163.5,20750,-375,06-MAY-2024,
OPTSTK,JKCEMENT,30-May-2024,4150.0,CE,0.0,0.0,0.0,95.05,72.55,0,0.0,750,0,06-MAY-2024,
OPTSTK,JKCEMENT,30-May-2024,4200.0,CE,80.0,88.0,74.45,86.05,86.05,35,187.39,9875,-625,06-MAY-2024,
OPTSTK,JKCEMENT,30-May-2024,4250.0,CE,0.0,0.0,0.0,70.0,45.85,0,0.0,250,0,06-MAY-2024,
OPTSTK,JKCEMENT,30-May-2024,4300.0,CE,56.0,62.65,52.0,61.3,61.3,46,250.65,13000,750,06-MAY-2024,
OPTSTK,JKCEMENT,30-May-2024,4350.0,CE,0.0,0.0,0.0,122.4,27.65,0,0.0,0,0,06-MAY-2024,
OPTSTK,JKCEMENT,30-May-2024,4400.0,CE,40.0,46.0,38.15,46.0,21.1,13,72.17,5000,1000,06-MAY-2024,
OPTSTK,JKCEMENT,30-May-2024,4450.0,CE,0.0,0.0,0.0,94.0,15.95,0,0.0,0,0,06-MAY-2024,
OPTSTK,JKCEMENT,30-May-2024,4500.0,CE,23.4,30.7,21.9,27.6,27.6,29,164.13,16000,-750,06-MAY-2024,
OPTSTK,JKCEMENT,30-May-2024,4600.0,CE,0.0,0.0,0.0,19.5,6.4,0,0.0,1250,0,06-MAY-2024,
OPTSTK,JKCEMENT,30-May-2024,4700.0,CE,0.0,0.0,0.0,7.0,3.3,0,0.0,2750,0,06-MAY-2024,
OPTSTK,JKCEMENT,30-May-2024,4800.0,CE,0.0,0.0,0.0,18.0,1.65,0,0.0,625,0,06-MAY-2024,
OPTSTK,JKCEMENT,30-May-2024,3300.0,PE,0.0,0.0,0.0,4.75,0.85,0,0.0,0,0,06-MAY-2024,
OPTSTK,JKCEMENT,30-May-2024,3400.0,PE,0.0,0.0,0.0,7.8,2.4,0,0.0,0,0,06-MAY-2024,
OPTSTK,JKCEMENT,30-May-2024,3500.0,PE,16.6,16.6,14.6,15.55,6.0,35,153.77,8250,-1500,06-MAY-2024,
OPTSTK,JKCEMENT,30-May-2024,3550.0,PE,18.0,20.0,17.8,17.8,17.8,28,124.91,500,125,06-MAY-2024,
OPTSTK,JKCEMENT,30-May-2024,3600.0,PE,26.0,26.0,24.0,24.0,24.0,2,9.06,2625,250,06-MAY-2024,
OPTSTK,JKCEMENT,30-May-2024,3650.0,PE,37.1,39.55,37.1,39.5,19.15,3,13.83,2875,250,06-MAY-2024,
OPTSTK,JKCEMENT,30-May-2024,3700.0,PE,50.25,50.25,43.55,45.0,26.75,6,28.1,6125,-125,06-MAY-2024,
OPTSTK,JKCEMENT,30-May-2024,3750.0,PE,0.0,0.0,0.0,66.5,36.45,0,0.0,0,0,06-MAY-2024,
OPTSTK,JKCEMENT,30-May-2024,3800.0,PE,64.85,76.3,64.85,67.4,67.4,9,43.52,15125,250,06-MAY-2024,
OPTSTK,JKCEMENT,30-May-2024,3850.0,PE,0.0,0.0,0.0,94.3,63.2,0,0.0,0,0,06-MAY-2024,
OPTSTK,JKCEMENT,30-May-2024,3900.0,PE,108.15,116.7,92.0,102.95,102.95,33,165.34,6750,375,06-MAY-2024,
OPTSTK,JKCEMENT,30-May-2024,3950.0,PE,0.0,0.0,0.0,129.35,101.45,0,0.0,0,0,06-MAY-2024,
OPTSTK,JKCEMENT,30-May-2024,4000.0,PE,153.3,165.7,140.0,152.75,152.75,51,264.67,28375,875,06-MAY-2024,
OPTSTK,JKCEMENT,30-May-2024,4050.0,PE,171.1,171.1,171.1,171.1,151.85,1,5.27,250,125,06-MAY-2024,
OPTSTK,JKCEMENT,30-May-2024,4100.0,PE,212.25,212.25,190.5,206.0,181.55,7,37.63,3625,125,06-MAY-2024,
OPTSTK,JKCEMENT,30-May-2024,4150.0,PE,0.0,0.0,0.0,237.4,214.1,0,0.0,500,0,06-MAY-2024,
OPTSTK,JKCEMENT,30-May-2024,4200.0,PE,0.0,0.0,0.0,293.05,249.25,0,0.0,3750,0,06-MAY-2024,
OPTSTK,JKCEMENT,30-May-2024,4250.0,PE,0.0,0.0,0.0,278.95,286.9,0,0.0,0,0,06-MAY-2024,
OPTSTK,JKCEMENT,30-May-2024,4300.0,PE,0.0,0.0,0.0,367.25,326.65,0,0.0,500,0,06-MAY-2024,
OPTSTK,JKCEMENT,30-May-2024,4350.0,PE,0.0,0.0,0.0,343.05,368.25,0,0.0,0,0,06-MAY-2024,
OPTSTK,JKCEMENT,30-May-2024,4400.0,PE,0.0,0.0,0.0,448.5,411.45,0,0.0,1125,0,06-MAY-2024,
OPTSTK,JKCEMENT,30-May-2024,4450.0,PE,0.0,0.0,0.0,413.5,456.05,0,0.0,0,0,06-MAY-2024,
OPTSTK,JKCEMENT,30-May-2024,4500.0,PE,0.0,0.0,0.0,243.4,501.8,0,0.0,0,0,06-MAY-2024,
OPTSTK,JKCEMENT,30-May-2024,4600.0,PE,0.0,0.0,0.0,597.3,595.85,0,0.0,125,0,06-MAY-2024,
OPTSTK,JKCEMENT,30-May-2024,4700.0,PE,0.0,0.0,0.0,348.0,692.3,0,0.0,0,0,06-MAY-2024,
OPTSTK,JKCEMENT,27-Jun-2024,3300.0,CE,0.0,0.0,0.0,853.0,731.75,0,0.0,0,0,06-MAY-2024,
OPTSTK,JKCEMENT,27-Jun-2024,3400.0,CE,0.0,0.0,0.0,764.4,639.6,0,0.0,0,0,06-MAY-2024,
OPTSTK,JKCEMENT,27-Jun-2024,3500.0,CE,0.0,0.0,0.0,679.45,551.3,0,0.0,0,0,06-MAY-2024,
OPTSTK,JKCEMENT,27-Jun-2024,3550.0,CE,0.0,0.0,0.0,562.5,508.95,0,0.0,0,0,06-MAY-2024,
OPTSTK,JKCEMENT,27-Jun-2024,3600.0,CE,0.0,0.0,0.0,598.7,468.0,0,0.0,0,0,06-MAY-2024,
OPTSTK,JKCEMENT,27-Jun-2024,3650.0,CE,0.0,0.0,0.0,482.2,428.6,0,0.0,0,0,06-MAY-2024,
OPTSTK,JKCEMENT,27-Jun-2024,3700.0,CE,0.0,0.0,0.0,523.05,391.0,0,0.0,0,0,06-MAY-2024,
OPTSTK,JKCEMENT,27-Jun-2024,3750.0,CE,0.0,0.0,0.0,408.0,355.0,0,0.0,0,0,06-MAY-2024,
OPTSTK,JKCEMENT,27-Jun-2024,3800.0,CE,0.0,0.0,0.0,452.45,320.8,0,0.0,0,0,06-MAY-2024,
OPTSTK,JKCEMENT,27-Jun-2024,3850.0,CE,0.0,0.0,0.0,340.2,288.75,0,0.0,0,0,06-MAY-2024,
OPTSTK,JKCEMENT,27-Jun-2024,3900.0,CE,0.0,0.0,0.0,387.95,258.75,0,0.0,0,0,06-MAY-2024,
OPTSTK,JKCEMENT,27-Jun-2024,3950.0,CE,0.0,0.0,0.0,279.85,230.8,0,0.0,0,0,06-MAY-2024,
OPTSTK,JKCEMENT,27-Jun-2024,4000.0,CE,0.0,0.0,0.0,329.6,204.95,0,0.0,0,0,06-MAY-2024,
OPTSTK,JKCEMENT,27-Jun-2024,4050.0,CE,0.0,0.0,0.0,226.9,181.1,0,0.0,0,0,06-MAY-2024,
OPTSTK,JKCEMENT,27-Jun-2024,4100.0,CE,0.0,0.0,0.0,210.0,159.35,0,0.0,125,0,06-MAY-2024,
OPTSTK,JKCEMENT,27-Jun-2024,4150.0,CE,0.0,0.0,0.0,181.4,139.5,0,0.0,0,0,06-MAY-2024,
OPTSTK,JKCEMENT,27-Jun-2024,4200.0,CE,0.0,0.0,0.0,231.3,121.6,0,0.0,0,0,06-MAY-2024,
OPTSTK,JKCEMENT,27-Jun-2024,4250.0,CE,0.0,0.0,0.0,142.9,105.55,0,0.0,0,0,06-MAY-2024,
OPTSTK,JKCEMENT,27-Jun-2024,4300.0,CE,0.0,0.0,0.0,191.1,91.15,0,0.0,0,0,06-MAY-2024,
OPTSTK,JKCEMENT,27-Jun-2024,4350.0,CE,0.0,0.0,0.0,111.05,78.6,0,0.0,0,0,06-MAY-2024,
OPTSTK,JKCEMENT,27-Jun-2024,4400.0,CE,0.0,0.0,0.0,156.5,67.2,0,0.0,0,0,06-MAY-2024,
OPTSTK,JKCEMENT,27-Jun-2024,4450.0,CE,0.0,0.0,0.0,85.3,57.3,0,0.0,0,0,06-MAY-2024,
OPTSTK,JKCEMENT,27-Jun-2024,4500.0,CE,75.0,85.0,75.0,85.0,48.65,4,22.9,375,375,06-MAY-2024,
OPTSTK,JKCEMENT,27-Jun-2024,4600.0,CE,0.0,0.0,0.0,102.45,34.6,0,0.0,0,0,06-MAY-2024,
OPTSTK,JKCEMENT,27-Jun-2024,4700.0,CE,0.0,0.0,0.0,81.75,24.2,0,0.0,0,0,06-MAY-2024,
OPTSTK,JKCEMENT,27-Jun-2024,3300.0,PE,0.0,0.0,0.0,17.85,8.4,0,0.0,0,0,06-MAY-2024,
OPTSTK,JKCEMENT,27-Jun-2024,3400.0,PE,0.0,0.0,0.0,27.5,15.25,0,0.0,0,0,06-MAY-2024,
OPTSTK,JKCEMENT,27-Jun-2024,3500.0,PE,0.0,0.0,0.0,55.0,25.9,0,0.0,250,0,06-MAY-2024,
OPTSTK,JKCEMENT,27-Jun-2024,3550.0,PE,0.0,0.0,0.0,60.0,33.0,0,0.0,250,0,06-MAY-2024,
OPTSTK,JKCEMENT,27-Jun-2024,3600.0,PE,0.0,0.0,0.0,75.0,41.55,0,0.0,875,0,06-MAY-2024,
OPTSTK,JKCEMENT,27-Jun-2024,3650.0,PE,0.0,0.0,0.0,54.9,51.65,0,0.0,0,0,06-MAY-2024,
OPTSTK,JKCEMENT,27-Jun-2024,3700.0,PE,0.0,0.0,0.0,80.8,63.55,0,0.0,0,0,06-MAY-2024,
OPTSTK,JKCEMENT,27-Jun-2024,3750.0,PE,0.0,0.0,0.0,79.4,77.0,0,0.0,0,0,06-MAY-2024,
OPTSTK,JKCEMENT,27-Jun-2024,3800.0,PE,0.0,0.0,0.0,108.4,92.3,0,0.0,0,0,06-MAY-2024,
OPTSTK,JKCEMENT,27-Jun-2024,3850.0,PE,0.0,0.0,0.0,110.4,109.75,0,0.0,0,0,06-MAY-2024,
OPTSTK,JKCEMENT,27-Jun-2024,3900.0,PE,0.0,0.0,0.0,142.1,129.2,0,0.0,0,0,06-MAY-2024,
OPTSTK,JKCEMENT,27-Jun-2024,3950.0,PE,0.0,0.0,0.0,148.8,150.75,0,0.0,0,0,06-MAY-2024,
OPTSTK,JKCEMENT,27-Jun-2024,4000.0,PE,0.0,0.0,0.0,181.95,174.35,0,0.0,0,0,06-MAY-2024,
OPTSTK,JKCEMENT,27-Jun-2024,4050.0,PE,0.0,0.0,0.0,194.6,200.05,0,0.0,0,0,06-MAY-2024,
OPTSTK,JKCEMENT,27-Jun-2024,4100.0,PE,0.0,0.0,0.0,227.95,227.75,0,0.0,0,0,06-MAY-2024,
OPTSTK,JKCEMENT,27-Jun-2024,4150.0,PE,0.0,0.0,0.0,247.8,257.4,0,0.0,0,0,06-MAY-2024,
OPTSTK,JKCEMENT,27-Jun-2024,4200.0,PE,0.0,0.0,0.0,280.1,289.0,0,0.0,0,0,06-MAY-2024,
OPTSTK,JKCEMENT,27-Jun-2024,4250.0,PE,0.0,0.0,0.0,308.1,322.4,0,0.0,0,0,06-MAY-2024,
OPTSTK,JKCEMENT,27-Jun-2024,4300.0,PE,0.0,0.0,0.0,338.1,357.5,0,0.0,0,0,06-MAY-2024,
OPTSTK,JKCEMENT,27-Jun-2024,4350.0,PE,0.0,0.0,0.0,374.95,394.4,0,0.0,0,0,06-MAY-2024,
OPTSTK,JKCEMENT,27-Jun-2024,4400.0,PE,0.0,0.0,0.0,401.7,432.5,0,0.0,0,0,06-MAY-2024,
OPTSTK,JKCEMENT,27-Jun-2024,4450.0,PE,0.0,0.0,0.0,447.95,472.1,0,0.0,0,0,06-MAY-2024,
OPTSTK,JKCEMENT,27-Jun-2024,4500.0,PE,0.0,0.0,0.0,470.45,512.9,0,0.0,0,0,06-MAY-2024,
OPTSTK,JKCEMENT,27-Jun-2024,4600.0,PE,0.0,0.0,0.0,544.1,597.85,0,0.0,0,0,06-MAY-2024,
OPTSTK,JKCEMENT,27-Jun-2024,4700.0,PE,0.0,0.0,0.0,621.6,686.45,0,0.0,0,0,06-MAY-2024,
OPTSTK,JKCEMENT,25-Jul-2024,3400.0,CE,0.0,0.0,0.0,725.9,674.35,0,0.0,0,0,06-MAY-2024,
OPTSTK,JKCEMENT,25-Jul-2024,3500.0,CE,0.0,0.0,0.0,642.8,591.25,0,0.0,0,0,06-MAY-2024,
OPTSTK,JKCEMENT,25-Jul-2024,3600.0,CE,0.0,0.0,0.0,564.25,513.15,0,0.0,0,0,06-MAY-2024,
OPTSTK,JKCEMENT,25-Jul-2024,3700.0,CE,0.0,0.0,0.0,491.0,440.7,0,0.0,0,0,06-MAY-2024,
OPTSTK,JKCEMENT,25-Jul-2024,3800.0,CE,0.0,0.0,0.0,423.1,374.2,0,0.0,0,0,06-MAY-2024,
OPTSTK,JKCEMENT,25-Jul-2024,3900.0,CE,0.0,0.0,0.0,361.35,314.4,0,0.0,0,0,06-MAY-2024,
OPTSTK,JKCEMENT,25-Jul-2024,4000.0,CE,0.0,0.0,0.0,305.8,261.25,0,0.0,0,0,06-MAY-2024,
OPTSTK,JKCEMENT,25-Jul-2024,4100.0,CE,0.0,0.0,0.0,256.4,214.7,0,0.0,0,0,06-MAY-2024,
OPTSTK,JKCEMENT,25-Jul-2024,4200.0,CE,0.0,0.0,0.0,213.0,174.5,0,0.0,0,0,06-MAY-2024,
OPTSTK,JKCEMENT,25-Jul-2024,4300.0,CE,0.0,0.0,0.0,175.4,140.35,0,0.0,0,0,06-MAY-2024,
OPTSTK,JKCEMENT,25-Jul-2024,4400.0,CE,0.0,0.0,0.0,143.15,111.7,0,0.0,0,0,06-MAY-2024,
OPTSTK,JKCEMENT,25-Jul-2024,4500.0,CE,0.0,0.0,0.0,115.85,88.25,0,0.0,0,0,06-MAY-2024,
OPTSTK,JKCEMENT,25-Jul-2024,4600.0,CE,0.0,0.0,0.0,93.25,68.75,0,0.0,0,0,06-MAY-2024,
OPTSTK,JKCEMENT,25-Jul-2024,3400.0,PE,0.0,0.0,0.0,32.95,31.25,0,0.0,0,0,06-MAY-2024,
OPTSTK,JKCEMENT,25-Jul-2024,3500.0,PE,0.0,0.0,0.0,48.05,46.6,0,0.0,0,0,06-MAY-2024,
OPTSTK,JKCEMENT,25-Jul-2024,3600.0,PE,0.0,0.0,0.0,67.7,66.85,0,0.0,0,0,06-MAY-2024,
OPTSTK,JKCEMENT,25-Jul-2024,3700.0,PE,0.0,0.0,0.0,92.65,92.85,0,0.0,0,0,06-MAY-2024,
OPTSTK,JKCEMENT,25-Jul-2024,3800.0,PE,0.0,0.0,0.0,122.9,124.75,0,0.0,0,0,06-MAY-2024,
OPTSTK,JKCEMENT,25-Jul-2024,3900.0,PE,0.0,0.0,0.0,159.4,163.4,0,0.0,0,0,06-MAY-2024,
OPTSTK,JKCEMENT,25-Jul-2024,4000.0,PE,0.0,0.0,0.0,202.0,208.65,0,0.0,0,0,06-MAY-2024,
OPTSTK,JKCEMENT,25-Jul-2024,4100.0,PE,0.0,0.0,0.0,250.8,260.5,0,0.0,0,0,06-MAY-2024,
OPTSTK,JKCEMENT,25-Jul-2024,4200.0,PE,0.0,0.0,0.0,305.6,318.8,0,0.0,0,0,06-MAY-2024,
OPTSTK,JKCEMENT,25-Jul-2024,4300.0,PE,0.0,0.0,0.0,366.2,383.05,0,0.0,0,0,06-MAY-2024,
OPTSTK,JKCEMENT,25-Jul-2024,4400.0,PE,0.0,0.0,0.0,432.15,452.8,0,0.0,0,0,06-MAY-2024,
OPTSTK,JKCEMENT,25-Jul-2024,4500.0,PE,0.0,0.0,0.0,503.0,527.75,0,0.0,0,0,06-MAY-2024,
OPTSTK,JKCEMENT,25-Jul-2024,4600.0,PE,0.0,0.0,0.0,578.6,606.7,0,0.0,0,0,06-MAY-2024,
OPTSTK,JSWSTEEL,30-May-2024,720.0,CE,0.0,0.0,0.0,160.5,164.1,0,0.0,40500,0,06-MAY-2024,
OPTSTK,JSWSTEEL,30-May-2024,740.0,CE,0.0,0.0,0.0,180.0,144.35,0,0.0,6750,0,06-MAY-2024,
OPTSTK,JSWSTEEL,30-May-2024,760.0,CE,0.0,0.0,0.0,132.55,124.85,0,0.0,3375,0,06-MAY-2024,
OPTSTK,JSWSTEEL,30-May-2024,770.0,CE,0.0,0.0,0.0,95.0,115.25,0,0.0,675,0,06-MAY-2024,
OPTSTK,JSWSTEEL,30-May-2024,780.0,CE,0.0,0.0,0.0,93.15,105.8,0,0.0,1350,0,06-MAY-2024,
OPTSTK,JSWSTEEL,30-May-2024,790.0,CE,0.0,0.0,0.0,69.15,96.55,0,0.0,0,0,06-MAY-2024,
OPTSTK,JSWSTEEL,30-May-2024,800.0,CE,87.1,98.0,86.1,94.0,87.55,22,132.47,39825,-1350,06-MAY-2024,
OPTSTK,JSWSTEEL,30-May-2024,810.0,CE,0.0,0.0,0.0,76.3,78.85,0,0.0,2700,0,06-MAY-2024,
OPTSTK,JSWSTEEL,30-May-2024,820.0,CE,0.0,0.0,0.0,66.8,70.45,0,0.0,10125,0,06-MAY-2024,
OPTSTK,JSWSTEEL,30-May-2024,830.0,CE,0.0,0.0,0.0,59.65,62.5,0,0.0,6750,0,06-MAY-2024,
OPTSTK,JSWSTEEL,30-May-2024,840.0,CE,60.65,66.9,56.4,56.4,56.4,14,85.28,15525,-3375,06-MAY-2024,
OPTSTK,JSWSTEEL,30-May-2024,850.0,CE,49.45,59.5,49.45,55.25,47.9,115,702.99,117450,-675,06-MAY-2024,
OPTSTK,JSWSTEEL,30-May-2024,860.0,CE,43.0,53.05,41.35,44.65,44.65,232,1419.69,56025,-8775,06-MAY-2024,
OPTSTK,JSWSTEEL,30-May-2024,870.0,CE,37.9,46.5,35.25,38.7,38.7,480,2950.55,134325,-27675,06-MAY-2024,
OPTSTK,JSWSTEEL,30-May-2024,880.0,CE,32.45,40.6,30.0,33.5,33.5,1402,8662.54,162675,-27000,06-MAY-2024,
OPTSTK,JSWSTEEL,30-May-2024,890.0,CE,27.55,35.0,25.9,28.95,28.95,2319,14417.05,274050,6075,06-MAY-2024,
OPTSTK,JSWSTEEL,30-May-2024,900.0,CE,23.65,30.0,21.8,24.7,24.7,4293,26842.4,1692900,-312525,06-MAY-2024,
OPTSTK,JSWSTEEL,30-May-2024,910.0,CE,19.35,25.45,18.35,20.95,20.95,851,5354.01,375300,-70875,06-MAY-2024,
OPTSTK,JSWSTEEL,30-May-2024,920.0,CE,16.5,21.4,15.4,17.45,17.45,1373,8696.7,932850,-24975,06-MAY-2024,
OPTSTK,JSWSTEEL,30-May-2024,930.0,CE,14.45,18.0,12.8,14.45,14.45,871,5559.05,236250,-12150,06-MAY-2024,
OPTSTK,JSWSTEEL,30-May-2024,940.0,CE,12.2,14.95,10.75,12.3,12.3,929,5976.79,229500,2025,06-MAY-2024,
OPTSTK,JSWSTEEL,30-May-2024,950.0,CE,10.2,12.5,8.95,10.3,10.3,1221,7919.63,446850,-66150,06-MAY-2024,
OPTSTK,JSWSTEEL,30-May-2024,960.0,CE,8.7,10.5,7.35,8.4,8.4,583,3812.99,182250,17550,06-MAY-2024,
OPTSTK,JSWSTEEL,30-May-2024,970.0,CE,7.5,8.85,6.3,7.0,7.0,386,2546.68,66825,11475,06-MAY-2024,
OPTSTK,JSWSTEEL,30-May-2024,980.0,CE,6.75,7.35,5.15,5.85,5.85,250,1664.27,179550,-675,06-MAY-2024,
OPTSTK,JSWSTEEL,30-May-2024,990.0,CE,5.55,6.4,4.45,4.9,4.9,125,839.75,84375,6075,06-MAY-2024,
OPTSTK,JSWSTEEL,30-May-2024,1000.0,CE,4.7,6.5,3.6,4.15,4.15,725,4915.61,445500,-18225,06-MAY-2024,
OPTSTK,JSWSTEEL,30-May-2024,1020.0,CE,3.5,4.15,2.55,3.0,3.0,416,2872.92,211950,1350,06-MAY-2024,
OPTSTK,JSWSTEEL,30-May-2024,720.0,PE,0.55,0.7,0.4,0.45,0.1,20,97.26,57375,675,06-MAY-2024,
OPTSTK,JSWSTEEL,30-May-2024,740.0,PE,0.7,0.8,0.65,0.8,0.8,18,89.99,65475,5400,06-MAY-2024,
OPTSTK,JSWSTEEL,30-May-2024,760.0,PE,1.2,1.8,1.15,1.35,1.35,82,421.41,62100,-10800,06-MAY-2024,
OPTSTK,JSWSTEEL,30-May-2024,770.0,PE,1.75,2.4,1.75,1.95,1.95,23,119.85,14175,4050,06-MAY-2024,
OPTSTK,JSWSTEEL,30-May-2024,780.0,PE,2.8,3.1,2.1,2.7,2.7,469,2477.13,97875,-164025,06-MAY-2024,
OPTSTK,JSWSTEEL,30-May-2024,790.0,PE,4.2,4.2,2.9,3.65,3.65,63,337.43,23625,-8775,06-MAY-2024,
OPTSTK,JSWSTEEL,30-May-2024,800.0,PE,5.4,5.4,3.6,4.85,4.85,535,2904.74,510975,37800,06-MAY-2024,
OPTSTK,JSWSTEEL,30-May-2024,810.0,PE,6.0,6.65,4.8,6.05,6.05,67,368.71,83025,-6750,06-MAY-2024,
OPTSTK,JSWSTEEL,30-May-2024,820.0,PE,7.6,8.4,5.95,8.05,8.05,283,1579.58,183600,-34425,06-MAY-2024,
OPTSTK,JSWSTEEL,30-May-2024,830.0,PE,8.45,10.85,7.8,10.05,10.05,195,1104.52,118800,-29700,06-MAY-2024,
OPTSTK,JSWSTEEL,30-May-2024,840.0,PE,11.25,14.0,9.75,12.6,12.6,560,3218.25,192375,4050,06-MAY-2024,
OPTSTK,JSWSTEEL,30-May-2024,850.0,PE,14.15,17.35,12.15,15.5,15.5,942,5494.53,436725,8100,06-MAY-2024,
OPTSTK,JSWSTEEL,30-May-2024,860.0,PE,18.05,21.1,15.0,18.9,18.9,873,5169.04,114075,13500,06-MAY-2024,
OPTSTK,JSWSTEEL,30-May-2024,870.0,PE,21.65,25.5,18.35,23.0,23.0,784,4716.16,145125,1350,06-MAY-2024,
OPTSTK,JSWSTEEL,30-May-2024,880.0,PE,28.0,30.6,22.25,27.6,27.6,1425,8711.11,328725,-6750,06-MAY-2024,
OPTSTK,JSWSTEEL,30-May-2024,890.0,PE,32.95,35.4,26.65,32.8,32.8,957,5942.3,164025,37800,06-MAY-2024,
OPTSTK,JSWSTEEL,30-May-2024,900.0,PE,38.6,41.85,31.6,37.85,37.85,490,3093.29,326025,16875,06-MAY-2024,
OPTSTK,JSWSTEEL,30-May-2024,910.0,PE,41.9,47.1,39.0,45.6,45.6,33,212.11,58050,6750,06-MAY-2024,
OPTSTK,JSWSTEEL,30-May-2024,920.0,PE,47.2,55.0,42.95,51.5,51.5,67,437.53,57375,-1350,06-MAY-2024,
OPTSTK,JSWSTEEL,30-May-2024,930.0,PE,56.2,61.2,50.6,61.2,61.2,30,199.45,18225,-5400,06-MAY-2024,
OPTSTK,JSWSTEEL,30-May-2024,940.0,PE,63.55,63.55,58.7,58.7,64.15,2,13.51,22275,0,06-MAY-2024,
OPTSTK,JSWSTEEL,30-May-2024,950.0,PE,70.3,76.9,65.1,75.75,75.75,22,151.65,31050,-2025,06-MAY-2024,
OPTSTK,JSWSTEEL,30-May-2024,960.0,PE,0.0,0.0,0.0,73.0,80.6,0,0.0,6075,0,06-MAY-2024,
OPTSTK,JSWSTEEL,30-May-2024,970.0,PE,85.5,93.35,81.7,93.3,93.3,30,213.7,8100,3375,06-MAY-2024,
OPTSTK,JSWSTEEL,30-May-2024,980.0,PE,94.85,95.8,90.25,95.8,98.25,20,144.81,3375,-4725,06-MAY-2024,
OPTSTK,JSWSTEEL,30-May-2024,1000.0,PE,0.0,0.0,0.0,114.6,116.7,0,0.0,86400,0,06-MAY-2024,
OPTSTK,JSWSTEEL,30-May-2024,1020.0,PE,0.0,0.0,0.0,205.2,135.75,0,0.0,0,0,06-MAY-2024,
OPTSTK,JSWSTEEL,27-Jun-2024,760.0,CE,0.0,0.0,0.0,100.0,132.35,0,0.0,0,0,06-MAY-2024,
OPTSTK,JSWSTEEL,27-Jun-2024,780.0,CE,0.0,0.0,0.0,86.0,114.9,0,0.0,0,0,06-MAY-2024,
OPTSTK,JSWSTEEL,27-Jun-2024,790.0,CE,0.0,0.0,0.0,132.15,106.5,0,0.0,0,0,06-MAY-2024,
OPTSTK,JSWSTEEL,27-Jun-2024,800.0,CE,0.0,0.0,0.0,73.25,98.4,0,0.0,0,0,06-MAY-2024,
OPTSTK,JSWSTEEL,27-Jun-2024,810.0,CE,0.0,0.0,0.0,115.55,90.6,0,0.0,0,0,06-MAY-2024,
OPTSTK,JSWSTEEL,27-Jun-2024,820.0,CE,0.0,0.0,0.0,61.8,83.15,0,0.0,0,0,06-MAY-2024,
OPTSTK,JSWSTEEL,27-Jun-2024,830.0,CE,0.0,0.0,0.0,99.9,75.9,0,0.0,0,0,06-MAY-2024,
OPTSTK,JSWSTEEL,27-Jun-2024,840.0,CE,0.0,0.0,0.0,51.55,69.1,0,0.0,0,0,06-MAY-2024,
OPTSTK,JSWSTEEL,27-Jun-2024,850.0,CE,0.0,0.0,0.0,67.5,62.7,0,0.0,4725,0,06-MAY-2024,
OPTSTK,JSWSTEEL,27-Jun-2024,860.0,CE,0.0,0.0,0.0,42.6,56.6,0,0.0,0,0,06-MAY-2024,
OPTSTK,JSWSTEEL,27-Jun-2024,870.0,CE,0.0,0.0,0.0,72.15,50.95,0,0.0,0,0,06-MAY-2024,
OPTSTK,JSWSTEEL,27-Jun-2024,880.0,CE,45.0,45.0,45.0,45.0,45.65,2,12.48,1350,1350,06-MAY-2024,
OPTSTK,JSWSTEEL,27-Jun-2024,890.0,CE,0.0,0.0,0.0,60.25,40.75,0,0.0,0,0,06-MAY-2024,
OPTSTK,JSWSTEEL,27-Jun-2024,900.0,CE,48.0,57.65,48.0,52.55,52.55,82,527.82,238275,15525,06-MAY-2024,
OPTSTK,JSWSTEEL,27-Jun-2024,910.0,CE,0.0,0.0,0.0,42.8,32.1,0,0.0,1350,0,06-MAY-2024,
OPTSTK,JSWSTEEL,27-Jun-2024,920.0,CE,38.1,38.1,38.1,38.1,28.3,1,6.46,2025,675,06-MAY-2024,
OPTSTK,JSWSTEEL,27-Jun-2024,930.0,CE,0.0,0.0,0.0,40.5,24.85,0,0.0,0,0,06-MAY-2024,
OPTSTK,JSWSTEEL,27-Jun-2024,940.0,CE,0.0,0.0,0.0,30.0,21.75,0,0.0,2700,0,06-MAY-2024,
OPTSTK,JSWSTEEL,27-Jun-2024,950.0,CE,30.3,30.3,25.0,30.0,18.95,6,39.65,11475,4050,06-MAY-2024,
OPTSTK,JSWSTEEL,27-Jun-2024,960.0,CE,0.0,0.0,0.0,14.25,16.5,0,0.0,0,0,06-MAY-2024,
OPTSTK,JSWSTEEL,27-Jun-2024,970.0,CE,0.0,0.0,0.0,25.95,14.25,0,0.0,0,0,06-MAY-2024,
OPTSTK,JSWSTEEL,27-Jun-2024,980.0,CE,0.0,0.0,0.0,11.1,12.25,0,0.0,0,0,06-MAY-2024,
OPTSTK,JSWSTEEL,27-Jun-2024,1000.0,CE,0.0,0.0,0.0,16.0,9.0,0,0.0,48600,0,06-MAY-2024,
OPTSTK,JSWSTEEL,27-Jun-2024,1020.0,CE,0.0,0.0,0.0,6.65,6.5,0,0.0,0,0,06-MAY-2024,
OPTSTK,JSWSTEEL,27-Jun-2024,720.0,PE,0.0,0.0,0.0,2.0,1.25,0,0.0,675,0,06-MAY-2024,
OPTSTK,JSWSTEEL,27-Jun-2024,760.0,PE,0.0,0.0,0.0,16.25,3.85,0,0.0,0,0,06-MAY-2024,
OPTSTK,JSWSTEEL,27-Jun-2024,780.0,PE,0.0,0.0,0.0,21.85,6.2,0,0.0,0,0,06-MAY-2024,
OPTSTK,JSWSTEEL,27-Jun-2024,790.0,PE,0.0,0.0,0.0,6.45,7.7,0,0.0,0,0,06-MAY-2024,
OPTSTK,JSWSTEEL,27-Jun-2024,800.0,PE,14.0,18.0,14.0,18.0,18.0,5,27.49,3375,3375,06-MAY-2024,
OPTSTK,JSWSTEEL,27-Jun-2024,810.0,PE,0.0,0.0,0.0,9.6,11.6,0,0.0,0,0,06-MAY-2024,
OPTSTK,JSWSTEEL,27-Jun-2024,820.0,PE,25.0,25.0,25.0,25.0,14.05,1,5.7,675,675,06-MAY-2024,
OPTSTK,JSWSTEEL,27-Jun-2024,830.0,PE,28.0,28.0,25.0,25.0,25.0,2,11.56,1350,1350,06-MAY-2024,
OPTSTK,JSWSTEEL,27-Jun-2024,840.0,PE,0.0,0.0,0.0,46.35,19.8,0,0.0,0,0,06-MAY-2024,
OPTSTK,JSWSTEEL,27-Jun-2024,850.0,PE,0.0,0.0,0.0,34.2,23.3,0,0.0,4725,0,06-MAY-2024,
OPTSTK,JSWSTEEL,27-Jun-2024,860.0,PE,0.0,0.0,0.0,35.0,27.1,0,0.0,675,0,06-MAY-2024,
OPTSTK,JSWSTEEL,27-Jun-2024,870.0,PE,0.0,0.0,0.0,25.45,31.35,0,0.0,0,0,06-MAY-2024,
OPTSTK,JSWSTEEL,27-Jun-2024,880.0,PE,0.0,0.0,0.0,68.95,35.95,0,0.0,0,0,06-MAY-2024,
OPTSTK,JSWSTEEL,27-Jun-2024,890.0,PE,0.0,0.0,0.0,45.0,40.95,0,0.0,4050,0,06-MAY-2024,
OPTSTK,JSWSTEEL,27-Jun-2024,900.0,PE,57.0,60.0,53.15,60.0,60.0,3,19.37,54675,1350,06-MAY-2024,
OPTSTK,JSWSTEEL,27-Jun-2024,910.0,PE,0.0,0.0,0.0,42.5,52.05,0,0.0,0,0,06-MAY-2024,
OPTSTK,JSWSTEEL,27-Jun-2024,920.0,PE,0.0,0.0,0.0,96.05,58.15,0,0.0,0,0,06-MAY-2024,
OPTSTK,JSWSTEEL,27-Jun-2024,930.0,PE,0.0,0.0,0.0,53.05,64.6,0,0.0,0,0,06-MAY-2024,
OPTSTK,JSWSTEEL,27-Jun-2024,940.0,PE,0.0,0.0,0.0,111.1,71.4,0,0.0,0,0,06-MAY-2024,
OPTSTK,JSWSTEEL,27-Jun-2024,950.0,PE,0.0,0.0,0.0,64.9,78.5,0,0.0,0,0,06-MAY-2024,
OPTSTK,JSWSTEEL,27-Jun-2024,960.0,PE,0.0,0.0,0.0,126.85,85.95,0,0.0,0,0,06-MAY-2024,
OPTSTK,JSWSTEEL,27-Jun-2024,970.0,PE,0.0,0.0,0.0,78.0,93.6,0,0.0,0,0,06-MAY-2024,
OPTSTK,JSWSTEEL,27-Jun-2024,980.0,PE,0.0,0.0,0.0,143.4,101.5,0,0.0,0,0,06-MAY-2024,
OPTSTK,JSWSTEEL,27-Jun-2024,1000.0,PE,0.0,0.0,0.0,160.55,118.05,0,0.0,0,0,06-MAY-2024,
OPTSTK,JSWSTEEL,27-Jun-2024,1020.0,PE,0.0,0.0,0.0,178.2,135.35,0,0.0,0,0,06-MAY-2024,
OPTSTK,JSWSTEEL,25-Jul-2024,760.0,CE,0.0,0.0,0.0,165.8,140.25,0,0.0,0,0,06-MAY-2024,
OPTSTK,JSWSTEEL,25-Jul-2024,800.0,CE,0.0,0.0,0.0,132.65,108.35,0,0.0,0,0,06-MAY-2024,
OPTSTK,JSWSTEEL,25-Jul-2024,820.0,CE,0.0,0.0,0.0,117.35,93.95,0,0.0,0,0,06-MAY-2024,
OPTSTK,JSWSTEEL,25-Jul-2024,840.0,CE,0.0,0.0,0.0,103.05,80.7,0,0.0,0,0,06-MAY-2024,
OPTSTK,JSWSTEEL,25-Jul-2024,860.0,CE,0.0,0.0,0.0,89.75,68.65,0,0.0,0,0,06-MAY-2024,
OPTSTK,JSWSTEEL,25-Jul-2024,880.0,CE,0.0,0.0,0.0,77.6,57.85,0,0.0,0,0,06-MAY-2024,
OPTSTK,JSWSTEEL,25-Jul-2024,900.0,CE,0.0,0.0,0.0,66.55,48.25,0,0.0,0,0,06-MAY-2024,
OPTSTK,JSWSTEEL,25-Jul-2024,920.0,CE,0.0,0.0,0.0,56.65,39.9,0,0.0,0,0,06-MAY-2024,
OPTSTK,JSWSTEEL,25-Jul-2024,940.0,CE,0.0,0.0,0.0,47.85,32.65,0,0.0,0,0,06-MAY-2024,
OPTSTK,JSWSTEEL,25-Jul-2024,960.0,CE,0.0,0.0,0.0,40.1,26.5,0,0.0,0,0,06-MAY-2024,
OPTSTK,JSWSTEEL,25-Jul-2024,980.0,CE,0.0,0.0,0.0,33.35,21.35,0,0.0,0,0,06-MAY-2024,
OPTSTK,JSWSTEEL,25-Jul-2024,1000.0,CE,0.0,0.0,0.0,27.55,17.0,0,0.0,0,0,06-MAY-2024,
OPTSTK,JSWSTEEL,25-Jul-2024,760.0,PE,0.0,0.0,0.0,6.3,7.55,0,0.0,0,0,06-MAY-2024,
OPTSTK,JSWSTEEL,25-Jul-2024,800.0,PE,22.0,22.0,22.0,22.0,15.05,1,5.54,675,675,06-MAY-2024,
OPTSTK,JSWSTEEL,25-Jul-2024,820.0,PE,0.0,0.0,0.0,16.75,20.35,0,0.0,0,0,06-MAY-2024,
OPTSTK,JSWSTEEL,25-Jul-2024,840.0,PE,0.0,0.0,0.0,22.1,26.75,0,0.0,0,0,06-MAY-2024,
OPTSTK,JSWSTEEL,25-Jul-2024,860.0,PE,0.0,0.0,0.0,28.45,34.4,0,0.0,0,0,06-MAY-2024,
OPTSTK,JSWSTEEL,25-Jul-2024,880.0,PE,0.0,0.0,0.0,35.9,43.25,0,0.0,0,0,06-MAY-2024,
OPTSTK,JSWSTEEL,25-Jul-2024,900.0,PE,0.0,0.0,0.0,44.5,53.4,0,0.0,0,0,06-MAY-2024,
OPTSTK,JSWSTEEL,25-Jul-2024,920.0,PE,0.0,0.0,0.0,54.25,64.7,0,0.0,0,0,06-MAY-2024,
OPTSTK,JSWSTEEL,25-Jul-2024,940.0,PE,0.0,0.0,0.0,65.05,77.15,0,0.0,0,0,06-MAY-2024,
OPTSTK,JSWSTEEL,25-Jul-2024,960.0,PE,0.0,0.0,0.0,76.95,90.65,0,0.0,0,0,06-MAY-2024,
OPTSTK,JSWSTEEL,25-Jul-2024,980.0,PE,0.0,0.0,0.0,89.85,105.2,0,0.0,0,0,06-MAY-2024,
OPTSTK,JSWSTEEL,25-Jul-2024,1000.0,PE,0.0,0.0,0.0,103.7,120.55,0,0.0,0,0,06-MAY-2024,
OPTSTK,JUBLFOOD,30-May-2024,370.0,CE,0.0,0.0,0.0,102.8,104.4,0,0.0,0,0,06-MAY-2024,
OPTSTK,JUBLFOOD,30-May-2024,380.0,CE,0.0,0.0,0.0,93.9,94.45,0,0.0,0,0,06-MAY-2024,
OPTSTK,JUBLFOOD,30-May-2024,390.0,CE,0.0,0.0,0.0,85.3,84.6,0,0.0,0,0,06-MAY-2024,
OPTSTK,JUBLFOOD,30-May-2024,395.0,CE,0.0,0.0,0.0,63.05,79.7,0,0.0,0,0,06-MAY-2024,
OPTSTK,JUBLFOOD,30-May-2024,400.0,CE,70.0,70.7,68.0,70.7,74.8,3,17.6,45000,0,06-MAY-2024,
OPTSTK,JUBLFOOD,30-May-2024,405.0,CE,0.0,0.0,0.0,57.25,69.95,0,0.0,2500,0,06-MAY-2024,
OPTSTK,JUBLFOOD,30-May-2024,410.0,CE,64.95,64.95,61.45,61.55,65.2,3,17.72,3750,0,06-MAY-2024,
OPTSTK,JUBLFOOD,30-May-2024,415.0,CE,0.0,0.0,0.0,46.45,60.45,0,0.0,0,0,06-MAY-2024,
OPTSTK,JUBLFOOD,30-May-2024,420.0,CE,0.0,0.0,0.0,43.5,55.85,0,0.0,27500,0,06-MAY-2024,
OPTSTK,JUBLFOOD,30-May-2024,425.0,CE,43.15,43.85,43.15,43.85,51.3,2,11.71,15000,-1250,06-MAY-2024,
OPTSTK,JUBLFOOD,30-May-2024,430.0,CE,0.0,0.0,0.0,31.65,46.9,0,0.0,92500,0,06-MAY-2024,
OPTSTK,JUBLFOOD,30-May-2024,435.0,CE,38.6,41.2,36.65,40.45,40.45,22,130.32,52500,2500,06-MAY-2024,
OPTSTK,JUBLFOOD,30-May-2024,440.0,CE,29.45,38.15,29.45,36.7,36.7,118,700.32,117500,-67500,06-MAY-2024,
OPTSTK,JUBLFOOD,30-May-2024,445.0,CE,31.0,34.35,28.55,33.4,33.4,15,89.41,95000,-6250,06-MAY-2024,
OPTSTK,JUBLFOOD,30-May-2024,450.0,CE,24.85,31.25,19.45,29.9,29.9,569,3391.35,573750,21250,06-MAY-2024,
OPTSTK,JUBLFOOD,30-May-2024,455.0,CE,21.55,27.7,17.0,26.65,26.65,200,1195.17,168750,2500,06-MAY-2024,
OPTSTK,JUBLFOOD,30-May-2024,460.0,CE,19.0,25.1,14.4,23.95,23.95,2297,13821.86,491250,-112500,06-MAY-2024,
OPTSTK,JUBLFOOD,30-May-2024,465.0,CE,16.55,22.35,12.5,21.25,21.25,1341,8106.88,298750,-263750,06-MAY-2024,
OPTSTK,JUBLFOOD,30-May-2024,470.0,CE,14.25,19.9,10.75,18.95,18.95,9584,58362.51,1647500,268750,06-MAY-2024,
OPTSTK,JUBLFOOD,30-May-2024,475.0,CE,12.8,17.85,9.4,16.75,16.75,3412,20927.6,491250,302500,06-MAY-2024,
OPTSTK,JUBLFOOD,30-May-2024,480.0,CE,10.8,15.65,8.0,14.85,14.85,6967,42994.24,1788750,913750,06-MAY-2024,
OPTSTK,JUBLFOOD,30-May-2024,485.0,CE,9.5,13.7,6.9,13.0,13.0,717,4452.91,208750,83750,06-MAY-2024,
OPTSTK,JUBLFOOD,30-May-2024,490.0,CE,8.0,12.1,6.0,11.3,11.3,1750,10948.72,450000,131250,06-MAY-2024,
OPTSTK,JUBLFOOD,30-May-2024,495.0,CE,7.5,10.6,7.5,9.95,9.95,138,869.84,41250,16250,06-MAY-2024,
OPTSTK,JUBLFOOD,30-May-2024,500.0,CE,6.85,9.2,4.25,8.6,8.6,4759,30209.61,1905000,203750,06-MAY-2024,
OPTSTK,JUBLFOOD,30-May-2024,505.0,CE,5.2,7.8,3.75,7.45,7.45,125,799.61,60000,35000,06-MAY-2024,
OPTSTK,JUBLFOOD,30-May-2024,510.0,CE,4.4,6.9,3.3,6.4,6.4,922,5945.85,228750,70000,06-MAY-2024,
OPTSTK,JUBLFOOD,30-May-2024,515.0,CE,3.55,6.0,3.55,5.5,5.5,58,377.11,48750,26250,06-MAY-2024,
OPTSTK,JUBLFOOD,30-May-2024,520.0,CE,3.2,5.1,2.25,4.75,4.75,1359,8907.34,677500,142500,06-MAY-2024,
OPTSTK,JUBLFOOD,30-May-2024,525.0,CE,2.65,4.45,2.1,4.0,4.0,143,944.78,63750,56250,06-MAY-2024,
OPTSTK,JUBLFOOD,30-May-2024,530.0,CE,2.25,3.75,1.7,3.5,3.5,2058,13713.85,1057500,3750,06-MAY-2024,
OPTSTK,JUBLFOOD,30-May-2024,370.0,PE,1.15,1.15,0.8,1.0,1.0,438,2031.0,286250,88750,06-MAY-2024,
OPTSTK,JUBLFOOD,30-May-2024,380.0,PE,1.2,1.5,1.1,1.4,1.4,1139,5428.63,775000,-82500,06-MAY-2024,
OPTSTK,JUBLFOOD,30-May-2024,390.0,PE,1.9,2.0,1.3,1.95,1.95,629,3080.65,552500,425000,06-MAY-2024,
OPTSTK,JUBLFOOD,30-May-2024,395.0,PE,1.95,2.2,1.55,2.15,2.15,66,327.39,43750,-13750,06-MAY-2024,
OPTSTK,JUBLFOOD,30-May-2024,400.0,PE,1.95,2.6,1.7,2.55,2.55,917,4609.59,937500,-137500,06-MAY-2024,
OPTSTK,JUBLFOOD,30-May-2024,405.0,PE,2.2,2.85,2.0,2.85,2.85,122,621.3,118750,-3750,06-MAY-2024,
OPTSTK,JUBLFOOD,30-May-2024,410.0,PE,2.6,3.5,2.3,3.35,3.35,504,2602.75,348750,132500,06-MAY-2024,
OPTSTK,JUBLFOOD,30-May-2024,415.0,PE,3.2,4.0,2.75,3.8,3.8,98,512.49,77500,-6250,06-MAY-2024,
OPTSTK,JUBLFOOD,30-May-2024,420.0,PE,3.7,4.7,3.2,4.5,4.5,435,2305.79,523750,53750,06-MAY-2024,
OPTSTK,JUBLFOOD,30-May-2024,425.0,PE,4.8,5.6,3.85,5.2,5.2,71,381.4,102500,25000,06-MAY-2024,
OPTSTK,JUBLFOOD,30-May-2024,430.0,PE,5.3,7.0,4.5,6.2,6.2,707,3849.64,746250,-46250,06-MAY-2024,
OPTSTK,JUBLFOOD,30-May-2024,435.0,PE,6.0,7.9,5.45,7.05,7.05,147,811.74,132500,27500,06-MAY-2024,
OPTSTK,JUBLFOOD,30-May-2024,440.0,PE,7.4,9.9,6.4,8.35,8.35,642,3595.04,528750,10000,06-MAY-2024,
OPTSTK,JUBLFOOD,30-May-2024,445.0,PE,10.0,11.65,7.65,9.9,9.9,103,585.18,71250,-7500,06-MAY-2024,
OPTSTK,JUBLFOOD,30-May-2024,450.0,PE,10.45,14.0,9.15,11.45,11.45,764,4405.69,575000,56250,06-MAY-2024,
OPTSTK,JUBLFOOD,30-May-2024,455.0,PE,13.65,16.55,10.9,13.35,13.35,411,2406.45,128750,17500,06-MAY-2024,
OPTSTK,JUBLFOOD,30-May-2024,460.0,PE,14.85,19.25,12.85,15.45,15.45,1118,6649.75,641250,376250,06-MAY-2024,
OPTSTK,JUBLFOOD,30-May-2024,465.0,PE,17.4,22.0,15.2,17.85,17.85,283,1708.04,146250,-10000,06-MAY-2024,
OPTSTK,JUBLFOOD,30-May-2024,470.0,PE,20.45,25.2,17.45,20.35,20.35,711,4358.04,416250,108750,06-MAY-2024,
OPTSTK,JUBLFOOD,30-May-2024,475.0,PE,22.95,28.2,20.15,23.15,23.15,229,1426.15,103750,68750,06-MAY-2024,
OPTSTK,JUBLFOOD,30-May-2024,480.0,PE,27.85,32.2,23.25,26.05,26.05,145,917.95,446250,35000,06-MAY-2024,
OPTSTK,JUBLFOOD,30-May-2024,485.0,PE,0.0,0.0,0.0,35.15,21.65,0,0.0,16250,0,06-MAY-2024,
OPTSTK,JUBLFOOD,30-May-2024,490.0,PE,33.75,36.5,29.7,33.05,33.05,31,202.78,30000,7500,06-MAY-2024,
OPTSTK,JUBLFOOD,30-May-2024,495.0,PE,35.9,38.95,35.9,38.95,28.25,5,33.22,8750,2500,06-MAY-2024,
OPTSTK,JUBLFOOD,30-May-2024,500.0,PE,45.0,45.0,37.05,39.7,39.7,62,418.08,325000,33750,06-MAY-2024,
OPTSTK,JUBLFOOD,30-May-2024,505.0,PE,45.05,51.4,42.35,44.2,35.65,15,103.2,10000,5000,06-MAY-2024,
OPTSTK,JUBLFOOD,30-May-2024,510.0,PE,53.0,53.0,46.3,48.0,48.0,4,27.94,22500,5000,06-MAY-2024,
OPTSTK,JUBLFOOD,30-May-2024,515.0,PE,49.85,53.3,49.85,52.35,43.75,5,35.4,6250,6250,06-MAY-2024,
OPTSTK,JUBLFOOD,30-May-2024,520.0,PE,0.0,0.0,0.0,62.7,48.0,0,0.0,7500,0,06-MAY-2024,
OPTSTK,JUBLFOOD,30-May-2024,525.0,PE,0.0,0.0,0.0,74.45,52.35,0,0.0,0,0,06-MAY-2024,
OPTSTK,JUBLFOOD,30-May-2024,530.0,PE,70.0,72.0,70.0,72.0,56.85,2,15.02,50000,2500,06-MAY-2024,
OPTSTK,JUBLFOOD,27-Jun-2024,370.0,CE,0.0,0.0,0.0,88.5,106.85,0,0.0,0,0,06-MAY-2024,
OPTSTK,JUBLFOOD,27-Jun-2024,380.0,CE,0.0,0.0,0.0,79.95,97.25,0,0.0,0,0,06-MAY-2024,
OPTSTK,JUBLFOOD,27-Jun-2024,390.0,CE,0.0,0.0,0.0,71.75,87.85,0,0.0,0,0,06-MAY-2024,
OPTSTK,JUBLFOOD,27-Jun-2024,395.0,CE,0.0,0.0,0.0,54.85,83.2,0,0.0,0,0,06-MAY-2024,
OPTSTK,JUBLFOOD,27-Jun-2024,400.0,CE,0.0,0.0,0.0,64.0,78.65,0,0.0,0,0,06-MAY-2024,
OPTSTK,JUBLFOOD,27-Jun-2024,405.0,CE,0.0,0.0,0.0,47.3,74.2,0,0.0,0,0,06-MAY-2024,
OPTSTK,JUBLFOOD,27-Jun-2024,410.0,CE,0.0,0.0,0.0,56.65,69.8,0,0.0,0,0,06-MAY-2024,
OPTSTK,JUBLFOOD,27-Jun-2024,415.0,CE,0.0,0.0,0.0,40.35,65.5,0,0.0,0,0,06-MAY-2024,
OPTSTK,JUBLFOOD,27-Jun-2024,420.0,CE,0.0,0.0,0.0,49.8,61.3,0,0.0,0,0,06-MAY-2024,
OPTSTK,JUBLFOOD,27-Jun-2024,425.0,CE,0.0,0.0,0.0,34.05,57.25,0,0.0,0,0,06-MAY-2024,
OPTSTK,JUBLFOOD,27-Jun-2024,430.0,CE,0.0,0.0,0.0,43.5,53.3,0,0.0,0,0,06-MAY-2024,
OPTSTK,JUBLFOOD,27-Jun-2024,435.0,CE,0.0,0.0,0.0,28.4,49.5,0,0.0,0,0,06-MAY-2024,
OPTSTK,JUBLFOOD,27-Jun-2024,440.0,CE,0.0,0.0,0.0,43.0,45.85,0,0.0,13750,0,06-MAY-2024,
OPTSTK,JUBLFOOD,27-Jun-2024,445.0,CE,0.0,0.0,0.0,23.45,42.3,0,0.0,0,0,06-MAY-2024,
OPTSTK,JUBLFOOD,27-Jun-2024,450.0,CE,40.05,40.05,36.85,39.0,38.95,6,36.67,10000,5000,06-MAY-2024,
OPTSTK,JUBLFOOD,27-Jun-2024,455.0,CE,0.0,0.0,0.0,19.1,35.75,0,0.0,0,0,06-MAY-2024,
OPTSTK,JUBLFOOD,27-Jun-2024,460.0,CE,33.5,33.5,33.5,33.5,32.75,1,6.16,3750,0,06-MAY-2024,
OPTSTK,JUBLFOOD,27-Jun-2024,465.0,CE,0.0,0.0,0.0,15.4,29.9,0,0.0,0,0,06-MAY-2024,
OPTSTK,JUBLFOOD,27-Jun-2024,470.0,CE,29.0,29.0,29.0,29.0,27.2,1,6.23,1250,0,06-MAY-2024,
OPTSTK,JUBLFOOD,27-Jun-2024,475.0,CE,0.0,0.0,0.0,12.3,24.65,0,0.0,0,0,06-MAY-2024,
OPTSTK,JUBLFOOD,27-Jun-2024,480.0,CE,0.0,0.0,0.0,19.95,22.3,0,0.0,0,0,06-MAY-2024,
OPTSTK,JUBLFOOD,27-Jun-2024,485.0,CE,0.0,0.0,0.0,9.75,20.15,0,0.0,0,0,06-MAY-2024,
OPTSTK,JUBLFOOD,27-Jun-2024,490.0,CE,0.0,0.0,0.0,16.75,18.1,0,0.0,0,0,06-MAY-2024,
OPTSTK,JUBLFOOD,27-Jun-2024,495.0,CE,0.0,0.0,0.0,7.6,16.25,0,0.0,0,0,06-MAY-2024,
OPTSTK,JUBLFOOD,27-Jun-2024,500.0,CE,16.5,20.3,16.5,19.5,19.5,47,304.58,57500,42500,06-MAY-2024,
OPTSTK,JUBLFOOD,27-Jun-2024,505.0,CE,0.0,0.0,0.0,5.85,12.95,0,0.0,0,0,06-MAY-2024,
OPTSTK,JUBLFOOD,27-Jun-2024,510.0,CE,0.0,0.0,0.0,11.55,11.5,0,0.0,0,0,06-MAY-2024,
OPTSTK,JUBLFOOD,27-Jun-2024,515.0,CE,0.0,0.0,0.0,4.5,10.2,0,0.0,0,0,06-MAY-2024,
OPTSTK,JUBLFOOD,27-Jun-2024,520.0,CE,0.0,0.0,0.0,9.5,9.0,0,0.0,0,0,06-MAY-2024,
OPTSTK,JUBLFOOD,27-Jun-2024,525.0,CE,0.0,0.0,0.0,9.8,7.95,0,0.0,1250,0,06-MAY-2024,
OPTSTK,JUBLFOOD,27-Jun-2024,530.0,CE,9.7,9.7,9.7,9.7,9.7,11,74.2,13750,12500,06-MAY-2024,
OPTSTK,JUBLFOOD,27-Jun-2024,370.0,PE,0.0,0.0,0.0,3.05,0.4,0,0.0,0,0,06-MAY-2024,
OPTSTK,JUBLFOOD,27-Jun-2024,380.0,PE,0.0,0.0,0.0,4.3,0.7,0,0.0,0,0,06-MAY-2024,
OPTSTK,JUBLFOOD,27-Jun-2024,390.0,PE,0.0,0.0,0.0,5.95,1.15,0,0.0,0,0,06-MAY-2024,
OPTSTK,JUBLFOOD,27-Jun-2024,395.0,PE,0.0,0.0,0.0,5.9,1.5,0,0.0,0,0,06-MAY-2024,
OPTSTK,JUBLFOOD,27-Jun-2024,400.0,PE,7.25,8.0,5.5,7.8,7.8,46,234.11,93750,36250,06-MAY-2024,
OPTSTK,JUBLFOOD,27-Jun-2024,405.0,PE,0.0,0.0,0.0,8.25,2.35,0,0.0,0,0,06-MAY-2024,
OPTSTK,JUBLFOOD,27-Jun-2024,410.0,PE,0.0,0.0,0.0,10.5,2.9,0,0.0,0,0,06-MAY-2024,
OPTSTK,JUBLFOOD,27-Jun-2024,415.0,PE,0.0,0.0,0.0,11.15,3.55,0,0.0,0,0,06-MAY-2024,
OPTSTK,JUBLFOOD,27-Jun-2024,420.0,PE,9.0,9.0,9.0,9.0,4.35,1,5.36,28750,0,06-MAY-2024,
OPTSTK,JUBLFOOD,27-Jun-2024,425.0,PE,0.0,0.0,0.0,14.75,5.2,0,0.0,0,0,06-MAY-2024,
OPTSTK,JUBLFOOD,27-Jun-2024,430.0,PE,0.0,0.0,0.0,17.0,6.2,0,0.0,0,0,06-MAY-2024,
OPTSTK,JUBLFOOD,27-Jun-2024,435.0,PE,0.0,0.0,0.0,18.95,7.35,0,0.0,0,0,06-MAY-2024,
OPTSTK,JUBLFOOD,27-Jun-2024,440.0,PE,18.7,18.7,14.0,17.5,8.65,10,56.96,20000,1250,06-MAY-2024,
OPTSTK,JUBLFOOD,27-Jun-2024,445.0,PE,0.0,0.0,0.0,23.85,10.1,0,0.0,0,0,06-MAY-2024,
OPTSTK,JUBLFOOD,27-Jun-2024,450.0,PE,15.0,23.8,15.0,22.0,11.65,8,47.04,17500,6250,06-MAY-2024,
OPTSTK,JUBLFOOD,27-Jun-2024,455.0,PE,0.0,0.0,0.0,29.4,13.45,0,0.0,0,0,06-MAY-2024,
OPTSTK,JUBLFOOD,27-Jun-2024,460.0,PE,0.0,0.0,0.0,26.85,15.35,0,0.0,3750,0,06-MAY-2024,
OPTSTK,JUBLFOOD,27-Jun-2024,465.0,PE,0.0,0.0,0.0,35.6,17.45,0,0.0,0,0,06-MAY-2024,
OPTSTK,JUBLFOOD,27-Jun-2024,470.0,PE,0.0,0.0,0.0,36.4,19.7,0,0.0,0,0,06-MAY-2024,
OPTSTK,JUBLFOOD,27-Jun-2024,475.0,PE,0.0,0.0,0.0,42.35,22.15,0,0.0,0,0,06-MAY-2024,
OPTSTK,JUBLFOOD,27-Jun-2024,480.0,PE,0.0,0.0,0.0,42.5,24.7,0,0.0,0,0,06-MAY-2024,
OPTSTK,JUBLFOOD,27-Jun-2024,485.0,PE,0.0,0.0,0.0,49.65,27.5,0,0.0,0,0,06-MAY-2024,
OPTSTK,JUBLFOOD,27-Jun-2024,490.0,PE,0.0,0.0,0.0,45.0,30.4,0,0.0,1250,0,06-MAY-2024,
OPTSTK,JUBLFOOD,27-Jun-2024,495.0,PE,0.0,0.0,0.0,57.4,33.5,0,0.0,0,0,06-MAY-2024,
OPTSTK,JUBLFOOD,27-Jun-2024,500.0,PE,48.0,55.0,48.0,53.45,36.7,9,62.04,10000,8750,06-MAY-2024,
OPTSTK,JUBLFOOD,27-Jun-2024,505.0,PE,0.0,0.0,0.0,65.55,40.1,0,0.0,0,0,06-MAY-2024,
OPTSTK,JUBLFOOD,27-Jun-2024,510.0,PE,0.0,0.0,0.0,63.6,43.6,0,0.0,0,0,06-MAY-2024,
OPTSTK,JUBLFOOD,27-Jun-2024,515.0,PE,0.0,0.0,0.0,74.05,47.25,0,0.0,0,0,06-MAY-2024,
OPTSTK,JUBLFOOD,27-Jun-2024,520.0,PE,0.0,0.0,0.0,71.35,51.0,0,0.0,0,0,06-MAY-2024,
OPTSTK,JUBLFOOD,27-Jun-2024,525.0,PE,0.0,0.0,0.0,82.85,54.9,0,0.0,0,0,06-MAY-2024,
OPTSTK,JUBLFOOD,27-Jun-2024,530.0,PE,0.0,0.0,0.0,79.45,58.85,0,0.0,0,0,06-MAY-2024,
OPTSTK,JUBLFOOD,25-Jul-2024,380.0,CE,0.0,0.0,0.0,71.35,100.5,0,0.0,0,0,06-MAY-2024,
OPTSTK,JUBLFOOD,25-Jul-2024,390.0,CE,0.0,0.0,0.0,63.5,91.5,0,0.0,0,0,06-MAY-2024,
OPTSTK,JUBLFOOD,25-Jul-2024,400.0,CE,0.0,0.0,0.0,56.1,82.85,0,0.0,0,0,06-MAY-2024,
OPTSTK,JUBLFOOD,25-Jul-2024,410.0,CE,0.0,0.0,0.0,49.2,74.5,0,0.0,0,0,06-MAY-2024,
OPTSTK,JUBLFOOD,25-Jul-2024,420.0,CE,0.0,0.0,0.0,42.85,66.55,0,0.0,0,0,06-MAY-2024,
OPTSTK,JUBLFOOD,25-Jul-2024,430.0,CE,0.0,0.0,0.0,37.05,59.05,0,0.0,0,0,06-MAY-2024,
OPTSTK,JUBLFOOD,25-Jul-2024,440.0,CE,0.0,0.0,0.0,31.8,52.0,0,0.0,0,0,06-MAY-2024,
OPTSTK,JUBLFOOD,25-Jul-2024,450.0,CE,0.0,0.0,0.0,27.1,45.5,0,0.0,0,0,06-MAY-2024,
OPTSTK,JUBLFOOD,25-Jul-2024,460.0,CE,0.0,0.0,0.0,22.9,39.5,0,0.0,0,0,06-MAY-2024,
OPTSTK,JUBLFOOD,25-Jul-2024,470.0,CE,0.0,0.0,0.0,19.25,34.05,0,0.0,0,0,06-MAY-2024,
OPTSTK,JUBLFOOD,25-Jul-2024,480.0,CE,0.0,0.0,0.0,16.05,29.15,0,0.0,0,0,06-MAY-2024,
OPTSTK,JUBLFOOD,25-Jul-2024,490.0,CE,0.0,0.0,0.0,13.3,24.8,0,0.0,0,0,06-MAY-2024,
OPTSTK,JUBLFOOD,25-Jul-2024,500.0,CE,0.0,0.0,0.0,11.0,20.95,0,0.0,0,0,06-MAY-2024,
OPTSTK,JUBLFOOD,25-Jul-2024,510.0,CE,0.0,0.0,0.0,8.95,17.55,0,0.0,0,0,06-MAY-2024,
OPTSTK,JUBLFOOD,25-Jul-2024,520.0,CE,0.0,0.0,0.0,7.3,14.6,0,0.0,0,0,06-MAY-2024,
OPTSTK,JUBLFOOD,25-Jul-2024,380.0,PE,0.0,0.0,0.0,5.45,1.85,0,0.0,0,0,06-MAY-2024,
OPTSTK,JUBLFOOD,25-Jul-2024,390.0,PE,0.0,0.0,0.0,7.45,2.7,0,0.0,0,0,06-MAY-2024,
OPTSTK,JUBLFOOD,25-Jul-2024,400.0,PE,8.4,8.4,8.4,8.4,3.85,4,20.42,8750,5000,06-MAY-2024,
OPTSTK,JUBLFOOD,25-Jul-2024,410.0,PE,0.0,0.0,0.0,12.8,5.35,0,0.0,0,0,06-MAY-2024,
OPTSTK,JUBLFOOD,25-Jul-2024,420.0,PE,0.0,0.0,0.0,16.25,7.25,0,0.0,0,0,06-MAY-2024,
OPTSTK,JUBLFOOD,25-Jul-2024,430.0,PE,0.0,0.0,0.0,20.25,9.6,0,0.0,0,0,06-MAY-2024,
OPTSTK,JUBLFOOD,25-Jul-2024,440.0,PE,0.0,0.0,0.0,24.85,12.4,0,0.0,0,0,06-MAY-2024,
OPTSTK,JUBLFOOD,25-Jul-2024,450.0,PE,0.0,0.0,0.0,29.95,15.75,0,0.0,0,0,06-MAY-2024,
OPTSTK,JUBLFOOD,25-Jul-2024,460.0,PE,0.0,0.0,0.0,35.6,19.6,0,0.0,0,0,06-MAY-2024,
OPTSTK,JUBLFOOD,25-Jul-2024,470.0,PE,0.0,0.0,0.0,41.75,24.0,0,0.0,0,0,06-MAY-2024,
OPTSTK,JUBLFOOD,25-Jul-2024,480.0,PE,0.0,0.0,0.0,48.4,28.95,0,0.0,0,0,06-MAY-2024,
OPTSTK,JUBLFOOD,25-Jul-2024,490.0,PE,0.0,0.0,0.0,55.45,34.4,0,0.0,0,0,06-MAY-2024,
OPTSTK,JUBLFOOD,25-Jul-2024,500.0,PE,0.0,0.0,0.0,62.95,40.4,0,0.0,0,0,06-MAY-2024,
OPTSTK,JUBLFOOD,25-Jul-2024,510.0,PE,0.0,0.0,0.0,70.75,46.85,0,0.0,0,0,06-MAY-2024,
OPTSTK,JUBLFOOD,25-Jul-2024,520.0,PE,0.0,0.0,0.0,78.9,53.75,0,0.0,0,0,06-MAY-2024,
OPTSTK,KOTAKBANK,30-May-2024,1300.0,CE,0.0,0.0,0.0,501.4,330.35,0,0.0,0,0,06-MAY-2024,
OPTSTK,KOTAKBANK,30-May-2024,1320.0,CE,0.0,0.0,0.0,394.3,310.5,0,0.0,0,0,06-MAY-2024,
OPTSTK,KOTAKBANK,30-May-2024,1340.0,CE,0.0,0.0,0.0,461.95,290.65,0,0.0,0,0,06-MAY-2024,
OPTSTK,KOTAKBANK,30-May-2024,1360.0,CE,0.0,0.0,0.0,204.9,270.85,0,0.0,2400,0,06-MAY-2024,
OPTSTK,KOTAKBANK,30-May-2024,1380.0,CE,0.0,0.0,0.0,221.0,251.15,0,0.0,400,0,06-MAY-2024,
OPTSTK,KOTAKBANK,30-May-2024,1400.0,CE,210.0,244.25,210.0,244.25,231.6,4,26.04,2000,-400,06-MAY-2024,
OPTSTK,KOTAKBANK,30-May-2024,1420.0,CE,0.0,0.0,0.0,299.55,212.25,0,0.0,0,0,06-MAY-2024,
OPTSTK,KOTAKBANK,30-May-2024,1430.0,CE,0.0,0.0,0.0,373.35,202.7,0,0.0,0,0,06-MAY-2024,
OPTSTK,KOTAKBANK,30-May-2024,1440.0,CE,175.0,193.5,175.0,193.5,193.2,2,12.99,12400,0,06-MAY-2024,
OPTSTK,KOTAKBANK,30-May-2024,1450.0,CE,0.0,0.0,0.0,353.8,183.8,0,0.0,0,0,06-MAY-2024,
OPTSTK,KOTAKBANK,30-May-2024,1460.0,CE,150.0,184.4,150.0,184.4,174.55,2,13.01,18000,0,06-MAY-2024,
OPTSTK,KOTAKBANK,30-May-2024,1470.0,CE,0.0,0.0,0.0,334.35,165.4,0,0.0,0,0,06-MAY-2024,
OPTSTK,KOTAKBANK,30-May-2024,1480.0,CE,131.0,160.1,131.0,156.15,156.15,103,665.91,21200,-25200,06-MAY-2024,
OPTSTK,KOTAKBANK,30-May-2024,1490.0,CE,120.95,138.4,120.95,138.4,147.55,2,12.95,3600,0,06-MAY-2024,
OPTSTK,KOTAKBANK,30-May-2024,1500.0,CE,117.0,148.0,110.95,138.75,138.75,891,5798.12,120800,-201200,06-MAY-2024,
OPTSTK,KOTAKBANK,30-May-2024,1510.0,CE,104.3,130.5,104.3,125.45,130.4,14,91.14,6800,-2400,06-MAY-2024,
OPTSTK,KOTAKBANK,30-May-2024,1520.0,CE,100.6,128.45,94.1,118.5,118.5,279,1819.86,24400,-41200,06-MAY-2024,
OPTSTK,KOTAKBANK,30-May-2024,1530.0,CE,92.0,120.4,88.15,109.95,109.95,63,411.92,11600,-8800,06-MAY-2024,
OPTSTK,KOTAKBANK,30-May-2024,1540.0,CE,84.8,111.7,78.85,100.6,100.6,589,3842.8,43600,-72800,06-MAY-2024,
OPTSTK,KOTAKBANK,30-May-2024,1550.0,CE,66.0,103.8,66.0,92.5,92.5,3652,23892.82,358400,-501200,06-MAY-2024,
OPTSTK,KOTAKBANK,30-May-2024,1560.0,CE,60.0,95.65,60.0,84.35,84.35,4601,30164.05,528800,-476000,06-MAY-2024,
OPTSTK,KOTAKBANK,30-May-2024,1570.0,CE,54.95,87.0,50.0,76.35,76.35,1629,10694.7,216800,-299600,06-MAY-2024,
OPTSTK,KOTAKBANK,30-May-2024,1580.0,CE,58.65,79.1,46.0,68.55,68.55,4661,30642.88,474000,-453200,06-MAY-2024,
OPTSTK,KOTAKBANK,30-May-2024,1590.0,CE,50.0,71.5,46.0,60.9,60.9,2122,13992.43,123600,-130800,06-MAY-2024,
OPTSTK,KOTAKBANK,30-May-2024,1600.0,CE,39.95,64.45,39.95,54.2,54.2,36786,243157.79,3009200,-1892000,06-MAY-2024,
OPTSTK,KOTAKBANK,30-May-2024,1610.0,CE,38.0,57.5,36.0,47.7,47.7,8160,54067.23,446400,-52800,06-MAY-2024,
OPTSTK,KOTAKBANK,30-May-2024,1620.0,CE,39.0,51.35,31.55,41.9,41.9,18362,122126.33,1093600,-158800,06-MAY-2024,
OPTSTK,KOTAKBANK,30-May-2024,1630.0,CE,35.75,45.5,27.9,36.7,36.7,11468,76566.77,596400,32400,06-MAY-2024,
OPTSTK,KOTAKBANK,30-May-2024,1640.0,CE,30.8,40.0,24.2,31.95,31.95,13343,89339.39,1130000,-6800,06-MAY-2024,
OPTSTK,KOTAKBANK,30-May-2024,1650.0,CE,27.1,35.25,21.6,28.0,28.0,27601,185380.07,2588000,-479600,06-MAY-2024,
OPTSTK,KOTAKBANK,30-May-2024,1660.0,CE,20.0,30.9,19.0,24.25,24.25,7955,53636.97,1495200,42000,06-MAY-2024,
OPTSTK,KOTAKBANK,30-May-2024,1670.0,CE,19.95,27.1,16.85,21.3,21.3,4000,27077.91,1191200,-84000,06-MAY-2024,
OPTSTK,KOTAKBANK,30-May-2024,1680.0,CE,16.65,23.85,14.95,18.65,18.65,8694,59109.52,1949200,566000,06-MAY-2024,
OPTSTK,KOTAKBANK,30-May-2024,1690.0,CE,15.7,21.0,13.5,16.65,16.65,2652,18113.22,297200,-75200,06-MAY-2024,
OPTSTK,KOTAKBANK,30-May-2024,1700.0,CE,12.85,18.5,12.0,14.9,14.9,35095,240819.89,6327600,-269600,06-MAY-2024,
OPTSTK,KOTAKBANK,30-May-2024,1710.0,CE,12.2,16.35,10.65,13.2,13.2,2479,17089.5,409200,141200,06-MAY-2024,
OPTSTK,KOTAKBANK,30-May-2024,1720.0,CE,13.0,14.35,9.4,11.65,11.65,4329,29990.78,521600,33200,06-MAY-2024,
OPTSTK,KOTAKBANK,30-May-2024,1730.0,CE,9.45,12.85,8.4,10.3,10.3,2468,17186.49,214400,73600,06-MAY-2024,
OPTSTK,KOTAKBANK,30-May-2024,1740.0,CE,9.05,11.35,7.45,9.15,9.15,3552,24856.73,469600,-48000,06-MAY-2024,
OPTSTK,KOTAKBANK,30-May-2024,1750.0,CE,7.75,10.2,6.55,8.1,8.1,9045,63622.36,1804000,-139600,06-MAY-2024,
OPTSTK,KOTAKBANK,30-May-2024,1760.0,CE,7.0,9.0,6.05,7.25,7.25,2795,19762.28,362400,54800,06-MAY-2024,
OPTSTK,KOTAKBANK,30-May-2024,1770.0,CE,7.05,8.1,5.6,6.55,6.55,1494,10618.96,178400,77600,06-MAY-2024,
OPTSTK,KOTAKBANK,30-May-2024,1780.0,CE,7.0,7.4,5.05,5.9,5.9,1550,11074.85,274000,-77600,06-MAY-2024,
OPTSTK,KOTAKBANK,30-May-2024,1790.0,CE,5.3,6.7,4.6,5.3,5.3,713,5121.11,84000,-2800,06-MAY-2024,
OPTSTK,KOTAKBANK,30-May-2024,1800.0,CE,4.85,6.2,4.3,4.9,4.9,18847,136098.74,4670400,-401200,06-MAY-2024,
OPTSTK,KOTAKBANK,30-May-2024,1810.0,CE,4.15,5.55,3.85,4.4,4.4,695,5044.98,127200,17600,06-MAY-2024,
OPTSTK,KOTAKBANK,30-May-2024,1820.0,CE,4.4,5.1,3.6,3.95,3.95,1410,10289.58,349600,-54400,06-MAY-2024,
OPTSTK,KOTAKBANK,30-May-2024,1830.0,CE,3.5,4.65,3.35,3.55,3.55,831,6096.23,202400,82400,06-MAY-2024,
OPTSTK,KOTAKBANK,30-May-2024,1840.0,CE,4.95,4.95,3.05,3.3,3.3,1282,9454.11,617600,46800,06-MAY-2024,
OPTSTK,KOTAKBANK,30-May-2024,1850.0,CE,3.1,3.85,2.75,2.95,2.95,3206,23765.93,827600,58800,06-MAY-2024,
OPTSTK,KOTAKBANK,30-May-2024,1860.0,CE,2.65,3.45,2.55,2.65,2.65,1069,7965.97,286800,72400,06-MAY-2024,
OPTSTK,KOTAKBANK,30-May-2024,1870.0,CE,2.9,3.2,2.35,2.45,2.45,487,3648.0,115200,3200,06-MAY-2024,
OPTSTK,KOTAKBANK,30-May-2024,1880.0,CE,2.35,2.95,2.15,2.2,2.2,793,5971.22,223600,49600,06-MAY-2024,
OPTSTK,KOTAKBANK,30-May-2024,1890.0,CE,3.05,3.05,1.95,2.0,2.0,242,1831.7,67600,14000,06-MAY-2024,
OPTSTK,KOTAKBANK,30-May-2024,1900.0,CE,2.45,2.55,1.25,1.85,1.85,2891,21994.61,1102400,-85200,06-MAY-2024,
OPTSTK,KOTAKBANK,30-May-2024,1910.0,CE,2.0,2.25,1.35,1.7,0.85,121,925.26,20000,-2000,06-MAY-2024,
OPTSTK,KOTAKBANK,30-May-2024,1920.0,CE,1.6,2.15,1.2,1.65,1.65,191,1468.18,94400,4800,06-MAY-2024,
OPTSTK,KOTAKBANK,30-May-2024,1930.0,CE,1.6,2.0,1.3,1.4,1.4,27,208.61,33200,800,06-MAY-2024,
OPTSTK,KOTAKBANK,30-May-2024,1940.0,CE,1.2,1.65,1.15,1.4,1.4,113,877.5,90000,2800,06-MAY-2024,
OPTSTK,KOTAKBANK,30-May-2024,1950.0,CE,1.3,1.55,1.1,1.3,1.3,93,725.89,108800,-14800,06-MAY-2024,
OPTSTK,KOTAKBANK,30-May-2024,1960.0,CE,1.05,1.45,1.05,1.4,1.4,16,125.52,67200,-1600,06-MAY-2024,
OPTSTK,KOTAKBANK,30-May-2024,1980.0,CE,1.3,1.45,1.05,1.25,0.25,38,301.15,52000,-400,06-MAY-2024,
OPTSTK,KOTAKBANK,30-May-2024,2000.0,CE,1.35,1.4,0.95,1.1,1.1,576,4610.6,577600,18400,06-MAY-2024,
OPTSTK,KOTAKBANK,30-May-2024,2020.0,CE,1.8,1.8,1.0,1.05,1.05,6,48.51,8400,800,06-MAY-2024,
OPTSTK,KOTAKBANK,30-May-2024,2040.0,CE,0.0,0.0,0.0,0.65,0.1,0,0.0,6000,0,06-MAY-2024,
OPTSTK,KOTAKBANK,30-May-2024,2060.0,CE,0.65,1.1,0.65,0.9,0.9,61,502.87,80800,3200,06-MAY-2024,
OPTSTK,KOTAKBANK,30-May-2024,1300.0,PE,1.2,1.2,1.2,1.2,1.2,2,10.4,800,800,06-MAY-2024,
OPTSTK,KOTAKBANK,30-May-2024,1320.0,PE,1.1,1.4,0.95,1.15,1.15,37,195.53,6000,6000,06-MAY-2024,
OPTSTK,KOTAKBANK,30-May-2024,1340.0,PE,2.5,2.9,0.8,1.25,1.25,306,1641.78,63600,28800,06-MAY-2024,
OPTSTK,KOTAKBANK,30-May-2024,1360.0,PE,1.8,1.8,0.85,1.15,1.15,544,2961.91,327600,-36800,06-MAY-2024,
OPTSTK,KOTAKBANK,30-May-2024,1380.0,PE,2.15,2.35,1.4,1.6,1.6,339,1873.55,160000,14800,06-MAY-2024,
OPTSTK,KOTAKBANK,30-May-2024,1390.0,PE,1.75,3.95,1.5,1.65,1.65,121,673.58,112800,5200,06-MAY-2024,
OPTSTK,KOTAKBANK,30-May-2024,1400.0,PE,3.0,4.2,1.35,1.7,1.7,3671,20583.26,925600,-190000,06-MAY-2024,
OPTSTK,KOTAKBANK,30-May-2024,1410.0,PE,3.0,3.0,1.55,2.05,2.05,365,2061.36,87200,6400,06-MAY-2024,
OPTSTK,KOTAKBANK,30-May-2024,1420.0,PE,5.0,5.0,1.0,2.1,2.1,968,5506.0,160800,1600,06-MAY-2024,
OPTSTK,KOTAKBANK,30-May-2024,1430.0,PE,2.6,3.0,1.5,2.05,2.05,451,2583.98,53600,-18800,06-MAY-2024,
OPTSTK,KOTAKBANK,30-May-2024,1440.0,PE,4.95,5.0,2.2,2.65,2.65,1123,6480.17,99200,-83600,06-MAY-2024,
OPTSTK,KOTAKBANK,30-May-2024,1450.0,PE,6.0,6.5,2.4,2.8,2.8,3445,20021.02,441600,-264400,06-MAY-2024,
OPTSTK,KOTAKBANK,30-May-2024,1460.0,PE,8.0,11.4,2.8,3.2,3.2,1574,9213.05,149200,-49600,06-MAY-2024,
OPTSTK,KOTAKBANK,30-May-2024,1470.0,PE,5.65,5.65,3.15,3.55,3.55,1258,7415.12,55200,-170800,06-MAY-2024,
OPTSTK,KOTAKBANK,30-May-2024,1480.0,PE,5.7,7.2,3.65,4.0,4.0,2512,14913.02,186400,-180000,06-MAY-2024,
OPTSTK,KOTAKBANK,30-May-2024,1490.0,PE,8.0,8.0,4.1,4.45,4.45,1578,9434.65,67200,-66400,06-MAY-2024,
OPTSTK,KOTAKBANK,30-May-2024,1500.0,PE,10.0,10.0,4.65,5.1,5.1,14571,87751.86,1856000,-471600,06-MAY-2024,
OPTSTK,KOTAKBANK,30-May-2024,1510.0,PE,15.0,15.0,5.35,5.65,5.65,1554,9425.51,152400,-44000,06-MAY-2024,
OPTSTK,KOTAKBANK,30-May-2024,1520.0,PE,14.45,25.0,6.1,6.4,6.4,3872,23658.38,399200,-286400,06-MAY-2024,
OPTSTK,KOTAKBANK,30-May-2024,1530.0,PE,18.35,18.35,7.0,7.3,7.3,2260,13909.33,190000,8000,06-MAY-2024,
OPTSTK,KOTAKBANK,30-May-2024,1540.0,PE,20.0,24.0,8.0,8.35,8.35,4148,25715.48,415600,-26800,06-MAY-2024,
OPTSTK,KOTAKBANK,30-May-2024,1550.0,PE,18.65,19.65,9.15,9.65,9.65,10069,62892.83,1029200,-343600,06-MAY-2024,
OPTSTK,KOTAKBANK,30-May-2024,1560.0,PE,24.25,24.25,10.7,11.15,11.15,6134,38608.17,608000,-331200,06-MAY-2024,
OPTSTK,KOTAKBANK,30-May-2024,1570.0,PE,27.6,27.6,12.5,13.0,13.0,4007,25411.76,419200,-15600,06-MAY-2024,
OPTSTK,KOTAKBANK,30-May-2024,1580.0,PE,18.95,27.4,10.2,15.05,15.05,4231,27049.16,766800,-57200,06-MAY-2024,
OPTSTK,KOTAKBANK,30-May-2024,1590.0,PE,42.0,42.0,16.8,17.8,17.8,2360,15213.5,261600,48000,06-MAY-2024,
OPTSTK,KOTAKBANK,30-May-2024,1600.0,PE,35.0,39.05,19.5,20.9,20.9,24283,157813.57,2967600,-353200,06-MAY-2024,
OPTSTK,KOTAKBANK,30-May-2024,1610.0,PE,40.0,41.55,22.45,24.15,24.15,3943,25834.26,272800,93200,06-MAY-2024,
OPTSTK,KOTAKBANK,30-May-2024,1620.0,PE,45.7,46.65,26.0,28.4,28.4,8104,53514.31,751600,222400,06-MAY-2024,
OPTSTK,KOTAKBANK,30-May-2024,1630.0,PE,46.75,53.2,30.15,33.15,33.15,6101,40606.05,312000,103600,06-MAY-2024,
OPTSTK,KOTAKBANK,30-May-2024,1640.0,PE,53.8,57.8,34.35,38.4,38.4,4328,29067.54,644000,298800,06-MAY-2024,
OPTSTK,KOTAKBANK,30-May-2024,1650.0,PE,63.85,66.25,39.55,44.3,44.3,4417,29972.52,764000,-226000,06-MAY-2024,
OPTSTK,KOTAKBANK,30-May-2024,1660.0,PE,69.2,70.65,45.0,50.7,50.7,939,6426.27,229600,-39200,06-MAY-2024,
OPTSTK,KOTAKBANK,30-May-2024,1670.0,PE,74.85,79.3,51.0,57.7,57.7,732,5056.82,318800,4400,06-MAY-2024,
OPTSTK,KOTAKBANK,30-May-2024,1680.0,PE,83.2,89.25,58.15,64.2,64.2,843,5883.65,251200,-71600,06-MAY-2024,
OPTSTK,KOTAKBANK,30-May-2024,1690.0,PE,80.2,81.0,65.05,73.2,73.2,142,999.56,51600,-11600,06-MAY-2024,
OPTSTK,KOTAKBANK,30-May-2024,1700.0,PE,101.0,105.0,72.45,80.75,80.75,1507,10743.28,836000,-40000,06-MAY-2024,
OPTSTK,KOTAKBANK,30-May-2024,1710.0,PE,0.0,0.0,0.0,151.95,97.95,0,0.0,46000,0,06-MAY-2024,
OPTSTK,KOTAKBANK,30-May-2024,1720.0,PE,98.05,100.0,89.0,96.5,105.55,68,493.45,110400,-11600,06-MAY-2024,
OPTSTK,KOTAKBANK,30-May-2024,1730.0,PE,97.95,106.1,97.95,106.1,113.35,3,21.96,28400,0,06-MAY-2024,
OPTSTK,KOTAKBANK,30-May-2024,1740.0,PE,139.25,139.25,106.45,116.05,116.05,38,282.03,169600,-7200,06-MAY-2024,
OPTSTK,KOTAKBANK,30-May-2024,1750.0,PE,146.0,146.0,114.75,124.4,124.4,192,1441.39,626800,-20400,06-MAY-2024,
OPTSTK,KOTAKBANK,30-May-2024,1760.0,PE,151.9,151.9,151.9,151.9,137.95,1,7.64,90000,-400,06-MAY-2024,
OPTSTK,KOTAKBANK,30-May-2024,1770.0,PE,0.0,0.0,0.0,139.3,146.5,0,0.0,9200,0,06-MAY-2024,
OPTSTK,KOTAKBANK,30-May-2024,1780.0,PE,139.6,147.2,139.6,145.8,155.25,6,46.19,159600,0,06-MAY-2024,
OPTSTK,KOTAKBANK,30-May-2024,1790.0,PE,179.7,179.7,155.9,155.9,164.1,4,31.32,17600,0,06-MAY-2024,
OPTSTK,KOTAKBANK,30-May-2024,1800.0,PE,193.55,193.55,160.5,170.9,170.9,119,937.51,609200,-25200,06-MAY-2024,
OPTSTK,KOTAKBANK,30-May-2024,1810.0,PE,175.0,178.4,173.0,178.4,178.4,3,23.82,38400,-400,06-MAY-2024,
OPTSTK,KOTAKBANK,30-May-2024,1820.0,PE,181.0,187.0,181.0,187.0,191.5,12,96.15,78800,-1200,06-MAY-2024,
OPTSTK,KOTAKBANK,30-May-2024,1830.0,PE,193.1,197.5,193.1,197.5,200.8,11,89.19,36000,-3600,06-MAY-2024,
OPTSTK,KOTAKBANK,30-May-2024,1840.0,PE,200.65,206.55,200.65,206.55,210.2,9,73.62,137600,1600,06-MAY-2024,
OPTSTK,KOTAKBANK,30-May-2024,1850.0,PE,221.65,224.55,214.0,214.0,219.7,9,74.58,171200,-400,06-MAY-2024,
OPTSTK,KOTAKBANK,30-May-2024,1860.0,PE,0.0,0.0,0.0,210.0,229.25,0,0.0,120400,0,06-MAY-2024,
OPTSTK,KOTAKBANK,30-May-2024,1870.0,PE,0.0,0.0,0.0,219.65,238.85,0,0.0,12800,0,06-MAY-2024,
OPTSTK,KOTAKBANK,30-May-2024,1880.0,PE,240.0,240.0,240.0,240.0,248.55,1,8.48,92000,0,06-MAY-2024,
OPTSTK,KOTAKBANK,30-May-2024,1890.0,PE,0.0,0.0,0.0,220.15,258.25,0,0.0,1600,0,06-MAY-2024,
OPTSTK,KOTAKBANK,30-May-2024,1900.0,PE,280.0,280.0,258.35,265.0,268.0,18,155.81,233600,-4400,06-MAY-2024,
OPTSTK,KOTAKBANK,30-May-2024,1960.0,PE,318.0,318.0,318.0,318.0,327.0,1,9.11,800,-400,06-MAY-2024,
OPTSTK,KOTAKBANK,30-May-2024,2000.0,PE,380.4,380.4,371.0,371.0,366.65,2,19.0,53200,-800,06-MAY-2024,
OPTSTK,KOTAKBANK,27-Jun-2024,1300.0,CE,0.0,0.0,0.0,359.05,338.7,0,0.0,0,0,06-MAY-2024,
OPTSTK,KOTAKBANK,27-Jun-2024,1320.0,CE,0.0,0.0,0.0,489.25,319.4,0,0.0,0,0,06-MAY-2024,
OPTSTK,KOTAKBANK,27-Jun-2024,1340.0,CE,0.0,0.0,0.0,319.95,300.2,0,0.0,0,0,06-MAY-2024,
OPTSTK,KOTAKBANK,27-Jun-2024,1360.0,CE,0.0,0.0,0.0,450.2,281.3,0,0.0,0,0,06-MAY-2024,
OPTSTK,KOTAKBANK,27-Jun-2024,1380.0,CE,0.0,0.0,0.0,375.5,262.6,0,0.0,0,0,06-MAY-2024,
OPTSTK,KOTAKBANK,27-Jun-2024,1400.0,CE,255.25,255.25,255.25,255.25,244.25,1,6.62,6000,-400,06-MAY-2024,
OPTSTK,KOTAKBANK,27-Jun-2024,1420.0,CE,0.0,0.0,0.0,363.35,226.35,0,0.0,0,0,06-MAY-2024,
OPTSTK,KOTAKBANK,27-Jun-2024,1430.0,CE,0.0,0.0,0.0,234.35,217.5,0,0.0,0,0,06-MAY-2024,
OPTSTK,KOTAKBANK,27-Jun-2024,1440.0,CE,0.0,0.0,0.0,372.8,208.85,0,0.0,0,0,06-MAY-2024,
OPTSTK,KOTAKBANK,27-Jun-2024,1450.0,CE,0.0,0.0,0.0,216.1,200.3,0,0.0,0,0,06-MAY-2024,
OPTSTK,KOTAKBANK,27-Jun-2024,1460.0,CE,0.0,0.0,0.0,353.75,191.85,0,0.0,0,0,06-MAY-2024,
OPTSTK,KOTAKBANK,27-Jun-2024,1470.0,CE,0.0,0.0,0.0,198.35,183.6,0,0.0,0,0,06-MAY-2024,
OPTSTK,KOTAKBANK,27-Jun-2024,1480.0,CE,0.0,0.0,0.0,334.85,175.5,0,0.0,0,0,06-MAY-2024,
OPTSTK,KOTAKBANK,27-Jun-2024,1490.0,CE,0.0,0.0,0.0,181.05,167.55,0,0.0,0,0,06-MAY-2024,
OPTSTK,KOTAKBANK,27-Jun-2024,1500.0,CE,145.0,170.0,145.0,169.0,169.0,28,185.86,33200,-8000,06-MAY-2024,
OPTSTK,KOTAKBANK,27-Jun-2024,1510.0,CE,0.0,0.0,0.0,164.4,152.15,0,0.0,0,0,06-MAY-2024,
OPTSTK,KOTAKBANK,27-Jun-2024,1520.0,CE,0.0,0.0,0.0,297.75,144.8,0,0.0,0,0,06-MAY-2024,
OPTSTK,KOTAKBANK,27-Jun-2024,1530.0,CE,0.0,0.0,0.0,148.45,137.55,0,0.0,0,0,06-MAY-2024,
OPTSTK,KOTAKBANK,27-Jun-2024,1540.0,CE,130.0,130.0,130.0,130.0,130.5,1,6.68,0,-400,06-MAY-2024,
OPTSTK,KOTAKBANK,27-Jun-2024,1550.0,CE,130.0,138.45,130.0,133.5,123.65,7,47.15,2000,2000,06-MAY-2024,
OPTSTK,KOTAKBANK,27-Jun-2024,1560.0,CE,98.0,124.1,90.6,118.1,118.1,24,160.21,9600,-1200,06-MAY-2024,
OPTSTK,KOTAKBANK,27-Jun-2024,1570.0,CE,95.0,95.0,95.0,95.0,110.65,1,6.66,0,-400,06-MAY-2024,
OPTSTK,KOTAKBANK,27-Jun-2024,1580.0,CE,94.95,116.55,91.75,113.0,104.45,37,248.68,12800,-400,06-MAY-2024,
OPTSTK,KOTAKBANK,27-Jun-2024,1590.0,CE,90.0,105.0,90.0,104.15,98.5,3,20.27,6000,0,06-MAY-2024,
OPTSTK,KOTAKBANK,27-Jun-2024,1600.0,CE,82.8,105.6,78.25,100.25,100.25,703,4757.91,178000,-57600,06-MAY-2024,
OPTSTK,KOTAKBANK,27-Jun-2024,1610.0,CE,0.0,0.0,0.0,92.8,87.2,0,0.0,0,0,06-MAY-2024,
OPTSTK,KOTAKBANK,27-Jun-2024,1620.0,CE,74.55,93.25,73.25,89.7,89.7,116,792.35,34400,23200,06-MAY-2024,
OPTSTK,KOTAKBANK,27-Jun-2024,1630.0,CE,83.9,86.1,83.9,86.1,76.8,4,27.43,1200,0,06-MAY-2024,
OPTSTK,KOTAKBANK,27-Jun-2024,1640.0,CE,59.95,81.5,59.95,78.95,78.95,41,280.77,17600,4000,06-MAY-2024,
OPTSTK,KOTAKBANK,27-Jun-2024,1650.0,CE,55.0,77.5,55.0,73.6,73.6,120,826.13,34400,8800,06-MAY-2024,
OPTSTK,KOTAKBANK,27-Jun-2024,1660.0,CE,68.0,70.0,68.0,70.0,62.85,2,13.83,800,800,06-MAY-2024,
OPTSTK,KOTAKBANK,27-Jun-2024,1670.0,CE,49.0,64.0,49.0,64.0,58.65,14,96.91,5600,4000,06-MAY-2024,
OPTSTK,KOTAKBANK,27-Jun-2024,1680.0,CE,56.8,65.0,56.8,60.5,54.65,13,90.62,8000,4000,06-MAY-2024,
OPTSTK,KOTAKBANK,27-Jun-2024,1690.0,CE,0.0,0.0,0.0,52.2,50.85,0,0.0,0,0,06-MAY-2024,
OPTSTK,KOTAKBANK,27-Jun-2024,1700.0,CE,41.65,57.85,38.25,53.95,53.95,1097,7676.2,451600,56800,06-MAY-2024,
OPTSTK,KOTAKBANK,27-Jun-2024,1710.0,CE,48.1,51.05,48.1,51.05,43.85,4,28.14,1600,1600,06-MAY-2024,
OPTSTK,KOTAKBANK,27-Jun-2024,1720.0,CE,28.0,46.0,28.0,46.0,40.6,9,63.32,6800,1600,06-MAY-2024,
OPTSTK,KOTAKBANK,27-Jun-2024,1730.0,CE,0.0,0.0,0.0,37.6,37.6,0,0.0,0,0,06-MAY-2024,
OPTSTK,KOTAKBANK,27-Jun-2024,1740.0,CE,36.0,38.05,36.0,38.05,34.75,2,14.21,400,0,06-MAY-2024,
OPTSTK,KOTAKBANK,27-Jun-2024,1750.0,CE,14.65,41.3,14.65,38.05,38.05,139,993.98,42400,34400,06-MAY-2024,
OPTSTK,KOTAKBANK,27-Jun-2024,1760.0,CE,38.0,38.0,38.0,38.0,29.6,2,14.38,44800,400,06-MAY-2024,
OPTSTK,KOTAKBANK,27-Jun-2024,1770.0,CE,0.0,0.0,0.0,26.4,27.3,0,0.0,0,0,06-MAY-2024,
OPTSTK,KOTAKBANK,27-Jun-2024,1780.0,CE,0.0,0.0,0.0,25.95,25.05,0,0.0,1600,0,06-MAY-2024,
OPTSTK,KOTAKBANK,27-Jun-2024,1790.0,CE,0.0,0.0,0.0,21.85,23.0,0,0.0,0,0,06-MAY-2024,
OPTSTK,KOTAKBANK,27-Jun-2024,1800.0,CE,19.95,29.75,19.05,27.2,27.2,757,5526.64,221200,76000,06-MAY-2024,
OPTSTK,KOTAKBANK,27-Jun-2024,1810.0,CE,0.0,0.0,0.0,17.95,19.3,0,0.0,0,0,06-MAY-2024,
OPTSTK,KOTAKBANK,27-Jun-2024,1820.0,CE,17.0,23.1,17.0,22.7,17.65,18,132.46,4800,3600,06-MAY-2024,
OPTSTK,KOTAKBANK,27-Jun-2024,1830.0,CE,0.0,0.0,0.0,14.7,16.15,0,0.0,0,0,06-MAY-2024,
OPTSTK,KOTAKBANK,27-Jun-2024,1840.0,CE,0.0,0.0,0.0,10.0,14.75,0,0.0,400,0,06-MAY-2024,
OPTSTK,KOTAKBANK,27-Jun-2024,1850.0,CE,0.0,0.0,0.0,11.9,13.4,0,0.0,0,0,06-MAY-2024,
OPTSTK,KOTAKBANK,27-Jun-2024,1860.0,CE,12.0,18.0,12.0,18.0,12.2,14,104.99,2800,0,06-MAY-2024,
OPTSTK,KOTAKBANK,27-Jun-2024,1880.0,CE,0.0,0.0,0.0,7.6,10.1,0,0.0,4800,0,06-MAY-2024,
OPTSTK,KOTAKBANK,27-Jun-2024,1900.0,CE,9.05,14.0,8.55,13.2,13.2,619,4732.62,174400,122800,06-MAY-2024,
OPTSTK,KOTAKBANK,27-Jun-2024,1960.0,CE,0.0,0.0,0.0,14.85,4.45,0,0.0,400,0,06-MAY-2024,
OPTSTK,KOTAKBANK,27-Jun-2024,2000.0,CE,4.5,6.2,4.5,5.3,5.3,177,1419.86,111600,22800,06-MAY-2024,
OPTSTK,KOTAKBANK,27-Jun-2024,1300.0,PE,5.0,6.0,5.0,5.75,5.75,7,36.56,2800,2800,06-MAY-2024,
OPTSTK,KOTAKBANK,27-Jun-2024,1320.0,PE,0.0,0.0,0.0,0.2,1.5,0,0.0,0,0,06-MAY-2024,
OPTSTK,KOTAKBANK,27-Jun-2024,1340.0,PE,0.0,0.0,0.0,0.7,2.1,0,0.0,0,0,06-MAY-2024,
OPTSTK,KOTAKBANK,27-Jun-2024,1360.0,PE,0.0,0.0,0.0,10.0,2.95,0,0.0,400,0,06-MAY-2024,
OPTSTK,KOTAKBANK,27-Jun-2024,1380.0,PE,0.0,0.0,0.0,1.05,4.1,0,0.0,0,0,06-MAY-2024,
OPTSTK,KOTAKBANK,27-Jun-2024,1400.0,PE,12.05,12.05,7.7,10.25,10.25,252,1420.4,122400,2800,06-MAY-2024,
OPTSTK,KOTAKBANK,27-Jun-2024,1420.0,PE,0.0,0.0,0.0,1.45,7.4,0,0.0,0,0,06-MAY-2024,
OPTSTK,KOTAKBANK,27-Jun-2024,1430.0,PE,10.0,11.0,9.9,11.0,8.5,5,28.8,2000,2000,06-MAY-2024,
OPTSTK,KOTAKBANK,27-Jun-2024,1440.0,PE,11.5,15.0,11.0,15.0,15.0,8,46.46,3600,3200,06-MAY-2024,
OPTSTK,KOTAKBANK,27-Jun-2024,1450.0,PE,13.0,17.0,12.9,17.0,17.0,15,87.86,4400,4400,06-MAY-2024,
OPTSTK,KOTAKBANK,27-Jun-2024,1460.0,PE,17.85,17.9,14.4,17.85,17.85,29,171.17,22800,-1200,06-MAY-2024,
OPTSTK,KOTAKBANK,27-Jun-2024,1470.0,PE,0.0,0.0,0.0,7.45,14.15,0,0.0,0,0,06-MAY-2024,
OPTSTK,KOTAKBANK,27-Jun-2024,1480.0,PE,29.45,29.45,18.6,18.6,15.95,13,77.99,15600,-2800,06-MAY-2024,
OPTSTK,KOTAKBANK,27-Jun-2024,1490.0,PE,0.0,0.0,0.0,9.95,17.9,0,0.0,0,0,06-MAY-2024,
OPTSTK,KOTAKBANK,27-Jun-2024,1500.0,PE,34.5,35.0,21.0,25.15,25.15,589,3588.89,232000,10000,06-MAY-2024,
OPTSTK,KOTAKBANK,27-Jun-2024,1510.0,PE,0.0,0.0,0.0,13.05,22.3,0,0.0,0,0,06-MAY-2024,
OPTSTK,KOTAKBANK,27-Jun-2024,1520.0,PE,26.0,29.25,23.95,28.75,28.75,114,704.85,82800,4800,06-MAY-2024,
OPTSTK,KOTAKBANK,27-Jun-2024,1530.0,PE,0.0,0.0,0.0,16.8,27.5,0,0.0,0,0,06-MAY-2024,
OPTSTK,KOTAKBANK,27-Jun-2024,1540.0,PE,32.0,34.75,29.65,33.25,30.3,48,301.97,3200,-11600,06-MAY-2024,
OPTSTK,KOTAKBANK,27-Jun-2024,1550.0,PE,49.45,49.45,32.05,37.6,37.6,280,1776.54,78000,4800,06-MAY-2024,
OPTSTK,KOTAKBANK,27-Jun-2024,1560.0,PE,45.0,45.0,36.55,40.05,40.05,15,95.92,3600,400,06-MAY-2024,
OPTSTK,KOTAKBANK,27-Jun-2024,1570.0,PE,0.0,0.0,0.0,26.7,40.15,0,0.0,0,0,06-MAY-2024,
OPTSTK,KOTAKBANK,27-Jun-2024,1580.0,PE,0.0,0.0,0.0,55.0,43.9,0,0.0,7600,0,06-MAY-2024,
OPTSTK,KOTAKBANK,27-Jun-2024,1590.0,PE,0.0,0.0,0.0,32.95,47.8,0,0.0,0,0,06-MAY-2024,
OPTSTK,KOTAKBANK,27-Jun-2024,1600.0,PE,72.6,72.6,48.1,55.55,55.55,861,5692.76,315200,55200,06-MAY-2024,
OPTSTK,KOTAKBANK,27-Jun-2024,1610.0,PE,0.0,0.0,0.0,40.15,56.35,0,0.0,0,0,06-MAY-2024,
OPTSTK,KOTAKBANK,27-Jun-2024,1620.0,PE,55.8,55.8,55.8,55.8,60.9,1,6.7,2400,400,06-MAY-2024,
OPTSTK,KOTAKBANK,27-Jun-2024,1630.0,PE,0.0,0.0,0.0,53.25,65.75,0,0.0,1600,0,06-MAY-2024,
OPTSTK,KOTAKBANK,27-Jun-2024,1640.0,PE,72.0,73.0,65.0,72.35,70.75,14,95.8,4000,-2400,06-MAY-2024,
OPTSTK,KOTAKBANK,27-Jun-2024,1650.0,PE,81.0,81.0,71.2,74.3,76.0,30,206.95,11200,7600,06-MAY-2024,
OPTSTK,KOTAKBANK,27-Jun-2024,1660.0,PE,68.4,82.35,68.4,82.35,81.45,3,20.82,9200,800,06-MAY-2024,
OPTSTK,KOTAKBANK,27-Jun-2024,1670.0,PE,0.0,0.0,0.0,67.5,87.15,0,0.0,0,0,06-MAY-2024,
OPTSTK,KOTAKBANK,27-Jun-2024,1680.0,PE,0.0,0.0,0.0,29.55,93.05,0,0.0,0,0,06-MAY-2024,
OPTSTK,KOTAKBANK,27-Jun-2024,1690.0,PE,0.0,0.0,0.0,78.55,99.1,0,0.0,0,0,06-MAY-2024,
OPTSTK,KOTAKBANK,27-Jun-2024,1700.0,PE,112.4,119.1,98.8,108.0,108.0,92,664.24,141200,-13600,06-MAY-2024,
OPTSTK,KOTAKBANK,27-Jun-2024,1710.0,PE,0.0,0.0,0.0,90.55,111.9,0,0.0,0,0,06-MAY-2024,
OPTSTK,KOTAKBANK,27-Jun-2024,1720.0,PE,0.0,0.0,0.0,41.3,118.6,0,0.0,0,0,06-MAY-2024,
OPTSTK,KOTAKBANK,27-Jun-2024,1730.0,PE,0.0,0.0,0.0,103.45,125.45,0,0.0,0,0,06-MAY-2024,
OPTSTK,KOTAKBANK,27-Jun-2024,1740.0,PE,0.0,0.0,0.0,178.15,132.5,0,0.0,29200,0,06-MAY-2024,
OPTSTK,KOTAKBANK,27-Jun-2024,1750.0,PE,135.0,135.4,133.5,133.5,139.7,13,97.98,5200,5200,06-MAY-2024,
OPTSTK,KOTAKBANK,27-Jun-2024,1760.0,PE,0.0,0.0,0.0,56.0,147.2,0,0.0,0,0,06-MAY-2024,
OPTSTK,KOTAKBANK,27-Jun-2024,1770.0,PE,0.0,0.0,0.0,131.75,154.75,0,0.0,0,0,06-MAY-2024,
OPTSTK,KOTAKBANK,27-Jun-2024,1780.0,PE,0.0,0.0,0.0,64.5,162.4,0,0.0,0,0,06-MAY-2024,
OPTSTK,KOTAKBANK,27-Jun-2024,1790.0,PE,0.0,0.0,0.0,146.95,170.25,0,0.0,0,0,06-MAY-2024,
OPTSTK,KOTAKBANK,27-Jun-2024,1800.0,PE,192.9,192.9,171.0,176.0,178.25,40,316.08,22000,-4000,06-MAY-2024,
OPTSTK,KOTAKBANK,27-Jun-2024,1810.0,PE,0.0,0.0,0.0,162.8,186.35,0,0.0,0,0,06-MAY-2024,
OPTSTK,KOTAKBANK,27-Jun-2024,1820.0,PE,0.0,0.0,0.0,83.7,194.6,0,0.0,0,0,06-MAY-2024,
OPTSTK,KOTAKBANK,27-Jun-2024,1830.0,PE,0.0,0.0,0.0,179.3,203.0,0,0.0,0,0,06-MAY-2024,
OPTSTK,KOTAKBANK,27-Jun-2024,1840.0,PE,0.0,0.0,0.0,94.4,211.45,0,0.0,0,0,06-MAY-2024,
OPTSTK,KOTAKBANK,27-Jun-2024,1850.0,PE,0.0,0.0,0.0,196.3,220.05,0,0.0,0,0,06-MAY-2024,
OPTSTK,KOTAKBANK,27-Jun-2024,1860.0,PE,0.0,0.0,0.0,105.85,228.75,0,0.0,0,0,06-MAY-2024,
OPTSTK,KOTAKBANK,27-Jun-2024,1880.0,PE,0.0,0.0,0.0,118.0,246.4,0,0.0,0,0,06-MAY-2024,
OPTSTK,KOTAKBANK,25-Jul-2024,1320.0,CE,0.0,0.0,0.0,347.7,329.45,0,0.0,0,0,06-MAY-2024,
OPTSTK,KOTAKBANK,25-Jul-2024,1360.0,CE,0.0,0.0,0.0,309.75,292.95,0,0.0,0,0,06-MAY-2024,
OPTSTK,KOTAKBANK,25-Jul-2024,1400.0,CE,0.0,0.0,0.0,272.75,257.85,0,0.0,0,0,06-MAY-2024,
OPTSTK,KOTAKBANK,25-Jul-2024,1420.0,CE,0.0,0.0,0.0,254.75,240.9,0,0.0,0,0,06-MAY-2024,
OPTSTK,KOTAKBANK,25-Jul-2024,1440.0,CE,0.0,0.0,0.0,237.1,224.45,0,0.0,0,0,06-MAY-2024,
OPTSTK,KOTAKBANK,25-Jul-2024,1460.0,CE,0.0,0.0,0.0,219.9,208.5,0,0.0,0,0,06-MAY-2024,
OPTSTK,KOTAKBANK,25-Jul-2024,1480.0,CE,0.0,0.0,0.0,203.15,193.1,0,0.0,0,0,06-MAY-2024,
OPTSTK,KOTAKBANK,25-Jul-2024,1500.0,CE,0.0,0.0,0.0,187.0,178.35,0,0.0,0,0,06-MAY-2024,
OPTSTK,KOTAKBANK,25-Jul-2024,1520.0,CE,0.0,0.0,0.0,171.45,164.15,0,0.0,0,0,06-MAY-2024,
OPTSTK,KOTAKBANK,25-Jul-2024,1540.0,CE,0.0,0.0,0.0,156.65,150.6,0,0.0,0,0,06-MAY-2024,
OPTSTK,KOTAKBANK,25-Jul-2024,1560.0,CE,0.0,0.0,0.0,142.35,137.75,0,0.0,0,0,06-MAY-2024,
OPTSTK,KOTAKBANK,25-Jul-2024,1580.0,CE,0.0,0.0,0.0,128.9,125.6,0,0.0,0,0,06-MAY-2024,
OPTSTK,KOTAKBANK,25-Jul-2024,1600.0,CE,0.0,0.0,0.0,77.55,114.2,0,0.0,2400,0,06-MAY-2024,
OPTSTK,KOTAKBANK,25-Jul-2024,1620.0,CE,0.0,0.0,0.0,104.35,103.45,0,0.0,0,0,06-MAY-2024,
OPTSTK,KOTAKBANK,25-Jul-2024,1640.0,CE,0.0,0.0,0.0,93.3,93.45,0,0.0,0,0,06-MAY-2024,
OPTSTK,KOTAKBANK,25-Jul-2024,1660.0,CE,0.0,0.0,0.0,53.95,84.1,0,0.0,3200,0,06-MAY-2024,
OPTSTK,KOTAKBANK,25-Jul-2024,1680.0,CE,0.0,0.0,0.0,73.55,75.5,0,0.0,0,0,06-MAY-2024,
OPTSTK,KOTAKBANK,25-Jul-2024,1700.0,CE,56.25,73.55,56.25,71.05,71.05,64,451.8,18000,6800,06-MAY-2024,
OPTSTK,KOTAKBANK,25-Jul-2024,1720.0,CE,0.0,0.0,0.0,56.95,60.2,0,0.0,0,0,06-MAY-2024,
OPTSTK,KOTAKBANK,25-Jul-2024,1740.0,CE,50.0,50.0,50.0,50.0,53.5,1,7.16,800,400,06-MAY-2024,
OPTSTK,KOTAKBANK,25-Jul-2024,1760.0,CE,0.0,0.0,0.0,43.35,47.4,0,0.0,0,0,06-MAY-2024,
OPTSTK,KOTAKBANK,25-Jul-2024,1780.0,CE,0.0,0.0,0.0,37.55,41.9,0,0.0,0,0,06-MAY-2024,
OPTSTK,KOTAKBANK,25-Jul-2024,1800.0,CE,29.15,43.0,29.05,40.3,37.0,41,301.38,16000,1600,06-MAY-2024,
OPTSTK,KOTAKBANK,25-Jul-2024,1820.0,CE,0.0,0.0,0.0,27.95,32.5,0,0.0,0,0,06-MAY-2024,
OPTSTK,KOTAKBANK,25-Jul-2024,1840.0,CE,0.0,0.0,0.0,23.85,28.4,0,0.0,0,0,06-MAY-2024,
OPTSTK,KOTAKBANK,25-Jul-2024,1880.0,CE,0.0,0.0,0.0,17.25,21.6,0,0.0,0,0,06-MAY-2024,
OPTSTK,KOTAKBANK,25-Jul-2024,1320.0,PE,0.0,0.0,0.0,1.4,4.3,0,0.0,0,0,06-MAY-2024,
OPTSTK,KOTAKBANK,25-Jul-2024,1360.0,PE,0.0,0.0,0.0,2.75,7.15,0,0.0,0,0,06-MAY-2024,
OPTSTK,KOTAKBANK,25-Jul-2024,1400.0,PE,12.0,18.0,12.0,18.0,11.4,8,45.2,6000,2800,06-MAY-2024,
OPTSTK,KOTAKBANK,25-Jul-2024,1420.0,PE,0.0,0.0,0.0,6.65,14.15,0,0.0,0,0,06-MAY-2024,
OPTSTK,KOTAKBANK,25-Jul-2024,1440.0,PE,0.0,0.0,0.0,8.65,17.4,0,0.0,0,0,06-MAY-2024,
OPTSTK,KOTAKBANK,25-Jul-2024,1460.0,PE,0.0,0.0,0.0,11.05,21.1,0,0.0,0,0,06-MAY-2024,
OPTSTK,KOTAKBANK,25-Jul-2024,1480.0,PE,0.0,0.0,0.0,14.0,25.4,0,0.0,0,0,06-MAY-2024,
OPTSTK,KOTAKBANK,25-Jul-2024,1500.0,PE,33.2,36.05,29.6,33.15,33.15,42,257.34,21200,-4000,06-MAY-2024,
OPTSTK,KOTAKBANK,25-Jul-2024,1520.0,PE,0.0,0.0,0.0,21.55,35.85,0,0.0,0,0,06-MAY-2024,
OPTSTK,KOTAKBANK,25-Jul-2024,1540.0,PE,0.0,0.0,0.0,30.0,41.95,0,0.0,800,0,06-MAY-2024,
OPTSTK,KOTAKBANK,25-Jul-2024,1560.0,PE,0.0,0.0,0.0,31.75,48.8,0,0.0,0,0,06-MAY-2024,
OPTSTK,KOTAKBANK,25-Jul-2024,1580.0,PE,48.0,48.0,48.0,48.0,56.35,10,65.12,5600,4000,06-MAY-2024,
OPTSTK,KOTAKBANK,25-Jul-2024,1600.0,PE,67.75,67.75,57.0,64.05,64.6,46,305.63,64800,800,06-MAY-2024,
OPTSTK,KOTAKBANK,25-Jul-2024,1620.0,PE,0.0,0.0,0.0,52.65,73.55,0,0.0,0,0,06-MAY-2024,
OPTSTK,KOTAKBANK,25-Jul-2024,1640.0,PE,0.0,0.0,0.0,61.2,83.2,0,0.0,400,0,06-MAY-2024,
OPTSTK,KOTAKBANK,25-Jul-2024,1660.0,PE,0.0,0.0,0.0,95.0,93.55,0,0.0,800,0,06-MAY-2024,
OPTSTK,KOTAKBANK,25-Jul-2024,1680.0,PE,0.0,0.0,0.0,80.75,104.6,0,0.0,0,0,06-MAY-2024,
OPTSTK,KOTAKBANK,25-Jul-2024,1700.0,PE,0.0,0.0,0.0,91.7,116.35,0,0.0,0,0,06-MAY-2024,
OPTSTK,KOTAKBANK,25-Jul-2024,1720.0,PE,0.0,0.0,0.0,103.45,128.7,0,0.0,0,0,06-MAY-2024,
OPTSTK,KOTAKBANK,25-Jul-2024,1740.0,PE,0.0,0.0,0.0,115.9,141.7,0,0.0,0,0,06-MAY-2024,
OPTSTK,KOTAKBANK,25-Jul-2024,1760.0,PE,0.0,0.0,0.0,129.1,155.3,0,0.0,0,0,06-MAY-2024,
OPTSTK,KOTAKBANK,25-Jul-2024,1780.0,PE,0.0,0.0,0.0,142.95,169.45,0,0.0,0,0,06-MAY-2024,
OPTSTK,KOTAKBANK,25-Jul-2024,1800.0,PE,0.0,0.0,0.0,157.5,184.2,0,0.0,0,0,06-MAY-2024,
OPTSTK,KOTAKBANK,25-Jul-2024,1820.0,PE,0.0,0.0,0.0,172.6,199.45,0,0.0,0,0,06-MAY-2024,
OPTSTK,KOTAKBANK,25-Jul-2024,1840.0,PE,0.0,0.0,0.0,188.15,215.0,0,0.0,0,0,06-MAY-2024,
OPTSTK,KOTAKBANK,25-Jul-2024,1880.0,PE,0.0,0.0,0.0,220.85,247.6,0,0.0,0,0,06-MAY-2024,
OPTSTK,LALPATHLAB,30-May-2024,2000.0,CE,0.0,0.0,0.0,340.0,352.5,0,0.0,300,0,06-MAY-2024,
OPTSTK,LALPATHLAB,30-May-2024,2040.0,CE,0.0,0.0,0.0,391.1,315.1,0,0.0,0,0,06-MAY-2024,
OPTSTK,LALPATHLAB,30-May-2024,2080.0,CE,0.0,0.0,0.0,361.0,278.8,0,0.0,0,0,06-MAY-2024,
OPTSTK,LALPATHLAB,30-May-2024,2100.0,CE,0.0,0.0,0.0,261.0,261.2,0,0.0,1200,0,06-MAY-2024,
OPTSTK,LALPATHLAB,30-May-2024,2120.0,CE,0.0,0.0,0.0,332.3,244.05,0,0.0,0,0,06-MAY-2024,
OPTSTK,LALPATHLAB,30-May-2024,2140.0,CE,0.0,0.0,0.0,220.5,227.3,0,0.0,0,0,06-MAY-2024,
OPTSTK,LALPATHLAB,30-May-2024,2160.0,CE,0.0,0.0,0.0,304.75,211.1,0,0.0,0,0,06-MAY-2024,
OPTSTK,LALPATHLAB,30-May-2024,2180.0,CE,0.0,0.0,0.0,195.9,195.4,0,0.0,0,0,06-MAY-2024,
OPTSTK,LALPATHLAB,30-May-2024,2200.0,CE,184.0,191.45,184.0,191.45,180.4,7,50.08,6600,300,06-MAY-2024,
OPTSTK,LALPATHLAB,30-May-2024,2220.0,CE,0.0,0.0,0.0,173.2,165.75,0,0.0,0,0,06-MAY-2024,
OPTSTK,LALPATHLAB,30-May-2024,2240.0,CE,0.0,0.0,0.0,254.15,151.95,0,0.0,0,0,06-MAY-2024,
OPTSTK,LALPATHLAB,30-May-2024,2260.0,CE,0.0,0.0,0.0,120.4,138.8,0,0.0,0,0,06-MAY-2024,
OPTSTK,LALPATHLAB,30-May-2024,2280.0,CE,0.0,0.0,0.0,133.75,126.3,0,0.0,300,0,06-MAY-2024,
OPTSTK,LALPATHLAB,30-May-2024,2300.0,CE,108.1,123.4,96.7,121.1,121.1,26,188.19,8400,600,06-MAY-2024,
OPTSTK,LALPATHLAB,30-May-2024,2320.0,CE,105.05,108.0,93.35,108.0,103.55,5,36.34,3600,0,06-MAY-2024,
OPTSTK,LALPATHLAB,30-May-2024,2340.0,CE,99.8,103.0,94.6,98.1,98.1,18,131.69,6300,1200,06-MAY-2024,
OPTSTK,LALPATHLAB,30-May-2024,2360.0,CE,79.4,92.5,69.65,89.0,89.0,56,410.55,15600,3600,06-MAY-2024,
OPTSTK,LALPATHLAB,30-May-2024,2380.0,CE,0.0,0.0,0.0,67.7,74.7,0,0.0,4800,0,06-MAY-2024,
OPTSTK,LALPATHLAB,30-May-2024,2400.0,CE,62.5,74.1,52.95,70.55,70.55,328,2426.55,89100,12600,06-MAY-2024,
OPTSTK,LALPATHLAB,30-May-2024,2420.0,CE,61.8,64.7,57.75,63.8,63.8,12,89.35,10200,1800,06-MAY-2024,
OPTSTK,LALPATHLAB,30-May-2024,2440.0,CE,52.1,58.0,52.1,58.0,52.15,4,29.95,7500,300,06-MAY-2024,
OPTSTK,LALPATHLAB,30-May-2024,2460.0,CE,43.0,48.45,43.0,48.45,45.9,8,60.15,3900,-300,06-MAY-2024,
OPTSTK,LALPATHLAB,30-May-2024,2480.0,CE,0.0,0.0,0.0,53.85,40.3,0,0.0,2700,0,06-MAY-2024,
OPTSTK,LALPATHLAB,30-May-2024,2500.0,CE,32.7,41.85,28.85,39.5,39.5,229,1743.0,63300,13200,06-MAY-2024,
OPTSTK,LALPATHLAB,30-May-2024,2520.0,CE,0.0,0.0,0.0,38.05,30.7,0,0.0,300,0,06-MAY-2024,
OPTSTK,LALPATHLAB,30-May-2024,2540.0,CE,28.7,33.4,27.5,29.5,26.6,153,1179.69,8700,5700,06-MAY-2024,
OPTSTK,LALPATHLAB,30-May-2024,2560.0,CE,0.0,0.0,0.0,21.95,23.0,0,0.0,900,0,06-MAY-2024,
OPTSTK,LALPATHLAB,30-May-2024,2580.0,CE,19.0,24.2,19.0,24.2,19.8,15,117.08,3900,900,06-MAY-2024,
OPTSTK,LALPATHLAB,30-May-2024,2600.0,CE,16.0,21.75,16.0,21.25,21.25,128,1005.93,30600,-7800,06-MAY-2024,
OPTSTK,LALPATHLAB,30-May-2024,2640.0,CE,15.0,16.65,15.0,16.5,16.5,5,39.84,3000,600,06-MAY-2024,
OPTSTK,LALPATHLAB,30-May-2024,2680.0,CE,9.2,13.0,8.45,12.5,12.5,130,1049.47,45000,-300,06-MAY-2024,
OPTSTK,LALPATHLAB,30-May-2024,2720.0,CE,7.0,9.9,7.0,9.25,9.25,98,802.21,8100,-1500,06-MAY-2024,
OPTSTK,LALPATHLAB,30-May-2024,1800.0,PE,0.0,0.0,0.0,2.9,0.15,0,0.0,600,0,06-MAY-2024,
OPTSTK,LALPATHLAB,30-May-2024,2000.0,PE,5.4,6.5,5.4,6.35,3.65,13,78.23,14400,-300,06-MAY-2024,
OPTSTK,LALPATHLAB,30-May-2024,2040.0,PE,0.0,0.0,0.0,42.35,6.05,0,0.0,0,0,06-MAY-2024,
OPTSTK,LALPATHLAB,30-May-2024,2060.0,PE,0.0,0.0,0.0,12.05,7.7,0,0.0,1500,0,06-MAY-2024,
OPTSTK,LALPATHLAB,30-May-2024,2080.0,PE,0.0,0.0,0.0,51.55,9.6,0,0.0,0,0,06-MAY-2024,
OPTSTK,LALPATHLAB,30-May-2024,2100.0,PE,12.5,16.25,11.45,13.35,11.95,13,82.45,20400,300,06-MAY-2024,
OPTSTK,LALPATHLAB,30-May-2024,2120.0,PE,0.0,0.0,0.0,12.45,14.65,0,0.0,3000,0,06-MAY-2024,
OPTSTK,LALPATHLAB,30-May-2024,2140.0,PE,18.95,18.95,18.95,18.95,17.85,3,19.43,6900,-900,06-MAY-2024,
OPTSTK,LALPATHLAB,30-May-2024,2160.0,PE,0.0,0.0,0.0,18.95,21.5,0,0.0,600,0,06-MAY-2024,
OPTSTK,LALPATHLAB,30-May-2024,2180.0,PE,0.0,0.0,0.0,21.5,25.75,0,0.0,900,0,06-MAY-2024,
OPTSTK,LALPATHLAB,30-May-2024,2200.0,PE,30.0,37.55,30.0,32.7,32.7,98,656.78,36000,3900,06-MAY-2024,
OPTSTK,LALPATHLAB,30-May-2024,2220.0,PE,0.0,0.0,0.0,23.0,35.95,0,0.0,600,0,06-MAY-2024,
OPTSTK,LALPATHLAB,30-May-2024,2240.0,PE,0.0,0.0,0.0,47.3,42.0,0,0.0,4500,0,06-MAY-2024,
OPTSTK,LALPATHLAB,30-May-2024,2260.0,PE,0.0,0.0,0.0,60.0,48.75,0,0.0,7200,0,06-MAY-2024,
OPTSTK,LALPATHLAB,30-May-2024,2280.0,PE,60.45,60.45,53.25,57.0,56.2,7,49.07,10200,-1200,06-MAY-2024,
OPTSTK,LALPATHLAB,30-May-2024,2300.0,PE,69.95,78.05,59.5,67.75,64.35,148,1049.37,38700,6600,06-MAY-2024,
OPTSTK,LALPATHLAB,30-May-2024,2320.0,PE,77.0,77.0,69.35,71.65,73.25,9,64.59,4200,-1500,06-MAY-2024,
OPTSTK,LALPATHLAB,30-May-2024,2340.0,PE,0.0,0.0,0.0,82.05,82.8,0,0.0,1800,0,06-MAY-2024,
OPTSTK,LALPATHLAB,30-May-2024,2360.0,PE,89.65,89.65,89.65,89.65,93.15,1,7.34,600,300,06-MAY-2024,
OPTSTK,LALPATHLAB,30-May-2024,2380.0,PE,106.4,106.4,106.4,106.4,104.15,2,14.91,3600,-300,06-MAY-2024,
OPTSTK,LALPATHLAB,30-May-2024,2400.0,PE,125.25,125.25,107.0,115.2,115.2,28,211.19,20400,1200,06-MAY-2024,
OPTSTK,LALPATHLAB,30-May-2024,2420.0,PE,0.0,0.0,0.0,139.0,128.25,0,0.0,5400,0,06-MAY-2024,
OPTSTK,LALPATHLAB,30-May-2024,2440.0,PE,0.0,0.0,0.0,136.5,141.3,0,0.0,1200,0,06-MAY-2024,
OPTSTK,LALPATHLAB,30-May-2024,2460.0,PE,0.0,0.0,0.0,241.35,154.95,0,0.0,0,0,06-MAY-2024,
OPTSTK,LALPATHLAB,30-May-2024,2480.0,PE,0.0,0.0,0.0,220.5,169.25,0,0.0,0,0,06-MAY-2024,
OPTSTK,LALPATHLAB,30-May-2024,2500.0,PE,202.95,202.95,178.5,178.5,184.2,2,16.14,2700,-300,06-MAY-2024,
OPTSTK,LALPATHLAB,30-May-2024,2520.0,PE,0.0,0.0,0.0,245.1,199.45,0,0.0,0,0,06-MAY-2024,
OPTSTK,LALPATHLAB,30-May-2024,2540.0,PE,0.0,0.0,0.0,300.05,215.3,0,0.0,0,0,06-MAY-2024,
OPTSTK,LALPATHLAB,30-May-2024,2560.0,PE,0.0,0.0,0.0,271.0,231.6,0,0.0,0,0,06-MAY-2024,
OPTSTK,LALPATHLAB,30-May-2024,2580.0,PE,0.0,0.0,0.0,331.2,248.3,0,0.0,0,0,06-MAY-2024,
OPTSTK,LALPATHLAB,30-May-2024,2600.0,PE,0.0,0.0,0.0,229.0,265.4,0,0.0,900,0,06-MAY-2024,
OPTSTK,LALPATHLAB,30-May-2024,2640.0,PE,0.0,0.0,0.0,326.3,300.6,0,0.0,0,0,06-MAY-2024,
OPTSTK,LALPATHLAB,30-May-2024,2680.0,PE,0.0,0.0,0.0,355.75,336.95,0,0.0,0,0,06-MAY-2024,
OPTSTK,LALPATHLAB,30-May-2024,2720.0,PE,0.0,0.0,0.0,386.05,374.15,0,0.0,0,0,06-MAY-2024,
OPTSTK,LALPATHLAB,27-Jun-2024,2000.0,CE,0.0,0.0,0.0,348.15,376.95,0,0.0,0,0,06-MAY-2024,
OPTSTK,LALPATHLAB,27-Jun-2024,2040.0,CE,0.0,0.0,0.0,319.45,343.05,0,0.0,0,0,06-MAY-2024,
OPTSTK,LALPATHLAB,27-Jun-2024,2080.0,CE,0.0,0.0,0.0,291.95,310.55,0,0.0,0,0,06-MAY-2024,
OPTSTK,LALPATHLAB,27-Jun-2024,2120.0,CE,0.0,0.0,0.0,266.05,279.55,0,0.0,0,0,06-MAY-2024,
OPTSTK,LALPATHLAB,27-Jun-2024,2140.0,CE,0.0,0.0,0.0,272.0,264.75,0,0.0,0,0,06-MAY-2024,
OPTSTK,LALPATHLAB,27-Jun-2024,2160.0,CE,0.0,0.0,0.0,241.65,250.3,0,0.0,0,0,06-MAY-2024,
OPTSTK,LALPATHLAB,27-Jun-2024,2180.0,CE,0.0,0.0,0.0,244.65,236.15,0,0.0,0,0,06-MAY-2024,
OPTSTK,LALPATHLAB,27-Jun-2024,2200.0,CE,0.0,0.0,0.0,218.8,222.6,0,0.0,0,0,06-MAY-2024,
OPTSTK,LALPATHLAB,27-Jun-2024,2220.0,CE,0.0,0.0,0.0,219.05,209.55,0,0.0,0,0,06-MAY-2024,
OPTSTK,LALPATHLAB,27-Jun-2024,2240.0,CE,0.0,0.0,0.0,197.45,196.9,0,0.0,0,0,06-MAY-2024,
OPTSTK,LALPATHLAB,27-Jun-2024,2260.0,CE,0.0,0.0,0.0,195.25,184.8,0,0.0,0,0,06-MAY-2024,
OPTSTK,LALPATHLAB,27-Jun-2024,2280.0,CE,0.0,0.0,0.0,177.6,173.15,0,0.0,0,0,06-MAY-2024,
OPTSTK,LALPATHLAB,27-Jun-2024,2300.0,CE,0.0,0.0,0.0,173.15,162.0,0,0.0,0,0,06-MAY-2024,
OPTSTK,LALPATHLAB,27-Jun-2024,2320.0,CE,0.0,0.0,0.0,159.25,151.35,0,0.0,0,0,06-MAY-2024,
OPTSTK,LALPATHLAB,27-Jun-2024,2340.0,CE,0.0,0.0,0.0,152.85,141.2,0,0.0,0,0,06-MAY-2024,
OPTSTK,LALPATHLAB,27-Jun-2024,2360.0,CE,0.0,0.0,0.0,142.35,131.5,0,0.0,0,0,06-MAY-2024,
OPTSTK,LALPATHLAB,27-Jun-2024,2380.0,CE,0.0,0.0,0.0,134.3,122.3,0,0.0,0,0,06-MAY-2024,
OPTSTK,LALPATHLAB,27-Jun-2024,2400.0,CE,0.0,0.0,0.0,126.85,113.55,0,0.0,0,0,06-MAY-2024,
OPTSTK,LALPATHLAB,27-Jun-2024,2420.0,CE,0.0,0.0,0.0,117.45,105.3,0,0.0,0,0,06-MAY-2024,
OPTSTK,LALPATHLAB,27-Jun-2024,2440.0,CE,0.0,0.0,0.0,112.7,97.5,0,0.0,0,0,06-MAY-2024,
OPTSTK,LALPATHLAB,27-Jun-2024,2460.0,CE,0.0,0.0,0.0,102.25,90.1,0,0.0,0,0,06-MAY-2024,
OPTSTK,LALPATHLAB,27-Jun-2024,2480.0,CE,0.0,0.0,0.0,99.85,83.2,0,0.0,0,0,06-MAY-2024,
OPTSTK,LALPATHLAB,27-Jun-2024,2500.0,CE,0.0,0.0,0.0,88.6,76.7,0,0.0,0,0,06-MAY-2024,
OPTSTK,LALPATHLAB,27-Jun-2024,2520.0,CE,0.0,0.0,0.0,88.2,70.6,0,0.0,0,0,06-MAY-2024,
OPTSTK,LALPATHLAB,27-Jun-2024,2540.0,CE,0.0,0.0,0.0,76.45,64.85,0,0.0,0,0,06-MAY-2024,
OPTSTK,LALPATHLAB,27-Jun-2024,2560.0,CE,0.0,0.0,0.0,77.8,59.55,0,0.0,0,0,06-MAY-2024,
OPTSTK,LALPATHLAB,27-Jun-2024,2580.0,CE,0.0,0.0,0.0,65.65,54.7,0,0.0,0,0,06-MAY-2024,
OPTSTK,LALPATHLAB,27-Jun-2024,2600.0,CE,0.0,0.0,0.0,68.4,50.05,0,0.0,0,0,06-MAY-2024,
OPTSTK,LALPATHLAB,27-Jun-2024,2640.0,CE,0.0,0.0,0.0,59.95,41.7,0,0.0,0,0,06-MAY-2024,
OPTSTK,LALPATHLAB,27-Jun-2024,2680.0,CE,0.0,0.0,0.0,52.35,34.6,0,0.0,0,0,06-MAY-2024,
OPTSTK,LALPATHLAB,27-Jun-2024,2720.0,CE,0.0,0.0,0.0,45.65,28.6,0,0.0,0,0,06-MAY-2024,
OPTSTK,LALPATHLAB,27-Jun-2024,2000.0,PE,0.0,0.0,0.0,49.55,16.75,0,0.0,0,0,06-MAY-2024,
OPTSTK,LALPATHLAB,27-Jun-2024,2040.0,PE,0.0,0.0,0.0,60.1,22.45,0,0.0,0,0,06-MAY-2024,
OPTSTK,LALPATHLAB,27-Jun-2024,2080.0,PE,0.0,0.0,0.0,71.9,29.5,0,0.0,0,0,06-MAY-2024,
OPTSTK,LALPATHLAB,27-Jun-2024,2120.0,PE,0.0,0.0,0.0,85.3,38.1,0,0.0,0,0,06-MAY-2024,
OPTSTK,LALPATHLAB,27-Jun-2024,2140.0,PE,0.0,0.0,0.0,54.55,43.1,0,0.0,0,0,06-MAY-2024,
OPTSTK,LALPATHLAB,27-Jun-2024,2160.0,PE,0.0,0.0,0.0,100.2,48.45,0,0.0,0,0,06-MAY-2024,
OPTSTK,LALPATHLAB,27-Jun-2024,2180.0,PE,0.0,0.0,0.0,66.65,54.1,0,0.0,0,0,06-MAY-2024,
OPTSTK,LALPATHLAB,27-Jun-2024,2200.0,PE,0.0,0.0,0.0,55.0,60.35,0,0.0,2100,0,06-MAY-2024,
OPTSTK,LALPATHLAB,27-Jun-2024,2220.0,PE,0.0,0.0,0.0,80.55,67.05,0,0.0,0,0,06-MAY-2024,
OPTSTK,LALPATHLAB,27-Jun-2024,2240.0,PE,0.0,0.0,0.0,134.55,74.25,0,0.0,0,0,06-MAY-2024,
OPTSTK,LALPATHLAB,27-Jun-2024,2260.0,PE,0.0,0.0,0.0,96.25,81.9,0,0.0,0,0,06-MAY-2024,
OPTSTK,LALPATHLAB,27-Jun-2024,2280.0,PE,0.0,0.0,0.0,154.0,90.05,0,0.0,0,0,06-MAY-2024,
OPTSTK,LALPATHLAB,27-Jun-2024,2300.0,PE,0.0,0.0,0.0,113.7,98.7,0,0.0,0,0,06-MAY-2024,
OPTSTK,LALPATHLAB,27-Jun-2024,2320.0,PE,0.0,0.0,0.0,174.95,107.85,0,0.0,0,0,06-MAY-2024,
OPTSTK,LALPATHLAB,27-Jun-2024,2340.0,PE,0.0,0.0,0.0,132.85,117.45,0,0.0,0,0,06-MAY-2024,
OPTSTK,LALPATHLAB,27-Jun-2024,2360.0,PE,0.0,0.0,0.0,197.35,127.55,0,0.0,0,0,06-MAY-2024,
OPTSTK,LALPATHLAB,27-Jun-2024,2380.0,PE,0.0,0.0,0.0,153.85,138.15,0,0.0,0,0,06-MAY-2024,
OPTSTK,LALPATHLAB,27-Jun-2024,2400.0,PE,0.0,0.0,0.0,221.1,149.2,0,0.0,0,0,06-MAY-2024,
OPTSTK,LALPATHLAB,27-Jun-2024,2420.0,PE,0.0,0.0,0.0,176.5,160.75,0,0.0,0,0,06-MAY-2024,
OPTSTK,LALPATHLAB,27-Jun-2024,2440.0,PE,0.0,0.0,0.0,246.25,172.75,0,0.0,0,0,06-MAY-2024,
OPTSTK,LALPATHLAB,27-Jun-2024,2460.0,PE,0.0,0.0,0.0,200.75,185.15,0,0.0,0,0,06-MAY-2024,
OPTSTK,LALPATHLAB,27-Jun-2024,2480.0,PE,0.0,0.0,0.0,272.7,198.05,0,0.0,0,0,06-MAY-2024,
OPTSTK,LALPATHLAB,27-Jun-2024,2500.0,PE,0.0,0.0,0.0,226.65,211.3,0,0.0,0,0,06-MAY-2024,
OPTSTK,LALPATHLAB,27-Jun-2024,2520.0,PE,0.0,0.0,0.0,300.3,225.0,0,0.0,0,0,06-MAY-2024,
OPTSTK,LALPATHLAB,27-Jun-2024,2540.0,PE,0.0,0.0,0.0,253.95,239.1,0,0.0,0,0,06-MAY-2024,
OPTSTK,LALPATHLAB,27-Jun-2024,2560.0,PE,0.0,0.0,0.0,329.2,253.55,0,0.0,0,0,06-MAY-2024,
OPTSTK,LALPATHLAB,27-Jun-2024,2580.0,PE,0.0,0.0,0.0,282.65,268.5,0,0.0,0,0,06-MAY-2024,
OPTSTK,LALPATHLAB,27-Jun-2024,2600.0,PE,0.0,0.0,0.0,359.05,283.7,0,0.0,0,0,06-MAY-2024,
OPTSTK,LALPATHLAB,27-Jun-2024,2640.0,PE,0.0,0.0,0.0,389.95,314.9,0,0.0,0,0,06-MAY-2024,
OPTSTK,LALPATHLAB,27-Jun-2024,2680.0,PE,0.0,0.0,0.0,421.6,347.4,0,0.0,0,0,06-MAY-2024,
OPTSTK,LALPATHLAB,27-Jun-2024,2720.0,PE,0.0,0.0,0.0,454.15,380.95,0,0.0,0,0,06-MAY-2024,
OPTSTK,LALPATHLAB,25-Jul-2024,2000.0,CE,0.0,0.0,0.0,404.9,401.95,0,0.0,0,0,06-MAY-2024,
OPTSTK,LALPATHLAB,25-Jul-2024,2080.0,CE,0.0,0.0,0.0,344.85,339.9,0,0.0,0,0,06-MAY-2024,
OPTSTK,LALPATHLAB,25-Jul-2024,2120.0,CE,0.0,0.0,0.0,316.7,310.95,0,0.0,0,0,06-MAY-2024,
OPTSTK,LALPATHLAB,25-Jul-2024,2160.0,CE,0.0,0.0,0.0,289.95,283.25,0,0.0,0,0,06-MAY-2024,
OPTSTK,LALPATHLAB,25-Jul-2024,2200.0,CE,0.0,0.0,0.0,264.7,257.25,0,0.0,0,0,06-MAY-2024,
OPTSTK,LALPATHLAB,25-Jul-2024,2240.0,CE,0.0,0.0,0.0,240.9,232.75,0,0.0,0,0,06-MAY-2024,
OPTSTK,LALPATHLAB,25-Jul-2024,2280.0,CE,0.0,0.0,0.0,218.55,209.85,0,0.0,0,0,06-MAY-2024,
OPTSTK,LALPATHLAB,25-Jul-2024,2320.0,CE,0.0,0.0,0.0,197.75,188.5,0,0.0,0,0,06-MAY-2024,
OPTSTK,LALPATHLAB,25-Jul-2024,2360.0,CE,0.0,0.0,0.0,178.35,168.7,0,0.0,0,0,06-MAY-2024,
OPTSTK,LALPATHLAB,25-Jul-2024,2400.0,CE,0.0,0.0,0.0,160.35,150.5,0,0.0,0,0,06-MAY-2024,
OPTSTK,LALPATHLAB,25-Jul-2024,2440.0,CE,0.0,0.0,0.0,143.8,133.75,0,0.0,0,0,06-MAY-2024,
OPTSTK,LALPATHLAB,25-Jul-2024,2480.0,CE,0.0,0.0,0.0,128.6,118.5,0,0.0,0,0,06-MAY-2024,
OPTSTK,LALPATHLAB,25-Jul-2024,2520.0,CE,0.0,0.0,0.0,114.65,104.6,0,0.0,0,0,06-MAY-2024,
OPTSTK,LALPATHLAB,25-Jul-2024,2560.0,CE,0.0,0.0,0.0,101.95,92.05,0,0.0,0,0,06-MAY-2024,
OPTSTK,LALPATHLAB,25-Jul-2024,2600.0,CE,0.0,0.0,0.0,90.4,80.75,0,0.0,0,0,06-MAY-2024,
OPTSTK,LALPATHLAB,25-Jul-2024,2640.0,CE,0.0,0.0,0.0,80.05,70.7,0,0.0,0,0,06-MAY-2024,
OPTSTK,LALPATHLAB,25-Jul-2024,2720.0,CE,0.0,0.0,0.0,62.25,53.55,0,0.0,0,0,06-MAY-2024,
OPTSTK,LALPATHLAB,25-Jul-2024,2000.0,PE,0.0,0.0,0.0,38.1,30.7,0,0.0,0,0,06-MAY-2024,
OPTSTK,LALPATHLAB,25-Jul-2024,2080.0,PE,0.0,0.0,0.0,56.65,47.4,0,0.0,0,0,06-MAY-2024,
OPTSTK,LALPATHLAB,25-Jul-2024,2120.0,PE,0.0,0.0,0.0,67.8,57.8,0,0.0,0,0,06-MAY-2024,
OPTSTK,LALPATHLAB,25-Jul-2024,2160.0,PE,0.0,0.0,0.0,80.25,69.5,0,0.0,0,0,06-MAY-2024,
OPTSTK,LALPATHLAB,25-Jul-2024,2200.0,PE,0.0,0.0,0.0,94.3,82.85,0,0.0,0,0,06-MAY-2024,
OPTSTK,LALPATHLAB,25-Jul-2024,2240.0,PE,0.0,0.0,0.0,109.8,97.75,0,0.0,0,0,06-MAY-2024,
OPTSTK,LALPATHLAB,25-Jul-2024,2280.0,PE,0.0,0.0,0.0,126.75,114.2,0,0.0,0,0,06-MAY-2024,
OPTSTK,LALPATHLAB,25-Jul-2024,2320.0,PE,0.0,0.0,0.0,145.2,132.2,0,0.0,0,0,06-MAY-2024,
OPTSTK,LALPATHLAB,25-Jul-2024,2360.0,PE,0.0,0.0,0.0,165.05,151.8,0,0.0,0,0,06-MAY-2024,
OPTSTK,LALPATHLAB,25-Jul-2024,2400.0,PE,0.0,0.0,0.0,186.35,172.95,0,0.0,0,0,06-MAY-2024,
OPTSTK,LALPATHLAB,25-Jul-2024,2440.0,PE,0.0,0.0,0.0,209.1,195.6,0,0.0,0,0,06-MAY-2024,
OPTSTK,LALPATHLAB,25-Jul-2024,2480.0,PE,0.0,0.0,0.0,233.15,219.7,0,0.0,0,0,06-MAY-2024,
OPTSTK,LALPATHLAB,25-Jul-2024,2520.0,PE,0.0,0.0,0.0,258.5,245.2,0,0.0,0,0,06-MAY-2024,
OPTSTK,LALPATHLAB,25-Jul-2024,2560.0,PE,0.0,0.0,0.0,285.05,272.0,0,0.0,0,0,06-MAY-2024,
OPTSTK,LALPATHLAB,25-Jul-2024,2600.0,PE,0.0,0.0,0.0,312.8,300.05,0,0.0,0,0,06-MAY-2024,
OPTSTK,LALPATHLAB,25-Jul-2024,2640.0,PE,0.0,0.0,0.0,341.75,329.4,0,0.0,0,0,06-MAY-2024,
OPTSTK,LALPATHLAB,25-Jul-2024,2720.0,PE,0.0,0.0,0.0,402.5,390.95,0,0.0,0,0,06-MAY-2024,
OPTSTK,LAURUSLABS,30-May-2024,380.0,CE,0.0,0.0,0.0,55.2,62.1,0,0.0,1700,0,06-MAY-2024,
OPTSTK,LAURUSLABS,30-May-2024,390.0,CE,0.0,0.0,0.0,42.2,53.0,0,0.0,0,0,06-MAY-2024,
OPTSTK,LAURUSLABS,30-May-2024,395.0,CE,0.0,0.0,0.0,24.55,48.65,0,0.0,0,0,06-MAY-2024,
OPTSTK,LAURUSLABS,30-May-2024,400.0,CE,53.5,53.5,47.7,47.7,44.45,2,15.32,62900,-1700,06-MAY-2024,
OPTSTK,LAURUSLABS,30-May-2024,405.0,CE,38.15,38.15,38.15,38.15,40.4,1,7.53,10200,1700,06-MAY-2024,
OPTSTK,LAURUSLABS,30-May-2024,410.0,CE,0.0,0.0,0.0,44.0,36.55,0,0.0,18700,0,06-MAY-2024,
OPTSTK,LAURUSLABS,30-May-2024,415.0,CE,0.0,0.0,0.0,43.35,32.9,0,0.0,3400,0,06-MAY-2024,
OPTSTK,LAURUSLABS,30-May-2024,420.0,CE,30.35,31.0,30.35,31.0,29.4,5,38.3,170000,0,06-MAY-2024,
OPTSTK,LAURUSLABS,30-May-2024,425.0,CE,25.8,25.8,24.1,24.1,24.1,4,30.58,73100,3400,06-MAY-2024,
OPTSTK,LAURUSLABS,30-May-2024,430.0,CE,26.0,26.0,19.75,21.55,21.55,30,230.47,204000,6800,06-MAY-2024,
OPTSTK,LAURUSLABS,30-May-2024,435.0,CE,20.0,20.85,16.95,18.15,18.15,16,123.53,83300,-5100,06-MAY-2024,
OPTSTK,LAURUSLABS,30-May-2024,440.0,CE,16.5,18.7,14.35,15.35,15.35,216,1675.93,809200,8500,06-MAY-2024,
OPTSTK,LAURUSLABS,30-May-2024,445.0,CE,17.9,17.9,12.15,13.1,13.1,54,421.56,85000,6800,06-MAY-2024,
OPTSTK,LAURUSLABS,30-May-2024,450.0,CE,15.3,15.45,10.2,11.1,11.1,583,4580.88,564400,15300,06-MAY-2024,
OPTSTK,LAURUSLABS,30-May-2024,455.0,CE,11.1,11.4,8.65,9.3,9.3,80,632.4,142800,-1700,06-MAY-2024,
OPTSTK,LAURUSLABS,30-May-2024,460.0,CE,10.75,11.1,7.2,7.85,7.85,411,3274.41,911200,-18700,06-MAY-2024,
OPTSTK,LAURUSLABS,30-May-2024,465.0,CE,9.25,9.25,6.1,6.5,6.5,35,280.86,44200,-6800,06-MAY-2024,
OPTSTK,LAURUSLABS,30-May-2024,470.0,CE,7.55,8.0,5.0,5.55,5.55,263,2128.11,545700,-37400,06-MAY-2024,
OPTSTK,LAURUSLABS,30-May-2024,475.0,CE,6.45,6.45,4.2,4.5,4.5,20,163.11,64600,0,06-MAY-2024,
OPTSTK,LAURUSLABS,30-May-2024,480.0,CE,5.3,5.3,3.5,3.9,3.9,70,576.07,360400,6800,06-MAY-2024,
OPTSTK,LAURUSLABS,30-May-2024,485.0,CE,3.5,3.75,2.9,3.15,4.05,15,124.52,66300,0,06-MAY-2024,
OPTSTK,LAURUSLABS,30-May-2024,490.0,CE,3.1,3.4,2.45,2.7,2.7,183,1533.04,251600,105400,06-MAY-2024,
OPTSTK,LAURUSLABS,30-May-2024,495.0,CE,0.0,0.0,0.0,3.0,2.7,0,0.0,30600,0,06-MAY-2024,
OPTSTK,LAURUSLABS,30-May-2024,500.0,CE,2.35,2.45,1.8,1.95,1.95,289,2466.49,856800,47600,06-MAY-2024,
OPTSTK,LAURUSLABS,30-May-2024,510.0,CE,1.2,1.55,1.2,1.3,1.45,30,260.8,187000,0,06-MAY-2024,
OPTSTK,LAURUSLABS,30-May-2024,515.0,CE,1.05,1.35,1.0,1.1,1.1,16,140.38,28900,-1700,06-MAY-2024,
OPTSTK,LAURUSLABS,30-May-2024,520.0,CE,0.95,1.1,0.7,0.85,0.85,113,1000.72,520200,-18700,06-MAY-2024,
OPTSTK,LAURUSLABS,30-May-2024,340.0,PE,1.95,3.0,0.3,0.3,0.05,58,336.75,141100,34000,06-MAY-2024,
OPTSTK,LAURUSLABS,30-May-2024,350.0,PE,0.45,0.5,0.25,0.35,0.35,18,107.22,130900,0,06-MAY-2024,
OPTSTK,LAURUSLABS,30-May-2024,360.0,PE,0.2,0.55,0.2,0.4,0.4,8,49.0,166600,0,06-MAY-2024,
OPTSTK,LAURUSLABS,30-May-2024,370.0,PE,1.0,1.0,0.45,0.7,0.7,23,144.9,202300,-1700,06-MAY-2024,
OPTSTK,LAURUSLABS,30-May-2024,380.0,PE,1.0,1.2,0.95,1.15,1.15,70,453.52,221000,11900,06-MAY-2024,
OPTSTK,LAURUSLABS,30-May-2024,385.0,PE,0.0,0.0,0.0,1.2,1.5,0,0.0,8500,0,06-MAY-2024,
OPTSTK,LAURUSLABS,30-May-2024,390.0,PE,1.25,1.7,1.25,1.7,1.7,5,33.28,232900,-1700,06-MAY-2024,
OPTSTK,LAURUSLABS,30-May-2024,395.0,PE,2.2,2.2,2.0,2.0,2.65,2,13.5,15300,-3400,06-MAY-2024,
OPTSTK,LAURUSLABS,30-May-2024,400.0,PE,1.75,2.8,1.75,2.7,2.7,200,1368.51,501500,-23800,06-MAY-2024,
OPTSTK,LAURUSLABS,30-May-2024,405.0,PE,3.35,3.35,3.35,3.35,3.35,2,13.88,52700,3400,06-MAY-2024,
OPTSTK,LAURUSLABS,30-May-2024,410.0,PE,2.75,4.0,2.75,3.85,3.85,22,154.68,144500,-8500,06-MAY-2024,
OPTSTK,LAURUSLABS,30-May-2024,415.0,PE,4.5,5.3,3.75,4.9,4.9,19,135.5,119000,-6800,06-MAY-2024,
OPTSTK,LAURUSLABS,30-May-2024,420.0,PE,4.3,6.6,4.25,6.0,6.0,217,1570.3,459000,-45900,06-MAY-2024,
OPTSTK,LAURUSLABS,30-May-2024,425.0,PE,6.3,8.0,6.2,7.1,7.1,33,242.29,96900,-5100,06-MAY-2024,
OPTSTK,LAURUSLABS,30-May-2024,430.0,PE,7.05,10.1,7.05,9.05,9.05,297,2214.46,302600,-1700,06-MAY-2024,
OPTSTK,LAURUSLABS,30-May-2024,435.0,PE,9.8,12.1,9.2,10.9,10.9,54,408.81,103700,30600,06-MAY-2024,
OPTSTK,LAURUSLABS,30-May-2024,440.0,PE,10.15,14.55,9.5,13.4,13.4,385,2960.24,341700,42500,06-MAY-2024,
OPTSTK,LAURUSLABS,30-May-2024,445.0,PE,14.3,17.55,13.8,16.0,16.0,40,313.01,86700,20400,06-MAY-2024,
OPTSTK,LAURUSLABS,30-May-2024,450.0,PE,18.1,20.3,16.25,18.8,18.8,107,850.99,221000,-13600,06-MAY-2024,
OPTSTK,LAURUSLABS,30-May-2024,455.0,PE,20.65,23.6,19.45,22.4,22.4,37,299.24,56100,3400,06-MAY-2024,
OPTSTK,LAURUSLABS,30-May-2024,460.0,PE,23.85,27.1,22.7,24.85,28.45,28,230.51,88400,0,06-MAY-2024,
OPTSTK,LAURUSLABS,30-May-2024,465.0,PE,29.2,31.0,26.55,26.55,31.9,8,67.1,18700,1700,06-MAY-2024,
OPTSTK,LAURUSLABS,30-May-2024,470.0,PE,30.7,34.9,30.4,30.4,35.6,5,42.63,22100,3400,06-MAY-2024,
OPTSTK,LAURUSLABS,30-May-2024,475.0,PE,31.0,37.5,31.0,37.5,39.45,5,43.39,15300,6800,06-MAY-2024,
OPTSTK,LAURUSLABS,30-May-2024,480.0,PE,0.0,0.0,0.0,31.25,43.45,0,0.0,3400,0,06-MAY-2024,
OPTSTK,LAURUSLABS,30-May-2024,485.0,PE,45.4,45.4,45.4,45.4,45.4,2,18.03,8500,3400,06-MAY-2024,
OPTSTK,LAURUSLABS,30-May-2024,490.0,PE,45.75,50.9,45.75,46.9,51.85,8,73.1,11900,0,06-MAY-2024,
OPTSTK,LAURUSLABS,30-May-2024,500.0,PE,58.9,58.9,55.25,55.25,60.7,8,75.75,37400,1700,06-MAY-2024,
OPTSTK,LAURUSLABS,30-May-2024,510.0,PE,61.35,67.2,61.35,67.05,69.9,5,48.95,6800,1700,06-MAY-2024,
OPTSTK,LAURUSLABS,27-Jun-2024,380.0,CE,0.0,0.0,0.0,38.35,67.35,0,0.0,0,0,06-MAY-2024,
OPTSTK,LAURUSLABS,27-Jun-2024,390.0,CE,0.0,0.0,0.0,33.0,59.25,0,0.0,0,0,06-MAY-2024,
OPTSTK,LAURUSLABS,27-Jun-2024,395.0,CE,0.0,0.0,0.0,47.7,55.35,0,0.0,0,0,06-MAY-2024,
OPTSTK,LAURUSLABS,27-Jun-2024,400.0,CE,0.0,0.0,0.0,28.2,51.65,0,0.0,0,0,06-MAY-2024,
OPTSTK,LAURUSLABS,27-Jun-2024,405.0,CE,0.0,0.0,0.0,41.25,48.05,0,0.0,0,0,06-MAY-2024,
OPTSTK,LAURUSLABS,27-Jun-2024,410.0,CE,0.0,0.0,0.0,23.95,44.55,0,0.0,0,0,06-MAY-2024,
OPTSTK,LAURUSLABS,27-Jun-2024,415.0,CE,0.0,0.0,0.0,35.4,41.25,0,0.0,0,0,06-MAY-2024,
OPTSTK,LAURUSLABS,27-Jun-2024,420.0,CE,0.0,0.0,0.0,20.2,38.1,0,0.0,0,0,06-MAY-2024,
OPTSTK,LAURUSLABS,27-Jun-2024,425.0,CE,0.0,0.0,0.0,30.15,35.1,0,0.0,0,0,06-MAY-2024,
OPTSTK,LAURUSLABS,27-Jun-2024,430.0,CE,0.0,0.0,0.0,16.95,32.25,0,0.0,0,0,06-MAY-2024,
OPTSTK,LAURUSLABS,27-Jun-2024,435.0,CE,0.0,0.0,0.0,25.45,29.55,0,0.0,0,0,06-MAY-2024,
OPTSTK,LAURUSLABS,27-Jun-2024,440.0,CE,0.0,0.0,0.0,35.2,27.05,0,0.0,3400,0,06-MAY-2024,
OPTSTK,LAURUSLABS,27-Jun-2024,445.0,CE,0.0,0.0,0.0,21.3,24.65,0,0.0,0,0,06-MAY-2024,
OPTSTK,LAURUSLABS,27-Jun-2024,450.0,CE,27.55,27.55,23.65,23.9,22.45,9,72.57,35700,5100,06-MAY-2024,
OPTSTK,LAURUSLABS,27-Jun-2024,455.0,CE,0.0,0.0,0.0,17.7,20.4,0,0.0,0,0,06-MAY-2024,
OPTSTK,LAURUSLABS,27-Jun-2024,460.0,CE,0.0,0.0,0.0,23.5,18.45,0,0.0,8500,0,06-MAY-2024,
OPTSTK,LAURUSLABS,27-Jun-2024,465.0,CE,0.0,0.0,0.0,14.6,16.7,0,0.0,0,0,06-MAY-2024,
OPTSTK,LAURUSLABS,27-Jun-2024,470.0,CE,0.0,0.0,0.0,16.5,15.05,0,0.0,11900,0,06-MAY-2024,
OPTSTK,LAURUSLABS,27-Jun-2024,475.0,CE,0.0,0.0,0.0,11.95,13.55,0,0.0,0,0,06-MAY-2024,
OPTSTK,LAURUSLABS,27-Jun-2024,480.0,CE,0.0,0.0,0.0,11.0,12.15,0,0.0,1700,0,06-MAY-2024,
OPTSTK,LAURUSLABS,27-Jun-2024,485.0,CE,0.0,0.0,0.0,9.7,10.9,0,0.0,0,0,06-MAY-2024,
OPTSTK,LAURUSLABS,27-Jun-2024,490.0,CE,0.0,0.0,0.0,5.2,9.75,0,0.0,0,0,06-MAY-2024,
OPTSTK,LAURUSLABS,27-Jun-2024,500.0,CE,0.0,0.0,0.0,4.2,7.7,0,0.0,0,0,06-MAY-2024,
OPTSTK,LAURUSLABS,27-Jun-2024,510.0,CE,0.0,0.0,0.0,3.4,6.05,0,0.0,0,0,06-MAY-2024,
OPTSTK,LAURUSLABS,27-Jun-2024,340.0,PE,0.0,0.0,0.0,4.45,0.7,0,0.0,3400,0,06-MAY-2024,
OPTSTK,LAURUSLABS,27-Jun-2024,380.0,PE,0.0,0.0,0.0,19.25,4.25,0,0.0,0,0,06-MAY-2024,
OPTSTK,LAURUSLABS,27-Jun-2024,390.0,PE,0.0,0.0,0.0,23.7,6.0,0,0.0,0,0,06-MAY-2024,
OPTSTK,LAURUSLABS,27-Jun-2024,395.0,PE,0.0,0.0,0.0,11.85,7.1,0,0.0,0,0,06-MAY-2024,
OPTSTK,LAURUSLABS,27-Jun-2024,400.0,PE,0.0,0.0,0.0,28.75,8.3,0,0.0,0,0,06-MAY-2024,
OPTSTK,LAURUSLABS,27-Jun-2024,405.0,PE,0.0,0.0,0.0,15.3,9.65,0,0.0,0,0,06-MAY-2024,
OPTSTK,LAURUSLABS,27-Jun-2024,410.0,PE,0.0,0.0,0.0,34.3,11.15,0,0.0,0,0,06-MAY-2024,
OPTSTK,LAURUSLABS,27-Jun-2024,415.0,PE,0.0,0.0,0.0,19.3,12.8,0,0.0,0,0,06-MAY-2024,
OPTSTK,LAURUSLABS,27-Jun-2024,420.0,PE,0.0,0.0,0.0,40.35,14.55,0,0.0,0,0,06-MAY-2024,
OPTSTK,LAURUSLABS,27-Jun-2024,425.0,PE,0.0,0.0,0.0,23.9,16.5,0,0.0,0,0,06-MAY-2024,
OPTSTK,LAURUSLABS,27-Jun-2024,430.0,PE,0.0,0.0,0.0,46.9,18.65,0,0.0,0,0,06-MAY-2024,
OPTSTK,LAURUSLABS,27-Jun-2024,435.0,PE,0.0,0.0,0.0,29.05,20.9,0,0.0,0,0,06-MAY-2024,
OPTSTK,LAURUSLABS,27-Jun-2024,440.0,PE,0.0,0.0,0.0,53.9,23.3,0,0.0,0,0,06-MAY-2024,
OPTSTK,LAURUSLABS,27-Jun-2024,445.0,PE,0.0,0.0,0.0,34.8,25.9,0,0.0,0,0,06-MAY-2024,
OPTSTK,LAURUSLABS,27-Jun-2024,450.0,PE,0.0,0.0,0.0,61.3,28.6,0,0.0,0,0,06-MAY-2024,
OPTSTK,LAURUSLABS,27-Jun-2024,455.0,PE,0.0,0.0,0.0,41.1,31.5,0,0.0,0,0,06-MAY-2024,
OPTSTK,LAURUSLABS,27-Jun-2024,460.0,PE,0.0,0.0,0.0,69.05,34.55,0,0.0,0,0,06-MAY-2024,
OPTSTK,LAURUSLABS,27-Jun-2024,465.0,PE,0.0,0.0,0.0,47.85,37.7,0,0.0,0,0,06-MAY-2024,
OPTSTK,LAURUSLABS,27-Jun-2024,470.0,PE,0.0,0.0,0.0,77.15,41.0,0,0.0,0,0,06-MAY-2024,
OPTSTK,LAURUSLABS,27-Jun-2024,475.0,PE,0.0,0.0,0.0,55.1,44.45,0,0.0,0,0,06-MAY-2024,
OPTSTK,LAURUSLABS,27-Jun-2024,480.0,PE,0.0,0.0,0.0,85.5,48.0,0,0.0,0,0,06-MAY-2024,
OPTSTK,LAURUSLABS,27-Jun-2024,485.0,PE,0.0,0.0,0.0,62.75,51.7,0,0.0,0,0,06-MAY-2024,
OPTSTK,LAURUSLABS,27-Jun-2024,490.0,PE,0.0,0.0,0.0,94.1,55.5,0,0.0,0,0,06-MAY-2024,
OPTSTK,LAURUSLABS,27-Jun-2024,500.0,PE,0.0,0.0,0.0,102.9,63.35,0,0.0,0,0,06-MAY-2024,
OPTSTK,LAURUSLABS,27-Jun-2024,510.0,PE,0.0,0.0,0.0,111.9,71.6,0,0.0,0,0,06-MAY-2024,
OPTSTK,LAURUSLABS,25-Jul-2024,380.0,CE,0.0,0.0,0.0,63.9,72.5,0,0.0,0,0,06-MAY-2024,
OPTSTK,LAURUSLABS,25-Jul-2024,400.0,CE,0.0,0.0,0.0,50.6,57.8,0,0.0,0,0,06-MAY-2024,
OPTSTK,LAURUSLABS,25-Jul-2024,410.0,CE,0.0,0.0,0.0,44.65,51.15,0,0.0,0,0,06-MAY-2024,
OPTSTK,LAURUSLABS,25-Jul-2024,420.0,CE,0.0,0.0,0.0,39.2,45.0,0,0.0,0,0,06-MAY-2024,
OPTSTK,LAURUSLABS,25-Jul-2024,430.0,CE,0.0,0.0,0.0,34.25,39.4,0,0.0,0,0,06-MAY-2024,
OPTSTK,LAURUSLABS,25-Jul-2024,440.0,CE,0.0,0.0,0.0,29.8,34.25,0,0.0,0,0,06-MAY-2024,
OPTSTK,LAURUSLABS,25-Jul-2024,450.0,CE,0.0,0.0,0.0,25.8,29.6,0,0.0,0,0,06-MAY-2024,
OPTSTK,LAURUSLABS,25-Jul-2024,460.0,CE,0.0,0.0,0.0,22.2,25.45,0,0.0,0,0,06-MAY-2024,
OPTSTK,LAURUSLABS,25-Jul-2024,470.0,CE,0.0,0.0,0.0,19.0,21.75,0,0.0,0,0,06-MAY-2024,
OPTSTK,LAURUSLABS,25-Jul-2024,480.0,CE,0.0,0.0,0.0,16.25,18.5,0,0.0,0,0,06-MAY-2024,
OPTSTK,LAURUSLABS,25-Jul-2024,490.0,CE,0.0,0.0,0.0,13.8,15.65,0,0.0,0,0,06-MAY-2024,
OPTSTK,LAURUSLABS,25-Jul-2024,500.0,CE,0.0,0.0,0.0,11.7,13.2,0,0.0,0,0,06-MAY-2024,
OPTSTK,LAURUSLABS,25-Jul-2024,520.0,CE,0.0,0.0,0.0,8.25,9.25,0,0.0,0,0,06-MAY-2024,
OPTSTK,LAURUSLABS,25-Jul-2024,380.0,PE,0.0,0.0,0.0,11.15,7.3,0,0.0,0,0,06-MAY-2024,
OPTSTK,LAURUSLABS,25-Jul-2024,400.0,PE,0.0,0.0,0.0,17.45,12.3,0,0.0,0,0,06-MAY-2024,
OPTSTK,LAURUSLABS,25-Jul-2024,410.0,PE,0.0,0.0,0.0,21.35,15.5,0,0.0,0,0,06-MAY-2024,
OPTSTK,LAURUSLABS,25-Jul-2024,420.0,PE,0.0,0.0,0.0,25.75,19.2,0,0.0,0,0,06-MAY-2024,
OPTSTK,LAURUSLABS,25-Jul-2024,430.0,PE,0.0,0.0,0.0,30.6,23.4,0,0.0,0,0,06-MAY-2024,
OPTSTK,LAURUSLABS,25-Jul-2024,440.0,PE,0.0,0.0,0.0,35.95,28.1,0,0.0,0,0,06-MAY-2024,
OPTSTK,LAURUSLABS,25-Jul-2024,450.0,PE,0.0,0.0,0.0,41.75,33.3,0,0.0,0,0,06-MAY-2024,
OPTSTK,LAURUSLABS,25-Jul-2024,460.0,PE,0.0,0.0,0.0,48.0,39.0,0,0.0,0,0,06-MAY-2024,
OPTSTK,LAURUSLABS,25-Jul-2024,470.0,PE,0.0,0.0,0.0,54.65,45.15,0,0.0,0,0,06-MAY-2024,
OPTSTK,LAURUSLABS,25-Jul-2024,480.0,PE,0.0,0.0,0.0,61.65,51.75,0,0.0,0,0,06-MAY-2024,
OPTSTK,LAURUSLABS,25-Jul-2024,490.0,PE,0.0,0.0,0.0,69.05,58.7,0,0.0,0,0,06-MAY-2024,
OPTSTK,LAURUSLABS,25-Jul-2024,500.0,PE,0.0,0.0,0.0,76.75,66.1,0,0.0,0,0,06-MAY-2024,
OPTSTK,LAURUSLABS,25-Jul-2024,520.0,PE,0.0,0.0,0.0,92.95,81.8,0,0.0,0,0,06-MAY-2024,
OPTSTK,LICHSGFIN,30-May-2024,560.0,CE,77.7,81.35,75.9,81.35,81.35,6,38.27,12000,5000,06-MAY-2024,
OPTSTK,LICHSGFIN,30-May-2024,580.0,CE,71.7,72.0,60.5,61.75,60.75,8,51.67,3000,0,06-MAY-2024,
OPTSTK,LICHSGFIN,30-May-2024,590.0,CE,57.15,65.15,54.05,55.95,52.55,21,136.28,10000,3000,06-MAY-2024,
OPTSTK,LICHSGFIN,30-May-2024,600.0,CE,55.45,57.0,45.75,49.0,49.0,34,221.44,77000,15000,06-MAY-2024,
OPTSTK,LICHSGFIN,30-May-2024,610.0,CE,43.3,49.05,39.05,41.8,41.8,32,209.07,19000,0,06-MAY-2024,
OPTSTK,LICHSGFIN,30-May-2024,620.0,CE,39.55,43.0,31.95,35.05,35.05,74,486.22,53000,13000,06-MAY-2024,
OPTSTK,LICHSGFIN,30-May-2024,630.0,CE,32.0,37.25,27.4,29.2,29.2,304,2009.73,105000,71000,06-MAY-2024,
OPTSTK,LICHSGFIN,30-May-2024,640.0,CE,34.85,34.85,22.15,24.6,24.6,1019,6788.4,201000,141000,06-MAY-2024,
OPTSTK,LICHSGFIN,30-May-2024,650.0,CE,31.65,31.65,18.6,20.4,20.4,1456,9791.57,738000,164000,06-MAY-2024,
OPTSTK,LICHSGFIN,30-May-2024,660.0,CE,27.15,27.15,15.3,16.75,16.75,1161,7884.8,577000,153000,06-MAY-2024,
OPTSTK,LICHSGFIN,30-May-2024,670.0,CE,21.85,23.1,12.75,13.8,13.8,1211,8304.2,1183000,231000,06-MAY-2024,
OPTSTK,LICHSGFIN,30-May-2024,680.0,CE,18.95,19.15,10.4,11.55,11.55,1584,10974.45,2740000,68000,06-MAY-2024,
OPTSTK,LICHSGFIN,30-May-2024,690.0,CE,15.6,15.8,8.5,9.45,9.45,667,4673.67,636000,61000,06-MAY-2024,
OPTSTK,LICHSGFIN,30-May-2024,700.0,CE,12.5,13.3,6.65,7.6,7.6,3011,21326.22,2959000,1000,06-MAY-2024,
OPTSTK,LICHSGFIN,30-May-2024,710.0,CE,9.85,10.3,5.45,6.25,6.25,698,5005.61,323000,20000,06-MAY-2024,
OPTSTK,LICHSGFIN,30-May-2024,720.0,CE,8.0,8.55,4.35,5.1,5.1,870,6312.59,563000,-152000,06-MAY-2024,
OPTSTK,LICHSGFIN,30-May-2024,730.0,CE,6.75,6.75,3.65,4.15,4.15,402,2952.74,261000,-21000,06-MAY-2024,
OPTSTK,LICHSGFIN,30-May-2024,740.0,CE,5.5,5.5,2.95,3.4,3.4,1191,8854.94,758000,-361000,06-MAY-2024,
OPTSTK,LICHSGFIN,30-May-2024,760.0,CE,3.55,3.55,2.0,2.3,2.3,527,4018.1,739000,-82000,06-MAY-2024,
OPTSTK,LICHSGFIN,30-May-2024,560.0,PE,2.5,4.7,2.5,3.85,3.85,358,2017.83,377000,66000,06-MAY-2024,
OPTSTK,LICHSGFIN,30-May-2024,580.0,PE,4.25,7.65,4.25,6.65,6.65,282,1653.81,385000,24000,06-MAY-2024,
OPTSTK,LICHSGFIN,30-May-2024,590.0,PE,5.6,10.3,5.6,8.6,8.6,179,1071.07,89000,2000,06-MAY-2024,
OPTSTK,LICHSGFIN,30-May-2024,600.0,PE,6.4,13.0,6.35,11.1,11.1,1024,6247.82,750000,-6000,06-MAY-2024,
OPTSTK,LICHSGFIN,30-May-2024,610.0,PE,9.4,16.5,9.4,14.1,14.1,174,1084.41,185000,13000,06-MAY-2024,
OPTSTK,LICHSGFIN,30-May-2024,620.0,PE,11.45,20.85,11.25,17.7,17.7,445,2836.6,395000,24000,06-MAY-2024,
OPTSTK,LICHSGFIN,30-May-2024,630.0,PE,14.2,25.5,14.2,22.0,22.0,883,5749.16,620000,5000,06-MAY-2024,
OPTSTK,LICHSGFIN,30-May-2024,640.0,PE,17.65,30.85,17.65,26.9,26.9,494,3285.86,730000,18000,06-MAY-2024,
OPTSTK,LICHSGFIN,30-May-2024,650.0,PE,22.35,36.5,22.35,32.45,32.45,376,2562.07,1006000,47000,06-MAY-2024,
OPTSTK,LICHSGFIN,30-May-2024,660.0,PE,27.15,42.5,26.95,39.35,39.35,245,1705.5,398000,-22000,06-MAY-2024,
OPTSTK,LICHSGFIN,30-May-2024,670.0,PE,32.65,50.0,32.65,46.75,46.75,149,1062.93,585000,-20000,06-MAY-2024,
OPTSTK,LICHSGFIN,30-May-2024,680.0,PE,39.85,57.3,39.85,53.6,53.6,61,446.12,371000,16000,06-MAY-2024,
OPTSTK,LICHSGFIN,30-May-2024,690.0,PE,45.65,63.75,45.65,61.7,61.7,32,239.1,72000,8000,06-MAY-2024,
OPTSTK,LICHSGFIN,30-May-2024,700.0,PE,58.0,73.45,58.0,68.9,68.9,29,222.32,252000,7000,06-MAY-2024,
OPTSTK,LICHSGFIN,30-May-2024,710.0,PE,67.2,81.95,67.2,76.15,75.85,27,211.46,74000,4000,06-MAY-2024,
OPTSTK,LICHSGFIN,30-May-2024,720.0,PE,83.05,88.25,76.95,88.25,84.9,20,160.48,48000,7000,06-MAY-2024,
OPTSTK,LICHSGFIN,30-May-2024,730.0,PE,0.0,0.0,0.0,85.25,94.2,0,0.0,109000,0,06-MAY-2024,
OPTSTK,LICHSGFIN,30-May-2024,740.0,PE,99.25,99.25,99.25,99.25,103.7,1,8.39,147000,0,06-MAY-2024,
OPTSTK,LICHSGFIN,30-May-2024,760.0,PE,117.45,117.45,117.45,117.45,123.0,1,8.77,30000,1000,06-MAY-2024,
OPTSTK,LICHSGFIN,27-Jun-2024,580.0,CE,0.0,0.0,0.0,64.1,70.15,0,0.0,0,0,06-MAY-2024,
OPTSTK,LICHSGFIN,27-Jun-2024,590.0,CE,0.0,0.0,0.0,87.95,62.85,0,0.0,0,0,06-MAY-2024,
OPTSTK,LICHSGFIN,27-Jun-2024,600.0,CE,0.0,0.0,0.0,83.0,55.95,0,0.0,2000,0,06-MAY-2024,
OPTSTK,LICHSGFIN,27-Jun-2024,610.0,CE,0.0,0.0,0.0,73.05,49.6,0,0.0,0,0,06-MAY-2024,
OPTSTK,LICHSGFIN,27-Jun-2024,620.0,CE,0.0,0.0,0.0,42.5,43.65,0,0.0,0,0,06-MAY-2024,
OPTSTK,LICHSGFIN,27-Jun-2024,630.0,CE,0.0,0.0,0.0,59.6,38.2,0,0.0,0,0,06-MAY-2024,
OPTSTK,LICHSGFIN,27-Jun-2024,640.0,CE,0.0,0.0,0.0,33.9,33.25,0,0.0,0,0,06-MAY-2024,
OPTSTK,LICHSGFIN,27-Jun-2024,650.0,CE,0.0,0.0,0.0,47.85,28.75,0,0.0,0,0,06-MAY-2024,
OPTSTK,LICHSGFIN,27-Jun-2024,660.0,CE,40.0,40.0,39.9,39.9,39.9,2,13.99,2000,1000,06-MAY-2024,
OPTSTK,LICHSGFIN,27-Jun-2024,670.0,CE,0.0,0.0,0.0,37.7,21.15,0,0.0,0,0,06-MAY-2024,
OPTSTK,LICHSGFIN,27-Jun-2024,680.0,CE,0.0,0.0,0.0,44.25,18.0,0,0.0,1000,0,06-MAY-2024,
OPTSTK,LICHSGFIN,27-Jun-2024,690.0,CE,0.0,0.0,0.0,29.25,15.2,0,0.0,0,0,06-MAY-2024,
OPTSTK,LICHSGFIN,27-Jun-2024,700.0,CE,24.0,30.05,22.5,23.85,23.85,31,224.69,115000,16000,06-MAY-2024,
OPTSTK,LICHSGFIN,27-Jun-2024,710.0,CE,0.0,0.0,0.0,22.3,10.7,0,0.0,0,0,06-MAY-2024,
OPTSTK,LICHSGFIN,27-Jun-2024,720.0,CE,19.95,19.95,19.95,19.95,8.9,1,7.39,1000,1000,06-MAY-2024,
OPTSTK,LICHSGFIN,27-Jun-2024,730.0,CE,0.0,0.0,0.0,16.75,7.35,0,0.0,0,0,06-MAY-2024,
OPTSTK,LICHSGFIN,27-Jun-2024,740.0,CE,14.4,15.95,14.4,14.5,14.5,4,30.19,3000,3000,06-MAY-2024,
OPTSTK,LICHSGFIN,27-Jun-2024,760.0,CE,0.0,0.0,0.0,6.85,4.05,0,0.0,0,0,06-MAY-2024,
OPTSTK,LICHSGFIN,27-Jun-2024,580.0,PE,19.0,19.0,19.0,19.0,10.1,1,5.99,1000,1000,06-MAY-2024,
OPTSTK,LICHSGFIN,27-Jun-2024,590.0,PE,0.0,0.0,0.0,9.3,12.7,0,0.0,0,0,06-MAY-2024,
OPTSTK,LICHSGFIN,27-Jun-2024,600.0,PE,20.95,26.7,20.95,25.3,25.3,14,87.49,46000,8000,06-MAY-2024,
OPTSTK,LICHSGFIN,27-Jun-2024,610.0,PE,0.0,0.0,0.0,14.15,19.25,0,0.0,0,0,06-MAY-2024,
OPTSTK,LICHSGFIN,27-Jun-2024,620.0,PE,0.0,0.0,0.0,40.45,23.2,0,0.0,0,0,06-MAY-2024,
OPTSTK,LICHSGFIN,27-Jun-2024,630.0,PE,0.0,0.0,0.0,20.45,27.7,0,0.0,0,0,06-MAY-2024,
OPTSTK,LICHSGFIN,27-Jun-2024,640.0,PE,0.0,0.0,0.0,51.5,32.6,0,0.0,0,0,06-MAY-2024,
OPTSTK,LICHSGFIN,27-Jun-2024,650.0,PE,0.0,0.0,0.0,28.45,38.0,0,0.0,0,0,06-MAY-2024,
OPTSTK,LICHSGFIN,27-Jun-2024,660.0,PE,0.0,0.0,0.0,63.95,43.9,0,0.0,0,0,06-MAY-2024,
OPTSTK,LICHSGFIN,27-Jun-2024,670.0,PE,0.0,0.0,0.0,38.05,50.2,0,0.0,0,0,06-MAY-2024,
OPTSTK,LICHSGFIN,27-Jun-2024,680.0,PE,0.0,0.0,0.0,77.7,56.9,0,0.0,0,0,06-MAY-2024,
OPTSTK,LICHSGFIN,27-Jun-2024,690.0,PE,0.0,0.0,0.0,49.35,64.05,0,0.0,0,0,06-MAY-2024,
OPTSTK,LICHSGFIN,27-Jun-2024,700.0,PE,0.0,0.0,0.0,92.55,71.55,0,0.0,0,0,06-MAY-2024,
OPTSTK,LICHSGFIN,27-Jun-2024,710.0,PE,0.0,0.0,0.0,62.15,79.3,0,0.0,0,0,06-MAY-2024,
OPTSTK,LICHSGFIN,27-Jun-2024,720.0,PE,0.0,0.0,0.0,108.35,87.4,0,0.0,0,0,06-MAY-2024,
OPTSTK,LICHSGFIN,27-Jun-2024,730.0,PE,0.0,0.0,0.0,76.35,95.8,0,0.0,0,0,06-MAY-2024,
OPTSTK,LICHSGFIN,27-Jun-2024,740.0,PE,0.0,0.0,0.0,125.0,104.35,0,0.0,0,0,06-MAY-2024,
OPTSTK,LICHSGFIN,27-Jun-2024,760.0,PE,0.0,0.0,0.0,142.3,122.15,0,0.0,0,0,06-MAY-2024,
OPTSTK,LICHSGFIN,25-Jul-2024,560.0,CE,0.0,0.0,0.0,119.0,93.1,0,0.0,0,0,06-MAY-2024,
OPTSTK,LICHSGFIN,25-Jul-2024,600.0,CE,0.0,0.0,0.0,88.35,64.95,0,0.0,0,0,06-MAY-2024,
OPTSTK,LICHSGFIN,25-Jul-2024,620.0,CE,0.0,0.0,0.0,74.85,53.15,0,0.0,0,0,06-MAY-2024,
OPTSTK,LICHSGFIN,25-Jul-2024,640.0,CE,0.0,0.0,0.0,62.7,42.85,0,0.0,0,0,06-MAY-2024,
OPTSTK,LICHSGFIN,25-Jul-2024,660.0,CE,50.0,50.0,50.0,50.0,34.05,1,7.1,1000,1000,06-MAY-2024,
OPTSTK,LICHSGFIN,25-Jul-2024,680.0,CE,0.0,0.0,0.0,42.55,26.7,0,0.0,0,0,06-MAY-2024,
OPTSTK,LICHSGFIN,25-Jul-2024,700.0,CE,0.0,0.0,0.0,34.5,20.65,0,0.0,0,0,06-MAY-2024,
OPTSTK,LICHSGFIN,25-Jul-2024,720.0,CE,0.0,0.0,0.0,27.7,15.85,0,0.0,0,0,06-MAY-2024,
OPTSTK,LICHSGFIN,25-Jul-2024,740.0,CE,0.0,0.0,0.0,22.0,11.95,0,0.0,0,0,06-MAY-2024,
OPTSTK,LICHSGFIN,25-Jul-2024,760.0,CE,0.0,0.0,0.0,17.35,8.9,0,0.0,0,0,06-MAY-2024,
OPTSTK,LICHSGFIN,25-Jul-2024,560.0,PE,0.0,0.0,0.0,7.65,10.2,0,0.0,0,0,06-MAY-2024,
OPTSTK,LICHSGFIN,25-Jul-2024,600.0,PE,0.0,0.0,0.0,16.25,21.45,0,0.0,0,0,06-MAY-2024,
OPTSTK,LICHSGFIN,25-Jul-2024,620.0,PE,0.0,0.0,0.0,22.4,29.3,0,0.0,0,0,06-MAY-2024,
OPTSTK,LICHSGFIN,25-Jul-2024,640.0,PE,0.0,0.0,0.0,29.9,38.65,0,0.0,0,0,06-MAY-2024,
OPTSTK,LICHSGFIN,25-Jul-2024,660.0,PE,0.0,0.0,0.0,38.8,49.55,0,0.0,0,0,06-MAY-2024,
OPTSTK,LICHSGFIN,25-Jul-2024,680.0,PE,0.0,0.0,0.0,49.05,61.9,0,0.0,0,0,06-MAY-2024,
OPTSTK,LICHSGFIN,25-Jul-2024,700.0,PE,0.0,0.0,0.0,60.6,75.55,0,0.0,0,0,06-MAY-2024,
OPTSTK,LICHSGFIN,25-Jul-2024,720.0,PE,0.0,0.0,0.0,73.45,90.4,0,0.0,0,0,06-MAY-2024,
OPTSTK,LICHSGFIN,25-Jul-2024,740.0,PE,0.0,0.0,0.0,87.4,106.2,0,0.0,0,0,06-MAY-2024,
OPTSTK,LICHSGFIN,25-Jul-2024,760.0,PE,0.0,0.0,0.0,102.35,122.85,0,0.0,0,0,06-MAY-2024,
OPTSTK,LT,30-May-2024,3000.0,CE,0.0,0.0,0.0,552.85,478.15,0,0.0,0,0,06-MAY-2024,
OPTSTK,LT,30-May-2024,3040.0,CE,0.0,0.0,0.0,518.55,439.15,0,0.0,0,0,06-MAY-2024,
OPTSTK,LT,30-May-2024,3080.0,CE,0.0,0.0,0.0,460.35,400.7,0,0.0,900,0,06-MAY-2024,
OPTSTK,LT,30-May-2024,3120.0,CE,0.0,0.0,0.0,452.55,362.85,0,0.0,0,0,06-MAY-2024,
OPTSTK,LT,30-May-2024,3160.0,CE,0.0,0.0,0.0,421.05,325.9,0,0.0,0,0,06-MAY-2024,
OPTSTK,LT,30-May-2024,3200.0,CE,312.2,338.6,284.25,338.6,290.1,20,104.92,10350,300,06-MAY-2024,
OPTSTK,LT,30-May-2024,3240.0,CE,292.8,292.8,292.8,292.8,255.7,1,5.29,150,150,06-MAY-2024,
OPTSTK,LT,30-May-2024,3260.0,CE,275.75,275.75,275.75,275.75,239.15,1,5.3,150,150,06-MAY-2024,
OPTSTK,LT,30-May-2024,3280.0,CE,259.0,259.0,259.0,259.0,223.05,1,5.3,150,150,06-MAY-2024,
OPTSTK,LT,30-May-2024,3300.0,CE,250.15,259.6,208.0,225.3,225.3,162,857.06,15000,10800,06-MAY-2024,
OPTSTK,LT,30-May-2024,3320.0,CE,0.0,0.0,0.0,306.5,192.55,0,0.0,0,0,06-MAY-2024,
OPTSTK,LT,30-May-2024,3340.0,CE,192.3,228.1,180.8,195.5,195.5,58,307.79,4200,4200,06-MAY-2024,
OPTSTK,LT,30-May-2024,3360.0,CE,195.4,212.35,172.2,181.8,181.8,40,213.07,2850,2850,06-MAY-2024,
OPTSTK,LT,30-May-2024,3380.0,CE,184.9,197.65,153.0,168.15,168.15,79,420.55,4350,3150,06-MAY-2024,
OPTSTK,LT,30-May-2024,3400.0,CE,174.5,182.85,140.0,155.1,155.1,477,2545.15,47700,10350,06-MAY-2024,
OPTSTK,LT,30-May-2024,3420.0,CE,155.85,169.2,129.65,141.75,141.75,95,507.6,4800,4200,06-MAY-2024,
OPTSTK,LT,30-May-2024,3440.0,CE,145.0,155.75,117.0,130.85,130.85,319,1707.76,9450,5250,06-MAY-2024,
OPTSTK,LT,30-May-2024,3460.0,CE,128.9,143.15,106.6,119.8,119.8,1886,10124.62,33900,24750,06-MAY-2024,
OPTSTK,LT,30-May-2024,3480.0,CE,122.0,131.0,96.5,108.85,108.85,1421,7653.89,38250,28050,06-MAY-2024,
OPTSTK,LT,30-May-2024,3500.0,CE,118.9,120.15,87.3,99.1,99.1,7723,41728.5,299100,87300,06-MAY-2024,
OPTSTK,LT,30-May-2024,3520.0,CE,106.5,109.95,77.9,89.45,89.45,1545,8374.04,47850,8850,06-MAY-2024,
OPTSTK,LT,30-May-2024,3540.0,CE,95.45,98.95,70.95,80.35,80.35,2072,11260.57,89100,21450,06-MAY-2024,
OPTSTK,LT,30-May-2024,3560.0,CE,82.0,90.0,63.2,72.6,72.6,1633,8905.86,75900,-6150,06-MAY-2024,
OPTSTK,LT,30-May-2024,3580.0,CE,75.5,81.15,56.65,65.1,65.1,1124,6150.01,80850,2550,06-MAY-2024,
OPTSTK,LT,30-May-2024,3600.0,CE,66.05,73.1,50.2,58.3,58.3,6956,38193.22,581550,18600,06-MAY-2024,
OPTSTK,LT,30-May-2024,3620.0,CE,61.45,64.95,44.8,51.8,51.8,1622,8937.15,86700,-8100,06-MAY-2024,
OPTSTK,LT,30-May-2024,3640.0,CE,54.9,58.35,39.5,46.1,46.1,4275,23643.34,255300,-23400,06-MAY-2024,
OPTSTK,LT,30-May-2024,3660.0,CE,50.0,52.25,34.9,41.05,41.05,3830,21266.73,139950,-10200,06-MAY-2024,
OPTSTK,LT,30-May-2024,3680.0,CE,43.55,46.0,31.0,35.9,35.9,677,3774.72,60450,-3600,06-MAY-2024,
OPTSTK,LT,30-May-2024,3700.0,CE,38.95,40.9,27.0,31.95,31.95,4191,23464.95,548400,19950,06-MAY-2024,
OPTSTK,LT,30-May-2024,3720.0,CE,32.8,35.7,23.8,28.3,28.3,602,3385.18,31800,-8100,06-MAY-2024,
OPTSTK,LT,30-May-2024,3740.0,CE,30.25,31.9,21.0,24.8,24.8,507,2863.83,39450,-1350,06-MAY-2024,
OPTSTK,LT,30-May-2024,3760.0,CE,27.05,28.4,18.55,22.35,22.35,505,2865.25,33150,750,06-MAY-2024,
OPTSTK,LT,30-May-2024,3780.0,CE,24.2,24.6,16.15,19.55,19.55,251,1430.6,20550,-2100,06-MAY-2024,
OPTSTK,LT,30-May-2024,3800.0,CE,22.1,22.1,14.2,17.35,17.35,4484,25676.53,456750,-53700,06-MAY-2024,
OPTSTK,LT,30-May-2024,3820.0,CE,21.1,21.1,12.55,15.4,15.4,469,2698.41,42900,-3900,06-MAY-2024,
OPTSTK,LT,30-May-2024,3840.0,CE,16.95,17.15,11.05,13.5,13.5,308,1780.61,44550,-900,06-MAY-2024,
OPTSTK,LT,30-May-2024,3860.0,CE,14.15,15.2,9.8,11.95,11.95,572,3322.45,25200,-3150,06-MAY-2024,
OPTSTK,LT,30-May-2024,3880.0,CE,12.95,13.6,8.75,10.7,10.7,287,1675.07,26700,-7650,06-MAY-2024,
OPTSTK,LT,30-May-2024,3900.0,CE,12.75,12.75,7.8,9.6,9.6,2760,16186.38,177150,-73500,06-MAY-2024,
OPTSTK,LT,30-May-2024,3920.0,CE,11.2,11.2,7.15,8.6,8.6,293,1726.72,22500,3300,06-MAY-2024,
OPTSTK,LT,30-May-2024,3940.0,CE,8.65,9.55,6.5,7.7,7.7,393,2327.17,13050,-11100,06-MAY-2024,
OPTSTK,LT,30-May-2024,3960.0,CE,7.5,8.5,5.9,7.0,7.0,456,2713.4,23550,7650,06-MAY-2024,
OPTSTK,LT,30-May-2024,3980.0,CE,6.7,7.8,5.4,6.35,6.35,272,1626.46,12150,2850,06-MAY-2024,
OPTSTK,LT,30-May-2024,4000.0,CE,7.8,9.55,5.7,6.15,6.15,1464,8798.24,396450,37200,06-MAY-2024,
OPTSTK,LT,30-May-2024,4020.0,CE,7.1,7.1,4.55,5.4,5.4,76,458.94,6600,-450,06-MAY-2024,
OPTSTK,LT,30-May-2024,4040.0,CE,5.3,6.45,4.1,4.75,4.75,78,473.26,14850,1050,06-MAY-2024,
OPTSTK,LT,30-May-2024,4060.0,CE,5.05,5.25,3.7,4.35,4.35,38,231.67,6600,-600,06-MAY-2024,
OPTSTK,LT,30-May-2024,4080.0,CE,4.55,4.6,3.35,4.0,4.0,69,422.68,34950,-150,06-MAY-2024,
OPTSTK,LT,30-May-2024,4120.0,CE,0.0,0.0,0.0,5.35,0.6,0,0.0,600,0,06-MAY-2024,
OPTSTK,LT,30-May-2024,4160.0,CE,3.95,4.0,2.4,2.75,2.75,473,2953.91,41400,150,06-MAY-2024,
OPTSTK,LT,30-May-2024,4200.0,CE,3.55,3.55,1.9,2.1,0.25,35,220.62,87750,-450,06-MAY-2024,
OPTSTK,LT,30-May-2024,4280.0,CE,2.7,2.7,0.5,2.4,0.1,9,57.81,13800,600,06-MAY-2024,
OPTSTK,LT,30-May-2024,3000.0,PE,6.95,6.95,3.55,5.05,5.05,308,1388.02,21750,21750,06-MAY-2024,
OPTSTK,LT,30-May-2024,3040.0,PE,3.05,11.1,2.85,6.5,6.5,852,3894.81,48600,27750,06-MAY-2024,
OPTSTK,LT,30-May-2024,3080.0,PE,12.0,13.25,6.1,8.65,8.65,148,685.69,7050,7050,06-MAY-2024,
OPTSTK,LT,30-May-2024,3120.0,PE,6.6,17.7,6.6,11.35,11.35,3348,15731.72,63450,34650,06-MAY-2024,
OPTSTK,LT,30-May-2024,3160.0,PE,10.4,21.95,9.55,14.95,14.95,1093,5206.21,47400,16950,06-MAY-2024,
OPTSTK,LT,30-May-2024,3200.0,PE,14.0,27.5,12.6,19.4,19.4,2504,12093.85,176400,39900,06-MAY-2024,
OPTSTK,LT,30-May-2024,3240.0,PE,17.45,34.0,17.45,25.2,25.2,459,2247.65,13950,5700,06-MAY-2024,
OPTSTK,LT,30-May-2024,3260.0,PE,24.1,38.75,20.3,28.35,28.35,393,1938.58,10950,10950,06-MAY-2024,
OPTSTK,LT,30-May-2024,3280.0,PE,21.15,43.25,21.15,32.25,32.25,644,3200.25,33300,13950,06-MAY-2024,
OPTSTK,LT,30-May-2024,3300.0,PE,28.0,47.95,24.05,36.85,36.85,3140,15715.29,172050,39000,06-MAY-2024,
OPTSTK,LT,30-May-2024,3320.0,PE,30.9,53.4,29.0,41.1,41.1,694,3498.12,27000,18750,06-MAY-2024,
OPTSTK,LT,30-May-2024,3340.0,PE,35.55,59.3,33.0,46.1,46.1,604,3068.62,28950,10650,06-MAY-2024,
OPTSTK,LT,30-May-2024,3360.0,PE,36.6,66.45,36.55,52.05,52.05,718,3675.95,64500,4350,06-MAY-2024,
OPTSTK,LT,30-May-2024,3380.0,PE,41.9,72.75,41.9,58.05,58.05,910,4693.84,21450,-13800,06-MAY-2024,
OPTSTK,LT,30-May-2024,3400.0,PE,50.0,81.4,47.45,64.95,64.95,17436,90718.39,470400,90300,06-MAY-2024,
OPTSTK,LT,30-May-2024,3420.0,PE,53.05,89.15,52.15,73.0,73.0,763,3997.92,23400,-5400,06-MAY-2024,
OPTSTK,LT,30-May-2024,3440.0,PE,60.0,97.25,60.0,81.15,81.15,1589,8396.12,45000,2550,06-MAY-2024,
OPTSTK,LT,30-May-2024,3460.0,PE,68.0,107.25,67.85,91.2,91.2,5648,30084.33,171750,125700,06-MAY-2024,
OPTSTK,LT,30-May-2024,3480.0,PE,80.35,115.3,75.45,98.45,98.45,1688,9054.1,75900,17850,06-MAY-2024,
OPTSTK,LT,30-May-2024,3500.0,PE,90.0,127.8,72.2,108.5,108.5,8742,47292.61,380850,-41700,06-MAY-2024,
OPTSTK,LT,30-May-2024,3520.0,PE,97.5,137.75,95.7,118.05,118.05,860,4690.65,46200,-7950,06-MAY-2024,
OPTSTK,LT,30-May-2024,3540.0,PE,104.4,148.65,104.4,130.1,130.1,611,3358.61,44850,-4050,06-MAY-2024,
OPTSTK,LT,30-May-2024,3560.0,PE,113.6,161.95,113.55,140.7,140.7,385,2137.16,50550,-5550,06-MAY-2024,
OPTSTK,LT,30-May-2024,3580.0,PE,121.0,172.5,121.0,155.35,155.35,315,1762.11,42450,-8400,06-MAY-2024,
OPTSTK,LT,30-May-2024,3600.0,PE,139.4,188.0,139.4,168.9,168.9,948,5353.07,407850,-21300,06-MAY-2024,
OPTSTK,LT,30-May-2024,3620.0,PE,157.55,201.55,153.35,183.0,183.0,87,496.32,58650,-600,06-MAY-2024,
OPTSTK,LT,30-May-2024,3640.0,PE,169.7,218.6,166.35,193.45,193.45,127,730.81,81900,-450,06-MAY-2024,
OPTSTK,LT,30-May-2024,3660.0,PE,186.1,231.25,178.35,209.75,209.75,109,633.29,48150,1350,06-MAY-2024,
OPTSTK,LT,30-May-2024,3680.0,PE,196.45,244.95,191.65,224.85,224.85,60,351.73,30300,3000,06-MAY-2024,
OPTSTK,LT,30-May-2024,3700.0,PE,215.0,261.65,207.1,240.3,240.3,190,1123.45,190200,-5550,06-MAY-2024,
OPTSTK,LT,30-May-2024,3720.0,PE,231.9,266.2,231.9,260.2,260.2,14,83.51,12450,900,06-MAY-2024,
OPTSTK,LT,30-May-2024,3740.0,PE,262.25,262.25,262.25,262.25,278.05,1,6.0,6300,0,06-MAY-2024,
OPTSTK,LT,30-May-2024,3760.0,PE,0.0,0.0,0.0,231.25,295.4,0,0.0,10350,0,06-MAY-2024,
OPTSTK,LT,30-May-2024,3780.0,PE,0.0,0.0,0.0,288.2,313.05,0,0.0,5250,0,06-MAY-2024,
OPTSTK,LT,30-May-2024,3800.0,PE,335.95,349.3,320.0,322.4,322.4,38,235.76,129900,1200,06-MAY-2024,
OPTSTK,LT,30-May-2024,3820.0,PE,0.0,0.0,0.0,310.95,349.15,0,0.0,7350,0,06-MAY-2024,
OPTSTK,LT,30-May-2024,3840.0,PE,0.0,0.0,0.0,330.65,367.55,0,0.0,13500,0,06-MAY-2024,
OPTSTK,LT,30-May-2024,3860.0,PE,342.5,345.75,342.5,345.75,386.15,2,12.61,7500,0,06-MAY-2024,
OPTSTK,LT,30-May-2024,3880.0,PE,0.0,0.0,0.0,337.45,404.95,0,0.0,11550,0,06-MAY-2024,
OPTSTK,LT,30-May-2024,3900.0,PE,436.15,436.15,431.5,431.5,423.9,2,13.0,58050,0,06-MAY-2024,
OPTSTK,LT,30-May-2024,3920.0,PE,0.0,0.0,0.0,386.65,443.0,0,0.0,6900,0,06-MAY-2024,
OPTSTK,LT,30-May-2024,3960.0,PE,0.0,0.0,0.0,309.55,481.5,0,0.0,600,0,06-MAY-2024,
OPTSTK,LT,30-May-2024,3980.0,PE,483.65,483.65,483.65,483.65,500.95,1,6.69,2550,150,06-MAY-2024,
OPTSTK,LT,30-May-2024,4000.0,PE,490.0,533.8,490.0,523.8,520.4,9,60.9,43950,600,06-MAY-2024,
OPTSTK,LT,30-May-2024,4040.0,PE,541.75,541.75,541.75,541.75,559.6,2,13.74,300,300,06-MAY-2024,
OPTSTK,LT,30-May-2024,4080.0,PE,0.0,0.0,0.0,563.8,598.95,0,0.0,0,0,06-MAY-2024,
OPTSTK,LT,30-May-2024,4120.0,PE,0.0,0.0,0.0,598.4,638.5,0,0.0,0,0,06-MAY-2024,
OPTSTK,LT,30-May-2024,4200.0,PE,0.0,0.0,0.0,550.0,717.8,0,0.0,300,0,06-MAY-2024,
OPTSTK,LT,27-Jun-2024,3000.0,CE,0.0,0.0,0.0,728.6,502.95,0,0.0,0,0,06-MAY-2024,
OPTSTK,LT,27-Jun-2024,3040.0,CE,0.0,0.0,0.0,785.1,466.5,0,0.0,0,0,06-MAY-2024,
OPTSTK,LT,27-Jun-2024,3080.0,CE,0.0,0.0,0.0,787.45,430.9,0,0.0,0,0,06-MAY-2024,
OPTSTK,LT,27-Jun-2024,3120.0,CE,0.0,0.0,0.0,710.85,396.25,0,0.0,0,0,06-MAY-2024,
OPTSTK,LT,27-Jun-2024,3160.0,CE,0.0,0.0,0.0,674.45,362.7,0,0.0,0,0,06-MAY-2024,
OPTSTK,LT,27-Jun-2024,3200.0,CE,0.0,0.0,0.0,638.65,330.4,0,0.0,0,0,06-MAY-2024,
OPTSTK,LT,27-Jun-2024,3240.0,CE,0.0,0.0,0.0,603.4,299.5,0,0.0,0,0,06-MAY-2024,
OPTSTK,LT,27-Jun-2024,3260.0,CE,0.0,0.0,0.0,457.45,284.7,0,0.0,0,0,06-MAY-2024,
OPTSTK,LT,27-Jun-2024,3280.0,CE,0.0,0.0,0.0,568.9,270.2,0,0.0,0,0,06-MAY-2024,
OPTSTK,LT,27-Jun-2024,3300.0,CE,0.0,0.0,0.0,424.0,255.9,0,0.0,0,0,06-MAY-2024,
OPTSTK,LT,27-Jun-2024,3320.0,CE,0.0,0.0,0.0,535.2,242.2,0,0.0,0,0,06-MAY-2024,
OPTSTK,LT,27-Jun-2024,3340.0,CE,0.0,0.0,0.0,391.6,228.95,0,0.0,0,0,06-MAY-2024,
OPTSTK,LT,27-Jun-2024,3360.0,CE,0.0,0.0,0.0,502.3,216.1,0,0.0,0,0,06-MAY-2024,
OPTSTK,LT,27-Jun-2024,3380.0,CE,0.0,0.0,0.0,360.35,203.7,0,0.0,0,0,06-MAY-2024,
OPTSTK,LT,27-Jun-2024,3400.0,CE,257.5,257.5,255.0,255.0,191.75,2,10.96,2250,300,06-MAY-2024,
OPTSTK,LT,27-Jun-2024,3420.0,CE,0.0,0.0,0.0,330.5,180.25,0,0.0,0,0,06-MAY-2024,
OPTSTK,LT,27-Jun-2024,3440.0,CE,0.0,0.0,0.0,439.35,169.15,0,0.0,0,0,06-MAY-2024,
OPTSTK,LT,27-Jun-2024,3460.0,CE,0.0,0.0,0.0,301.65,158.55,0,0.0,0,0,06-MAY-2024,
OPTSTK,LT,27-Jun-2024,3480.0,CE,0.0,0.0,0.0,409.4,148.4,0,0.0,0,0,06-MAY-2024,
OPTSTK,LT,27-Jun-2024,3500.0,CE,198.55,215.75,179.95,186.35,186.35,221,1222.09,32400,18000,06-MAY-2024,
OPTSTK,LT,27-Jun-2024,3520.0,CE,0.0,0.0,0.0,380.65,129.45,0,0.0,0,0,06-MAY-2024,
OPTSTK,LT,27-Jun-2024,3540.0,CE,0.0,0.0,0.0,248.65,120.6,0,0.0,0,0,06-MAY-2024,
OPTSTK,LT,27-Jun-2024,3560.0,CE,0.0,0.0,0.0,352.75,112.25,0,0.0,0,0,06-MAY-2024,
OPTSTK,LT,27-Jun-2024,3580.0,CE,0.0,0.0,0.0,188.35,104.3,0,0.0,150,0,06-MAY-2024,
OPTSTK,LT,27-Jun-2024,3600.0,CE,137.0,159.35,130.0,139.85,139.85,82,460.09,20550,5700,06-MAY-2024,
OPTSTK,LT,27-Jun-2024,3620.0,CE,0.0,0.0,0.0,171.0,89.65,0,0.0,300,0,06-MAY-2024,
OPTSTK,LT,27-Jun-2024,3640.0,CE,0.0,0.0,0.0,300.95,82.95,0,0.0,0,0,06-MAY-2024,
OPTSTK,LT,27-Jun-2024,3660.0,CE,0.0,0.0,0.0,180.6,76.6,0,0.0,0,0,06-MAY-2024,
OPTSTK,LT,27-Jun-2024,3680.0,CE,0.0,0.0,0.0,276.9,70.65,0,0.0,0,0,06-MAY-2024,
OPTSTK,LT,27-Jun-2024,3700.0,CE,96.35,115.0,96.0,106.45,106.45,38,216.72,13650,-150,06-MAY-2024,
OPTSTK,LT,27-Jun-2024,3720.0,CE,0.0,0.0,0.0,254.1,59.85,0,0.0,0,0,06-MAY-2024,
OPTSTK,LT,27-Jun-2024,3740.0,CE,0.0,0.0,0.0,142.9,55.15,0,0.0,0,0,06-MAY-2024,
OPTSTK,LT,27-Jun-2024,3760.0,CE,0.0,0.0,0.0,232.55,50.5,0,0.0,0,0,06-MAY-2024,
OPTSTK,LT,27-Jun-2024,3780.0,CE,0.0,0.0,0.0,126.35,46.25,0,0.0,0,0,06-MAY-2024,
OPTSTK,LT,27-Jun-2024,3800.0,CE,69.95,85.0,66.25,78.85,78.85,81,470.52,29850,7500,06-MAY-2024,
OPTSTK,LT,27-Jun-2024,3820.0,CE,0.0,0.0,0.0,111.25,38.65,0,0.0,0,0,06-MAY-2024,
OPTSTK,LT,27-Jun-2024,3840.0,CE,0.0,0.0,0.0,193.3,35.25,0,0.0,0,0,06-MAY-2024,
OPTSTK,LT,27-Jun-2024,3860.0,CE,0.0,0.0,0.0,97.55,32.1,0,0.0,0,0,06-MAY-2024,
OPTSTK,LT,27-Jun-2024,3880.0,CE,0.0,0.0,0.0,65.0,29.2,0,0.0,300,0,06-MAY-2024,
OPTSTK,LT,27-Jun-2024,3920.0,CE,0.0,0.0,0.0,159.0,24.05,0,0.0,0,0,06-MAY-2024,
OPTSTK,LT,27-Jun-2024,3960.0,CE,0.0,0.0,0.0,48.3,19.7,0,0.0,750,0,06-MAY-2024,
OPTSTK,LT,27-Jun-2024,4000.0,CE,36.0,40.55,35.1,40.0,40.0,55,333.18,34800,1500,06-MAY-2024,
OPTSTK,LT,27-Jun-2024,4040.0,CE,0.0,0.0,0.0,116.3,13.0,0,0.0,0,0,06-MAY-2024,
OPTSTK,LT,27-Jun-2024,4080.0,CE,0.0,0.0,0.0,104.25,10.5,0,0.0,0,0,06-MAY-2024,
OPTSTK,LT,27-Jun-2024,4120.0,CE,0.0,0.0,0.0,93.2,8.4,0,0.0,0,0,06-MAY-2024,
OPTSTK,LT,27-Jun-2024,4320.0,CE,0.0,0.0,0.0,15.0,2.6,0,0.0,4350,0,06-MAY-2024,
OPTSTK,LT,27-Jun-2024,3000.0,PE,24.65,24.65,22.4,22.4,22.4,3,13.6,450,450,06-MAY-2024,
OPTSTK,LT,27-Jun-2024,3040.0,PE,0.0,0.0,0.0,6.9,12.05,0,0.0,0,0,06-MAY-2024,
OPTSTK,LT,27-Jun-2024,3080.0,PE,0.0,0.0,0.0,6.95,16.05,0,0.0,0,0,06-MAY-2024,
OPTSTK,LT,27-Jun-2024,3120.0,PE,33.0,46.7,33.0,45.0,45.0,14,66.46,1650,1650,06-MAY-2024,
OPTSTK,LT,27-Jun-2024,3160.0,PE,40.0,45.0,40.0,45.0,27.05,2,9.6,1500,300,06-MAY-2024,
OPTSTK,LT,27-Jun-2024,3200.0,PE,55.0,64.0,49.95,58.75,58.75,52,254.14,11700,5850,06-MAY-2024,
OPTSTK,LT,27-Jun-2024,3240.0,PE,0.0,0.0,0.0,21.6,43.0,0,0.0,0,0,06-MAY-2024,
OPTSTK,LT,27-Jun-2024,3260.0,PE,0.0,0.0,0.0,24.3,48.05,0,0.0,0,0,06-MAY-2024,
OPTSTK,LT,27-Jun-2024,3280.0,PE,0.0,0.0,0.0,26.4,53.3,0,0.0,0,0,06-MAY-2024,
OPTSTK,LT,27-Jun-2024,3300.0,PE,80.0,95.25,76.05,95.25,95.25,27,137.14,3300,3300,06-MAY-2024,
OPTSTK,LT,27-Jun-2024,3320.0,PE,0.0,0.0,0.0,60.0,64.9,0,0.0,600,0,06-MAY-2024,
OPTSTK,LT,27-Jun-2024,3340.0,PE,0.0,0.0,0.0,37.4,71.45,0,0.0,0,0,06-MAY-2024,
OPTSTK,LT,27-Jun-2024,3360.0,PE,0.0,0.0,0.0,38.35,78.4,0,0.0,0,0,06-MAY-2024,
OPTSTK,LT,27-Jun-2024,3380.0,PE,0.0,0.0,0.0,45.65,85.75,0,0.0,0,0,06-MAY-2024,
OPTSTK,LT,27-Jun-2024,3400.0,PE,95.0,136.85,94.75,128.3,128.3,98,518.42,43350,3300,06-MAY-2024,
OPTSTK,LT,27-Jun-2024,3420.0,PE,0.0,0.0,0.0,55.3,101.9,0,0.0,0,0,06-MAY-2024,
OPTSTK,LT,27-Jun-2024,3440.0,PE,0.0,0.0,0.0,53.95,110.6,0,0.0,0,0,06-MAY-2024,
OPTSTK,LT,27-Jun-2024,3460.0,PE,0.0,0.0,0.0,65.95,119.8,0,0.0,0,0,06-MAY-2024,
OPTSTK,LT,27-Jun-2024,3480.0,PE,0.0,0.0,0.0,63.3,129.45,0,0.0,0,0,06-MAY-2024,
OPTSTK,LT,27-Jun-2024,3500.0,PE,143.85,180.55,143.85,174.85,174.85,54,297.07,12450,3900,06-MAY-2024,
OPTSTK,LT,27-Jun-2024,3520.0,PE,0.0,0.0,0.0,73.85,150.05,0,0.0,0,0,06-MAY-2024,
OPTSTK,LT,27-Jun-2024,3540.0,PE,0.0,0.0,0.0,92.0,161.05,0,0.0,0,0,06-MAY-2024,
OPTSTK,LT,27-Jun-2024,3560.0,PE,0.0,0.0,0.0,85.25,172.45,0,0.0,0,0,06-MAY-2024,
OPTSTK,LT,27-Jun-2024,3580.0,PE,0.0,0.0,0.0,107.25,184.3,0,0.0,0,0,06-MAY-2024,
OPTSTK,LT,27-Jun-2024,3600.0,PE,225.0,225.0,225.0,225.0,225.0,2,11.47,8850,0,06-MAY-2024,
OPTSTK,LT,27-Jun-2024,3620.0,PE,0.0,0.0,0.0,124.05,209.25,0,0.0,0,0,06-MAY-2024,
OPTSTK,LT,27-Jun-2024,3640.0,PE,0.0,0.0,0.0,112.0,222.35,0,0.0,0,0,06-MAY-2024,
OPTSTK,LT,27-Jun-2024,3660.0,PE,0.0,0.0,0.0,142.4,235.8,0,0.0,0,0,06-MAY-2024,
OPTSTK,LT,27-Jun-2024,3680.0,PE,0.0,0.0,0.0,127.2,249.65,0,0.0,0,0,06-MAY-2024,
OPTSTK,LT,27-Jun-2024,3700.0,PE,224.0,280.0,224.0,278.1,263.85,4,23.77,450,450,06-MAY-2024,
OPTSTK,LT,27-Jun-2024,3720.0,PE,0.0,0.0,0.0,143.7,278.45,0,0.0,0,0,06-MAY-2024,
OPTSTK,LT,27-Jun-2024,3740.0,PE,0.0,0.0,0.0,183.75,293.5,0,0.0,0,0,06-MAY-2024,
OPTSTK,LT,27-Jun-2024,3760.0,PE,0.0,0.0,0.0,161.45,308.65,0,0.0,0,0,06-MAY-2024,
OPTSTK,LT,27-Jun-2024,3780.0,PE,0.0,0.0,0.0,206.65,324.2,0,0.0,0,0,06-MAY-2024,
OPTSTK,LT,27-Jun-2024,3800.0,PE,325.0,325.0,325.0,325.0,340.05,1,6.18,750,150,06-MAY-2024,
OPTSTK,LT,27-Jun-2024,3820.0,PE,0.0,0.0,0.0,231.05,356.15,0,0.0,0,0,06-MAY-2024,
OPTSTK,LT,27-Jun-2024,3840.0,PE,0.0,0.0,0.0,200.75,372.55,0,0.0,0,0,06-MAY-2024,
OPTSTK,LT,27-Jun-2024,3860.0,PE,0.0,0.0,0.0,256.85,389.2,0,0.0,0,0,06-MAY-2024,
OPTSTK,LT,27-Jun-2024,3880.0,PE,0.0,0.0,0.0,222.3,406.1,0,0.0,0,0,06-MAY-2024,
OPTSTK,LT,27-Jun-2024,3920.0,PE,0.0,0.0,0.0,245.0,440.55,0,0.0,0,0,06-MAY-2024,
OPTSTK,LT,27-Jun-2024,3960.0,PE,0.0,0.0,0.0,268.95,475.8,0,0.0,0,0,06-MAY-2024,
OPTSTK,LT,27-Jun-2024,4000.0,PE,0.0,0.0,0.0,380.0,511.75,0,0.0,150,0,06-MAY-2024,
OPTSTK,LT,27-Jun-2024,4040.0,PE,0.0,0.0,0.0,320.2,548.25,0,0.0,0,0,06-MAY-2024,
OPTSTK,LT,27-Jun-2024,4080.0,PE,0.0,0.0,0.0,347.45,585.35,0,0.0,0,0,06-MAY-2024,
OPTSTK,LT,27-Jun-2024,4120.0,PE,0.0,0.0,0.0,375.7,622.85,0,0.0,0,0,06-MAY-2024,
OPTSTK,LT,25-Jul-2024,3040.0,CE,0.0,0.0,0.0,679.8,495.15,0,0.0,0,0,06-MAY-2024,
OPTSTK,LT,25-Jul-2024,3120.0,CE,0.0,0.0,0.0,608.25,428.9,0,0.0,0,0,06-MAY-2024,
OPTSTK,LT,25-Jul-2024,3200.0,CE,0.0,0.0,0.0,539.5,366.9,0,0.0,0,0,06-MAY-2024,
OPTSTK,LT,25-Jul-2024,3240.0,CE,0.0,0.0,0.0,506.3,337.8,0,0.0,0,0,06-MAY-2024,
OPTSTK,LT,25-Jul-2024,3280.0,CE,0.0,0.0,0.0,474.05,309.75,0,0.0,0,0,06-MAY-2024,
OPTSTK,LT,25-Jul-2024,3320.0,CE,0.0,0.0,0.0,442.75,283.2,0,0.0,0,0,06-MAY-2024,
OPTSTK,LT,25-Jul-2024,3360.0,CE,0.0,0.0,0.0,412.5,258.05,0,0.0,0,0,06-MAY-2024,
OPTSTK,LT,25-Jul-2024,3400.0,CE,0.0,0.0,0.0,383.45,234.35,0,0.0,0,0,06-MAY-2024,
OPTSTK,LT,25-Jul-2024,3440.0,CE,0.0,0.0,0.0,355.2,212.1,0,0.0,0,0,06-MAY-2024,
OPTSTK,LT,25-Jul-2024,3480.0,CE,0.0,0.0,0.0,328.4,191.25,0,0.0,0,0,06-MAY-2024,
OPTSTK,LT,25-Jul-2024,3520.0,CE,0.0,0.0,0.0,302.8,171.85,0,0.0,0,0,06-MAY-2024,
OPTSTK,LT,25-Jul-2024,3560.0,CE,0.0,0.0,0.0,278.5,153.9,0,0.0,0,0,06-MAY-2024,
OPTSTK,LT,25-Jul-2024,3600.0,CE,0.0,0.0,0.0,255.45,137.35,0,0.0,0,0,06-MAY-2024,
OPTSTK,LT,25-Jul-2024,3640.0,CE,0.0,0.0,0.0,233.65,122.15,0,0.0,0,0,06-MAY-2024,
OPTSTK,LT,25-Jul-2024,3680.0,CE,0.0,0.0,0.0,213.15,108.25,0,0.0,0,0,06-MAY-2024,
OPTSTK,LT,25-Jul-2024,3720.0,CE,0.0,0.0,0.0,193.95,95.65,0,0.0,0,0,06-MAY-2024,
OPTSTK,LT,25-Jul-2024,3760.0,CE,0.0,0.0,0.0,176.0,84.15,0,0.0,0,0,06-MAY-2024,
OPTSTK,LT,25-Jul-2024,3800.0,CE,0.0,0.0,0.0,159.3,74.0,0,0.0,0,0,06-MAY-2024,
OPTSTK,LT,25-Jul-2024,3840.0,CE,0.0,0.0,0.0,143.75,64.75,0,0.0,0,0,06-MAY-2024,
OPTSTK,LT,25-Jul-2024,3880.0,CE,0.0,0.0,0.0,129.4,56.35,0,0.0,0,0,06-MAY-2024,
OPTSTK,LT,25-Jul-2024,3920.0,CE,0.0,0.0,0.0,116.2,48.95,0,0.0,0,0,06-MAY-2024,
OPTSTK,LT,25-Jul-2024,4000.0,CE,0.0,0.0,0.0,92.95,36.6,0,0.0,0,0,06-MAY-2024,
OPTSTK,LT,25-Jul-2024,4080.0,CE,0.0,0.0,0.0,73.8,27.0,0,0.0,0,0,06-MAY-2024,
OPTSTK,LT,25-Jul-2024,3040.0,PE,0.0,0.0,0.0,12.6,24.0,0,0.0,0,0,06-MAY-2024,
OPTSTK,LT,25-Jul-2024,3120.0,PE,0.0,0.0,0.0,19.6,36.45,0,0.0,0,0,06-MAY-2024,
OPTSTK,LT,25-Jul-2024,3200.0,PE,0.0,0.0,0.0,29.4,53.2,0,0.0,0,0,06-MAY-2024,
OPTSTK,LT,25-Jul-2024,3240.0,PE,0.0,0.0,0.0,35.5,63.5,0,0.0,0,0,06-MAY-2024,
OPTSTK,LT,25-Jul-2024,3280.0,PE,0.0,0.0,0.0,42.5,74.8,0,0.0,0,0,06-MAY-2024,
OPTSTK,LT,25-Jul-2024,3320.0,PE,0.0,0.0,0.0,50.5,87.6,0,0.0,0,0,06-MAY-2024,
OPTSTK,LT,25-Jul-2024,3360.0,PE,0.0,0.0,0.0,59.5,101.85,0,0.0,0,0,06-MAY-2024,
OPTSTK,LT,25-Jul-2024,3400.0,PE,0.0,0.0,0.0,69.7,117.5,0,0.0,0,0,06-MAY-2024,
OPTSTK,LT,25-Jul-2024,3440.0,PE,0.0,0.0,0.0,80.8,134.6,0,0.0,0,0,06-MAY-2024,
OPTSTK,LT,25-Jul-2024,3480.0,PE,0.0,0.0,0.0,93.25,153.15,0,0.0,0,0,06-MAY-2024,
OPTSTK,LT,25-Jul-2024,3520.0,PE,0.0,0.0,0.0,106.95,173.15,0,0.0,0,0,06-MAY-2024,
OPTSTK,LT,25-Jul-2024,3560.0,PE,0.0,0.0,0.0,121.9,194.55,0,0.0,0,0,06-MAY-2024,
OPTSTK,LT,25-Jul-2024,3600.0,PE,0.0,0.0,0.0,200.0,217.35,0,0.0,150,0,06-MAY-2024,
OPTSTK,LT,25-Jul-2024,3640.0,PE,0.0,0.0,0.0,155.6,241.55,0,0.0,0,0,06-MAY-2024,
OPTSTK,LT,25-Jul-2024,3680.0,PE,0.0,0.0,0.0,174.4,267.0,0,0.0,0,0,06-MAY-2024,
OPTSTK,LT,25-Jul-2024,3720.0,PE,0.0,0.0,0.0,194.45,293.7,0,0.0,0,0,06-MAY-2024,
OPTSTK,LT,25-Jul-2024,3760.0,PE,0.0,0.0,0.0,215.8,321.65,0,0.0,0,0,06-MAY-2024,
OPTSTK,LT,25-Jul-2024,3800.0,PE,0.0,0.0,0.0,238.35,350.85,0,0.0,0,0,06-MAY-2024,
OPTSTK,LT,25-Jul-2024,3840.0,PE,0.0,0.0,0.0,262.1,380.95,0,0.0,0,0,06-MAY-2024,
OPTSTK,LT,25-Jul-2024,3880.0,PE,0.0,0.0,0.0,287.05,411.9,0,0.0,0,0,06-MAY-2024,
OPTSTK,LT,25-Jul-2024,3920.0,PE,0.0,0.0,0.0,313.1,443.9,0,0.0,0,0,06-MAY-2024,
OPTSTK,LT,25-Jul-2024,4000.0,PE,0.0,0.0,0.0,368.4,510.25,0,0.0,0,0,06-MAY-2024,
OPTSTK,LT,25-Jul-2024,4080.0,PE,0.0,0.0,0.0,427.85,579.4,0,0.0,0,0,06-MAY-2024,
OPTSTK,LTF,30-May-2024,140.0,CE,0.0,0.0,0.0,28.0,24.0,0,0.0,62468,0,06-MAY-2024,
OPTSTK,LTF,30-May-2024,145.0,CE,19.4,19.4,19.4,19.4,19.4,1,7.33,4462,0,06-MAY-2024,
OPTSTK,LTF,30-May-2024,147.5,CE,17.1,17.1,17.1,17.1,17.45,1,7.34,35696,4462,06-MAY-2024,
OPTSTK,LTF,30-May-2024,150.0,CE,16.9,16.9,16.9,16.9,15.4,1,7.44,98164,0,06-MAY-2024,
OPTSTK,LTF,30-May-2024,152.5,CE,14.85,14.85,12.75,12.75,13.55,5,37.07,13386,4462,06-MAY-2024,
OPTSTK,LTF,30-May-2024,155.0,CE,13.15,13.15,10.8,11.5,11.5,19,141.26,35696,17848,06-MAY-2024,
OPTSTK,LTF,30-May-2024,157.5,CE,11.0,11.0,9.25,9.9,10.15,28,209.42,35696,-4462,06-MAY-2024,
OPTSTK,LTF,30-May-2024,160.0,CE,10.75,10.9,7.7,8.65,8.65,121,910.29,468510,-26772,06-MAY-2024,
OPTSTK,LTF,30-May-2024,162.5,CE,9.45,9.45,6.4,7.25,7.25,40,302.76,49082,-22310,06-MAY-2024,
OPTSTK,LTF,30-May-2024,165.0,CE,8.25,8.25,5.25,6.1,6.1,1267,9665.61,3101090,1838344,06-MAY-2024,
OPTSTK,LTF,30-May-2024,167.5,CE,6.5,6.55,4.3,4.95,4.95,58,446.78,348036,53544,06-MAY-2024,
OPTSTK,LTF,30-May-2024,170.0,CE,5.85,5.85,3.45,4.1,4.1,1456,11313.12,4069344,727306,06-MAY-2024,
OPTSTK,LTF,30-May-2024,172.5,CE,4.4,4.6,2.85,3.3,3.3,128,1005.34,597908,40158,06-MAY-2024,
OPTSTK,LTF,30-May-2024,175.0,CE,4.05,4.05,2.2,2.65,2.65,697,5525.62,1463536,89240,06-MAY-2024,
OPTSTK,LTF,30-May-2024,177.5,CE,2.9,2.9,1.8,2.2,2.2,23,184.36,182942,0,06-MAY-2024,
OPTSTK,LTF,30-May-2024,180.0,CE,2.25,2.45,1.35,1.7,1.7,461,3737.0,2561188,156170,06-MAY-2024,
OPTSTK,LTF,30-May-2024,182.5,CE,1.45,1.45,1.05,1.35,1.35,24,196.76,129398,4462,06-MAY-2024,
OPTSTK,LTF,30-May-2024,185.0,CE,1.55,1.55,0.8,1.1,1.1,276,2291.1,1351986,205252,06-MAY-2024,
OPTSTK,LTF,30-May-2024,187.5,CE,0.95,0.95,0.65,0.85,0.8,35,294.0,111550,62468,06-MAY-2024,
OPTSTK,LTF,30-May-2024,190.0,CE,0.95,0.95,0.5,0.7,0.7,313,2662.41,1436764,227562,06-MAY-2024,
OPTSTK,LTF,30-May-2024,192.5,CE,0.45,0.6,0.45,0.6,0.6,9,77.5,66930,8924,06-MAY-2024,
OPTSTK,LTF,30-May-2024,195.0,CE,0.55,0.55,0.3,0.45,0.45,113,985.09,1347524,142784,06-MAY-2024,
OPTSTK,LTF,30-May-2024,135.0,PE,0.2,0.25,0.15,0.25,0.25,43,259.45,325726,0,06-MAY-2024,
OPTSTK,LTF,30-May-2024,140.0,PE,0.2,0.55,0.2,0.5,0.5,136,852.14,816546,-151708,06-MAY-2024,
OPTSTK,LTF,30-May-2024,145.0,PE,0.4,1.05,0.4,1.0,1.0,218,1417.64,825470,58006,06-MAY-2024,
OPTSTK,LTF,30-May-2024,147.5,PE,0.8,1.3,0.8,1.3,1.3,28,185.55,84778,31234,06-MAY-2024,
OPTSTK,LTF,30-May-2024,150.0,PE,0.8,1.95,0.8,1.8,1.8,522,3528.54,2494258,303416,06-MAY-2024,
OPTSTK,LTF,30-May-2024,152.5,PE,1.4,2.35,1.4,2.3,2.3,29,199.77,98164,-31234,06-MAY-2024,
OPTSTK,LTF,30-May-2024,155.0,PE,1.55,3.25,1.5,3.05,3.05,304,2137.12,1262746,120474,06-MAY-2024,
OPTSTK,LTF,30-May-2024,157.5,PE,2.1,4.0,2.05,4.0,4.0,66,472.28,205252,-13386,06-MAY-2024,
OPTSTK,LTF,30-May-2024,160.0,PE,2.7,5.25,2.65,4.95,4.95,756,5545.09,2587960,749616,06-MAY-2024,
OPTSTK,LTF,30-May-2024,162.5,PE,3.65,6.05,3.45,6.05,6.05,98,732.12,196328,58006,06-MAY-2024,
OPTSTK,LTF,30-May-2024,165.0,PE,4.85,7.6,4.5,7.35,7.35,509,3889.86,1316290,58006,06-MAY-2024,
OPTSTK,LTF,30-May-2024,167.5,PE,6.05,8.95,5.7,8.9,8.9,81,630.75,339112,84778,06-MAY-2024,
OPTSTK,LTF,30-May-2024,170.0,PE,7.05,10.65,7.0,10.4,10.4,259,2068.45,1311828,-89240,06-MAY-2024,
OPTSTK,LTF,30-May-2024,172.5,PE,10.55,11.75,10.4,11.75,12.2,6,49.09,147246,0,06-MAY-2024,
OPTSTK,LTF,30-May-2024,175.0,PE,12.25,13.8,11.45,13.8,14.05,11,92.18,303416,8924,06-MAY-2024,
OPTSTK,LTF,30-May-2024,177.5,PE,13.55,15.95,13.55,15.9,15.9,6,51.63,62468,-4462,06-MAY-2024,
OPTSTK,LTF,30-May-2024,180.0,PE,16.2,17.9,15.6,17.9,18.0,11,96.49,182942,-4462,06-MAY-2024,
OPTSTK,LTF,30-May-2024,182.5,PE,19.95,19.95,19.95,19.95,20.15,1,9.03,49082,0,06-MAY-2024,
OPTSTK,LTF,30-May-2024,185.0,PE,22.05,22.1,22.05,22.1,22.3,2,18.47,62468,0,06-MAY-2024,
OPTSTK,LTF,30-May-2024,187.5,PE,22.3,22.55,22.3,22.55,24.55,3,28.1,17848,-8924,06-MAY-2024,
OPTSTK,LTF,30-May-2024,190.0,PE,22.35,22.55,22.35,22.55,26.85,2,18.95,111550,-8924,06-MAY-2024,
OPTSTK,LTF,30-May-2024,192.5,PE,27.4,27.4,27.4,27.4,29.2,2,19.62,35696,8924,06-MAY-2024,
OPTSTK,LTF,30-May-2024,195.0,PE,0.0,0.0,0.0,29.6,31.55,0,0.0,0,0,06-MAY-2024,
OPTSTK,LTF,27-Jun-2024,140.0,CE,0.0,0.0,0.0,25.1,26.05,0,0.0,0,0,06-MAY-2024,
OPTSTK,LTF,27-Jun-2024,145.0,CE,0.0,0.0,0.0,21.65,22.05,0,0.0,0,0,06-MAY-2024,
OPTSTK,LTF,27-Jun-2024,150.0,CE,0.0,0.0,0.0,18.55,18.4,0,0.0,0,0,06-MAY-2024,
OPTSTK,LTF,27-Jun-2024,152.5,CE,0.0,0.0,0.0,21.4,16.7,0,0.0,0,0,06-MAY-2024,
OPTSTK,LTF,27-Jun-2024,155.0,CE,0.0,0.0,0.0,15.75,15.1,0,0.0,0,0,06-MAY-2024,
OPTSTK,LTF,27-Jun-2024,157.5,CE,0.0,0.0,0.0,18.05,13.6,0,0.0,0,0,06-MAY-2024,
OPTSTK,LTF,27-Jun-2024,160.0,CE,0.0,0.0,0.0,13.3,12.25,0,0.0,0,0,06-MAY-2024,
OPTSTK,LTF,27-Jun-2024,162.5,CE,0.0,0.0,0.0,15.05,10.95,0,0.0,0,0,06-MAY-2024,
OPTSTK,LTF,27-Jun-2024,165.0,CE,0.0,0.0,0.0,11.1,9.75,0,0.0,0,0,06-MAY-2024,
OPTSTK,LTF,27-Jun-2024,167.5,CE,0.0,0.0,0.0,12.4,8.65,0,0.0,0,0,06-MAY-2024,
OPTSTK,LTF,27-Jun-2024,170.0,CE,9.0,10.25,8.4,10.25,7.65,115,917.9,588984,397118,06-MAY-2024,
OPTSTK,LTF,27-Jun-2024,172.5,CE,0.0,0.0,0.0,9.5,6.75,0,0.0,35696,0,06-MAY-2024,
OPTSTK,LTF,27-Jun-2024,175.0,CE,7.5,8.0,7.5,8.0,8.0,4,32.59,26772,13386,06-MAY-2024,
OPTSTK,LTF,27-Jun-2024,177.5,CE,0.0,0.0,0.0,8.15,5.15,0,0.0,0,0,06-MAY-2024,
OPTSTK,LTF,27-Jun-2024,180.0,CE,6.45,7.2,5.4,7.0,7.0,8,66.5,120474,17848,06-MAY-2024,
OPTSTK,LTF,27-Jun-2024,182.5,CE,0.0,0.0,0.0,6.5,3.9,0,0.0,0,0,06-MAY-2024,
OPTSTK,LTF,27-Jun-2024,185.0,CE,0.0,0.0,0.0,5.05,3.4,0,0.0,0,0,06-MAY-2024,
OPTSTK,LTF,27-Jun-2024,187.5,CE,0.0,0.0,0.0,5.1,2.9,0,0.0,0,0,06-MAY-2024,
OPTSTK,LTF,27-Jun-2024,190.0,CE,0.0,0.0,0.0,4.1,2.5,0,0.0,0,0,06-MAY-2024,
OPTSTK,LTF,27-Jun-2024,192.5,CE,0.0,0.0,0.0,4.0,2.15,0,0.0,0,0,06-MAY-2024,
OPTSTK,LTF,27-Jun-2024,195.0,CE,0.0,0.0,0.0,3.3,1.85,0,0.0,0,0,06-MAY-2024,
OPTSTK,LTF,27-Jun-2024,140.0,PE,0.0,0.0,0.0,4.3,1.7,0,0.0,0,0,06-MAY-2024,
OPTSTK,LTF,27-Jun-2024,145.0,PE,0.0,0.0,0.0,1.75,2.7,0,0.0,8924,0,06-MAY-2024,
OPTSTK,LTF,27-Jun-2024,150.0,PE,3.5,5.1,3.5,4.25,4.25,4,27.56,62468,13386,06-MAY-2024,
OPTSTK,LTF,27-Jun-2024,152.5,PE,0.0,0.0,0.0,4.2,4.75,0,0.0,0,0,06-MAY-2024,
OPTSTK,LTF,27-Jun-2024,155.0,PE,6.0,7.0,6.0,6.5,6.5,3,21.61,22310,8924,06-MAY-2024,
OPTSTK,LTF,27-Jun-2024,157.5,PE,0.0,0.0,0.0,5.8,6.6,0,0.0,0,0,06-MAY-2024,
OPTSTK,LTF,27-Jun-2024,160.0,PE,6.6,8.65,6.6,8.65,8.65,21,157.41,107088,75854,06-MAY-2024,
OPTSTK,LTF,27-Jun-2024,162.5,PE,0.0,0.0,0.0,7.75,8.85,0,0.0,0,0,06-MAY-2024,
OPTSTK,LTF,27-Jun-2024,165.0,PE,10.0,10.0,10.0,10.0,10.15,1,7.8,4462,4462,06-MAY-2024,
OPTSTK,LTF,27-Jun-2024,167.5,PE,0.0,0.0,0.0,10.05,11.5,0,0.0,0,0,06-MAY-2024,
OPTSTK,LTF,27-Jun-2024,170.0,PE,0.0,0.0,0.0,9.55,13.0,0,0.0,17848,0,06-MAY-2024,
OPTSTK,LTF,27-Jun-2024,172.5,PE,0.0,0.0,0.0,12.7,14.55,0,0.0,0,0,06-MAY-2024,
OPTSTK,LTF,27-Jun-2024,175.0,PE,0.0,0.0,0.0,21.2,16.2,0,0.0,0,0,06-MAY-2024,
OPTSTK,LTF,27-Jun-2024,177.5,PE,0.0,0.0,0.0,15.65,17.95,0,0.0,0,0,06-MAY-2024,
OPTSTK,LTF,27-Jun-2024,180.0,PE,0.0,0.0,0.0,24.75,19.75,0,0.0,0,0,06-MAY-2024,
OPTSTK,LTF,27-Jun-2024,182.5,PE,0.0,0.0,0.0,18.95,21.65,0,0.0,0,0,06-MAY-2024,
OPTSTK,LTF,27-Jun-2024,185.0,PE,0.0,0.0,0.0,28.5,23.55,0,0.0,0,0,06-MAY-2024,
OPTSTK,LTF,27-Jun-2024,187.5,PE,0.0,0.0,0.0,22.5,25.6,0,0.0,0,0,06-MAY-2024,
OPTSTK,LTF,27-Jun-2024,190.0,PE,0.0,0.0,0.0,32.45,27.65,0,0.0,0,0,06-MAY-2024,
OPTSTK,LTF,27-Jun-2024,192.5,PE,0.0,0.0,0.0,26.35,29.75,0,0.0,0,0,06-MAY-2024,
OPTSTK,LTF,27-Jun-2024,195.0,PE,0.0,0.0,0.0,36.55,31.95,0,0.0,0,0,06-MAY-2024,
OPTSTK,LTF,25-Jul-2024,140.0,CE,0.0,0.0,0.0,32.9,28.05,0,0.0,0,0,06-MAY-2024,
OPTSTK,LTF,25-Jul-2024,150.0,CE,0.0,0.0,0.0,25.45,20.9,0,0.0,0,0,06-MAY-2024,
OPTSTK,LTF,25-Jul-2024,155.0,CE,0.0,0.0,0.0,22.1,17.8,0,0.0,0,0,06-MAY-2024,
OPTSTK,LTF,25-Jul-2024,160.0,CE,0.0,0.0,0.0,19.1,15.0,0,0.0,0,0,06-MAY-2024,
OPTSTK,LTF,25-Jul-2024,165.0,CE,0.0,0.0,0.0,16.35,12.55,0,0.0,0,0,06-MAY-2024,
OPTSTK,LTF,25-Jul-2024,170.0,CE,11.0,11.0,10.5,10.5,10.4,2,16.13,49082,8924,06-MAY-2024,
OPTSTK,LTF,25-Jul-2024,175.0,CE,0.0,0.0,0.0,11.75,8.55,0,0.0,0,0,06-MAY-2024,
OPTSTK,LTF,25-Jul-2024,180.0,CE,0.0,0.0,0.0,9.85,6.95,0,0.0,0,0,06-MAY-2024,
OPTSTK,LTF,25-Jul-2024,185.0,CE,0.0,0.0,0.0,8.2,5.6,0,0.0,0,0,06-MAY-2024,
OPTSTK,LTF,25-Jul-2024,190.0,CE,0.0,0.0,0.0,6.8,4.5,0,0.0,0,0,06-MAY-2024,
OPTSTK,LTF,25-Jul-2024,195.0,CE,0.0,0.0,0.0,5.6,3.6,0,0.0,0,0,06-MAY-2024,
OPTSTK,LTF,25-Jul-2024,140.0,PE,0.0,0.0,0.0,2.65,2.95,0,0.0,0,0,06-MAY-2024,
OPTSTK,LTF,25-Jul-2024,150.0,PE,0.0,0.0,0.0,5.0,5.65,0,0.0,0,0,06-MAY-2024,
OPTSTK,LTF,25-Jul-2024,155.0,PE,0.0,0.0,0.0,6.55,7.45,0,0.0,0,0,06-MAY-2024,
OPTSTK,LTF,25-Jul-2024,160.0,PE,0.0,0.0,0.0,8.45,9.55,0,0.0,0,0,06-MAY-2024,
OPTSTK,LTF,25-Jul-2024,165.0,PE,0.0,0.0,0.0,10.6,12.05,0,0.0,0,0,06-MAY-2024,
OPTSTK,LTF,25-Jul-2024,170.0,PE,0.0,0.0,0.0,13.05,14.8,0,0.0,0,0,06-MAY-2024,
OPTSTK,LTF,25-Jul-2024,175.0,PE,0.0,0.0,0.0,15.8,17.85,0,0.0,0,0,06-MAY-2024,
OPTSTK,LTF,25-Jul-2024,180.0,PE,0.0,0.0,0.0,18.85,21.2,0,0.0,0,0,06-MAY-2024,
OPTSTK,LTF,25-Jul-2024,185.0,PE,0.0,0.0,0.0,22.1,24.8,0,0.0,0,0,06-MAY-2024,
OPTSTK,LTF,25-Jul-2024,190.0,PE,0.0,0.0,0.0,25.6,28.6,0,0.0,0,0,06-MAY-2024,
OPTSTK,LTF,25-Jul-2024,195.0,PE,0.0,0.0,0.0,29.3,32.6,0,0.0,0,0,06-MAY-2024,
OPTSTK,LTIM,30-May-2024,3900.0,CE,0.0,0.0,0.0,1481.8,823.5,0,0.0,0,0,06-MAY-2024,
OPTSTK,LTIM,30-May-2024,4000.0,CE,0.0,0.0,0.0,755.0,726.0,0,0.0,150,0,06-MAY-2024,
OPTSTK,LTIM,30-May-2024,4100.0,CE,0.0,0.0,0.0,1296.0,630.45,0,0.0,0,0,06-MAY-2024,
OPTSTK,LTIM,30-May-2024,4150.0,CE,0.0,0.0,0.0,865.75,583.75,0,0.0,0,0,06-MAY-2024,
OPTSTK,LTIM,30-May-2024,4200.0,CE,0.0,0.0,0.0,501.5,538.0,0,0.0,600,0,06-MAY-2024,
OPTSTK,LTIM,30-May-2024,4250.0,CE,0.0,0.0,0.0,778.8,493.4,0,0.0,0,0,06-MAY-2024,
OPTSTK,LTIM,30-May-2024,4300.0,CE,0.0,0.0,0.0,476.5,450.1,0,0.0,600,0,06-MAY-2024,
OPTSTK,LTIM,30-May-2024,4350.0,CE,0.0,0.0,0.0,405.9,408.35,0,0.0,750,0,06-MAY-2024,
OPTSTK,LTIM,30-May-2024,4400.0,CE,335.0,358.95,335.0,355.85,368.3,3,21.37,1800,-150,06-MAY-2024,
OPTSTK,LTIM,30-May-2024,4450.0,CE,0.0,0.0,0.0,272.95,330.4,0,0.0,900,0,06-MAY-2024,
OPTSTK,LTIM,30-May-2024,4500.0,CE,0.0,0.0,0.0,248.15,294.15,0,0.0,17400,0,06-MAY-2024,
OPTSTK,LTIM,30-May-2024,4550.0,CE,0.0,0.0,0.0,248.0,260.4,0,0.0,1050,0,06-MAY-2024,
OPTSTK,LTIM,30-May-2024,4600.0,CE,170.05,229.35,170.0,196.8,196.8,87,626.82,28200,-1650,06-MAY-2024,
OPTSTK,LTIM,30-May-2024,4650.0,CE,145.05,192.0,145.0,163.8,163.8,142,1027.01,15600,750,06-MAY-2024,
OPTSTK,LTIM,30-May-2024,4700.0,CE,127.95,165.55,124.0,136.6,136.6,1067,7757.33,109650,-1650,06-MAY-2024,
OPTSTK,LTIM,30-May-2024,4750.0,CE,106.0,142.7,102.9,111.5,111.5,566,4138.3,37800,4350,06-MAY-2024,
OPTSTK,LTIM,30-May-2024,4800.0,CE,83.95,114.95,76.95,90.45,90.45,891,6547.34,175350,2850,06-MAY-2024,
OPTSTK,LTIM,30-May-2024,4850.0,CE,75.0,94.25,70.0,72.0,72.0,66,487.92,32250,450,06-MAY-2024,
OPTSTK,LTIM,30-May-2024,4900.0,CE,52.7,74.95,52.55,56.75,56.75,355,2642.08,77100,150,06-MAY-2024,
OPTSTK,LTIM,30-May-2024,4950.0,CE,50.0,60.4,43.65,45.6,45.6,54,405.0,8250,300,06-MAY-2024,
OPTSTK,LTIM,30-May-2024,5000.0,CE,34.0,48.0,31.7,35.8,35.8,1124,8497.0,279000,-21600,06-MAY-2024,
OPTSTK,LTIM,30-May-2024,5050.0,CE,32.6,35.95,27.0,27.0,27.0,17,129.56,11100,300,06-MAY-2024,
OPTSTK,LTIM,30-May-2024,5100.0,CE,18.45,29.3,18.0,21.45,21.45,310,2382.27,84450,-5850,06-MAY-2024,
OPTSTK,LTIM,30-May-2024,5150.0,CE,18.75,19.55,16.75,16.75,34.9,11,85.27,15750,900,06-MAY-2024,
OPTSTK,LTIM,30-May-2024,5200.0,CE,12.4,17.2,11.9,12.9,12.9,333,2604.33,115800,450,06-MAY-2024,
OPTSTK,LTIM,30-May-2024,5250.0,CE,0.0,0.0,0.0,9.65,22.55,0,0.0,14100,0,06-MAY-2024,
OPTSTK,LTIM,30-May-2024,5300.0,CE,10.45,11.05,7.9,8.3,8.3,83,660.99,32850,750,06-MAY-2024,
OPTSTK,LTIM,30-May-2024,5350.0,CE,12.0,12.0,12.0,12.0,12.0,1,8.04,3450,0,06-MAY-2024,
OPTSTK,LTIM,30-May-2024,5400.0,CE,5.5,8.15,4.0,5.85,5.85,1112,9017.52,23400,-450,06-MAY-2024,
OPTSTK,LTIM,30-May-2024,5450.0,CE,0.0,0.0,0.0,104.55,8.7,0,0.0,150,0,06-MAY-2024,
OPTSTK,LTIM,30-May-2024,5500.0,CE,4.45,7.35,4.15,4.75,4.75,812,6706.12,95400,12750,06-MAY-2024,
OPTSTK,LTIM,30-May-2024,5600.0,CE,4.85,4.9,3.05,3.5,3.5,45,378.28,14100,1950,06-MAY-2024,
OPTSTK,LTIM,30-May-2024,5700.0,CE,1.95,2.05,1.5,1.5,1.5,14,119.73,23250,-150,06-MAY-2024,
OPTSTK,LTIM,30-May-2024,3900.0,PE,0.0,0.0,0.0,10.1,1.6,0,0.0,0,0,06-MAY-2024,
OPTSTK,LTIM,30-May-2024,4000.0,PE,3.85,5.8,3.55,5.8,3.65,7,42.04,15300,-450,06-MAY-2024,
OPTSTK,LTIM,30-May-2024,4100.0,PE,13.5,13.5,5.2,6.15,7.65,15,92.43,23550,900,06-MAY-2024,
OPTSTK,LTIM,30-May-2024,4150.0,PE,0.0,0.0,0.0,12.5,10.75,0,0.0,450,0,06-MAY-2024,
OPTSTK,LTIM,30-May-2024,4200.0,PE,10.1,11.0,9.25,10.35,10.35,34,214.69,30000,900,06-MAY-2024,
OPTSTK,LTIM,30-May-2024,4250.0,PE,0.0,0.0,0.0,11.7,19.9,0,0.0,2400,0,06-MAY-2024,
OPTSTK,LTIM,30-May-2024,4300.0,PE,17.1,17.5,12.4,15.6,15.6,102,660.25,30600,-1800,06-MAY-2024,
OPTSTK,LTIM,30-May-2024,4350.0,PE,18.1,21.8,17.85,20.75,20.75,33,216.31,11700,-1500,06-MAY-2024,
OPTSTK,LTIM,30-May-2024,4400.0,PE,32.1,32.1,22.0,25.95,25.95,216,1434.19,42750,9450,06-MAY-2024,
OPTSTK,LTIM,30-May-2024,4450.0,PE,30.0,39.0,28.0,34.3,34.3,239,1607.4,9600,-2400,06-MAY-2024,
OPTSTK,LTIM,30-May-2024,4500.0,PE,49.25,50.05,35.95,43.35,43.35,317,2159.83,88950,-5100,06-MAY-2024,
OPTSTK,LTIM,30-May-2024,4550.0,PE,50.05,59.65,48.45,54.1,54.1,20,138.11,14250,450,06-MAY-2024,
OPTSTK,LTIM,30-May-2024,4600.0,PE,84.0,84.0,61.5,70.05,70.05,160,1120.72,69450,-1050,06-MAY-2024,
OPTSTK,LTIM,30-May-2024,4650.0,PE,101.3,101.3,79.35,90.65,90.65,77,547.55,28200,1800,06-MAY-2024,
OPTSTK,LTIM,30-May-2024,4700.0,PE,129.8,132.0,94.9,109.2,109.2,339,2445.92,108300,4950,06-MAY-2024,
OPTSTK,LTIM,30-May-2024,4750.0,PE,128.8,140.9,120.35,133.75,133.75,54,395.56,17700,1050,06-MAY-2024,
OPTSTK,LTIM,30-May-2024,4800.0,PE,154.75,177.35,144.0,158.4,158.4,27,200.91,103200,900,06-MAY-2024,
OPTSTK,LTIM,30-May-2024,4850.0,PE,189.0,190.0,177.0,190.0,232.15,4,30.21,2250,0,06-MAY-2024,
OPTSTK,LTIM,30-May-2024,4900.0,PE,239.15,239.15,224.8,230.4,230.4,12,92.33,41850,900,06-MAY-2024,
OPTSTK,LTIM,30-May-2024,4950.0,PE,261.0,262.75,261.0,262.75,299.7,2,15.63,900,0,06-MAY-2024,
OPTSTK,LTIM,30-May-2024,5000.0,PE,315.65,315.65,290.0,308.0,308.0,35,278.29,73050,-1500,06-MAY-2024,
OPTSTK,LTIM,30-May-2024,5050.0,PE,327.45,327.45,325.85,325.85,375.25,3,24.19,1350,450,06-MAY-2024,
OPTSTK,LTIM,30-May-2024,5100.0,PE,0.0,0.0,0.0,428.0,415.5,0,0.0,7200,0,06-MAY-2024,
OPTSTK,LTIM,30-May-2024,5150.0,PE,0.0,0.0,0.0,413.05,457.25,0,0.0,150,0,06-MAY-2024,
OPTSTK,LTIM,30-May-2024,5200.0,PE,500.0,500.0,500.0,500.0,500.3,1,8.55,10950,-150,06-MAY-2024,
OPTSTK,LTIM,30-May-2024,5250.0,PE,0.0,0.0,0.0,422.4,544.45,0,0.0,0,0,06-MAY-2024,
OPTSTK,LTIM,30-May-2024,5300.0,PE,0.0,0.0,0.0,573.75,589.6,0,0.0,3750,0,06-MAY-2024,
OPTSTK,LTIM,30-May-2024,5400.0,PE,0.0,0.0,0.0,695.95,682.35,0,0.0,1650,0,06-MAY-2024,
OPTSTK,LTIM,30-May-2024,5500.0,PE,0.0,0.0,0.0,756.0,777.45,0,0.0,11400,0,06-MAY-2024,
OPTSTK,LTIM,30-May-2024,5600.0,PE,0.0,0.0,0.0,870.0,874.2,0,0.0,150,0,06-MAY-2024,
OPTSTK,LTIM,30-May-2024,5700.0,PE,0.0,0.0,0.0,1011.0,972.1,0,0.0,12450,0,06-MAY-2024,
OPTSTK,LTIM,27-Jun-2024,3900.0,CE,0.0,0.0,0.0,1129.55,857.6,0,0.0,0,0,06-MAY-2024,
OPTSTK,LTIM,27-Jun-2024,4000.0,CE,0.0,0.0,0.0,1040.15,766.6,0,0.0,0,0,06-MAY-2024,
OPTSTK,LTIM,27-Jun-2024,4100.0,CE,0.0,0.0,0.0,953.35,679.0,0,0.0,0,0,06-MAY-2024,
OPTSTK,LTIM,27-Jun-2024,4150.0,CE,0.0,0.0,0.0,599.5,636.65,0,0.0,0,0,06-MAY-2024,
OPTSTK,LTIM,27-Jun-2024,4200.0,CE,0.0,0.0,0.0,869.6,595.45,0,0.0,0,0,06-MAY-2024,
OPTSTK,LTIM,27-Jun-2024,4250.0,CE,0.0,0.0,0.0,523.95,555.5,0,0.0,0,0,06-MAY-2024,
OPTSTK,LTIM,27-Jun-2024,4300.0,CE,0.0,0.0,0.0,789.2,516.8,0,0.0,0,0,06-MAY-2024,
OPTSTK,LTIM,27-Jun-2024,4350.0,CE,0.0,0.0,0.0,453.4,479.7,0,0.0,0,0,06-MAY-2024,
OPTSTK,LTIM,27-Jun-2024,4400.0,CE,0.0,0.0,0.0,712.6,443.8,0,0.0,0,0,06-MAY-2024,
OPTSTK,LTIM,27-Jun-2024,4450.0,CE,0.0,0.0,0.0,388.9,409.35,0,0.0,0,0,06-MAY-2024,
OPTSTK,LTIM,27-Jun-2024,4500.0,CE,0.0,0.0,0.0,640.2,376.65,0,0.0,0,0,06-MAY-2024,
OPTSTK,LTIM,27-Jun-2024,4550.0,CE,0.0,0.0,0.0,330.45,345.55,0,0.0,0,0,06-MAY-2024,
OPTSTK,LTIM,27-Jun-2024,4600.0,CE,0.0,0.0,0.0,571.8,316.15,0,0.0,0,0,06-MAY-2024,
OPTSTK,LTIM,27-Jun-2024,4650.0,CE,0.0,0.0,0.0,278.1,288.35,0,0.0,0,0,06-MAY-2024,
OPTSTK,LTIM,27-Jun-2024,4700.0,CE,0.0,0.0,0.0,508.2,262.3,0,0.0,0,0,06-MAY-2024,
OPTSTK,LTIM,27-Jun-2024,4750.0,CE,0.0,0.0,0.0,230.65,237.85,0,0.0,900,0,06-MAY-2024,
OPTSTK,LTIM,27-Jun-2024,4800.0,CE,202.0,205.0,202.0,205.0,205.0,3,22.51,600,-300,06-MAY-2024,
OPTSTK,LTIM,27-Jun-2024,4850.0,CE,0.0,0.0,0.0,191.45,193.9,0,0.0,0,0,06-MAY-2024,
OPTSTK,LTIM,27-Jun-2024,4900.0,CE,0.0,0.0,0.0,395.15,174.35,0,0.0,0,0,06-MAY-2024,
OPTSTK,LTIM,27-Jun-2024,4950.0,CE,0.0,0.0,0.0,156.65,156.25,0,0.0,0,0,06-MAY-2024,
OPTSTK,LTIM,27-Jun-2024,5000.0,CE,117.0,144.9,117.0,137.05,137.05,27,207.85,8700,750,06-MAY-2024,
OPTSTK,LTIM,27-Jun-2024,5050.0,CE,0.0,0.0,0.0,127.0,124.5,0,0.0,0,0,06-MAY-2024,
OPTSTK,LTIM,27-Jun-2024,5100.0,CE,105.0,105.0,105.0,105.0,105.0,3,23.42,1800,450,06-MAY-2024,
OPTSTK,LTIM,27-Jun-2024,5150.0,CE,0.0,0.0,0.0,102.3,98.25,0,0.0,0,0,06-MAY-2024,
OPTSTK,LTIM,27-Jun-2024,5200.0,CE,75.0,75.0,75.0,75.0,86.95,18,142.42,2850,2700,06-MAY-2024,
OPTSTK,LTIM,27-Jun-2024,5250.0,CE,0.0,0.0,0.0,81.35,76.45,0,0.0,0,0,06-MAY-2024,
OPTSTK,LTIM,27-Jun-2024,5300.0,CE,0.0,0.0,0.0,224.5,67.25,0,0.0,0,0,06-MAY-2024,
OPTSTK,LTIM,27-Jun-2024,5400.0,CE,0.0,0.0,0.0,192.5,51.55,0,0.0,0,0,06-MAY-2024,
OPTSTK,LTIM,27-Jun-2024,5500.0,CE,0.0,0.0,0.0,164.25,39.1,0,0.0,0,0,06-MAY-2024,
OPTSTK,LTIM,27-Jun-2024,5600.0,CE,0.0,0.0,0.0,139.8,29.35,0,0.0,0,0,06-MAY-2024,
OPTSTK,LTIM,27-Jun-2024,3900.0,PE,0.0,0.0,0.0,21.45,13.5,0,0.0,0,0,06-MAY-2024,
OPTSTK,LTIM,27-Jun-2024,4000.0,PE,20.0,25.0,20.0,24.0,21.5,6,36.21,2100,300,06-MAY-2024,
OPTSTK,LTIM,27-Jun-2024,4100.0,PE,0.0,0.0,0.0,17.5,32.85,0,0.0,1350,0,06-MAY-2024,
OPTSTK,LTIM,27-Jun-2024,4150.0,PE,0.0,0.0,0.0,62.8,40.0,0,0.0,0,0,06-MAY-2024,
OPTSTK,LTIM,27-Jun-2024,4200.0,PE,0.0,0.0,0.0,56.1,48.3,0,0.0,0,0,06-MAY-2024,
OPTSTK,LTIM,27-Jun-2024,4250.0,PE,0.0,0.0,0.0,86.0,57.8,0,0.0,0,0,06-MAY-2024,
OPTSTK,LTIM,27-Jun-2024,4300.0,PE,0.0,0.0,0.0,73.95,68.6,0,0.0,0,0,06-MAY-2024,
OPTSTK,LTIM,27-Jun-2024,4350.0,PE,0.0,0.0,0.0,114.15,80.95,0,0.0,0,0,06-MAY-2024,
OPTSTK,LTIM,27-Jun-2024,4400.0,PE,75.1,88.0,75.05,88.0,94.55,10,67.22,7200,1200,06-MAY-2024,
OPTSTK,LTIM,27-Jun-2024,4450.0,PE,0.0,0.0,0.0,60.0,109.55,0,0.0,150,0,06-MAY-2024,
OPTSTK,LTIM,27-Jun-2024,4500.0,PE,103.1,121.95,103.1,121.95,126.35,17,117.67,11700,1050,06-MAY-2024,
OPTSTK,LTIM,27-Jun-2024,4550.0,PE,0.0,0.0,0.0,188.7,144.75,0,0.0,0,0,06-MAY-2024,
OPTSTK,LTIM,27-Jun-2024,4600.0,PE,148.95,155.0,148.95,155.0,164.85,3,21.38,2700,150,06-MAY-2024,
OPTSTK,LTIM,27-Jun-2024,4650.0,PE,0.0,0.0,0.0,235.1,186.55,0,0.0,0,0,06-MAY-2024,
OPTSTK,LTIM,27-Jun-2024,4700.0,PE,0.0,0.0,0.0,185.8,209.95,0,0.0,0,0,06-MAY-2024,
OPTSTK,LTIM,27-Jun-2024,4750.0,PE,0.0,0.0,0.0,287.6,235.0,0,0.0,0,0,06-MAY-2024,
OPTSTK,LTIM,27-Jun-2024,4800.0,PE,0.0,0.0,0.0,260.0,261.7,0,0.0,300,0,06-MAY-2024,
OPTSTK,LTIM,27-Jun-2024,4850.0,PE,0.0,0.0,0.0,345.95,290.05,0,0.0,0,0,06-MAY-2024,
OPTSTK,LTIM,27-Jun-2024,4900.0,PE,0.0,0.0,0.0,240.0,319.95,0,0.0,150,0,06-MAY-2024,
OPTSTK,LTIM,27-Jun-2024,4950.0,PE,0.0,0.0,0.0,409.9,351.35,0,0.0,0,0,06-MAY-2024,
OPTSTK,LTIM,27-Jun-2024,5000.0,PE,0.0,0.0,0.0,340.0,384.25,0,0.0,150,0,06-MAY-2024,
OPTSTK,LTIM,27-Jun-2024,5050.0,PE,0.0,0.0,0.0,478.95,418.55,0,0.0,0,0,06-MAY-2024,
OPTSTK,LTIM,27-Jun-2024,5100.0,PE,0.0,0.0,0.0,371.35,454.2,0,0.0,0,0,06-MAY-2024,
OPTSTK,LTIM,27-Jun-2024,5150.0,PE,0.0,0.0,0.0,553.0,491.3,0,0.0,0,0,06-MAY-2024,
OPTSTK,LTIM,27-Jun-2024,5200.0,PE,0.0,0.0,0.0,429.25,529.45,0,0.0,0,0,06-MAY-2024,
OPTSTK,LTIM,27-Jun-2024,5250.0,PE,0.0,0.0,0.0,630.85,568.5,0,0.0,0,0,06-MAY-2024,
OPTSTK,LTIM,27-Jun-2024,5300.0,PE,0.0,0.0,0.0,491.4,608.7,0,0.0,0,0,06-MAY-2024,
OPTSTK,LTIM,27-Jun-2024,5400.0,PE,0.0,0.0,0.0,557.6,692.0,0,0.0,0,0,06-MAY-2024,
OPTSTK,LTIM,27-Jun-2024,5500.0,PE,0.0,0.0,0.0,627.55,778.55,0,0.0,0,0,06-MAY-2024,
OPTSTK,LTIM,27-Jun-2024,5600.0,PE,0.0,0.0,0.0,701.3,867.75,0,0.0,0,0,06-MAY-2024,
OPTSTK,LTIM,25-Jul-2024,3800.0,CE,0.0,0.0,0.0,935.35,984.8,0,0.0,0,0,06-MAY-2024,
OPTSTK,LTIM,25-Jul-2024,4000.0,CE,0.0,0.0,0.0,767.7,810.0,0,0.0,0,0,06-MAY-2024,
OPTSTK,LTIM,25-Jul-2024,4200.0,CE,0.0,0.0,0.0,615.6,649.45,0,0.0,0,0,06-MAY-2024,
OPTSTK,LTIM,25-Jul-2024,4300.0,CE,0.0,0.0,0.0,545.95,575.85,0,0.0,0,0,06-MAY-2024,
OPTSTK,LTIM,25-Jul-2024,4400.0,CE,0.0,0.0,0.0,481.45,506.7,0,0.0,0,0,06-MAY-2024,
OPTSTK,LTIM,25-Jul-2024,4500.0,CE,0.0,0.0,0.0,422.0,443.0,0,0.0,0,0,06-MAY-2024,
OPTSTK,LTIM,25-Jul-2024,4600.0,CE,0.0,0.0,0.0,367.6,384.6,0,0.0,0,0,06-MAY-2024,
OPTSTK,LTIM,25-Jul-2024,4700.0,CE,0.0,0.0,0.0,318.25,331.6,0,0.0,0,0,06-MAY-2024,
OPTSTK,LTIM,25-Jul-2024,4800.0,CE,0.0,0.0,0.0,273.9,283.85,0,0.0,0,0,06-MAY-2024,
OPTSTK,LTIM,25-Jul-2024,4900.0,CE,0.0,0.0,0.0,234.35,241.35,0,0.0,0,0,06-MAY-2024,
OPTSTK,LTIM,25-Jul-2024,5000.0,CE,0.0,0.0,0.0,199.35,203.85,0,0.0,0,0,06-MAY-2024,
OPTSTK,LTIM,25-Jul-2024,5100.0,CE,0.0,0.0,0.0,168.6,171.0,0,0.0,0,0,06-MAY-2024,
OPTSTK,LTIM,25-Jul-2024,5200.0,CE,0.0,0.0,0.0,141.8,142.5,0,0.0,0,0,06-MAY-2024,
OPTSTK,LTIM,25-Jul-2024,5300.0,CE,0.0,0.0,0.0,118.95,118.3,0,0.0,0,0,06-MAY-2024,
OPTSTK,LTIM,25-Jul-2024,5400.0,CE,0.0,0.0,0.0,98.9,97.3,0,0.0,0,0,06-MAY-2024,
OPTSTK,LTIM,25-Jul-2024,5600.0,CE,65.0,70.0,65.0,70.0,64.8,6,51.01,900,900,06-MAY-2024,
OPTSTK,LTIM,25-Jul-2024,3800.0,PE,0.0,0.0,0.0,32.05,20.85,0,0.0,0,0,06-MAY-2024,
OPTSTK,LTIM,25-Jul-2024,4000.0,PE,0.0,0.0,0.0,60.75,42.9,0,0.0,0,0,06-MAY-2024,
OPTSTK,LTIM,25-Jul-2024,4200.0,PE,0.0,0.0,0.0,105.05,79.15,0,0.0,0,0,06-MAY-2024,
OPTSTK,LTIM,25-Jul-2024,4300.0,PE,0.0,0.0,0.0,133.6,103.95,0,0.0,0,0,06-MAY-2024,
OPTSTK,LTIM,25-Jul-2024,4400.0,PE,0.0,0.0,0.0,167.3,133.25,0,0.0,0,0,06-MAY-2024,
OPTSTK,LTIM,25-Jul-2024,4500.0,PE,0.0,0.0,0.0,206.0,167.95,0,0.0,0,0,06-MAY-2024,
OPTSTK,LTIM,25-Jul-2024,4600.0,PE,0.0,0.0,0.0,249.85,208.0,0,0.0,0,0,06-MAY-2024,
OPTSTK,LTIM,25-Jul-2024,4700.0,PE,0.0,0.0,0.0,298.7,253.4,0,0.0,0,0,06-MAY-2024,
OPTSTK,LTIM,25-Jul-2024,4800.0,PE,0.0,0.0,0.0,352.55,304.1,0,0.0,0,0,06-MAY-2024,
OPTSTK,LTIM,25-Jul-2024,4900.0,PE,0.0,0.0,0.0,411.15,360.0,0,0.0,0,0,06-MAY-2024,
OPTSTK,LTIM,25-Jul-2024,5000.0,PE,0.0,0.0,0.0,474.35,420.9,0,0.0,0,0,06-MAY-2024,
OPTSTK,LTIM,25-Jul-2024,5100.0,PE,0.0,0.0,0.0,541.8,486.5,0,0.0,0,0,06-MAY-2024,
OPTSTK,LTIM,25-Jul-2024,5200.0,PE,0.0,0.0,0.0,613.2,556.4,0,0.0,0,0,06-MAY-2024,
OPTSTK,LTIM,25-Jul-2024,5300.0,PE,0.0,0.0,0.0,688.55,630.6,0,0.0,0,0,06-MAY-2024,
OPTSTK,LTIM,25-Jul-2024,5400.0,PE,0.0,0.0,0.0,766.7,708.05,0,0.0,0,0,06-MAY-2024,
OPTSTK,LTIM,25-Jul-2024,5600.0,PE,0.0,0.0,0.0,931.7,872.35,0,0.0,0,0,06-MAY-2024,
OPTSTK,LTTS,30-May-2024,3800.0,CE,0.0,0.0,0.0,1577.4,720.2,0,0.0,0,0,06-MAY-2024,
OPTSTK,LTTS,30-May-2024,3900.0,CE,646.25,646.25,646.25,646.25,625.05,1,4.54,100,100,06-MAY-2024,
OPTSTK,LTTS,30-May-2024,4000.0,CE,0.0,0.0,0.0,1388.1,533.15,0,0.0,0,0,06-MAY-2024,
OPTSTK,LTTS,30-May-2024,4050.0,CE,0.0,0.0,0.0,1484.95,488.9,0,0.0,0,0,06-MAY-2024,
OPTSTK,LTTS,30-May-2024,4100.0,CE,453.3,453.35,453.3,453.35,446.0,4,18.21,400,400,06-MAY-2024,
OPTSTK,LTTS,30-May-2024,4150.0,CE,0.0,0.0,0.0,1387.95,404.7,0,0.0,0,0,06-MAY-2024,
OPTSTK,LTTS,30-May-2024,4200.0,CE,360.0,360.0,350.0,356.0,365.15,3,13.66,200,200,06-MAY-2024,
OPTSTK,LTTS,30-May-2024,4250.0,CE,309.55,329.75,309.55,329.75,327.65,3,13.69,400,300,06-MAY-2024,
OPTSTK,LTTS,30-May-2024,4300.0,CE,273.8,290.95,273.8,290.95,291.95,2,9.16,300,100,06-MAY-2024,
OPTSTK,LTTS,30-May-2024,4350.0,CE,0.0,0.0,0.0,1197.1,258.65,0,0.0,0,0,06-MAY-2024,
OPTSTK,LTTS,30-May-2024,4400.0,CE,207.8,225.0,207.0,207.0,207.0,19,87.73,3300,700,06-MAY-2024,
OPTSTK,LTTS,30-May-2024,4450.0,CE,196.15,214.15,178.35,178.35,178.35,12,55.77,200,-200,06-MAY-2024,
OPTSTK,LTTS,30-May-2024,4500.0,CE,170.0,186.55,149.0,151.95,151.95,406,1891.24,26400,9600,06-MAY-2024,
OPTSTK,LTTS,30-May-2024,4550.0,CE,138.55,159.95,127.05,129.15,129.15,163,763.91,7900,2400,06-MAY-2024,
OPTSTK,LTTS,30-May-2024,4600.0,CE,130.0,140.7,106.9,109.05,109.05,815,3845.31,44200,5100,06-MAY-2024,
OPTSTK,LTTS,30-May-2024,4650.0,CE,108.85,116.3,90.95,92.65,92.65,240,1139.95,17800,-100,06-MAY-2024,
OPTSTK,LTTS,30-May-2024,4700.0,CE,91.9,100.0,74.4,77.45,77.45,835,3993.42,130200,2700,06-MAY-2024,
OPTSTK,LTTS,30-May-2024,4750.0,CE,73.75,84.55,61.0,63.2,63.2,262,1262.63,42100,1000,06-MAY-2024,
OPTSTK,LTTS,30-May-2024,4800.0,CE,61.9,72.0,50.2,52.6,52.6,1276,6196.88,160000,11000,06-MAY-2024,
OPTSTK,LTTS,30-May-2024,4850.0,CE,50.6,54.8,43.25,44.1,44.1,128,626.95,17700,-1700,06-MAY-2024,
OPTSTK,LTTS,30-May-2024,4900.0,CE,42.95,47.6,34.35,36.25,36.25,501,2474.48,87700,1900,06-MAY-2024,
OPTSTK,LTTS,30-May-2024,4950.0,CE,34.65,36.0,27.85,28.7,28.7,63,313.81,20100,700,06-MAY-2024,
OPTSTK,LTTS,30-May-2024,5000.0,CE,30.15,34.45,22.2,24.25,24.25,3219,16182.34,258500,200,06-MAY-2024,
OPTSTK,LTTS,30-May-2024,5050.0,CE,22.95,24.5,18.5,19.7,19.7,39,197.78,1700,1700,06-MAY-2024,
OPTSTK,LTTS,30-May-2024,5100.0,CE,20.95,20.95,14.7,16.25,16.25,381,1949.91,108500,2800,06-MAY-2024,
OPTSTK,LTTS,30-May-2024,5150.0,CE,20.25,20.25,12.8,14.4,14.4,98,506.29,8600,-6900,06-MAY-2024,
OPTSTK,LTTS,30-May-2024,5200.0,CE,14.95,15.2,10.85,12.3,12.3,494,2575.06,109600,-10700,06-MAY-2024,
OPTSTK,LTTS,30-May-2024,5250.0,CE,10.5,11.8,9.15,9.45,9.45,42,220.93,6100,-1100,06-MAY-2024,
OPTSTK,LTTS,30-May-2024,5300.0,CE,10.6,10.6,8.1,9.0,9.0,167,886.68,41100,-400,06-MAY-2024,
OPTSTK,LTTS,30-May-2024,5350.0,CE,8.3,8.3,8.3,8.3,5.65,2,10.71,2200,0,06-MAY-2024,
OPTSTK,LTTS,30-May-2024,5400.0,CE,8.75,9.85,6.55,7.55,7.55,173,935.52,52500,3400,06-MAY-2024,
OPTSTK,LTTS,30-May-2024,5450.0,CE,0.0,0.0,0.0,9.25,3.35,0,0.0,1100,0,06-MAY-2024,
OPTSTK,LTTS,30-May-2024,5500.0,CE,6.25,6.5,5.1,6.05,6.05,191,1051.59,95000,0,06-MAY-2024,
OPTSTK,LTTS,30-May-2024,5550.0,CE,0.0,0.0,0.0,7.8,1.95,0,0.0,1600,0,06-MAY-2024,
OPTSTK,LTTS,30-May-2024,5600.0,CE,4.05,4.75,3.65,4.6,4.6,88,493.18,55400,-1400,06-MAY-2024,
OPTSTK,LTTS,30-May-2024,5650.0,CE,0.0,0.0,0.0,6.0,1.1,0,0.0,0,0,06-MAY-2024,
OPTSTK,LTTS,30-May-2024,5700.0,CE,3.1,4.0,2.5,3.6,3.6,28,159.69,23700,-2100,06-MAY-2024,
OPTSTK,LTTS,30-May-2024,5750.0,CE,0.0,0.0,0.0,4.85,0.6,0,0.0,300,0,06-MAY-2024,
OPTSTK,LTTS,30-May-2024,5800.0,CE,2.85,3.3,2.8,3.1,3.1,46,266.93,31500,-700,06-MAY-2024,
OPTSTK,LTTS,30-May-2024,5900.0,CE,1.7,1.7,1.65,1.7,1.7,2,11.8,4500,-200,06-MAY-2024,
OPTSTK,LTTS,30-May-2024,6000.0,CE,2.8,3.0,2.6,2.7,2.7,28,168.07,31000,200,06-MAY-2024,
OPTSTK,LTTS,30-May-2024,3800.0,PE,7.6,8.45,7.2,7.85,7.85,4,15.23,600,400,06-MAY-2024,
OPTSTK,LTTS,30-May-2024,3900.0,PE,7.55,12.9,7.55,12.35,12.35,90,351.97,8400,3000,06-MAY-2024,
OPTSTK,LTTS,30-May-2024,4000.0,PE,12.0,20.2,11.8,19.65,19.65,277,1112.62,25800,13800,06-MAY-2024,
OPTSTK,LTTS,30-May-2024,4050.0,PE,18.7,23.4,18.7,22.2,21.75,7,28.49,500,300,06-MAY-2024,
OPTSTK,LTTS,30-May-2024,4100.0,PE,19.8,29.7,19.8,28.7,28.7,202,833.5,17400,4900,06-MAY-2024,
OPTSTK,LTTS,30-May-2024,4150.0,PE,24.95,36.0,23.15,34.5,34.5,250,1045.56,28600,-7600,06-MAY-2024,
OPTSTK,LTTS,30-May-2024,4200.0,PE,32.85,46.35,30.0,42.5,42.5,413,1751.0,68000,5900,06-MAY-2024,
OPTSTK,LTTS,30-May-2024,4250.0,PE,45.3,58.3,43.95,53.7,53.7,79,339.72,4900,-2800,06-MAY-2024,
OPTSTK,LTTS,30-May-2024,4300.0,PE,48.95,72.5,45.0,67.25,67.25,349,1521.9,56200,-3800,06-MAY-2024,
OPTSTK,LTTS,30-May-2024,4350.0,PE,55.05,88.7,55.0,79.7,79.7,146,645.99,10400,-600,06-MAY-2024,
OPTSTK,LTTS,30-May-2024,4400.0,PE,75.05,107.3,70.2,98.15,98.15,390,1752.42,50800,2600,06-MAY-2024,
OPTSTK,LTTS,30-May-2024,4450.0,PE,99.0,131.3,90.0,119.3,119.3,71,323.96,7400,1000,06-MAY-2024,
OPTSTK,LTTS,30-May-2024,4500.0,PE,106.8,155.6,106.8,142.5,142.5,613,2842.19,65500,900,06-MAY-2024,
OPTSTK,LTTS,30-May-2024,4550.0,PE,130.65,179.05,130.65,169.75,169.75,108,508.72,8500,800,06-MAY-2024,
OPTSTK,LTTS,30-May-2024,4600.0,PE,155.05,212.4,146.45,196.3,196.3,192,918.84,47000,-2500,06-MAY-2024,
OPTSTK,LTTS,30-May-2024,4650.0,PE,216.35,234.0,202.6,225.75,238.95,16,78.01,9900,300,06-MAY-2024,
OPTSTK,LTTS,30-May-2024,4700.0,PE,230.0,271.4,230.0,266.4,266.4,87,431.3,62100,200,06-MAY-2024,
OPTSTK,LTTS,30-May-2024,4750.0,PE,249.95,294.55,249.95,294.55,306.9,6,30.15,7500,0,06-MAY-2024,
OPTSTK,LTTS,30-May-2024,4800.0,PE,349.0,354.0,324.4,340.0,340.0,22,113.03,32900,-200,06-MAY-2024,
OPTSTK,LTTS,30-May-2024,4850.0,PE,0.0,0.0,0.0,269.95,382.6,0,0.0,300,0,06-MAY-2024,
OPTSTK,LTTS,30-May-2024,4900.0,PE,430.0,430.0,405.95,425.0,422.9,5,26.61,11300,-100,06-MAY-2024,
OPTSTK,LTTS,30-May-2024,4950.0,PE,0.0,0.0,0.0,422.0,464.6,0,0.0,3300,0,06-MAY-2024,
OPTSTK,LTTS,30-May-2024,5000.0,PE,498.6,510.0,483.9,510.0,510.0,16,88.0,35400,-800,06-MAY-2024,
OPTSTK,LTTS,30-May-2024,5050.0,PE,0.0,0.0,0.0,456.05,551.75,0,0.0,700,0,06-MAY-2024,
OPTSTK,LTTS,30-May-2024,5100.0,PE,547.0,587.0,540.0,586.0,596.8,8,45.22,16200,-600,06-MAY-2024,
OPTSTK,LTTS,30-May-2024,5150.0,PE,0.0,0.0,0.0,510.0,642.75,0,0.0,1600,0,06-MAY-2024,
OPTSTK,LTTS,30-May-2024,5200.0,PE,0.0,0.0,0.0,646.1,689.35,0,0.0,30100,0,06-MAY-2024,
OPTSTK,LTTS,30-May-2024,5250.0,PE,0.0,0.0,0.0,172.4,736.6,0,0.0,0,0,06-MAY-2024,
OPTSTK,LTTS,30-May-2024,5300.0,PE,799.35,799.4,761.1,770.0,784.3,34,206.67,18700,-2100,06-MAY-2024,
OPTSTK,LTTS,30-May-2024,5350.0,PE,817.05,817.05,817.05,817.05,832.45,2,12.33,200,200,06-MAY-2024,
OPTSTK,LTTS,30-May-2024,5400.0,PE,0.0,0.0,0.0,837.7,880.95,0,0.0,11900,0,06-MAY-2024,
OPTSTK,LTTS,30-May-2024,5500.0,PE,960.0,960.0,955.0,955.0,978.7,3,19.37,26300,-300,06-MAY-2024,
OPTSTK,LTTS,30-May-2024,5600.0,PE,0.0,0.0,0.0,970.0,1077.15,0,0.0,3200,0,06-MAY-2024,
OPTSTK,LTTS,30-May-2024,5700.0,PE,1170.0,1170.0,1170.0,1170.0,1176.05,2,13.74,1600,0,06-MAY-2024,
OPTSTK,LTTS,30-May-2024,5800.0,PE,0.0,0.0,0.0,700.0,1275.2,0,0.0,4600,0,06-MAY-2024,
OPTSTK,LTTS,30-May-2024,5900.0,PE,0.0,0.0,0.0,675.0,1374.55,0,0.0,200,0,06-MAY-2024,
OPTSTK,LTTS,27-Jun-2024,3800.0,CE,0.0,0.0,0.0,1753.65,761.05,0,0.0,0,0,06-MAY-2024,
OPTSTK,LTTS,27-Jun-2024,3900.0,CE,0.0,0.0,0.0,1475.8,674.1,0,0.0,0,0,06-MAY-2024,
OPTSTK,LTTS,27-Jun-2024,4000.0,CE,0.0,0.0,0.0,1561.5,591.4,0,0.0,0,0,06-MAY-2024,
OPTSTK,LTTS,27-Jun-2024,4050.0,CE,0.0,0.0,0.0,1192.35,551.85,0,0.0,0,0,06-MAY-2024,
OPTSTK,LTTS,27-Jun-2024,4100.0,CE,0.0,0.0,0.0,1466.75,513.6,0,0.0,0,0,06-MAY-2024,
OPTSTK,LTTS,27-Jun-2024,4150.0,CE,0.0,0.0,0.0,1098.35,476.95,0,0.0,0,0,06-MAY-2024,
OPTSTK,LTTS,27-Jun-2024,4200.0,CE,0.0,0.0,0.0,1373.3,441.35,0,0.0,0,0,06-MAY-2024,
OPTSTK,LTTS,27-Jun-2024,4250.0,CE,0.0,0.0,0.0,1006.25,407.5,0,0.0,0,0,06-MAY-2024,
OPTSTK,LTTS,27-Jun-2024,4300.0,CE,0.0,0.0,0.0,1281.35,375.25,0,0.0,0,0,06-MAY-2024,
OPTSTK,LTTS,27-Jun-2024,4350.0,CE,0.0,0.0,0.0,916.6,344.65,0,0.0,0,0,06-MAY-2024,
OPTSTK,LTTS,27-Jun-2024,4400.0,CE,0.0,0.0,0.0,1191.3,315.65,0,0.0,0,0,06-MAY-2024,
OPTSTK,LTTS,27-Jun-2024,4450.0,CE,0.0,0.0,0.0,829.8,288.25,0,0.0,0,0,06-MAY-2024,
OPTSTK,LTTS,27-Jun-2024,4500.0,CE,282.8,282.8,246.05,246.05,262.55,2,9.52,200,200,06-MAY-2024,
OPTSTK,LTTS,27-Jun-2024,4550.0,CE,0.0,0.0,0.0,746.5,238.45,0,0.0,0,0,06-MAY-2024,
OPTSTK,LTTS,27-Jun-2024,4600.0,CE,0.0,0.0,0.0,1018.15,216.0,0,0.0,0,0,06-MAY-2024,
OPTSTK,LTTS,27-Jun-2024,4650.0,CE,0.0,0.0,0.0,667.05,195.1,0,0.0,0,0,06-MAY-2024,
OPTSTK,LTTS,27-Jun-2024,4700.0,CE,0.0,0.0,0.0,935.7,175.75,0,0.0,0,0,06-MAY-2024,
OPTSTK,LTTS,27-Jun-2024,4750.0,CE,0.0,0.0,0.0,592.2,157.9,0,0.0,0,0,06-MAY-2024,
OPTSTK,LTTS,27-Jun-2024,4800.0,CE,106.45,106.45,106.45,106.45,106.45,3,14.71,5700,100,06-MAY-2024,
OPTSTK,LTTS,27-Jun-2024,4850.0,CE,0.0,0.0,0.0,521.65,126.4,0,0.0,0,0,06-MAY-2024,
OPTSTK,LTTS,27-Jun-2024,4900.0,CE,0.0,0.0,0.0,780.65,112.65,0,0.0,0,0,06-MAY-2024,
OPTSTK,LTTS,27-Jun-2024,4950.0,CE,0.0,0.0,0.0,456.45,100.35,0,0.0,0,0,06-MAY-2024,
OPTSTK,LTTS,27-Jun-2024,5000.0,CE,85.5,93.35,85.5,92.0,92.0,117,595.36,17600,4200,06-MAY-2024,
OPTSTK,LTTS,27-Jun-2024,5050.0,CE,0.0,0.0,0.0,396.55,78.6,0,0.0,0,0,06-MAY-2024,
OPTSTK,LTTS,27-Jun-2024,5100.0,CE,0.0,0.0,0.0,640.25,69.35,0,0.0,0,0,06-MAY-2024,
OPTSTK,LTTS,27-Jun-2024,5150.0,CE,0.0,0.0,0.0,342.0,61.05,0,0.0,0,0,06-MAY-2024,
OPTSTK,LTTS,27-Jun-2024,5200.0,CE,0.0,0.0,0.0,576.25,53.6,0,0.0,0,0,06-MAY-2024,
OPTSTK,LTTS,27-Jun-2024,5250.0,CE,0.0,0.0,0.0,292.85,46.9,0,0.0,0,0,06-MAY-2024,
OPTSTK,LTTS,27-Jun-2024,5300.0,CE,0.0,0.0,0.0,516.4,41.0,0,0.0,0,0,06-MAY-2024,
OPTSTK,LTTS,27-Jun-2024,5350.0,CE,0.0,0.0,0.0,248.95,35.75,0,0.0,0,0,06-MAY-2024,
OPTSTK,LTTS,27-Jun-2024,5400.0,CE,0.0,0.0,0.0,460.8,31.05,0,0.0,0,0,06-MAY-2024,
OPTSTK,LTTS,27-Jun-2024,5500.0,CE,0.0,0.0,0.0,409.45,23.35,0,0.0,0,0,06-MAY-2024,
OPTSTK,LTTS,27-Jun-2024,5600.0,CE,0.0,0.0,0.0,29.45,17.35,0,0.0,200,0,06-MAY-2024,
OPTSTK,LTTS,27-Jun-2024,3800.0,PE,0.0,0.0,0.0,3.1,23.4,0,0.0,0,0,06-MAY-2024,
OPTSTK,LTTS,27-Jun-2024,3900.0,PE,0.0,0.0,0.0,4.1,35.45,0,0.0,0,0,06-MAY-2024,
OPTSTK,LTTS,27-Jun-2024,4000.0,PE,50.55,75.0,50.55,74.0,74.0,35,142.33,15400,1500,06-MAY-2024,
OPTSTK,LTTS,27-Jun-2024,4050.0,PE,0.0,0.0,0.0,8.7,61.6,0,0.0,0,0,06-MAY-2024,
OPTSTK,LTTS,27-Jun-2024,4100.0,PE,0.0,0.0,0.0,10.85,72.9,0,0.0,0,0,06-MAY-2024,
OPTSTK,LTTS,27-Jun-2024,4150.0,PE,0.0,0.0,0.0,13.45,85.65,0,0.0,0,0,06-MAY-2024,
OPTSTK,LTTS,27-Jun-2024,4200.0,PE,91.95,125.0,89.95,125.0,99.55,15,64.54,5800,700,06-MAY-2024,
OPTSTK,LTTS,27-Jun-2024,4250.0,PE,0.0,0.0,0.0,20.1,115.25,0,0.0,0,0,06-MAY-2024,
OPTSTK,LTTS,27-Jun-2024,4300.0,PE,0.0,0.0,0.0,21.85,132.45,0,0.0,0,0,06-MAY-2024,
OPTSTK,LTTS,27-Jun-2024,4350.0,PE,0.0,0.0,0.0,29.2,151.3,0,0.0,0,0,06-MAY-2024,
OPTSTK,LTTS,27-Jun-2024,4400.0,PE,0.0,0.0,0.0,166.05,171.8,0,0.0,1100,0,06-MAY-2024,
OPTSTK,LTTS,27-Jun-2024,4450.0,PE,0.0,0.0,0.0,41.15,193.9,0,0.0,0,0,06-MAY-2024,
OPTSTK,LTTS,27-Jun-2024,4500.0,PE,242.0,243.1,233.8,239.0,217.7,10,47.39,9100,0,06-MAY-2024,
OPTSTK,LTTS,27-Jun-2024,4550.0,PE,0.0,0.0,0.0,56.6,243.1,0,0.0,0,0,06-MAY-2024,
OPTSTK,LTTS,27-Jun-2024,4600.0,PE,0.0,0.0,0.0,208.35,270.1,0,0.0,600,0,06-MAY-2024,
OPTSTK,LTTS,27-Jun-2024,4650.0,PE,0.0,0.0,0.0,75.9,298.7,0,0.0,0,0,06-MAY-2024,
OPTSTK,LTTS,27-Jun-2024,4700.0,PE,0.0,0.0,0.0,69.05,328.85,0,0.0,0,0,06-MAY-2024,
OPTSTK,LTTS,27-Jun-2024,4750.0,PE,0.0,0.0,0.0,99.8,360.45,0,0.0,0,0,06-MAY-2024,
OPTSTK,LTTS,27-Jun-2024,4800.0,PE,0.0,0.0,0.0,88.0,393.5,0,0.0,0,0,06-MAY-2024,
OPTSTK,LTTS,27-Jun-2024,4850.0,PE,0.0,0.0,0.0,150.0,427.95,0,0.0,100,0,06-MAY-2024,
OPTSTK,LTTS,27-Jun-2024,4900.0,PE,0.0,0.0,0.0,110.4,463.65,0,0.0,0,0,06-MAY-2024,
OPTSTK,LTTS,27-Jun-2024,4950.0,PE,0.0,0.0,0.0,161.55,500.85,0,0.0,0,0,06-MAY-2024,
OPTSTK,LTTS,27-Jun-2024,5000.0,PE,0.0,0.0,0.0,136.65,539.05,0,0.0,0,0,06-MAY-2024,
OPTSTK,LTTS,27-Jun-2024,5050.0,PE,0.0,0.0,0.0,200.4,578.1,0,0.0,0,0,06-MAY-2024,
OPTSTK,LTTS,27-Jun-2024,5100.0,PE,0.0,0.0,0.0,166.45,618.3,0,0.0,0,0,06-MAY-2024,
OPTSTK,LTTS,27-Jun-2024,5150.0,PE,0.0,0.0,0.0,244.6,659.45,0,0.0,0,0,06-MAY-2024,
OPTSTK,LTTS,27-Jun-2024,5200.0,PE,0.0,0.0,0.0,200.65,701.5,0,0.0,0,0,06-MAY-2024,
OPTSTK,LTTS,27-Jun-2024,5250.0,PE,0.0,0.0,0.0,294.15,744.35,0,0.0,0,0,06-MAY-2024,
OPTSTK,LTTS,27-Jun-2024,5300.0,PE,0.0,0.0,0.0,239.0,787.9,0,0.0,0,0,06-MAY-2024,
OPTSTK,LTTS,27-Jun-2024,5350.0,PE,0.0,0.0,0.0,349.0,832.1,0,0.0,0,0,06-MAY-2024,
OPTSTK,LTTS,27-Jun-2024,5400.0,PE,0.0,0.0,0.0,281.65,876.95,0,0.0,0,0,06-MAY-2024,
OPTSTK,LTTS,27-Jun-2024,5500.0,PE,0.0,0.0,0.0,328.5,968.15,0,0.0,0,0,06-MAY-2024,
OPTSTK,LTTS,27-Jun-2024,5600.0,PE,0.0,0.0,0.0,379.55,1061.15,0,0.0,0,0,06-MAY-2024,
OPTSTK,LTTS,27-Jun-2024,5800.0,PE,0.0,0.0,0.0,300.0,1251.1,0,0.0,400,0,06-MAY-2024,
OPTSTK,LTTS,25-Jul-2024,3800.0,CE,0.0,0.0,0.0,1459.3,804.6,0,0.0,0,0,06-MAY-2024,
OPTSTK,LTTS,25-Jul-2024,4000.0,CE,0.0,0.0,0.0,1272.05,645.7,0,0.0,0,0,06-MAY-2024,
OPTSTK,LTTS,25-Jul-2024,4100.0,CE,0.0,0.0,0.0,1180.9,573.0,0,0.0,0,0,06-MAY-2024,
OPTSTK,LTTS,25-Jul-2024,4200.0,CE,0.0,0.0,0.0,1091.85,504.8,0,0.0,0,0,06-MAY-2024,
OPTSTK,LTTS,25-Jul-2024,4300.0,CE,0.0,0.0,0.0,1005.3,442.0,0,0.0,0,0,06-MAY-2024,
OPTSTK,LTTS,25-Jul-2024,4400.0,CE,0.0,0.0,0.0,921.65,384.45,0,0.0,0,0,06-MAY-2024,
OPTSTK,LTTS,25-Jul-2024,4500.0,CE,0.0,0.0,0.0,841.15,332.2,0,0.0,0,0,06-MAY-2024,
OPTSTK,LTTS,25-Jul-2024,4600.0,CE,0.0,0.0,0.0,764.25,285.15,0,0.0,0,0,06-MAY-2024,
OPTSTK,LTTS,25-Jul-2024,4700.0,CE,0.0,0.0,0.0,691.25,243.2,0,0.0,0,0,06-MAY-2024,
OPTSTK,LTTS,25-Jul-2024,4800.0,CE,0.0,0.0,0.0,622.0,206.1,0,0.0,0,0,06-MAY-2024,
OPTSTK,LTTS,25-Jul-2024,4900.0,CE,0.0,0.0,0.0,557.25,173.6,0,0.0,0,0,06-MAY-2024,
OPTSTK,LTTS,25-Jul-2024,5000.0,CE,0.0,0.0,0.0,155.0,145.35,0,0.0,100,0,06-MAY-2024,
OPTSTK,LTTS,25-Jul-2024,5100.0,CE,0.0,0.0,0.0,441.1,121.25,0,0.0,0,0,06-MAY-2024,
OPTSTK,LTTS,25-Jul-2024,5200.0,CE,0.0,0.0,0.0,389.7,100.25,0,0.0,0,0,06-MAY-2024,
OPTSTK,LTTS,25-Jul-2024,5300.0,CE,0.0,0.0,0.0,342.7,82.55,0,0.0,0,0,06-MAY-2024,
OPTSTK,LTTS,25-Jul-2024,5400.0,CE,0.0,0.0,0.0,300.0,67.6,0,0.0,0,0,06-MAY-2024,
OPTSTK,LTTS,25-Jul-2024,5600.0,CE,0.0,0.0,0.0,226.85,44.65,0,0.0,0,0,06-MAY-2024,
OPTSTK,LTTS,25-Jul-2024,3800.0,PE,0.0,0.0,0.0,7.8,46.0,0,0.0,0,0,06-MAY-2024,
OPTSTK,LTTS,25-Jul-2024,4000.0,PE,115.7,115.7,115.0,115.0,84.0,2,8.23,300,200,06-MAY-2024,
OPTSTK,LTTS,25-Jul-2024,4100.0,PE,0.0,0.0,0.0,24.0,109.65,0,0.0,0,0,06-MAY-2024,
OPTSTK,LTTS,25-Jul-2024,4200.0,PE,0.0,0.0,0.0,33.15,139.9,0,0.0,0,0,06-MAY-2024,
OPTSTK,LTTS,25-Jul-2024,4300.0,PE,0.0,0.0,0.0,44.8,175.5,0,0.0,0,0,06-MAY-2024,
OPTSTK,LTTS,25-Jul-2024,4400.0,PE,0.0,0.0,0.0,59.3,216.4,0,0.0,0,0,06-MAY-2024,
OPTSTK,LTTS,25-Jul-2024,4500.0,PE,0.0,0.0,0.0,77.05,262.55,0,0.0,0,0,06-MAY-2024,
OPTSTK,LTTS,25-Jul-2024,4600.0,PE,0.0,0.0,0.0,98.3,313.9,0,0.0,0,0,06-MAY-2024,
OPTSTK,LTTS,25-Jul-2024,4700.0,PE,0.0,0.0,0.0,123.55,370.4,0,0.0,0,0,06-MAY-2024,
OPTSTK,LTTS,25-Jul-2024,4800.0,PE,0.0,0.0,0.0,152.45,431.75,0,0.0,0,0,06-MAY-2024,
OPTSTK,LTTS,25-Jul-2024,4900.0,PE,0.0,0.0,0.0,185.9,497.65,0,0.0,0,0,06-MAY-2024,
OPTSTK,LTTS,25-Jul-2024,5000.0,PE,0.0,0.0,0.0,223.8,567.8,0,0.0,0,0,06-MAY-2024,
OPTSTK,LTTS,25-Jul-2024,5100.0,PE,0.0,0.0,0.0,266.1,642.1,0,0.0,0,0,06-MAY-2024,
OPTSTK,LTTS,25-Jul-2024,5200.0,PE,0.0,0.0,0.0,312.9,719.55,0,0.0,0,0,06-MAY-2024,
OPTSTK,LTTS,25-Jul-2024,5300.0,PE,0.0,0.0,0.0,364.1,800.3,0,0.0,0,0,06-MAY-2024,
OPTSTK,LTTS,25-Jul-2024,5400.0,PE,0.0,0.0,0.0,419.6,883.75,0,0.0,0,0,06-MAY-2024,
OPTSTK,LTTS,25-Jul-2024,5600.0,PE,0.0,0.0,0.0,542.9,1057.65,0,0.0,0,0,06-MAY-2024,
OPTSTK,LUPIN,30-May-2024,1360.0,CE,0.0,0.0,0.0,238.0,326.05,0,0.0,2550,0,06-MAY-2024,
OPTSTK,LUPIN,30-May-2024,1380.0,CE,0.0,0.0,0.0,230.0,306.2,0,0.0,5100,0,06-MAY-2024,
OPTSTK,LUPIN,30-May-2024,1400.0,CE,251.4,255.0,251.4,255.0,286.45,8,56.22,22525,2125,06-MAY-2024,
OPTSTK,LUPIN,30-May-2024,1440.0,CE,0.0,0.0,0.0,208.65,247.25,0,0.0,850,0,06-MAY-2024,
OPTSTK,LUPIN,30-May-2024,1460.0,CE,0.0,0.0,0.0,194.6,227.9,0,0.0,425,0,06-MAY-2024,
OPTSTK,LUPIN,30-May-2024,1480.0,CE,0.0,0.0,0.0,200.3,208.8,0,0.0,1700,0,06-MAY-2024,
OPTSTK,LUPIN,30-May-2024,1500.0,CE,163.0,192.1,151.4,192.1,192.1,90,635.31,11475,-4250,06-MAY-2024,
OPTSTK,LUPIN,30-May-2024,1520.0,CE,147.0,169.7,134.8,169.7,169.7,12,85.33,7225,-425,06-MAY-2024,
OPTSTK,LUPIN,30-May-2024,1540.0,CE,135.15,160.0,119.3,157.65,157.65,9,64.33,5525,850,06-MAY-2024,
OPTSTK,LUPIN,30-May-2024,1560.0,CE,115.2,144.65,105.8,139.25,139.25,62,444.26,21675,5100,06-MAY-2024,
OPTSTK,LUPIN,30-May-2024,1580.0,CE,107.2,130.9,86.1,125.65,125.65,50,359.02,15300,1275,06-MAY-2024,
OPTSTK,LUPIN,30-May-2024,1600.0,CE,99.0,116.85,74.0,109.4,109.4,686,4940.85,90525,-4250,06-MAY-2024,
OPTSTK,LUPIN,30-May-2024,1620.0,CE,88.35,100.0,67.6,94.4,94.4,83,599.16,45900,850,06-MAY-2024,
OPTSTK,LUPIN,30-May-2024,1640.0,CE,80.0,90.0,54.5,83.1,83.1,1721,12503.15,154700,54400,06-MAY-2024,
OPTSTK,LUPIN,30-May-2024,1660.0,CE,63.55,78.65,45.85,72.45,72.45,3779,27622.66,329800,185725,06-MAY-2024,
OPTSTK,LUPIN,30-May-2024,1680.0,CE,56.45,68.8,38.3,62.65,62.65,2644,19515.51,217175,134725,06-MAY-2024,
OPTSTK,LUPIN,30-May-2024,1700.0,CE,47.25,60.0,32.05,53.9,53.9,6558,48691.16,625600,235875,06-MAY-2024,
OPTSTK,LUPIN,30-May-2024,1720.0,CE,29.0,51.9,27.0,46.65,46.65,1186,8867.31,109650,55675,06-MAY-2024,
OPTSTK,LUPIN,30-May-2024,1740.0,CE,28.0,44.9,22.45,39.8,39.8,1486,11196.59,142375,87125,06-MAY-2024,
OPTSTK,LUPIN,30-May-2024,1760.0,CE,27.0,38.7,18.0,33.55,33.55,1023,7764.89,110075,45050,06-MAY-2024,
OPTSTK,LUPIN,30-May-2024,1780.0,CE,23.55,33.25,14.85,28.2,28.2,865,6624.13,60350,34000,06-MAY-2024,
OPTSTK,LUPIN,30-May-2024,1800.0,CE,19.55,28.15,11.6,24.35,24.35,5010,38754.03,651950,507875,06-MAY-2024,
OPTSTK,LUPIN,30-May-2024,1820.0,CE,12.5,23.3,10.15,20.4,20.4,310,2420.77,64175,64175,06-MAY-2024,
OPTSTK,LUPIN,30-May-2024,1840.0,CE,12.4,20.45,8.0,17.3,17.3,1653,13022.47,167450,95200,06-MAY-2024,
OPTSTK,LUPIN,30-May-2024,1880.0,CE,8.25,14.5,4.65,11.6,11.6,3332,26737.21,378250,238850,06-MAY-2024,
OPTSTK,LUPIN,30-May-2024,1320.0,PE,2.25,2.4,1.2,1.55,1.55,47,264.09,14450,13600,06-MAY-2024,
OPTSTK,LUPIN,30-May-2024,1360.0,PE,0.0,0.0,0.0,0.4,0.1,0,0.0,850,0,06-MAY-2024,
OPTSTK,LUPIN,30-May-2024,1400.0,PE,2.45,3.55,1.95,2.4,2.4,803,4787.0,133025,5525,06-MAY-2024,
OPTSTK,LUPIN,30-May-2024,1420.0,PE,0.0,0.0,0.0,4.45,0.55,0,0.0,4250,0,06-MAY-2024,
OPTSTK,LUPIN,30-May-2024,1440.0,PE,0.0,0.0,0.0,4.1,0.95,0,0.0,8075,0,06-MAY-2024,
OPTSTK,LUPIN,30-May-2024,1460.0,PE,5.05,7.55,4.7,5.9,5.9,1467,9140.88,182325,122825,06-MAY-2024,
OPTSTK,LUPIN,30-May-2024,1480.0,PE,6.0,9.45,6.0,7.0,7.0,316,1998.17,45475,25075,06-MAY-2024,
OPTSTK,LUPIN,30-May-2024,1500.0,PE,8.9,12.45,7.4,8.45,8.45,2817,18077.78,279650,101150,06-MAY-2024,
OPTSTK,LUPIN,30-May-2024,1520.0,PE,13.0,15.35,8.95,10.4,10.4,318,2070.68,67150,28900,06-MAY-2024,
OPTSTK,LUPIN,30-May-2024,1540.0,PE,14.5,20.0,11.25,12.9,12.9,366,2420.36,61625,12325,06-MAY-2024,
OPTSTK,LUPIN,30-May-2024,1560.0,PE,18.6,25.0,12.15,16.0,16.0,962,6459.51,74375,5100,06-MAY-2024,
OPTSTK,LUPIN,30-May-2024,1580.0,PE,23.0,32.05,18.1,20.4,20.4,688,4690.76,84575,33150,06-MAY-2024,
OPTSTK,LUPIN,30-May-2024,1600.0,PE,28.95,40.0,22.75,24.95,24.95,2551,17690.34,286875,102000,06-MAY-2024,
OPTSTK,LUPIN,30-May-2024,1620.0,PE,36.0,47.9,28.0,31.5,31.5,286,2013.09,59075,15725,06-MAY-2024,
OPTSTK,LUPIN,30-May-2024,1640.0,PE,48.55,59.2,35.0,39.15,39.15,1018,7299.03,107950,58225,06-MAY-2024,
OPTSTK,LUPIN,30-May-2024,1660.0,PE,53.95,70.1,43.05,46.35,46.35,1402,10231.02,262225,212075,06-MAY-2024,
OPTSTK,LUPIN,30-May-2024,1680.0,PE,64.25,83.0,53.0,56.6,56.6,729,5389.81,147475,128350,06-MAY-2024,
OPTSTK,LUPIN,30-May-2024,1700.0,PE,77.75,94.0,64.4,67.75,67.75,450,3396.29,114750,20400,06-MAY-2024,
OPTSTK,LUPIN,30-May-2024,1720.0,PE,102.3,105.05,76.9,80.1,80.1,63,483.76,8925,-425,06-MAY-2024,
OPTSTK,LUPIN,30-May-2024,1740.0,PE,120.6,120.6,120.6,120.6,83.1,1,7.9,7225,0,06-MAY-2024,
OPTSTK,LUPIN,30-May-2024,1760.0,PE,126.55,137.65,123.3,128.2,96.9,18,144.41,6375,6375,06-MAY-2024,
OPTSTK,LUPIN,30-May-2024,1780.0,PE,152.7,152.7,152.7,152.7,111.8,1,8.21,6375,425,06-MAY-2024,
OPTSTK,LUPIN,30-May-2024,1800.0,PE,169.4,169.4,134.95,136.65,136.65,6,49.58,4250,425,06-MAY-2024,
OPTSTK,LUPIN,30-May-2024,1820.0,PE,0.0,0.0,0.0,204.75,143.85,0,0.0,0,0,06-MAY-2024,
OPTSTK,LUPIN,30-May-2024,1840.0,PE,194.05,206.05,193.85,194.1,161.0,5,43.27,1275,1275,06-MAY-2024,
OPTSTK,LUPIN,30-May-2024,1880.0,PE,0.0,0.0,0.0,255.1,196.85,0,0.0,0,0,06-MAY-2024,
OPTSTK,LUPIN,27-Jun-2024,1360.0,CE,0.0,0.0,0.0,292.3,335.4,0,0.0,0,0,06-MAY-2024,
OPTSTK,LUPIN,27-Jun-2024,1400.0,CE,0.0,0.0,0.0,258.5,297.45,0,0.0,0,0,06-MAY-2024,
OPTSTK,LUPIN,27-Jun-2024,1440.0,CE,0.0,0.0,0.0,226.5,260.5,0,0.0,0,0,06-MAY-2024,
OPTSTK,LUPIN,27-Jun-2024,1460.0,CE,0.0,0.0,0.0,176.25,242.55,0,0.0,0,0,06-MAY-2024,
OPTSTK,LUPIN,27-Jun-2024,1480.0,CE,0.0,0.0,0.0,196.6,225.05,0,0.0,0,0,06-MAY-2024,
OPTSTK,LUPIN,27-Jun-2024,1500.0,CE,0.0,0.0,0.0,147.3,208.05,0,0.0,0,0,06-MAY-2024,
OPTSTK,LUPIN,27-Jun-2024,1520.0,CE,0.0,0.0,0.0,168.9,191.55,0,0.0,0,0,06-MAY-2024,
OPTSTK,LUPIN,27-Jun-2024,1540.0,CE,0.0,0.0,0.0,121.25,175.7,0,0.0,0,0,06-MAY-2024,
OPTSTK,LUPIN,27-Jun-2024,1560.0,CE,0.0,0.0,0.0,143.7,160.45,0,0.0,0,0,06-MAY-2024,
OPTSTK,LUPIN,27-Jun-2024,1580.0,CE,0.0,0.0,0.0,98.25,145.95,0,0.0,0,0,06-MAY-2024,
OPTSTK,LUPIN,27-Jun-2024,1600.0,CE,0.0,0.0,0.0,121.0,132.1,0,0.0,0,0,06-MAY-2024,
OPTSTK,LUPIN,27-Jun-2024,1620.0,CE,0.0,0.0,0.0,78.35,119.1,0,0.0,0,0,06-MAY-2024,
OPTSTK,LUPIN,27-Jun-2024,1640.0,CE,0.0,0.0,0.0,100.9,106.9,0,0.0,0,0,06-MAY-2024,
OPTSTK,LUPIN,27-Jun-2024,1660.0,CE,0.0,0.0,0.0,61.55,95.55,0,0.0,0,0,06-MAY-2024,
OPTSTK,LUPIN,27-Jun-2024,1680.0,CE,0.0,0.0,0.0,83.3,85.0,0,0.0,0,0,06-MAY-2024,
OPTSTK,LUPIN,27-Jun-2024,1700.0,CE,0.0,0.0,0.0,47.55,75.25,0,0.0,0,0,06-MAY-2024,
OPTSTK,LUPIN,27-Jun-2024,1720.0,CE,0.0,0.0,0.0,68.1,66.3,0,0.0,0,0,06-MAY-2024,
OPTSTK,LUPIN,27-Jun-2024,1740.0,CE,0.0,0.0,0.0,36.2,58.15,0,0.0,0,0,06-MAY-2024,
OPTSTK,LUPIN,27-Jun-2024,1760.0,CE,0.0,0.0,0.0,55.15,50.8,0,0.0,0,0,06-MAY-2024,
OPTSTK,LUPIN,27-Jun-2024,1780.0,CE,0.0,0.0,0.0,27.15,44.15,0,0.0,0,0,06-MAY-2024,
OPTSTK,LUPIN,27-Jun-2024,1800.0,CE,55.0,55.05,55.0,55.05,55.05,2,15.76,850,850,06-MAY-2024,
OPTSTK,LUPIN,27-Jun-2024,1820.0,CE,0.0,0.0,0.0,20.05,33.0,0,0.0,0,0,06-MAY-2024,
OPTSTK,LUPIN,27-Jun-2024,1840.0,CE,0.0,0.0,0.0,35.25,28.35,0,0.0,0,0,06-MAY-2024,
OPTSTK,LUPIN,27-Jun-2024,1880.0,CE,0.0,0.0,0.0,27.75,20.5,0,0.0,0,0,06-MAY-2024,
OPTSTK,LUPIN,27-Jun-2024,1360.0,PE,0.0,0.0,0.0,11.2,1.75,0,0.0,0,0,06-MAY-2024,
OPTSTK,LUPIN,27-Jun-2024,1400.0,PE,0.0,0.0,0.0,16.7,3.35,0,0.0,0,0,06-MAY-2024,
OPTSTK,LUPIN,27-Jun-2024,1440.0,PE,0.0,0.0,0.0,23.95,6.0,0,0.0,0,0,06-MAY-2024,
OPTSTK,LUPIN,27-Jun-2024,1460.0,PE,0.0,0.0,0.0,23.55,7.85,0,0.0,0,0,06-MAY-2024,
OPTSTK,LUPIN,27-Jun-2024,1480.0,PE,0.0,0.0,0.0,33.35,10.15,0,0.0,0,0,06-MAY-2024,
OPTSTK,LUPIN,27-Jun-2024,1500.0,PE,22.0,22.0,22.0,22.0,22.0,4,25.87,1700,0,06-MAY-2024,
OPTSTK,LUPIN,27-Jun-2024,1520.0,PE,0.0,0.0,0.0,44.9,16.25,0,0.0,0,0,06-MAY-2024,
OPTSTK,LUPIN,27-Jun-2024,1540.0,PE,0.0,0.0,0.0,47.55,20.15,0,0.0,0,0,06-MAY-2024,
OPTSTK,LUPIN,27-Jun-2024,1560.0,PE,0.0,0.0,0.0,59.0,24.75,0,0.0,0,0,06-MAY-2024,
OPTSTK,LUPIN,27-Jun-2024,1580.0,PE,0.0,0.0,0.0,64.05,30.05,0,0.0,0,0,06-MAY-2024,
OPTSTK,LUPIN,27-Jun-2024,1600.0,PE,0.0,0.0,0.0,75.6,36.0,0,0.0,0,0,06-MAY-2024,
OPTSTK,LUPIN,27-Jun-2024,1620.0,PE,0.0,0.0,0.0,83.65,42.8,0,0.0,0,0,06-MAY-2024,
OPTSTK,LUPIN,27-Jun-2024,1640.0,PE,0.0,0.0,0.0,94.8,50.35,0,0.0,0,0,06-MAY-2024,
OPTSTK,LUPIN,27-Jun-2024,1660.0,PE,0.0,0.0,0.0,106.3,58.8,0,0.0,0,0,06-MAY-2024,
OPTSTK,LUPIN,27-Jun-2024,1680.0,PE,0.0,0.0,0.0,116.5,68.0,0,0.0,0,0,06-MAY-2024,
OPTSTK,LUPIN,27-Jun-2024,1700.0,PE,0.0,0.0,0.0,131.85,78.05,0,0.0,0,0,06-MAY-2024,
OPTSTK,LUPIN,27-Jun-2024,1720.0,PE,0.0,0.0,0.0,140.55,88.95,0,0.0,0,0,06-MAY-2024,
OPTSTK,LUPIN,27-Jun-2024,1740.0,PE,0.0,0.0,0.0,159.95,100.6,0,0.0,0,0,06-MAY-2024,
OPTSTK,LUPIN,27-Jun-2024,1760.0,PE,0.0,0.0,0.0,166.9,113.0,0,0.0,0,0,06-MAY-2024,
OPTSTK,LUPIN,27-Jun-2024,1780.0,PE,0.0,0.0,0.0,190.45,126.15,0,0.0,0,0,06-MAY-2024,
OPTSTK,LUPIN,27-Jun-2024,1800.0,PE,0.0,0.0,0.0,195.3,140.0,0,0.0,0,0,06-MAY-2024,
OPTSTK,LUPIN,27-Jun-2024,1820.0,PE,0.0,0.0,0.0,222.85,154.6,0,0.0,0,0,06-MAY-2024,
OPTSTK,LUPIN,27-Jun-2024,1840.0,PE,0.0,0.0,0.0,225.55,169.7,0,0.0,0,0,06-MAY-2024,
OPTSTK,LUPIN,27-Jun-2024,1880.0,PE,0.0,0.0,0.0,257.35,201.5,0,0.0,0,0,06-MAY-2024,
OPTSTK,LUPIN,25-Jul-2024,1360.0,CE,0.0,0.0,0.0,272.6,346.1,0,0.0,0,0,06-MAY-2024,
OPTSTK,LUPIN,25-Jul-2024,1440.0,CE,0.0,0.0,0.0,208.7,274.8,0,0.0,0,0,06-MAY-2024,
OPTSTK,LUPIN,25-Jul-2024,1480.0,CE,0.0,0.0,0.0,180.0,241.4,0,0.0,0,0,06-MAY-2024,
OPTSTK,LUPIN,25-Jul-2024,1520.0,CE,0.0,0.0,0.0,153.6,209.95,0,0.0,0,0,06-MAY-2024,
OPTSTK,LUPIN,25-Jul-2024,1560.0,CE,0.0,0.0,0.0,129.75,180.7,0,0.0,0,0,06-MAY-2024,
OPTSTK,LUPIN,25-Jul-2024,1600.0,CE,0.0,0.0,0.0,108.55,153.8,0,0.0,0,0,06-MAY-2024,
OPTSTK,LUPIN,25-Jul-2024,1640.0,CE,0.0,0.0,0.0,89.85,129.55,0,0.0,0,0,06-MAY-2024,
OPTSTK,LUPIN,25-Jul-2024,1680.0,CE,0.0,0.0,0.0,73.65,107.9,0,0.0,0,0,06-MAY-2024,
OPTSTK,LUPIN,25-Jul-2024,1720.0,CE,0.0,0.0,0.0,59.75,88.9,0,0.0,0,0,06-MAY-2024,
OPTSTK,LUPIN,25-Jul-2024,1760.0,CE,0.0,0.0,0.0,48.05,72.45,0,0.0,0,0,06-MAY-2024,
OPTSTK,LUPIN,25-Jul-2024,1800.0,CE,0.0,0.0,0.0,38.35,58.4,0,0.0,0,0,06-MAY-2024,
OPTSTK,LUPIN,25-Jul-2024,1840.0,CE,0.0,0.0,0.0,30.2,46.6,0,0.0,0,0,06-MAY-2024,
OPTSTK,LUPIN,25-Jul-2024,1920.0,CE,0.0,0.0,0.0,18.35,28.8,0,0.0,0,0,06-MAY-2024,
OPTSTK,LUPIN,25-Jul-2024,1360.0,PE,0.0,0.0,0.0,13.6,4.95,0,0.0,0,0,06-MAY-2024,
OPTSTK,LUPIN,25-Jul-2024,1440.0,PE,0.0,0.0,0.0,28.3,12.35,0,0.0,0,0,06-MAY-2024,
OPTSTK,LUPIN,25-Jul-2024,1480.0,PE,0.0,0.0,0.0,38.85,18.35,0,0.0,0,0,06-MAY-2024,
OPTSTK,LUPIN,25-Jul-2024,1520.0,PE,0.0,0.0,0.0,51.75,26.25,0,0.0,0,0,06-MAY-2024,
OPTSTK,LUPIN,25-Jul-2024,1560.0,PE,0.0,0.0,0.0,67.2,36.4,0,0.0,0,0,06-MAY-2024,
OPTSTK,LUPIN,25-Jul-2024,1600.0,PE,0.0,0.0,0.0,85.25,48.85,0,0.0,0,0,06-MAY-2024,
OPTSTK,LUPIN,25-Jul-2024,1640.0,PE,0.0,0.0,0.0,105.85,63.95,0,0.0,0,0,06-MAY-2024,
OPTSTK,LUPIN,25-Jul-2024,1680.0,PE,0.0,0.0,0.0,128.9,81.7,0,0.0,0,0,06-MAY-2024,
OPTSTK,LUPIN,25-Jul-2024,1720.0,PE,0.0,0.0,0.0,154.3,102.05,0,0.0,0,0,06-MAY-2024,
OPTSTK,LUPIN,25-Jul-2024,1760.0,PE,0.0,0.0,0.0,181.85,124.95,0,0.0,0,0,06-MAY-2024,
OPTSTK,LUPIN,25-Jul-2024,1800.0,PE,0.0,0.0,0.0,211.45,150.3,0,0.0,0,0,06-MAY-2024,
OPTSTK,LUPIN,25-Jul-2024,1840.0,PE,0.0,0.0,0.0,242.6,177.85,0,0.0,0,0,06-MAY-2024,
OPTSTK,LUPIN,25-Jul-2024,1920.0,PE,0.0,0.0,0.0,309.25,238.8,0,0.0,0,0,06-MAY-2024,
OPTSTK,M&M,30-May-2024,1640.0,CE,0.0,0.0,0.0,443.0,592.55,0,0.0,1050,0,06-MAY-2024,
OPTSTK,M&M,30-May-2024,1720.0,CE,0.0,0.0,0.0,308.25,512.95,0,0.0,5250,0,06-MAY-2024,
OPTSTK,M&M,30-May-2024,1760.0,CE,0.0,0.0,0.0,331.0,473.15,0,0.0,6650,0,06-MAY-2024,
OPTSTK,M&M,30-May-2024,1800.0,CE,0.0,0.0,0.0,312.75,433.5,0,0.0,27650,0,06-MAY-2024,
OPTSTK,M&M,30-May-2024,1840.0,CE,0.0,0.0,0.0,189.7,393.95,0,0.0,0,0,06-MAY-2024,
OPTSTK,M&M,30-May-2024,1860.0,CE,0.0,0.0,0.0,240.0,374.3,0,0.0,0,0,06-MAY-2024,
OPTSTK,M&M,30-May-2024,1880.0,CE,0.0,0.0,0.0,327.9,354.7,0,0.0,1750,0,06-MAY-2024,
OPTSTK,M&M,30-May-2024,1900.0,CE,335.0,335.0,335.0,335.0,335.25,1,7.82,17150,350,06-MAY-2024,
OPTSTK,M&M,30-May-2024,1920.0,CE,0.0,0.0,0.0,167.8,315.95,0,0.0,2450,0,06-MAY-2024,
OPTSTK,M&M,30-May-2024,1940.0,CE,0.0,0.0,0.0,146.6,296.85,0,0.0,16800,0,06-MAY-2024,
OPTSTK,M&M,30-May-2024,1960.0,CE,277.0,277.0,277.0,277.0,278.0,1,7.82,11900,0,06-MAY-2024,
OPTSTK,M&M,30-May-2024,1980.0,CE,0.0,0.0,0.0,233.0,259.45,0,0.0,1750,0,06-MAY-2024,
OPTSTK,M&M,30-May-2024,2000.0,CE,231.6,257.8,231.6,247.0,247.0,36,282.87,108850,-2100,06-MAY-2024,
OPTSTK,M&M,30-May-2024,2020.0,CE,0.0,0.0,0.0,185.25,223.4,0,0.0,21700,0,06-MAY-2024,
OPTSTK,M&M,30-May-2024,2040.0,CE,203.0,203.0,203.0,203.0,206.1,1,7.85,59850,0,06-MAY-2024,
OPTSTK,M&M,30-May-2024,2060.0,CE,182.7,195.0,182.7,184.4,189.3,8,62.97,50050,-700,06-MAY-2024,
OPTSTK,M&M,30-May-2024,2080.0,CE,179.95,180.0,174.7,174.7,173.05,6,47.4,76650,-700,06-MAY-2024,
OPTSTK,M&M,30-May-2024,2100.0,CE,138.0,175.55,138.0,162.8,162.8,175,1381.29,217000,-2100,06-MAY-2024,
OPTSTK,M&M,30-May-2024,2120.0,CE,125.25,148.65,125.25,148.65,148.65,21,166.18,77700,-2800,06-MAY-2024,
OPTSTK,M&M,30-May-2024,2140.0,CE,116.0,145.65,115.4,135.75,135.75,153,1213.72,95550,-1750,06-MAY-2024,
OPTSTK,M&M,30-May-2024,2160.0,CE,92.55,132.0,92.55,121.8,121.8,198,1575.86,107100,-20650,06-MAY-2024,
OPTSTK,M&M,30-May-2024,2180.0,CE,82.55,120.0,82.5,108.8,108.8,502,4007.29,82950,-38500,06-MAY-2024,
OPTSTK,M&M,30-May-2024,2200.0,CE,74.0,108.75,71.55,97.4,97.4,4379,35124.58,365400,-130200,06-MAY-2024,
OPTSTK,M&M,30-May-2024,2220.0,CE,59.3,97.0,59.3,86.45,86.45,2898,23351.99,207550,-5250,06-MAY-2024,
OPTSTK,M&M,30-May-2024,2240.0,CE,53.65,86.6,53.6,76.5,76.5,6112,49511.63,789600,647500,06-MAY-2024,
OPTSTK,M&M,30-May-2024,2260.0,CE,46.7,76.0,46.7,66.8,66.8,1234,10038.02,201250,78400,06-MAY-2024,
OPTSTK,M&M,30-May-2024,2280.0,CE,41.0,66.8,41.0,58.5,58.5,1710,13972.13,236250,-11900,06-MAY-2024,
OPTSTK,M&M,30-May-2024,2300.0,CE,35.55,58.65,34.4,50.65,50.65,3653,30034.3,605150,32900,06-MAY-2024,
OPTSTK,M&M,30-May-2024,2320.0,CE,29.65,51.0,29.65,43.85,43.85,572,4727.73,144550,7700,06-MAY-2024,
OPTSTK,M&M,30-May-2024,2340.0,CE,26.05,44.2,26.05,37.85,37.85,509,4231.6,68600,11900,06-MAY-2024,
OPTSTK,M&M,30-May-2024,2360.0,CE,21.25,38.1,21.1,32.6,32.6,1204,10076.57,407400,12250,06-MAY-2024,
OPTSTK,M&M,30-May-2024,2380.0,CE,18.1,33.05,18.1,28.4,28.4,356,2998.72,58450,25900,06-MAY-2024,
OPTSTK,M&M,30-May-2024,2400.0,CE,15.95,28.8,15.95,23.95,23.95,2077,17613.7,241500,135450,06-MAY-2024,
OPTSTK,M&M,30-May-2024,2420.0,CE,13.9,24.2,13.65,20.55,20.55,431,3680.1,98350,23450,06-MAY-2024,
OPTSTK,M&M,30-May-2024,2440.0,CE,11.9,20.8,11.9,17.05,17.05,476,4093.2,75600,52850,06-MAY-2024,
OPTSTK,M&M,30-May-2024,2460.0,CE,9.65,18.05,9.65,15.05,15.05,684,5922.51,161000,1050,06-MAY-2024,
OPTSTK,M&M,30-May-2024,2480.0,CE,8.5,15.4,8.45,12.3,12.3,1253,10929.31,138950,96600,06-MAY-2024,
OPTSTK,M&M,30-May-2024,1640.0,PE,0.0,0.0,0.0,1.45,0.0,0,0.0,2450,0,06-MAY-2024,
OPTSTK,M&M,30-May-2024,1720.0,PE,1.05,1.05,0.6,1.0,1.0,23,138.52,64050,-350,06-MAY-2024,
OPTSTK,M&M,30-May-2024,1760.0,PE,1.25,1.6,1.25,1.55,1.55,14,86.31,44100,-1400,06-MAY-2024,
OPTSTK,M&M,30-May-2024,1800.0,PE,1.95,2.1,1.5,2.1,2.1,53,334.25,91700,-6650,06-MAY-2024,
OPTSTK,M&M,30-May-2024,1820.0,PE,2.4,2.4,1.8,2.1,2.1,2,12.75,8400,-700,06-MAY-2024,
OPTSTK,M&M,30-May-2024,1840.0,PE,1.9,2.0,1.5,2.0,0.5,9,58.01,16100,1400,06-MAY-2024,
OPTSTK,M&M,30-May-2024,1860.0,PE,2.85,3.7,2.2,3.25,3.25,210,1369.31,32200,7350,06-MAY-2024,
OPTSTK,M&M,30-May-2024,1880.0,PE,3.0,4.15,3.0,3.85,3.85,63,415.32,13300,-1050,06-MAY-2024,
OPTSTK,M&M,30-May-2024,1900.0,PE,4.0,5.25,3.55,4.75,4.75,556,3705.58,246750,-43400,06-MAY-2024,
OPTSTK,M&M,30-May-2024,1920.0,PE,5.0,6.2,4.25,5.55,5.55,71,478.38,34300,-1750,06-MAY-2024,
OPTSTK,M&M,30-May-2024,1940.0,PE,5.8,7.5,5.35,7.05,7.05,124,844.76,43400,-15400,06-MAY-2024,
OPTSTK,M&M,30-May-2024,1960.0,PE,6.9,9.1,6.5,8.55,8.55,493,3395.27,127050,-7350,06-MAY-2024,
OPTSTK,M&M,30-May-2024,1980.0,PE,7.75,10.7,7.75,10.6,10.6,121,842.52,68950,-4200,06-MAY-2024,
OPTSTK,M&M,30-May-2024,2000.0,PE,10.1,13.65,9.5,12.6,12.6,1632,11489.43,574700,123900,06-MAY-2024,
OPTSTK,M&M,30-May-2024,2020.0,PE,12.15,16.1,11.5,15.1,15.1,241,1715.81,78750,-18900,06-MAY-2024,
OPTSTK,M&M,30-May-2024,2040.0,PE,14.8,19.5,13.85,18.05,18.05,332,2389.74,152600,12600,06-MAY-2024,
OPTSTK,M&M,30-May-2024,2060.0,PE,18.05,23.7,17.0,21.4,21.4,268,1951.2,130550,1400,06-MAY-2024,
OPTSTK,M&M,30-May-2024,2080.0,PE,22.25,28.05,21.0,25.8,25.8,401,2954.17,124600,34300,06-MAY-2024,
OPTSTK,M&M,30-May-2024,2100.0,PE,27.05,33.15,25.0,30.55,30.55,1276,9506.78,788900,2100,06-MAY-2024,
OPTSTK,M&M,30-May-2024,2120.0,PE,32.3,38.8,29.45,35.6,35.6,397,2992.73,98350,17850,06-MAY-2024,
OPTSTK,M&M,30-May-2024,2140.0,PE,39.75,45.0,35.3,41.4,41.4,553,4219.34,212100,12950,06-MAY-2024,
OPTSTK,M&M,30-May-2024,2160.0,PE,46.95,52.5,41.85,48.0,48.0,656,5066.25,217000,56700,06-MAY-2024,
OPTSTK,M&M,30-May-2024,2180.0,PE,54.15,60.65,48.95,55.7,55.7,3226,25233.36,719950,634900,06-MAY-2024,
OPTSTK,M&M,30-May-2024,2200.0,PE,65.9,68.8,57.0,63.15,63.15,2734,21647.39,385350,-4550,06-MAY-2024,
OPTSTK,M&M,30-May-2024,2220.0,PE,70.5,78.2,66.0,72.0,72.0,857,6875.53,72100,44100,06-MAY-2024,
OPTSTK,M&M,30-May-2024,2240.0,PE,80.6,88.25,75.4,81.95,81.95,576,4680.33,86100,33600,06-MAY-2024,
OPTSTK,M&M,30-May-2024,2260.0,PE,89.7,99.85,87.0,91.95,91.95,130,1070.06,33250,21700,06-MAY-2024,
OPTSTK,M&M,30-May-2024,2280.0,PE,103.95,112.05,102.55,104.5,104.5,16,133.64,5600,700,06-MAY-2024,
OPTSTK,M&M,30-May-2024,2300.0,PE,123.0,125.7,109.0,115.5,115.5,557,4710.8,175000,137200,06-MAY-2024,
OPTSTK,M&M,30-May-2024,2320.0,PE,131.9,138.95,125.55,136.2,123.95,13,111.62,3500,0,06-MAY-2024,
OPTSTK,M&M,30-May-2024,2340.0,PE,0.0,0.0,0.0,159.5,138.05,0,0.0,1400,0,06-MAY-2024,
OPTSTK,M&M,30-May-2024,2360.0,PE,0.0,0.0,0.0,171.45,152.9,0,0.0,700,0,06-MAY-2024,
OPTSTK,M&M,30-May-2024,2380.0,PE,0.0,0.0,0.0,436.6,168.25,0,0.0,0,0,06-MAY-2024,
OPTSTK,M&M,30-May-2024,2400.0,PE,191.65,193.6,191.65,193.6,193.6,2,18.14,700,700,06-MAY-2024,
OPTSTK,M&M,30-May-2024,2420.0,PE,0.0,0.0,0.0,474.3,200.8,0,0.0,0,0,06-MAY-2024,
OPTSTK,M&M,30-May-2024,2440.0,PE,0.0,0.0,0.0,440.25,217.8,0,0.0,0,0,06-MAY-2024,
OPTSTK,M&M,30-May-2024,2460.0,PE,0.0,0.0,0.0,512.45,235.25,0,0.0,0,0,06-MAY-2024,
OPTSTK,M&M,30-May-2024,2480.0,PE,0.0,0.0,0.0,512.9,253.1,0,0.0,0,0,06-MAY-2024,
OPTSTK,M&M,27-Jun-2024,1760.0,CE,0.0,0.0,0.0,235.35,485.0,0,0.0,0,0,06-MAY-2024,
OPTSTK,M&M,27-Jun-2024,1800.0,CE,0.0,0.0,0.0,207.75,446.65,0,0.0,0,0,06-MAY-2024,
OPTSTK,M&M,27-Jun-2024,1840.0,CE,0.0,0.0,0.0,182.25,408.9,0,0.0,0,0,06-MAY-2024,
OPTSTK,M&M,27-Jun-2024,1860.0,CE,0.0,0.0,0.0,281.3,390.3,0,0.0,0,0,06-MAY-2024,
OPTSTK,M&M,27-Jun-2024,1880.0,CE,0.0,0.0,0.0,158.85,371.9,0,0.0,0,0,06-MAY-2024,
OPTSTK,M&M,27-Jun-2024,1900.0,CE,0.0,0.0,0.0,249.5,353.8,0,0.0,0,0,06-MAY-2024,
OPTSTK,M&M,27-Jun-2024,1920.0,CE,0.0,0.0,0.0,137.5,336.0,0,0.0,0,0,06-MAY-2024,
OPTSTK,M&M,27-Jun-2024,1940.0,CE,0.0,0.0,0.0,219.6,318.45,0,0.0,0,0,06-MAY-2024,
OPTSTK,M&M,27-Jun-2024,1960.0,CE,0.0,0.0,0.0,118.25,301.3,0,0.0,0,0,06-MAY-2024,
OPTSTK,M&M,27-Jun-2024,1980.0,CE,0.0,0.0,0.0,191.6,284.5,0,0.0,0,0,06-MAY-2024,
OPTSTK,M&M,27-Jun-2024,2000.0,CE,0.0,0.0,0.0,210.35,268.1,0,0.0,700,0,06-MAY-2024,
OPTSTK,M&M,27-Jun-2024,2020.0,CE,0.0,0.0,0.0,165.85,252.15,0,0.0,0,0,06-MAY-2024,
OPTSTK,M&M,27-Jun-2024,2040.0,CE,0.0,0.0,0.0,85.75,236.6,0,0.0,0,0,06-MAY-2024,
OPTSTK,M&M,27-Jun-2024,2060.0,CE,0.0,0.0,0.0,177.7,221.7,0,0.0,350,0,06-MAY-2024,
OPTSTK,M&M,27-Jun-2024,2080.0,CE,0.0,0.0,0.0,72.3,207.15,0,0.0,0,0,06-MAY-2024,
OPTSTK,M&M,27-Jun-2024,2100.0,CE,0.0,0.0,0.0,173.85,193.05,0,0.0,1050,0,06-MAY-2024,
OPTSTK,M&M,27-Jun-2024,2120.0,CE,0.0,0.0,0.0,60.6,179.65,0,0.0,0,0,06-MAY-2024,
OPTSTK,M&M,27-Jun-2024,2140.0,CE,0.0,0.0,0.0,102.2,166.75,0,0.0,0,0,06-MAY-2024,
OPTSTK,M&M,27-Jun-2024,2160.0,CE,0.0,0.0,0.0,50.6,154.45,0,0.0,0,0,06-MAY-2024,
OPTSTK,M&M,27-Jun-2024,2180.0,CE,0.0,0.0,0.0,85.55,142.75,0,0.0,0,0,06-MAY-2024,
OPTSTK,M&M,27-Jun-2024,2200.0,CE,138.35,162.35,136.4,160.1,160.1,59,486.29,51100,3850,06-MAY-2024,
OPTSTK,M&M,27-Jun-2024,2220.0,CE,0.0,0.0,0.0,70.95,121.1,0,0.0,0,0,06-MAY-2024,
OPTSTK,M&M,27-Jun-2024,2240.0,CE,0.0,0.0,0.0,34.5,111.15,0,0.0,0,0,06-MAY-2024,
OPTSTK,M&M,27-Jun-2024,2260.0,CE,0.0,0.0,0.0,58.4,101.75,0,0.0,0,0,06-MAY-2024,
OPTSTK,M&M,27-Jun-2024,2280.0,CE,0.0,0.0,0.0,28.25,92.95,0,0.0,0,0,06-MAY-2024,
OPTSTK,M&M,27-Jun-2024,2300.0,CE,105.0,119.2,103.5,114.25,114.25,230,1940.45,67550,67550,06-MAY-2024,
OPTSTK,M&M,27-Jun-2024,2320.0,CE,0.0,0.0,0.0,70.0,77.05,0,0.0,15750,0,06-MAY-2024,
OPTSTK,M&M,27-Jun-2024,2340.0,CE,0.0,0.0,0.0,38.6,69.95,0,0.0,0,0,06-MAY-2024,
OPTSTK,M&M,27-Jun-2024,2360.0,CE,0.0,0.0,0.0,47.5,63.3,0,0.0,1050,0,06-MAY-2024,
OPTSTK,M&M,27-Jun-2024,2380.0,CE,0.0,0.0,0.0,31.0,57.15,0,0.0,0,0,06-MAY-2024,
OPTSTK,M&M,27-Jun-2024,2400.0,CE,70.0,75.75,70.0,75.75,75.75,4,34.62,1400,1400,06-MAY-2024,
OPTSTK,M&M,27-Jun-2024,2420.0,CE,0.0,0.0,0.0,24.75,46.45,0,0.0,0,0,06-MAY-2024,
OPTSTK,M&M,27-Jun-2024,2440.0,CE,0.0,0.0,0.0,12.05,41.7,0,0.0,0,0,06-MAY-2024,
OPTSTK,M&M,27-Jun-2024,2460.0,CE,0.0,0.0,0.0,19.55,37.25,0,0.0,0,0,06-MAY-2024,
OPTSTK,M&M,27-Jun-2024,2480.0,CE,0.0,0.0,0.0,9.65,33.3,0,0.0,0,0,06-MAY-2024,
OPTSTK,M&M,27-Jun-2024,1760.0,PE,0.0,0.0,0.0,42.55,1.9,0,0.0,0,0,06-MAY-2024,
OPTSTK,M&M,27-Jun-2024,1800.0,PE,0.0,0.0,0.0,54.25,3.15,0,0.0,0,0,06-MAY-2024,
OPTSTK,M&M,27-Jun-2024,1840.0,PE,0.0,0.0,0.0,68.0,5.0,0,0.0,0,0,06-MAY-2024,
OPTSTK,M&M,27-Jun-2024,1860.0,PE,0.0,0.0,0.0,21.15,6.2,0,0.0,0,0,06-MAY-2024,
OPTSTK,M&M,27-Jun-2024,1880.0,PE,0.0,0.0,0.0,83.9,7.6,0,0.0,0,0,06-MAY-2024,
OPTSTK,M&M,27-Jun-2024,1900.0,PE,20.0,20.0,20.0,20.0,9.3,1,6.72,9800,0,06-MAY-2024,
OPTSTK,M&M,27-Jun-2024,1920.0,PE,0.0,0.0,0.0,101.85,11.25,0,0.0,0,0,06-MAY-2024,
OPTSTK,M&M,27-Jun-2024,1940.0,PE,0.0,0.0,0.0,22.0,13.5,0,0.0,1750,0,06-MAY-2024,
OPTSTK,M&M,27-Jun-2024,1960.0,PE,0.0,0.0,0.0,121.85,16.15,0,0.0,0,0,06-MAY-2024,
OPTSTK,M&M,27-Jun-2024,1980.0,PE,0.0,0.0,0.0,49.9,19.15,0,0.0,0,0,06-MAY-2024,
OPTSTK,M&M,27-Jun-2024,2000.0,PE,30.0,45.0,30.0,42.0,42.0,25,178.66,25900,350,06-MAY-2024,
OPTSTK,M&M,27-Jun-2024,2020.0,PE,0.0,0.0,0.0,63.65,26.35,0,0.0,0,0,06-MAY-2024,
OPTSTK,M&M,27-Jun-2024,2040.0,PE,0.0,0.0,0.0,167.9,30.65,0,0.0,0,0,06-MAY-2024,
OPTSTK,M&M,27-Jun-2024,2060.0,PE,0.0,0.0,0.0,79.65,35.5,0,0.0,0,0,06-MAY-2024,
OPTSTK,M&M,27-Jun-2024,2080.0,PE,0.0,0.0,0.0,193.8,40.75,0,0.0,0,0,06-MAY-2024,
OPTSTK,M&M,27-Jun-2024,2100.0,PE,60.8,71.0,59.6,70.45,70.45,56,424.25,9800,-5600,06-MAY-2024,
OPTSTK,M&M,27-Jun-2024,2120.0,PE,0.0,0.0,0.0,221.35,52.85,0,0.0,0,0,06-MAY-2024,
OPTSTK,M&M,27-Jun-2024,2140.0,PE,73.0,80.0,73.0,80.0,80.0,2,15.51,350,0,06-MAY-2024,
OPTSTK,M&M,27-Jun-2024,2160.0,PE,0.0,0.0,0.0,250.65,67.25,0,0.0,0,0,06-MAY-2024,
OPTSTK,M&M,27-Jun-2024,2180.0,PE,0.0,0.0,0.0,141.35,75.35,0,0.0,0,0,06-MAY-2024,
OPTSTK,M&M,27-Jun-2024,2200.0,PE,115.0,115.0,115.0,115.0,115.0,1,8.1,350,350,06-MAY-2024,
OPTSTK,M&M,27-Jun-2024,2220.0,PE,0.0,0.0,0.0,166.3,93.25,0,0.0,0,0,06-MAY-2024,
OPTSTK,M&M,27-Jun-2024,2240.0,PE,0.0,0.0,0.0,313.1,103.1,0,0.0,0,0,06-MAY-2024,
OPTSTK,M&M,27-Jun-2024,2260.0,PE,0.0,0.0,0.0,193.2,113.55,0,0.0,0,0,06-MAY-2024,
OPTSTK,M&M,27-Jun-2024,2280.0,PE,0.0,0.0,0.0,346.15,124.55,0,0.0,0,0,06-MAY-2024,
OPTSTK,M&M,27-Jun-2024,2300.0,PE,0.0,0.0,0.0,222.05,136.1,0,0.0,0,0,06-MAY-2024,
OPTSTK,M&M,27-Jun-2024,2320.0,PE,0.0,0.0,0.0,380.2,148.2,0,0.0,0,0,06-MAY-2024,
OPTSTK,M&M,27-Jun-2024,2340.0,PE,0.0,0.0,0.0,252.45,160.85,0,0.0,0,0,06-MAY-2024,
OPTSTK,M&M,27-Jun-2024,2360.0,PE,0.0,0.0,0.0,415.1,174.05,0,0.0,0,0,06-MAY-2024,
OPTSTK,M&M,27-Jun-2024,2380.0,PE,0.0,0.0,0.0,284.35,187.7,0,0.0,0,0,06-MAY-2024,
OPTSTK,M&M,27-Jun-2024,2400.0,PE,0.0,0.0,0.0,450.8,201.85,0,0.0,0,0,06-MAY-2024,
OPTSTK,M&M,27-Jun-2024,2420.0,PE,0.0,0.0,0.0,317.55,216.55,0,0.0,0,0,06-MAY-2024,
OPTSTK,M&M,27-Jun-2024,2440.0,PE,0.0,0.0,0.0,487.1,231.6,0,0.0,0,0,06-MAY-2024,
OPTSTK,M&M,27-Jun-2024,2460.0,PE,0.0,0.0,0.0,351.9,246.95,0,0.0,0,0,06-MAY-2024,
OPTSTK,M&M,27-Jun-2024,2480.0,PE,0.0,0.0,0.0,523.95,262.8,0,0.0,0,0,06-MAY-2024,
OPTSTK,M&M,25-Jul-2024,1840.0,CE,0.0,0.0,0.0,318.55,425.8,0,0.0,0,0,06-MAY-2024,
OPTSTK,M&M,25-Jul-2024,1880.0,CE,0.0,0.0,0.0,287.65,390.75,0,0.0,0,0,06-MAY-2024,
OPTSTK,M&M,25-Jul-2024,1920.0,CE,0.0,0.0,0.0,258.4,356.9,0,0.0,0,0,06-MAY-2024,
OPTSTK,M&M,25-Jul-2024,1960.0,CE,0.0,0.0,0.0,230.75,324.3,0,0.0,0,0,06-MAY-2024,
OPTSTK,M&M,25-Jul-2024,2000.0,CE,0.0,0.0,0.0,205.0,293.2,0,0.0,0,0,06-MAY-2024,
OPTSTK,M&M,25-Jul-2024,2040.0,CE,0.0,0.0,0.0,181.15,263.7,0,0.0,0,0,06-MAY-2024,
OPTSTK,M&M,25-Jul-2024,2080.0,CE,0.0,0.0,0.0,159.15,235.75,0,0.0,0,0,06-MAY-2024,
OPTSTK,M&M,25-Jul-2024,2120.0,CE,0.0,0.0,0.0,139.1,209.7,0,0.0,0,0,06-MAY-2024,
OPTSTK,M&M,25-Jul-2024,2160.0,CE,0.0,0.0,0.0,120.9,185.55,0,0.0,0,0,06-MAY-2024,
OPTSTK,M&M,25-Jul-2024,2200.0,CE,0.0,0.0,0.0,104.55,163.25,0,0.0,0,0,06-MAY-2024,
OPTSTK,M&M,25-Jul-2024,2240.0,CE,0.0,0.0,0.0,89.9,142.8,0,0.0,0,0,06-MAY-2024,
OPTSTK,M&M,25-Jul-2024,2280.0,CE,0.0,0.0,0.0,76.9,124.25,0,0.0,0,0,06-MAY-2024,
OPTSTK,M&M,25-Jul-2024,2320.0,CE,0.0,0.0,0.0,65.45,107.55,0,0.0,0,0,06-MAY-2024,
OPTSTK,M&M,25-Jul-2024,2360.0,CE,0.0,0.0,0.0,55.55,92.6,0,0.0,0,0,06-MAY-2024,
OPTSTK,M&M,25-Jul-2024,2400.0,CE,0.0,0.0,0.0,46.85,79.25,0,0.0,0,0,06-MAY-2024,
OPTSTK,M&M,25-Jul-2024,2440.0,CE,0.0,0.0,0.0,39.25,67.5,0,0.0,0,0,06-MAY-2024,
OPTSTK,M&M,25-Jul-2024,1840.0,PE,0.0,0.0,0.0,28.5,11.75,0,0.0,0,0,06-MAY-2024,
OPTSTK,M&M,25-Jul-2024,1880.0,PE,0.0,0.0,0.0,36.85,16.1,0,0.0,0,0,06-MAY-2024,
OPTSTK,M&M,25-Jul-2024,1920.0,PE,0.0,0.0,0.0,46.9,21.6,0,0.0,0,0,06-MAY-2024,
OPTSTK,M&M,25-Jul-2024,1960.0,PE,0.0,0.0,0.0,58.5,28.4,0,0.0,0,0,06-MAY-2024,
OPTSTK,M&M,25-Jul-2024,2000.0,PE,0.0,0.0,0.0,72.05,36.65,0,0.0,0,0,06-MAY-2024,
OPTSTK,M&M,25-Jul-2024,2040.0,PE,0.0,0.0,0.0,87.45,46.5,0,0.0,0,0,06-MAY-2024,
OPTSTK,M&M,25-Jul-2024,2080.0,PE,0.0,0.0,0.0,104.75,57.95,0,0.0,0,0,06-MAY-2024,
OPTSTK,M&M,25-Jul-2024,2120.0,PE,0.0,0.0,0.0,123.95,71.25,0,0.0,0,0,06-MAY-2024,
OPTSTK,M&M,25-Jul-2024,2160.0,PE,0.0,0.0,0.0,145.05,86.45,0,0.0,0,0,06-MAY-2024,
OPTSTK,M&M,25-Jul-2024,2200.0,PE,0.0,0.0,0.0,167.95,103.5,0,0.0,0,0,06-MAY-2024,
OPTSTK,M&M,25-Jul-2024,2240.0,PE,0.0,0.0,0.0,192.6,122.45,0,0.0,0,0,06-MAY-2024,
OPTSTK,M&M,25-Jul-2024,2280.0,PE,0.0,0.0,0.0,218.9,143.3,0,0.0,0,0,06-MAY-2024,
OPTSTK,M&M,25-Jul-2024,2320.0,PE,0.0,0.0,0.0,246.7,165.95,0,0.0,0,0,06-MAY-2024,
OPTSTK,M&M,25-Jul-2024,2360.0,PE,0.0,0.0,0.0,276.05,190.3,0,0.0,0,0,06-MAY-2024,
OPTSTK,M&M,25-Jul-2024,2400.0,PE,0.0,0.0,0.0,306.7,216.4,0,0.0,0,0,06-MAY-2024,
OPTSTK,M&M,25-Jul-2024,2440.0,PE,0.0,0.0,0.0,338.35,244.0,0,0.0,0,0,06-MAY-2024,
OPTSTK,M&MFIN,30-May-2024,220.0,CE,0.0,0.0,0.0,69.5,41.45,0,0.0,0,0,06-MAY-2024,
OPTSTK,M&MFIN,30-May-2024,222.5,CE,0.0,0.0,0.0,39.0,39.1,0,0.0,2000,0,06-MAY-2024,
OPTSTK,M&MFIN,30-May-2024,225.0,CE,0.0,0.0,0.0,58.1,36.8,0,0.0,0,0,06-MAY-2024,
OPTSTK,M&MFIN,30-May-2024,230.0,CE,0.0,0.0,0.0,39.1,32.3,0,0.0,22000,0,06-MAY-2024,
OPTSTK,M&MFIN,30-May-2024,232.5,CE,0.0,0.0,0.0,32.9,30.15,0,0.0,2000,0,06-MAY-2024,
OPTSTK,M&MFIN,30-May-2024,235.0,CE,0.0,0.0,0.0,28.5,28.05,0,0.0,0,0,06-MAY-2024,
OPTSTK,M&MFIN,30-May-2024,237.5,CE,0.0,0.0,0.0,31.55,26.0,0,0.0,2000,0,06-MAY-2024,
OPTSTK,M&MFIN,30-May-2024,240.0,CE,22.05,22.4,21.65,22.15,22.15,8,41.94,38000,-2000,06-MAY-2024,
OPTSTK,M&MFIN,30-May-2024,242.5,CE,21.5,21.6,19.85,20.7,20.7,11,57.9,22000,10000,06-MAY-2024,
OPTSTK,M&MFIN,30-May-2024,245.0,CE,23.6,23.6,18.05,18.6,18.6,8,42.27,110000,2000,06-MAY-2024,
OPTSTK,M&MFIN,30-May-2024,247.5,CE,22.5,22.95,16.55,17.05,17.05,18,96.4,42000,28000,06-MAY-2024,
OPTSTK,M&MFIN,30-May-2024,250.0,CE,23.55,26.1,14.95,15.75,15.75,118,633.93,196000,42000,06-MAY-2024,
OPTSTK,M&MFIN,30-May-2024,252.5,CE,22.1,22.9,13.3,13.9,13.9,33,177.38,44000,18000,06-MAY-2024,
OPTSTK,M&MFIN,30-May-2024,255.0,CE,19.1,22.25,11.7,12.95,12.95,84,452.76,88000,8000,06-MAY-2024,
OPTSTK,M&MFIN,30-May-2024,257.5,CE,18.5,19.4,10.5,11.65,11.65,105,567.09,94000,38000,06-MAY-2024,
OPTSTK,M&MFIN,30-May-2024,260.0,CE,17.1,19.45,9.5,10.45,10.45,1050,5719.4,1228000,400000,06-MAY-2024,
OPTSTK,M&MFIN,30-May-2024,262.5,CE,17.5,17.5,8.6,9.45,9.45,238,1303.82,154000,70000,06-MAY-2024,
OPTSTK,M&MFIN,30-May-2024,265.0,CE,15.8,15.9,7.3,8.5,8.5,1917,10555.16,930000,470000,06-MAY-2024,
OPTSTK,M&MFIN,30-May-2024,267.5,CE,14.0,15.45,6.65,7.4,7.4,500,2777.77,266000,38000,06-MAY-2024,
OPTSTK,M&MFIN,30-May-2024,270.0,CE,12.0,13.55,5.9,6.6,6.6,3883,21710.04,2494000,238000,06-MAY-2024,
OPTSTK,M&MFIN,30-May-2024,272.5,CE,9.75,11.5,5.2,5.75,5.75,517,2908.13,242000,64000,06-MAY-2024,
OPTSTK,M&MFIN,30-May-2024,275.0,CE,10.75,11.6,4.55,5.1,5.1,1930,10914.93,872000,172000,06-MAY-2024,
OPTSTK,M&MFIN,30-May-2024,277.5,CE,9.05,9.45,4.05,4.5,4.5,248,1409.3,142000,22000,06-MAY-2024,
OPTSTK,M&MFIN,30-May-2024,280.0,CE,9.0,9.0,3.5,3.9,3.9,2741,15684.68,2020000,226000,06-MAY-2024,
OPTSTK,M&MFIN,30-May-2024,282.5,CE,8.0,8.0,3.2,3.45,3.45,161,927.09,196000,32000,06-MAY-2024,
OPTSTK,M&MFIN,30-May-2024,285.0,CE,6.9,6.9,2.75,3.05,3.05,678,3925.73,600000,206000,06-MAY-2024,
OPTSTK,M&MFIN,30-May-2024,287.5,CE,6.45,6.45,2.5,2.6,2.6,176,1027.71,170000,64000,06-MAY-2024,
OPTSTK,M&MFIN,30-May-2024,290.0,CE,5.5,6.0,2.2,2.4,2.4,1269,7459.24,1610000,-136000,06-MAY-2024,
OPTSTK,M&MFIN,30-May-2024,292.5,CE,5.6,5.65,1.95,2.05,2.05,108,639.31,98000,4000,06-MAY-2024,
OPTSTK,M&MFIN,30-May-2024,295.0,CE,5.1,5.1,1.65,1.8,1.8,309,1839.99,204000,30000,06-MAY-2024,
OPTSTK,M&MFIN,30-May-2024,297.5,CE,4.0,4.0,1.35,1.55,1.55,77,462.2,174000,34000,06-MAY-2024,
OPTSTK,M&MFIN,30-May-2024,300.0,CE,3.5,3.95,1.3,1.5,1.5,2350,14202.55,4594000,720000,06-MAY-2024,
OPTSTK,M&MFIN,30-May-2024,302.5,CE,2.5,2.8,1.15,1.2,1.2,31,188.81,122000,24000,06-MAY-2024,
OPTSTK,M&MFIN,30-May-2024,305.0,CE,3.3,3.3,1.05,1.1,1.1,54,331.23,226000,30000,06-MAY-2024,
OPTSTK,M&MFIN,30-May-2024,307.5,CE,2.05,2.2,0.9,1.0,1.0,38,234.85,50000,14000,06-MAY-2024,
OPTSTK,M&MFIN,30-May-2024,310.0,CE,2.3,2.3,0.8,0.85,0.85,659,4101.78,774000,-16000,06-MAY-2024,
OPTSTK,M&MFIN,30-May-2024,312.5,CE,1.5,1.7,0.7,0.7,0.7,30,188.18,24000,-8000,06-MAY-2024,
OPTSTK,M&MFIN,30-May-2024,315.0,CE,1.7,1.7,0.6,0.7,0.7,133,840.43,326000,-102000,06-MAY-2024,
OPTSTK,M&MFIN,30-May-2024,320.0,CE,1.25,1.4,0.5,0.55,0.55,476,3052.87,642000,100000,06-MAY-2024,
OPTSTK,M&MFIN,30-May-2024,327.5,CE,1.65,1.65,0.45,0.6,0.6,22,144.49,34000,12000,06-MAY-2024,
OPTSTK,M&MFIN,30-May-2024,330.0,CE,0.55,0.6,0.25,0.25,0.25,63,416.37,500000,-2000,06-MAY-2024,
OPTSTK,M&MFIN,30-May-2024,335.0,CE,0.0,0.0,0.0,1.7,0.1,0,0.0,2000,0,06-MAY-2024,
OPTSTK,M&MFIN,30-May-2024,340.0,CE,0.4,0.4,0.15,0.15,0.15,36,244.97,542000,18000,06-MAY-2024,
OPTSTK,M&MFIN,30-May-2024,220.0,PE,0.6,1.1,0.3,0.9,0.9,386,1702.55,586000,-98000,06-MAY-2024,
OPTSTK,M&MFIN,30-May-2024,222.5,PE,0.4,0.9,0.35,0.9,0.9,16,71.37,94000,-8000,06-MAY-2024,
OPTSTK,M&MFIN,30-May-2024,225.0,PE,0.75,1.65,0.4,1.4,1.4,143,646.64,366000,6000,06-MAY-2024,
OPTSTK,M&MFIN,30-May-2024,227.5,PE,0.7,1.9,0.6,1.8,1.8,8,36.59,30000,0,06-MAY-2024,
OPTSTK,M&MFIN,30-May-2024,230.0,PE,0.75,2.4,0.65,1.95,1.95,563,2605.55,1206000,170000,06-MAY-2024,
OPTSTK,M&MFIN,30-May-2024,232.5,PE,1.0,2.7,0.85,2.3,2.3,77,361.27,94000,70000,06-MAY-2024,
OPTSTK,M&MFIN,30-May-2024,235.0,PE,1.2,3.2,1.0,2.7,2.7,226,1070.53,268000,-98000,06-MAY-2024,
OPTSTK,M&MFIN,30-May-2024,237.5,PE,1.45,3.75,1.2,3.4,3.4,65,311.8,86000,18000,06-MAY-2024,
OPTSTK,M&MFIN,30-May-2024,240.0,PE,2.35,4.45,1.35,3.6,3.6,839,4069.08,1064000,4000,06-MAY-2024,
OPTSTK,M&MFIN,30-May-2024,242.5,PE,1.85,5.1,1.55,4.4,4.4,46,225.95,72000,6000,06-MAY-2024,
OPTSTK,M&MFIN,30-May-2024,245.0,PE,2.2,5.9,1.95,5.1,5.1,273,1358.17,298000,62000,06-MAY-2024,
OPTSTK,M&MFIN,30-May-2024,247.5,PE,2.5,6.75,2.4,5.65,5.65,113,569.37,74000,16000,06-MAY-2024,
OPTSTK,M&MFIN,30-May-2024,250.0,PE,3.75,7.9,2.3,6.85,6.85,1171,5984.1,1460000,188000,06-MAY-2024,
OPTSTK,M&MFIN,30-May-2024,252.5,PE,3.45,8.85,3.45,7.8,7.8,161,833.41,88000,8000,06-MAY-2024,
OPTSTK,M&MFIN,30-May-2024,255.0,PE,5.0,10.1,3.9,8.8,8.8,536,2810.11,394000,44000,06-MAY-2024,
OPTSTK,M&MFIN,30-May-2024,257.5,PE,4.75,11.4,4.65,10.05,10.05,240,1277.61,172000,50000,06-MAY-2024,
OPTSTK,M&MFIN,30-May-2024,260.0,PE,7.1,12.75,5.05,11.05,11.05,2225,11989.6,1876000,68000,06-MAY-2024,
OPTSTK,M&MFIN,30-May-2024,262.5,PE,6.3,14.0,6.1,12.2,12.2,246,1338.36,150000,4000,06-MAY-2024,
OPTSTK,M&MFIN,30-May-2024,265.0,PE,9.6,15.8,6.75,13.65,13.65,1082,5973.16,374000,40000,06-MAY-2024,
OPTSTK,M&MFIN,30-May-2024,267.5,PE,11.85,17.15,7.95,15.15,15.15,294,1639.67,122000,16000,06-MAY-2024,
OPTSTK,M&MFIN,30-May-2024,270.0,PE,9.5,19.0,8.8,17.1,17.1,795,4487.91,992000,-28000,06-MAY-2024,
OPTSTK,M&MFIN,30-May-2024,272.5,PE,11.35,20.65,10.25,18.8,18.8,169,968.52,56000,-6000,06-MAY-2024,
OPTSTK,M&MFIN,30-May-2024,275.0,PE,15.65,22.55,11.55,20.5,20.5,234,1357.2,324000,2000,06-MAY-2024,
OPTSTK,M&MFIN,30-May-2024,277.5,PE,13.85,24.45,13.15,23.2,23.2,69,407.84,54000,8000,06-MAY-2024,
OPTSTK,M&MFIN,30-May-2024,280.0,PE,14.55,26.5,14.4,25.1,25.1,125,749.86,482000,28000,06-MAY-2024,
OPTSTK,M&MFIN,30-May-2024,282.5,PE,18.5,28.5,16.65,26.5,26.5,47,288.2,90000,30000,06-MAY-2024,
OPTSTK,M&MFIN,30-May-2024,285.0,PE,18.55,30.65,18.55,29.85,29.85,18,111.44,86000,8000,06-MAY-2024,
OPTSTK,M&MFIN,30-May-2024,287.5,PE,22.6,32.65,19.45,30.5,30.5,33,207.68,52000,34000,06-MAY-2024,
OPTSTK,M&MFIN,30-May-2024,290.0,PE,21.75,34.8,21.75,32.6,32.6,40,255.72,358000,10000,06-MAY-2024,
OPTSTK,M&MFIN,30-May-2024,292.5,PE,0.0,0.0,0.0,25.85,33.2,0,0.0,18000,0,06-MAY-2024,
OPTSTK,M&MFIN,30-May-2024,295.0,PE,0.0,0.0,0.0,28.7,35.4,0,0.0,24000,0,06-MAY-2024,
OPTSTK,M&MFIN,30-May-2024,297.5,PE,35.2,35.2,35.2,35.2,37.65,1,6.65,4000,2000,06-MAY-2024,
OPTSTK,M&MFIN,30-May-2024,300.0,PE,32.0,43.9,29.3,42.25,42.25,22,147.64,368000,20000,06-MAY-2024,
OPTSTK,M&MFIN,30-May-2024,305.0,PE,0.0,0.0,0.0,39.85,44.55,0,0.0,2000,0,06-MAY-2024,
OPTSTK,M&MFIN,30-May-2024,310.0,PE,0.0,0.0,0.0,43.0,49.25,0,0.0,12000,0,06-MAY-2024,
OPTSTK,M&MFIN,30-May-2024,320.0,PE,0.0,0.0,0.0,64.25,58.9,0,0.0,10000,0,06-MAY-2024,
OPTSTK,M&MFIN,30-May-2024,330.0,PE,0.0,0.0,0.0,67.5,68.7,0,0.0,4000,0,06-MAY-2024,
OPTSTK,M&MFIN,30-May-2024,340.0,PE,82.2,82.2,82.2,82.2,82.2,2,16.88,10000,0,06-MAY-2024,
OPTSTK,M&MFIN,27-Jun-2024,220.0,CE,0.0,0.0,0.0,65.0,44.35,0,0.0,0,0,06-MAY-2024,
OPTSTK,M&MFIN,27-Jun-2024,225.0,CE,0.0,0.0,0.0,60.75,40.15,0,0.0,0,0,06-MAY-2024,
OPTSTK,M&MFIN,27-Jun-2024,230.0,CE,0.0,0.0,0.0,56.6,36.15,0,0.0,0,0,06-MAY-2024,
OPTSTK,M&MFIN,27-Jun-2024,232.5,CE,0.0,0.0,0.0,34.2,34.25,0,0.0,0,0,06-MAY-2024,
OPTSTK,M&MFIN,27-Jun-2024,235.0,CE,0.0,0.0,0.0,52.55,32.4,0,0.0,0,0,06-MAY-2024,
OPTSTK,M&MFIN,27-Jun-2024,237.5,CE,0.0,0.0,0.0,30.7,30.6,0,0.0,0,0,06-MAY-2024,
OPTSTK,M&MFIN,27-Jun-2024,240.0,CE,0.0,0.0,0.0,48.7,28.8,0,0.0,0,0,06-MAY-2024,
OPTSTK,M&MFIN,27-Jun-2024,242.5,CE,0.0,0.0,0.0,27.45,27.1,0,0.0,0,0,06-MAY-2024,
OPTSTK,M&MFIN,27-Jun-2024,245.0,CE,0.0,0.0,0.0,45.0,25.45,0,0.0,0,0,06-MAY-2024,
OPTSTK,M&MFIN,27-Jun-2024,247.5,CE,0.0,0.0,0.0,24.4,23.9,0,0.0,0,0,06-MAY-2024,
OPTSTK,M&MFIN,27-Jun-2024,250.0,CE,0.0,0.0,0.0,22.2,22.4,0,0.0,4000,0,06-MAY-2024,
OPTSTK,M&MFIN,27-Jun-2024,252.5,CE,0.0,0.0,0.0,21.6,20.95,0,0.0,0,0,06-MAY-2024,
OPTSTK,M&MFIN,27-Jun-2024,255.0,CE,0.0,0.0,0.0,38.0,19.55,0,0.0,0,0,06-MAY-2024,
OPTSTK,M&MFIN,27-Jun-2024,257.5,CE,0.0,0.0,0.0,17.35,18.25,0,0.0,2000,0,06-MAY-2024,
OPTSTK,M&MFIN,27-Jun-2024,260.0,CE,23.0,23.0,23.0,23.0,16.95,1,5.66,18000,0,06-MAY-2024,
OPTSTK,M&MFIN,27-Jun-2024,262.5,CE,0.0,0.0,0.0,16.7,15.8,0,0.0,0,0,06-MAY-2024,
OPTSTK,M&MFIN,27-Jun-2024,265.0,CE,0.0,0.0,0.0,31.8,14.65,0,0.0,0,0,06-MAY-2024,
OPTSTK,M&MFIN,27-Jun-2024,267.5,CE,0.0,0.0,0.0,14.55,13.55,0,0.0,0,0,06-MAY-2024,
OPTSTK,M&MFIN,27-Jun-2024,270.0,CE,14.4,17.4,13.5,14.4,14.4,25,142.75,46000,42000,06-MAY-2024,
OPTSTK,M&MFIN,27-Jun-2024,272.5,CE,0.0,0.0,0.0,12.65,11.6,0,0.0,0,0,06-MAY-2024,
OPTSTK,M&MFIN,27-Jun-2024,275.0,CE,0.0,0.0,0.0,26.25,10.7,0,0.0,0,0,06-MAY-2024,
OPTSTK,M&MFIN,27-Jun-2024,277.5,CE,0.0,0.0,0.0,10.95,9.85,0,0.0,0,0,06-MAY-2024,
OPTSTK,M&MFIN,27-Jun-2024,280.0,CE,12.2,13.2,11.5,12.35,12.35,15,87.74,42000,18000,06-MAY-2024,
OPTSTK,M&MFIN,27-Jun-2024,282.5,CE,0.0,0.0,0.0,9.4,8.35,0,0.0,0,0,06-MAY-2024,
OPTSTK,M&MFIN,27-Jun-2024,285.0,CE,0.0,0.0,0.0,21.5,7.65,0,0.0,0,0,06-MAY-2024,
OPTSTK,M&MFIN,27-Jun-2024,287.5,CE,0.0,0.0,0.0,8.05,7.0,0,0.0,0,0,06-MAY-2024,
OPTSTK,M&MFIN,27-Jun-2024,290.0,CE,9.5,10.1,7.3,7.75,7.75,10,59.82,26000,18000,06-MAY-2024,
OPTSTK,M&MFIN,27-Jun-2024,292.5,CE,0.0,0.0,0.0,6.9,5.85,0,0.0,0,0,06-MAY-2024,
OPTSTK,M&MFIN,27-Jun-2024,295.0,CE,0.0,0.0,0.0,17.35,5.35,0,0.0,0,0,06-MAY-2024,
OPTSTK,M&MFIN,27-Jun-2024,300.0,CE,7.7,8.95,5.85,6.05,6.05,70,429.84,128000,22000,06-MAY-2024,
OPTSTK,M&MFIN,27-Jun-2024,305.0,CE,0.0,0.0,0.0,5.5,3.65,0,0.0,2000,0,06-MAY-2024,
OPTSTK,M&MFIN,27-Jun-2024,310.0,CE,5.0,5.0,4.6,4.7,4.7,3,18.88,8000,2000,06-MAY-2024,
OPTSTK,M&MFIN,27-Jun-2024,220.0,PE,0.0,0.0,0.0,2.3,2.2,0,0.0,0,0,06-MAY-2024,
OPTSTK,M&MFIN,27-Jun-2024,225.0,PE,0.0,0.0,0.0,2.9,2.95,0,0.0,0,0,06-MAY-2024,
OPTSTK,M&MFIN,27-Jun-2024,230.0,PE,4.1,5.85,4.1,5.85,5.85,10,47.11,26000,20000,06-MAY-2024,
OPTSTK,M&MFIN,27-Jun-2024,232.5,PE,0.0,0.0,0.0,6.05,4.45,0,0.0,0,0,06-MAY-2024,
OPTSTK,M&MFIN,27-Jun-2024,235.0,PE,0.0,0.0,0.0,4.55,5.05,0,0.0,0,0,06-MAY-2024,
OPTSTK,M&MFIN,27-Jun-2024,237.5,PE,0.0,0.0,0.0,7.5,5.75,0,0.0,0,0,06-MAY-2024,
OPTSTK,M&MFIN,27-Jun-2024,240.0,PE,6.9,9.9,6.9,9.6,9.6,38,188.36,152000,20000,06-MAY-2024,
OPTSTK,M&MFIN,27-Jun-2024,242.5,PE,0.0,0.0,0.0,9.15,7.2,0,0.0,0,0,06-MAY-2024,
OPTSTK,M&MFIN,27-Jun-2024,245.0,PE,0.0,0.0,0.0,6.8,8.05,0,0.0,0,0,06-MAY-2024,
OPTSTK,M&MFIN,27-Jun-2024,247.5,PE,0.0,0.0,0.0,11.05,8.95,0,0.0,0,0,06-MAY-2024,
OPTSTK,M&MFIN,27-Jun-2024,250.0,PE,10.2,12.75,10.0,12.3,12.3,65,339.82,114000,56000,06-MAY-2024,
OPTSTK,M&MFIN,27-Jun-2024,252.5,PE,0.0,0.0,0.0,13.2,10.95,0,0.0,0,0,06-MAY-2024,
OPTSTK,M&MFIN,27-Jun-2024,255.0,PE,0.0,0.0,0.0,9.65,12.05,0,0.0,0,0,06-MAY-2024,
OPTSTK,M&MFIN,27-Jun-2024,257.5,PE,0.0,0.0,0.0,15.55,13.2,0,0.0,0,0,06-MAY-2024,
OPTSTK,M&MFIN,27-Jun-2024,260.0,PE,12.0,18.1,12.0,17.6,17.6,3,16.54,8000,4000,06-MAY-2024,
OPTSTK,M&MFIN,27-Jun-2024,262.5,PE,0.0,0.0,0.0,18.15,15.65,0,0.0,0,0,06-MAY-2024,
OPTSTK,M&MFIN,27-Jun-2024,265.0,PE,0.0,0.0,0.0,13.25,17.0,0,0.0,0,0,06-MAY-2024,
OPTSTK,M&MFIN,27-Jun-2024,267.5,PE,0.0,0.0,0.0,20.95,18.4,0,0.0,0,0,06-MAY-2024,
OPTSTK,M&MFIN,27-Jun-2024,270.0,PE,0.0,0.0,0.0,15.3,19.85,0,0.0,0,0,06-MAY-2024,
OPTSTK,M&MFIN,27-Jun-2024,272.5,PE,0.0,0.0,0.0,23.95,21.4,0,0.0,0,0,06-MAY-2024,
OPTSTK,M&MFIN,27-Jun-2024,275.0,PE,0.0,0.0,0.0,17.55,22.95,0,0.0,0,0,06-MAY-2024,
OPTSTK,M&MFIN,27-Jun-2024,277.5,PE,0.0,0.0,0.0,27.2,24.6,0,0.0,0,0,06-MAY-2024,
OPTSTK,M&MFIN,27-Jun-2024,280.0,PE,0.0,0.0,0.0,26.5,26.3,0,0.0,28000,0,06-MAY-2024,
OPTSTK,M&MFIN,27-Jun-2024,282.5,PE,0.0,0.0,0.0,30.6,28.0,0,0.0,0,0,06-MAY-2024,
OPTSTK,M&MFIN,27-Jun-2024,285.0,PE,0.0,0.0,0.0,22.6,29.8,0,0.0,0,0,06-MAY-2024,
OPTSTK,M&MFIN,27-Jun-2024,287.5,PE,0.0,0.0,0.0,34.2,31.65,0,0.0,0,0,06-MAY-2024,
OPTSTK,M&MFIN,27-Jun-2024,290.0,PE,34.5,34.5,33.8,33.8,33.55,5,32.43,10000,10000,06-MAY-2024,
OPTSTK,M&MFIN,27-Jun-2024,292.5,PE,0.0,0.0,0.0,37.95,35.45,0,0.0,0,0,06-MAY-2024,
OPTSTK,M&MFIN,27-Jun-2024,295.0,PE,0.0,0.0,0.0,28.3,37.4,0,0.0,0,0,06-MAY-2024,
OPTSTK,M&MFIN,27-Jun-2024,300.0,PE,36.2,42.0,36.2,42.0,41.45,3,20.3,6000,6000,06-MAY-2024,
OPTSTK,M&MFIN,27-Jun-2024,305.0,PE,0.0,0.0,0.0,34.65,45.6,0,0.0,0,0,06-MAY-2024,
OPTSTK,M&MFIN,25-Jul-2024,220.0,CE,0.0,0.0,0.0,46.8,47.35,0,0.0,0,0,06-MAY-2024,
OPTSTK,M&MFIN,25-Jul-2024,230.0,CE,0.0,0.0,0.0,39.5,39.7,0,0.0,0,0,06-MAY-2024,
OPTSTK,M&MFIN,25-Jul-2024,235.0,CE,0.0,0.0,0.0,36.1,36.15,0,0.0,0,0,06-MAY-2024,
OPTSTK,M&MFIN,25-Jul-2024,240.0,CE,0.0,0.0,0.0,32.9,32.8,0,0.0,0,0,06-MAY-2024,
OPTSTK,M&MFIN,25-Jul-2024,245.0,CE,0.0,0.0,0.0,29.9,29.65,0,0.0,0,0,06-MAY-2024,
OPTSTK,M&MFIN,25-Jul-2024,250.0,CE,0.0,0.0,0.0,27.05,26.7,0,0.0,0,0,06-MAY-2024,
OPTSTK,M&MFIN,25-Jul-2024,255.0,CE,0.0,0.0,0.0,24.45,23.95,0,0.0,0,0,06-MAY-2024,
OPTSTK,M&MFIN,25-Jul-2024,260.0,CE,0.0,0.0,0.0,22.0,21.4,0,0.0,0,0,06-MAY-2024,
OPTSTK,M&MFIN,25-Jul-2024,265.0,CE,0.0,0.0,0.0,19.75,19.1,0,0.0,0,0,06-MAY-2024,
OPTSTK,M&MFIN,25-Jul-2024,270.0,CE,0.0,0.0,0.0,17.65,16.95,0,0.0,0,0,06-MAY-2024,
OPTSTK,M&MFIN,25-Jul-2024,275.0,CE,0.0,0.0,0.0,15.75,15.0,0,0.0,0,0,06-MAY-2024,
OPTSTK,M&MFIN,25-Jul-2024,280.0,CE,0.0,0.0,0.0,14.0,13.2,0,0.0,0,0,06-MAY-2024,
OPTSTK,M&MFIN,25-Jul-2024,285.0,CE,0.0,0.0,0.0,12.45,11.6,0,0.0,0,0,06-MAY-2024,
OPTSTK,M&MFIN,25-Jul-2024,290.0,CE,0.0,0.0,0.0,11.0,10.15,0,0.0,0,0,06-MAY-2024,
OPTSTK,M&MFIN,25-Jul-2024,300.0,CE,0.0,0.0,0.0,8.6,7.75,0,0.0,0,0,06-MAY-2024,
OPTSTK,M&MFIN,25-Jul-2024,310.0,CE,0.0,0.0,0.0,6.6,5.8,0,0.0,0,0,06-MAY-2024,
OPTSTK,M&MFIN,25-Jul-2024,220.0,PE,0.0,0.0,0.0,5.1,3.95,0,0.0,0,0,06-MAY-2024,
OPTSTK,M&MFIN,25-Jul-2024,230.0,PE,0.0,0.0,0.0,7.6,6.15,0,0.0,0,0,06-MAY-2024,
OPTSTK,M&MFIN,25-Jul-2024,235.0,PE,0.0,0.0,0.0,9.1,7.55,0,0.0,0,0,06-MAY-2024,
OPTSTK,M&MFIN,25-Jul-2024,240.0,PE,0.0,0.0,0.0,8.6,9.1,0,0.0,10000,0,06-MAY-2024,
OPTSTK,M&MFIN,25-Jul-2024,245.0,PE,0.0,0.0,0.0,12.7,10.85,0,0.0,0,0,06-MAY-2024,
OPTSTK,M&MFIN,25-Jul-2024,250.0,PE,0.0,0.0,0.0,14.8,12.85,0,0.0,0,0,06-MAY-2024,
OPTSTK,M&MFIN,25-Jul-2024,255.0,PE,0.0,0.0,0.0,17.1,15.0,0,0.0,0,0,06-MAY-2024,
OPTSTK,M&MFIN,25-Jul-2024,260.0,PE,0.0,0.0,0.0,19.55,17.4,0,0.0,0,0,06-MAY-2024,
OPTSTK,M&MFIN,25-Jul-2024,265.0,PE,0.0,0.0,0.0,22.2,20.0,0,0.0,0,0,06-MAY-2024,
OPTSTK,M&MFIN,25-Jul-2024,270.0,PE,0.0,0.0,0.0,25.05,22.75,0,0.0,0,0,06-MAY-2024,
OPTSTK,M&MFIN,25-Jul-2024,275.0,PE,0.0,0.0,0.0,28.05,25.75,0,0.0,0,0,06-MAY-2024,
OPTSTK,M&MFIN,25-Jul-2024,280.0,PE,0.0,0.0,0.0,31.2,28.9,0,0.0,0,0,06-MAY-2024,
OPTSTK,M&MFIN,25-Jul-2024,285.0,PE,0.0,0.0,0.0,34.55,32.2,0,0.0,0,0,06-MAY-2024,
OPTSTK,M&MFIN,25-Jul-2024,290.0,PE,0.0,0.0,0.0,38.0,35.7,0,0.0,0,0,06-MAY-2024,
OPTSTK,M&MFIN,25-Jul-2024,300.0,PE,0.0,0.0,0.0,45.4,43.1,0,0.0,0,0,06-MAY-2024,
OPTSTK,M&MFIN,25-Jul-2024,310.0,PE,0.0,0.0,0.0,53.25,51.0,0,0.0,0,0,06-MAY-2024,
OPTSTK,MANAPPURAM,30-May-2024,160.0,CE,33.85,33.85,33.85,33.85,33.8,1,5.81,36000,0,06-MAY-2024,
OPTSTK,MANAPPURAM,30-May-2024,170.0,CE,27.3,27.3,24.2,25.1,24.85,8,46.96,39000,3000,06-MAY-2024,
OPTSTK,MANAPPURAM,30-May-2024,175.0,CE,20.85,20.85,20.5,20.5,20.8,3,17.6,24000,3000,06-MAY-2024,
OPTSTK,MANAPPURAM,30-May-2024,177.5,CE,19.95,20.4,18.85,18.85,18.9,14,82.81,12000,6000,06-MAY-2024,
OPTSTK,MANAPPURAM,30-May-2024,180.0,CE,20.55,20.55,16.3,16.5,16.5,28,166.1,135000,18000,06-MAY-2024,
OPTSTK,MANAPPURAM,30-May-2024,182.5,CE,17.1,17.1,14.65,15.85,15.35,16,95.32,48000,12000,06-MAY-2024,
OPTSTK,MANAPPURAM,30-May-2024,185.0,CE,15.9,15.9,13.0,13.5,13.75,20,119.45,42000,12000,06-MAY-2024,
OPTSTK,MANAPPURAM,30-May-2024,187.5,CE,13.7,13.7,11.5,11.85,12.25,20,119.95,39000,3000,06-MAY-2024,
OPTSTK,MANAPPURAM,30-May-2024,190.0,CE,12.9,13.25,9.7,9.9,9.9,103,620.07,711000,12000,06-MAY-2024,
OPTSTK,MANAPPURAM,30-May-2024,192.5,CE,11.25,11.25,8.55,8.65,8.65,64,387.87,135000,42000,06-MAY-2024,
OPTSTK,MANAPPURAM,30-May-2024,195.0,CE,9.95,9.95,7.4,7.6,7.6,286,1744.34,450000,39000,06-MAY-2024,
OPTSTK,MANAPPURAM,30-May-2024,197.5,CE,8.4,8.45,6.45,6.6,6.6,97,595.66,198000,6000,06-MAY-2024,
OPTSTK,MANAPPURAM,30-May-2024,200.0,CE,7.7,8.35,5.55,5.8,5.8,775,4794.81,2550000,-372000,06-MAY-2024,
OPTSTK,MANAPPURAM,30-May-2024,202.5,CE,6.3,6.7,5.0,5.2,5.5,50,312.32,363000,-78000,06-MAY-2024,
OPTSTK,MANAPPURAM,30-May-2024,205.0,CE,6.25,6.4,4.2,4.3,4.3,463,2916.06,1302000,-45000,06-MAY-2024,
OPTSTK,MANAPPURAM,30-May-2024,207.5,CE,4.75,4.8,3.65,3.7,3.7,66,419.06,252000,-45000,06-MAY-2024,
OPTSTK,MANAPPURAM,30-May-2024,210.0,CE,4.55,4.75,3.1,3.2,3.2,585,3747.93,1776000,-201000,06-MAY-2024,
OPTSTK,MANAPPURAM,30-May-2024,212.5,CE,2.8,3.5,2.7,2.75,2.75,61,394.46,285000,-30000,06-MAY-2024,
OPTSTK,MANAPPURAM,30-May-2024,215.0,CE,3.3,3.4,2.3,2.4,2.4,194,1266.94,492000,-81000,06-MAY-2024,
OPTSTK,MANAPPURAM,30-May-2024,217.5,CE,2.5,2.5,2.3,2.3,2.1,6,39.58,60000,-3000,06-MAY-2024,
OPTSTK,MANAPPURAM,30-May-2024,220.0,CE,2.65,2.65,1.7,1.85,1.85,369,2457.04,2922000,18000,06-MAY-2024,
OPTSTK,MANAPPURAM,30-May-2024,222.5,CE,1.5,1.8,1.5,1.75,1.45,4,26.9,30000,0,06-MAY-2024,
OPTSTK,MANAPPURAM,30-May-2024,225.0,CE,1.65,1.65,1.25,1.35,1.35,34,230.94,141000,-3000,06-MAY-2024,
OPTSTK,MANAPPURAM,30-May-2024,227.5,CE,0.0,0.0,0.0,2.3,1.0,0,0.0,30000,0,06-MAY-2024,
OPTSTK,MANAPPURAM,30-May-2024,230.0,CE,1.2,1.4,0.95,1.05,1.05,258,1789.02,405000,-324000,06-MAY-2024,
OPTSTK,MANAPPURAM,30-May-2024,232.5,CE,1.05,1.05,0.95,0.95,0.65,2,14.01,42000,6000,06-MAY-2024,
OPTSTK,MANAPPURAM,30-May-2024,235.0,CE,1.0,1.05,0.7,0.8,0.8,218,1542.22,894000,-105000,06-MAY-2024,
OPTSTK,MANAPPURAM,30-May-2024,160.0,PE,0.45,0.7,0.4,0.65,0.65,19,91.51,429000,18000,06-MAY-2024,
OPTSTK,MANAPPURAM,30-May-2024,165.0,PE,0.55,1.0,0.55,0.95,0.95,82,407.94,558000,39000,06-MAY-2024,
OPTSTK,MANAPPURAM,30-May-2024,170.0,PE,1.05,1.6,0.95,1.55,1.55,310,1593.52,1194000,375000,06-MAY-2024,
OPTSTK,MANAPPURAM,30-May-2024,172.5,PE,0.0,0.0,0.0,1.25,1.95,0,0.0,33000,0,06-MAY-2024,
OPTSTK,MANAPPURAM,30-May-2024,175.0,PE,1.5,2.5,1.5,2.4,2.4,208,1103.97,918000,303000,06-MAY-2024,
OPTSTK,MANAPPURAM,30-May-2024,177.5,PE,2.4,2.95,2.3,2.95,2.95,11,59.4,81000,9000,06-MAY-2024,
OPTSTK,MANAPPURAM,30-May-2024,180.0,PE,2.5,3.75,2.5,3.55,3.55,270,1484.75,1530000,120000,06-MAY-2024,
OPTSTK,MANAPPURAM,30-May-2024,182.5,PE,4.0,4.2,3.55,4.1,4.1,66,369.04,240000,54000,06-MAY-2024,
OPTSTK,MANAPPURAM,30-May-2024,185.0,PE,3.5,5.45,3.5,4.95,4.95,290,1650.73,588000,-243000,06-MAY-2024,
OPTSTK,MANAPPURAM,30-May-2024,187.5,PE,5.05,6.25,5.05,6.0,6.0,41,237.5,189000,54000,06-MAY-2024,
OPTSTK,MANAPPURAM,30-May-2024,190.0,PE,5.3,7.6,5.1,7.35,7.35,289,1705.53,1671000,-30000,06-MAY-2024,
OPTSTK,MANAPPURAM,30-May-2024,192.5,PE,7.0,8.6,6.55,8.6,8.6,69,414.72,243000,3000,06-MAY-2024,
OPTSTK,MANAPPURAM,30-May-2024,195.0,PE,7.7,10.15,7.7,9.75,9.75,144,882.43,426000,72000,06-MAY-2024,
OPTSTK,MANAPPURAM,30-May-2024,197.5,PE,9.35,11.6,9.2,11.45,11.45,69,431.07,165000,-12000,06-MAY-2024,
OPTSTK,MANAPPURAM,30-May-2024,200.0,PE,10.05,13.25,10.05,13.1,13.1,147,934.74,531000,-9000,06-MAY-2024,
OPTSTK,MANAPPURAM,30-May-2024,202.5,PE,13.9,14.8,13.0,14.65,14.55,21,136.44,159000,-6000,06-MAY-2024,
OPTSTK,MANAPPURAM,30-May-2024,205.0,PE,13.6,16.6,13.6,15.2,16.25,43,284.25,180000,-69000,06-MAY-2024,
OPTSTK,MANAPPURAM,30-May-2024,207.5,PE,16.3,18.5,16.3,17.05,18.05,15,101.14,45000,6000,06-MAY-2024,
OPTSTK,MANAPPURAM,30-May-2024,210.0,PE,18.15,20.45,18.15,20.3,19.95,23,158.07,195000,-18000,06-MAY-2024,
OPTSTK,MANAPPURAM,30-May-2024,212.5,PE,20.85,21.7,20.85,21.7,21.9,7,49.08,90000,0,06-MAY-2024,
OPTSTK,MANAPPURAM,30-May-2024,215.0,PE,22.15,24.85,22.1,23.8,23.95,18,128.75,159000,6000,06-MAY-2024,
OPTSTK,MANAPPURAM,30-May-2024,217.5,PE,0.0,0.0,0.0,23.05,26.05,0,0.0,39000,0,06-MAY-2024,
OPTSTK,MANAPPURAM,30-May-2024,220.0,PE,27.55,27.55,27.55,27.55,28.2,1,7.42,210000,0,06-MAY-2024,
OPTSTK,MANAPPURAM,30-May-2024,222.5,PE,27.85,31.0,27.85,29.45,30.4,9,67.93,18000,-6000,06-MAY-2024,
OPTSTK,MANAPPURAM,30-May-2024,225.0,PE,0.0,0.0,0.0,29.35,32.6,0,0.0,18000,0,06-MAY-2024,
OPTSTK,MANAPPURAM,30-May-2024,227.5,PE,0.0,0.0,0.0,45.45,34.9,0,0.0,0,0,06-MAY-2024,
OPTSTK,MANAPPURAM,30-May-2024,230.0,PE,0.0,0.0,0.0,28.35,37.2,0,0.0,30000,0,06-MAY-2024,
OPTSTK,MANAPPURAM,30-May-2024,232.5,PE,0.0,0.0,0.0,31.6,39.55,0,0.0,0,0,06-MAY-2024,
OPTSTK,MANAPPURAM,30-May-2024,235.0,PE,0.0,0.0,0.0,60.05,41.9,0,0.0,0,0,06-MAY-2024,
OPTSTK,MANAPPURAM,27-Jun-2024,170.0,CE,0.0,0.0,0.0,19.05,28.3,0,0.0,0,0,06-MAY-2024,
OPTSTK,MANAPPURAM,27-Jun-2024,175.0,CE,0.0,0.0,0.0,16.65,24.7,0,0.0,0,0,06-MAY-2024,
OPTSTK,MANAPPURAM,27-Jun-2024,177.5,CE,0.0,0.0,0.0,25.85,23.0,0,0.0,0,0,06-MAY-2024,
OPTSTK,MANAPPURAM,27-Jun-2024,180.0,CE,0.0,0.0,0.0,14.45,21.35,0,0.0,0,0,06-MAY-2024,
OPTSTK,MANAPPURAM,27-Jun-2024,182.5,CE,0.0,0.0,0.0,22.65,19.8,0,0.0,0,0,06-MAY-2024,
OPTSTK,MANAPPURAM,27-Jun-2024,185.0,CE,0.0,0.0,0.0,12.5,18.35,0,0.0,0,0,06-MAY-2024,
OPTSTK,MANAPPURAM,27-Jun-2024,187.5,CE,0.0,0.0,0.0,19.75,16.95,0,0.0,0,0,06-MAY-2024,
OPTSTK,MANAPPURAM,27-Jun-2024,190.0,CE,0.0,0.0,0.0,10.8,15.65,0,0.0,0,0,06-MAY-2024,
OPTSTK,MANAPPURAM,27-Jun-2024,192.5,CE,0.0,0.0,0.0,17.15,14.4,0,0.0,0,0,06-MAY-2024,
OPTSTK,MANAPPURAM,27-Jun-2024,195.0,CE,0.0,0.0,0.0,9.25,13.2,0,0.0,0,0,06-MAY-2024,
OPTSTK,MANAPPURAM,27-Jun-2024,197.5,CE,0.0,0.0,0.0,14.75,12.1,0,0.0,0,0,06-MAY-2024,
OPTSTK,MANAPPURAM,27-Jun-2024,200.0,CE,13.25,13.7,12.55,12.95,11.05,17,108.71,66000,30000,06-MAY-2024,
OPTSTK,MANAPPURAM,27-Jun-2024,202.5,CE,0.0,0.0,0.0,12.65,10.1,0,0.0,0,0,06-MAY-2024,
OPTSTK,MANAPPURAM,27-Jun-2024,205.0,CE,0.0,0.0,0.0,6.75,9.2,0,0.0,0,0,06-MAY-2024,
OPTSTK,MANAPPURAM,27-Jun-2024,207.5,CE,0.0,0.0,0.0,10.75,8.4,0,0.0,0,0,06-MAY-2024,
OPTSTK,MANAPPURAM,27-Jun-2024,210.0,CE,9.8,9.8,9.1,9.5,7.6,6,39.49,21000,12000,06-MAY-2024,
OPTSTK,MANAPPURAM,27-Jun-2024,212.5,CE,0.0,0.0,0.0,9.1,6.9,0,0.0,0,0,06-MAY-2024,
OPTSTK,MANAPPURAM,27-Jun-2024,215.0,CE,0.0,0.0,0.0,4.85,6.25,0,0.0,0,0,06-MAY-2024,
OPTSTK,MANAPPURAM,27-Jun-2024,217.5,CE,0.0,0.0,0.0,7.7,5.65,0,0.0,0,0,06-MAY-2024,
OPTSTK,MANAPPURAM,27-Jun-2024,220.0,CE,0.0,0.0,0.0,4.1,5.1,0,0.0,0,0,06-MAY-2024,
OPTSTK,MANAPPURAM,27-Jun-2024,222.5,CE,0.0,0.0,0.0,6.45,4.6,0,0.0,0,0,06-MAY-2024,
OPTSTK,MANAPPURAM,27-Jun-2024,225.0,CE,0.0,0.0,0.0,5.15,4.1,0,0.0,0,0,06-MAY-2024,
OPTSTK,MANAPPURAM,27-Jun-2024,227.5,CE,0.0,0.0,0.0,5.4,3.7,0,0.0,0,0,06-MAY-2024,
OPTSTK,MANAPPURAM,27-Jun-2024,230.0,CE,4.0,4.0,4.0,4.0,3.3,1,7.02,6000,3000,06-MAY-2024,
OPTSTK,MANAPPURAM,27-Jun-2024,232.5,CE,0.0,0.0,0.0,4.45,2.95,0,0.0,0,0,06-MAY-2024,
OPTSTK,MANAPPURAM,27-Jun-2024,235.0,CE,0.0,0.0,0.0,6.25,2.65,0,0.0,0,0,06-MAY-2024,
OPTSTK,MANAPPURAM,27-Jun-2024,170.0,PE,0.0,0.0,0.0,12.85,4.0,0,0.0,0,0,06-MAY-2024,
OPTSTK,MANAPPURAM,27-Jun-2024,175.0,PE,0.0,0.0,0.0,15.35,5.35,0,0.0,0,0,06-MAY-2024,
OPTSTK,MANAPPURAM,27-Jun-2024,177.5,PE,0.0,0.0,0.0,6.75,6.1,0,0.0,0,0,06-MAY-2024,
OPTSTK,MANAPPURAM,27-Jun-2024,180.0,PE,7.5,8.0,7.5,8.0,8.0,9,50.64,27000,27000,06-MAY-2024,
OPTSTK,MANAPPURAM,27-Jun-2024,182.5,PE,0.0,0.0,0.0,8.55,7.9,0,0.0,0,0,06-MAY-2024,
OPTSTK,MANAPPURAM,27-Jun-2024,185.0,PE,0.0,0.0,0.0,21.05,8.9,0,0.0,0,0,06-MAY-2024,
OPTSTK,MANAPPURAM,27-Jun-2024,187.5,PE,0.0,0.0,0.0,10.55,9.95,0,0.0,0,0,06-MAY-2024,
OPTSTK,MANAPPURAM,27-Jun-2024,190.0,PE,0.0,0.0,0.0,24.25,11.1,0,0.0,0,0,06-MAY-2024,
OPTSTK,MANAPPURAM,27-Jun-2024,192.5,PE,0.0,0.0,0.0,12.85,12.35,0,0.0,0,0,06-MAY-2024,
OPTSTK,MANAPPURAM,27-Jun-2024,195.0,PE,13.5,13.5,13.0,13.0,13.65,2,12.49,3000,0,06-MAY-2024,
OPTSTK,MANAPPURAM,27-Jun-2024,197.5,PE,0.0,0.0,0.0,15.45,15.0,0,0.0,0,0,06-MAY-2024,
OPTSTK,MANAPPURAM,27-Jun-2024,200.0,PE,0.0,0.0,0.0,14.4,16.45,0,0.0,6000,0,06-MAY-2024,
OPTSTK,MANAPPURAM,27-Jun-2024,202.5,PE,0.0,0.0,0.0,18.25,17.95,0,0.0,0,0,06-MAY-2024,
OPTSTK,MANAPPURAM,27-Jun-2024,205.0,PE,0.0,0.0,0.0,34.95,19.55,0,0.0,0,0,06-MAY-2024,
OPTSTK,MANAPPURAM,27-Jun-2024,207.5,PE,0.0,0.0,0.0,21.3,21.2,0,0.0,0,0,06-MAY-2024,
OPTSTK,MANAPPURAM,27-Jun-2024,210.0,PE,0.0,0.0,0.0,38.85,22.9,0,0.0,0,0,06-MAY-2024,
OPTSTK,MANAPPURAM,27-Jun-2024,212.5,PE,0.0,0.0,0.0,24.6,24.65,0,0.0,0,0,06-MAY-2024,
OPTSTK,MANAPPURAM,27-Jun-2024,215.0,PE,0.0,0.0,0.0,42.9,26.45,0,0.0,0,0,06-MAY-2024,
OPTSTK,MANAPPURAM,27-Jun-2024,217.5,PE,0.0,0.0,0.0,28.1,28.35,0,0.0,0,0,06-MAY-2024,
OPTSTK,MANAPPURAM,27-Jun-2024,220.0,PE,0.0,0.0,0.0,47.05,30.25,0,0.0,0,0,06-MAY-2024,
OPTSTK,MANAPPURAM,27-Jun-2024,222.5,PE,0.0,0.0,0.0,31.8,32.25,0,0.0,0,0,06-MAY-2024,
OPTSTK,MANAPPURAM,27-Jun-2024,225.0,PE,0.0,0.0,0.0,44.25,34.25,0,0.0,0,0,06-MAY-2024,
OPTSTK,MANAPPURAM,27-Jun-2024,227.5,PE,0.0,0.0,0.0,35.7,36.3,0,0.0,0,0,06-MAY-2024,
OPTSTK,MANAPPURAM,27-Jun-2024,230.0,PE,0.0,0.0,0.0,55.65,38.4,0,0.0,0,0,06-MAY-2024,
OPTSTK,MANAPPURAM,27-Jun-2024,232.5,PE,0.0,0.0,0.0,39.7,40.5,0,0.0,0,0,06-MAY-2024,
OPTSTK,MANAPPURAM,27-Jun-2024,235.0,PE,0.0,0.0,0.0,43.25,42.65,0,0.0,0,0,06-MAY-2024,
OPTSTK,MANAPPURAM,25-Jul-2024,180.0,CE,0.0,0.0,0.0,27.45,24.8,0,0.0,0,0,06-MAY-2024,
OPTSTK,MANAPPURAM,25-Jul-2024,185.0,CE,0.0,0.0,0.0,24.55,21.95,0,0.0,0,0,06-MAY-2024,
OPTSTK,MANAPPURAM,25-Jul-2024,190.0,CE,0.0,0.0,0.0,21.9,19.3,0,0.0,0,0,06-MAY-2024,
OPTSTK,MANAPPURAM,25-Jul-2024,195.0,CE,0.0,0.0,0.0,19.45,16.9,0,0.0,0,0,06-MAY-2024,
OPTSTK,MANAPPURAM,25-Jul-2024,200.0,CE,0.0,0.0,0.0,17.2,14.75,0,0.0,0,0,06-MAY-2024,
OPTSTK,MANAPPURAM,25-Jul-2024,205.0,CE,0.0,0.0,0.0,15.15,12.8,0,0.0,0,0,06-MAY-2024,
OPTSTK,MANAPPURAM,25-Jul-2024,210.0,CE,0.0,0.0,0.0,13.3,11.05,0,0.0,0,0,06-MAY-2024,
OPTSTK,MANAPPURAM,25-Jul-2024,215.0,CE,0.0,0.0,0.0,11.65,9.55,0,0.0,0,0,06-MAY-2024,
OPTSTK,MANAPPURAM,25-Jul-2024,220.0,CE,0.0,0.0,0.0,10.15,8.2,0,0.0,0,0,06-MAY-2024,
OPTSTK,MANAPPURAM,25-Jul-2024,225.0,CE,0.0,0.0,0.0,8.85,7.0,0,0.0,0,0,06-MAY-2024,
OPTSTK,MANAPPURAM,25-Jul-2024,230.0,CE,0.0,0.0,0.0,7.7,5.95,0,0.0,0,0,06-MAY-2024,
OPTSTK,MANAPPURAM,25-Jul-2024,235.0,CE,0.0,0.0,0.0,6.65,5.05,0,0.0,0,0,06-MAY-2024,
OPTSTK,MANAPPURAM,25-Jul-2024,180.0,PE,0.0,0.0,0.0,9.85,9.4,0,0.0,0,0,06-MAY-2024,
OPTSTK,MANAPPURAM,25-Jul-2024,185.0,PE,0.0,0.0,0.0,11.9,11.45,0,0.0,0,0,06-MAY-2024,
OPTSTK,MANAPPURAM,25-Jul-2024,190.0,PE,0.0,0.0,0.0,14.1,13.75,0,0.0,0,0,06-MAY-2024,
OPTSTK,MANAPPURAM,25-Jul-2024,195.0,PE,0.0,0.0,0.0,16.55,16.25,0,0.0,0,0,06-MAY-2024,
OPTSTK,MANAPPURAM,25-Jul-2024,200.0,PE,0.0,0.0,0.0,19.2,19.05,0,0.0,0,0,06-MAY-2024,
OPTSTK,MANAPPURAM,25-Jul-2024,205.0,PE,0.0,0.0,0.0,22.1,22.0,0,0.0,0,0,06-MAY-2024,
OPTSTK,MANAPPURAM,25-Jul-2024,210.0,PE,0.0,0.0,0.0,25.15,25.2,0,0.0,0,0,06-MAY-2024,
OPTSTK,MANAPPURAM,25-Jul-2024,215.0,PE,0.0,0.0,0.0,28.4,28.6,0,0.0,0,0,06-MAY-2024,
OPTSTK,MANAPPURAM,25-Jul-2024,220.0,PE,0.0,0.0,0.0,31.85,32.15,0,0.0,0,0,06-MAY-2024,
OPTSTK,MANAPPURAM,25-Jul-2024,225.0,PE,0.0,0.0,0.0,35.45,35.9,0,0.0,0,0,06-MAY-2024,
OPTSTK,MANAPPURAM,25-Jul-2024,230.0,PE,0.0,0.0,0.0,39.2,39.8,0,0.0,0,0,06-MAY-2024,
OPTSTK,MANAPPURAM,25-Jul-2024,235.0,PE,0.0,0.0,0.0,43.05,43.8,0,0.0,0,0,06-MAY-2024,
OPTSTK,MARICO,30-May-2024,440.0,CE,0.0,0.0,0.0,92.2,92.35,0,0.0,0,0,06-MAY-2024,
OPTSTK,MARICO,30-May-2024,450.0,CE,0.0,0.0,0.0,70.9,82.45,0,0.0,3600,0,06-MAY-2024,
OPTSTK,MARICO,30-May-2024,460.0,CE,0.0,0.0,0.0,74.5,72.55,0,0.0,0,0,06-MAY-2024,
OPTSTK,MARICO,30-May-2024,465.0,CE,0.0,0.0,0.0,43.6,67.6,0,0.0,0,0,06-MAY-2024,
OPTSTK,MARICO,30-May-2024,470.0,CE,0.0,0.0,0.0,66.2,62.75,0,0.0,0,0,06-MAY-2024,
OPTSTK,MARICO,30-May-2024,475.0,CE,0.0,0.0,0.0,48.0,57.9,0,0.0,1200,0,06-MAY-2024,
OPTSTK,MARICO,30-May-2024,480.0,CE,53.35,53.35,53.35,53.35,53.35,1,6.4,3600,1200,06-MAY-2024,
OPTSTK,MARICO,30-May-2024,485.0,CE,42.45,47.45,42.45,47.45,48.45,2,12.71,1200,1200,06-MAY-2024,
OPTSTK,MARICO,30-May-2024,490.0,CE,40.3,44.2,40.3,44.2,43.9,4,25.5,6000,2400,06-MAY-2024,
OPTSTK,MARICO,30-May-2024,495.0,CE,40.1,41.3,40.0,41.3,41.3,4,25.69,1200,-1200,06-MAY-2024,
OPTSTK,MARICO,30-May-2024,500.0,CE,31.25,41.1,31.15,39.25,39.25,97,626.0,70800,27600,06-MAY-2024,
OPTSTK,MARICO,30-May-2024,505.0,CE,32.45,35.5,31.4,33.45,33.45,12,77.46,7200,2400,06-MAY-2024,
OPTSTK,MARICO,30-May-2024,510.0,CE,25.2,33.4,24.5,32.2,32.2,85,549.56,93600,2400,06-MAY-2024,
OPTSTK,MARICO,30-May-2024,515.0,CE,19.9,29.2,19.9,28.55,28.55,176,1140.65,102000,-6000,06-MAY-2024,
OPTSTK,MARICO,30-May-2024,520.0,CE,17.95,27.0,17.45,24.85,24.85,1979,12902.41,444000,-32400,06-MAY-2024,
OPTSTK,MARICO,30-May-2024,525.0,CE,15.2,24.0,15.15,21.85,21.85,1887,12355.75,1116000,158400,06-MAY-2024,
OPTSTK,MARICO,30-May-2024,530.0,CE,12.9,21.25,12.9,19.5,19.5,8113,53427.34,1326000,993600,06-MAY-2024,
OPTSTK,MARICO,30-May-2024,535.0,CE,12.85,19.25,12.45,17.1,17.1,1187,7858.64,316800,248400,06-MAY-2024,
OPTSTK,MARICO,30-May-2024,540.0,CE,9.4,16.5,9.25,14.7,14.7,2812,18703.74,636000,266400,06-MAY-2024,
OPTSTK,MARICO,30-May-2024,545.0,CE,9.3,14.55,9.0,12.95,12.95,491,3285.07,96000,68400,06-MAY-2024,
OPTSTK,MARICO,30-May-2024,550.0,CE,6.65,12.85,6.6,11.1,11.1,4898,32967.38,861600,625200,06-MAY-2024,
OPTSTK,MARICO,30-May-2024,555.0,CE,6.0,11.2,6.0,9.8,9.8,92,623.05,68400,34800,06-MAY-2024,
OPTSTK,MARICO,30-May-2024,560.0,CE,4.4,9.9,4.4,8.3,8.3,1973,13453.58,302400,241200,06-MAY-2024,
OPTSTK,MARICO,30-May-2024,565.0,CE,4.25,8.9,4.25,7.1,7.1,220,1509.71,69600,4800,06-MAY-2024,
OPTSTK,MARICO,30-May-2024,570.0,CE,3.65,7.9,3.65,6.4,6.4,1343,9286.97,302400,196800,06-MAY-2024,
OPTSTK,MARICO,30-May-2024,580.0,CE,2.55,6.1,2.55,4.9,4.9,1025,7191.76,236400,158400,06-MAY-2024,
OPTSTK,MARICO,30-May-2024,590.0,CE,1.45,4.9,1.45,3.6,3.6,579,4123.65,276000,49200,06-MAY-2024,
OPTSTK,MARICO,30-May-2024,600.0,CE,1.2,4.0,1.0,2.95,2.95,5926,42867.05,1938000,1432800,06-MAY-2024,
OPTSTK,MARICO,30-May-2024,440.0,PE,0.9,1.85,0.6,1.0,1.0,92,486.91,57600,57600,06-MAY-2024,
OPTSTK,MARICO,30-May-2024,450.0,PE,0.8,1.9,0.55,1.35,1.35,908,4917.81,531600,476400,06-MAY-2024,
OPTSTK,MARICO,30-May-2024,460.0,PE,1.2,1.95,1.2,1.7,1.7,671,3715.74,212400,87600,06-MAY-2024,
OPTSTK,MARICO,30-May-2024,465.0,PE,1.55,2.2,1.45,1.85,1.85,153,856.8,60000,-1200,06-MAY-2024,
OPTSTK,MARICO,30-May-2024,470.0,PE,2.1,2.65,1.7,2.3,2.3,487,2759.28,250800,144000,06-MAY-2024,
OPTSTK,MARICO,30-May-2024,475.0,PE,3.0,3.0,2.1,2.7,2.7,134,767.75,39600,19200,06-MAY-2024,
OPTSTK,MARICO,30-May-2024,480.0,PE,3.3,3.75,2.6,3.15,3.15,621,3599.98,374400,69600,06-MAY-2024,
OPTSTK,MARICO,30-May-2024,485.0,PE,3.7,4.55,3.1,3.7,3.7,98,574.59,50400,4800,06-MAY-2024,
OPTSTK,MARICO,30-May-2024,490.0,PE,4.7,5.6,3.8,4.5,4.5,341,2023.75,190800,56400,06-MAY-2024,
OPTSTK,MARICO,30-May-2024,495.0,PE,6.1,6.65,4.65,5.55,5.55,144,864.85,62400,36000,06-MAY-2024,
OPTSTK,MARICO,30-May-2024,500.0,PE,7.6,8.3,5.5,6.25,6.25,1186,7210.22,518400,196800,06-MAY-2024,
OPTSTK,MARICO,30-May-2024,505.0,PE,9.3,9.85,6.6,7.65,7.65,433,2665.88,85200,37200,06-MAY-2024,
OPTSTK,MARICO,30-May-2024,510.0,PE,11.65,11.9,7.85,9.0,9.0,1136,7083.24,933600,78000,06-MAY-2024,
OPTSTK,MARICO,30-May-2024,515.0,PE,13.55,13.8,9.15,10.5,10.5,335,2116.45,80400,34800,06-MAY-2024,
OPTSTK,MARICO,30-May-2024,520.0,PE,15.35,16.7,10.75,12.2,12.2,828,5296.04,334800,206400,06-MAY-2024,
OPTSTK,MARICO,30-May-2024,525.0,PE,18.05,18.9,12.75,14.7,14.7,644,4175.74,264000,254400,06-MAY-2024,
OPTSTK,MARICO,30-May-2024,530.0,PE,20.3,22.0,14.8,16.6,16.6,1688,11090.36,676800,657600,06-MAY-2024,
OPTSTK,MARICO,30-May-2024,535.0,PE,23.0,23.45,17.5,19.2,19.2,217,1445.98,103200,93600,06-MAY-2024,
OPTSTK,MARICO,30-May-2024,540.0,PE,27.25,27.25,20.2,22.0,22.0,131,883.79,61200,57600,06-MAY-2024,
OPTSTK,MARICO,30-May-2024,545.0,PE,25.0,26.55,25.0,26.1,26.1,10,68.5,12000,9600,06-MAY-2024,
OPTSTK,MARICO,30-May-2024,550.0,PE,30.7,30.7,25.65,28.55,28.55,35,243.04,32400,18000,06-MAY-2024,
OPTSTK,MARICO,30-May-2024,555.0,PE,0.0,0.0,0.0,55.5,27.35,0,0.0,0,0,06-MAY-2024,
OPTSTK,MARICO,30-May-2024,560.0,PE,39.0,39.0,38.35,38.35,31.2,3,21.54,2400,1200,06-MAY-2024,
OPTSTK,MARICO,30-May-2024,565.0,PE,40.7,40.7,38.25,39.5,39.5,2,14.5,1200,1200,06-MAY-2024,
OPTSTK,MARICO,30-May-2024,570.0,PE,45.65,45.65,43.15,43.9,43.9,10,73.7,9600,8400,06-MAY-2024,
OPTSTK,MARICO,30-May-2024,580.0,PE,0.0,0.0,0.0,56.65,48.4,0,0.0,0,0,06-MAY-2024,
OPTSTK,MARICO,30-May-2024,590.0,PE,62.25,62.25,62.25,62.25,62.25,1,7.82,6000,0,06-MAY-2024,
OPTSTK,MARICO,30-May-2024,600.0,PE,77.0,77.0,63.8,67.45,67.45,11,88.31,7200,2400,06-MAY-2024,
OPTSTK,MARICO,27-Jun-2024,440.0,CE,0.0,0.0,0.0,68.45,95.1,0,0.0,0,0,06-MAY-2024,
OPTSTK,MARICO,27-Jun-2024,450.0,CE,0.0,0.0,0.0,60.15,85.45,0,0.0,0,0,06-MAY-2024,
OPTSTK,MARICO,27-Jun-2024,460.0,CE,0.0,0.0,0.0,52.3,75.95,0,0.0,0,0,06-MAY-2024,
OPTSTK,MARICO,27-Jun-2024,465.0,CE,0.0,0.0,0.0,54.8,71.3,0,0.0,0,0,06-MAY-2024,
OPTSTK,MARICO,27-Jun-2024,470.0,CE,0.0,0.0,0.0,45.05,66.75,0,0.0,0,0,06-MAY-2024,
OPTSTK,MARICO,27-Jun-2024,475.0,CE,0.0,0.0,0.0,46.75,62.25,0,0.0,0,0,06-MAY-2024,
OPTSTK,MARICO,27-Jun-2024,480.0,CE,0.0,0.0,0.0,38.35,57.85,0,0.0,0,0,06-MAY-2024,
OPTSTK,MARICO,27-Jun-2024,485.0,CE,0.0,0.0,0.0,39.35,53.6,0,0.0,0,0,06-MAY-2024,
OPTSTK,MARICO,27-Jun-2024,490.0,CE,0.0,0.0,0.0,32.3,49.45,0,0.0,0,0,06-MAY-2024,
OPTSTK,MARICO,27-Jun-2024,495.0,CE,0.0,0.0,0.0,32.6,45.45,0,0.0,0,0,06-MAY-2024,
OPTSTK,MARICO,27-Jun-2024,500.0,CE,0.0,0.0,0.0,26.9,41.6,0,0.0,0,0,06-MAY-2024,
OPTSTK,MARICO,27-Jun-2024,505.0,CE,0.0,0.0,0.0,26.6,37.9,0,0.0,0,0,06-MAY-2024,
OPTSTK,MARICO,27-Jun-2024,510.0,CE,0.0,0.0,0.0,22.15,34.4,0,0.0,0,0,06-MAY-2024,
OPTSTK,MARICO,27-Jun-2024,515.0,CE,0.0,0.0,0.0,21.4,31.1,0,0.0,0,0,06-MAY-2024,
OPTSTK,MARICO,27-Jun-2024,520.0,CE,0.0,0.0,0.0,18.0,27.95,0,0.0,0,0,06-MAY-2024,
OPTSTK,MARICO,27-Jun-2024,525.0,CE,0.0,0.0,0.0,16.9,25.05,0,0.0,0,0,06-MAY-2024,
OPTSTK,MARICO,27-Jun-2024,530.0,CE,0.0,0.0,0.0,14.5,22.3,0,0.0,0,0,06-MAY-2024,
OPTSTK,MARICO,27-Jun-2024,535.0,CE,0.0,0.0,0.0,13.15,19.8,0,0.0,0,0,06-MAY-2024,
OPTSTK,MARICO,27-Jun-2024,540.0,CE,0.0,0.0,0.0,11.5,17.5,0,0.0,0,0,06-MAY-2024,
OPTSTK,MARICO,27-Jun-2024,545.0,CE,0.0,0.0,0.0,10.05,15.35,0,0.0,0,0,06-MAY-2024,
OPTSTK,MARICO,27-Jun-2024,550.0,CE,0.0,0.0,0.0,9.1,13.45,0,0.0,0,0,06-MAY-2024,
OPTSTK,MARICO,27-Jun-2024,555.0,CE,0.0,0.0,0.0,7.6,11.7,0,0.0,0,0,06-MAY-2024,
OPTSTK,MARICO,27-Jun-2024,560.0,CE,0.0,0.0,0.0,7.05,10.15,0,0.0,0,0,06-MAY-2024,
OPTSTK,MARICO,27-Jun-2024,565.0,CE,0.0,0.0,0.0,5.6,8.75,0,0.0,0,0,06-MAY-2024,
OPTSTK,MARICO,27-Jun-2024,570.0,CE,0.0,0.0,0.0,5.45,7.5,0,0.0,0,0,06-MAY-2024,
OPTSTK,MARICO,27-Jun-2024,580.0,CE,0.0,0.0,0.0,4.15,5.45,0,0.0,0,0,06-MAY-2024,
OPTSTK,MARICO,27-Jun-2024,590.0,CE,0.0,0.0,0.0,3.15,3.9,0,0.0,0,0,06-MAY-2024,
OPTSTK,MARICO,27-Jun-2024,600.0,CE,0.0,0.0,0.0,2.35,2.7,0,0.0,0,0,06-MAY-2024,
OPTSTK,MARICO,27-Jun-2024,440.0,PE,0.0,0.0,0.0,3.35,0.25,0,0.0,0,0,06-MAY-2024,
OPTSTK,MARICO,27-Jun-2024,450.0,PE,0.0,0.0,0.0,4.9,0.5,0,0.0,0,0,06-MAY-2024,
OPTSTK,MARICO,27-Jun-2024,460.0,PE,0.0,0.0,0.0,6.9,0.9,0,0.0,0,0,06-MAY-2024,
OPTSTK,MARICO,27-Jun-2024,465.0,PE,0.0,0.0,0.0,3.8,1.2,0,0.0,0,0,06-MAY-2024,
OPTSTK,MARICO,27-Jun-2024,470.0,PE,0.0,0.0,0.0,9.45,1.6,0,0.0,0,0,06-MAY-2024,
OPTSTK,MARICO,27-Jun-2024,475.0,PE,0.0,0.0,0.0,5.65,2.05,0,0.0,0,0,06-MAY-2024,
OPTSTK,MARICO,27-Jun-2024,480.0,PE,0.0,0.0,0.0,12.55,2.6,0,0.0,0,0,06-MAY-2024,
OPTSTK,MARICO,27-Jun-2024,485.0,PE,0.0,0.0,0.0,8.15,3.3,0,0.0,0,0,06-MAY-2024,
OPTSTK,MARICO,27-Jun-2024,490.0,PE,0.0,0.0,0.0,16.35,4.1,0,0.0,0,0,06-MAY-2024,
OPTSTK,MARICO,27-Jun-2024,495.0,PE,0.0,0.0,0.0,11.25,5.05,0,0.0,0,0,06-MAY-2024,
OPTSTK,MARICO,27-Jun-2024,500.0,PE,11.3,15.5,11.3,13.85,13.85,12,73.99,18000,3600,06-MAY-2024,
OPTSTK,MARICO,27-Jun-2024,505.0,PE,0.0,0.0,0.0,15.15,7.4,0,0.0,0,0,06-MAY-2024,
OPTSTK,MARICO,27-Jun-2024,510.0,PE,0.0,0.0,0.0,25.8,8.85,0,0.0,0,0,06-MAY-2024,
OPTSTK,MARICO,27-Jun-2024,515.0,PE,0.0,0.0,0.0,19.75,10.45,0,0.0,0,0,06-MAY-2024,
OPTSTK,MARICO,27-Jun-2024,520.0,PE,19.25,19.25,19.25,19.25,19.25,1,6.47,1200,1200,06-MAY-2024,
OPTSTK,MARICO,27-Jun-2024,525.0,PE,0.0,0.0,0.0,25.15,14.35,0,0.0,0,0,06-MAY-2024,
OPTSTK,MARICO,27-Jun-2024,530.0,PE,0.0,0.0,0.0,37.8,16.55,0,0.0,0,0,06-MAY-2024,
OPTSTK,MARICO,27-Jun-2024,535.0,PE,0.0,0.0,0.0,31.25,19.0,0,0.0,0,0,06-MAY-2024,
OPTSTK,MARICO,27-Jun-2024,540.0,PE,0.0,0.0,0.0,44.65,21.6,0,0.0,0,0,06-MAY-2024,
OPTSTK,MARICO,27-Jun-2024,545.0,PE,0.0,0.0,0.0,38.05,24.45,0,0.0,0,0,06-MAY-2024,
OPTSTK,MARICO,27-Jun-2024,550.0,PE,0.0,0.0,0.0,52.05,27.45,0,0.0,0,0,06-MAY-2024,
OPTSTK,MARICO,27-Jun-2024,555.0,PE,0.0,0.0,0.0,45.45,30.65,0,0.0,0,0,06-MAY-2024,
OPTSTK,MARICO,27-Jun-2024,560.0,PE,0.0,0.0,0.0,59.85,34.05,0,0.0,0,0,06-MAY-2024,
OPTSTK,MARICO,27-Jun-2024,565.0,PE,0.0,0.0,0.0,53.35,37.6,0,0.0,0,0,06-MAY-2024,
OPTSTK,MARICO,27-Jun-2024,570.0,PE,0.0,0.0,0.0,68.05,41.35,0,0.0,0,0,06-MAY-2024,
OPTSTK,MARICO,27-Jun-2024,580.0,PE,0.0,0.0,0.0,76.6,49.15,0,0.0,0,0,06-MAY-2024,
OPTSTK,MARICO,27-Jun-2024,590.0,PE,0.0,0.0,0.0,85.4,57.5,0,0.0,0,0,06-MAY-2024,
OPTSTK,MARICO,27-Jun-2024,600.0,PE,0.0,0.0,0.0,94.4,66.25,0,0.0,0,0,06-MAY-2024,
OPTSTK,MARICO,25-Jul-2024,440.0,CE,0.0,0.0,0.0,80.35,98.1,0,0.0,0,0,06-MAY-2024,
OPTSTK,MARICO,25-Jul-2024,460.0,CE,0.0,0.0,0.0,63.35,79.7,0,0.0,0,0,06-MAY-2024,
OPTSTK,MARICO,25-Jul-2024,470.0,CE,0.0,0.0,0.0,55.45,70.9,0,0.0,0,0,06-MAY-2024,
OPTSTK,MARICO,25-Jul-2024,480.0,CE,0.0,0.0,0.0,48.1,62.5,0,0.0,0,0,06-MAY-2024,
OPTSTK,MARICO,25-Jul-2024,490.0,CE,0.0,0.0,0.0,41.25,54.55,0,0.0,0,0,06-MAY-2024,
OPTSTK,MARICO,25-Jul-2024,500.0,CE,0.0,0.0,0.0,35.05,47.15,0,0.0,0,0,06-MAY-2024,
OPTSTK,MARICO,25-Jul-2024,510.0,CE,0.0,0.0,0.0,29.5,40.25,0,0.0,0,0,06-MAY-2024,
OPTSTK,MARICO,25-Jul-2024,520.0,CE,0.0,0.0,0.0,24.55,34.05,0,0.0,0,0,06-MAY-2024,
OPTSTK,MARICO,25-Jul-2024,530.0,CE,0.0,0.0,0.0,20.2,28.45,0,0.0,0,0,06-MAY-2024,
OPTSTK,MARICO,25-Jul-2024,540.0,CE,0.0,0.0,0.0,16.45,23.5,0,0.0,0,0,06-MAY-2024,
OPTSTK,MARICO,25-Jul-2024,550.0,CE,0.0,0.0,0.0,13.25,19.2,0,0.0,0,0,06-MAY-2024,
OPTSTK,MARICO,25-Jul-2024,560.0,CE,0.0,0.0,0.0,10.6,15.5,0,0.0,0,0,06-MAY-2024,
OPTSTK,MARICO,25-Jul-2024,570.0,CE,0.0,0.0,0.0,8.35,12.35,0,0.0,0,0,06-MAY-2024,
OPTSTK,MARICO,25-Jul-2024,580.0,CE,0.0,0.0,0.0,6.55,9.8,0,0.0,0,0,06-MAY-2024,
OPTSTK,MARICO,25-Jul-2024,600.0,CE,0.0,0.0,0.0,3.9,5.9,0,0.0,0,0,06-MAY-2024,
OPTSTK,MARICO,25-Jul-2024,440.0,PE,0.0,0.0,0.0,2.3,0.85,0,0.0,0,0,06-MAY-2024,
OPTSTK,MARICO,25-Jul-2024,460.0,PE,0.0,0.0,0.0,4.9,2.1,0,0.0,0,0,06-MAY-2024,
OPTSTK,MARICO,25-Jul-2024,470.0,PE,0.0,0.0,0.0,6.8,3.15,0,0.0,0,0,06-MAY-2024,
OPTSTK,MARICO,25-Jul-2024,480.0,PE,0.0,0.0,0.0,9.3,4.6,0,0.0,0,0,06-MAY-2024,
OPTSTK,MARICO,25-Jul-2024,490.0,PE,0.0,0.0,0.0,12.25,6.5,0,0.0,0,0,06-MAY-2024,
OPTSTK,MARICO,25-Jul-2024,500.0,PE,0.0,0.0,0.0,15.9,8.95,0,0.0,0,0,06-MAY-2024,
OPTSTK,MARICO,25-Jul-2024,510.0,PE,0.0,0.0,0.0,20.15,11.9,0,0.0,0,0,06-MAY-2024,
OPTSTK,MARICO,25-Jul-2024,520.0,PE,0.0,0.0,0.0,25.0,15.5,0,0.0,0,0,06-MAY-2024,
OPTSTK,MARICO,25-Jul-2024,530.0,PE,0.0,0.0,0.0,30.45,19.75,0,0.0,0,0,06-MAY-2024,
OPTSTK,MARICO,25-Jul-2024,540.0,PE,0.0,0.0,0.0,36.55,24.65,0,0.0,0,0,06-MAY-2024,
OPTSTK,MARICO,25-Jul-2024,550.0,PE,0.0,0.0,0.0,43.15,30.2,0,0.0,0,0,06-MAY-2024,
OPTSTK,MARICO,25-Jul-2024,560.0,PE,0.0,0.0,0.0,50.35,36.35,0,0.0,0,0,06-MAY-2024,
OPTSTK,MARICO,25-Jul-2024,570.0,PE,0.0,0.0,0.0,57.9,43.05,0,0.0,0,0,06-MAY-2024,
OPTSTK,MARICO,25-Jul-2024,580.0,PE,0.0,0.0,0.0,65.9,50.3,0,0.0,0,0,06-MAY-2024,
OPTSTK,MARICO,25-Jul-2024,600.0,PE,0.0,0.0,0.0,82.9,66.1,0,0.0,0,0,06-MAY-2024,
OPTSTK,MARUTI,30-May-2024,10400.0,CE,0.0,0.0,0.0,2645.8,2087.6,0,0.0,150,0,06-MAY-2024,
OPTSTK,MARUTI,30-May-2024,10600.0,CE,0.0,0.0,0.0,1087.5,1889.4,0,0.0,0,0,06-MAY-2024,
OPTSTK,MARUTI,30-May-2024,10800.0,CE,0.0,0.0,0.0,949.9,1692.3,0,0.0,0,0,06-MAY-2024,
OPTSTK,MARUTI,30-May-2024,11000.0,CE,1600.0,1600.0,1600.0,1600.0,1497.3,1,6.3,3100,-50,06-MAY-2024,
OPTSTK,MARUTI,30-May-2024,11200.0,CE,0.0,0.0,0.0,1640.0,1305.9,0,0.0,100,0,06-MAY-2024,
OPTSTK,MARUTI,30-May-2024,11300.0,CE,0.0,0.0,0.0,1508.45,1212.15,0,0.0,0,0,06-MAY-2024,
OPTSTK,MARUTI,30-May-2024,11400.0,CE,0.0,0.0,0.0,1580.0,1120.2,0,0.0,150,0,06-MAY-2024,
OPTSTK,MARUTI,30-May-2024,11500.0,CE,0.0,0.0,0.0,1185.0,1030.25,0,0.0,5650,0,06-MAY-2024,
OPTSTK,MARUTI,30-May-2024,11600.0,CE,0.0,0.0,0.0,1260.3,942.8,0,0.0,4500,0,06-MAY-2024,
OPTSTK,MARUTI,30-May-2024,11700.0,CE,0.0,0.0,0.0,1180.0,858.2,0,0.0,50,0,06-MAY-2024,
OPTSTK,MARUTI,30-May-2024,11800.0,CE,870.25,870.3,870.25,870.3,776.8,2,12.67,2650,0,06-MAY-2024,
OPTSTK,MARUTI,30-May-2024,11900.0,CE,797.65,797.65,784.0,784.0,699.0,4,25.38,1100,50,06-MAY-2024,
OPTSTK,MARUTI,30-May-2024,12000.0,CE,763.3,800.0,616.55,660.85,660.85,190,1205.82,36300,1950,06-MAY-2024,
OPTSTK,MARUTI,30-May-2024,12100.0,CE,669.1,669.1,557.75,584.45,555.35,13,82.6,2100,300,06-MAY-2024,
OPTSTK,MARUTI,30-May-2024,12200.0,CE,616.45,622.05,478.9,525.55,490.25,24,152.69,5250,150,06-MAY-2024,
OPTSTK,MARUTI,30-May-2024,12300.0,CE,530.0,562.5,409.2,444.35,444.35,216,1377.93,11400,2700,06-MAY-2024,
OPTSTK,MARUTI,30-May-2024,12400.0,CE,446.95,500.0,351.95,386.0,386.0,1148,7351.9,21650,6750,06-MAY-2024,
OPTSTK,MARUTI,30-May-2024,12500.0,CE,360.05,436.55,300.0,327.25,327.25,4383,28182.82,70750,9500,06-MAY-2024,
OPTSTK,MARUTI,30-May-2024,12600.0,CE,332.4,375.0,252.5,279.1,279.1,6062,39164.15,82250,10550,06-MAY-2024,
OPTSTK,MARUTI,30-May-2024,12700.0,CE,285.0,319.75,211.4,233.65,233.65,4221,27373.15,98000,6950,06-MAY-2024,
OPTSTK,MARUTI,30-May-2024,12800.0,CE,237.35,270.0,175.1,195.3,195.3,5589,36387.45,163200,9450,06-MAY-2024,
OPTSTK,MARUTI,30-May-2024,12900.0,CE,198.5,226.45,145.05,162.05,162.05,3728,24399.29,126150,5250,06-MAY-2024,
OPTSTK,MARUTI,30-May-2024,13000.0,CE,150.95,187.0,118.3,132.55,132.55,13148,86470.75,796700,81750,06-MAY-2024,
OPTSTK,MARUTI,30-May-2024,13100.0,CE,133.75,157.5,99.05,111.1,111.1,2168,14336.86,120000,9600,06-MAY-2024,
OPTSTK,MARUTI,30-May-2024,13200.0,CE,117.85,131.65,83.3,92.9,92.9,2641,17572.93,173100,3550,06-MAY-2024,
OPTSTK,MARUTI,30-May-2024,13300.0,CE,98.0,110.95,69.9,77.95,77.95,2346,15707.73,75700,100,06-MAY-2024,
OPTSTK,MARUTI,30-May-2024,13400.0,CE,81.45,91.85,58.25,65.65,65.65,1478,9956.33,152100,3000,06-MAY-2024,
OPTSTK,MARUTI,30-May-2024,13500.0,CE,69.95,78.45,50.2,56.9,56.9,5732,38871.53,328900,17750,06-MAY-2024,
OPTSTK,MARUTI,30-May-2024,13600.0,CE,59.4,66.7,42.85,48.0,48.0,1361,9291.73,51450,-3850,06-MAY-2024,
OPTSTK,MARUTI,30-May-2024,13700.0,CE,50.65,57.05,36.0,41.2,41.2,915,6288.54,58700,1750,06-MAY-2024,
OPTSTK,MARUTI,30-May-2024,13800.0,CE,41.75,47.3,31.3,34.6,34.6,877,6068.34,58200,-200,06-MAY-2024,
OPTSTK,MARUTI,30-May-2024,13900.0,CE,36.1,40.8,27.3,30.05,30.05,483,3365.08,40400,400,06-MAY-2024,
OPTSTK,MARUTI,30-May-2024,14000.0,CE,33.25,35.6,23.25,26.0,26.0,2864,20089.78,247200,-3800,06-MAY-2024,
OPTSTK,MARUTI,30-May-2024,14100.0,CE,28.15,30.6,19.95,22.1,22.1,653,4611.3,29500,4100,06-MAY-2024,
OPTSTK,MARUTI,30-May-2024,14200.0,CE,24.25,25.75,17.25,19.4,19.4,695,4941.87,45100,1250,06-MAY-2024,
OPTSTK,MARUTI,30-May-2024,14400.0,CE,18.0,19.1,12.7,13.3,13.3,823,5931.71,73700,0,06-MAY-2024,
OPTSTK,MARUTI,30-May-2024,14600.0,CE,14.9,15.65,11.15,12.0,12.0,535,3909.02,66850,0,06-MAY-2024,
OPTSTK,MARUTI,30-May-2024,14800.0,CE,10.2,14.0,9.0,10.25,10.25,1003,7427.41,129400,9500,06-MAY-2024,
OPTSTK,MARUTI,30-May-2024,10400.0,PE,0.0,0.0,0.0,3.3,0.6,0,0.0,100,0,06-MAY-2024,
OPTSTK,MARUTI,30-May-2024,10600.0,PE,0.0,0.0,0.0,206.65,1.45,0,0.0,0,0,06-MAY-2024,
OPTSTK,MARUTI,30-May-2024,10800.0,PE,12.0,17.1,11.0,14.55,14.55,148,800.19,38500,2800,06-MAY-2024,
OPTSTK,MARUTI,30-May-2024,11000.0,PE,22.15,28.1,19.95,25.7,25.7,1795,9894.5,71300,-500,06-MAY-2024,
OPTSTK,MARUTI,30-May-2024,11200.0,PE,0.0,0.0,0.0,16.5,15.2,0,0.0,150,0,06-MAY-2024,
OPTSTK,MARUTI,30-May-2024,11300.0,PE,36.0,45.7,31.1,41.05,41.05,741,4200.3,25550,-650,06-MAY-2024,
OPTSTK,MARUTI,30-May-2024,11400.0,PE,43.9,52.35,35.55,47.5,47.5,700,4005.0,31150,11700,06-MAY-2024,
OPTSTK,MARUTI,30-May-2024,11500.0,PE,50.0,63.4,42.0,56.75,56.75,2408,13906.81,112300,27350,06-MAY-2024,
OPTSTK,MARUTI,30-May-2024,11600.0,PE,57.9,74.1,47.25,63.75,63.75,887,5171.02,23400,-550,06-MAY-2024,
OPTSTK,MARUTI,30-May-2024,11700.0,PE,67.95,88.0,55.3,75.85,75.85,1292,7602.92,34600,1000,06-MAY-2024,
OPTSTK,MARUTI,30-May-2024,11800.0,PE,72.3,103.9,64.3,89.65,89.65,1259,7478.28,34550,-4700,06-MAY-2024,
OPTSTK,MARUTI,30-May-2024,11900.0,PE,88.2,123.0,78.0,106.0,106.0,981,5884.69,26150,650,06-MAY-2024,
OPTSTK,MARUTI,30-May-2024,12000.0,PE,108.05,146.15,90.1,126.5,126.5,4051,24538.52,155250,-3750,06-MAY-2024,
OPTSTK,MARUTI,30-May-2024,12100.0,PE,118.0,173.0,107.5,149.05,149.05,858,5248.29,18050,-2400,06-MAY-2024,
OPTSTK,MARUTI,30-May-2024,12200.0,PE,152.85,203.75,126.15,175.65,175.65,1448,8946.32,47050,-2300,06-MAY-2024,
OPTSTK,MARUTI,30-May-2024,12300.0,PE,184.6,240.8,152.45,208.2,208.2,1516,9468.83,62850,1850,06-MAY-2024,
OPTSTK,MARUTI,30-May-2024,12400.0,PE,225.8,284.4,178.15,245.5,245.5,8789,55470.45,61400,-5200,06-MAY-2024,
OPTSTK,MARUTI,30-May-2024,12500.0,PE,255.0,330.7,211.2,288.7,288.7,8815,56246.02,121200,-950,06-MAY-2024,
OPTSTK,MARUTI,30-May-2024,12600.0,PE,295.55,382.95,250.75,339.8,339.8,2813,18148.27,49500,-1250,06-MAY-2024,
OPTSTK,MARUTI,30-May-2024,12700.0,PE,336.0,440.5,293.65,394.85,394.85,1005,6556.35,58000,200,06-MAY-2024,
OPTSTK,MARUTI,30-May-2024,12800.0,PE,393.3,507.45,348.1,457.45,457.45,482,3186.62,38950,-4600,06-MAY-2024,
OPTSTK,MARUTI,30-May-2024,12900.0,PE,447.0,573.2,410.55,525.55,525.55,242,1618.29,21950,2750,06-MAY-2024,
OPTSTK,MARUTI,30-May-2024,13000.0,PE,520.0,645.05,464.35,597.15,597.15,212,1435.99,71250,-1900,06-MAY-2024,
OPTSTK,MARUTI,30-May-2024,13100.0,PE,607.9,724.4,562.65,670.0,670.0,46,316.24,22850,1350,06-MAY-2024,
OPTSTK,MARUTI,30-May-2024,13200.0,PE,625.0,795.9,625.0,724.8,794.7,14,97.52,6750,-50,06-MAY-2024,
OPTSTK,MARUTI,30-May-2024,13300.0,PE,715.8,830.0,691.75,813.95,876.6,19,133.35,7550,-450,06-MAY-2024,
OPTSTK,MARUTI,30-May-2024,13400.0,PE,790.0,971.0,790.0,971.0,961.3,3,21.4,8550,50,06-MAY-2024,
OPTSTK,MARUTI,30-May-2024,13500.0,PE,886.35,1019.35,859.0,999.15,999.15,32,230.94,14000,700,06-MAY-2024,
OPTSTK,MARUTI,30-May-2024,13600.0,PE,1061.45,1144.05,1061.3,1076.8,1137.8,4,29.37,4250,150,06-MAY-2024,
OPTSTK,MARUTI,30-May-2024,13700.0,PE,1053.0,1151.4,1037.6,1142.7,1228.95,17,125.7,3700,800,06-MAY-2024,
OPTSTK,MARUTI,30-May-2024,13800.0,PE,0.0,0.0,0.0,949.65,1321.7,0,0.0,2150,0,06-MAY-2024,
OPTSTK,MARUTI,30-May-2024,13900.0,PE,0.0,0.0,0.0,981.1,1415.8,0,0.0,2250,0,06-MAY-2024,
OPTSTK,MARUTI,30-May-2024,14000.0,PE,1458.55,1463.4,1429.1,1456.65,1511.0,5,38.63,6050,-150,06-MAY-2024,
OPTSTK,MARUTI,30-May-2024,14100.0,PE,0.0,0.0,0.0,1257.75,1607.1,0,0.0,750,0,06-MAY-2024,
OPTSTK,MARUTI,30-May-2024,14200.0,PE,0.0,0.0,0.0,2681.9,1703.95,0,0.0,0,0,06-MAY-2024,
OPTSTK,MARUTI,30-May-2024,14400.0,PE,0.0,0.0,0.0,2871.55,1899.3,0,0.0,0,0,06-MAY-2024,
OPTSTK,MARUTI,30-May-2024,14600.0,PE,0.0,0.0,0.0,2745.8,2096.25,0,0.0,0,0,06-MAY-2024,
OPTSTK,MARUTI,27-Jun-2024,10600.0,CE,0.0,0.0,0.0,2227.5,1965.45,0,0.0,0,0,06-MAY-2024,
OPTSTK,MARUTI,27-Jun-2024,10800.0,CE,0.0,0.0,0.0,2046.85,1778.0,0,0.0,0,0,06-MAY-2024,
OPTSTK,MARUTI,27-Jun-2024,11000.0,CE,0.0,0.0,0.0,1750.0,1595.35,0,0.0,50,0,06-MAY-2024,
OPTSTK,MARUTI,27-Jun-2024,11200.0,CE,0.0,0.0,0.0,1701.0,1418.75,0,0.0,0,0,06-MAY-2024,
OPTSTK,MARUTI,27-Jun-2024,11300.0,CE,0.0,0.0,0.0,1813.5,1333.25,0,0.0,0,0,06-MAY-2024,
OPTSTK,MARUTI,27-Jun-2024,11400.0,CE,0.0,0.0,0.0,1537.5,1249.75,0,0.0,0,0,06-MAY-2024,
OPTSTK,MARUTI,27-Jun-2024,11500.0,CE,0.0,0.0,0.0,1637.25,1168.55,0,0.0,0,0,06-MAY-2024,
OPTSTK,MARUTI,27-Jun-2024,11600.0,CE,0.0,0.0,0.0,1381.4,1089.75,0,0.0,0,0,06-MAY-2024,
OPTSTK,MARUTI,27-Jun-2024,11700.0,CE,0.0,0.0,0.0,1467.55,1013.55,0,0.0,0,0,06-MAY-2024,
OPTSTK,MARUTI,27-Jun-2024,11800.0,CE,0.0,0.0,0.0,1233.95,940.45,0,0.0,0,0,06-MAY-2024,
OPTSTK,MARUTI,27-Jun-2024,11900.0,CE,0.0,0.0,0.0,1305.5,869.3,0,0.0,0,0,06-MAY-2024,
OPTSTK,MARUTI,27-Jun-2024,12000.0,CE,1019.95,1103.05,1005.2,1005.2,801.75,8,52.15,550,250,06-MAY-2024,
OPTSTK,MARUTI,27-Jun-2024,12100.0,CE,0.0,0.0,0.0,1152.15,737.3,0,0.0,0,0,06-MAY-2024,
OPTSTK,MARUTI,27-Jun-2024,12200.0,CE,0.0,0.0,0.0,964.75,676.05,0,0.0,0,0,06-MAY-2024,
OPTSTK,MARUTI,27-Jun-2024,12300.0,CE,0.0,0.0,0.0,850.0,618.0,0,0.0,50,0,06-MAY-2024,
OPTSTK,MARUTI,27-Jun-2024,12400.0,CE,0.0,0.0,0.0,844.95,563.25,0,0.0,0,0,06-MAY-2024,
OPTSTK,MARUTI,27-Jun-2024,12500.0,CE,650.05,740.0,650.05,702.15,511.8,35,230.8,2500,1400,06-MAY-2024,
OPTSTK,MARUTI,27-Jun-2024,12600.0,CE,652.25,696.35,638.65,638.65,463.55,6,39.79,350,100,06-MAY-2024,
OPTSTK,MARUTI,27-Jun-2024,12700.0,CE,0.0,0.0,0.0,500.8,418.6,0,0.0,200,0,06-MAY-2024,
OPTSTK,MARUTI,27-Jun-2024,12800.0,CE,0.0,0.0,0.0,580.1,376.85,0,0.0,50,0,06-MAY-2024,
OPTSTK,MARUTI,27-Jun-2024,12900.0,CE,0.0,0.0,0.0,514.8,338.2,0,0.0,50,0,06-MAY-2024,
OPTSTK,MARUTI,27-Jun-2024,13000.0,CE,439.25,510.3,429.6,469.65,469.65,228,1537.18,19900,-3550,06-MAY-2024,
OPTSTK,MARUTI,27-Jun-2024,13100.0,CE,0.0,0.0,0.0,429.8,269.8,0,0.0,50,0,06-MAY-2024,
OPTSTK,MARUTI,27-Jun-2024,13200.0,CE,0.0,0.0,0.0,465.05,239.85,0,0.0,0,0,06-MAY-2024,
OPTSTK,MARUTI,27-Jun-2024,13300.0,CE,318.1,373.75,318.1,373.75,212.6,2,13.64,100,50,06-MAY-2024,
OPTSTK,MARUTI,27-Jun-2024,13400.0,CE,334.0,334.0,334.0,334.0,188.45,2,13.73,100,0,06-MAY-2024,
OPTSTK,MARUTI,27-Jun-2024,13500.0,CE,300.0,323.5,279.7,300.0,300.0,10,69.03,1850,50,06-MAY-2024,
OPTSTK,MARUTI,27-Jun-2024,13600.0,CE,0.0,0.0,0.0,331.45,145.5,0,0.0,0,0,06-MAY-2024,
OPTSTK,MARUTI,27-Jun-2024,13700.0,CE,0.0,0.0,0.0,309.8,127.4,0,0.0,0,0,06-MAY-2024,
OPTSTK,MARUTI,27-Jun-2024,13800.0,CE,0.0,0.0,0.0,202.5,111.2,0,0.0,250,0,06-MAY-2024,
OPTSTK,MARUTI,27-Jun-2024,13900.0,CE,0.0,0.0,0.0,252.4,96.75,0,0.0,0,0,06-MAY-2024,
OPTSTK,MARUTI,27-Jun-2024,14000.0,CE,150.7,205.25,150.7,196.15,83.95,27,191.6,1250,650,06-MAY-2024,
OPTSTK,MARUTI,27-Jun-2024,14200.0,CE,0.0,0.0,0.0,145.8,62.6,0,0.0,50,0,06-MAY-2024,
OPTSTK,MARUTI,27-Jun-2024,14400.0,CE,0.0,0.0,0.0,156.05,46.15,0,0.0,0,0,06-MAY-2024,
OPTSTK,MARUTI,27-Jun-2024,14600.0,CE,0.0,0.0,0.0,80.0,33.6,0,0.0,50,0,06-MAY-2024,
OPTSTK,MARUTI,27-Jun-2024,10600.0,PE,0.0,0.0,0.0,37.7,17.2,0,0.0,0,0,06-MAY-2024,
OPTSTK,MARUTI,27-Jun-2024,10800.0,PE,0.0,0.0,0.0,53.5,27.7,0,0.0,0,0,06-MAY-2024,
OPTSTK,MARUTI,27-Jun-2024,11000.0,PE,100.0,100.0,100.0,100.0,42.95,2,11.1,350,100,06-MAY-2024,
OPTSTK,MARUTI,27-Jun-2024,11200.0,PE,0.0,0.0,0.0,100.45,64.3,0,0.0,0,0,06-MAY-2024,
OPTSTK,MARUTI,27-Jun-2024,11300.0,PE,0.0,0.0,0.0,49.35,77.75,0,0.0,0,0,06-MAY-2024,
OPTSTK,MARUTI,27-Jun-2024,11400.0,PE,0.0,0.0,0.0,133.4,93.25,0,0.0,0,0,06-MAY-2024,
OPTSTK,MARUTI,27-Jun-2024,11500.0,PE,135.0,233.0,135.0,233.0,111.0,239,1396.02,9300,7950,06-MAY-2024,
OPTSTK,MARUTI,27-Jun-2024,11600.0,PE,0.0,0.0,0.0,173.75,131.15,0,0.0,0,0,06-MAY-2024,
OPTSTK,MARUTI,27-Jun-2024,11700.0,PE,0.0,0.0,0.0,98.35,153.95,0,0.0,0,0,06-MAY-2024,
OPTSTK,MARUTI,27-Jun-2024,11800.0,PE,0.0,0.0,0.0,222.7,179.8,0,0.0,0,0,06-MAY-2024,
OPTSTK,MARUTI,27-Jun-2024,11900.0,PE,0.0,0.0,0.0,133.8,207.65,0,0.0,0,0,06-MAY-2024,
OPTSTK,MARUTI,27-Jun-2024,12000.0,PE,285.85,381.5,266.0,361.1,361.1,244,1504.35,21600,1000,06-MAY-2024,
OPTSTK,MARUTI,27-Jun-2024,12100.0,PE,0.0,0.0,0.0,177.9,273.55,0,0.0,0,0,06-MAY-2024,
OPTSTK,MARUTI,27-Jun-2024,12200.0,PE,0.0,0.0,0.0,346.35,311.25,0,0.0,0,0,06-MAY-2024,
OPTSTK,MARUTI,27-Jun-2024,12300.0,PE,0.0,0.0,0.0,231.5,352.2,0,0.0,0,0,06-MAY-2024,
OPTSTK,MARUTI,27-Jun-2024,12400.0,PE,500.0,500.0,499.95,499.95,396.45,2,12.89,100,100,06-MAY-2024,
OPTSTK,MARUTI,27-Jun-2024,12500.0,PE,494.55,555.0,490.0,555.0,443.95,21,136.84,2150,900,06-MAY-2024,
OPTSTK,MARUTI,27-Jun-2024,12600.0,PE,0.0,0.0,0.0,353.2,494.7,0,0.0,100,0,06-MAY-2024,
OPTSTK,MARUTI,27-Jun-2024,12700.0,PE,0.0,0.0,0.0,500.0,548.7,0,0.0,450,0,06-MAY-2024,
OPTSTK,MARUTI,27-Jun-2024,12800.0,PE,0.0,0.0,0.0,500.0,605.9,0,0.0,0,0,06-MAY-2024,
OPTSTK,MARUTI,27-Jun-2024,12900.0,PE,0.0,0.0,0.0,572.3,666.2,0,0.0,50,0,06-MAY-2024,
OPTSTK,MARUTI,27-Jun-2024,13000.0,PE,780.0,823.85,780.0,823.85,729.55,16,110.49,950,450,06-MAY-2024,
OPTSTK,MARUTI,27-Jun-2024,13100.0,PE,0.0,0.0,0.0,555.65,795.8,0,0.0,0,0,06-MAY-2024,
OPTSTK,MARUTI,27-Jun-2024,13200.0,PE,0.0,0.0,0.0,828.75,864.8,0,0.0,0,0,06-MAY-2024,
OPTSTK,MARUTI,27-Jun-2024,13300.0,PE,0.0,0.0,0.0,664.9,936.5,0,0.0,0,0,06-MAY-2024,
OPTSTK,MARUTI,27-Jun-2024,13400.0,PE,0.0,0.0,0.0,954.05,1011.35,0,0.0,0,0,06-MAY-2024,
OPTSTK,MARUTI,27-Jun-2024,13500.0,PE,0.0,0.0,0.0,785.05,1087.5,0,0.0,0,0,06-MAY-2024,
OPTSTK,MARUTI,27-Jun-2024,13600.0,PE,0.0,0.0,0.0,1088.0,1166.3,0,0.0,0,0,06-MAY-2024,
OPTSTK,MARUTI,27-Jun-2024,13700.0,PE,0.0,0.0,0.0,915.55,1247.15,0,0.0,0,0,06-MAY-2024,
OPTSTK,MARUTI,27-Jun-2024,13800.0,PE,0.0,0.0,0.0,1230.05,1329.95,0,0.0,0,0,06-MAY-2024,
OPTSTK,MARUTI,27-Jun-2024,13900.0,PE,0.0,0.0,0.0,1055.6,1414.5,0,0.0,0,0,06-MAY-2024,
OPTSTK,MARUTI,27-Jun-2024,14000.0,PE,0.0,0.0,0.0,1200.95,1500.65,0,0.0,0,0,06-MAY-2024,
OPTSTK,MARUTI,27-Jun-2024,14200.0,PE,0.0,0.0,0.0,1536.05,1677.25,0,0.0,0,0,06-MAY-2024,
OPTSTK,MARUTI,27-Jun-2024,14400.0,PE,0.0,0.0,0.0,1700.0,1858.75,0,0.0,100,0,06-MAY-2024,
OPTSTK,MARUTI,27-Jun-2024,14600.0,PE,0.0,0.0,0.0,1865.95,2044.15,0,0.0,0,0,06-MAY-2024,
OPTSTK,MARUTI,25-Jul-2024,10800.0,CE,0.0,0.0,0.0,2357.35,1870.7,0,0.0,0,0,06-MAY-2024,
OPTSTK,MARUTI,25-Jul-2024,11200.0,CE,0.0,0.0,0.0,2000.5,1530.7,0,0.0,0,0,06-MAY-2024,
OPTSTK,MARUTI,25-Jul-2024,11400.0,CE,0.0,0.0,0.0,1829.7,1371.4,0,0.0,0,0,06-MAY-2024,
OPTSTK,MARUTI,25-Jul-2024,11600.0,CE,0.0,0.0,0.0,1665.0,1220.85,0,0.0,0,0,06-MAY-2024,
OPTSTK,MARUTI,25-Jul-2024,11800.0,CE,0.0,0.0,0.0,1507.2,1078.25,0,0.0,0,0,06-MAY-2024,
OPTSTK,MARUTI,25-Jul-2024,12000.0,CE,0.0,0.0,0.0,1357.45,946.1,0,0.0,0,0,06-MAY-2024,
OPTSTK,MARUTI,25-Jul-2024,12200.0,CE,0.0,0.0,0.0,1214.65,824.15,0,0.0,0,0,06-MAY-2024,
OPTSTK,MARUTI,25-Jul-2024,12400.0,CE,0.0,0.0,0.0,1081.4,712.65,0,0.0,0,0,06-MAY-2024,
OPTSTK,MARUTI,25-Jul-2024,12600.0,CE,0.0,0.0,0.0,957.2,611.65,0,0.0,0,0,06-MAY-2024,
OPTSTK,MARUTI,25-Jul-2024,12800.0,CE,0.0,0.0,0.0,842.35,521.05,0,0.0,0,0,06-MAY-2024,
OPTSTK,MARUTI,25-Jul-2024,13000.0,CE,0.0,0.0,0.0,736.95,440.55,0,0.0,0,0,06-MAY-2024,
OPTSTK,MARUTI,25-Jul-2024,13200.0,CE,0.0,0.0,0.0,640.9,369.75,0,0.0,0,0,06-MAY-2024,
OPTSTK,MARUTI,25-Jul-2024,13400.0,CE,0.0,0.0,0.0,554.15,308.05,0,0.0,0,0,06-MAY-2024,
OPTSTK,MARUTI,25-Jul-2024,13600.0,CE,0.0,0.0,0.0,476.35,255.3,0,0.0,0,0,06-MAY-2024,
OPTSTK,MARUTI,25-Jul-2024,13800.0,CE,0.0,0.0,0.0,407.05,209.4,0,0.0,0,0,06-MAY-2024,
OPTSTK,MARUTI,25-Jul-2024,14000.0,CE,0.0,0.0,0.0,345.85,170.8,0,0.0,0,0,06-MAY-2024,
OPTSTK,MARUTI,25-Jul-2024,14400.0,CE,0.0,0.0,0.0,246.2,111.2,0,0.0,0,0,06-MAY-2024,
OPTSTK,MARUTI,25-Jul-2024,10800.0,PE,0.0,0.0,0.0,39.8,60.9,0,0.0,0,0,06-MAY-2024,
OPTSTK,MARUTI,25-Jul-2024,11200.0,PE,0.0,0.0,0.0,75.75,114.6,0,0.0,0,0,06-MAY-2024,
OPTSTK,MARUTI,25-Jul-2024,11400.0,PE,0.0,0.0,0.0,101.3,152.1,0,0.0,0,0,06-MAY-2024,
OPTSTK,MARUTI,25-Jul-2024,11600.0,PE,0.0,0.0,0.0,133.0,198.4,0,0.0,0,0,06-MAY-2024,
OPTSTK,MARUTI,25-Jul-2024,11800.0,PE,0.0,0.0,0.0,171.6,252.65,0,0.0,0,0,06-MAY-2024,
OPTSTK,MARUTI,25-Jul-2024,12000.0,PE,0.0,0.0,0.0,218.2,317.35,0,0.0,0,0,06-MAY-2024,
OPTSTK,MARUTI,25-Jul-2024,12200.0,PE,0.0,0.0,0.0,271.85,392.25,0,0.0,0,0,06-MAY-2024,
OPTSTK,MARUTI,25-Jul-2024,12400.0,PE,0.0,0.0,0.0,334.95,477.6,0,0.0,0,0,06-MAY-2024,
OPTSTK,MARUTI,25-Jul-2024,12600.0,PE,0.0,0.0,0.0,407.15,573.4,0,0.0,0,0,06-MAY-2024,
OPTSTK,MARUTI,25-Jul-2024,12800.0,PE,0.0,0.0,0.0,488.7,679.65,0,0.0,0,0,06-MAY-2024,
OPTSTK,MARUTI,25-Jul-2024,13000.0,PE,0.0,0.0,0.0,579.7,796.0,0,0.0,0,0,06-MAY-2024,
OPTSTK,MARUTI,25-Jul-2024,13200.0,PE,0.0,0.0,0.0,680.05,922.05,0,0.0,0,0,06-MAY-2024,
OPTSTK,MARUTI,25-Jul-2024,13400.0,PE,0.0,0.0,0.0,789.65,1057.15,0,0.0,0,0,06-MAY-2024,
OPTSTK,MARUTI,25-Jul-2024,13600.0,PE,0.0,0.0,0.0,908.2,1201.25,0,0.0,0,0,06-MAY-2024,
OPTSTK,MARUTI,25-Jul-2024,13800.0,PE,0.0,0.0,0.0,1035.35,1352.2,0,0.0,0,0,06-MAY-2024,
OPTSTK,MARUTI,25-Jul-2024,14000.0,PE,0.0,0.0,0.0,1170.5,1510.45,0,0.0,0,0,06-MAY-2024,
OPTSTK,MARUTI,25-Jul-2024,14400.0,PE,0.0,0.0,0.0,1463.65,1844.55,0,0.0,0,0,06-MAY-2024,
OPTSTK,MCDOWELL-N,30-May-2024,1000.0,CE,0.0,0.0,0.0,193.5,236.4,0,0.0,1400,0,06-MAY-2024,
OPTSTK,MCDOWELL-N,30-May-2024,1020.0,CE,0.0,0.0,0.0,175.95,216.55,0,0.0,0,0,06-MAY-2024,
OPTSTK,MCDOWELL-N,30-May-2024,1040.0,CE,0.0,0.0,0.0,165.65,196.85,0,0.0,0,0,06-MAY-2024,
OPTSTK,MCDOWELL-N,30-May-2024,1050.0,CE,0.0,0.0,0.0,147.15,187.0,0,0.0,700,0,06-MAY-2024,
OPTSTK,MCDOWELL-N,30-May-2024,1060.0,CE,0.0,0.0,0.0,144.5,177.25,0,0.0,0,0,06-MAY-2024,
OPTSTK,MCDOWELL-N,30-May-2024,1070.0,CE,0.0,0.0,0.0,141.75,167.55,0,0.0,1400,0,06-MAY-2024,
OPTSTK,MCDOWELL-N,30-May-2024,1080.0,CE,0.0,0.0,0.0,129.9,157.95,0,0.0,0,0,06-MAY-2024,
OPTSTK,MCDOWELL-N,30-May-2024,1090.0,CE,0.0,0.0,0.0,84.65,148.45,0,0.0,0,0,06-MAY-2024,
OPTSTK,MCDOWELL-N,30-May-2024,1100.0,CE,120.0,151.0,120.0,138.0,139.05,4,34.68,33600,700,06-MAY-2024,
OPTSTK,MCDOWELL-N,30-May-2024,1110.0,CE,0.0,0.0,0.0,72.3,129.8,0,0.0,0,0,06-MAY-2024,
OPTSTK,MCDOWELL-N,30-May-2024,1120.0,CE,0.0,0.0,0.0,86.65,120.75,0,0.0,1400,0,06-MAY-2024,
OPTSTK,MCDOWELL-N,30-May-2024,1130.0,CE,0.0,0.0,0.0,84.75,111.9,0,0.0,4900,0,06-MAY-2024,
OPTSTK,MCDOWELL-N,30-May-2024,1140.0,CE,83.0,83.0,83.0,83.0,103.3,1,8.56,4200,700,06-MAY-2024,
OPTSTK,MCDOWELL-N,30-May-2024,1150.0,CE,87.05,110.5,74.7,99.8,99.8,302,2642.07,86100,14000,06-MAY-2024,
OPTSTK,MCDOWELL-N,30-May-2024,1160.0,CE,77.4,91.75,68.35,91.3,91.3,30,260.55,20300,0,06-MAY-2024,
OPTSTK,MCDOWELL-N,30-May-2024,1170.0,CE,59.3,96.3,59.3,84.25,84.25,42,369.64,25900,14000,06-MAY-2024,
OPTSTK,MCDOWELL-N,30-May-2024,1180.0,CE,66.15,89.0,54.75,77.3,77.3,128,1122.4,53900,-12600,06-MAY-2024,
OPTSTK,MCDOWELL-N,30-May-2024,1190.0,CE,49.4,81.9,49.4,71.95,71.95,26,228.95,28000,-5600,06-MAY-2024,
OPTSTK,MCDOWELL-N,30-May-2024,1200.0,CE,53.9,75.9,41.85,66.25,66.25,1872,16512.04,390600,-225400,06-MAY-2024,
OPTSTK,MCDOWELL-N,30-May-2024,1210.0,CE,44.05,69.2,37.45,60.0,60.0,190,1677.41,62300,-27300,06-MAY-2024,
OPTSTK,MCDOWELL-N,30-May-2024,1220.0,CE,42.75,63.5,33.05,54.8,54.8,2581,22967.84,135100,-41300,06-MAY-2024,
OPTSTK,MCDOWELL-N,30-May-2024,1230.0,CE,38.95,57.4,29.55,49.7,49.7,1253,11199.34,122500,86800,06-MAY-2024,
OPTSTK,MCDOWELL-N,30-May-2024,1240.0,CE,33.35,52.75,26.45,45.65,45.65,1962,17644.85,165900,63700,06-MAY-2024,
OPTSTK,MCDOWELL-N,30-May-2024,1250.0,CE,30.25,48.0,22.75,41.05,41.05,3576,32294.62,276500,12600,06-MAY-2024,
OPTSTK,MCDOWELL-N,30-May-2024,1260.0,CE,23.85,43.0,20.2,36.65,36.65,521,4723.68,48300,1400,06-MAY-2024,
OPTSTK,MCDOWELL-N,30-May-2024,1270.0,CE,23.0,39.35,18.4,33.6,33.6,176,1603.71,30100,4200,06-MAY-2024,
OPTSTK,MCDOWELL-N,30-May-2024,1280.0,CE,18.7,34.85,14.9,29.55,29.55,311,2841.71,46200,4900,06-MAY-2024,
OPTSTK,MCDOWELL-N,30-May-2024,1290.0,CE,17.85,30.2,13.4,27.05,27.05,135,1239.8,22400,-3500,06-MAY-2024,
OPTSTK,MCDOWELL-N,30-May-2024,1300.0,CE,15.0,28.9,11.2,24.1,24.1,4238,39207.4,394800,137900,06-MAY-2024,
OPTSTK,MCDOWELL-N,30-May-2024,1310.0,CE,10.65,22.45,10.65,21.45,21.45,83,771.61,20300,7000,06-MAY-2024,
OPTSTK,MCDOWELL-N,30-May-2024,1320.0,CE,12.0,23.2,9.6,19.65,19.65,396,3710.7,45500,5600,06-MAY-2024,
OPTSTK,MCDOWELL-N,30-May-2024,1330.0,CE,12.1,13.55,12.1,13.55,8.75,7,65.81,9100,700,06-MAY-2024,
OPTSTK,MCDOWELL-N,30-May-2024,1340.0,CE,8.5,18.85,6.8,15.3,15.3,809,7666.05,52500,27300,06-MAY-2024,
OPTSTK,MCDOWELL-N,30-May-2024,1350.0,CE,7.9,17.15,5.5,13.95,13.95,3193,30479.47,427000,314300,06-MAY-2024,
OPTSTK,MCDOWELL-N,30-May-2024,1360.0,CE,6.1,15.25,4.65,12.55,12.55,2098,20139.61,163800,110600,06-MAY-2024,
OPTSTK,MCDOWELL-N,30-May-2024,1000.0,PE,1.5,1.5,0.75,0.9,0.1,28,196.23,18900,11900,06-MAY-2024,
OPTSTK,MCDOWELL-N,30-May-2024,1020.0,PE,0.0,0.0,0.0,11.6,0.15,0,0.0,0,0,06-MAY-2024,
OPTSTK,MCDOWELL-N,30-May-2024,1040.0,PE,0.65,2.2,0.65,1.55,1.55,23,167.66,10500,2800,06-MAY-2024,
OPTSTK,MCDOWELL-N,30-May-2024,1050.0,PE,2.0,2.75,1.6,2.25,2.25,126,927.91,102900,9100,06-MAY-2024,
OPTSTK,MCDOWELL-N,30-May-2024,1060.0,PE,2.1,3.25,2.0,2.65,2.65,81,602.53,8400,-6300,06-MAY-2024,
OPTSTK,MCDOWELL-N,30-May-2024,1070.0,PE,0.0,0.0,0.0,20.85,0.9,0,0.0,0,0,06-MAY-2024,
OPTSTK,MCDOWELL-N,30-May-2024,1080.0,PE,3.5,4.45,3.3,3.95,3.95,109,826.89,50400,24500,06-MAY-2024,
OPTSTK,MCDOWELL-N,30-May-2024,1090.0,PE,3.7,5.6,3.6,4.65,4.65,136,1041.7,36400,11900,06-MAY-2024,
OPTSTK,MCDOWELL-N,30-May-2024,1100.0,PE,5.2,6.75,4.3,5.55,5.55,612,4735.68,304500,16800,06-MAY-2024,
OPTSTK,MCDOWELL-N,30-May-2024,1110.0,PE,6.95,8.25,5.4,6.45,6.45,108,844.02,46200,12600,06-MAY-2024,
OPTSTK,MCDOWELL-N,30-May-2024,1120.0,PE,7.55,9.45,6.4,8.1,8.1,122,963.32,56700,9100,06-MAY-2024,
OPTSTK,MCDOWELL-N,30-May-2024,1130.0,PE,10.4,11.75,7.75,9.45,9.45,99,789.48,56000,7700,06-MAY-2024,
OPTSTK,MCDOWELL-N,30-May-2024,1140.0,PE,10.7,13.75,9.2,11.4,11.4,98,789.41,38500,-2100,06-MAY-2024,
OPTSTK,MCDOWELL-N,30-May-2024,1150.0,PE,13.6,16.75,10.75,13.25,13.25,1062,8645.4,464100,14000,06-MAY-2024,
OPTSTK,MCDOWELL-N,30-May-2024,1160.0,PE,16.2,19.8,12.9,15.7,15.7,252,2074.22,46900,0,06-MAY-2024,
OPTSTK,MCDOWELL-N,30-May-2024,1170.0,PE,22.3,23.05,15.3,18.45,18.45,233,1937.49,31500,11200,06-MAY-2024,
OPTSTK,MCDOWELL-N,30-May-2024,1180.0,PE,20.35,27.45,18.0,21.25,21.25,275,2311.71,184800,-4200,06-MAY-2024,
OPTSTK,MCDOWELL-N,30-May-2024,1190.0,PE,27.0,32.0,21.25,24.7,24.7,171,1454.02,32200,-16100,06-MAY-2024,
OPTSTK,MCDOWELL-N,30-May-2024,1200.0,PE,32.1,36.85,24.5,28.45,28.45,877,7543.51,165900,53900,06-MAY-2024,
OPTSTK,MCDOWELL-N,30-May-2024,1210.0,PE,36.0,41.45,28.4,33.05,33.05,179,1557.15,34300,13300,06-MAY-2024,
OPTSTK,MCDOWELL-N,30-May-2024,1220.0,PE,41.35,47.25,32.25,37.35,37.35,284,2499.61,24500,3500,06-MAY-2024,
OPTSTK,MCDOWELL-N,30-May-2024,1230.0,PE,39.75,47.75,37.0,42.2,42.2,114,1014.7,11200,11200,06-MAY-2024,
OPTSTK,MCDOWELL-N,30-May-2024,1240.0,PE,43.65,53.35,41.5,47.05,47.05,130,1169.79,25200,16100,06-MAY-2024,
OPTSTK,MCDOWELL-N,30-May-2024,1250.0,PE,57.0,61.55,46.9,52.55,52.55,88,801.55,14000,8400,06-MAY-2024,
OPTSTK,MCDOWELL-N,30-May-2024,1260.0,PE,70.7,72.6,52.4,60.5,60.5,51,470.14,11200,7700,06-MAY-2024,
OPTSTK,MCDOWELL-N,30-May-2024,1270.0,PE,69.15,72.65,58.45,61.75,56.05,15,139.88,9100,2100,06-MAY-2024,
OPTSTK,MCDOWELL-N,30-May-2024,1280.0,PE,65.05,72.15,65.0,71.5,71.5,9,84.93,6300,1400,06-MAY-2024,
OPTSTK,MCDOWELL-N,30-May-2024,1290.0,PE,83.4,83.4,76.5,76.5,69.7,2,19.17,7000,700,06-MAY-2024,
OPTSTK,MCDOWELL-N,30-May-2024,1300.0,PE,91.15,103.0,76.95,86.55,86.55,30,290.98,21000,700,06-MAY-2024,
OPTSTK,MCDOWELL-N,30-May-2024,1310.0,PE,101.25,101.25,88.4,88.4,84.75,3,29.46,1400,1400,06-MAY-2024,
OPTSTK,MCDOWELL-N,30-May-2024,1320.0,PE,0.0,0.0,0.0,153.9,92.7,0,0.0,0,0,06-MAY-2024,
OPTSTK,MCDOWELL-N,30-May-2024,1340.0,PE,0.0,0.0,0.0,169.7,109.4,0,0.0,0,0,06-MAY-2024,
OPTSTK,MCDOWELL-N,30-May-2024,1360.0,PE,0.0,0.0,0.0,186.05,127.0,0,0.0,0,0,06-MAY-2024,
OPTSTK,MCDOWELL-N,27-Jun-2024,1020.0,CE,0.0,0.0,0.0,147.65,224.05,0,0.0,0,0,06-MAY-2024,
OPTSTK,MCDOWELL-N,27-Jun-2024,1040.0,CE,0.0,0.0,0.0,132.45,205.25,0,0.0,0,0,06-MAY-2024,
OPTSTK,MCDOWELL-N,27-Jun-2024,1060.0,CE,0.0,0.0,0.0,118.15,186.85,0,0.0,0,0,06-MAY-2024,
OPTSTK,MCDOWELL-N,27-Jun-2024,1070.0,CE,0.0,0.0,0.0,149.85,177.85,0,0.0,0,0,06-MAY-2024,
OPTSTK,MCDOWELL-N,27-Jun-2024,1080.0,CE,0.0,0.0,0.0,104.65,169.0,0,0.0,0,0,06-MAY-2024,
OPTSTK,MCDOWELL-N,27-Jun-2024,1090.0,CE,0.0,0.0,0.0,133.95,160.25,0,0.0,0,0,06-MAY-2024,
OPTSTK,MCDOWELL-N,27-Jun-2024,1100.0,CE,0.0,0.0,0.0,92.2,151.7,0,0.0,0,0,06-MAY-2024,
OPTSTK,MCDOWELL-N,27-Jun-2024,1110.0,CE,0.0,0.0,0.0,118.95,143.35,0,0.0,0,0,06-MAY-2024,
OPTSTK,MCDOWELL-N,27-Jun-2024,1120.0,CE,0.0,0.0,0.0,80.7,135.2,0,0.0,0,0,06-MAY-2024,
OPTSTK,MCDOWELL-N,27-Jun-2024,1130.0,CE,0.0,0.0,0.0,104.75,127.25,0,0.0,0,0,06-MAY-2024,
OPTSTK,MCDOWELL-N,27-Jun-2024,1140.0,CE,0.0,0.0,0.0,70.2,119.55,0,0.0,0,0,06-MAY-2024,
OPTSTK,MCDOWELL-N,27-Jun-2024,1150.0,CE,0.0,0.0,0.0,91.65,112.1,0,0.0,0,0,06-MAY-2024,
OPTSTK,MCDOWELL-N,27-Jun-2024,1160.0,CE,0.0,0.0,0.0,60.7,104.85,0,0.0,0,0,06-MAY-2024,
OPTSTK,MCDOWELL-N,27-Jun-2024,1170.0,CE,0.0,0.0,0.0,79.6,97.8,0,0.0,0,0,06-MAY-2024,
OPTSTK,MCDOWELL-N,27-Jun-2024,1180.0,CE,0.0,0.0,0.0,52.15,91.1,0,0.0,0,0,06-MAY-2024,
OPTSTK,MCDOWELL-N,27-Jun-2024,1190.0,CE,0.0,0.0,0.0,68.6,84.65,0,0.0,0,0,06-MAY-2024,
OPTSTK,MCDOWELL-N,27-Jun-2024,1200.0,CE,91.15,91.15,88.75,88.75,78.5,5,45.14,10500,-700,06-MAY-2024,
OPTSTK,MCDOWELL-N,27-Jun-2024,1210.0,CE,0.0,0.0,0.0,58.65,72.65,0,0.0,0,0,06-MAY-2024,
OPTSTK,MCDOWELL-N,27-Jun-2024,1220.0,CE,0.0,0.0,0.0,37.75,67.05,0,0.0,0,0,06-MAY-2024,
OPTSTK,MCDOWELL-N,27-Jun-2024,1230.0,CE,0.0,0.0,0.0,49.8,61.8,0,0.0,0,0,06-MAY-2024,
OPTSTK,MCDOWELL-N,27-Jun-2024,1240.0,CE,0.0,0.0,0.0,31.85,56.8,0,0.0,0,0,06-MAY-2024,
OPTSTK,MCDOWELL-N,27-Jun-2024,1250.0,CE,65.6,67.3,65.6,67.3,52.05,3,27.65,2800,700,06-MAY-2024,
OPTSTK,MCDOWELL-N,27-Jun-2024,1260.0,CE,0.0,0.0,0.0,26.75,47.65,0,0.0,0,0,06-MAY-2024,
OPTSTK,MCDOWELL-N,27-Jun-2024,1270.0,CE,0.0,0.0,0.0,35.05,43.45,0,0.0,0,0,06-MAY-2024,
OPTSTK,MCDOWELL-N,27-Jun-2024,1280.0,CE,0.0,0.0,0.0,22.3,39.6,0,0.0,0,0,06-MAY-2024,
OPTSTK,MCDOWELL-N,27-Jun-2024,1290.0,CE,0.0,0.0,0.0,29.1,35.95,0,0.0,0,0,06-MAY-2024,
OPTSTK,MCDOWELL-N,27-Jun-2024,1300.0,CE,0.0,0.0,0.0,18.5,32.6,0,0.0,0,0,06-MAY-2024,
OPTSTK,MCDOWELL-N,27-Jun-2024,1310.0,CE,0.0,0.0,0.0,24.05,29.5,0,0.0,0,0,06-MAY-2024,
OPTSTK,MCDOWELL-N,27-Jun-2024,1320.0,CE,0.0,0.0,0.0,15.25,26.6,0,0.0,0,0,06-MAY-2024,
OPTSTK,MCDOWELL-N,27-Jun-2024,1340.0,CE,0.0,0.0,0.0,12.5,21.6,0,0.0,0,0,06-MAY-2024,
OPTSTK,MCDOWELL-N,27-Jun-2024,1360.0,CE,0.0,0.0,0.0,10.2,17.3,0,0.0,0,0,06-MAY-2024,
OPTSTK,MCDOWELL-N,27-Jun-2024,1020.0,PE,0.0,0.0,0.0,15.2,1.85,0,0.0,0,0,06-MAY-2024,
OPTSTK,MCDOWELL-N,27-Jun-2024,1040.0,PE,0.0,0.0,0.0,19.65,2.85,0,0.0,0,0,06-MAY-2024,
OPTSTK,MCDOWELL-N,27-Jun-2024,1060.0,PE,0.0,0.0,0.0,24.95,4.25,0,0.0,0,0,06-MAY-2024,
OPTSTK,MCDOWELL-N,27-Jun-2024,1070.0,PE,0.0,0.0,0.0,11.6,5.1,0,0.0,0,0,06-MAY-2024,
OPTSTK,MCDOWELL-N,27-Jun-2024,1080.0,PE,0.0,0.0,0.0,31.1,6.15,0,0.0,0,0,06-MAY-2024,
OPTSTK,MCDOWELL-N,27-Jun-2024,1090.0,PE,0.0,0.0,0.0,15.4,7.35,0,0.0,0,0,06-MAY-2024,
OPTSTK,MCDOWELL-N,27-Jun-2024,1100.0,PE,0.0,0.0,0.0,20.0,8.7,0,0.0,700,0,06-MAY-2024,
OPTSTK,MCDOWELL-N,27-Jun-2024,1110.0,PE,0.0,0.0,0.0,20.15,10.25,0,0.0,0,0,06-MAY-2024,
OPTSTK,MCDOWELL-N,27-Jun-2024,1120.0,PE,0.0,0.0,0.0,46.45,11.95,0,0.0,0,0,06-MAY-2024,
OPTSTK,MCDOWELL-N,27-Jun-2024,1130.0,PE,0.0,0.0,0.0,25.75,13.9,0,0.0,0,0,06-MAY-2024,
OPTSTK,MCDOWELL-N,27-Jun-2024,1140.0,PE,0.0,0.0,0.0,55.6,16.1,0,0.0,0,0,06-MAY-2024,
OPTSTK,MCDOWELL-N,27-Jun-2024,1150.0,PE,0.0,0.0,0.0,32.4,18.55,0,0.0,0,0,06-MAY-2024,
OPTSTK,MCDOWELL-N,27-Jun-2024,1160.0,PE,0.0,0.0,0.0,65.7,21.2,0,0.0,0,0,06-MAY-2024,
OPTSTK,MCDOWELL-N,27-Jun-2024,1170.0,PE,0.0,0.0,0.0,40.05,24.05,0,0.0,0,0,06-MAY-2024,
OPTSTK,MCDOWELL-N,27-Jun-2024,1180.0,PE,0.0,0.0,0.0,76.8,27.25,0,0.0,0,0,06-MAY-2024,
OPTSTK,MCDOWELL-N,27-Jun-2024,1190.0,PE,0.0,0.0,0.0,48.8,30.7,0,0.0,0,0,06-MAY-2024,
OPTSTK,MCDOWELL-N,27-Jun-2024,1200.0,PE,51.5,51.5,51.5,51.5,34.45,1,8.76,1400,700,06-MAY-2024,
OPTSTK,MCDOWELL-N,27-Jun-2024,1210.0,PE,0.0,0.0,0.0,58.65,38.5,0,0.0,0,0,06-MAY-2024,
OPTSTK,MCDOWELL-N,27-Jun-2024,1220.0,PE,0.0,0.0,0.0,101.7,42.8,0,0.0,0,0,06-MAY-2024,
OPTSTK,MCDOWELL-N,27-Jun-2024,1230.0,PE,0.0,0.0,0.0,69.55,47.4,0,0.0,0,0,06-MAY-2024,
OPTSTK,MCDOWELL-N,27-Jun-2024,1240.0,PE,0.0,0.0,0.0,115.45,52.3,0,0.0,0,0,06-MAY-2024,
OPTSTK,MCDOWELL-N,27-Jun-2024,1250.0,PE,0.0,0.0,0.0,81.45,57.5,0,0.0,0,0,06-MAY-2024,
OPTSTK,MCDOWELL-N,27-Jun-2024,1260.0,PE,0.0,0.0,0.0,130.0,62.95,0,0.0,0,0,06-MAY-2024,
OPTSTK,MCDOWELL-N,27-Jun-2024,1270.0,PE,0.0,0.0,0.0,94.3,68.7,0,0.0,0,0,06-MAY-2024,
OPTSTK,MCDOWELL-N,27-Jun-2024,1280.0,PE,0.0,0.0,0.0,145.15,74.7,0,0.0,0,0,06-MAY-2024,
OPTSTK,MCDOWELL-N,27-Jun-2024,1290.0,PE,0.0,0.0,0.0,108.1,81.0,0,0.0,0,0,06-MAY-2024,
OPTSTK,MCDOWELL-N,27-Jun-2024,1300.0,PE,0.0,0.0,0.0,161.0,87.5,0,0.0,0,0,06-MAY-2024,
OPTSTK,MCDOWELL-N,27-Jun-2024,1310.0,PE,0.0,0.0,0.0,122.75,94.3,0,0.0,0,0,06-MAY-2024,
OPTSTK,MCDOWELL-N,27-Jun-2024,1320.0,PE,0.0,0.0,0.0,177.4,101.3,0,0.0,0,0,06-MAY-2024,
OPTSTK,MCDOWELL-N,27-Jun-2024,1340.0,PE,0.0,0.0,0.0,194.3,116.1,0,0.0,0,0,06-MAY-2024,
OPTSTK,MCDOWELL-N,27-Jun-2024,1360.0,PE,0.0,0.0,0.0,211.65,131.55,0,0.0,0,0,06-MAY-2024,
OPTSTK,MCDOWELL-N,25-Jul-2024,1000.0,CE,0.0,0.0,0.0,219.85,250.85,0,0.0,0,0,06-MAY-2024,
OPTSTK,MCDOWELL-N,25-Jul-2024,1040.0,CE,0.0,0.0,0.0,185.75,214.6,0,0.0,0,0,06-MAY-2024,
OPTSTK,MCDOWELL-N,25-Jul-2024,1060.0,CE,0.0,0.0,0.0,169.65,197.2,0,0.0,0,0,06-MAY-2024,
OPTSTK,MCDOWELL-N,25-Jul-2024,1080.0,CE,0.0,0.0,0.0,154.2,180.3,0,0.0,0,0,06-MAY-2024,
OPTSTK,MCDOWELL-N,25-Jul-2024,1100.0,CE,0.0,0.0,0.0,139.5,164.1,0,0.0,0,0,06-MAY-2024,
OPTSTK,MCDOWELL-N,25-Jul-2024,1120.0,CE,0.0,0.0,0.0,125.55,148.55,0,0.0,0,0,06-MAY-2024,
OPTSTK,MCDOWELL-N,25-Jul-2024,1140.0,CE,0.0,0.0,0.0,112.5,133.85,0,0.0,0,0,06-MAY-2024,
OPTSTK,MCDOWELL-N,25-Jul-2024,1160.0,CE,0.0,0.0,0.0,100.3,119.9,0,0.0,0,0,06-MAY-2024,
OPTSTK,MCDOWELL-N,25-Jul-2024,1180.0,CE,0.0,0.0,0.0,89.0,106.85,0,0.0,0,0,06-MAY-2024,
OPTSTK,MCDOWELL-N,25-Jul-2024,1200.0,CE,0.0,0.0,0.0,78.55,94.7,0,0.0,0,0,06-MAY-2024,
OPTSTK,MCDOWELL-N,25-Jul-2024,1220.0,CE,0.0,0.0,0.0,69.0,83.5,0,0.0,0,0,06-MAY-2024,
OPTSTK,MCDOWELL-N,25-Jul-2024,1240.0,CE,0.0,0.0,0.0,60.35,73.2,0,0.0,0,0,06-MAY-2024,
OPTSTK,MCDOWELL-N,25-Jul-2024,1260.0,CE,0.0,0.0,0.0,52.5,63.85,0,0.0,0,0,06-MAY-2024,
OPTSTK,MCDOWELL-N,25-Jul-2024,1280.0,CE,0.0,0.0,0.0,45.45,55.35,0,0.0,0,0,06-MAY-2024,
OPTSTK,MCDOWELL-N,25-Jul-2024,1300.0,CE,0.0,0.0,0.0,39.2,47.75,0,0.0,0,0,06-MAY-2024,
OPTSTK,MCDOWELL-N,25-Jul-2024,1320.0,CE,0.0,0.0,0.0,33.6,40.95,0,0.0,0,0,06-MAY-2024,
OPTSTK,MCDOWELL-N,25-Jul-2024,1360.0,CE,0.0,0.0,0.0,24.45,29.75,0,0.0,0,0,06-MAY-2024,
OPTSTK,MCDOWELL-N,25-Jul-2024,1000.0,PE,0.0,0.0,0.0,6.95,3.35,0,0.0,0,0,06-MAY-2024,
OPTSTK,MCDOWELL-N,25-Jul-2024,1040.0,PE,0.0,0.0,0.0,12.15,6.45,0,0.0,0,0,06-MAY-2024,
OPTSTK,MCDOWELL-N,25-Jul-2024,1060.0,PE,0.0,0.0,0.0,15.65,8.75,0,0.0,0,0,06-MAY-2024,
OPTSTK,MCDOWELL-N,25-Jul-2024,1080.0,PE,0.0,0.0,0.0,19.8,11.55,0,0.0,0,0,06-MAY-2024,
OPTSTK,MCDOWELL-N,25-Jul-2024,1100.0,PE,0.0,0.0,0.0,24.8,15.0,0,0.0,0,0,06-MAY-2024,
OPTSTK,MCDOWELL-N,25-Jul-2024,1120.0,PE,0.0,0.0,0.0,30.45,19.15,0,0.0,0,0,06-MAY-2024,
OPTSTK,MCDOWELL-N,25-Jul-2024,1140.0,PE,0.0,0.0,0.0,37.05,24.15,0,0.0,0,0,06-MAY-2024,
OPTSTK,MCDOWELL-N,25-Jul-2024,1160.0,PE,0.0,0.0,0.0,44.5,29.85,0,0.0,0,0,06-MAY-2024,
OPTSTK,MCDOWELL-N,25-Jul-2024,1180.0,PE,0.0,0.0,0.0,52.8,36.5,0,0.0,0,0,06-MAY-2024,
OPTSTK,MCDOWELL-N,25-Jul-2024,1200.0,PE,0.0,0.0,0.0,62.05,44.05,0,0.0,0,0,06-MAY-2024,
OPTSTK,MCDOWELL-N,25-Jul-2024,1220.0,PE,0.0,0.0,0.0,72.15,52.5,0,0.0,0,0,06-MAY-2024,
OPTSTK,MCDOWELL-N,25-Jul-2024,1240.0,PE,0.0,0.0,0.0,83.1,61.9,0,0.0,0,0,06-MAY-2024,
OPTSTK,MCDOWELL-N,25-Jul-2024,1260.0,PE,0.0,0.0,0.0,94.9,72.2,0,0.0,0,0,06-MAY-2024,
OPTSTK,MCDOWELL-N,25-Jul-2024,1280.0,PE,0.0,0.0,0.0,107.5,83.45,0,0.0,0,0,06-MAY-2024,
OPTSTK,MCDOWELL-N,25-Jul-2024,1300.0,PE,0.0,0.0,0.0,120.85,95.5,0,0.0,0,0,06-MAY-2024,
OPTSTK,MCDOWELL-N,25-Jul-2024,1320.0,PE,0.0,0.0,0.0,134.95,108.4,0,0.0,0,0,06-MAY-2024,
OPTSTK,MCDOWELL-N,25-Jul-2024,1360.0,PE,0.0,0.0,0.0,165.05,136.55,0,0.0,0,0,06-MAY-2024,
OPTSTK,MCX,30-May-2024,3100.0,CE,0.0,0.0,0.0,899.9,964.0,0,0.0,2400,0,06-MAY-2024,
OPTSTK,MCX,30-May-2024,3200.0,CE,0.0,0.0,0.0,870.0,866.8,0,0.0,400,0,06-MAY-2024,
OPTSTK,MCX,30-May-2024,3350.0,CE,0.0,0.0,0.0,781.85,724.65,0,0.0,0,0,06-MAY-2024,
OPTSTK,MCX,30-May-2024,3400.0,CE,0.0,0.0,0.0,684.1,678.65,0,0.0,5400,0,06-MAY-2024,
OPTSTK,MCX,30-May-2024,3450.0,CE,0.0,0.0,0.0,620.65,633.55,0,0.0,800,0,06-MAY-2024,
OPTSTK,MCX,30-May-2024,3500.0,CE,565.55,602.85,565.55,591.9,589.55,10,81.86,17200,-400,06-MAY-2024,
OPTSTK,MCX,30-May-2024,3550.0,CE,561.4,561.4,539.95,539.95,539.95,3,24.58,1800,200,06-MAY-2024,
OPTSTK,MCX,30-May-2024,3600.0,CE,463.15,477.95,455.55,455.55,505.15,6,48.78,7000,-800,06-MAY-2024,
OPTSTK,MCX,30-May-2024,3650.0,CE,0.0,0.0,0.0,440.1,465.1,0,0.0,3200,0,06-MAY-2024,
OPTSTK,MCX,30-May-2024,3700.0,CE,380.4,460.0,350.1,430.55,430.55,50,411.89,20000,-5000,06-MAY-2024,
OPTSTK,MCX,30-May-2024,3750.0,CE,0.0,0.0,0.0,377.7,389.9,0,0.0,6600,0,06-MAY-2024,
OPTSTK,MCX,30-May-2024,3800.0,CE,310.0,347.25,310.0,343.0,354.65,40,331.4,22600,2600,06-MAY-2024,
OPTSTK,MCX,30-May-2024,3850.0,CE,0.0,0.0,0.0,272.3,321.5,0,0.0,8400,0,06-MAY-2024,
OPTSTK,MCX,30-May-2024,3900.0,CE,264.8,309.55,217.0,263.0,263.0,65,540.7,37000,-200,06-MAY-2024,
OPTSTK,MCX,30-May-2024,3950.0,CE,202.05,270.0,190.0,242.45,242.45,45,375.86,11200,1400,06-MAY-2024,
OPTSTK,MCX,30-May-2024,4000.0,CE,209.95,248.0,164.2,210.85,210.85,1145,9628.54,143200,-10200,06-MAY-2024,
OPTSTK,MCX,30-May-2024,4050.0,CE,169.4,216.75,144.2,185.65,185.65,256,2166.83,20000,3000,06-MAY-2024,
OPTSTK,MCX,30-May-2024,4100.0,CE,164.95,194.1,122.55,159.05,159.05,1129,9617.22,146000,-2800,06-MAY-2024,
OPTSTK,MCX,30-May-2024,4150.0,CE,133.3,168.5,105.0,136.5,136.5,164,1405.48,51000,-1000,06-MAY-2024,
OPTSTK,MCX,30-May-2024,4200.0,CE,118.0,146.55,90.0,118.75,118.75,1390,11999.39,234800,-11800,06-MAY-2024,
OPTSTK,MCX,30-May-2024,4250.0,CE,93.7,124.95,78.0,103.8,103.8,174,1514.95,52600,-2800,06-MAY-2024,
OPTSTK,MCX,30-May-2024,4300.0,CE,84.55,110.3,64.5,88.2,88.2,591,5185.27,163000,600,06-MAY-2024,
OPTSTK,MCX,30-May-2024,4350.0,CE,58.6,90.0,58.6,72.9,72.9,69,610.0,17200,-3600,06-MAY-2024,
OPTSTK,MCX,30-May-2024,4400.0,CE,62.75,82.25,46.35,64.35,64.35,1071,9562.42,125000,-15800,06-MAY-2024,
OPTSTK,MCX,30-May-2024,4450.0,CE,49.05,70.05,40.0,52.45,52.45,65,585.69,19000,3400,06-MAY-2024,
OPTSTK,MCX,30-May-2024,4500.0,CE,48.2,61.75,34.15,46.75,46.75,1082,9840.59,220400,4800,06-MAY-2024,
OPTSTK,MCX,30-May-2024,4550.0,CE,33.25,47.9,33.25,47.25,53.2,17,156.15,6000,0,06-MAY-2024,
OPTSTK,MCX,30-May-2024,4600.0,CE,33.1,46.75,25.65,34.05,34.05,337,3124.9,112800,-7400,06-MAY-2024,
OPTSTK,MCX,30-May-2024,4700.0,CE,27.45,35.8,19.95,27.3,27.3,1226,11590.87,241400,17800,06-MAY-2024,
OPTSTK,MCX,30-May-2024,3000.0,PE,2.3,2.3,1.5,2.0,1.05,44,264.17,22200,-2800,06-MAY-2024,
OPTSTK,MCX,30-May-2024,3100.0,PE,0.0,0.0,0.0,1.85,2.3,0,0.0,2200,0,06-MAY-2024,
OPTSTK,MCX,30-May-2024,3200.0,PE,3.5,3.5,3.1,3.2,4.65,9,57.65,31000,0,06-MAY-2024,
OPTSTK,MCX,30-May-2024,3300.0,PE,5.55,6.55,5.55,5.6,5.6,3,19.83,56400,200,06-MAY-2024,
OPTSTK,MCX,30-May-2024,3350.0,PE,9.9,10.9,2.25,4.05,4.05,17,114.13,4400,-400,06-MAY-2024,
OPTSTK,MCX,30-May-2024,3400.0,PE,10.05,13.7,6.55,10.7,10.7,70,477.48,88800,-600,06-MAY-2024,
OPTSTK,MCX,30-May-2024,3450.0,PE,8.75,14.7,8.55,14.7,14.7,23,159.24,5200,1600,06-MAY-2024,
OPTSTK,MCX,30-May-2024,3500.0,PE,17.8,24.5,14.0,18.55,18.55,240,1689.14,149600,5000,06-MAY-2024,
OPTSTK,MCX,30-May-2024,3550.0,PE,21.0,22.5,17.35,22.5,22.5,10,71.39,2800,-200,06-MAY-2024,
OPTSTK,MCX,30-May-2024,3600.0,PE,25.0,40.0,23.4,29.5,29.5,151,1096.69,108200,-3600,06-MAY-2024,
OPTSTK,MCX,30-May-2024,3650.0,PE,40.55,46.0,30.75,36.6,36.6,24,177.03,15000,-1600,06-MAY-2024,
OPTSTK,MCX,30-May-2024,3700.0,PE,41.0,60.65,36.0,43.6,43.6,168,1259.6,83200,-3600,06-MAY-2024,
OPTSTK,MCX,30-May-2024,3750.0,PE,60.0,72.0,48.4,52.1,52.1,39,296.83,9000,0,06-MAY-2024,
OPTSTK,MCX,30-May-2024,3800.0,PE,72.15,91.1,52.2,64.45,64.45,337,2607.76,116800,3200,06-MAY-2024,
OPTSTK,MCX,30-May-2024,3850.0,PE,86.0,110.0,67.95,79.4,79.4,47,370.29,28000,-4800,06-MAY-2024,
OPTSTK,MCX,30-May-2024,3900.0,PE,104.95,131.3,77.8,90.65,90.65,399,3196.91,124400,-600,06-MAY-2024,
OPTSTK,MCX,30-May-2024,3950.0,PE,120.0,156.05,95.25,109.4,109.4,87,709.21,26000,400,06-MAY-2024,
OPTSTK,MCX,30-May-2024,4000.0,PE,132.25,181.5,111.5,130.2,130.2,1121,9283.14,206400,-18600,06-MAY-2024,
OPTSTK,MCX,30-May-2024,4050.0,PE,170.8,208.6,134.2,156.05,156.05,236,1987.69,14600,2800,06-MAY-2024,
OPTSTK,MCX,30-May-2024,4100.0,PE,198.95,234.1,155.95,178.55,178.55,134,1147.56,58800,-2200,06-MAY-2024,
OPTSTK,MCX,30-May-2024,4150.0,PE,258.0,258.0,182.8,212.7,212.7,9,78.44,8800,-800,06-MAY-2024,
OPTSTK,MCX,30-May-2024,4200.0,PE,250.0,293.25,210.65,237.85,237.85,34,301.96,38200,600,06-MAY-2024,
OPTSTK,MCX,30-May-2024,4250.0,PE,250.9,262.2,246.4,262.2,309.6,11,99.04,14400,2000,06-MAY-2024,
OPTSTK,MCX,30-May-2024,4300.0,PE,0.0,0.0,0.0,350.0,343.4,0,0.0,21400,0,06-MAY-2024,
OPTSTK,MCX,30-May-2024,4350.0,PE,0.0,0.0,0.0,347.65,378.8,0,0.0,1200,0,06-MAY-2024,
OPTSTK,MCX,30-May-2024,4400.0,PE,0.0,0.0,0.0,408.15,415.95,0,0.0,7400,0,06-MAY-2024,
OPTSTK,MCX,30-May-2024,4450.0,PE,0.0,0.0,0.0,884.4,454.2,0,0.0,0,0,06-MAY-2024,
OPTSTK,MCX,30-May-2024,4500.0,PE,455.0,469.0,455.0,469.0,493.9,7,69.45,11400,1400,06-MAY-2024,
OPTSTK,MCX,30-May-2024,4600.0,PE,0.0,0.0,0.0,874.05,576.8,0,0.0,0,0,06-MAY-2024,
OPTSTK,MCX,30-May-2024,4700.0,PE,0.0,0.0,0.0,955.0,663.65,0,0.0,0,0,06-MAY-2024,
OPTSTK,MCX,27-Jun-2024,3350.0,CE,0.0,0.0,0.0,898.55,778.95,0,0.0,0,0,06-MAY-2024,
OPTSTK,MCX,27-Jun-2024,3400.0,CE,0.0,0.0,0.0,313.45,737.85,0,0.0,0,0,06-MAY-2024,
OPTSTK,MCX,27-Jun-2024,3450.0,CE,0.0,0.0,0.0,816.0,697.8,0,0.0,0,0,06-MAY-2024,
OPTSTK,MCX,27-Jun-2024,3500.0,CE,0.0,0.0,0.0,270.75,658.8,0,0.0,0,0,06-MAY-2024,
OPTSTK,MCX,27-Jun-2024,3550.0,CE,0.0,0.0,0.0,737.3,621.0,0,0.0,0,0,06-MAY-2024,
OPTSTK,MCX,27-Jun-2024,3600.0,CE,0.0,0.0,0.0,232.8,584.5,0,0.0,0,0,06-MAY-2024,
OPTSTK,MCX,27-Jun-2024,3650.0,CE,0.0,0.0,0.0,662.85,549.1,0,0.0,0,0,06-MAY-2024,
OPTSTK,MCX,27-Jun-2024,3700.0,CE,0.0,0.0,0.0,199.25,514.8,0,0.0,0,0,06-MAY-2024,
OPTSTK,MCX,27-Jun-2024,3750.0,CE,0.0,0.0,0.0,592.65,482.05,0,0.0,0,0,06-MAY-2024,
OPTSTK,MCX,27-Jun-2024,3800.0,CE,0.0,0.0,0.0,169.85,450.6,0,0.0,0,0,06-MAY-2024,
OPTSTK,MCX,27-Jun-2024,3850.0,CE,0.0,0.0,0.0,527.05,420.55,0,0.0,0,0,06-MAY-2024,
OPTSTK,MCX,27-Jun-2024,3900.0,CE,0.0,0.0,0.0,144.35,391.8,0,0.0,0,0,06-MAY-2024,
OPTSTK,MCX,27-Jun-2024,3950.0,CE,0.0,0.0,0.0,466.45,364.45,0,0.0,0,0,06-MAY-2024,
OPTSTK,MCX,27-Jun-2024,4000.0,CE,0.0,0.0,0.0,348.3,338.45,0,0.0,4200,0,06-MAY-2024,
OPTSTK,MCX,27-Jun-2024,4050.0,CE,0.0,0.0,0.0,410.7,313.8,0,0.0,0,0,06-MAY-2024,
OPTSTK,MCX,27-Jun-2024,4100.0,CE,0.0,0.0,0.0,289.0,290.45,0,0.0,600,0,06-MAY-2024,
OPTSTK,MCX,27-Jun-2024,4150.0,CE,0.0,0.0,0.0,359.85,268.45,0,0.0,0,0,06-MAY-2024,
OPTSTK,MCX,27-Jun-2024,4200.0,CE,250.0,250.0,250.0,250.0,247.7,3,26.7,7400,600,06-MAY-2024,
OPTSTK,MCX,27-Jun-2024,4250.0,CE,0.0,0.0,0.0,313.75,228.25,0,0.0,0,0,06-MAY-2024,
OPTSTK,MCX,27-Jun-2024,4300.0,CE,0.0,0.0,0.0,118.35,209.95,0,0.0,0,0,06-MAY-2024,
OPTSTK,MCX,27-Jun-2024,4350.0,CE,0.0,0.0,0.0,272.25,192.85,0,0.0,0,0,06-MAY-2024,
OPTSTK,MCX,27-Jun-2024,4400.0,CE,0.0,0.0,0.0,135.05,176.9,0,0.0,800,0,06-MAY-2024,
OPTSTK,MCX,27-Jun-2024,4450.0,CE,0.0,0.0,0.0,235.15,162.0,0,0.0,0,0,06-MAY-2024,
OPTSTK,MCX,27-Jun-2024,4500.0,CE,0.0,0.0,0.0,84.85,148.15,0,0.0,0,0,06-MAY-2024,
OPTSTK,MCX,27-Jun-2024,4600.0,CE,127.2,127.2,127.2,127.2,123.6,1,9.45,600,-200,06-MAY-2024,
OPTSTK,MCX,27-Jun-2024,4700.0,CE,0.0,0.0,0.0,139.5,102.35,0,0.0,400,0,06-MAY-2024,
OPTSTK,MCX,27-Jun-2024,3350.0,PE,0.0,0.0,0.0,45.7,47.0,0,0.0,0,0,06-MAY-2024,
OPTSTK,MCX,27-Jun-2024,3400.0,PE,0.0,0.0,0.0,303.05,55.4,0,0.0,0,0,06-MAY-2024,
OPTSTK,MCX,27-Jun-2024,3450.0,PE,0.0,0.0,0.0,61.9,64.85,0,0.0,0,0,06-MAY-2024,
OPTSTK,MCX,27-Jun-2024,3500.0,PE,0.0,0.0,0.0,358.6,75.35,0,0.0,0,0,06-MAY-2024,
OPTSTK,MCX,27-Jun-2024,3550.0,PE,0.0,0.0,0.0,81.95,87.0,0,0.0,0,0,06-MAY-2024,
OPTSTK,MCX,27-Jun-2024,3600.0,PE,0.0,0.0,0.0,418.85,100.0,0,0.0,0,0,06-MAY-2024,
OPTSTK,MCX,27-Jun-2024,3650.0,PE,0.0,0.0,0.0,106.25,114.05,0,0.0,0,0,06-MAY-2024,
OPTSTK,MCX,27-Jun-2024,3700.0,PE,110.0,127.25,110.0,127.25,127.25,4,30.51,3800,400,06-MAY-2024,
OPTSTK,MCX,27-Jun-2024,3750.0,PE,0.0,0.0,0.0,134.8,146.0,0,0.0,0,0,06-MAY-2024,
OPTSTK,MCX,27-Jun-2024,3800.0,PE,148.95,148.95,148.95,148.95,164.05,1,7.89,600,200,06-MAY-2024,
OPTSTK,MCX,27-Jun-2024,3850.0,PE,0.0,0.0,0.0,167.9,183.45,0,0.0,0,0,06-MAY-2024,
OPTSTK,MCX,27-Jun-2024,3900.0,PE,0.0,0.0,0.0,625.05,204.2,0,0.0,0,0,06-MAY-2024,
OPTSTK,MCX,27-Jun-2024,3950.0,PE,0.0,0.0,0.0,206.05,226.35,0,0.0,0,0,06-MAY-2024,
OPTSTK,MCX,27-Jun-2024,4000.0,PE,246.65,246.65,229.85,229.85,249.85,2,16.95,2600,200,06-MAY-2024,
OPTSTK,MCX,27-Jun-2024,4050.0,PE,0.0,0.0,0.0,249.1,274.65,0,0.0,0,0,06-MAY-2024,
OPTSTK,MCX,27-Jun-2024,4100.0,PE,0.0,0.0,0.0,779.95,300.8,0,0.0,0,0,06-MAY-2024,
OPTSTK,MCX,27-Jun-2024,4150.0,PE,0.0,0.0,0.0,296.95,328.3,0,0.0,0,0,06-MAY-2024,
OPTSTK,MCX,27-Jun-2024,4200.0,PE,0.0,0.0,0.0,861.7,357.05,0,0.0,0,0,06-MAY-2024,
OPTSTK,MCX,27-Jun-2024,4250.0,PE,0.0,0.0,0.0,349.6,387.05,0,0.0,0,0,06-MAY-2024,
OPTSTK,MCX,27-Jun-2024,4300.0,PE,0.0,0.0,0.0,780.15,418.25,0,0.0,0,0,06-MAY-2024,
OPTSTK,MCX,27-Jun-2024,4350.0,PE,0.0,0.0,0.0,406.85,450.65,0,0.0,0,0,06-MAY-2024,
OPTSTK,MCX,27-Jun-2024,4400.0,PE,0.0,0.0,0.0,1032.1,484.15,0,0.0,0,0,06-MAY-2024,
OPTSTK,MCX,27-Jun-2024,4450.0,PE,0.0,0.0,0.0,468.5,518.75,0,0.0,0,0,06-MAY-2024,
OPTSTK,MCX,27-Jun-2024,4500.0,PE,0.0,0.0,0.0,943.15,554.4,0,0.0,0,0,06-MAY-2024,
OPTSTK,MCX,27-Jun-2024,4600.0,PE,0.0,0.0,0.0,1209.85,628.85,0,0.0,0,0,06-MAY-2024,
OPTSTK,MCX,27-Jun-2024,4700.0,PE,0.0,0.0,0.0,838.0,706.55,0,0.0,0,0,06-MAY-2024,
OPTSTK,MCX,25-Jul-2024,3400.0,CE,0.0,0.0,0.0,908.4,794.95,0,0.0,0,0,06-MAY-2024,
OPTSTK,MCX,25-Jul-2024,3500.0,CE,0.0,0.0,0.0,832.75,721.7,0,0.0,0,0,06-MAY-2024,
OPTSTK,MCX,25-Jul-2024,3600.0,CE,0.0,0.0,0.0,760.95,652.4,0,0.0,0,0,06-MAY-2024,
OPTSTK,MCX,25-Jul-2024,3700.0,CE,0.0,0.0,0.0,692.85,587.3,0,0.0,0,0,06-MAY-2024,
OPTSTK,MCX,25-Jul-2024,3800.0,CE,0.0,0.0,0.0,628.6,526.75,0,0.0,0,0,06-MAY-2024,
OPTSTK,MCX,25-Jul-2024,3900.0,CE,0.0,0.0,0.0,568.65,470.65,0,0.0,0,0,06-MAY-2024,
OPTSTK,MCX,25-Jul-2024,4000.0,CE,0.0,0.0,0.0,512.8,418.95,0,0.0,0,0,06-MAY-2024,
OPTSTK,MCX,25-Jul-2024,4100.0,CE,0.0,0.0,0.0,460.95,371.5,0,0.0,0,0,06-MAY-2024,
OPTSTK,MCX,25-Jul-2024,4200.0,CE,0.0,0.0,0.0,413.1,328.3,0,0.0,0,0,06-MAY-2024,
OPTSTK,MCX,25-Jul-2024,4300.0,CE,0.0,0.0,0.0,369.2,289.1,0,0.0,0,0,06-MAY-2024,
OPTSTK,MCX,25-Jul-2024,4400.0,CE,0.0,0.0,0.0,329.0,253.75,0,0.0,0,0,06-MAY-2024,
OPTSTK,MCX,25-Jul-2024,4500.0,CE,0.0,0.0,0.0,292.35,222.05,0,0.0,0,0,06-MAY-2024,
OPTSTK,MCX,25-Jul-2024,4600.0,CE,0.0,0.0,0.0,259.15,193.65,0,0.0,0,0,06-MAY-2024,
OPTSTK,MCX,25-Jul-2024,3400.0,PE,0.0,0.0,0.0,86.15,93.8,0,0.0,0,0,06-MAY-2024,
OPTSTK,MCX,25-Jul-2024,3500.0,PE,0.0,0.0,0.0,108.7,119.0,0,0.0,0,0,06-MAY-2024,
OPTSTK,MCX,25-Jul-2024,3600.0,PE,0.0,0.0,0.0,135.05,148.1,0,0.0,0,0,06-MAY-2024,
OPTSTK,MCX,25-Jul-2024,3700.0,PE,0.0,0.0,0.0,165.15,181.4,0,0.0,0,0,06-MAY-2024,
OPTSTK,MCX,25-Jul-2024,3800.0,PE,0.0,0.0,0.0,199.15,219.3,0,0.0,0,0,06-MAY-2024,
OPTSTK,MCX,25-Jul-2024,3900.0,PE,0.0,0.0,0.0,237.35,261.6,0,0.0,0,0,06-MAY-2024,
OPTSTK,MCX,25-Jul-2024,4000.0,PE,0.0,0.0,0.0,279.7,308.3,0,0.0,0,0,06-MAY-2024,
OPTSTK,MCX,25-Jul-2024,4100.0,PE,0.0,0.0,0.0,326.05,359.3,0,0.0,0,0,06-MAY-2024,
OPTSTK,MCX,25-Jul-2024,4200.0,PE,0.0,0.0,0.0,376.4,414.5,0,0.0,0,0,06-MAY-2024,
OPTSTK,MCX,25-Jul-2024,4300.0,PE,0.0,0.0,0.0,430.65,473.75,0,0.0,0,0,06-MAY-2024,
OPTSTK,MCX,25-Jul-2024,4400.0,PE,0.0,0.0,0.0,488.65,536.8,0,0.0,0,0,06-MAY-2024,
OPTSTK,MCX,25-Jul-2024,4500.0,PE,0.0,0.0,0.0,550.25,603.5,0,0.0,0,0,06-MAY-2024,
OPTSTK,MCX,25-Jul-2024,4600.0,PE,0.0,0.0,0.0,615.2,673.55,0,0.0,0,0,06-MAY-2024,
OPTSTK,METROPOLIS,30-May-2024,1500.0,CE,0.0,0.0,0.0,294.2,322.65,0,0.0,800,0,06-MAY-2024,
OPTSTK,METROPOLIS,30-May-2024,1560.0,CE,0.0,0.0,0.0,166.25,266.15,0,0.0,0,0,06-MAY-2024,
OPTSTK,METROPOLIS,30-May-2024,1600.0,CE,0.0,0.0,0.0,145.75,230.15,0,0.0,0,0,06-MAY-2024,
OPTSTK,METROPOLIS,30-May-2024,1640.0,CE,0.0,0.0,0.0,174.0,196.0,0,0.0,400,0,06-MAY-2024,
OPTSTK,METROPOLIS,30-May-2024,1660.0,CE,168.8,168.8,168.8,168.8,179.75,1,7.31,400,400,06-MAY-2024,
OPTSTK,METROPOLIS,30-May-2024,1680.0,CE,0.0,0.0,0.0,137.75,164.2,0,0.0,1600,0,06-MAY-2024,
OPTSTK,METROPOLIS,30-May-2024,1700.0,CE,140.0,155.4,135.0,148.15,148.15,9,66.47,13600,0,06-MAY-2024,
OPTSTK,METROPOLIS,30-May-2024,1720.0,CE,0.0,0.0,0.0,95.5,135.1,0,0.0,0,0,06-MAY-2024,
OPTSTK,METROPOLIS,30-May-2024,1740.0,CE,0.0,0.0,0.0,118.1,121.75,0,0.0,1600,0,06-MAY-2024,
OPTSTK,METROPOLIS,30-May-2024,1760.0,CE,0.0,0.0,0.0,99.05,109.2,0,0.0,2800,0,06-MAY-2024,
OPTSTK,METROPOLIS,30-May-2024,1780.0,CE,84.4,114.0,84.4,106.0,97.5,10,75.27,2000,-800,06-MAY-2024,
OPTSTK,METROPOLIS,30-May-2024,1800.0,CE,84.0,107.4,72.25,90.5,90.5,927,7023.08,106800,10000,06-MAY-2024,
OPTSTK,METROPOLIS,30-May-2024,1820.0,CE,79.25,96.1,63.1,82.05,82.05,253,1928.93,21600,12400,06-MAY-2024,
OPTSTK,METROPOLIS,30-May-2024,1840.0,CE,65.25,87.8,59.0,73.55,73.55,446,3424.87,70400,38800,06-MAY-2024,
OPTSTK,METROPOLIS,30-May-2024,1860.0,CE,73.85,78.95,59.95,64.85,64.85,70,541.11,11600,8400,06-MAY-2024,
OPTSTK,METROPOLIS,30-May-2024,1880.0,CE,49.0,69.7,49.0,58.35,58.35,83,645.28,17200,12400,06-MAY-2024,
OPTSTK,METROPOLIS,30-May-2024,1900.0,CE,40.6,63.0,38.8,51.7,51.7,4064,31802.97,284800,176800,06-MAY-2024,
OPTSTK,METROPOLIS,30-May-2024,1920.0,CE,0.0,0.0,0.0,43.35,38.4,0,0.0,0,0,06-MAY-2024,
OPTSTK,METROPOLIS,30-May-2024,1940.0,CE,40.0,49.5,40.0,41.1,32.95,18,142.94,9200,3600,06-MAY-2024,
OPTSTK,METROPOLIS,30-May-2024,1960.0,CE,27.5,44.0,27.5,34.1,34.1,36,287.65,8800,4800,06-MAY-2024,
OPTSTK,METROPOLIS,30-May-2024,1980.0,CE,31.0,31.0,31.0,31.0,23.95,1,8.04,400,0,06-MAY-2024,
OPTSTK,METROPOLIS,30-May-2024,2000.0,CE,17.95,34.3,17.85,26.5,26.5,969,7864.18,144400,28800,06-MAY-2024,
OPTSTK,METROPOLIS,30-May-2024,2040.0,CE,13.3,25.85,13.3,19.5,19.5,40,329.9,6800,3200,06-MAY-2024,
OPTSTK,METROPOLIS,30-May-2024,2100.0,CE,7.45,17.3,6.25,12.8,12.8,716,6053.33,82800,41600,06-MAY-2024,
OPTSTK,METROPOLIS,30-May-2024,1500.0,PE,5.95,7.95,4.7,7.95,7.95,62,373.41,54400,1200,06-MAY-2024,
OPTSTK,METROPOLIS,30-May-2024,1520.0,PE,0.0,0.0,0.0,4.65,2.95,0,0.0,20000,0,06-MAY-2024,
OPTSTK,METROPOLIS,30-May-2024,1540.0,PE,0.0,0.0,0.0,6.0,4.0,0,0.0,5600,0,06-MAY-2024,
OPTSTK,METROPOLIS,30-May-2024,1560.0,PE,9.0,13.5,6.5,13.5,13.5,50,313.74,8000,6800,06-MAY-2024,
OPTSTK,METROPOLIS,30-May-2024,1580.0,PE,11.0,13.75,11.0,13.75,7.05,2,12.73,12400,800,06-MAY-2024,
OPTSTK,METROPOLIS,30-May-2024,1600.0,PE,13.5,19.85,10.45,19.15,19.15,181,1168.6,78800,11600,06-MAY-2024,
OPTSTK,METROPOLIS,30-May-2024,1640.0,PE,21.05,27.15,17.75,26.3,26.3,44,292.43,10800,4000,06-MAY-2024,
OPTSTK,METROPOLIS,30-May-2024,1660.0,PE,23.65,31.95,19.5,31.15,31.15,29,195.6,8000,4000,06-MAY-2024,
OPTSTK,METROPOLIS,30-May-2024,1680.0,PE,32.0,34.1,23.6,33.25,22.85,36,245.94,16000,6400,06-MAY-2024,
OPTSTK,METROPOLIS,30-May-2024,1700.0,PE,34.1,42.0,27.9,41.9,41.9,202,1400.43,52800,-4400,06-MAY-2024,
OPTSTK,METROPOLIS,30-May-2024,1720.0,PE,0.0,0.0,0.0,182.35,33.6,0,0.0,0,0,06-MAY-2024,
OPTSTK,METROPOLIS,30-May-2024,1740.0,PE,42.6,56.5,39.8,52.1,40.15,49,349.62,12800,-7600,06-MAY-2024,
OPTSTK,METROPOLIS,30-May-2024,1760.0,PE,49.6,64.0,48.45,64.0,64.0,18,130.58,3200,2800,06-MAY-2024,
OPTSTK,METROPOLIS,30-May-2024,1780.0,PE,60.15,70.0,57.1,68.4,55.65,36,265.14,13600,4000,06-MAY-2024,
OPTSTK,METROPOLIS,30-May-2024,1800.0,PE,69.15,84.9,64.85,81.9,81.9,146,1094.16,52000,3200,06-MAY-2024,
OPTSTK,METROPOLIS,30-May-2024,1820.0,PE,80.0,96.35,78.55,95.0,95.0,24,183.24,4000,2400,06-MAY-2024,
OPTSTK,METROPOLIS,30-May-2024,1840.0,PE,88.2,103.1,88.2,102.9,102.9,28,216.87,2800,2400,06-MAY-2024,
OPTSTK,METROPOLIS,30-May-2024,1860.0,PE,0.0,0.0,0.0,184.75,96.75,0,0.0,0,0,06-MAY-2024,
OPTSTK,METROPOLIS,30-May-2024,1880.0,PE,108.55,120.0,108.55,120.0,109.1,9,71.76,2800,2800,06-MAY-2024,
OPTSTK,METROPOLIS,30-May-2024,1900.0,PE,130.8,142.75,122.55,142.75,142.75,11,89.32,2400,0,06-MAY-2024,
OPTSTK,METROPOLIS,30-May-2024,1920.0,PE,0.0,0.0,0.0,326.6,135.95,0,0.0,0,0,06-MAY-2024,
OPTSTK,METROPOLIS,30-May-2024,1940.0,PE,0.0,0.0,0.0,167.1,150.4,0,0.0,400,0,06-MAY-2024,
OPTSTK,METROPOLIS,30-May-2024,1960.0,PE,0.0,0.0,0.0,180.5,165.6,0,0.0,800,0,06-MAY-2024,
OPTSTK,METROPOLIS,30-May-2024,1980.0,PE,0.0,0.0,0.0,272.7,181.25,0,0.0,0,0,06-MAY-2024,
OPTSTK,METROPOLIS,30-May-2024,2000.0,PE,0.0,0.0,0.0,392.55,197.45,0,0.0,0,0,06-MAY-2024,
OPTSTK,METROPOLIS,30-May-2024,2040.0,PE,0.0,0.0,0.0,426.85,231.3,0,0.0,0,0,06-MAY-2024,
OPTSTK,METROPOLIS,27-Jun-2024,1560.0,CE,0.0,0.0,0.0,249.35,289.3,0,0.0,0,0,06-MAY-2024,
OPTSTK,METROPOLIS,27-Jun-2024,1600.0,CE,0.0,0.0,0.0,223.35,257.15,0,0.0,0,0,06-MAY-2024,
OPTSTK,METROPOLIS,27-Jun-2024,1640.0,CE,0.0,0.0,0.0,199.2,226.9,0,0.0,0,0,06-MAY-2024,
OPTSTK,METROPOLIS,27-Jun-2024,1660.0,CE,0.0,0.0,0.0,193.65,212.5,0,0.0,0,0,06-MAY-2024,
OPTSTK,METROPOLIS,27-Jun-2024,1680.0,CE,0.0,0.0,0.0,176.9,198.55,0,0.0,0,0,06-MAY-2024,
OPTSTK,METROPOLIS,27-Jun-2024,1700.0,CE,0.0,0.0,0.0,169.25,185.2,0,0.0,0,0,06-MAY-2024,
OPTSTK,METROPOLIS,27-Jun-2024,1720.0,CE,0.0,0.0,0.0,156.4,172.45,0,0.0,0,0,06-MAY-2024,
OPTSTK,METROPOLIS,27-Jun-2024,1740.0,CE,0.0,0.0,0.0,146.9,160.25,0,0.0,0,0,06-MAY-2024,
OPTSTK,METROPOLIS,27-Jun-2024,1760.0,CE,0.0,0.0,0.0,137.7,148.6,0,0.0,0,0,06-MAY-2024,
OPTSTK,METROPOLIS,27-Jun-2024,1780.0,CE,0.0,0.0,0.0,126.75,137.5,0,0.0,0,0,06-MAY-2024,
OPTSTK,METROPOLIS,27-Jun-2024,1800.0,CE,0.0,0.0,0.0,99.4,127.05,0,0.0,2800,0,06-MAY-2024,
OPTSTK,METROPOLIS,27-Jun-2024,1820.0,CE,0.0,0.0,0.0,108.6,117.1,0,0.0,0,0,06-MAY-2024,
OPTSTK,METROPOLIS,27-Jun-2024,1840.0,CE,0.0,0.0,0.0,105.4,107.75,0,0.0,0,0,06-MAY-2024,
OPTSTK,METROPOLIS,27-Jun-2024,1860.0,CE,0.0,0.0,0.0,92.5,98.95,0,0.0,0,0,06-MAY-2024,
OPTSTK,METROPOLIS,27-Jun-2024,1880.0,CE,0.0,0.0,0.0,91.7,90.65,0,0.0,0,0,06-MAY-2024,
OPTSTK,METROPOLIS,27-Jun-2024,1900.0,CE,0.0,0.0,0.0,78.3,82.95,0,0.0,0,0,06-MAY-2024,
OPTSTK,METROPOLIS,27-Jun-2024,1920.0,CE,0.0,0.0,0.0,79.45,75.7,0,0.0,0,0,06-MAY-2024,
OPTSTK,METROPOLIS,27-Jun-2024,1940.0,CE,0.0,0.0,0.0,65.9,69.0,0,0.0,0,0,06-MAY-2024,
OPTSTK,METROPOLIS,27-Jun-2024,1960.0,CE,0.0,0.0,0.0,68.6,62.75,0,0.0,0,0,06-MAY-2024,
OPTSTK,METROPOLIS,27-Jun-2024,1980.0,CE,0.0,0.0,0.0,55.2,57.0,0,0.0,0,0,06-MAY-2024,
OPTSTK,METROPOLIS,27-Jun-2024,2000.0,CE,47.95,47.95,47.95,47.95,51.65,1,8.19,400,400,06-MAY-2024,
OPTSTK,METROPOLIS,27-Jun-2024,2040.0,CE,0.0,0.0,0.0,50.7,42.3,0,0.0,0,0,06-MAY-2024,
OPTSTK,METROPOLIS,27-Jun-2024,1560.0,PE,0.0,0.0,0.0,57.9,19.65,0,0.0,0,0,06-MAY-2024,
OPTSTK,METROPOLIS,27-Jun-2024,1600.0,PE,49.2,49.2,49.2,49.2,27.1,1,6.59,400,400,06-MAY-2024,
OPTSTK,METROPOLIS,27-Jun-2024,1640.0,PE,0.0,0.0,0.0,86.3,36.4,0,0.0,0,0,06-MAY-2024,
OPTSTK,METROPOLIS,27-Jun-2024,1660.0,PE,0.0,0.0,0.0,61.2,41.8,0,0.0,0,0,06-MAY-2024,
OPTSTK,METROPOLIS,27-Jun-2024,1680.0,PE,0.0,0.0,0.0,103.3,47.65,0,0.0,0,0,06-MAY-2024,
OPTSTK,METROPOLIS,27-Jun-2024,1700.0,PE,0.0,0.0,0.0,68.0,54.1,0,0.0,2800,0,06-MAY-2024,
OPTSTK,METROPOLIS,27-Jun-2024,1720.0,PE,0.0,0.0,0.0,102.0,61.1,0,0.0,400,0,06-MAY-2024,
OPTSTK,METROPOLIS,27-Jun-2024,1740.0,PE,0.0,0.0,0.0,93.45,68.7,0,0.0,0,0,06-MAY-2024,
OPTSTK,METROPOLIS,27-Jun-2024,1760.0,PE,0.0,0.0,0.0,142.65,76.85,0,0.0,0,0,06-MAY-2024,
OPTSTK,METROPOLIS,27-Jun-2024,1780.0,PE,0.0,0.0,0.0,112.75,85.6,0,0.0,0,0,06-MAY-2024,
OPTSTK,METROPOLIS,27-Jun-2024,1800.0,PE,0.0,0.0,0.0,164.95,94.9,0,0.0,0,0,06-MAY-2024,
OPTSTK,METROPOLIS,27-Jun-2024,1820.0,PE,0.0,0.0,0.0,134.15,104.75,0,0.0,0,0,06-MAY-2024,
OPTSTK,METROPOLIS,27-Jun-2024,1840.0,PE,0.0,0.0,0.0,188.95,115.2,0,0.0,0,0,06-MAY-2024,
OPTSTK,METROPOLIS,27-Jun-2024,1860.0,PE,0.0,0.0,0.0,157.55,126.15,0,0.0,0,0,06-MAY-2024,
OPTSTK,METROPOLIS,27-Jun-2024,1880.0,PE,0.0,0.0,0.0,214.5,137.7,0,0.0,0,0,06-MAY-2024,
OPTSTK,METROPOLIS,27-Jun-2024,1900.0,PE,0.0,0.0,0.0,182.85,149.75,0,0.0,0,0,06-MAY-2024,
OPTSTK,METROPOLIS,27-Jun-2024,1920.0,PE,0.0,0.0,0.0,241.55,162.35,0,0.0,0,0,06-MAY-2024,
OPTSTK,METROPOLIS,27-Jun-2024,1940.0,PE,0.0,0.0,0.0,209.9,175.4,0,0.0,0,0,06-MAY-2024,
OPTSTK,METROPOLIS,27-Jun-2024,1960.0,PE,0.0,0.0,0.0,269.95,188.95,0,0.0,0,0,06-MAY-2024,
OPTSTK,METROPOLIS,27-Jun-2024,1980.0,PE,0.0,0.0,0.0,238.7,203.0,0,0.0,0,0,06-MAY-2024,
OPTSTK,METROPOLIS,27-Jun-2024,2000.0,PE,0.0,0.0,0.0,299.75,217.45,0,0.0,0,0,06-MAY-2024,
OPTSTK,METROPOLIS,27-Jun-2024,2040.0,PE,0.0,0.0,0.0,330.65,247.65,0,0.0,0,0,06-MAY-2024,
OPTSTK,METROPOLIS,25-Jul-2024,1520.0,CE,0.0,0.0,0.0,316.4,343.35,0,0.0,0,0,06-MAY-2024,
OPTSTK,METROPOLIS,25-Jul-2024,1600.0,CE,0.0,0.0,0.0,259.15,281.9,0,0.0,0,0,06-MAY-2024,
OPTSTK,METROPOLIS,25-Jul-2024,1640.0,CE,0.0,0.0,0.0,233.0,253.6,0,0.0,0,0,06-MAY-2024,
OPTSTK,METROPOLIS,25-Jul-2024,1680.0,CE,0.0,0.0,0.0,208.65,226.95,0,0.0,0,0,06-MAY-2024,
OPTSTK,METROPOLIS,25-Jul-2024,1720.0,CE,0.0,0.0,0.0,186.05,202.2,0,0.0,0,0,06-MAY-2024,
OPTSTK,METROPOLIS,25-Jul-2024,1760.0,CE,0.0,0.0,0.0,165.25,179.35,0,0.0,0,0,06-MAY-2024,
OPTSTK,METROPOLIS,25-Jul-2024,1800.0,CE,0.0,0.0,0.0,146.15,158.3,0,0.0,0,0,06-MAY-2024,
OPTSTK,METROPOLIS,25-Jul-2024,1840.0,CE,0.0,0.0,0.0,128.8,139.1,0,0.0,0,0,06-MAY-2024,
OPTSTK,METROPOLIS,25-Jul-2024,1880.0,CE,0.0,0.0,0.0,113.05,121.65,0,0.0,0,0,06-MAY-2024,
OPTSTK,METROPOLIS,25-Jul-2024,1920.0,CE,0.0,0.0,0.0,98.85,105.95,0,0.0,0,0,06-MAY-2024,
OPTSTK,METROPOLIS,25-Jul-2024,1960.0,CE,0.0,0.0,0.0,86.1,91.85,0,0.0,0,0,06-MAY-2024,
OPTSTK,METROPOLIS,25-Jul-2024,2000.0,CE,0.0,0.0,0.0,74.75,79.3,0,0.0,0,0,06-MAY-2024,
OPTSTK,METROPOLIS,25-Jul-2024,2080.0,CE,0.0,0.0,0.0,55.95,58.55,0,0.0,0,0,06-MAY-2024,
OPTSTK,METROPOLIS,25-Jul-2024,1520.0,PE,0.0,0.0,0.0,37.3,25.75,0,0.0,0,0,06-MAY-2024,
OPTSTK,METROPOLIS,25-Jul-2024,1600.0,PE,0.0,0.0,0.0,58.6,43.05,0,0.0,0,0,06-MAY-2024,
OPTSTK,METROPOLIS,25-Jul-2024,1640.0,PE,0.0,0.0,0.0,71.7,54.05,0,0.0,0,0,06-MAY-2024,
OPTSTK,METROPOLIS,25-Jul-2024,1680.0,PE,0.0,0.0,0.0,86.65,66.8,0,0.0,0,0,06-MAY-2024,
OPTSTK,METROPOLIS,25-Jul-2024,1720.0,PE,0.0,0.0,0.0,103.35,81.45,0,0.0,0,0,06-MAY-2024,
OPTSTK,METROPOLIS,25-Jul-2024,1760.0,PE,0.0,0.0,0.0,121.8,97.9,0,0.0,0,0,06-MAY-2024,
OPTSTK,METROPOLIS,25-Jul-2024,1800.0,PE,0.0,0.0,0.0,142.0,116.25,0,0.0,0,0,06-MAY-2024,
OPTSTK,METROPOLIS,25-Jul-2024,1840.0,PE,0.0,0.0,0.0,163.9,136.4,0,0.0,0,0,06-MAY-2024,
OPTSTK,METROPOLIS,25-Jul-2024,1880.0,PE,0.0,0.0,0.0,187.45,158.35,0,0.0,0,0,06-MAY-2024,
OPTSTK,METROPOLIS,25-Jul-2024,1920.0,PE,0.0,0.0,0.0,212.5,182.0,0,0.0,0,0,06-MAY-2024,
OPTSTK,METROPOLIS,25-Jul-2024,1960.0,PE,0.0,0.0,0.0,239.05,207.3,0,0.0,0,0,06-MAY-2024,
OPTSTK,METROPOLIS,25-Jul-2024,2000.0,PE,0.0,0.0,0.0,267.0,234.1,0,0.0,0,0,06-MAY-2024,
OPTSTK,METROPOLIS,25-Jul-2024,2080.0,PE,0.0,0.0,0.0,326.7,292.05,0,0.0,0,0,06-MAY-2024,
OPTSTK,MFSL,30-May-2024,840.0,CE,0.0,0.0,0.0,162.75,153.1,0,0.0,0,0,06-MAY-2024,
OPTSTK,MFSL,30-May-2024,860.0,CE,0.0,0.0,0.0,153.85,134.3,0,0.0,0,0,06-MAY-2024,
OPTSTK,MFSL,30-May-2024,880.0,CE,0.0,0.0,0.0,133.65,116.15,0,0.0,0,0,06-MAY-2024,
OPTSTK,MFSL,30-May-2024,890.0,CE,0.0,0.0,0.0,138.1,107.45,0,0.0,0,0,06-MAY-2024,
OPTSTK,MFSL,30-May-2024,900.0,CE,0.0,0.0,0.0,114.2,98.95,0,0.0,2400,0,06-MAY-2024,
OPTSTK,MFSL,30-May-2024,910.0,CE,0.0,0.0,0.0,123.05,90.75,0,0.0,0,0,06-MAY-2024,
OPTSTK,MFSL,30-May-2024,920.0,CE,0.0,0.0,0.0,124.15,82.85,0,0.0,0,0,06-MAY-2024,
OPTSTK,MFSL,30-May-2024,930.0,CE,0.0,0.0,0.0,108.8,75.35,0,0.0,0,0,06-MAY-2024,
OPTSTK,MFSL,30-May-2024,940.0,CE,0.0,0.0,0.0,96.25,68.15,0,0.0,0,0,06-MAY-2024,
OPTSTK,MFSL,30-May-2024,950.0,CE,0.0,0.0,0.0,77.95,61.35,0,0.0,2400,0,06-MAY-2024,
OPTSTK,MFSL,30-May-2024,960.0,CE,0.0,0.0,0.0,79.3,55.0,0,0.0,2400,0,06-MAY-2024,
OPTSTK,MFSL,30-May-2024,970.0,CE,0.0,0.0,0.0,49.8,49.0,0,0.0,7200,0,06-MAY-2024,
OPTSTK,MFSL,30-May-2024,980.0,CE,0.0,0.0,0.0,75.2,43.5,0,0.0,3200,0,06-MAY-2024,
OPTSTK,MFSL,30-May-2024,990.0,CE,51.1,51.1,41.8,47.15,47.15,15,124.29,12000,2400,06-MAY-2024,
OPTSTK,MFSL,30-May-2024,1000.0,CE,45.0,45.0,37.05,41.95,41.95,101,840.86,68800,17600,06-MAY-2024,
OPTSTK,MFSL,30-May-2024,1010.0,CE,45.05,46.0,33.0,36.75,36.75,19,159.47,24000,3200,06-MAY-2024,
OPTSTK,MFSL,30-May-2024,1020.0,CE,40.15,41.9,28.65,32.95,32.95,253,2130.59,138400,50400,06-MAY-2024,
OPTSTK,MFSL,30-May-2024,1030.0,CE,36.5,38.15,26.0,28.9,28.9,24,203.42,32000,5600,06-MAY-2024,
OPTSTK,MFSL,30-May-2024,1040.0,CE,33.95,33.95,23.25,24.6,24.6,30,255.41,32000,800,06-MAY-2024,
OPTSTK,MFSL,30-May-2024,1050.0,CE,33.0,33.0,20.0,22.55,22.55,170,1458.03,171200,28800,06-MAY-2024,
OPTSTK,MFSL,30-May-2024,1060.0,CE,22.0,22.0,17.7,17.75,17.75,10,86.36,15200,1600,06-MAY-2024,
OPTSTK,MFSL,30-May-2024,1070.0,CE,0.0,0.0,0.0,31.05,11.7,0,0.0,11200,0,06-MAY-2024,
OPTSTK,MFSL,30-May-2024,1080.0,CE,19.4,19.4,13.9,15.35,15.35,16,140.18,68000,4000,06-MAY-2024,
OPTSTK,MFSL,30-May-2024,1090.0,CE,0.0,0.0,0.0,24.35,8.25,0,0.0,3200,0,06-MAY-2024,
OPTSTK,MFSL,30-May-2024,1100.0,CE,15.5,15.5,10.65,12.4,12.4,196,1744.5,233600,12000,06-MAY-2024,
OPTSTK,MFSL,30-May-2024,1110.0,CE,0.0,0.0,0.0,18.0,5.7,0,0.0,800,0,06-MAY-2024,
OPTSTK,MFSL,30-May-2024,1120.0,CE,11.0,11.0,8.35,9.25,9.25,32,289.15,23200,6400,06-MAY-2024,
OPTSTK,MFSL,30-May-2024,1140.0,CE,0.0,0.0,0.0,9.2,3.15,0,0.0,5600,0,06-MAY-2024,
OPTSTK,MFSL,30-May-2024,1160.0,CE,6.0,6.0,4.6,5.3,5.3,15,139.82,84000,-2400,06-MAY-2024,
OPTSTK,MFSL,30-May-2024,1180.0,CE,0.0,0.0,0.0,7.75,1.35,0,0.0,3200,0,06-MAY-2024,
OPTSTK,MFSL,30-May-2024,1200.0,CE,3.5,3.7,2.75,3.25,3.25,271,2608.33,400000,86400,06-MAY-2024,
OPTSTK,MFSL,30-May-2024,840.0,PE,0.0,0.0,0.0,17.8,1.35,0,0.0,0,0,06-MAY-2024,
OPTSTK,MFSL,30-May-2024,860.0,PE,5.6,6.0,3.95,5.45,5.45,219,1515.88,150400,-52000,06-MAY-2024,
OPTSTK,MFSL,30-May-2024,880.0,PE,3.9,3.9,3.9,3.9,4.25,1,7.07,55200,800,06-MAY-2024,
OPTSTK,MFSL,30-May-2024,890.0,PE,0.0,0.0,0.0,15.0,5.45,0,0.0,0,0,06-MAY-2024,
OPTSTK,MFSL,30-May-2024,900.0,PE,8.2,12.0,8.2,11.3,11.3,646,4705.2,201600,28000,06-MAY-2024,
OPTSTK,MFSL,30-May-2024,910.0,PE,0.0,0.0,0.0,16.6,8.7,0,0.0,24000,0,06-MAY-2024,
OPTSTK,MFSL,30-May-2024,920.0,PE,0.0,0.0,0.0,8.3,10.75,0,0.0,11200,0,06-MAY-2024,
OPTSTK,MFSL,30-May-2024,930.0,PE,0.0,0.0,0.0,9.8,13.2,0,0.0,28800,0,06-MAY-2024,
OPTSTK,MFSL,30-May-2024,940.0,PE,0.0,0.0,0.0,11.7,15.95,0,0.0,16000,0,06-MAY-2024,
OPTSTK,MFSL,30-May-2024,950.0,PE,23.65,26.25,20.8,24.65,24.65,192,1497.03,129600,55200,06-MAY-2024,
OPTSTK,MFSL,30-May-2024,960.0,PE,24.0,29.5,24.0,28.15,28.15,24,189.43,16000,-2400,06-MAY-2024,
OPTSTK,MFSL,30-May-2024,970.0,PE,0.0,0.0,0.0,26.0,26.7,0,0.0,11200,0,06-MAY-2024,
OPTSTK,MFSL,30-May-2024,980.0,PE,31.0,38.65,31.0,36.95,36.95,63,512.33,42400,9600,06-MAY-2024,
OPTSTK,MFSL,30-May-2024,990.0,PE,32.6,42.6,32.6,40.85,40.85,45,370.31,35200,9600,06-MAY-2024,
OPTSTK,MFSL,30-May-2024,1000.0,PE,41.0,49.7,41.0,47.0,47.0,125,1045.24,111200,0,06-MAY-2024,
OPTSTK,MFSL,30-May-2024,1010.0,PE,50.6,52.0,50.6,52.0,52.0,2,16.98,3200,0,06-MAY-2024,
OPTSTK,MFSL,30-May-2024,1020.0,PE,52.45,53.5,52.4,53.5,53.0,6,51.49,24000,-4000,06-MAY-2024,
OPTSTK,MFSL,30-May-2024,1030.0,PE,61.75,61.75,61.75,61.75,59.5,1,8.73,6400,0,06-MAY-2024,
OPTSTK,MFSL,30-May-2024,1040.0,PE,0.0,0.0,0.0,62.0,66.35,0,0.0,2400,0,06-MAY-2024,
OPTSTK,MFSL,30-May-2024,1050.0,PE,0.0,0.0,0.0,68.0,73.55,0,0.0,29600,0,06-MAY-2024,
OPTSTK,MFSL,30-May-2024,1060.0,PE,0.0,0.0,0.0,68.0,81.15,0,0.0,3200,0,06-MAY-2024,
OPTSTK,MFSL,30-May-2024,1070.0,PE,0.0,0.0,0.0,96.2,88.95,0,0.0,1600,0,06-MAY-2024,
OPTSTK,MFSL,30-May-2024,1080.0,PE,0.0,0.0,0.0,85.7,97.05,0,0.0,4800,0,06-MAY-2024,
OPTSTK,MFSL,30-May-2024,1090.0,PE,0.0,0.0,0.0,106.55,105.4,0,0.0,0,0,06-MAY-2024,
OPTSTK,MFSL,30-May-2024,1100.0,PE,0.0,0.0,0.0,130.0,114.0,0,0.0,34400,0,06-MAY-2024,
OPTSTK,MFSL,30-May-2024,1110.0,PE,0.0,0.0,0.0,121.0,122.75,0,0.0,0,0,06-MAY-2024,
OPTSTK,MFSL,30-May-2024,1120.0,PE,0.0,0.0,0.0,158.75,131.7,0,0.0,0,0,06-MAY-2024,
OPTSTK,MFSL,30-May-2024,1140.0,PE,0.0,0.0,0.0,105.0,150.05,0,0.0,1600,0,06-MAY-2024,
OPTSTK,MFSL,30-May-2024,1160.0,PE,0.0,0.0,0.0,190.35,168.9,0,0.0,0,0,06-MAY-2024,
OPTSTK,MFSL,27-Jun-2024,840.0,CE,0.0,0.0,0.0,189.4,163.0,0,0.0,0,0,06-MAY-2024,
OPTSTK,MFSL,27-Jun-2024,860.0,CE,0.0,0.0,0.0,173.3,146.0,0,0.0,0,0,06-MAY-2024,
OPTSTK,MFSL,27-Jun-2024,880.0,CE,0.0,0.0,0.0,157.9,129.75,0,0.0,0,0,06-MAY-2024,
OPTSTK,MFSL,27-Jun-2024,890.0,CE,0.0,0.0,0.0,151.8,121.95,0,0.0,0,0,06-MAY-2024,
OPTSTK,MFSL,27-Jun-2024,900.0,CE,0.0,0.0,0.0,143.3,114.4,0,0.0,0,0,06-MAY-2024,
OPTSTK,MFSL,27-Jun-2024,910.0,CE,0.0,0.0,0.0,136.15,107.1,0,0.0,0,0,06-MAY-2024,
OPTSTK,MFSL,27-Jun-2024,920.0,CE,0.0,0.0,0.0,129.4,100.05,0,0.0,0,0,06-MAY-2024,
OPTSTK,MFSL,27-Jun-2024,930.0,CE,0.0,0.0,0.0,121.4,93.25,0,0.0,0,0,06-MAY-2024,
OPTSTK,MFSL,27-Jun-2024,940.0,CE,0.0,0.0,0.0,116.4,86.8,0,0.0,0,0,06-MAY-2024,
OPTSTK,MFSL,27-Jun-2024,950.0,CE,0.0,0.0,0.0,107.5,80.55,0,0.0,0,0,06-MAY-2024,
OPTSTK,MFSL,27-Jun-2024,960.0,CE,0.0,0.0,0.0,104.25,74.65,0,0.0,0,0,06-MAY-2024,
OPTSTK,MFSL,27-Jun-2024,970.0,CE,0.0,0.0,0.0,94.65,69.0,0,0.0,0,0,06-MAY-2024,
OPTSTK,MFSL,27-Jun-2024,980.0,CE,0.0,0.0,0.0,93.0,63.7,0,0.0,0,0,06-MAY-2024,
OPTSTK,MFSL,27-Jun-2024,990.0,CE,0.0,0.0,0.0,82.8,58.6,0,0.0,0,0,06-MAY-2024,
OPTSTK,MFSL,27-Jun-2024,1000.0,CE,0.0,0.0,0.0,82.6,53.85,0,0.0,0,0,06-MAY-2024,
OPTSTK,MFSL,27-Jun-2024,1010.0,CE,0.0,0.0,0.0,71.95,49.4,0,0.0,0,0,06-MAY-2024,
OPTSTK,MFSL,27-Jun-2024,1020.0,CE,0.0,0.0,0.0,73.05,45.2,0,0.0,0,0,06-MAY-2024,
OPTSTK,MFSL,27-Jun-2024,1030.0,CE,0.0,0.0,0.0,62.15,41.25,0,0.0,0,0,06-MAY-2024,
OPTSTK,MFSL,27-Jun-2024,1040.0,CE,0.0,0.0,0.0,64.3,37.6,0,0.0,0,0,06-MAY-2024,
OPTSTK,MFSL,27-Jun-2024,1050.0,CE,0.0,0.0,0.0,53.3,34.15,0,0.0,0,0,06-MAY-2024,
OPTSTK,MFSL,27-Jun-2024,1060.0,CE,0.0,0.0,0.0,56.4,31.0,0,0.0,0,0,06-MAY-2024,
OPTSTK,MFSL,27-Jun-2024,1070.0,CE,0.0,0.0,0.0,45.45,28.05,0,0.0,0,0,06-MAY-2024,
OPTSTK,MFSL,27-Jun-2024,1080.0,CE,0.0,0.0,0.0,49.3,25.35,0,0.0,0,0,06-MAY-2024,
OPTSTK,MFSL,27-Jun-2024,1090.0,CE,0.0,0.0,0.0,38.55,22.95,0,0.0,0,0,06-MAY-2024,
OPTSTK,MFSL,27-Jun-2024,1100.0,CE,26.5,35.0,26.5,35.0,20.65,2,18.09,1600,800,06-MAY-2024,
OPTSTK,MFSL,27-Jun-2024,1110.0,CE,0.0,0.0,0.0,32.45,18.55,0,0.0,0,0,06-MAY-2024,
OPTSTK,MFSL,27-Jun-2024,1120.0,CE,0.0,0.0,0.0,37.2,16.6,0,0.0,0,0,06-MAY-2024,
OPTSTK,MFSL,27-Jun-2024,1140.0,CE,0.0,0.0,0.0,32.2,13.3,0,0.0,0,0,06-MAY-2024,
OPTSTK,MFSL,27-Jun-2024,1160.0,CE,0.0,0.0,0.0,27.75,10.55,0,0.0,0,0,06-MAY-2024,
OPTSTK,MFSL,27-Jun-2024,840.0,PE,0.0,0.0,0.0,12.15,6.5,0,0.0,0,0,06-MAY-2024,
OPTSTK,MFSL,27-Jun-2024,860.0,PE,0.0,0.0,0.0,15.75,9.25,0,0.0,0,0,06-MAY-2024,
OPTSTK,MFSL,27-Jun-2024,880.0,PE,0.0,0.0,0.0,20.0,12.8,0,0.0,0,0,06-MAY-2024,
OPTSTK,MFSL,27-Jun-2024,890.0,PE,0.0,0.0,0.0,12.9,14.9,0,0.0,0,0,06-MAY-2024,
OPTSTK,MFSL,27-Jun-2024,900.0,PE,0.0,0.0,0.0,25.0,17.25,0,0.0,0,0,06-MAY-2024,
OPTSTK,MFSL,27-Jun-2024,910.0,PE,0.0,0.0,0.0,17.0,19.9,0,0.0,0,0,06-MAY-2024,
OPTSTK,MFSL,27-Jun-2024,920.0,PE,0.0,0.0,0.0,30.75,22.7,0,0.0,0,0,06-MAY-2024,
OPTSTK,MFSL,27-Jun-2024,930.0,PE,0.0,0.0,0.0,22.0,25.85,0,0.0,0,0,06-MAY-2024,
OPTSTK,MFSL,27-Jun-2024,940.0,PE,0.0,0.0,0.0,37.4,29.25,0,0.0,0,0,06-MAY-2024,
OPTSTK,MFSL,27-Jun-2024,950.0,PE,0.0,0.0,0.0,22.5,32.95,0,0.0,800,0,06-MAY-2024,
OPTSTK,MFSL,27-Jun-2024,960.0,PE,0.0,0.0,0.0,44.9,36.9,0,0.0,0,0,06-MAY-2024,
OPTSTK,MFSL,27-Jun-2024,970.0,PE,0.0,0.0,0.0,34.75,41.15,0,0.0,0,0,06-MAY-2024,
OPTSTK,MFSL,27-Jun-2024,980.0,PE,0.0,0.0,0.0,53.3,45.75,0,0.0,0,0,06-MAY-2024,
OPTSTK,MFSL,27-Jun-2024,990.0,PE,0.0,0.0,0.0,42.6,50.55,0,0.0,0,0,06-MAY-2024,
OPTSTK,MFSL,27-Jun-2024,1000.0,PE,0.0,0.0,0.0,62.5,55.7,0,0.0,0,0,06-MAY-2024,
OPTSTK,MFSL,27-Jun-2024,1010.0,PE,0.0,0.0,0.0,51.55,61.1,0,0.0,0,0,06-MAY-2024,
OPTSTK,MFSL,27-Jun-2024,1020.0,PE,0.0,0.0,0.0,72.6,66.8,0,0.0,0,0,06-MAY-2024,
OPTSTK,MFSL,27-Jun-2024,1030.0,PE,0.0,0.0,0.0,61.45,72.8,0,0.0,0,0,06-MAY-2024,
OPTSTK,MFSL,27-Jun-2024,1040.0,PE,0.0,0.0,0.0,83.55,79.0,0,0.0,0,0,06-MAY-2024,
OPTSTK,MFSL,27-Jun-2024,1050.0,PE,0.0,0.0,0.0,72.4,85.5,0,0.0,0,0,06-MAY-2024,
OPTSTK,MFSL,27-Jun-2024,1060.0,PE,0.0,0.0,0.0,87.55,92.25,0,0.0,0,0,06-MAY-2024,
OPTSTK,MFSL,27-Jun-2024,1070.0,PE,0.0,0.0,0.0,84.3,99.2,0,0.0,0,0,06-MAY-2024,
OPTSTK,MFSL,27-Jun-2024,1080.0,PE,0.0,0.0,0.0,107.8,106.4,0,0.0,0,0,06-MAY-2024,
OPTSTK,MFSL,27-Jun-2024,1090.0,PE,0.0,0.0,0.0,97.1,113.85,0,0.0,0,0,06-MAY-2024,
OPTSTK,MFSL,27-Jun-2024,1100.0,PE,0.0,0.0,0.0,121.05,121.45,0,0.0,0,0,06-MAY-2024,
OPTSTK,MFSL,27-Jun-2024,1110.0,PE,0.0,0.0,0.0,110.8,129.25,0,0.0,0,0,06-MAY-2024,
OPTSTK,MFSL,27-Jun-2024,1120.0,PE,0.0,0.0,0.0,135.0,137.25,0,0.0,0,0,06-MAY-2024,
OPTSTK,MFSL,27-Jun-2024,1140.0,PE,0.0,0.0,0.0,149.6,153.7,0,0.0,0,0,06-MAY-2024,
OPTSTK,MFSL,27-Jun-2024,1160.0,PE,0.0,0.0,0.0,164.8,170.75,0,0.0,0,0,06-MAY-2024,
OPTSTK,MFSL,25-Jul-2024,800.0,CE,0.0,0.0,0.0,238.05,207.2,0,0.0,0,0,06-MAY-2024,
OPTSTK,MFSL,25-Jul-2024,840.0,CE,0.0,0.0,0.0,203.4,173.35,0,0.0,0,0,06-MAY-2024,
OPTSTK,MFSL,25-Jul-2024,880.0,CE,0.0,0.0,0.0,171.1,142.2,0,0.0,0,0,06-MAY-2024,
OPTSTK,MFSL,25-Jul-2024,900.0,CE,0.0,0.0,0.0,155.95,127.85,0,0.0,0,0,06-MAY-2024,
OPTSTK,MFSL,25-Jul-2024,920.0,CE,0.0,0.0,0.0,141.6,114.3,0,0.0,0,0,06-MAY-2024,
OPTSTK,MFSL,25-Jul-2024,940.0,CE,0.0,0.0,0.0,127.95,101.75,0,0.0,0,0,06-MAY-2024,
OPTSTK,MFSL,25-Jul-2024,960.0,CE,0.0,0.0,0.0,115.2,90.1,0,0.0,0,0,06-MAY-2024,
OPTSTK,MFSL,25-Jul-2024,980.0,CE,0.0,0.0,0.0,103.3,79.35,0,0.0,0,0,06-MAY-2024,
OPTSTK,MFSL,25-Jul-2024,1000.0,CE,0.0,0.0,0.0,92.25,69.55,0,0.0,0,0,06-MAY-2024,
OPTSTK,MFSL,25-Jul-2024,1020.0,CE,0.0,0.0,0.0,82.05,60.7,0,0.0,0,0,06-MAY-2024,
OPTSTK,MFSL,25-Jul-2024,1040.0,CE,0.0,0.0,0.0,72.65,52.7,0,0.0,0,0,06-MAY-2024,
OPTSTK,MFSL,25-Jul-2024,1060.0,CE,0.0,0.0,0.0,64.1,45.5,0,0.0,0,0,06-MAY-2024,
OPTSTK,MFSL,25-Jul-2024,1080.0,CE,0.0,0.0,0.0,56.35,39.15,0,0.0,0,0,06-MAY-2024,
OPTSTK,MFSL,25-Jul-2024,1100.0,CE,0.0,0.0,0.0,49.35,33.5,0,0.0,0,0,06-MAY-2024,
OPTSTK,MFSL,25-Jul-2024,1120.0,CE,0.0,0.0,0.0,43.05,28.6,0,0.0,0,0,06-MAY-2024,
OPTSTK,MFSL,25-Jul-2024,1160.0,CE,0.0,0.0,0.0,32.45,20.5,0,0.0,0,0,06-MAY-2024,
OPTSTK,MFSL,25-Jul-2024,1200.0,CE,0.0,0.0,0.0,24.1,14.5,0,0.0,0,0,06-MAY-2024,
OPTSTK,MFSL,25-Jul-2024,800.0,PE,0.0,0.0,0.0,5.85,6.7,0,0.0,0,0,06-MAY-2024,
OPTSTK,MFSL,25-Jul-2024,840.0,PE,0.0,0.0,0.0,10.5,12.2,0,0.0,0,0,06-MAY-2024,
OPTSTK,MFSL,25-Jul-2024,880.0,PE,0.0,0.0,0.0,17.45,20.45,0,0.0,0,0,06-MAY-2024,
OPTSTK,MFSL,25-Jul-2024,900.0,PE,0.0,0.0,0.0,21.95,25.8,0,0.0,0,0,06-MAY-2024,
OPTSTK,MFSL,25-Jul-2024,920.0,PE,0.0,0.0,0.0,27.25,31.95,0,0.0,0,0,06-MAY-2024,
OPTSTK,MFSL,25-Jul-2024,940.0,PE,0.0,0.0,0.0,33.25,39.05,0,0.0,0,0,06-MAY-2024,
OPTSTK,MFSL,25-Jul-2024,960.0,PE,0.0,0.0,0.0,40.15,47.05,0,0.0,0,0,06-MAY-2024,
OPTSTK,MFSL,25-Jul-2024,980.0,PE,0.0,0.0,0.0,47.85,56.0,0,0.0,0,0,06-MAY-2024,
OPTSTK,MFSL,25-Jul-2024,1000.0,PE,0.0,0.0,0.0,56.45,65.9,0,0.0,0,0,06-MAY-2024,
OPTSTK,MFSL,25-Jul-2024,1020.0,PE,0.0,0.0,0.0,65.85,76.7,0,0.0,0,0,06-MAY-2024,
OPTSTK,MFSL,25-Jul-2024,1040.0,PE,0.0,0.0,0.0,76.15,88.4,0,0.0,0,0,06-MAY-2024,
OPTSTK,MFSL,25-Jul-2024,1060.0,PE,0.0,0.0,0.0,87.2,100.9,0,0.0,0,0,06-MAY-2024,
OPTSTK,MFSL,25-Jul-2024,1080.0,PE,0.0,0.0,0.0,99.1,114.2,0,0.0,0,0,06-MAY-2024,
OPTSTK,MFSL,25-Jul-2024,1100.0,PE,0.0,0.0,0.0,111.7,128.25,0,0.0,0,0,06-MAY-2024,
OPTSTK,MFSL,25-Jul-2024,1120.0,PE,0.0,0.0,0.0,125.05,143.05,0,0.0,0,0,06-MAY-2024,
OPTSTK,MFSL,25-Jul-2024,1160.0,PE,0.0,0.0,0.0,153.75,174.35,0,0.0,0,0,06-MAY-2024,
OPTSTK,MFSL,25-Jul-2024,1200.0,PE,0.0,0.0,0.0,184.65,207.65,0,0.0,0,0,06-MAY-2024,
OPTSTK,MGL,30-May-2024,1200.0,CE,0.0,0.0,0.0,250.0,221.8,0,0.0,800,0,06-MAY-2024,
OPTSTK,MGL,30-May-2024,1240.0,CE,0.0,0.0,0.0,282.75,185.35,0,0.0,0,0,06-MAY-2024,
OPTSTK,MGL,30-May-2024,1280.0,CE,0.0,0.0,0.0,250.35,151.25,0,0.0,0,0,06-MAY-2024,
OPTSTK,MGL,30-May-2024,1300.0,CE,0.0,0.0,0.0,163.05,135.25,0,0.0,11600,0,06-MAY-2024,
OPTSTK,MGL,30-May-2024,1320.0,CE,0.0,0.0,0.0,130.0,120.2,0,0.0,800,0,06-MAY-2024,
OPTSTK,MGL,30-May-2024,1340.0,CE,0.0,0.0,0.0,142.05,105.95,0,0.0,800,0,06-MAY-2024,
OPTSTK,MGL,30-May-2024,1360.0,CE,0.0,0.0,0.0,132.05,92.75,0,0.0,4800,0,06-MAY-2024,
OPTSTK,MGL,30-May-2024,1380.0,CE,0.0,0.0,0.0,101.7,80.55,0,0.0,1600,0,06-MAY-2024,
OPTSTK,MGL,30-May-2024,1400.0,CE,84.0,84.0,61.0,68.6,68.6,138,811.36,81600,4800,06-MAY-2024,
OPTSTK,MGL,30-May-2024,1420.0,CE,55.05,61.0,49.3,57.3,57.3,91,537.31,42400,1200,06-MAY-2024,
OPTSTK,MGL,30-May-2024,1440.0,CE,58.05,64.3,41.95,49.35,49.35,116,690.58,63200,11600,06-MAY-2024,
OPTSTK,MGL,30-May-2024,1460.0,CE,49.3,49.3,34.55,40.95,40.95,54,324.28,41600,-800,06-MAY-2024,
OPTSTK,MGL,30-May-2024,1480.0,CE,44.0,44.0,29.95,33.85,33.85,212,1283.05,60400,-18400,06-MAY-2024,
OPTSTK,MGL,30-May-2024,1500.0,CE,38.0,38.0,23.75,29.45,29.45,731,4468.26,238000,12000,06-MAY-2024,
OPTSTK,MGL,30-May-2024,1520.0,CE,20.85,25.1,20.85,24.05,24.05,31,191.26,30000,-3600,06-MAY-2024,
OPTSTK,MGL,30-May-2024,1540.0,CE,24.0,24.0,15.8,19.35,19.35,38,236.9,72000,1600,06-MAY-2024,
OPTSTK,MGL,30-May-2024,1560.0,CE,13.5,16.0,13.5,16.0,16.0,16,100.81,49200,-2800,06-MAY-2024,
OPTSTK,MGL,30-May-2024,1580.0,CE,12.0,13.55,10.9,13.1,13.1,21,133.76,15200,-400,06-MAY-2024,
OPTSTK,MGL,30-May-2024,1600.0,CE,12.55,12.6,8.05,10.45,10.45,290,1867.46,123200,-25200,06-MAY-2024,
OPTSTK,MGL,30-May-2024,1620.0,CE,6.95,9.35,6.75,7.35,8.15,11,71.62,15600,-1200,06-MAY-2024,
OPTSTK,MGL,30-May-2024,1640.0,CE,6.3,6.4,6.3,6.4,6.45,6,39.51,28400,-800,06-MAY-2024,
OPTSTK,MGL,30-May-2024,1660.0,CE,5.5,5.9,4.05,5.25,5.0,54,359.62,46400,-4000,06-MAY-2024,
OPTSTK,MGL,30-May-2024,1680.0,CE,5.25,5.25,3.2,4.5,4.5,349,2350.94,142000,60000,06-MAY-2024,
OPTSTK,MGL,30-May-2024,1200.0,PE,3.55,5.0,3.5,4.1,4.1,62,298.67,15200,-2800,06-MAY-2024,
OPTSTK,MGL,30-May-2024,1240.0,PE,7.5,8.0,7.1,7.3,7.3,5,24.95,4800,1200,06-MAY-2024,
OPTSTK,MGL,30-May-2024,1280.0,PE,0.0,0.0,0.0,22.75,12.45,0,0.0,0,0,06-MAY-2024,
OPTSTK,MGL,30-May-2024,1300.0,PE,14.5,17.95,12.5,17.3,17.3,305,1604.93,112000,19200,06-MAY-2024,
OPTSTK,MGL,30-May-2024,1320.0,PE,13.7,22.4,13.7,21.6,21.6,40,214.46,11200,-1600,06-MAY-2024,
OPTSTK,MGL,30-May-2024,1340.0,PE,25.0,27.9,22.3,27.55,27.55,51,278.7,33200,1200,06-MAY-2024,
OPTSTK,MGL,30-May-2024,1360.0,PE,23.5,35.15,23.5,33.95,33.95,164,913.58,44400,5200,06-MAY-2024,
OPTSTK,MGL,30-May-2024,1380.0,PE,30.0,44.8,30.0,41.35,41.35,42,238.6,28800,0,06-MAY-2024,
OPTSTK,MGL,30-May-2024,1400.0,PE,34.85,53.9,34.85,49.8,49.8,1112,6446.37,148000,10400,06-MAY-2024,
OPTSTK,MGL,30-May-2024,1420.0,PE,43.2,61.3,43.2,59.25,59.25,87,513.23,35600,3600,06-MAY-2024,
OPTSTK,MGL,30-May-2024,1440.0,PE,66.0,70.7,65.35,68.55,68.55,13,78.45,16000,-1600,06-MAY-2024,
OPTSTK,MGL,30-May-2024,1460.0,PE,67.45,67.45,67.45,67.45,82.85,3,18.32,10000,-800,06-MAY-2024,
OPTSTK,MGL,30-May-2024,1480.0,PE,94.65,96.45,94.65,95.95,95.95,3,18.9,12800,400,06-MAY-2024,
OPTSTK,MGL,30-May-2024,1500.0,PE,112.1,112.1,103.0,109.2,109.2,8,51.45,49600,-400,06-MAY-2024,
OPTSTK,MGL,30-May-2024,1520.0,PE,0.0,0.0,0.0,95.0,124.4,0,0.0,800,0,06-MAY-2024,
OPTSTK,MGL,30-May-2024,1540.0,PE,0.0,0.0,0.0,95.0,139.8,0,0.0,3200,0,06-MAY-2024,
OPTSTK,MGL,30-May-2024,1560.0,PE,155.7,155.7,155.7,155.7,155.7,1,6.86,2800,400,06-MAY-2024,
OPTSTK,MGL,30-May-2024,1580.0,PE,0.0,0.0,0.0,227.5,172.7,0,0.0,0,0,06-MAY-2024,
OPTSTK,MGL,30-May-2024,1600.0,PE,0.0,0.0,0.0,160.6,190.05,0,0.0,2000,0,06-MAY-2024,
OPTSTK,MGL,30-May-2024,1640.0,PE,0.0,0.0,0.0,184.75,225.95,0,0.0,400,0,06-MAY-2024,
OPTSTK,MGL,30-May-2024,1680.0,PE,0.0,0.0,0.0,212.45,263.25,0,0.0,0,0,06-MAY-2024,
OPTSTK,MGL,27-Jun-2024,1240.0,CE,0.0,0.0,0.0,195.35,206.2,0,0.0,0,0,06-MAY-2024,
OPTSTK,MGL,27-Jun-2024,1280.0,CE,0.0,0.0,0.0,170.1,175.95,0,0.0,0,0,06-MAY-2024,
OPTSTK,MGL,27-Jun-2024,1300.0,CE,0.0,0.0,0.0,199.5,161.75,0,0.0,0,0,06-MAY-2024,
OPTSTK,MGL,27-Jun-2024,1320.0,CE,0.0,0.0,0.0,147.15,148.2,0,0.0,0,0,06-MAY-2024,
OPTSTK,MGL,27-Jun-2024,1340.0,CE,0.0,0.0,0.0,171.75,135.4,0,0.0,0,0,06-MAY-2024,
OPTSTK,MGL,27-Jun-2024,1360.0,CE,0.0,0.0,0.0,126.4,123.3,0,0.0,0,0,06-MAY-2024,
OPTSTK,MGL,27-Jun-2024,1380.0,CE,0.0,0.0,0.0,146.55,111.95,0,0.0,0,0,06-MAY-2024,
OPTSTK,MGL,27-Jun-2024,1400.0,CE,0.0,0.0,0.0,107.9,101.3,0,0.0,0,0,06-MAY-2024,
OPTSTK,MGL,27-Jun-2024,1420.0,CE,0.0,0.0,0.0,123.9,91.4,0,0.0,0,0,06-MAY-2024,
OPTSTK,MGL,27-Jun-2024,1440.0,CE,0.0,0.0,0.0,91.55,82.2,0,0.0,0,0,06-MAY-2024,
OPTSTK,MGL,27-Jun-2024,1460.0,CE,0.0,0.0,0.0,103.8,73.7,0,0.0,0,0,06-MAY-2024,
OPTSTK,MGL,27-Jun-2024,1480.0,CE,0.0,0.0,0.0,77.2,65.9,0,0.0,0,0,06-MAY-2024,
OPTSTK,MGL,27-Jun-2024,1500.0,CE,0.0,0.0,0.0,86.2,58.7,0,0.0,0,0,06-MAY-2024,
OPTSTK,MGL,27-Jun-2024,1520.0,CE,0.0,0.0,0.0,64.7,52.15,0,0.0,0,0,06-MAY-2024,
OPTSTK,MGL,27-Jun-2024,1540.0,CE,0.0,0.0,0.0,70.9,46.2,0,0.0,0,0,06-MAY-2024,
OPTSTK,MGL,27-Jun-2024,1560.0,CE,0.0,0.0,0.0,54.0,40.8,0,0.0,0,0,06-MAY-2024,
OPTSTK,MGL,27-Jun-2024,1580.0,CE,0.0,0.0,0.0,57.85,36.0,0,0.0,0,0,06-MAY-2024,
OPTSTK,MGL,27-Jun-2024,1600.0,CE,0.0,0.0,0.0,44.8,31.65,0,0.0,0,0,06-MAY-2024,
OPTSTK,MGL,27-Jun-2024,1640.0,CE,0.0,0.0,0.0,36.95,24.2,0,0.0,0,0,06-MAY-2024,
OPTSTK,MGL,27-Jun-2024,1680.0,CE,0.0,0.0,0.0,30.35,18.35,0,0.0,0,0,06-MAY-2024,
OPTSTK,MGL,27-Jun-2024,1240.0,PE,0.0,0.0,0.0,49.15,20.5,0,0.0,0,0,06-MAY-2024,
OPTSTK,MGL,27-Jun-2024,1280.0,PE,0.0,0.0,0.0,63.2,29.85,0,0.0,0,0,06-MAY-2024,
OPTSTK,MGL,27-Jun-2024,1300.0,PE,35.0,40.0,35.0,40.0,35.45,3,16.05,1200,1200,06-MAY-2024,
OPTSTK,MGL,27-Jun-2024,1320.0,PE,0.0,0.0,0.0,79.5,41.7,0,0.0,0,0,06-MAY-2024,
OPTSTK,MGL,27-Jun-2024,1340.0,PE,0.0,0.0,0.0,45.7,48.7,0,0.0,0,0,06-MAY-2024,
OPTSTK,MGL,27-Jun-2024,1360.0,PE,0.0,0.0,0.0,98.05,56.4,0,0.0,0,0,06-MAY-2024,
OPTSTK,MGL,27-Jun-2024,1380.0,PE,0.0,0.0,0.0,60.0,64.85,0,0.0,0,0,06-MAY-2024,
OPTSTK,MGL,27-Jun-2024,1400.0,PE,0.0,0.0,0.0,118.85,74.0,0,0.0,0,0,06-MAY-2024,
OPTSTK,MGL,27-Jun-2024,1420.0,PE,0.0,0.0,0.0,76.85,83.85,0,0.0,0,0,06-MAY-2024,
OPTSTK,MGL,27-Jun-2024,1440.0,PE,0.0,0.0,0.0,141.75,94.45,0,0.0,0,0,06-MAY-2024,
OPTSTK,MGL,27-Jun-2024,1460.0,PE,0.0,0.0,0.0,96.25,105.75,0,0.0,0,0,06-MAY-2024,
OPTSTK,MGL,27-Jun-2024,1480.0,PE,0.0,0.0,0.0,166.7,117.75,0,0.0,0,0,06-MAY-2024,
OPTSTK,MGL,27-Jun-2024,1500.0,PE,0.0,0.0,0.0,118.1,130.35,0,0.0,0,0,06-MAY-2024,
OPTSTK,MGL,27-Jun-2024,1520.0,PE,0.0,0.0,0.0,193.5,143.6,0,0.0,0,0,06-MAY-2024,
OPTSTK,MGL,27-Jun-2024,1540.0,PE,0.0,0.0,0.0,142.35,157.45,0,0.0,0,0,06-MAY-2024,
OPTSTK,MGL,27-Jun-2024,1560.0,PE,0.0,0.0,0.0,222.05,171.85,0,0.0,0,0,06-MAY-2024,
OPTSTK,MGL,27-Jun-2024,1580.0,PE,0.0,0.0,0.0,168.8,186.85,0,0.0,0,0,06-MAY-2024,
OPTSTK,MGL,27-Jun-2024,1600.0,PE,0.0,0.0,0.0,252.15,202.3,0,0.0,0,0,06-MAY-2024,
OPTSTK,MGL,27-Jun-2024,1640.0,PE,0.0,0.0,0.0,283.6,234.4,0,0.0,0,0,06-MAY-2024,
OPTSTK,MGL,27-Jun-2024,1680.0,PE,0.0,0.0,0.0,316.3,268.1,0,0.0,0,0,06-MAY-2024,
OPTSTK,MGL,25-Jul-2024,1280.0,CE,0.0,0.0,0.0,233.75,197.1,0,0.0,0,0,06-MAY-2024,
OPTSTK,MGL,25-Jul-2024,1320.0,CE,0.0,0.0,0.0,206.5,171.0,0,0.0,0,0,06-MAY-2024,
OPTSTK,MGL,25-Jul-2024,1360.0,CE,0.0,0.0,0.0,181.35,147.3,0,0.0,0,0,06-MAY-2024,
OPTSTK,MGL,25-Jul-2024,1400.0,CE,0.0,0.0,0.0,158.3,125.95,0,0.0,0,0,06-MAY-2024,
OPTSTK,MGL,25-Jul-2024,1440.0,CE,0.0,0.0,0.0,137.4,106.85,0,0.0,0,0,06-MAY-2024,
OPTSTK,MGL,25-Jul-2024,1480.0,CE,0.0,0.0,0.0,118.6,90.05,0,0.0,0,0,06-MAY-2024,
OPTSTK,MGL,25-Jul-2024,1520.0,CE,0.0,0.0,0.0,101.75,75.35,0,0.0,0,0,06-MAY-2024,
OPTSTK,MGL,25-Jul-2024,1560.0,CE,0.0,0.0,0.0,86.9,62.65,0,0.0,0,0,06-MAY-2024,
OPTSTK,MGL,25-Jul-2024,1600.0,CE,0.0,0.0,0.0,73.8,51.75,0,0.0,0,0,06-MAY-2024,
OPTSTK,MGL,25-Jul-2024,1280.0,PE,0.0,0.0,0.0,41.4,44.0,0,0.0,0,0,06-MAY-2024,
OPTSTK,MGL,25-Jul-2024,1320.0,PE,0.0,0.0,0.0,53.4,57.25,0,0.0,0,0,06-MAY-2024,
OPTSTK,MGL,25-Jul-2024,1360.0,PE,0.0,0.0,0.0,67.5,72.9,0,0.0,0,0,06-MAY-2024,
OPTSTK,MGL,25-Jul-2024,1400.0,PE,0.0,0.0,0.0,83.8,90.9,0,0.0,0,0,06-MAY-2024,
OPTSTK,MGL,25-Jul-2024,1440.0,PE,0.0,0.0,0.0,102.15,111.2,0,0.0,0,0,06-MAY-2024,
OPTSTK,MGL,25-Jul-2024,1480.0,PE,0.0,0.0,0.0,122.6,133.75,0,0.0,0,0,06-MAY-2024,
OPTSTK,MGL,25-Jul-2024,1520.0,PE,0.0,0.0,0.0,145.05,158.45,0,0.0,0,0,06-MAY-2024,
OPTSTK,MGL,25-Jul-2024,1560.0,PE,0.0,0.0,0.0,169.45,185.1,0,0.0,0,0,06-MAY-2024,
OPTSTK,MGL,25-Jul-2024,1600.0,PE,0.0,0.0,0.0,195.65,213.55,0,0.0,0,0,06-MAY-2024,
OPTSTK,MOTHERSON,30-May-2024,110.0,CE,0.0,0.0,0.0,23.0,18.6,0,0.0,14200,0,06-MAY-2024,
OPTSTK,MOTHERSON,30-May-2024,114.0,CE,0.0,0.0,0.0,12.8,14.95,0,0.0,0,0,06-MAY-2024,
OPTSTK,MOTHERSON,30-May-2024,115.0,CE,14.45,14.95,14.45,14.95,14.1,2,18.41,49700,7100,06-MAY-2024,
OPTSTK,MOTHERSON,30-May-2024,116.0,CE,0.0,0.0,0.0,17.8,13.25,0,0.0,7100,0,06-MAY-2024,
OPTSTK,MOTHERSON,30-May-2024,118.0,CE,0.0,0.0,0.0,14.6,11.6,0,0.0,14200,0,06-MAY-2024,
OPTSTK,MOTHERSON,30-May-2024,119.0,CE,0.0,0.0,0.0,7.0,10.8,0,0.0,0,0,06-MAY-2024,
OPTSTK,MOTHERSON,30-May-2024,120.0,CE,13.8,13.8,10.5,10.5,10.5,12,112.62,852000,-7100,06-MAY-2024,
OPTSTK,MOTHERSON,30-May-2024,121.0,CE,9.1,9.1,9.1,9.1,9.3,1,9.23,14200,7100,06-MAY-2024,
OPTSTK,MOTHERSON,30-May-2024,122.0,CE,12.1,12.1,9.15,9.15,9.15,4,37.73,21300,-21300,06-MAY-2024,
OPTSTK,MOTHERSON,30-May-2024,123.0,CE,0.0,0.0,0.0,10.0,7.95,0,0.0,78100,0,06-MAY-2024,
OPTSTK,MOTHERSON,30-May-2024,124.0,CE,8.75,8.75,7.7,7.7,7.3,2,18.77,85200,7100,06-MAY-2024,
OPTSTK,MOTHERSON,30-May-2024,125.0,CE,9.7,10.15,6.75,7.2,7.2,58,548.51,1689800,42600,06-MAY-2024,
OPTSTK,MOTHERSON,30-May-2024,126.0,CE,7.1,7.1,6.6,6.65,6.65,5,47.14,56800,0,06-MAY-2024,
OPTSTK,MOTHERSON,30-May-2024,127.0,CE,7.4,7.4,6.05,6.15,6.15,9,85.29,113600,-14200,06-MAY-2024,
OPTSTK,MOTHERSON,30-May-2024,128.0,CE,6.5,7.3,5.45,5.55,5.55,42,399.08,305300,120700,06-MAY-2024,
OPTSTK,MOTHERSON,30-May-2024,129.0,CE,6.25,6.25,5.0,5.15,5.15,31,295.74,227200,49700,06-MAY-2024,
OPTSTK,MOTHERSON,30-May-2024,130.0,CE,6.9,6.95,4.3,4.65,4.65,829,7973.3,5481200,-113600,06-MAY-2024,
OPTSTK,MOTHERSON,30-May-2024,131.0,CE,6.05,6.3,3.85,4.3,4.3,251,2425.34,681600,134900,06-MAY-2024,
OPTSTK,MOTHERSON,30-May-2024,132.0,CE,5.85,5.95,3.6,3.95,3.95,488,4739.8,1341900,149100,06-MAY-2024,
OPTSTK,MOTHERSON,30-May-2024,133.0,CE,5.4,5.4,3.3,3.6,3.6,185,1801.91,610600,63900,06-MAY-2024,
OPTSTK,MOTHERSON,30-May-2024,134.0,CE,4.8,4.8,3.2,3.3,3.3,148,1448.69,426000,71000,06-MAY-2024,
OPTSTK,MOTHERSON,30-May-2024,135.0,CE,4.1,4.6,2.75,3.0,3.0,843,8292.46,3613900,-518300,06-MAY-2024,
OPTSTK,MOTHERSON,30-May-2024,136.0,CE,4.55,4.55,2.55,2.75,2.75,138,1364.43,603500,-120700,06-MAY-2024,
OPTSTK,MOTHERSON,30-May-2024,137.0,CE,3.1,3.45,2.4,2.5,2.5,70,695.59,227200,-42600,06-MAY-2024,
OPTSTK,MOTHERSON,30-May-2024,138.0,CE,3.3,3.3,2.2,2.25,2.25,21,209.64,376300,-14200,06-MAY-2024,
OPTSTK,MOTHERSON,30-May-2024,139.0,CE,2.75,2.75,2.0,2.0,1.45,7,70.2,63900,21300,06-MAY-2024,
OPTSTK,MOTHERSON,30-May-2024,140.0,CE,2.8,2.9,1.7,1.85,1.85,565,5704.06,5814900,-184600,06-MAY-2024,
OPTSTK,MOTHERSON,30-May-2024,141.0,CE,2.5,2.5,1.5,1.5,1.1,6,60.87,92300,-7100,06-MAY-2024,
OPTSTK,MOTHERSON,30-May-2024,142.0,CE,2.25,2.25,1.5,1.55,1.55,42,428.61,518300,-21300,06-MAY-2024,
OPTSTK,MOTHERSON,30-May-2024,144.0,CE,1.8,1.9,1.1,1.2,1.2,293,3025.08,2321700,-205900,06-MAY-2024,
OPTSTK,MOTHERSON,30-May-2024,146.0,CE,1.5,1.5,0.9,1.0,0.55,18,187.97,284000,-42600,06-MAY-2024,
OPTSTK,MOTHERSON,30-May-2024,148.0,CE,1.2,1.25,0.75,0.75,0.75,129,1364.04,1121800,35500,06-MAY-2024,
OPTSTK,MOTHERSON,30-May-2024,100.0,PE,0.15,0.15,0.1,0.15,0.15,4,28.43,1455500,0,06-MAY-2024,
OPTSTK,MOTHERSON,30-May-2024,107.0,PE,0.3,0.3,0.3,0.3,0.15,60,457.09,603500,340800,06-MAY-2024,
OPTSTK,MOTHERSON,30-May-2024,108.0,PE,0.4,0.45,0.35,0.45,0.15,7,53.87,553800,7100,06-MAY-2024,
OPTSTK,MOTHERSON,30-May-2024,109.0,PE,0.4,0.45,0.4,0.45,0.2,4,31.07,312400,7100,06-MAY-2024,
OPTSTK,MOTHERSON,30-May-2024,110.0,PE,0.45,0.6,0.4,0.6,0.6,202,1584.53,2520500,-234300,06-MAY-2024,
OPTSTK,MOTHERSON,30-May-2024,112.0,PE,0.5,0.5,0.5,0.5,0.4,1,7.98,49700,0,06-MAY-2024,
OPTSTK,MOTHERSON,30-May-2024,113.0,PE,0.8,0.85,0.8,0.85,0.5,2,16.16,35500,-7100,06-MAY-2024,
OPTSTK,MOTHERSON,30-May-2024,114.0,PE,0.85,1.0,0.85,0.95,0.95,9,73.42,127800,42600,06-MAY-2024,
OPTSTK,MOTHERSON,30-May-2024,115.0,PE,0.8,1.15,0.8,1.1,1.1,509,4191.92,2754800,213000,06-MAY-2024,
OPTSTK,MOTHERSON,30-May-2024,116.0,PE,1.15,1.15,1.15,1.15,0.85,1,8.31,163300,7100,06-MAY-2024,
OPTSTK,MOTHERSON,30-May-2024,117.0,PE,1.0,1.55,1.0,1.4,1.4,14,117.57,113600,71000,06-MAY-2024,
OPTSTK,MOTHERSON,30-May-2024,118.0,PE,1.6,1.7,1.6,1.7,1.2,3,25.48,234300,7100,06-MAY-2024,
OPTSTK,MOTHERSON,30-May-2024,119.0,PE,1.7,1.75,1.7,1.75,1.75,3,25.71,92300,7100,06-MAY-2024,
OPTSTK,MOTHERSON,30-May-2024,120.0,PE,1.45,2.25,1.3,2.05,2.05,280,2422.85,2712200,-14200,06-MAY-2024,
OPTSTK,MOTHERSON,30-May-2024,121.0,PE,1.55,2.4,1.55,2.3,2.3,20,174.53,213000,-49700,06-MAY-2024,
OPTSTK,MOTHERSON,30-May-2024,122.0,PE,1.75,2.75,1.75,2.6,2.6,15,132.24,142000,28400,06-MAY-2024,
OPTSTK,MOTHERSON,30-May-2024,123.0,PE,2.45,2.95,2.35,2.95,2.95,22,196.32,127800,-21300,06-MAY-2024,
OPTSTK,MOTHERSON,30-May-2024,124.0,PE,2.75,3.4,2.55,3.3,3.3,20,180.38,92300,-21300,06-MAY-2024,
OPTSTK,MOTHERSON,30-May-2024,125.0,PE,2.6,3.95,2.45,3.75,3.75,199,1813.41,2101600,-163300,06-MAY-2024,
OPTSTK,MOTHERSON,30-May-2024,126.0,PE,3.35,4.15,3.35,4.15,4.15,9,83.0,149100,14200,06-MAY-2024,
OPTSTK,MOTHERSON,30-May-2024,127.0,PE,3.3,4.7,3.15,4.65,4.65,30,279.09,205900,28400,06-MAY-2024,
OPTSTK,MOTHERSON,30-May-2024,128.0,PE,3.7,5.15,3.7,5.1,5.1,29,273.11,482800,28400,06-MAY-2024,
OPTSTK,MOTHERSON,30-May-2024,129.0,PE,3.8,5.95,3.8,5.65,5.65,24,228.76,255600,21300,06-MAY-2024,
OPTSTK,MOTHERSON,30-May-2024,130.0,PE,4.4,6.65,4.4,6.2,6.2,158,1521.65,2840000,-56800,06-MAY-2024,
OPTSTK,MOTHERSON,30-May-2024,131.0,PE,5.05,7.3,5.05,6.8,6.8,44,427.97,276900,14200,06-MAY-2024,
OPTSTK,MOTHERSON,30-May-2024,132.0,PE,5.2,7.85,5.2,7.35,7.35,42,412.96,291100,49700,06-MAY-2024,
OPTSTK,MOTHERSON,30-May-2024,133.0,PE,5.9,8.1,5.7,7.6,7.55,8,79.55,248500,28400,06-MAY-2024,
OPTSTK,MOTHERSON,30-May-2024,134.0,PE,7.45,8.0,7.45,8.0,8.2,3,30.17,120700,7100,06-MAY-2024,
OPTSTK,MOTHERSON,30-May-2024,135.0,PE,7.05,9.5,7.05,9.4,9.4,11,112.02,312400,-7100,06-MAY-2024,
OPTSTK,MOTHERSON,30-May-2024,136.0,PE,10.4,10.4,10.4,10.4,10.4,1,10.39,142000,-7100,06-MAY-2024,
OPTSTK,MOTHERSON,30-May-2024,137.0,PE,0.0,0.0,0.0,8.7,10.4,0,0.0,14200,0,06-MAY-2024,
OPTSTK,MOTHERSON,30-May-2024,138.0,PE,10.5,10.5,9.85,9.85,11.15,2,21.04,49700,0,06-MAY-2024,
OPTSTK,MOTHERSON,30-May-2024,139.0,PE,11.65,11.65,11.65,11.65,11.95,1,10.69,7100,0,06-MAY-2024,
OPTSTK,MOTHERSON,30-May-2024,140.0,PE,10.4,13.5,10.25,13.45,13.45,11,118.66,276900,-21300,06-MAY-2024,
OPTSTK,MOTHERSON,30-May-2024,141.0,PE,0.0,0.0,0.0,11.35,13.6,0,0.0,7100,0,06-MAY-2024,
OPTSTK,MOTHERSON,30-May-2024,142.0,PE,0.0,0.0,0.0,11.3,14.45,0,0.0,28400,0,06-MAY-2024,
OPTSTK,MOTHERSON,30-May-2024,144.0,PE,13.3,16.7,13.3,16.7,16.2,15,169.34,85200,7100,06-MAY-2024,
OPTSTK,MOTHERSON,30-May-2024,146.0,PE,0.0,0.0,0.0,15.05,18.0,0,0.0,14200,0,06-MAY-2024,
OPTSTK,MOTHERSON,30-May-2024,148.0,PE,0.0,0.0,0.0,16.7,19.85,0,0.0,14200,0,06-MAY-2024,
OPTSTK,MOTHERSON,27-Jun-2024,114.0,CE,0.0,0.0,0.0,11.35,16.75,0,0.0,0,0,06-MAY-2024,
OPTSTK,MOTHERSON,27-Jun-2024,116.0,CE,0.0,0.0,0.0,10.3,15.2,0,0.0,0,0,06-MAY-2024,
OPTSTK,MOTHERSON,27-Jun-2024,118.0,CE,0.0,0.0,0.0,9.3,13.75,0,0.0,0,0,06-MAY-2024,
OPTSTK,MOTHERSON,27-Jun-2024,119.0,CE,0.0,0.0,0.0,13.35,13.05,0,0.0,0,0,06-MAY-2024,
OPTSTK,MOTHERSON,27-Jun-2024,120.0,CE,0.0,0.0,0.0,8.4,12.35,0,0.0,0,0,06-MAY-2024,
OPTSTK,MOTHERSON,27-Jun-2024,121.0,CE,0.0,0.0,0.0,12.1,11.7,0,0.0,0,0,06-MAY-2024,
OPTSTK,MOTHERSON,27-Jun-2024,122.0,CE,0.0,0.0,0.0,7.55,11.05,0,0.0,0,0,06-MAY-2024,
OPTSTK,MOTHERSON,27-Jun-2024,123.0,CE,0.0,0.0,0.0,10.9,10.45,0,0.0,0,0,06-MAY-2024,
OPTSTK,MOTHERSON,27-Jun-2024,124.0,CE,0.0,0.0,0.0,6.75,9.85,0,0.0,0,0,06-MAY-2024,
OPTSTK,MOTHERSON,27-Jun-2024,125.0,CE,13.5,13.5,13.5,13.5,9.25,1,9.83,7100,7100,06-MAY-2024,
OPTSTK,MOTHERSON,27-Jun-2024,126.0,CE,0.0,0.0,0.0,6.05,8.7,0,0.0,0,0,06-MAY-2024,
OPTSTK,MOTHERSON,27-Jun-2024,127.0,CE,0.0,0.0,0.0,8.7,8.2,0,0.0,0,0,06-MAY-2024,
OPTSTK,MOTHERSON,27-Jun-2024,128.0,CE,0.0,0.0,0.0,5.4,7.7,0,0.0,0,0,06-MAY-2024,
OPTSTK,MOTHERSON,27-Jun-2024,129.0,CE,0.0,0.0,0.0,7.75,7.2,0,0.0,0,0,06-MAY-2024,
OPTSTK,MOTHERSON,27-Jun-2024,130.0,CE,0.0,0.0,0.0,4.8,6.75,0,0.0,0,0,06-MAY-2024,
OPTSTK,MOTHERSON,27-Jun-2024,131.0,CE,0.0,0.0,0.0,6.9,6.3,0,0.0,0,0,06-MAY-2024,
OPTSTK,MOTHERSON,27-Jun-2024,132.0,CE,0.0,0.0,0.0,4.25,5.9,0,0.0,0,0,06-MAY-2024,
OPTSTK,MOTHERSON,27-Jun-2024,133.0,CE,0.0,0.0,0.0,6.1,5.5,0,0.0,0,0,06-MAY-2024,
OPTSTK,MOTHERSON,27-Jun-2024,134.0,CE,0.0,0.0,0.0,3.8,5.1,0,0.0,0,0,06-MAY-2024,
OPTSTK,MOTHERSON,27-Jun-2024,135.0,CE,0.0,0.0,0.0,5.35,4.75,0,0.0,0,0,06-MAY-2024,
OPTSTK,MOTHERSON,27-Jun-2024,136.0,CE,0.0,0.0,0.0,3.35,4.45,0,0.0,0,0,06-MAY-2024,
OPTSTK,MOTHERSON,27-Jun-2024,137.0,CE,0.0,0.0,0.0,4.7,4.1,0,0.0,0,0,06-MAY-2024,
OPTSTK,MOTHERSON,27-Jun-2024,138.0,CE,0.0,0.0,0.0,2.95,3.8,0,0.0,0,0,06-MAY-2024,
OPTSTK,MOTHERSON,27-Jun-2024,139.0,CE,0.0,0.0,0.0,4.1,3.55,0,0.0,0,0,06-MAY-2024,
OPTSTK,MOTHERSON,27-Jun-2024,140.0,CE,6.2,6.55,5.6,5.8,3.25,8,82.95,220100,21300,06-MAY-2024,
OPTSTK,MOTHERSON,27-Jun-2024,141.0,CE,0.0,0.0,0.0,3.55,3.0,0,0.0,0,0,06-MAY-2024,
OPTSTK,MOTHERSON,27-Jun-2024,142.0,CE,0.0,0.0,0.0,2.25,2.8,0,0.0,0,0,06-MAY-2024,
OPTSTK,MOTHERSON,27-Jun-2024,144.0,CE,4.4,5.2,4.35,5.0,2.35,12,126.74,127800,0,06-MAY-2024,
OPTSTK,MOTHERSON,27-Jun-2024,146.0,CE,0.0,0.0,0.0,1.75,2.0,0,0.0,0,0,06-MAY-2024,
OPTSTK,MOTHERSON,27-Jun-2024,148.0,CE,0.0,0.0,0.0,1.5,1.7,0,0.0,0,0,06-MAY-2024,
OPTSTK,MOTHERSON,27-Jun-2024,110.0,PE,1.5,2.3,1.5,2.3,1.05,11,87.42,319500,28400,06-MAY-2024,
OPTSTK,MOTHERSON,27-Jun-2024,114.0,PE,0.0,0.0,0.0,6.25,1.7,0,0.0,0,0,06-MAY-2024,
OPTSTK,MOTHERSON,27-Jun-2024,116.0,PE,0.0,0.0,0.0,2.95,2.15,0,0.0,113600,0,06-MAY-2024,
OPTSTK,MOTHERSON,27-Jun-2024,118.0,PE,0.0,0.0,0.0,8.1,2.65,0,0.0,0,0,06-MAY-2024,
OPTSTK,MOTHERSON,27-Jun-2024,119.0,PE,0.0,0.0,0.0,3.65,2.95,0,0.0,0,0,06-MAY-2024,
OPTSTK,MOTHERSON,27-Jun-2024,120.0,PE,3.8,5.25,3.8,5.15,5.15,16,141.76,390500,56800,06-MAY-2024,
OPTSTK,MOTHERSON,27-Jun-2024,121.0,PE,0.0,0.0,0.0,4.35,3.6,0,0.0,0,0,06-MAY-2024,
OPTSTK,MOTHERSON,27-Jun-2024,122.0,PE,0.0,0.0,0.0,10.25,3.95,0,0.0,0,0,06-MAY-2024,
OPTSTK,MOTHERSON,27-Jun-2024,123.0,PE,0.0,0.0,0.0,5.15,4.3,0,0.0,0,0,06-MAY-2024,
OPTSTK,MOTHERSON,27-Jun-2024,124.0,PE,0.0,0.0,0.0,11.45,4.7,0,0.0,0,0,06-MAY-2024,
OPTSTK,MOTHERSON,27-Jun-2024,125.0,PE,0.0,0.0,0.0,5.2,5.15,0,0.0,14200,0,06-MAY-2024,
OPTSTK,MOTHERSON,27-Jun-2024,126.0,PE,0.0,0.0,0.0,12.7,5.55,0,0.0,0,0,06-MAY-2024,
OPTSTK,MOTHERSON,27-Jun-2024,127.0,PE,0.0,0.0,0.0,6.95,6.05,0,0.0,0,0,06-MAY-2024,
OPTSTK,MOTHERSON,27-Jun-2024,128.0,PE,0.0,0.0,0.0,14.0,6.5,0,0.0,0,0,06-MAY-2024,
OPTSTK,MOTHERSON,27-Jun-2024,129.0,PE,0.0,0.0,0.0,7.95,7.05,0,0.0,0,0,06-MAY-2024,
OPTSTK,MOTHERSON,27-Jun-2024,130.0,PE,0.0,0.0,0.0,7.0,7.55,0,0.0,7100,0,06-MAY-2024,
OPTSTK,MOTHERSON,27-Jun-2024,131.0,PE,0.0,0.0,0.0,9.05,8.1,0,0.0,0,0,06-MAY-2024,
OPTSTK,MOTHERSON,27-Jun-2024,132.0,PE,0.0,0.0,0.0,16.8,8.7,0,0.0,0,0,06-MAY-2024,
OPTSTK,MOTHERSON,27-Jun-2024,133.0,PE,0.0,0.0,0.0,10.2,9.3,0,0.0,0,0,06-MAY-2024,
OPTSTK,MOTHERSON,27-Jun-2024,134.0,PE,0.0,0.0,0.0,18.3,9.9,0,0.0,0,0,06-MAY-2024,
OPTSTK,MOTHERSON,27-Jun-2024,135.0,PE,0.0,0.0,0.0,11.45,10.5,0,0.0,0,0,06-MAY-2024,
OPTSTK,MOTHERSON,27-Jun-2024,136.0,PE,0.0,0.0,0.0,19.8,11.2,0,0.0,0,0,06-MAY-2024,
OPTSTK,MOTHERSON,27-Jun-2024,137.0,PE,0.0,0.0,0.0,12.75,11.85,0,0.0,0,0,06-MAY-2024,
OPTSTK,MOTHERSON,27-Jun-2024,138.0,PE,0.0,0.0,0.0,21.35,12.55,0,0.0,0,0,06-MAY-2024,
OPTSTK,MOTHERSON,27-Jun-2024,139.0,PE,0.0,0.0,0.0,14.15,13.25,0,0.0,0,0,06-MAY-2024,
OPTSTK,MOTHERSON,27-Jun-2024,140.0,PE,0.0,0.0,0.0,23.0,13.95,0,0.0,0,0,06-MAY-2024,
OPTSTK,MOTHERSON,27-Jun-2024,141.0,PE,0.0,0.0,0.0,15.6,14.7,0,0.0,0,0,06-MAY-2024,
OPTSTK,MOTHERSON,27-Jun-2024,142.0,PE,0.0,0.0,0.0,24.65,15.5,0,0.0,0,0,06-MAY-2024,
OPTSTK,MOTHERSON,27-Jun-2024,144.0,PE,0.0,0.0,0.0,26.3,17.05,0,0.0,0,0,06-MAY-2024,
OPTSTK,MOTHERSON,27-Jun-2024,146.0,PE,0.0,0.0,0.0,28.05,18.65,0,0.0,0,0,06-MAY-2024,
OPTSTK,MOTHERSON,27-Jun-2024,148.0,PE,0.0,0.0,0.0,29.75,20.3,0,0.0,0,0,06-MAY-2024,
OPTSTK,MOTHERSON,25-Jul-2024,116.0,CE,0.0,0.0,0.0,17.1,16.9,0,0.0,0,0,06-MAY-2024,
OPTSTK,MOTHERSON,25-Jul-2024,118.0,CE,0.0,0.0,0.0,15.8,15.55,0,0.0,0,0,06-MAY-2024,
OPTSTK,MOTHERSON,25-Jul-2024,120.0,CE,0.0,0.0,0.0,14.5,14.25,0,0.0,0,0,06-MAY-2024,
OPTSTK,MOTHERSON,25-Jul-2024,122.0,CE,0.0,0.0,0.0,13.3,13.0,0,0.0,0,0,06-MAY-2024,
OPTSTK,MOTHERSON,25-Jul-2024,124.0,CE,0.0,0.0,0.0,12.2,11.85,0,0.0,0,0,06-MAY-2024,
OPTSTK,MOTHERSON,25-Jul-2024,126.0,CE,0.0,0.0,0.0,11.15,10.75,0,0.0,0,0,06-MAY-2024,
OPTSTK,MOTHERSON,25-Jul-2024,128.0,CE,0.0,0.0,0.0,10.15,9.75,0,0.0,0,0,06-MAY-2024,
OPTSTK,MOTHERSON,25-Jul-2024,130.0,CE,0.0,0.0,0.0,9.2,8.8,0,0.0,0,0,06-MAY-2024,
OPTSTK,MOTHERSON,25-Jul-2024,132.0,CE,0.0,0.0,0.0,8.35,7.9,0,0.0,0,0,06-MAY-2024,
OPTSTK,MOTHERSON,25-Jul-2024,134.0,CE,0.0,0.0,0.0,7.55,7.1,0,0.0,0,0,06-MAY-2024,
OPTSTK,MOTHERSON,25-Jul-2024,136.0,CE,0.0,0.0,0.0,6.8,6.35,0,0.0,0,0,06-MAY-2024,
OPTSTK,MOTHERSON,25-Jul-2024,138.0,CE,0.0,0.0,0.0,6.15,5.65,0,0.0,0,0,06-MAY-2024,
OPTSTK,MOTHERSON,25-Jul-2024,140.0,CE,0.0,0.0,0.0,5.5,5.05,0,0.0,0,0,06-MAY-2024,
OPTSTK,MOTHERSON,25-Jul-2024,142.0,CE,0.0,0.0,0.0,4.95,4.5,0,0.0,0,0,06-MAY-2024,
OPTSTK,MOTHERSON,25-Jul-2024,144.0,CE,0.0,0.0,0.0,4.4,3.95,0,0.0,0,0,06-MAY-2024,
OPTSTK,MOTHERSON,25-Jul-2024,148.0,CE,0.0,0.0,0.0,3.5,3.1,0,0.0,0,0,06-MAY-2024,
OPTSTK,MOTHERSON,25-Jul-2024,116.0,PE,0.0,0.0,0.0,2.85,3.25,0,0.0,7100,0,06-MAY-2024,
OPTSTK,MOTHERSON,25-Jul-2024,118.0,PE,0.0,0.0,0.0,4.45,3.85,0,0.0,0,0,06-MAY-2024,
OPTSTK,MOTHERSON,25-Jul-2024,120.0,PE,0.0,0.0,0.0,5.15,4.5,0,0.0,0,0,06-MAY-2024,
OPTSTK,MOTHERSON,25-Jul-2024,122.0,PE,0.0,0.0,0.0,5.9,5.25,0,0.0,0,0,06-MAY-2024,
OPTSTK,MOTHERSON,25-Jul-2024,124.0,PE,0.0,0.0,0.0,6.75,6.05,0,0.0,0,0,06-MAY-2024,
OPTSTK,MOTHERSON,25-Jul-2024,126.0,PE,0.0,0.0,0.0,7.65,6.9,0,0.0,0,0,06-MAY-2024,
OPTSTK,MOTHERSON,25-Jul-2024,128.0,PE,0.0,0.0,0.0,8.65,7.85,0,0.0,0,0,06-MAY-2024,
OPTSTK,MOTHERSON,25-Jul-2024,130.0,PE,0.0,0.0,0.0,9.65,8.9,0,0.0,0,0,06-MAY-2024,
OPTSTK,MOTHERSON,25-Jul-2024,132.0,PE,0.0,0.0,0.0,10.75,9.95,0,0.0,0,0,06-MAY-2024,
OPTSTK,MOTHERSON,25-Jul-2024,134.0,PE,0.0,0.0,0.0,11.95,11.15,0,0.0,0,0,06-MAY-2024,
OPTSTK,MOTHERSON,25-Jul-2024,136.0,PE,0.0,0.0,0.0,13.15,12.35,0,0.0,0,0,06-MAY-2024,
OPTSTK,MOTHERSON,25-Jul-2024,138.0,PE,0.0,0.0,0.0,14.45,13.65,0,0.0,0,0,06-MAY-2024,
OPTSTK,MOTHERSON,25-Jul-2024,140.0,PE,0.0,0.0,0.0,15.8,15.0,0,0.0,0,0,06-MAY-2024,
OPTSTK,MOTHERSON,25-Jul-2024,142.0,PE,0.0,0.0,0.0,17.15,16.4,0,0.0,0,0,06-MAY-2024,
OPTSTK,MOTHERSON,25-Jul-2024,144.0,PE,0.0,0.0,0.0,18.6,17.85,0,0.0,0,0,06-MAY-2024,
OPTSTK,MOTHERSON,25-Jul-2024,148.0,PE,0.0,0.0,0.0,21.65,20.9,0,0.0,0,0,06-MAY-2024,
OPTSTK,MPHASIS,30-May-2024,1800.0,CE,528.35,528.35,528.35,528.35,507.7,3,19.2,1650,0,06-MAY-2024,
OPTSTK,MPHASIS,30-May-2024,1900.0,CE,0.0,0.0,0.0,757.9,409.35,0,0.0,0,0,06-MAY-2024,
OPTSTK,MPHASIS,30-May-2024,2000.0,CE,0.0,0.0,0.0,275.4,314.0,0,0.0,4675,0,06-MAY-2024,
OPTSTK,MPHASIS,30-May-2024,2050.0,CE,0.0,0.0,0.0,386.85,268.7,0,0.0,0,0,06-MAY-2024,
OPTSTK,MPHASIS,30-May-2024,2100.0,CE,0.0,0.0,0.0,283.0,225.85,0,0.0,1925,0,06-MAY-2024,
OPTSTK,MPHASIS,30-May-2024,2150.0,CE,195.85,196.8,193.75,193.75,186.15,4,25.8,1650,550,06-MAY-2024,
OPTSTK,MPHASIS,30-May-2024,2200.0,CE,177.45,178.3,152.0,160.4,150.2,14,91.08,8250,-275,06-MAY-2024,
OPTSTK,MPHASIS,30-May-2024,2250.0,CE,132.05,142.3,114.05,115.9,115.9,93,609.47,26400,9350,06-MAY-2024,
OPTSTK,MPHASIS,30-May-2024,2300.0,CE,83.4,113.75,80.0,88.0,88.0,1008,6647.49,106975,3850,06-MAY-2024,
OPTSTK,MPHASIS,30-May-2024,2350.0,CE,66.5,86.5,59.0,65.75,65.75,949,6327.31,129250,39875,06-MAY-2024,
OPTSTK,MPHASIS,30-May-2024,2400.0,CE,44.2,63.95,39.55,46.75,46.75,1362,9184.08,238150,-10725,06-MAY-2024,
OPTSTK,MPHASIS,30-May-2024,2450.0,CE,27.75,46.2,26.65,32.6,32.6,147,1005.53,84700,3025,06-MAY-2024,
OPTSTK,MPHASIS,30-May-2024,2500.0,CE,20.5,33.3,17.05,22.5,22.5,1545,10735.06,192225,29700,06-MAY-2024,
OPTSTK,MPHASIS,30-May-2024,2550.0,CE,16.45,23.75,14.65,14.9,14.9,200,1413.34,47575,-13750,06-MAY-2024,
OPTSTK,MPHASIS,30-May-2024,2600.0,CE,10.5,16.7,7.85,10.6,10.6,325,2334.48,111650,3300,06-MAY-2024,
OPTSTK,MPHASIS,30-May-2024,2650.0,CE,5.75,11.35,5.6,7.05,7.05,147,1074.6,7975,-13200,06-MAY-2024,
OPTSTK,MPHASIS,30-May-2024,2700.0,CE,4.6,8.05,4.6,4.95,4.95,313,2329.0,45100,-2475,06-MAY-2024,
OPTSTK,MPHASIS,30-May-2024,2750.0,CE,2.75,5.7,2.15,5.7,3.05,6,45.44,2475,275,06-MAY-2024,
OPTSTK,MPHASIS,30-May-2024,2800.0,CE,2.15,3.5,1.85,2.1,2.1,452,3483.59,114125,4125,06-MAY-2024,
OPTSTK,MPHASIS,30-May-2024,2900.0,CE,0.0,0.0,0.0,1.7,0.65,0,0.0,1100,0,06-MAY-2024,
OPTSTK,MPHASIS,30-May-2024,1800.0,PE,1.15,1.15,1.1,1.1,0.25,3,14.85,9075,825,06-MAY-2024,
OPTSTK,MPHASIS,30-May-2024,1900.0,PE,3.45,3.45,3.45,3.45,1.4,1,5.23,29700,0,06-MAY-2024,
OPTSTK,MPHASIS,30-May-2024,2000.0,PE,8.5,8.5,4.8,5.9,5.9,268,1478.32,132000,7700,06-MAY-2024,
OPTSTK,MPHASIS,30-May-2024,2050.0,PE,7.65,10.15,7.5,9.0,9.0,78,441.5,7700,-1100,06-MAY-2024,
OPTSTK,MPHASIS,30-May-2024,2100.0,PE,16.6,16.95,10.9,14.1,14.1,464,2697.09,88275,0,06-MAY-2024,
OPTSTK,MPHASIS,30-May-2024,2150.0,PE,21.1,23.5,16.9,22.4,22.4,238,1420.36,29425,-6325,06-MAY-2024,
OPTSTK,MPHASIS,30-May-2024,2200.0,PE,36.4,36.4,25.3,34.0,34.0,114,699.11,80850,-4125,06-MAY-2024,
OPTSTK,MPHASIS,30-May-2024,2250.0,PE,43.45,50.15,38.15,49.1,49.1,64,403.7,99550,5775,06-MAY-2024,
OPTSTK,MPHASIS,30-May-2024,2300.0,PE,76.0,77.25,55.25,71.95,71.95,248,1612.88,125675,13475,06-MAY-2024,
OPTSTK,MPHASIS,30-May-2024,2350.0,PE,100.0,100.6,77.9,99.8,99.8,68,456.13,37950,6050,06-MAY-2024,
OPTSTK,MPHASIS,30-May-2024,2400.0,PE,128.8,130.65,104.55,130.6,130.6,45,311.98,69850,-4125,06-MAY-2024,
OPTSTK,MPHASIS,30-May-2024,2450.0,PE,0.0,0.0,0.0,168.35,175.9,0,0.0,3300,0,06-MAY-2024,
OPTSTK,MPHASIS,30-May-2024,2500.0,PE,207.7,207.7,205.3,205.3,205.3,2,14.88,21725,275,06-MAY-2024,
OPTSTK,MPHASIS,30-May-2024,2550.0,PE,0.0,0.0,0.0,245.95,256.5,0,0.0,275,0,06-MAY-2024,
OPTSTK,MPHASIS,30-May-2024,2600.0,PE,278.1,287.7,278.1,287.7,300.5,5,39.67,1925,-550,06-MAY-2024,
OPTSTK,MPHASIS,30-May-2024,2650.0,PE,0.0,0.0,0.0,307.6,346.2,0,0.0,825,0,06-MAY-2024,
OPTSTK,MPHASIS,30-May-2024,2700.0,PE,0.0,0.0,0.0,455.0,393.25,0,0.0,1925,0,06-MAY-2024,
OPTSTK,MPHASIS,30-May-2024,2750.0,PE,0.0,0.0,0.0,393.8,441.2,0,0.0,275,0,06-MAY-2024,
OPTSTK,MPHASIS,30-May-2024,2800.0,PE,0.0,0.0,0.0,520.0,489.8,0,0.0,275,0,06-MAY-2024,
OPTSTK,MPHASIS,27-Jun-2024,1900.0,CE,0.0,0.0,0.0,538.35,428.35,0,0.0,0,0,06-MAY-2024,
OPTSTK,MPHASIS,27-Jun-2024,2000.0,CE,0.0,0.0,0.0,453.45,341.1,0,0.0,0,0,06-MAY-2024,
OPTSTK,MPHASIS,27-Jun-2024,2050.0,CE,0.0,0.0,0.0,257.95,300.5,0,0.0,0,0,06-MAY-2024,
OPTSTK,MPHASIS,27-Jun-2024,2100.0,CE,0.0,0.0,0.0,375.15,262.4,0,0.0,0,0,06-MAY-2024,
OPTSTK,MPHASIS,27-Jun-2024,2150.0,CE,0.0,0.0,0.0,193.45,226.85,0,0.0,0,0,06-MAY-2024,
OPTSTK,MPHASIS,27-Jun-2024,2200.0,CE,0.0,0.0,0.0,304.65,194.35,0,0.0,0,0,06-MAY-2024,
OPTSTK,MPHASIS,27-Jun-2024,2250.0,CE,0.0,0.0,0.0,140.5,164.9,0,0.0,0,0,06-MAY-2024,
OPTSTK,MPHASIS,27-Jun-2024,2300.0,CE,0.0,0.0,0.0,242.9,138.55,0,0.0,0,0,06-MAY-2024,
OPTSTK,MPHASIS,27-Jun-2024,2350.0,CE,0.0,0.0,0.0,98.8,115.3,0,0.0,0,0,06-MAY-2024,
OPTSTK,MPHASIS,27-Jun-2024,2400.0,CE,0.0,0.0,0.0,190.15,95.0,0,0.0,0,0,06-MAY-2024,
OPTSTK,MPHASIS,27-Jun-2024,2450.0,CE,0.0,0.0,0.0,67.35,77.55,0,0.0,0,0,06-MAY-2024,
OPTSTK,MPHASIS,27-Jun-2024,2500.0,CE,0.0,0.0,0.0,146.2,62.7,0,0.0,0,0,06-MAY-2024,
OPTSTK,MPHASIS,27-Jun-2024,2550.0,CE,0.0,0.0,0.0,44.65,50.35,0,0.0,0,0,06-MAY-2024,
OPTSTK,MPHASIS,27-Jun-2024,2600.0,CE,0.0,0.0,0.0,110.5,39.95,0,0.0,0,0,06-MAY-2024,
OPTSTK,MPHASIS,27-Jun-2024,2700.0,CE,0.0,0.0,0.0,82.2,24.55,0,0.0,0,0,06-MAY-2024,
OPTSTK,MPHASIS,27-Jun-2024,1900.0,PE,0.0,0.0,0.0,16.35,9.6,0,0.0,0,0,06-MAY-2024,
OPTSTK,MPHASIS,27-Jun-2024,2000.0,PE,28.0,28.0,28.0,28.0,21.35,1,5.57,825,275,06-MAY-2024,
OPTSTK,MPHASIS,27-Jun-2024,2050.0,PE,0.0,0.0,0.0,52.95,30.2,0,0.0,0,0,06-MAY-2024,
OPTSTK,MPHASIS,27-Jun-2024,2100.0,PE,45.0,46.95,45.0,46.95,41.65,6,35.41,2475,550,06-MAY-2024,
OPTSTK,MPHASIS,27-Jun-2024,2150.0,PE,0.0,0.0,0.0,87.2,55.55,0,0.0,0,0,06-MAY-2024,
OPTSTK,MPHASIS,27-Jun-2024,2200.0,PE,68.95,76.35,67.8,76.35,72.5,8,49.97,3300,550,06-MAY-2024,
OPTSTK,MPHASIS,27-Jun-2024,2250.0,PE,0.0,0.0,0.0,132.95,92.55,0,0.0,0,0,06-MAY-2024,
OPTSTK,MPHASIS,27-Jun-2024,2300.0,PE,110.0,110.0,110.0,110.0,115.7,1,6.62,1100,275,06-MAY-2024,
OPTSTK,MPHASIS,27-Jun-2024,2350.0,PE,0.0,0.0,0.0,190.05,141.9,0,0.0,0,0,06-MAY-2024,
OPTSTK,MPHASIS,27-Jun-2024,2400.0,PE,0.0,0.0,0.0,159.2,171.1,0,0.0,0,0,06-MAY-2024,
OPTSTK,MPHASIS,27-Jun-2024,2450.0,PE,0.0,0.0,0.0,257.35,203.15,0,0.0,0,0,06-MAY-2024,
OPTSTK,MPHASIS,27-Jun-2024,2500.0,PE,0.0,0.0,0.0,213.5,237.8,0,0.0,0,0,06-MAY-2024,
OPTSTK,MPHASIS,27-Jun-2024,2550.0,PE,0.0,0.0,0.0,333.4,274.95,0,0.0,0,0,06-MAY-2024,
OPTSTK,MPHASIS,27-Jun-2024,2600.0,PE,0.0,0.0,0.0,276.0,314.0,0,0.0,0,0,06-MAY-2024,
OPTSTK,MPHASIS,27-Jun-2024,2700.0,PE,0.0,0.0,0.0,345.9,397.6,0,0.0,0,0,06-MAY-2024,
OPTSTK,MPHASIS,25-Jul-2024,1800.0,CE,0.0,0.0,0.0,480.3,537.55,0,0.0,0,0,06-MAY-2024,
OPTSTK,MPHASIS,25-Jul-2024,2000.0,CE,0.0,0.0,0.0,322.25,367.55,0,0.0,0,0,06-MAY-2024,
OPTSTK,MPHASIS,25-Jul-2024,2100.0,CE,0.0,0.0,0.0,255.7,293.95,0,0.0,0,0,06-MAY-2024,
OPTSTK,MPHASIS,25-Jul-2024,2200.0,CE,0.0,0.0,0.0,198.8,229.5,0,0.0,0,0,06-MAY-2024,
OPTSTK,MPHASIS,25-Jul-2024,2300.0,CE,0.0,0.0,0.0,151.4,175.15,0,0.0,0,0,06-MAY-2024,
OPTSTK,MPHASIS,25-Jul-2024,2400.0,CE,0.0,0.0,0.0,113.05,130.65,0,0.0,0,0,06-MAY-2024,
OPTSTK,MPHASIS,25-Jul-2024,2500.0,CE,0.0,0.0,0.0,82.85,95.3,0,0.0,0,0,06-MAY-2024,
OPTSTK,MPHASIS,25-Jul-2024,2600.0,CE,0.0,0.0,0.0,59.8,68.2,0,0.0,0,0,06-MAY-2024,
OPTSTK,MPHASIS,25-Jul-2024,2800.0,CE,0.0,0.0,0.0,29.55,32.85,0,0.0,0,0,06-MAY-2024,
OPTSTK,MPHASIS,25-Jul-2024,1800.0,PE,0.0,0.0,0.0,18.5,9.95,0,0.0,0,0,06-MAY-2024,
OPTSTK,MPHASIS,25-Jul-2024,2000.0,PE,0.0,0.0,0.0,56.85,36.8,0,0.0,0,0,06-MAY-2024,
OPTSTK,MPHASIS,25-Jul-2024,2100.0,PE,0.0,0.0,0.0,88.5,61.6,0,0.0,0,0,06-MAY-2024,
OPTSTK,MPHASIS,25-Jul-2024,2200.0,PE,0.0,0.0,0.0,129.75,95.6,0,0.0,0,0,06-MAY-2024,
OPTSTK,MPHASIS,25-Jul-2024,2300.0,PE,0.0,0.0,0.0,180.55,139.65,0,0.0,0,0,06-MAY-2024,
OPTSTK,MPHASIS,25-Jul-2024,2400.0,PE,0.0,0.0,0.0,240.4,193.55,0,0.0,0,0,06-MAY-2024,
OPTSTK,MPHASIS,25-Jul-2024,2500.0,PE,0.0,0.0,0.0,308.4,256.65,0,0.0,0,0,06-MAY-2024,
OPTSTK,MPHASIS,25-Jul-2024,2600.0,PE,0.0,0.0,0.0,383.55,327.95,0,0.0,0,0,06-MAY-2024,
OPTSTK,MPHASIS,25-Jul-2024,2800.0,PE,0.0,0.0,0.0,549.65,489.45,0,0.0,0,0,06-MAY-2024,
OPTSTK,MRF,30-May-2024,117000.0,CE,0.0,0.0,0.0,18236.85,10430.25,0,0.0,0,0,06-MAY-2024,
OPTSTK,MRF,30-May-2024,118000.0,CE,0.0,0.0,0.0,29759.25,9567.85,0,0.0,0,0,06-MAY-2024,
OPTSTK,MRF,30-May-2024,119000.0,CE,0.0,0.0,0.0,11517.7,8733.85,0,0.0,35,0,06-MAY-2024,
OPTSTK,MRF,30-May-2024,120000.0,CE,8460.0,9385.2,7126.7,7126.7,7931.75,6,38.39,70,-10,06-MAY-2024,
OPTSTK,MRF,30-May-2024,121000.0,CE,0.0,0.0,0.0,9777.15,7164.75,0,0.0,5,0,06-MAY-2024,
OPTSTK,MRF,30-May-2024,122000.0,CE,0.0,0.0,0.0,26080.15,6434.65,0,0.0,0,0,06-MAY-2024,
OPTSTK,MRF,30-May-2024,122500.0,CE,0.0,0.0,0.0,13778.0,6085.55,0,0.0,0,0,06-MAY-2024,
OPTSTK,MRF,30-May-2024,123000.0,CE,0.0,0.0,0.0,19001.2,5746.95,0,0.0,0,0,06-MAY-2024,
OPTSTK,MRF,30-May-2024,123500.0,CE,0.0,0.0,0.0,12997.9,5419.15,0,0.0,0,0,06-MAY-2024,
OPTSTK,MRF,30-May-2024,124000.0,CE,4768.2,5018.8,4768.2,5018.8,5102.35,6,38.66,30,30,06-MAY-2024,
OPTSTK,MRF,30-May-2024,124500.0,CE,4565.0,4757.95,4565.0,4757.95,4796.75,3,19.37,15,15,06-MAY-2024,
OPTSTK,MRF,30-May-2024,125000.0,CE,5000.0,5734.8,4100.0,4561.1,4561.1,310,2005.95,195,145,06-MAY-2024,
OPTSTK,MRF,30-May-2024,125500.0,CE,4750.0,4750.0,3902.55,4124.55,4219.6,35,226.81,70,60,06-MAY-2024,
OPTSTK,MRF,30-May-2024,126000.0,CE,4550.0,4600.0,3640.0,4053.9,4053.9,171,1110.92,155,155,06-MAY-2024,
OPTSTK,MRF,30-May-2024,126500.0,CE,4245.65,4245.65,3393.05,3921.65,3921.65,146,951.0,250,235,06-MAY-2024,
OPTSTK,MRF,30-May-2024,127000.0,CE,4878.15,4878.15,2655.85,3567.75,3567.75,670,4370.61,295,275,06-MAY-2024,
OPTSTK,MRF,30-May-2024,127500.0,CE,4637.9,4637.9,3000.0,3314.95,3314.95,148,969.78,210,190,06-MAY-2024,
OPTSTK,MRF,30-May-2024,128000.0,CE,4225.0,4278.15,2763.95,3114.4,3114.4,507,3330.9,885,290,06-MAY-2024,
OPTSTK,MRF,30-May-2024,128500.0,CE,4188.5,4188.5,2590.0,2955.25,2955.25,174,1147.4,490,130,06-MAY-2024,
OPTSTK,MRF,30-May-2024,129000.0,CE,3862.0,3933.1,2453.8,2703.25,2703.25,235,1551.65,590,205,06-MAY-2024,
OPTSTK,MRF,30-May-2024,129500.0,CE,3555.0,3555.0,2300.0,2540.35,2540.35,53,350.34,250,45,06-MAY-2024,
OPTSTK,MRF,30-May-2024,130000.0,CE,3450.05,3599.8,2078.65,2364.3,2364.3,1809,11984.85,5175,1525,06-MAY-2024,
OPTSTK,MRF,30-May-2024,130500.0,CE,2727.05,2850.0,1970.0,2248.6,2015.9,45,298.82,470,45,06-MAY-2024,
OPTSTK,MRF,30-May-2024,131000.0,CE,2799.75,2896.8,1844.5,2041.75,2041.75,172,1146.19,555,120,06-MAY-2024,
OPTSTK,MRF,30-May-2024,131500.0,CE,2276.75,2460.25,1712.6,1922.8,1922.8,27,180.18,185,40,06-MAY-2024,
OPTSTK,MRF,30-May-2024,132000.0,CE,2699.95,2699.95,1536.35,1787.5,1787.5,247,1654.34,530,-40,06-MAY-2024,
OPTSTK,MRF,30-May-2024,132500.0,CE,2000.0,2352.1,1434.8,1637.0,1637.0,31,208.18,185,-10,06-MAY-2024,
OPTSTK,MRF,30-May-2024,133000.0,CE,1993.05,2253.25,1340.75,1543.85,1543.85,113,761.28,330,-70,06-MAY-2024,
OPTSTK,MRF,30-May-2024,133500.0,CE,1820.55,1845.35,1266.15,1403.85,1403.85,22,148.57,60,15,06-MAY-2024,
OPTSTK,MRF,30-May-2024,134000.0,CE,2052.8,2052.8,1150.0,1303.6,1303.6,137,927.9,590,55,06-MAY-2024,
OPTSTK,MRF,30-May-2024,134500.0,CE,1675.75,1780.9,1106.5,1225.25,1225.25,50,339.65,155,40,06-MAY-2024,
OPTSTK,MRF,30-May-2024,135000.0,CE,1999.95,1999.95,979.95,1118.85,1118.85,1481,10088.63,5650,895,06-MAY-2024,
OPTSTK,MRF,30-May-2024,135500.0,CE,1599.2,1599.2,950.0,1059.95,1059.95,31,211.85,80,30,06-MAY-2024,
OPTSTK,MRF,30-May-2024,136000.0,CE,1450.05,1450.05,850.0,971.3,971.3,80,548.1,375,55,06-MAY-2024,
OPTSTK,MRF,30-May-2024,136500.0,CE,1230.0,1230.0,819.5,915.7,915.7,23,158.08,15,0,06-MAY-2024,
OPTSTK,MRF,30-May-2024,137000.0,CE,1050.0,1253.95,718.85,820.65,820.65,147,1013.44,345,40,06-MAY-2024,
OPTSTK,MRF,30-May-2024,137500.0,CE,1032.1,1032.1,675.0,783.2,783.2,26,179.78,170,15,06-MAY-2024,
OPTSTK,MRF,30-May-2024,138000.0,CE,900.0,1057.1,630.0,723.25,723.25,178,1235.34,445,-105,06-MAY-2024,
OPTSTK,MRF,30-May-2024,138500.0,CE,1052.65,1052.65,610.85,702.95,435.1,58,403.72,135,-10,06-MAY-2024,
OPTSTK,MRF,30-May-2024,139000.0,CE,887.95,887.95,566.35,638.6,638.6,45,314.23,85,50,06-MAY-2024,
OPTSTK,MRF,30-May-2024,139500.0,CE,920.25,920.25,559.0,609.45,348.15,56,392.36,185,65,06-MAY-2024,
OPTSTK,MRF,30-May-2024,140000.0,CE,1000.0,1000.0,478.0,547.3,547.3,1705,11988.94,7360,145,06-MAY-2024,
OPTSTK,MRF,30-May-2024,141000.0,CE,600.0,665.35,458.05,488.25,488.25,82,580.26,165,-70,06-MAY-2024,
OPTSTK,MRF,30-May-2024,142000.0,CE,603.05,670.15,400.0,442.3,442.3,105,748.14,280,-30,06-MAY-2024,
OPTSTK,MRF,30-May-2024,143000.0,CE,0.0,0.0,0.0,10194.6,151.1,0,0.0,0,0,06-MAY-2024,
OPTSTK,MRF,30-May-2024,144000.0,CE,478.95,533.15,340.0,367.0,117.25,93,671.4,310,55,06-MAY-2024,
OPTSTK,MRF,30-May-2024,145000.0,CE,513.15,513.15,297.0,343.85,343.85,1152,8373.3,6245,305,06-MAY-2024,
OPTSTK,MRF,30-May-2024,146000.0,CE,0.0,0.0,0.0,8585.05,69.2,0,0.0,0,0,06-MAY-2024,
OPTSTK,MRF,30-May-2024,148000.0,CE,402.65,402.65,250.0,275.0,275.0,319,2365.29,1095,-170,06-MAY-2024,
OPTSTK,MRF,30-May-2024,149000.0,CE,375.0,375.0,211.0,236.2,236.2,1647,12291.59,7550,1420,06-MAY-2024,
OPTSTK,MRF,30-May-2024,117000.0,PE,866.95,1646.15,810.0,1176.1,1176.1,1230,7279.15,2125,535,06-MAY-2024,
OPTSTK,MRF,30-May-2024,118000.0,PE,969.95,1503.0,925.3,1357.3,1357.3,236,1407.61,1090,85,06-MAY-2024,
OPTSTK,MRF,30-May-2024,119000.0,PE,1306.95,1690.35,1100.0,1546.55,1546.55,61,367.44,300,180,06-MAY-2024,
OPTSTK,MRF,30-May-2024,120000.0,PE,1350.0,2726.05,1153.0,1728.85,1728.85,2023,12336.15,3600,860,06-MAY-2024,
OPTSTK,MRF,30-May-2024,121000.0,PE,1385.4,2417.2,1385.4,1923.85,1173.25,67,412.19,100,-5,06-MAY-2024,
OPTSTK,MRF,30-May-2024,122000.0,PE,2129.4,2793.55,1661.55,2340.0,2340.0,80,497.23,265,70,06-MAY-2024,
OPTSTK,MRF,30-May-2024,122500.0,PE,0.0,0.0,0.0,1393.65,1587.1,0,0.0,0,0,06-MAY-2024,
OPTSTK,MRF,30-May-2024,123000.0,PE,2069.25,2761.95,1964.05,2661.2,2661.2,218,1367.84,620,315,06-MAY-2024,
OPTSTK,MRF,30-May-2024,123500.0,PE,0.0,0.0,0.0,1601.3,1916.1,0,0.0,0,0,06-MAY-2024,
OPTSTK,MRF,30-May-2024,124000.0,PE,2097.15,3752.7,2097.15,3034.7,2097.0,64,406.96,270,50,06-MAY-2024,
OPTSTK,MRF,30-May-2024,124500.0,PE,2624.5,2624.5,2624.5,2624.5,2289.05,1,6.35,5,5,06-MAY-2024,
OPTSTK,MRF,30-May-2024,125000.0,PE,3103.75,4775.4,2571.6,3407.9,3407.9,1252,8051.3,2065,-295,06-MAY-2024,
OPTSTK,MRF,30-May-2024,125500.0,PE,0.0,0.0,0.0,2879.75,2707.3,0,0.0,50,0,06-MAY-2024,
OPTSTK,MRF,30-May-2024,126000.0,PE,3200.0,5371.35,3075.3,3927.55,3927.55,295,1922.42,170,55,06-MAY-2024,
OPTSTK,MRF,30-May-2024,126500.0,PE,4175.15,5262.0,4020.5,4110.5,4110.5,78,511.69,110,75,06-MAY-2024,
OPTSTK,MRF,30-May-2024,127000.0,PE,4450.95,6077.65,3432.65,4457.6,4457.6,1460,9635.15,515,40,06-MAY-2024,
OPTSTK,MRF,30-May-2024,127500.0,PE,4706.1,5974.75,3663.4,4929.55,3681.3,79,521.6,100,75,06-MAY-2024,
OPTSTK,MRF,30-May-2024,128000.0,PE,4451.25,6200.0,3882.05,4978.9,4978.9,245,1625.22,385,-95,06-MAY-2024,
OPTSTK,MRF,30-May-2024,128500.0,PE,3667.4,4816.8,3667.4,4816.8,4237.15,17,112.89,110,0,06-MAY-2024,
OPTSTK,MRF,30-May-2024,129000.0,PE,4827.4,6566.6,4279.65,5492.6,4531.85,61,410.5,190,-20,06-MAY-2024,
OPTSTK,MRF,30-May-2024,129500.0,PE,5865.55,6089.95,4768.4,6089.95,6089.95,4,27.02,100,0,06-MAY-2024,
OPTSTK,MRF,30-May-2024,130000.0,PE,5867.3,7625.05,4974.9,6218.35,5153.75,139,947.43,1290,-160,06-MAY-2024,
OPTSTK,MRF,30-May-2024,130500.0,PE,0.0,0.0,0.0,5562.3,5480.55,0,0.0,225,0,06-MAY-2024,
OPTSTK,MRF,30-May-2024,131000.0,PE,5855.7,7606.1,5855.7,7606.1,5817.55,7,48.37,95,5,06-MAY-2024,
OPTSTK,MRF,30-May-2024,131500.0,PE,0.0,0.0,0.0,5722.15,6164.4,0,0.0,35,0,06-MAY-2024,
OPTSTK,MRF,30-May-2024,132000.0,PE,8532.35,8532.35,8177.2,8531.65,6520.85,8,56.15,45,35,06-MAY-2024,
OPTSTK,MRF,30-May-2024,132500.0,PE,0.0,0.0,0.0,6423.35,6886.5,0,0.0,25,0,06-MAY-2024,
OPTSTK,MRF,30-May-2024,133000.0,PE,9047.0,9398.15,8852.4,8852.4,7267.45,13,92.43,340,5,06-MAY-2024,
OPTSTK,MRF,30-May-2024,133500.0,PE,0.0,0.0,0.0,3632.95,7645.85,0,0.0,5,0,06-MAY-2024,
OPTSTK,MRF,30-May-2024,134000.0,PE,9900.0,10287.65,9900.0,10287.65,8037.2,3,21.62,100,10,06-MAY-2024,
OPTSTK,MRF,30-May-2024,134500.0,PE,0.0,0.0,0.0,3854.65,8436.25,0,0.0,30,0,06-MAY-2024,
OPTSTK,MRF,30-May-2024,135000.0,PE,9261.05,11109.15,8915.65,11109.15,8842.7,14,101.8,495,5,06-MAY-2024,
OPTSTK,MRF,30-May-2024,135500.0,PE,0.0,0.0,0.0,6015.75,9256.15,0,0.0,0,0,06-MAY-2024,
OPTSTK,MRF,30-May-2024,136000.0,PE,10383.85,10383.85,9439.55,9439.55,9676.2,9,65.66,55,40,06-MAY-2024,
OPTSTK,MRF,30-May-2024,136500.0,PE,10356.45,10356.45,10356.45,10356.45,10102.5,1,7.34,20,5,06-MAY-2024,
OPTSTK,MRF,30-May-2024,137000.0,PE,0.0,0.0,0.0,9959.15,10534.7,0,0.0,25,0,06-MAY-2024,
OPTSTK,MRF,30-May-2024,137500.0,PE,0.0,0.0,0.0,7123.85,10972.35,0,0.0,0,0,06-MAY-2024,
OPTSTK,MRF,30-May-2024,138000.0,PE,0.0,0.0,0.0,3469.65,11415.2,0,0.0,0,0,06-MAY-2024,
OPTSTK,MRF,30-May-2024,138500.0,PE,0.0,0.0,0.0,10699.45,11862.85,0,0.0,10,0,06-MAY-2024,
OPTSTK,MRF,30-May-2024,139000.0,PE,0.0,0.0,0.0,3794.4,12315.0,0,0.0,0,0,06-MAY-2024,
OPTSTK,MRF,30-May-2024,139500.0,PE,0.0,0.0,0.0,8334.9,12771.3,0,0.0,0,0,06-MAY-2024,
OPTSTK,MRF,30-May-2024,140000.0,PE,13775.0,15104.45,13775.0,14650.0,13231.45,12,92.84,370,50,06-MAY-2024,
OPTSTK,MRF,30-May-2024,141000.0,PE,0.0,0.0,0.0,4503.3,14162.2,0,0.0,0,0,06-MAY-2024,
OPTSTK,MRF,30-May-2024,142000.0,PE,0.0,0.0,0.0,11686.55,15105.1,0,0.0,20,0,06-MAY-2024,
OPTSTK,MRF,30-May-2024,143000.0,PE,0.0,0.0,0.0,5292.95,16058.15,0,0.0,0,0,06-MAY-2024,
OPTSTK,MRF,30-May-2024,144000.0,PE,0.0,0.0,0.0,5718.4,17019.65,0,0.0,0,0,06-MAY-2024,
OPTSTK,MRF,30-May-2024,145000.0,PE,0.0,0.0,0.0,6164.35,17988.15,0,0.0,0,0,06-MAY-2024,
OPTSTK,MRF,30-May-2024,146000.0,PE,0.0,0.0,0.0,6630.8,18962.35,0,0.0,0,0,06-MAY-2024,
OPTSTK,MRF,27-Jun-2024,117000.0,CE,0.0,0.0,0.0,21089.7,11907.95,0,0.0,0,0,06-MAY-2024,
OPTSTK,MRF,27-Jun-2024,118000.0,CE,0.0,0.0,0.0,18689.8,11132.15,0,0.0,0,0,06-MAY-2024,
OPTSTK,MRF,27-Jun-2024,119000.0,CE,0.0,0.0,0.0,17870.55,10386.4,0,0.0,0,0,06-MAY-2024,
OPTSTK,MRF,27-Jun-2024,120000.0,CE,0.0,0.0,0.0,17067.35,9661.15,0,0.0,0,0,06-MAY-2024,
OPTSTK,MRF,27-Jun-2024,121000.0,CE,0.0,0.0,0.0,16280.95,8959.9,0,0.0,0,0,06-MAY-2024,
OPTSTK,MRF,27-Jun-2024,122000.0,CE,0.0,0.0,0.0,15512.25,8292.95,0,0.0,0,0,06-MAY-2024,
OPTSTK,MRF,27-Jun-2024,122500.0,CE,0.0,0.0,0.0,10835.85,7970.55,0,0.0,0,0,06-MAY-2024,
OPTSTK,MRF,27-Jun-2024,123000.0,CE,0.0,0.0,0.0,14761.9,7655.7,0,0.0,0,0,06-MAY-2024,
OPTSTK,MRF,27-Jun-2024,123500.0,CE,0.0,0.0,0.0,10131.9,7348.4,0,0.0,0,0,06-MAY-2024,
OPTSTK,MRF,27-Jun-2024,124000.0,CE,0.0,0.0,0.0,14034.95,7048.75,0,0.0,0,0,06-MAY-2024,
OPTSTK,MRF,27-Jun-2024,124500.0,CE,0.0,0.0,0.0,9459.55,6756.85,0,0.0,0,0,06-MAY-2024,
OPTSTK,MRF,27-Jun-2024,125000.0,CE,0.0,0.0,0.0,13322.35,6472.7,0,0.0,0,0,06-MAY-2024,
OPTSTK,MRF,27-Jun-2024,125500.0,CE,0.0,0.0,0.0,8813.65,6196.3,0,0.0,0,0,06-MAY-2024,
OPTSTK,MRF,27-Jun-2024,126000.0,CE,7762.75,7762.75,6986.45,6986.45,5927.7,2,13.33,5,5,06-MAY-2024,
OPTSTK,MRF,27-Jun-2024,126500.0,CE,7455.6,7455.6,7455.6,7455.6,5666.9,1,6.69,5,5,06-MAY-2024,
OPTSTK,MRF,27-Jun-2024,127000.0,CE,0.0,0.0,0.0,11954.9,5413.85,0,0.0,0,0,06-MAY-2024,
OPTSTK,MRF,27-Jun-2024,127500.0,CE,0.0,0.0,0.0,7603.5,5168.1,0,0.0,0,0,06-MAY-2024,
OPTSTK,MRF,27-Jun-2024,128000.0,CE,0.0,0.0,0.0,11305.9,4930.55,0,0.0,0,0,06-MAY-2024,
OPTSTK,MRF,27-Jun-2024,128500.0,CE,6305.25,6305.25,6000.0,6000.0,4700.65,2,13.46,10,10,06-MAY-2024,
OPTSTK,MRF,27-Jun-2024,129000.0,CE,0.0,0.0,0.0,10678.55,4478.45,0,0.0,0,0,06-MAY-2024,
OPTSTK,MRF,27-Jun-2024,129500.0,CE,0.0,0.0,0.0,6504.25,4263.75,0,0.0,0,0,06-MAY-2024,
OPTSTK,MRF,27-Jun-2024,130000.0,CE,0.0,0.0,0.0,10073.05,4056.55,0,0.0,0,0,06-MAY-2024,
OPTSTK,MRF,27-Jun-2024,130500.0,CE,0.0,0.0,0.0,5996.5,3856.75,0,0.0,0,0,06-MAY-2024,
OPTSTK,MRF,27-Jun-2024,131000.0,CE,0.0,0.0,0.0,9489.7,3664.25,0,0.0,0,0,06-MAY-2024,
OPTSTK,MRF,27-Jun-2024,131500.0,CE,0.0,0.0,0.0,5515.95,3478.95,0,0.0,0,0,06-MAY-2024,
OPTSTK,MRF,27-Jun-2024,132000.0,CE,0.0,0.0,0.0,8928.6,3300.7,0,0.0,0,0,06-MAY-2024,
OPTSTK,MRF,27-Jun-2024,132500.0,CE,0.0,0.0,0.0,5063.4,3129.4,0,0.0,0,0,06-MAY-2024,
OPTSTK,MRF,27-Jun-2024,133000.0,CE,0.0,0.0,0.0,8389.75,2964.95,0,0.0,0,0,06-MAY-2024,
OPTSTK,MRF,27-Jun-2024,133500.0,CE,0.0,0.0,0.0,4637.9,2807.2,0,0.0,0,0,06-MAY-2024,
OPTSTK,MRF,27-Jun-2024,134000.0,CE,0.0,0.0,0.0,7873.25,2656.0,0,0.0,0,0,06-MAY-2024,
OPTSTK,MRF,27-Jun-2024,134500.0,CE,0.0,0.0,0.0,4239.0,2511.2,0,0.0,0,0,06-MAY-2024,
OPTSTK,MRF,27-Jun-2024,135000.0,CE,0.0,0.0,0.0,7378.45,2372.6,0,0.0,0,0,06-MAY-2024,
OPTSTK,MRF,27-Jun-2024,135500.0,CE,0.0,0.0,0.0,3865.95,2240.15,0,0.0,0,0,06-MAY-2024,
OPTSTK,MRF,27-Jun-2024,136000.0,CE,0.0,0.0,0.0,6906.2,2119.4,0,0.0,0,0,06-MAY-2024,
OPTSTK,MRF,27-Jun-2024,136500.0,CE,0.0,0.0,0.0,3518.15,1999.4,0,0.0,0,0,06-MAY-2024,
OPTSTK,MRF,27-Jun-2024,137000.0,CE,0.0,0.0,0.0,6455.8,1885.0,0,0.0,0,0,06-MAY-2024,
OPTSTK,MRF,27-Jun-2024,137500.0,CE,0.0,0.0,0.0,3194.65,1770.5,0,0.0,0,0,06-MAY-2024,
OPTSTK,MRF,27-Jun-2024,138000.0,CE,0.0,0.0,0.0,6027.0,1666.15,0,0.0,0,0,06-MAY-2024,
OPTSTK,MRF,27-Jun-2024,138500.0,CE,0.0,0.0,0.0,2894.7,1566.85,0,0.0,0,0,06-MAY-2024,
OPTSTK,MRF,27-Jun-2024,139000.0,CE,0.0,0.0,0.0,5619.35,1472.5,0,0.0,0,0,06-MAY-2024,
OPTSTK,MRF,27-Jun-2024,139500.0,CE,0.0,0.0,0.0,2617.25,1382.9,0,0.0,0,0,06-MAY-2024,
OPTSTK,MRF,27-Jun-2024,140000.0,CE,0.0,0.0,0.0,2310.0,1297.85,0,0.0,40,0,06-MAY-2024,
OPTSTK,MRF,27-Jun-2024,141000.0,CE,0.0,0.0,0.0,4866.1,1140.8,0,0.0,0,0,06-MAY-2024,
OPTSTK,MRF,27-Jun-2024,142000.0,CE,0.0,0.0,0.0,4519.55,1000.1,0,0.0,0,0,06-MAY-2024,
OPTSTK,MRF,27-Jun-2024,143000.0,CE,0.0,0.0,0.0,4192.3,874.35,0,0.0,0,0,06-MAY-2024,
OPTSTK,MRF,27-Jun-2024,144000.0,CE,0.0,0.0,0.0,3883.85,762.45,0,0.0,0,0,06-MAY-2024,
OPTSTK,MRF,27-Jun-2024,145000.0,CE,0.0,0.0,0.0,3593.5,663.1,0,0.0,0,0,06-MAY-2024,
OPTSTK,MRF,27-Jun-2024,146000.0,CE,0.0,0.0,0.0,3320.75,575.15,0,0.0,0,0,06-MAY-2024,
OPTSTK,MRF,27-Jun-2024,117000.0,PE,0.0,0.0,0.0,779.55,1268.9,0,0.0,0,0,06-MAY-2024,
OPTSTK,MRF,27-Jun-2024,118000.0,PE,0.0,0.0,0.0,1193.55,1482.8,0,0.0,0,0,06-MAY-2024,
OPTSTK,MRF,27-Jun-2024,119000.0,PE,0.0,0.0,0.0,1356.4,1726.75,0,0.0,0,0,06-MAY-2024,
OPTSTK,MRF,27-Jun-2024,120000.0,PE,0.0,0.0,0.0,1535.3,1991.2,0,0.0,0,0,06-MAY-2024,
OPTSTK,MRF,27-Jun-2024,121000.0,PE,0.0,0.0,0.0,1731.05,2279.65,0,0.0,0,0,06-MAY-2024,
OPTSTK,MRF,27-Jun-2024,122000.0,PE,0.0,0.0,0.0,1944.5,2602.4,0,0.0,0,0,06-MAY-2024,
OPTSTK,MRF,27-Jun-2024,122500.0,PE,0.0,0.0,0.0,2167.25,2774.85,0,0.0,0,0,06-MAY-2024,
OPTSTK,MRF,27-Jun-2024,123000.0,PE,0.0,0.0,0.0,2176.25,2954.8,0,0.0,0,0,06-MAY-2024,
OPTSTK,MRF,27-Jun-2024,123500.0,PE,0.0,0.0,0.0,2450.75,3142.4,0,0.0,0,0,06-MAY-2024,
OPTSTK,MRF,27-Jun-2024,124000.0,PE,0.0,0.0,0.0,1800.0,3337.6,0,0.0,10,0,06-MAY-2024,
OPTSTK,MRF,27-Jun-2024,124500.0,PE,0.0,0.0,0.0,2765.85,3540.55,0,0.0,0,0,06-MAY-2024,
OPTSTK,MRF,27-Jun-2024,125000.0,PE,4818.7,4859.25,4818.7,4859.25,3751.2,2,12.98,10,10,06-MAY-2024,
OPTSTK,MRF,27-Jun-2024,125500.0,PE,0.0,0.0,0.0,3107.45,3969.65,0,0.0,0,0,06-MAY-2024,
OPTSTK,MRF,27-Jun-2024,126000.0,PE,4000.0,5397.0,4000.0,5397.0,4195.9,3,19.63,35,10,06-MAY-2024,
OPTSTK,MRF,27-Jun-2024,126500.0,PE,0.0,0.0,0.0,3476.1,4429.95,0,0.0,0,0,06-MAY-2024,
OPTSTK,MRF,27-Jun-2024,127000.0,PE,0.0,0.0,0.0,3297.75,4671.75,0,0.0,0,0,06-MAY-2024,
OPTSTK,MRF,27-Jun-2024,127500.0,PE,0.0,0.0,0.0,3872.25,4920.85,0,0.0,0,0,06-MAY-2024,
OPTSTK,MRF,27-Jun-2024,128000.0,PE,0.0,0.0,0.0,3630.9,5178.15,0,0.0,0,0,06-MAY-2024,
OPTSTK,MRF,27-Jun-2024,128500.0,PE,0.0,0.0,0.0,4296.1,5443.15,0,0.0,0,0,06-MAY-2024,
OPTSTK,MRF,27-Jun-2024,129000.0,PE,0.0,0.0,0.0,3985.65,5715.75,0,0.0,0,0,06-MAY-2024,
OPTSTK,MRF,27-Jun-2024,129500.0,PE,0.0,0.0,0.0,4747.9,5995.9,0,0.0,0,0,06-MAY-2024,
OPTSTK,MRF,27-Jun-2024,130000.0,PE,5300.0,5300.0,5300.0,5300.0,6283.55,2,13.53,20,0,06-MAY-2024,
OPTSTK,MRF,27-Jun-2024,130500.0,PE,0.0,0.0,0.0,5227.6,6578.6,0,0.0,0,0,06-MAY-2024,
OPTSTK,MRF,27-Jun-2024,131000.0,PE,0.0,0.0,0.0,4761.05,6880.95,0,0.0,0,0,06-MAY-2024,
OPTSTK,MRF,27-Jun-2024,131500.0,PE,0.0,0.0,0.0,5734.5,7190.5,0,0.0,0,0,06-MAY-2024,
OPTSTK,MRF,27-Jun-2024,132000.0,PE,0.0,0.0,0.0,5182.1,7507.1,0,0.0,0,0,06-MAY-2024,
OPTSTK,MRF,27-Jun-2024,132500.0,PE,0.0,0.0,0.0,6269.4,7830.65,0,0.0,0,0,06-MAY-2024,
OPTSTK,MRF,27-Jun-2024,133000.0,PE,0.0,0.0,0.0,5625.4,8161.05,0,0.0,0,0,06-MAY-2024,
OPTSTK,MRF,27-Jun-2024,133500.0,PE,0.0,0.0,0.0,6831.4,8498.15,0,0.0,0,0,06-MAY-2024,
OPTSTK,MRF,27-Jun-2024,134000.0,PE,0.0,0.0,0.0,6091.0,8841.8,0,0.0,0,0,06-MAY-2024,
OPTSTK,MRF,27-Jun-2024,134500.0,PE,0.0,0.0,0.0,7419.9,9191.8,0,0.0,0,0,06-MAY-2024,
OPTSTK,MRF,27-Jun-2024,135000.0,PE,0.0,0.0,0.0,6578.35,9548.1,0,0.0,0,0,06-MAY-2024,
OPTSTK,MRF,27-Jun-2024,135500.0,PE,0.0,0.0,0.0,8034.35,9910.5,0,0.0,0,0,06-MAY-2024,
OPTSTK,MRF,27-Jun-2024,136000.0,PE,0.0,0.0,0.0,7088.2,10284.55,0,0.0,0,0,06-MAY-2024,
OPTSTK,MRF,27-Jun-2024,136500.0,PE,0.0,0.0,0.0,8674.0,10659.4,0,0.0,0,0,06-MAY-2024,
OPTSTK,MRF,27-Jun-2024,137000.0,PE,0.0,0.0,0.0,7619.95,11039.9,0,0.0,0,0,06-MAY-2024,
OPTSTK,MRF,27-Jun-2024,137500.0,PE,0.0,0.0,0.0,9338.0,11420.25,0,0.0,0,0,06-MAY-2024,
OPTSTK,MRF,27-Jun-2024,138000.0,PE,0.0,0.0,0.0,8173.25,11810.7,0,0.0,0,0,06-MAY-2024,
OPTSTK,MRF,27-Jun-2024,138500.0,PE,0.0,0.0,0.0,10025.45,12206.3,0,0.0,0,0,06-MAY-2024,
OPTSTK,MRF,27-Jun-2024,139000.0,PE,0.0,0.0,0.0,8747.75,12606.8,0,0.0,0,0,06-MAY-2024,
OPTSTK,MRF,27-Jun-2024,139500.0,PE,0.0,0.0,0.0,10735.5,13012.0,0,0.0,0,0,06-MAY-2024,
OPTSTK,MRF,27-Jun-2024,140000.0,PE,0.0,0.0,0.0,9343.1,13421.8,0,0.0,0,0,06-MAY-2024,
OPTSTK,MRF,27-Jun-2024,141000.0,PE,0.0,0.0,0.0,9958.75,14254.5,0,0.0,0,0,06-MAY-2024,
OPTSTK,MRF,27-Jun-2024,142000.0,PE,0.0,0.0,0.0,10594.3,15103.45,0,0.0,0,0,06-MAY-2024,
OPTSTK,MRF,27-Jun-2024,143000.0,PE,0.0,0.0,0.0,11249.2,15967.45,0,0.0,0,0,06-MAY-2024,
OPTSTK,MRF,27-Jun-2024,144000.0,PE,0.0,0.0,0.0,11922.85,16845.2,0,0.0,0,0,06-MAY-2024,
OPTSTK,MRF,27-Jun-2024,145000.0,PE,0.0,0.0,0.0,12614.7,17735.5,0,0.0,0,0,06-MAY-2024,
OPTSTK,MRF,27-Jun-2024,146000.0,PE,0.0,0.0,0.0,13324.05,18637.3,0,0.0,0,0,06-MAY-2024,
OPTSTK,MRF,25-Jul-2024,116000.0,CE,0.0,0.0,0.0,17078.25,13994.7,0,0.0,0,0,06-MAY-2024,
OPTSTK,MRF,25-Jul-2024,118000.0,CE,0.0,0.0,0.0,15498.1,12512.45,0,0.0,0,0,06-MAY-2024,
OPTSTK,MRF,25-Jul-2024,120000.0,CE,0.0,0.0,0.0,13991.8,11107.9,0,0.0,0,0,06-MAY-2024,
OPTSTK,MRF,25-Jul-2024,122000.0,CE,0.0,0.0,0.0,12568.1,9803.6,0,0.0,0,0,06-MAY-2024,
OPTSTK,MRF,25-Jul-2024,123000.0,CE,0.0,0.0,0.0,11881.2,9187.75,0,0.0,0,0,06-MAY-2024,
OPTSTK,MRF,25-Jul-2024,124000.0,CE,0.0,0.0,0.0,11221.55,8596.55,0,0.0,0,0,06-MAY-2024,
OPTSTK,MRF,25-Jul-2024,125000.0,CE,0.0,0.0,0.0,10584.0,8030.2,0,0.0,0,0,06-MAY-2024,
OPTSTK,MRF,25-Jul-2024,126000.0,CE,0.0,0.0,0.0,9969.05,7488.85,0,0.0,0,0,06-MAY-2024,
OPTSTK,MRF,25-Jul-2024,127000.0,CE,0.0,0.0,0.0,9376.85,6972.45,0,0.0,0,0,06-MAY-2024,
OPTSTK,MRF,25-Jul-2024,128000.0,CE,0.0,0.0,0.0,8807.65,6480.4,0,0.0,0,0,06-MAY-2024,
OPTSTK,MRF,25-Jul-2024,129000.0,CE,0.0,0.0,0.0,8261.55,6013.55,0,0.0,0,0,06-MAY-2024,
OPTSTK,MRF,25-Jul-2024,130000.0,CE,0.0,0.0,0.0,7738.5,5571.05,0,0.0,0,0,06-MAY-2024,
OPTSTK,MRF,25-Jul-2024,131000.0,CE,0.0,0.0,0.0,7237.95,5152.6,0,0.0,0,0,06-MAY-2024,
OPTSTK,MRF,25-Jul-2024,132000.0,CE,0.0,0.0,0.0,6760.8,4757.7,0,0.0,0,0,06-MAY-2024,
OPTSTK,MRF,25-Jul-2024,133000.0,CE,0.0,0.0,0.0,6306.3,4385.8,0,0.0,0,0,06-MAY-2024,
OPTSTK,MRF,25-Jul-2024,134000.0,CE,0.0,0.0,0.0,5874.2,4036.3,0,0.0,0,0,06-MAY-2024,
OPTSTK,MRF,25-Jul-2024,135000.0,CE,0.0,0.0,0.0,5464.1,3708.6,0,0.0,0,0,06-MAY-2024,
OPTSTK,MRF,25-Jul-2024,136000.0,CE,0.0,0.0,0.0,5075.55,3401.9,0,0.0,0,0,06-MAY-2024,
OPTSTK,MRF,25-Jul-2024,137000.0,CE,0.0,0.0,0.0,4708.15,3115.55,0,0.0,0,0,06-MAY-2024,
OPTSTK,MRF,25-Jul-2024,138000.0,CE,0.0,0.0,0.0,4361.35,2848.7,0,0.0,0,0,06-MAY-2024,
OPTSTK,MRF,25-Jul-2024,139000.0,CE,0.0,0.0,0.0,4034.55,2606.8,0,0.0,0,0,06-MAY-2024,
OPTSTK,MRF,25-Jul-2024,140000.0,CE,0.0,0.0,0.0,3727.1,2377.7,0,0.0,0,0,06-MAY-2024,
OPTSTK,MRF,25-Jul-2024,142000.0,CE,0.0,0.0,0.0,3167.9,1962.85,0,0.0,0,0,06-MAY-2024,
OPTSTK,MRF,25-Jul-2024,144000.0,CE,0.0,0.0,0.0,2685.45,1613.45,0,0.0,0,0,06-MAY-2024,
OPTSTK,MRF,25-Jul-2024,146000.0,CE,0.0,0.0,0.0,2255.85,1318.15,0,0.0,0,0,06-MAY-2024,
OPTSTK,MRF,25-Jul-2024,116000.0,PE,0.0,0.0,0.0,1350.6,1727.45,0,0.0,0,0,06-MAY-2024,
OPTSTK,MRF,25-Jul-2024,118000.0,PE,0.0,0.0,0.0,1734.35,2213.6,0,0.0,0,0,06-MAY-2024,
OPTSTK,MRF,25-Jul-2024,120000.0,PE,3542.9,3542.9,3542.9,3542.9,2777.45,1,6.17,5,5,06-MAY-2024,
OPTSTK,MRF,25-Jul-2024,122000.0,PE,0.0,0.0,0.0,2732.1,3441.55,0,0.0,0,0,06-MAY-2024,
OPTSTK,MRF,25-Jul-2024,123000.0,PE,0.0,0.0,0.0,3027.15,3809.9,0,0.0,0,0,06-MAY-2024,
OPTSTK,MRF,25-Jul-2024,124000.0,PE,0.0,0.0,0.0,3349.4,4202.9,0,0.0,0,0,06-MAY-2024,
OPTSTK,MRF,25-Jul-2024,125000.0,PE,5732.0,5732.0,5732.0,5732.0,4620.75,1,6.53,5,5,06-MAY-2024,
OPTSTK,MRF,25-Jul-2024,126000.0,PE,0.0,0.0,0.0,4060.8,5063.55,0,0.0,0,0,06-MAY-2024,
OPTSTK,MRF,25-Jul-2024,127000.0,PE,0.0,0.0,0.0,4450.55,5531.35,0,0.0,0,0,06-MAY-2024,
OPTSTK,MRF,25-Jul-2024,128000.0,PE,0.0,0.0,0.0,4863.3,6023.5,0,0.0,0,0,06-MAY-2024,
OPTSTK,MRF,25-Jul-2024,129000.0,PE,0.0,0.0,0.0,5299.1,6540.8,0,0.0,0,0,06-MAY-2024,
OPTSTK,MRF,25-Jul-2024,130000.0,PE,0.0,0.0,0.0,5758.0,7082.55,0,0.0,0,0,06-MAY-2024,
OPTSTK,MRF,25-Jul-2024,131000.0,PE,0.0,0.0,0.0,6239.4,7648.25,0,0.0,0,0,06-MAY-2024,
OPTSTK,MRF,25-Jul-2024,132000.0,PE,0.0,0.0,0.0,6744.2,8237.55,0,0.0,0,0,06-MAY-2024,
OPTSTK,MRF,25-Jul-2024,133000.0,PE,0.0,0.0,0.0,7271.65,8849.85,0,0.0,0,0,06-MAY-2024,
OPTSTK,MRF,25-Jul-2024,134000.0,PE,0.0,0.0,0.0,7821.5,9484.55,0,0.0,0,0,06-MAY-2024,
OPTSTK,MRF,25-Jul-2024,135000.0,PE,0.0,0.0,0.0,8393.3,10141.0,0,0.0,0,0,06-MAY-2024,
OPTSTK,MRF,25-Jul-2024,136000.0,PE,0.0,0.0,0.0,8986.7,10818.55,0,0.0,0,0,06-MAY-2024,
OPTSTK,MRF,25-Jul-2024,137000.0,PE,0.0,0.0,0.0,9601.25,11516.35,0,0.0,0,0,06-MAY-2024,
OPTSTK,MRF,25-Jul-2024,138000.0,PE,0.0,0.0,0.0,10236.35,12233.7,0,0.0,0,0,06-MAY-2024,
OPTSTK,MRF,25-Jul-2024,139000.0,PE,0.0,0.0,0.0,10891.5,12975.95,0,0.0,0,0,06-MAY-2024,
OPTSTK,MRF,25-Jul-2024,140000.0,PE,0.0,0.0,0.0,11566.05,13731.05,0,0.0,0,0,06-MAY-2024,
OPTSTK,MRF,25-Jul-2024,142000.0,PE,0.0,0.0,0.0,12970.7,15284.6,0,0.0,0,0,06-MAY-2024,
OPTSTK,MRF,25-Jul-2024,144000.0,PE,0.0,0.0,0.0,14452.15,16903.6,0,0.0,0,0,06-MAY-2024,
OPTSTK,MRF,25-Jul-2024,146000.0,PE,0.0,0.0,0.0,15986.4,18576.7,0,0.0,0,0,06-MAY-2024,
OPTSTK,MUTHOOTFIN,30-May-2024,1400.0,CE,0.0,0.0,0.0,225.0,281.65,0,0.0,1100,0,06-MAY-2024,
OPTSTK,MUTHOOTFIN,30-May-2024,1480.0,CE,0.0,0.0,0.0,222.6,205.4,0,0.0,0,0,06-MAY-2024,
OPTSTK,MUTHOOTFIN,30-May-2024,1500.0,CE,197.6,197.6,181.0,181.0,187.25,2,18.58,7700,-550,06-MAY-2024,
OPTSTK,MUTHOOTFIN,30-May-2024,1520.0,CE,184.55,185.05,157.5,158.1,158.1,9,83.62,2200,0,06-MAY-2024,
OPTSTK,MUTHOOTFIN,30-May-2024,1540.0,CE,164.3,164.3,138.3,140.55,140.55,9,83.31,3850,1100,06-MAY-2024,
OPTSTK,MUTHOOTFIN,30-May-2024,1560.0,CE,146.4,146.4,123.2,124.45,124.45,12,111.71,3300,2750,06-MAY-2024,
OPTSTK,MUTHOOTFIN,30-May-2024,1580.0,CE,129.95,130.0,108.9,110.8,110.8,14,130.48,4400,1650,06-MAY-2024,
OPTSTK,MUTHOOTFIN,30-May-2024,1600.0,CE,115.9,117.0,95.9,97.7,97.7,39,365.72,39050,3300,06-MAY-2024,
OPTSTK,MUTHOOTFIN,30-May-2024,1620.0,CE,101.95,101.95,101.95,101.95,92.85,2,18.94,7150,-550,06-MAY-2024,
OPTSTK,MUTHOOTFIN,30-May-2024,1640.0,CE,88.5,88.5,71.25,73.15,73.15,15,141.62,6600,0,06-MAY-2024,
OPTSTK,MUTHOOTFIN,30-May-2024,1660.0,CE,76.35,76.35,60.55,62.4,62.4,11,104.4,56100,2200,06-MAY-2024,
OPTSTK,MUTHOOTFIN,30-May-2024,1680.0,CE,67.0,67.0,52.1,53.5,53.5,37,353.81,32450,1650,06-MAY-2024,
OPTSTK,MUTHOOTFIN,30-May-2024,1700.0,CE,57.7,62.45,44.65,45.65,45.65,485,4676.38,188650,-21450,06-MAY-2024,
OPTSTK,MUTHOOTFIN,30-May-2024,1720.0,CE,53.0,53.35,37.5,38.45,38.45,170,1650.61,46750,-4950,06-MAY-2024,
OPTSTK,MUTHOOTFIN,30-May-2024,1740.0,CE,42.3,44.0,31.9,32.8,32.8,106,1035.83,95150,3850,06-MAY-2024,
OPTSTK,MUTHOOTFIN,30-May-2024,1760.0,CE,37.0,40.95,26.45,27.1,27.1,88,867.47,66000,-2200,06-MAY-2024,
OPTSTK,MUTHOOTFIN,30-May-2024,1780.0,CE,29.95,29.95,21.9,22.45,22.45,59,586.22,32450,7150,06-MAY-2024,
OPTSTK,MUTHOOTFIN,30-May-2024,1800.0,CE,27.55,27.55,17.9,18.85,18.85,604,6052.59,110550,13200,06-MAY-2024,
OPTSTK,MUTHOOTFIN,30-May-2024,1820.0,CE,18.95,20.7,15.05,15.1,15.1,15,151.64,13750,0,06-MAY-2024,
OPTSTK,MUTHOOTFIN,30-May-2024,1840.0,CE,19.35,19.35,12.3,12.55,12.55,58,591.78,43450,0,06-MAY-2024,
OPTSTK,MUTHOOTFIN,30-May-2024,1860.0,CE,12.9,14.1,10.0,10.5,10.5,60,617.84,53350,12650,06-MAY-2024,
OPTSTK,MUTHOOTFIN,30-May-2024,1880.0,CE,10.85,12.0,8.05,8.5,8.5,93,966.48,97900,-11000,06-MAY-2024,
OPTSTK,MUTHOOTFIN,30-May-2024,1920.0,CE,8.9,8.9,5.35,5.45,5.45,37,392.06,14300,6050,06-MAY-2024,
OPTSTK,MUTHOOTFIN,30-May-2024,1400.0,PE,2.1,4.45,2.1,3.9,3.9,176,1358.34,187000,20900,06-MAY-2024,
OPTSTK,MUTHOOTFIN,30-May-2024,1420.0,PE,0.0,0.0,0.0,3.8,1.25,0,0.0,9350,0,06-MAY-2024,
OPTSTK,MUTHOOTFIN,30-May-2024,1440.0,PE,0.0,0.0,0.0,3.6,1.95,0,0.0,11000,0,06-MAY-2024,
OPTSTK,MUTHOOTFIN,30-May-2024,1460.0,PE,5.0,9.0,4.8,6.85,6.85,102,822.61,33000,-4950,06-MAY-2024,
OPTSTK,MUTHOOTFIN,30-May-2024,1480.0,PE,6.9,7.0,3.1,6.5,4.15,10,81.72,11550,0,06-MAY-2024,
OPTSTK,MUTHOOTFIN,30-May-2024,1500.0,PE,7.2,14.5,7.15,12.7,12.7,183,1521.28,135850,15400,06-MAY-2024,
OPTSTK,MUTHOOTFIN,30-May-2024,1520.0,PE,10.5,14.25,10.15,13.2,13.2,59,497.02,20900,1100,06-MAY-2024,
OPTSTK,MUTHOOTFIN,30-May-2024,1540.0,PE,12.9,22.05,12.7,19.8,19.8,87,745.0,36300,14300,06-MAY-2024,
OPTSTK,MUTHOOTFIN,30-May-2024,1560.0,PE,15.95,24.4,15.95,22.5,22.5,67,582.04,19250,4400,06-MAY-2024,
OPTSTK,MUTHOOTFIN,30-May-2024,1580.0,PE,18.85,31.2,18.85,28.55,28.55,56,493.9,15400,-2750,06-MAY-2024,
OPTSTK,MUTHOOTFIN,30-May-2024,1600.0,PE,22.9,39.05,22.9,34.95,34.95,167,1497.58,116600,-7700,06-MAY-2024,
OPTSTK,MUTHOOTFIN,30-May-2024,1620.0,PE,29.5,34.65,29.5,34.65,31.0,5,45.4,14300,-550,06-MAY-2024,
OPTSTK,MUTHOOTFIN,30-May-2024,1640.0,PE,38.8,48.7,38.15,48.7,48.7,19,175.83,16500,0,06-MAY-2024,
OPTSTK,MUTHOOTFIN,30-May-2024,1660.0,PE,46.3,64.9,46.3,61.65,61.65,41,386.92,42900,-3300,06-MAY-2024,
OPTSTK,MUTHOOTFIN,30-May-2024,1680.0,PE,57.0,72.8,56.8,70.1,70.1,53,508.06,11000,1100,06-MAY-2024,
OPTSTK,MUTHOOTFIN,30-May-2024,1700.0,PE,62.0,87.5,61.95,84.55,84.55,94,915.83,85800,6600,06-MAY-2024,
OPTSTK,MUTHOOTFIN,30-May-2024,1720.0,PE,77.45,93.1,77.45,93.1,93.1,4,39.69,6050,1650,06-MAY-2024,
OPTSTK,MUTHOOTFIN,30-May-2024,1740.0,PE,90.6,90.6,90.6,90.6,91.9,1,10.06,40700,0,06-MAY-2024,
OPTSTK,MUTHOOTFIN,30-May-2024,1760.0,PE,100.0,107.4,100.0,107.4,105.65,7,71.67,7700,2750,06-MAY-2024,
OPTSTK,MUTHOOTFIN,30-May-2024,1780.0,PE,115.75,115.75,115.75,115.75,120.4,1,10.42,1650,0,06-MAY-2024,
OPTSTK,MUTHOOTFIN,30-May-2024,1800.0,PE,131.3,147.8,131.3,147.8,135.85,2,21.33,2750,0,06-MAY-2024,
OPTSTK,MUTHOOTFIN,30-May-2024,1820.0,PE,0.0,0.0,0.0,150.45,152.05,0,0.0,4400,0,06-MAY-2024,
OPTSTK,MUTHOOTFIN,30-May-2024,1840.0,PE,164.75,166.6,164.75,166.6,168.85,2,22.06,6600,550,06-MAY-2024,
OPTSTK,MUTHOOTFIN,30-May-2024,1860.0,PE,181.55,181.55,181.55,181.55,186.25,1,11.22,550,550,06-MAY-2024,
OPTSTK,MUTHOOTFIN,30-May-2024,1880.0,PE,0.0,0.0,0.0,183.85,204.1,0,0.0,1650,0,06-MAY-2024,
OPTSTK,MUTHOOTFIN,30-May-2024,1920.0,PE,0.0,0.0,0.0,582.35,241.0,0,0.0,0,0,06-MAY-2024,
OPTSTK,MUTHOOTFIN,27-Jun-2024,1480.0,CE,0.0,0.0,0.0,110.7,224.7,0,0.0,0,0,06-MAY-2024,
OPTSTK,MUTHOOTFIN,27-Jun-2024,1520.0,CE,0.0,0.0,0.0,91.85,192.6,0,0.0,0,0,06-MAY-2024,
OPTSTK,MUTHOOTFIN,27-Jun-2024,1540.0,CE,0.0,0.0,0.0,172.25,177.4,0,0.0,0,0,06-MAY-2024,
OPTSTK,MUTHOOTFIN,27-Jun-2024,1560.0,CE,0.0,0.0,0.0,75.5,162.95,0,0.0,0,0,06-MAY-2024,
OPTSTK,MUTHOOTFIN,27-Jun-2024,1580.0,CE,0.0,0.0,0.0,145.75,149.0,0,0.0,0,0,06-MAY-2024,
OPTSTK,MUTHOOTFIN,27-Jun-2024,1600.0,CE,0.0,0.0,0.0,61.5,135.85,0,0.0,0,0,06-MAY-2024,
OPTSTK,MUTHOOTFIN,27-Jun-2024,1620.0,CE,0.0,0.0,0.0,121.95,123.4,0,0.0,0,0,06-MAY-2024,
OPTSTK,MUTHOOTFIN,27-Jun-2024,1640.0,CE,0.0,0.0,0.0,49.6,111.7,0,0.0,0,0,06-MAY-2024,
OPTSTK,MUTHOOTFIN,27-Jun-2024,1660.0,CE,0.0,0.0,0.0,100.9,100.75,0,0.0,0,0,06-MAY-2024,
OPTSTK,MUTHOOTFIN,27-Jun-2024,1680.0,CE,0.0,0.0,0.0,39.75,90.55,0,0.0,0,0,06-MAY-2024,
OPTSTK,MUTHOOTFIN,27-Jun-2024,1700.0,CE,69.15,75.45,69.0,75.05,75.05,22,214.74,14850,11000,06-MAY-2024,
OPTSTK,MUTHOOTFIN,27-Jun-2024,1720.0,CE,0.0,0.0,0.0,31.5,72.35,0,0.0,0,0,06-MAY-2024,
OPTSTK,MUTHOOTFIN,27-Jun-2024,1740.0,CE,0.0,0.0,0.0,66.75,64.35,0,0.0,0,0,06-MAY-2024,
OPTSTK,MUTHOOTFIN,27-Jun-2024,1760.0,CE,0.0,0.0,0.0,24.8,57.0,0,0.0,0,0,06-MAY-2024,
OPTSTK,MUTHOOTFIN,27-Jun-2024,1780.0,CE,0.0,0.0,0.0,53.35,50.3,0,0.0,0,0,06-MAY-2024,
OPTSTK,MUTHOOTFIN,27-Jun-2024,1800.0,CE,0.0,0.0,0.0,19.35,44.25,0,0.0,0,0,06-MAY-2024,
OPTSTK,MUTHOOTFIN,27-Jun-2024,1820.0,CE,0.0,0.0,0.0,42.2,38.8,0,0.0,0,0,06-MAY-2024,
OPTSTK,MUTHOOTFIN,27-Jun-2024,1840.0,CE,0.0,0.0,0.0,15.0,33.95,0,0.0,0,0,06-MAY-2024,
OPTSTK,MUTHOOTFIN,27-Jun-2024,1860.0,CE,0.0,0.0,0.0,33.05,29.55,0,0.0,0,0,06-MAY-2024,
OPTSTK,MUTHOOTFIN,27-Jun-2024,1880.0,CE,34.3,36.05,34.3,36.05,25.65,2,21.06,2750,1100,06-MAY-2024,
OPTSTK,MUTHOOTFIN,27-Jun-2024,1920.0,CE,0.0,0.0,0.0,19.0,19.1,0,0.0,2200,0,06-MAY-2024,
OPTSTK,MUTHOOTFIN,27-Jun-2024,1480.0,PE,0.0,0.0,0.0,83.8,15.05,0,0.0,0,0,06-MAY-2024,
OPTSTK,MUTHOOTFIN,27-Jun-2024,1520.0,PE,0.0,0.0,0.0,104.25,22.55,0,0.0,0,0,06-MAY-2024,
OPTSTK,MUTHOOTFIN,27-Jun-2024,1540.0,PE,0.0,0.0,0.0,37.9,27.15,0,0.0,0,0,06-MAY-2024,
OPTSTK,MUTHOOTFIN,27-Jun-2024,1560.0,PE,0.0,0.0,0.0,127.2,32.45,0,0.0,0,0,06-MAY-2024,
OPTSTK,MUTHOOTFIN,27-Jun-2024,1580.0,PE,0.0,0.0,0.0,50.9,38.3,0,0.0,0,0,06-MAY-2024,
OPTSTK,MUTHOOTFIN,27-Jun-2024,1600.0,PE,0.0,0.0,0.0,61.0,44.95,0,0.0,4950,0,06-MAY-2024,
OPTSTK,MUTHOOTFIN,27-Jun-2024,1620.0,PE,0.0,0.0,0.0,66.6,52.3,0,0.0,0,0,06-MAY-2024,
OPTSTK,MUTHOOTFIN,27-Jun-2024,1640.0,PE,0.0,0.0,0.0,179.85,60.4,0,0.0,0,0,06-MAY-2024,
OPTSTK,MUTHOOTFIN,27-Jun-2024,1660.0,PE,0.0,0.0,0.0,85.05,69.25,0,0.0,0,0,06-MAY-2024,
OPTSTK,MUTHOOTFIN,27-Jun-2024,1680.0,PE,0.0,0.0,0.0,209.3,78.85,0,0.0,0,0,06-MAY-2024,
OPTSTK,MUTHOOTFIN,27-Jun-2024,1700.0,PE,118.4,118.4,118.4,118.4,89.2,1,10.0,8250,550,06-MAY-2024,
OPTSTK,MUTHOOTFIN,27-Jun-2024,1720.0,PE,0.0,0.0,0.0,240.35,100.25,0,0.0,0,0,06-MAY-2024,
OPTSTK,MUTHOOTFIN,27-Jun-2024,1740.0,PE,0.0,0.0,0.0,129.85,112.0,0,0.0,0,0,06-MAY-2024,
OPTSTK,MUTHOOTFIN,27-Jun-2024,1760.0,PE,0.0,0.0,0.0,272.9,124.45,0,0.0,0,0,06-MAY-2024,
OPTSTK,MUTHOOTFIN,27-Jun-2024,1780.0,PE,0.0,0.0,0.0,156.0,137.55,0,0.0,0,0,06-MAY-2024,
OPTSTK,MUTHOOTFIN,27-Jun-2024,1800.0,PE,0.0,0.0,0.0,306.75,151.3,0,0.0,0,0,06-MAY-2024,
OPTSTK,MUTHOOTFIN,27-Jun-2024,1820.0,PE,0.0,0.0,0.0,184.3,165.65,0,0.0,0,0,06-MAY-2024,
OPTSTK,MUTHOOTFIN,27-Jun-2024,1840.0,PE,0.0,0.0,0.0,341.65,180.6,0,0.0,0,0,06-MAY-2024,
OPTSTK,MUTHOOTFIN,27-Jun-2024,1860.0,PE,0.0,0.0,0.0,214.65,195.95,0,0.0,0,0,06-MAY-2024,
OPTSTK,MUTHOOTFIN,27-Jun-2024,1880.0,PE,0.0,0.0,0.0,305.65,211.85,0,0.0,0,0,06-MAY-2024,
OPTSTK,MUTHOOTFIN,27-Jun-2024,1920.0,PE,0.0,0.0,0.0,414.05,244.9,0,0.0,0,0,06-MAY-2024,
OPTSTK,MUTHOOTFIN,25-Jul-2024,1440.0,CE,0.0,0.0,0.0,265.9,275.3,0,0.0,0,0,06-MAY-2024,
OPTSTK,MUTHOOTFIN,25-Jul-2024,1520.0,CE,0.0,0.0,0.0,206.9,213.25,0,0.0,0,0,06-MAY-2024,
OPTSTK,MUTHOOTFIN,25-Jul-2024,1560.0,CE,0.0,0.0,0.0,180.4,185.25,0,0.0,0,0,06-MAY-2024,
OPTSTK,MUTHOOTFIN,25-Jul-2024,1600.0,CE,0.0,0.0,0.0,156.2,159.55,0,0.0,0,0,06-MAY-2024,
OPTSTK,MUTHOOTFIN,25-Jul-2024,1640.0,CE,0.0,0.0,0.0,134.25,136.3,0,0.0,0,0,06-MAY-2024,
OPTSTK,MUTHOOTFIN,25-Jul-2024,1680.0,CE,0.0,0.0,0.0,114.5,115.4,0,0.0,0,0,06-MAY-2024,
OPTSTK,MUTHOOTFIN,25-Jul-2024,1720.0,CE,0.0,0.0,0.0,97.0,96.85,0,0.0,0,0,06-MAY-2024,
OPTSTK,MUTHOOTFIN,25-Jul-2024,1760.0,CE,0.0,0.0,0.0,81.55,80.6,0,0.0,0,0,06-MAY-2024,
OPTSTK,MUTHOOTFIN,25-Jul-2024,1800.0,CE,0.0,0.0,0.0,68.1,66.55,0,0.0,0,0,06-MAY-2024,
OPTSTK,MUTHOOTFIN,25-Jul-2024,1840.0,CE,0.0,0.0,0.0,56.5,54.5,0,0.0,0,0,06-MAY-2024,
OPTSTK,MUTHOOTFIN,25-Jul-2024,1920.0,CE,0.0,0.0,0.0,38.15,35.75,0,0.0,0,0,06-MAY-2024,
OPTSTK,MUTHOOTFIN,25-Jul-2024,2000.0,CE,0.0,0.0,0.0,25.15,22.75,0,0.0,0,0,06-MAY-2024,
OPTSTK,MUTHOOTFIN,25-Jul-2024,1440.0,PE,0.0,0.0,0.0,24.85,18.15,0,0.0,0,0,06-MAY-2024,
OPTSTK,MUTHOOTFIN,25-Jul-2024,1520.0,PE,0.0,0.0,0.0,44.4,34.85,0,0.0,0,0,06-MAY-2024,
OPTSTK,MUTHOOTFIN,25-Jul-2024,1560.0,PE,0.0,0.0,0.0,57.15,46.15,0,0.0,0,0,06-MAY-2024,
OPTSTK,MUTHOOTFIN,25-Jul-2024,1600.0,PE,0.0,0.0,0.0,72.25,59.9,0,0.0,0,0,06-MAY-2024,
OPTSTK,MUTHOOTFIN,25-Jul-2024,1640.0,PE,0.0,0.0,0.0,89.55,75.95,0,0.0,0,0,06-MAY-2024,
OPTSTK,MUTHOOTFIN,25-Jul-2024,1680.0,PE,0.0,0.0,0.0,109.1,94.45,0,0.0,0,0,06-MAY-2024,
OPTSTK,MUTHOOTFIN,25-Jul-2024,1720.0,PE,0.0,0.0,0.0,130.85,115.25,0,0.0,0,0,06-MAY-2024,
OPTSTK,MUTHOOTFIN,25-Jul-2024,1760.0,PE,0.0,0.0,0.0,154.7,138.4,0,0.0,0,0,06-MAY-2024,
OPTSTK,MUTHOOTFIN,25-Jul-2024,1800.0,PE,0.0,0.0,0.0,180.55,163.7,0,0.0,0,0,06-MAY-2024,
OPTSTK,MUTHOOTFIN,25-Jul-2024,1840.0,PE,0.0,0.0,0.0,208.2,191.0,0,0.0,0,0,06-MAY-2024,
OPTSTK,MUTHOOTFIN,25-Jul-2024,1920.0,PE,0.0,0.0,0.0,268.45,251.0,0,0.0,0,0,06-MAY-2024,
OPTSTK,MUTHOOTFIN,25-Jul-2024,2000.0,PE,0.0,0.0,0.0,334.0,316.7,0,0.0,0,0,06-MAY-2024,
OPTSTK,NATIONALUM,30-May-2024,150.0,CE,0.0,0.0,0.0,40.05,34.3,0,0.0,30000,0,06-MAY-2024,
OPTSTK,NATIONALUM,30-May-2024,155.0,CE,0.0,0.0,0.0,33.5,29.75,0,0.0,15000,0,06-MAY-2024,
OPTSTK,NATIONALUM,30-May-2024,160.0,CE,21.8,22.1,21.8,22.1,25.45,2,13.64,210000,3750,06-MAY-2024,
OPTSTK,NATIONALUM,30-May-2024,165.0,CE,17.9,21.55,17.5,21.55,21.4,6,41.29,18750,15000,06-MAY-2024,
OPTSTK,NATIONALUM,30-May-2024,170.0,CE,18.1,19.5,13.6,17.25,17.25,54,378.62,543750,-37500,06-MAY-2024,
OPTSTK,NATIONALUM,30-May-2024,172.5,CE,16.25,16.65,12.55,15.7,15.7,10,70.19,18750,-7500,06-MAY-2024,
OPTSTK,NATIONALUM,30-May-2024,175.0,CE,11.35,15.9,10.6,13.85,13.85,22,155.31,168750,7500,06-MAY-2024,
OPTSTK,NATIONALUM,30-May-2024,177.5,CE,10.55,13.3,9.3,12.25,12.25,31,219.04,45000,11250,06-MAY-2024,
OPTSTK,NATIONALUM,30-May-2024,180.0,CE,12.5,12.55,7.85,11.05,11.05,606,4315.64,1181250,-195000,06-MAY-2024,
OPTSTK,NATIONALUM,30-May-2024,182.5,CE,12.15,12.15,6.9,9.6,9.6,180,1289.97,236250,168750,06-MAY-2024,
OPTSTK,NATIONALUM,30-May-2024,185.0,CE,9.85,10.5,6.0,8.4,8.4,1059,7672.08,1743750,202500,06-MAY-2024,
OPTSTK,NATIONALUM,30-May-2024,187.5,CE,8.8,9.05,5.15,7.3,7.3,350,2552.27,1526250,-22500,06-MAY-2024,
OPTSTK,NATIONALUM,30-May-2024,190.0,CE,7.75,8.1,4.4,6.3,6.3,1238,9094.2,4650000,206250,06-MAY-2024,
OPTSTK,NATIONALUM,30-May-2024,192.5,CE,6.7,6.9,3.65,5.45,5.45,207,1533.38,1136250,3750,06-MAY-2024,
OPTSTK,NATIONALUM,30-May-2024,195.0,CE,5.7,6.05,3.15,4.65,4.65,513,3836.1,1841250,-82500,06-MAY-2024,
OPTSTK,NATIONALUM,30-May-2024,197.5,CE,4.9,4.9,2.75,3.95,3.95,85,641.73,273750,30000,06-MAY-2024,
OPTSTK,NATIONALUM,30-May-2024,200.0,CE,4.1,4.5,2.3,3.35,3.35,1215,9261.0,4477500,-90000,06-MAY-2024,
OPTSTK,NATIONALUM,30-May-2024,202.5,CE,3.4,3.4,1.95,2.8,2.8,79,608.11,172500,63750,06-MAY-2024,
OPTSTK,NATIONALUM,30-May-2024,205.0,CE,2.8,2.85,1.6,2.4,2.4,229,1779.45,1605000,-30000,06-MAY-2024,
OPTSTK,NATIONALUM,30-May-2024,210.0,CE,2.3,2.3,1.1,1.7,1.7,701,5560.6,2782500,-26250,06-MAY-2024,
OPTSTK,NATIONALUM,30-May-2024,140.0,PE,0.35,0.35,0.25,0.25,0.15,14,73.65,645000,-3750,06-MAY-2024,
OPTSTK,NATIONALUM,30-May-2024,145.0,PE,0.4,0.45,0.4,0.45,0.45,7,38.17,52500,0,06-MAY-2024,
OPTSTK,NATIONALUM,30-May-2024,150.0,PE,0.5,0.75,0.4,0.5,0.5,154,869.61,1087500,-82500,06-MAY-2024,
OPTSTK,NATIONALUM,30-May-2024,155.0,PE,0.85,1.1,0.65,0.75,0.75,35,204.56,247500,52500,06-MAY-2024,
OPTSTK,NATIONALUM,30-May-2024,157.5,PE,1.1,1.25,0.85,0.9,0.9,23,136.75,41250,-3750,06-MAY-2024,
OPTSTK,NATIONALUM,30-May-2024,160.0,PE,1.1,1.9,1.0,1.15,1.15,266,1609.37,1507500,-15000,06-MAY-2024,
OPTSTK,NATIONALUM,30-May-2024,162.5,PE,1.35,2.1,1.35,1.4,2.1,58,357.0,225000,11250,06-MAY-2024,
OPTSTK,NATIONALUM,30-May-2024,165.0,PE,1.65,2.95,1.65,1.8,1.8,146,914.91,656250,67500,06-MAY-2024,
OPTSTK,NATIONALUM,30-May-2024,167.5,PE,2.05,3.45,2.0,2.3,2.3,51,325.32,112500,26250,06-MAY-2024,
OPTSTK,NATIONALUM,30-May-2024,170.0,PE,2.7,4.4,2.45,2.95,2.95,456,2962.28,2321250,187500,06-MAY-2024,
OPTSTK,NATIONALUM,30-May-2024,172.5,PE,3.2,5.3,3.1,3.55,3.55,109,721.39,90000,-15000,06-MAY-2024,
OPTSTK,NATIONALUM,30-May-2024,175.0,PE,4.1,6.35,3.65,4.45,4.45,526,3547.1,1672500,142500,06-MAY-2024,
OPTSTK,NATIONALUM,30-May-2024,177.5,PE,4.55,7.5,4.35,5.3,5.3,132,907.47,172500,63750,06-MAY-2024,
OPTSTK,NATIONALUM,30-May-2024,180.0,PE,5.9,8.85,5.2,6.45,6.45,761,5334.46,2073750,-30000,06-MAY-2024,
OPTSTK,NATIONALUM,30-May-2024,182.5,PE,6.4,10.2,6.4,7.6,7.6,260,1857.72,397500,187500,06-MAY-2024,
OPTSTK,NATIONALUM,30-May-2024,185.0,PE,8.05,11.8,7.25,8.9,8.9,425,3097.78,1387500,-3750,06-MAY-2024,
OPTSTK,NATIONALUM,30-May-2024,187.5,PE,9.0,12.95,8.65,10.25,10.25,88,653.03,322500,11250,06-MAY-2024,
OPTSTK,NATIONALUM,30-May-2024,190.0,PE,10.5,14.55,9.95,11.8,11.8,249,1882.46,1380000,-82500,06-MAY-2024,
OPTSTK,NATIONALUM,30-May-2024,192.5,PE,12.4,16.9,12.3,13.3,14.65,15,116.47,90000,3750,06-MAY-2024,
OPTSTK,NATIONALUM,30-May-2024,195.0,PE,14.1,18.2,13.5,13.5,16.3,10,79.17,217500,7500,06-MAY-2024,
OPTSTK,NATIONALUM,30-May-2024,197.5,PE,17.1,17.15,16.65,17.15,18.1,3,24.12,86250,-7500,06-MAY-2024,
OPTSTK,NATIONALUM,30-May-2024,200.0,PE,16.9,22.55,16.7,18.4,18.4,14,115.03,671250,3750,06-MAY-2024,
OPTSTK,NATIONALUM,30-May-2024,202.5,PE,19.65,24.05,19.65,23.45,21.9,4,33.75,33750,7500,06-MAY-2024,
OPTSTK,NATIONALUM,30-May-2024,205.0,PE,0.0,0.0,0.0,20.9,23.9,0,0.0,93750,0,06-MAY-2024,
OPTSTK,NATIONALUM,30-May-2024,210.0,PE,0.0,0.0,0.0,26.0,28.05,0,0.0,243750,0,06-MAY-2024,
OPTSTK,NATIONALUM,27-Jun-2024,165.0,CE,0.0,0.0,0.0,11.75,25.4,0,0.0,0,0,06-MAY-2024,
OPTSTK,NATIONALUM,27-Jun-2024,170.0,CE,0.0,0.0,0.0,25.3,22.15,0,0.0,7500,0,06-MAY-2024,
OPTSTK,NATIONALUM,27-Jun-2024,172.5,CE,0.0,0.0,0.0,25.95,20.6,0,0.0,0,0,06-MAY-2024,
OPTSTK,NATIONALUM,27-Jun-2024,175.0,CE,0.0,0.0,0.0,8.65,19.15,0,0.0,0,0,06-MAY-2024,
OPTSTK,NATIONALUM,27-Jun-2024,177.5,CE,0.0,0.0,0.0,22.9,17.75,0,0.0,0,0,06-MAY-2024,
OPTSTK,NATIONALUM,27-Jun-2024,180.0,CE,18.15,19.5,15.3,18.6,16.45,9,66.67,30000,30000,06-MAY-2024,
OPTSTK,NATIONALUM,27-Jun-2024,182.5,CE,0.0,0.0,0.0,20.1,15.2,0,0.0,0,0,06-MAY-2024,
OPTSTK,NATIONALUM,27-Jun-2024,185.0,CE,0.0,0.0,0.0,14.8,14.0,0,0.0,7500,0,06-MAY-2024,
OPTSTK,NATIONALUM,27-Jun-2024,187.5,CE,0.0,0.0,0.0,17.6,12.9,0,0.0,0,0,06-MAY-2024,
OPTSTK,NATIONALUM,27-Jun-2024,190.0,CE,13.0,14.65,13.0,13.5,13.5,35,267.13,180000,11250,06-MAY-2024,
OPTSTK,NATIONALUM,27-Jun-2024,192.5,CE,0.0,0.0,0.0,15.3,10.9,0,0.0,0,0,06-MAY-2024,
OPTSTK,NATIONALUM,27-Jun-2024,195.0,CE,10.7,10.7,10.4,10.4,9.95,3,23.13,7500,7500,06-MAY-2024,
OPTSTK,NATIONALUM,27-Jun-2024,197.5,CE,0.0,0.0,0.0,13.25,9.1,0,0.0,0,0,06-MAY-2024,
OPTSTK,NATIONALUM,27-Jun-2024,200.0,CE,9.6,11.6,9.6,10.4,10.4,25,196.99,225000,30000,06-MAY-2024,
OPTSTK,NATIONALUM,27-Jun-2024,202.5,CE,0.0,0.0,0.0,11.4,7.6,0,0.0,0,0,06-MAY-2024,
OPTSTK,NATIONALUM,27-Jun-2024,205.0,CE,0.0,0.0,0.0,4.9,6.9,0,0.0,0,0,06-MAY-2024,
OPTSTK,NATIONALUM,27-Jun-2024,210.0,CE,5.0,7.5,5.0,7.5,5.75,3,24.37,26250,3750,06-MAY-2024,
OPTSTK,NATIONALUM,27-Jun-2024,165.0,PE,0.0,0.0,0.0,21.25,5.65,0,0.0,0,0,06-MAY-2024,
OPTSTK,NATIONALUM,27-Jun-2024,170.0,PE,7.8,8.15,7.4,8.15,8.15,24,159.96,195000,52500,06-MAY-2024,
OPTSTK,NATIONALUM,27-Jun-2024,172.5,PE,0.0,0.0,0.0,8.0,8.25,0,0.0,0,0,06-MAY-2024,
OPTSTK,NATIONALUM,27-Jun-2024,175.0,PE,0.0,0.0,0.0,9.3,9.3,0,0.0,67500,0,06-MAY-2024,
OPTSTK,NATIONALUM,27-Jun-2024,177.5,PE,0.0,0.0,0.0,9.9,10.35,0,0.0,0,0,06-MAY-2024,
OPTSTK,NATIONALUM,27-Jun-2024,180.0,PE,12.1,12.6,11.9,12.5,11.5,16,115.32,105000,22500,06-MAY-2024,
OPTSTK,NATIONALUM,27-Jun-2024,182.5,PE,0.0,0.0,0.0,12.05,12.75,0,0.0,0,0,06-MAY-2024,
OPTSTK,NATIONALUM,27-Jun-2024,185.0,PE,0.0,0.0,0.0,10.55,14.05,0,0.0,7500,0,06-MAY-2024,
OPTSTK,NATIONALUM,27-Jun-2024,187.5,PE,0.0,0.0,0.0,14.45,15.4,0,0.0,0,0,06-MAY-2024,
OPTSTK,NATIONALUM,27-Jun-2024,190.0,PE,0.0,0.0,0.0,39.4,16.85,0,0.0,0,0,06-MAY-2024,
OPTSTK,NATIONALUM,27-Jun-2024,192.5,PE,0.0,0.0,0.0,17.1,18.35,0,0.0,0,0,06-MAY-2024,
OPTSTK,NATIONALUM,27-Jun-2024,195.0,PE,0.0,0.0,0.0,43.45,19.9,0,0.0,0,0,06-MAY-2024,
OPTSTK,NATIONALUM,27-Jun-2024,197.5,PE,0.0,0.0,0.0,20.0,21.55,0,0.0,0,0,06-MAY-2024,
OPTSTK,NATIONALUM,27-Jun-2024,200.0,PE,0.0,0.0,0.0,20.0,23.2,0,0.0,26250,0,06-MAY-2024,
OPTSTK,NATIONALUM,27-Jun-2024,202.5,PE,0.0,0.0,0.0,23.1,24.95,0,0.0,0,0,06-MAY-2024,
OPTSTK,NATIONALUM,27-Jun-2024,205.0,PE,0.0,0.0,0.0,44.75,26.75,0,0.0,0,0,06-MAY-2024,
OPTSTK,NATIONALUM,27-Jun-2024,210.0,PE,0.0,0.0,0.0,56.4,30.5,0,0.0,0,0,06-MAY-2024,
OPTSTK,NATIONALUM,25-Jul-2024,170.0,CE,0.0,0.0,0.0,30.85,25.65,0,0.0,0,0,06-MAY-2024,
OPTSTK,NATIONALUM,25-Jul-2024,175.0,CE,0.0,0.0,0.0,27.85,22.8,0,0.0,0,0,06-MAY-2024,
OPTSTK,NATIONALUM,25-Jul-2024,180.0,CE,0.0,0.0,0.0,25.05,20.2,0,0.0,0,0,06-MAY-2024,
OPTSTK,NATIONALUM,25-Jul-2024,185.0,CE,0.0,0.0,0.0,22.5,17.8,0,0.0,0,0,06-MAY-2024,
OPTSTK,NATIONALUM,25-Jul-2024,190.0,CE,0.0,0.0,0.0,20.1,15.65,0,0.0,0,0,06-MAY-2024,
OPTSTK,NATIONALUM,25-Jul-2024,195.0,CE,0.0,0.0,0.0,17.95,13.7,0,0.0,0,0,06-MAY-2024,
OPTSTK,NATIONALUM,25-Jul-2024,200.0,CE,0.0,0.0,0.0,15.95,11.95,0,0.0,0,0,06-MAY-2024,
OPTSTK,NATIONALUM,25-Jul-2024,205.0,CE,0.0,0.0,0.0,14.15,10.4,0,0.0,0,0,06-MAY-2024,
OPTSTK,NATIONALUM,25-Jul-2024,210.0,CE,0.0,0.0,0.0,12.55,9.0,0,0.0,0,0,06-MAY-2024,
OPTSTK,NATIONALUM,25-Jul-2024,170.0,PE,0.0,0.0,0.0,9.5,9.9,0,0.0,0,0,06-MAY-2024,
OPTSTK,NATIONALUM,25-Jul-2024,175.0,PE,0.0,0.0,0.0,11.45,12.0,0,0.0,0,0,06-MAY-2024,
OPTSTK,NATIONALUM,25-Jul-2024,180.0,PE,0.0,0.0,0.0,13.55,14.3,0,0.0,0,0,06-MAY-2024,
OPTSTK,NATIONALUM,25-Jul-2024,185.0,PE,0.0,0.0,0.0,15.9,16.85,0,0.0,0,0,06-MAY-2024,
OPTSTK,NATIONALUM,25-Jul-2024,190.0,PE,0.0,0.0,0.0,18.45,19.6,0,0.0,0,0,06-MAY-2024,
OPTSTK,NATIONALUM,25-Jul-2024,195.0,PE,0.0,0.0,0.0,21.15,22.6,0,0.0,0,0,06-MAY-2024,
OPTSTK,NATIONALUM,25-Jul-2024,200.0,PE,0.0,0.0,0.0,24.1,25.75,0,0.0,0,0,06-MAY-2024,
OPTSTK,NATIONALUM,25-Jul-2024,205.0,PE,0.0,0.0,0.0,27.2,29.1,0,0.0,0,0,06-MAY-2024,
OPTSTK,NATIONALUM,25-Jul-2024,210.0,PE,0.0,0.0,0.0,30.5,32.65,0,0.0,0,0,06-MAY-2024,
OPTSTK,NAUKRI,30-May-2024,5100.0,CE,0.0,0.0,0.0,528.2,919.9,0,0.0,0,0,06-MAY-2024,
OPTSTK,NAUKRI,30-May-2024,5200.0,CE,0.0,0.0,0.0,599.0,826.6,0,0.0,150,0,06-MAY-2024,
OPTSTK,NAUKRI,30-May-2024,5300.0,CE,0.0,0.0,0.0,763.15,736.1,0,0.0,0,0,06-MAY-2024,
OPTSTK,NAUKRI,30-May-2024,5350.0,CE,0.0,0.0,0.0,505.0,692.15,0,0.0,0,0,06-MAY-2024,
OPTSTK,NAUKRI,30-May-2024,5400.0,CE,0.0,0.0,0.0,442.0,649.15,0,0.0,150,0,06-MAY-2024,
OPTSTK,NAUKRI,30-May-2024,5450.0,CE,0.0,0.0,0.0,659.25,607.25,0,0.0,450,0,06-MAY-2024,
OPTSTK,NAUKRI,30-May-2024,5500.0,CE,0.0,0.0,0.0,336.1,566.5,0,0.0,0,0,06-MAY-2024,
OPTSTK,NAUKRI,30-May-2024,5550.0,CE,0.0,0.0,0.0,392.5,527.0,0,0.0,0,0,06-MAY-2024,
OPTSTK,NAUKRI,30-May-2024,5600.0,CE,0.0,0.0,0.0,415.0,488.9,0,0.0,450,0,06-MAY-2024,
OPTSTK,NAUKRI,30-May-2024,5650.0,CE,0.0,0.0,0.0,343.25,452.35,0,0.0,0,0,06-MAY-2024,
OPTSTK,NAUKRI,30-May-2024,5700.0,CE,0.0,0.0,0.0,480.0,416.9,0,0.0,4050,0,06-MAY-2024,
OPTSTK,NAUKRI,30-May-2024,5750.0,CE,0.0,0.0,0.0,374.0,383.3,0,0.0,600,0,06-MAY-2024,
OPTSTK,NAUKRI,30-May-2024,5800.0,CE,364.25,364.25,364.25,364.25,351.35,1,9.24,4200,0,06-MAY-2024,
OPTSTK,NAUKRI,30-May-2024,5850.0,CE,0.0,0.0,0.0,297.0,321.05,0,0.0,450,0,06-MAY-2024,
OPTSTK,NAUKRI,30-May-2024,5900.0,CE,289.7,293.7,289.7,293.05,293.05,4,37.14,6600,300,06-MAY-2024,
OPTSTK,NAUKRI,30-May-2024,5950.0,CE,284.1,284.1,250.0,251.0,251.0,6,55.91,1650,150,06-MAY-2024,
OPTSTK,NAUKRI,30-May-2024,6000.0,CE,247.25,281.1,220.95,228.05,228.05,167,1566.79,38700,0,06-MAY-2024,
OPTSTK,NAUKRI,30-May-2024,6050.0,CE,222.1,250.4,200.05,202.25,202.25,52,489.24,9300,900,06-MAY-2024,
OPTSTK,NAUKRI,30-May-2024,6100.0,CE,212.0,225.05,176.8,181.05,181.05,293,2768.78,34200,3600,06-MAY-2024,
OPTSTK,NAUKRI,30-May-2024,6150.0,CE,163.55,180.0,163.55,166.8,174.55,8,75.87,4500,0,06-MAY-2024,
OPTSTK,NAUKRI,30-May-2024,6200.0,CE,175.0,186.55,140.05,142.8,142.8,124,1181.03,30750,-6300,06-MAY-2024,
OPTSTK,NAUKRI,30-May-2024,6250.0,CE,138.7,140.3,135.5,139.2,138.8,11,105.41,5250,1650,06-MAY-2024,
OPTSTK,NAUKRI,30-May-2024,6300.0,CE,127.95,141.3,109.85,112.65,112.65,40,385.56,15750,900,06-MAY-2024,
OPTSTK,NAUKRI,30-May-2024,6350.0,CE,0.0,0.0,0.0,136.7,108.9,0,0.0,900,0,06-MAY-2024,
OPTSTK,NAUKRI,30-May-2024,6400.0,CE,100.95,107.0,96.2,102.8,96.25,10,97.54,6750,-150,06-MAY-2024,
OPTSTK,NAUKRI,30-May-2024,6450.0,CE,80.0,86.35,80.0,86.35,84.45,3,29.39,2250,-300,06-MAY-2024,
OPTSTK,NAUKRI,30-May-2024,6500.0,CE,78.8,89.65,64.8,66.55,66.55,189,1864.11,38700,300,06-MAY-2024,
OPTSTK,NAUKRI,30-May-2024,6550.0,CE,0.0,0.0,0.0,93.6,64.55,0,0.0,900,0,06-MAY-2024,
OPTSTK,NAUKRI,30-May-2024,6600.0,CE,56.0,58.6,52.8,52.8,52.8,4,39.93,8100,150,06-MAY-2024,
OPTSTK,NAUKRI,30-May-2024,6700.0,CE,39.4,49.0,39.4,40.0,42.15,9,91.03,9900,450,06-MAY-2024,
OPTSTK,NAUKRI,30-May-2024,6750.0,CE,0.0,0.0,0.0,47.0,36.35,0,0.0,3750,0,06-MAY-2024,
OPTSTK,NAUKRI,30-May-2024,6800.0,CE,35.7,35.7,26.4,26.4,31.2,3,30.73,4500,-150,06-MAY-2024,
OPTSTK,NAUKRI,30-May-2024,6900.0,CE,24.5,25.0,23.55,23.65,22.85,12,124.63,3600,450,06-MAY-2024,
OPTSTK,NAUKRI,30-May-2024,7000.0,CE,17.4,22.0,14.9,15.3,15.3,93,978.95,47100,3900,06-MAY-2024,
OPTSTK,NAUKRI,30-May-2024,5000.0,PE,7.6,7.6,7.6,7.6,6.15,1,7.51,3450,0,06-MAY-2024,
OPTSTK,NAUKRI,30-May-2024,5100.0,PE,0.0,0.0,0.0,13.05,10.3,0,0.0,750,0,06-MAY-2024,
OPTSTK,NAUKRI,30-May-2024,5150.0,PE,12.55,12.55,12.55,12.55,13.1,2,15.48,3750,0,06-MAY-2024,
OPTSTK,NAUKRI,30-May-2024,5200.0,PE,10.8,15.25,10.8,15.2,15.2,42,328.42,12150,1800,06-MAY-2024,
OPTSTK,NAUKRI,30-May-2024,5250.0,PE,0.0,0.0,0.0,16.15,20.65,0,0.0,1800,0,06-MAY-2024,
OPTSTK,NAUKRI,30-May-2024,5300.0,PE,16.4,21.15,16.4,21.15,25.55,9,71.81,2550,600,06-MAY-2024,
OPTSTK,NAUKRI,30-May-2024,5350.0,PE,0.0,0.0,0.0,25.0,31.35,0,0.0,150,0,06-MAY-2024,
OPTSTK,NAUKRI,30-May-2024,5400.0,PE,31.9,33.0,28.0,32.85,32.85,65,529.46,35700,-5700,06-MAY-2024,
OPTSTK,NAUKRI,30-May-2024,5450.0,PE,34.0,39.5,32.75,39.5,39.5,92,757.21,2100,750,06-MAY-2024,
OPTSTK,NAUKRI,30-May-2024,5500.0,PE,36.45,47.55,33.0,46.75,46.75,34,282.74,17850,300,06-MAY-2024,
OPTSTK,NAUKRI,30-May-2024,5550.0,PE,0.0,0.0,0.0,48.5,65.3,0,0.0,2550,0,06-MAY-2024,
OPTSTK,NAUKRI,30-May-2024,5600.0,PE,56.9,67.0,52.85,67.0,67.0,53,450.0,18150,1950,06-MAY-2024,
OPTSTK,NAUKRI,30-May-2024,5650.0,PE,0.0,0.0,0.0,332.25,90.2,0,0.0,0,0,06-MAY-2024,
OPTSTK,NAUKRI,30-May-2024,5700.0,PE,79.95,93.0,79.75,90.35,90.35,36,312.43,16650,450,06-MAY-2024,
OPTSTK,NAUKRI,30-May-2024,5750.0,PE,0.0,0.0,0.0,91.75,120.7,0,0.0,1800,0,06-MAY-2024,
OPTSTK,NAUKRI,30-May-2024,5800.0,PE,110.55,127.0,110.0,121.65,121.65,28,248.66,16500,750,06-MAY-2024,
OPTSTK,NAUKRI,30-May-2024,5850.0,PE,139.05,145.85,139.05,143.6,143.6,3,26.97,300,150,06-MAY-2024,
OPTSTK,NAUKRI,30-May-2024,5900.0,PE,152.75,165.0,146.8,160.75,160.75,13,118.07,7500,0,06-MAY-2024,
OPTSTK,NAUKRI,30-May-2024,5950.0,PE,180.4,186.45,180.4,183.45,183.45,2,18.4,300,300,06-MAY-2024,
OPTSTK,NAUKRI,30-May-2024,6000.0,PE,185.0,212.9,179.1,212.6,212.6,86,799.63,19050,2400,06-MAY-2024,
OPTSTK,NAUKRI,30-May-2024,6050.0,PE,220.5,235.25,202.8,235.25,235.25,7,65.84,2700,0,06-MAY-2024,
OPTSTK,NAUKRI,30-May-2024,6100.0,PE,249.05,259.5,236.0,256.75,256.75,11,104.8,9900,300,06-MAY-2024,
OPTSTK,NAUKRI,30-May-2024,6150.0,PE,0.0,0.0,0.0,645.25,310.1,0,0.0,0,0,06-MAY-2024,
OPTSTK,NAUKRI,30-May-2024,6200.0,PE,0.0,0.0,0.0,304.95,341.2,0,0.0,3450,0,06-MAY-2024,
OPTSTK,NAUKRI,30-May-2024,6250.0,PE,0.0,0.0,0.0,719.65,373.85,0,0.0,0,0,06-MAY-2024,
OPTSTK,NAUKRI,30-May-2024,6300.0,PE,380.8,380.8,366.95,366.95,408.0,2,20.02,300,0,06-MAY-2024,
OPTSTK,NAUKRI,30-May-2024,6350.0,PE,0.0,0.0,0.0,796.8,443.5,0,0.0,0,0,06-MAY-2024,
OPTSTK,NAUKRI,30-May-2024,6400.0,PE,448.0,452.05,433.7,433.7,480.65,4,41.05,450,0,06-MAY-2024,
OPTSTK,NAUKRI,30-May-2024,6450.0,PE,0.0,0.0,0.0,877.0,518.6,0,0.0,0,0,06-MAY-2024,
OPTSTK,NAUKRI,30-May-2024,6500.0,PE,0.0,0.0,0.0,450.65,557.9,0,0.0,2100,0,06-MAY-2024,
OPTSTK,NAUKRI,30-May-2024,6550.0,PE,0.0,0.0,0.0,959.75,598.25,0,0.0,0,0,06-MAY-2024,
OPTSTK,NAUKRI,30-May-2024,6600.0,PE,0.0,0.0,0.0,1287.15,639.65,0,0.0,0,0,06-MAY-2024,
OPTSTK,NAUKRI,30-May-2024,6700.0,PE,0.0,0.0,0.0,1374.7,725.15,0,0.0,0,0,06-MAY-2024,
OPTSTK,NAUKRI,30-May-2024,6800.0,PE,0.0,0.0,0.0,1463.65,813.75,0,0.0,0,0,06-MAY-2024,
OPTSTK,NAUKRI,30-May-2024,6900.0,PE,0.0,0.0,0.0,1368.85,904.9,0,0.0,0,0,06-MAY-2024,
OPTSTK,NAUKRI,27-Jun-2024,5100.0,CE,0.0,0.0,0.0,747.15,984.6,0,0.0,0,0,06-MAY-2024,
OPTSTK,NAUKRI,27-Jun-2024,5200.0,CE,0.0,0.0,0.0,680.6,900.3,0,0.0,0,0,06-MAY-2024,
OPTSTK,NAUKRI,27-Jun-2024,5300.0,CE,0.0,0.0,0.0,618.05,819.3,0,0.0,0,0,06-MAY-2024,
OPTSTK,NAUKRI,27-Jun-2024,5350.0,CE,0.0,0.0,0.0,752.25,780.1,0,0.0,0,0,06-MAY-2024,
OPTSTK,NAUKRI,27-Jun-2024,5400.0,CE,0.0,0.0,0.0,559.35,741.85,0,0.0,0,0,06-MAY-2024,
OPTSTK,NAUKRI,27-Jun-2024,5450.0,CE,0.0,0.0,0.0,681.65,704.8,0,0.0,0,0,06-MAY-2024,
OPTSTK,NAUKRI,27-Jun-2024,5500.0,CE,0.0,0.0,0.0,504.55,668.5,0,0.0,0,0,06-MAY-2024,
OPTSTK,NAUKRI,27-Jun-2024,5550.0,CE,0.0,0.0,0.0,615.4,633.25,0,0.0,0,0,06-MAY-2024,
OPTSTK,NAUKRI,27-Jun-2024,5600.0,CE,0.0,0.0,0.0,453.55,598.9,0,0.0,0,0,06-MAY-2024,
OPTSTK,NAUKRI,27-Jun-2024,5650.0,CE,0.0,0.0,0.0,553.25,565.9,0,0.0,0,0,06-MAY-2024,
OPTSTK,NAUKRI,27-Jun-2024,5700.0,CE,0.0,0.0,0.0,406.4,534.0,0,0.0,0,0,06-MAY-2024,
OPTSTK,NAUKRI,27-Jun-2024,5750.0,CE,0.0,0.0,0.0,495.3,503.25,0,0.0,0,0,06-MAY-2024,
OPTSTK,NAUKRI,27-Jun-2024,5800.0,CE,0.0,0.0,0.0,362.95,473.65,0,0.0,0,0,06-MAY-2024,
OPTSTK,NAUKRI,27-Jun-2024,5850.0,CE,0.0,0.0,0.0,441.5,445.15,0,0.0,0,0,06-MAY-2024,
OPTSTK,NAUKRI,27-Jun-2024,5900.0,CE,0.0,0.0,0.0,323.1,417.85,0,0.0,0,0,06-MAY-2024,
OPTSTK,NAUKRI,27-Jun-2024,5950.0,CE,0.0,0.0,0.0,391.95,391.7,0,0.0,0,0,06-MAY-2024,
OPTSTK,NAUKRI,27-Jun-2024,6000.0,CE,0.0,0.0,0.0,286.75,366.7,0,0.0,0,0,06-MAY-2024,
OPTSTK,NAUKRI,27-Jun-2024,6050.0,CE,0.0,0.0,0.0,346.5,342.85,0,0.0,0,0,06-MAY-2024,
OPTSTK,NAUKRI,27-Jun-2024,6100.0,CE,0.0,0.0,0.0,253.7,320.15,0,0.0,0,0,06-MAY-2024,
OPTSTK,NAUKRI,27-Jun-2024,6150.0,CE,0.0,0.0,0.0,305.05,298.5,0,0.0,0,0,06-MAY-2024,
OPTSTK,NAUKRI,27-Jun-2024,6200.0,CE,0.0,0.0,0.0,223.8,278.0,0,0.0,0,0,06-MAY-2024,
OPTSTK,NAUKRI,27-Jun-2024,6250.0,CE,0.0,0.0,0.0,267.45,258.55,0,0.0,0,0,06-MAY-2024,
OPTSTK,NAUKRI,27-Jun-2024,6300.0,CE,0.0,0.0,0.0,196.85,240.15,0,0.0,0,0,06-MAY-2024,
OPTSTK,NAUKRI,27-Jun-2024,6350.0,CE,0.0,0.0,0.0,233.6,222.8,0,0.0,0,0,06-MAY-2024,
OPTSTK,NAUKRI,27-Jun-2024,6400.0,CE,0.0,0.0,0.0,180.0,206.4,0,0.0,150,0,06-MAY-2024,
OPTSTK,NAUKRI,27-Jun-2024,6450.0,CE,0.0,0.0,0.0,203.2,191.0,0,0.0,0,0,06-MAY-2024,
OPTSTK,NAUKRI,27-Jun-2024,6500.0,CE,199.0,199.0,199.0,199.0,199.0,1,10.04,150,150,06-MAY-2024,
OPTSTK,NAUKRI,27-Jun-2024,6550.0,CE,0.0,0.0,0.0,176.05,162.9,0,0.0,0,0,06-MAY-2024,
OPTSTK,NAUKRI,27-Jun-2024,6600.0,CE,0.0,0.0,0.0,131.9,150.45,0,0.0,0,0,06-MAY-2024,
OPTSTK,NAUKRI,27-Jun-2024,6700.0,CE,0.0,0.0,0.0,114.75,127.55,0,0.0,0,0,06-MAY-2024,
OPTSTK,NAUKRI,27-Jun-2024,6800.0,CE,0.0,0.0,0.0,99.6,107.35,0,0.0,0,0,06-MAY-2024,
OPTSTK,NAUKRI,27-Jun-2024,6900.0,CE,0.0,0.0,0.0,86.25,90.05,0,0.0,0,0,06-MAY-2024,
OPTSTK,NAUKRI,27-Jun-2024,5100.0,PE,0.0,0.0,0.0,164.0,45.95,0,0.0,0,0,06-MAY-2024,
OPTSTK,NAUKRI,27-Jun-2024,5200.0,PE,0.0,0.0,0.0,195.65,60.6,0,0.0,0,0,06-MAY-2024,
OPTSTK,NAUKRI,27-Jun-2024,5300.0,PE,0.0,0.0,0.0,231.3,78.55,0,0.0,0,0,06-MAY-2024,
OPTSTK,NAUKRI,27-Jun-2024,5350.0,PE,0.0,0.0,0.0,129.05,88.85,0,0.0,0,0,06-MAY-2024,
OPTSTK,NAUKRI,27-Jun-2024,5400.0,PE,0.0,0.0,0.0,270.85,100.1,0,0.0,0,0,06-MAY-2024,
OPTSTK,NAUKRI,27-Jun-2024,5450.0,PE,0.0,0.0,0.0,157.25,112.55,0,0.0,0,0,06-MAY-2024,
OPTSTK,NAUKRI,27-Jun-2024,5500.0,PE,123.0,165.0,100.05,165.0,125.75,18,152.22,2100,1200,06-MAY-2024,
OPTSTK,NAUKRI,27-Jun-2024,5550.0,PE,0.0,0.0,0.0,189.75,140.0,0,0.0,0,0,06-MAY-2024,
OPTSTK,NAUKRI,27-Jun-2024,5600.0,PE,0.0,0.0,0.0,361.45,155.1,0,0.0,0,0,06-MAY-2024,
OPTSTK,NAUKRI,27-Jun-2024,5650.0,PE,0.0,0.0,0.0,226.3,171.6,0,0.0,0,0,06-MAY-2024,
OPTSTK,NAUKRI,27-Jun-2024,5700.0,PE,200.0,209.0,200.0,207.9,189.15,9,79.69,1200,1200,06-MAY-2024,
OPTSTK,NAUKRI,27-Jun-2024,5750.0,PE,0.0,0.0,0.0,267.1,207.9,0,0.0,0,0,06-MAY-2024,
OPTSTK,NAUKRI,27-Jun-2024,5800.0,PE,0.0,0.0,0.0,467.3,227.75,0,0.0,0,0,06-MAY-2024,
OPTSTK,NAUKRI,27-Jun-2024,5850.0,PE,0.0,0.0,0.0,312.1,248.8,0,0.0,0,0,06-MAY-2024,
OPTSTK,NAUKRI,27-Jun-2024,5900.0,PE,0.0,0.0,0.0,525.65,271.0,0,0.0,0,0,06-MAY-2024,
OPTSTK,NAUKRI,27-Jun-2024,5950.0,PE,0.0,0.0,0.0,361.25,294.3,0,0.0,0,0,06-MAY-2024,
OPTSTK,NAUKRI,27-Jun-2024,6000.0,PE,0.0,0.0,0.0,587.5,318.8,0,0.0,0,0,06-MAY-2024,
OPTSTK,NAUKRI,27-Jun-2024,6050.0,PE,0.0,0.0,0.0,414.5,344.4,0,0.0,0,0,06-MAY-2024,
OPTSTK,NAUKRI,27-Jun-2024,6100.0,PE,0.0,0.0,0.0,652.7,371.15,0,0.0,0,0,06-MAY-2024,
OPTSTK,NAUKRI,27-Jun-2024,6150.0,PE,0.0,0.0,0.0,471.85,399.05,0,0.0,0,0,06-MAY-2024,
OPTSTK,NAUKRI,27-Jun-2024,6200.0,PE,0.0,0.0,0.0,721.0,428.0,0,0.0,0,0,06-MAY-2024,
OPTSTK,NAUKRI,27-Jun-2024,6250.0,PE,0.0,0.0,0.0,533.0,458.05,0,0.0,0,0,06-MAY-2024,
OPTSTK,NAUKRI,27-Jun-2024,6300.0,PE,0.0,0.0,0.0,792.25,489.15,0,0.0,0,0,06-MAY-2024,
OPTSTK,NAUKRI,27-Jun-2024,6350.0,PE,0.0,0.0,0.0,597.85,521.25,0,0.0,0,0,06-MAY-2024,
OPTSTK,NAUKRI,27-Jun-2024,6400.0,PE,0.0,0.0,0.0,866.55,554.35,0,0.0,0,0,06-MAY-2024,
OPTSTK,NAUKRI,27-Jun-2024,6450.0,PE,0.0,0.0,0.0,666.2,588.45,0,0.0,0,0,06-MAY-2024,
OPTSTK,NAUKRI,27-Jun-2024,6500.0,PE,0.0,0.0,0.0,943.2,623.45,0,0.0,0,0,06-MAY-2024,
OPTSTK,NAUKRI,27-Jun-2024,6550.0,PE,0.0,0.0,0.0,737.85,659.3,0,0.0,0,0,06-MAY-2024,
OPTSTK,NAUKRI,27-Jun-2024,6600.0,PE,0.0,0.0,0.0,1021.95,696.35,0,0.0,0,0,06-MAY-2024,
OPTSTK,NAUKRI,27-Jun-2024,6700.0,PE,0.0,0.0,0.0,1103.0,772.4,0,0.0,0,0,06-MAY-2024,
OPTSTK,NAUKRI,27-Jun-2024,6800.0,PE,0.0,0.0,0.0,1186.1,851.15,0,0.0,0,0,06-MAY-2024,
OPTSTK,NAUKRI,27-Jun-2024,6900.0,PE,0.0,0.0,0.0,1270.9,932.85,0,0.0,0,0,06-MAY-2024,
OPTSTK,NAUKRI,25-Jul-2024,5000.0,CE,0.0,0.0,0.0,1089.8,1132.1,0,0.0,0,0,06-MAY-2024,
OPTSTK,NAUKRI,25-Jul-2024,5200.0,CE,0.0,0.0,0.0,937.6,971.75,0,0.0,0,0,06-MAY-2024,
OPTSTK,NAUKRI,25-Jul-2024,5400.0,CE,0.0,0.0,0.0,797.35,823.85,0,0.0,0,0,06-MAY-2024,
OPTSTK,NAUKRI,25-Jul-2024,5500.0,CE,0.0,0.0,0.0,732.4,754.6,0,0.0,0,0,06-MAY-2024,
OPTSTK,NAUKRI,25-Jul-2024,5600.0,CE,0.0,0.0,0.0,670.95,689.25,0,0.0,0,0,06-MAY-2024,
OPTSTK,NAUKRI,25-Jul-2024,5700.0,CE,0.0,0.0,0.0,613.0,627.6,0,0.0,0,0,06-MAY-2024,
OPTSTK,NAUKRI,25-Jul-2024,5800.0,CE,0.0,0.0,0.0,558.55,569.6,0,0.0,0,0,06-MAY-2024,
OPTSTK,NAUKRI,25-Jul-2024,5900.0,CE,0.0,0.0,0.0,507.55,515.35,0,0.0,0,0,06-MAY-2024,
OPTSTK,NAUKRI,25-Jul-2024,6000.0,CE,0.0,0.0,0.0,460.0,464.8,0,0.0,0,0,06-MAY-2024,
OPTSTK,NAUKRI,25-Jul-2024,6100.0,CE,0.0,0.0,0.0,415.85,417.9,0,0.0,0,0,06-MAY-2024,
OPTSTK,NAUKRI,25-Jul-2024,6200.0,CE,0.0,0.0,0.0,375.0,374.6,0,0.0,0,0,06-MAY-2024,
OPTSTK,NAUKRI,25-Jul-2024,6300.0,CE,0.0,0.0,0.0,337.3,334.8,0,0.0,0,0,06-MAY-2024,
OPTSTK,NAUKRI,25-Jul-2024,6400.0,CE,0.0,0.0,0.0,302.65,298.35,0,0.0,0,0,06-MAY-2024,
OPTSTK,NAUKRI,25-Jul-2024,6500.0,CE,0.0,0.0,0.0,270.95,265.05,0,0.0,0,0,06-MAY-2024,
OPTSTK,NAUKRI,25-Jul-2024,6600.0,CE,0.0,0.0,0.0,241.95,234.85,0,0.0,0,0,06-MAY-2024,
OPTSTK,NAUKRI,25-Jul-2024,6800.0,CE,0.0,0.0,0.0,192.0,183.1,0,0.0,0,0,06-MAY-2024,
OPTSTK,NAUKRI,25-Jul-2024,5000.0,PE,0.0,0.0,0.0,93.4,66.95,0,0.0,0,0,06-MAY-2024,
OPTSTK,NAUKRI,25-Jul-2024,5200.0,PE,0.0,0.0,0.0,137.6,103.45,0,0.0,0,0,06-MAY-2024,
OPTSTK,NAUKRI,25-Jul-2024,5400.0,PE,0.0,0.0,0.0,193.7,152.4,0,0.0,0,0,06-MAY-2024,
OPTSTK,NAUKRI,25-Jul-2024,5500.0,PE,0.0,0.0,0.0,227.0,181.55,0,0.0,0,0,06-MAY-2024,
OPTSTK,NAUKRI,25-Jul-2024,5600.0,PE,0.0,0.0,0.0,263.7,214.65,0,0.0,0,0,06-MAY-2024,
OPTSTK,NAUKRI,25-Jul-2024,5700.0,PE,0.0,0.0,0.0,303.95,251.35,0,0.0,0,0,06-MAY-2024,
OPTSTK,NAUKRI,25-Jul-2024,5800.0,PE,0.0,0.0,0.0,347.7,291.8,0,0.0,0,0,06-MAY-2024,
OPTSTK,NAUKRI,25-Jul-2024,5900.0,PE,0.0,0.0,0.0,394.9,336.0,0,0.0,0,0,06-MAY-2024,
OPTSTK,NAUKRI,25-Jul-2024,6000.0,PE,0.0,0.0,0.0,445.55,383.85,0,0.0,0,0,06-MAY-2024,
OPTSTK,NAUKRI,25-Jul-2024,6100.0,PE,0.0,0.0,0.0,499.6,435.4,0,0.0,0,0,06-MAY-2024,
OPTSTK,NAUKRI,25-Jul-2024,6200.0,PE,0.0,0.0,0.0,556.95,490.5,0,0.0,0,0,06-MAY-2024,
OPTSTK,NAUKRI,25-Jul-2024,6300.0,PE,0.0,0.0,0.0,617.45,549.1,0,0.0,0,0,06-MAY-2024,
OPTSTK,NAUKRI,25-Jul-2024,6400.0,PE,0.0,0.0,0.0,681.0,611.05,0,0.0,0,0,06-MAY-2024,
OPTSTK,NAUKRI,25-Jul-2024,6500.0,PE,0.0,0.0,0.0,747.45,676.2,0,0.0,0,0,06-MAY-2024,
OPTSTK,NAUKRI,25-Jul-2024,6600.0,PE,0.0,0.0,0.0,816.65,744.4,0,0.0,0,0,06-MAY-2024,
OPTSTK,NAUKRI,25-Jul-2024,6800.0,PE,0.0,0.0,0.0,963.1,889.55,0,0.0,0,0,06-MAY-2024,
OPTSTK,NAVINFLUOR,30-May-2024,2880.0,CE,0.0,0.0,0.0,319.6,576.35,0,0.0,0,0,06-MAY-2024,
OPTSTK,NAVINFLUOR,30-May-2024,2920.0,CE,0.0,0.0,0.0,296.2,537.65,0,0.0,0,0,06-MAY-2024,
OPTSTK,NAVINFLUOR,30-May-2024,2960.0,CE,0.0,0.0,0.0,274.0,499.45,0,0.0,0,0,06-MAY-2024,
OPTSTK,NAVINFLUOR,30-May-2024,3000.0,CE,486.8,492.25,486.8,492.25,461.8,5,26.17,600,0,06-MAY-2024,
OPTSTK,NAVINFLUOR,30-May-2024,3040.0,CE,0.0,0.0,0.0,233.1,424.9,0,0.0,0,0,06-MAY-2024,
OPTSTK,NAVINFLUOR,30-May-2024,3060.0,CE,0.0,0.0,0.0,224.35,406.8,0,0.0,0,0,06-MAY-2024,
OPTSTK,NAVINFLUOR,30-May-2024,3080.0,CE,0.0,0.0,0.0,214.4,388.9,0,0.0,0,0,06-MAY-2024,
OPTSTK,NAVINFLUOR,30-May-2024,3100.0,CE,408.0,416.65,408.0,416.65,371.3,2,10.53,2100,-300,06-MAY-2024,
OPTSTK,NAVINFLUOR,30-May-2024,3120.0,CE,0.0,0.0,0.0,196.8,354.0,0,0.0,0,0,06-MAY-2024,
OPTSTK,NAVINFLUOR,30-May-2024,3140.0,CE,0.0,0.0,0.0,183.3,336.95,0,0.0,0,0,06-MAY-2024,
OPTSTK,NAVINFLUOR,30-May-2024,3160.0,CE,0.0,0.0,0.0,346.2,320.3,0,0.0,150,0,06-MAY-2024,
OPTSTK,NAVINFLUOR,30-May-2024,3180.0,CE,0.0,0.0,0.0,164.95,303.95,0,0.0,0,0,06-MAY-2024,
OPTSTK,NAVINFLUOR,30-May-2024,3200.0,CE,360.0,360.0,340.0,340.0,288.0,9,47.99,6600,-150,06-MAY-2024,
OPTSTK,NAVINFLUOR,30-May-2024,3220.0,CE,0.0,0.0,0.0,303.5,272.45,0,0.0,0,0,06-MAY-2024,
OPTSTK,NAVINFLUOR,30-May-2024,3240.0,CE,0.0,0.0,0.0,179.0,257.3,0,0.0,300,0,06-MAY-2024,
OPTSTK,NAVINFLUOR,30-May-2024,3260.0,CE,0.0,0.0,0.0,274.2,242.7,0,0.0,1050,0,06-MAY-2024,
OPTSTK,NAVINFLUOR,30-May-2024,3280.0,CE,0.0,0.0,0.0,217.55,228.3,0,0.0,450,0,06-MAY-2024,
OPTSTK,NAVINFLUOR,30-May-2024,3300.0,CE,270.8,283.4,250.0,262.1,262.1,110,588.25,29100,-5700,06-MAY-2024,
OPTSTK,NAVINFLUOR,30-May-2024,3320.0,CE,0.0,0.0,0.0,220.0,201.15,0,0.0,1200,0,06-MAY-2024,
OPTSTK,NAVINFLUOR,30-May-2024,3340.0,CE,240.0,249.6,231.0,249.6,249.6,43,230.44,3900,-3150,06-MAY-2024,
OPTSTK,NAVINFLUOR,30-May-2024,3360.0,CE,229.8,229.85,229.8,229.85,176.0,2,10.76,3300,-300,06-MAY-2024,
OPTSTK,NAVINFLUOR,30-May-2024,3380.0,CE,233.0,233.0,214.4,216.3,216.3,16,86.44,5400,-300,06-MAY-2024,
OPTSTK,NAVINFLUOR,30-May-2024,3400.0,CE,219.0,242.0,190.8,207.05,207.05,664,3601.92,76350,2400,06-MAY-2024,
OPTSTK,NAVINFLUOR,30-May-2024,3420.0,CE,195.0,197.85,195.0,197.85,197.85,4,21.7,4950,300,06-MAY-2024,
OPTSTK,NAVINFLUOR,30-May-2024,3440.0,CE,193.95,219.0,177.4,188.8,188.8,65,354.69,9450,-750,06-MAY-2024,
OPTSTK,NAVINFLUOR,30-May-2024,3460.0,CE,194.1,205.65,165.0,175.9,175.9,251,1372.6,16650,0,06-MAY-2024,
OPTSTK,NAVINFLUOR,30-May-2024,3480.0,CE,174.95,204.6,155.75,167.9,167.9,141,772.31,12900,7800,06-MAY-2024,
OPTSTK,NAVINFLUOR,30-May-2024,3500.0,CE,168.95,187.2,142.9,160.8,160.8,3475,19104.28,277650,38850,06-MAY-2024,
OPTSTK,NAVINFLUOR,30-May-2024,3520.0,CE,171.55,171.55,153.6,161.3,95.75,10,55.25,750,600,06-MAY-2024,
OPTSTK,NAVINFLUOR,30-May-2024,3540.0,CE,153.0,158.6,142.1,142.75,88.0,43,237.96,1950,-3000,06-MAY-2024,
OPTSTK,NAVINFLUOR,30-May-2024,3560.0,CE,0.0,0.0,0.0,68.35,80.7,0,0.0,0,0,06-MAY-2024,
OPTSTK,NAVINFLUOR,30-May-2024,3580.0,CE,130.0,130.0,124.7,125.65,125.65,9,50.03,1350,900,06-MAY-2024,
OPTSTK,NAVINFLUOR,30-May-2024,3600.0,CE,126.8,143.6,105.25,119.0,119.0,1115,6228.1,135900,-900,06-MAY-2024,
OPTSTK,NAVINFLUOR,30-May-2024,3620.0,CE,0.0,0.0,0.0,40.0,61.5,0,0.0,2550,0,06-MAY-2024,
OPTSTK,NAVINFLUOR,30-May-2024,3640.0,CE,0.0,0.0,0.0,90.0,55.95,0,0.0,1050,0,06-MAY-2024,
OPTSTK,NAVINFLUOR,30-May-2024,3660.0,CE,88.85,88.85,88.85,88.85,88.85,1,5.62,150,150,06-MAY-2024,
OPTSTK,NAVINFLUOR,30-May-2024,3680.0,CE,110.0,110.0,81.75,92.5,92.5,18,101.92,4950,1050,06-MAY-2024,
OPTSTK,NAVINFLUOR,30-May-2024,3720.0,CE,90.0,90.0,71.0,84.2,84.2,20,114.01,15450,450,06-MAY-2024,
OPTSTK,NAVINFLUOR,30-May-2024,3760.0,CE,60.0,65.3,60.0,65.3,30.55,3,17.2,3600,450,06-MAY-2024,
OPTSTK,NAVINFLUOR,30-May-2024,3800.0,CE,65.0,78.45,53.0,63.5,63.5,862,4996.96,87750,14850,06-MAY-2024,
OPTSTK,NAVINFLUOR,30-May-2024,3840.0,CE,0.0,0.0,0.0,31.55,19.65,0,0.0,0,0,06-MAY-2024,
OPTSTK,NAVINFLUOR,30-May-2024,3880.0,CE,43.95,54.8,42.5,48.95,48.95,45,265.05,9450,3750,06-MAY-2024,
OPTSTK,NAVINFLUOR,30-May-2024,2800.0,PE,5.0,5.65,5.0,5.65,5.65,7,29.45,8400,750,06-MAY-2024,
OPTSTK,NAVINFLUOR,30-May-2024,2880.0,PE,0.0,0.0,0.0,126.2,2.25,0,0.0,0,0,06-MAY-2024,
OPTSTK,NAVINFLUOR,30-May-2024,2900.0,PE,15.0,15.0,10.2,12.25,12.25,40,174.77,32100,-900,06-MAY-2024,
OPTSTK,NAVINFLUOR,30-May-2024,2920.0,PE,0.0,0.0,0.0,142.1,3.4,0,0.0,0,0,06-MAY-2024,
OPTSTK,NAVINFLUOR,30-May-2024,2960.0,PE,0.0,0.0,0.0,18.35,5.0,0,0.0,2100,0,06-MAY-2024,
OPTSTK,NAVINFLUOR,30-May-2024,3000.0,PE,20.1,24.15,18.0,23.7,23.7,73,330.78,73050,1200,06-MAY-2024,
OPTSTK,NAVINFLUOR,30-May-2024,3040.0,PE,27.8,27.8,27.75,27.75,10.1,7,32.21,1050,1050,06-MAY-2024,
OPTSTK,NAVINFLUOR,30-May-2024,3060.0,PE,0.0,0.0,0.0,34.95,11.9,0,0.0,10050,0,06-MAY-2024,
OPTSTK,NAVINFLUOR,30-May-2024,3080.0,PE,36.45,36.5,36.45,36.5,36.5,3,14.02,450,450,06-MAY-2024,
OPTSTK,NAVINFLUOR,30-May-2024,3100.0,PE,37.0,41.6,29.3,39.95,39.95,86,404.4,35850,-2850,06-MAY-2024,
OPTSTK,NAVINFLUOR,30-May-2024,3120.0,PE,0.0,0.0,0.0,239.05,18.8,0,0.0,0,0,06-MAY-2024,
OPTSTK,NAVINFLUOR,30-May-2024,3140.0,PE,0.0,0.0,0.0,170.65,21.7,0,0.0,0,0,06-MAY-2024,
OPTSTK,NAVINFLUOR,30-May-2024,3160.0,PE,0.0,0.0,0.0,261.85,24.9,0,0.0,0,0,06-MAY-2024,
OPTSTK,NAVINFLUOR,30-May-2024,3180.0,PE,0.0,0.0,0.0,50.0,28.5,0,0.0,750,0,06-MAY-2024,
OPTSTK,NAVINFLUOR,30-May-2024,3200.0,PE,59.95,66.2,50.0,62.75,62.75,280,1367.83,135900,-12750,06-MAY-2024,
OPTSTK,NAVINFLUOR,30-May-2024,3220.0,PE,0.0,0.0,0.0,61.8,36.8,0,0.0,3000,0,06-MAY-2024,
OPTSTK,NAVINFLUOR,30-May-2024,3240.0,PE,63.0,63.0,63.0,63.0,41.55,1,4.95,2400,0,06-MAY-2024,
OPTSTK,NAVINFLUOR,30-May-2024,3260.0,PE,68.4,81.05,68.4,81.0,81.0,15,75.07,17550,0,06-MAY-2024,
OPTSTK,NAVINFLUOR,30-May-2024,3280.0,PE,74.7,74.7,74.7,74.7,52.35,1,5.03,150,150,06-MAY-2024,
OPTSTK,NAVINFLUOR,30-May-2024,3300.0,PE,90.2,99.65,78.4,96.95,96.95,103,523.21,67650,-150,06-MAY-2024,
OPTSTK,NAVINFLUOR,30-May-2024,3320.0,PE,0.0,0.0,0.0,92.0,65.05,0,0.0,1050,0,06-MAY-2024,
OPTSTK,NAVINFLUOR,30-May-2024,3340.0,PE,0.0,0.0,0.0,289.65,72.15,0,0.0,0,0,06-MAY-2024,
OPTSTK,NAVINFLUOR,30-May-2024,3360.0,PE,111.55,122.0,109.7,122.0,122.0,21,109.44,2250,-300,06-MAY-2024,
OPTSTK,NAVINFLUOR,30-May-2024,3380.0,PE,117.1,123.45,111.1,114.8,87.8,18,94.39,3600,1350,06-MAY-2024,
OPTSTK,NAVINFLUOR,30-May-2024,3400.0,PE,129.95,145.0,117.85,139.7,139.7,502,2655.85,136050,8850,06-MAY-2024,
OPTSTK,NAVINFLUOR,30-May-2024,3420.0,PE,0.0,0.0,0.0,125.0,105.5,0,0.0,150,0,06-MAY-2024,
OPTSTK,NAVINFLUOR,30-May-2024,3440.0,PE,140.0,152.0,140.0,152.0,152.0,3,16.13,4950,0,06-MAY-2024,
OPTSTK,NAVINFLUOR,30-May-2024,3460.0,PE,160.0,160.0,145.1,157.45,125.25,14,75.85,1950,0,06-MAY-2024,
OPTSTK,NAVINFLUOR,30-May-2024,3480.0,PE,147.85,159.5,147.8,159.5,135.9,3,16.34,3000,300,06-MAY-2024,
OPTSTK,NAVINFLUOR,30-May-2024,3500.0,PE,175.0,197.85,163.95,191.8,191.8,180,993.43,24000,10050,06-MAY-2024,
OPTSTK,NAVINFLUOR,30-May-2024,3520.0,PE,0.0,0.0,0.0,511.0,158.7,0,0.0,0,0,06-MAY-2024,
OPTSTK,NAVINFLUOR,30-May-2024,3540.0,PE,0.0,0.0,0.0,200.0,170.85,0,0.0,300,0,06-MAY-2024,
OPTSTK,NAVINFLUOR,30-May-2024,3560.0,PE,0.0,0.0,0.0,308.0,183.45,0,0.0,150,0,06-MAY-2024,
OPTSTK,NAVINFLUOR,30-May-2024,3580.0,PE,0.0,0.0,0.0,470.5,196.55,0,0.0,0,0,06-MAY-2024,
OPTSTK,NAVINFLUOR,30-May-2024,3600.0,PE,228.0,246.55,228.0,246.55,246.55,3,17.25,8400,0,06-MAY-2024,
OPTSTK,NAVINFLUOR,30-May-2024,3620.0,PE,0.0,0.0,0.0,503.7,224.0,0,0.0,0,0,06-MAY-2024,
OPTSTK,NAVINFLUOR,30-May-2024,3640.0,PE,0.0,0.0,0.0,608.0,238.35,0,0.0,0,0,06-MAY-2024,
OPTSTK,NAVINFLUOR,30-May-2024,3660.0,PE,275.65,289.75,275.65,289.3,289.3,10,59.14,1500,1500,06-MAY-2024,
OPTSTK,NAVINFLUOR,30-May-2024,3680.0,PE,0.0,0.0,0.0,641.6,268.5,0,0.0,0,0,06-MAY-2024,
OPTSTK,NAVINFLUOR,30-May-2024,3720.0,PE,0.0,0.0,0.0,675.7,299.75,0,0.0,0,0,06-MAY-2024,
OPTSTK,NAVINFLUOR,30-May-2024,3760.0,PE,0.0,0.0,0.0,710.25,332.4,0,0.0,0,0,06-MAY-2024,
OPTSTK,NAVINFLUOR,30-May-2024,3800.0,PE,0.0,0.0,0.0,398.1,366.25,0,0.0,150,0,06-MAY-2024,
OPTSTK,NAVINFLUOR,30-May-2024,3840.0,PE,0.0,0.0,0.0,780.75,401.15,0,0.0,0,0,06-MAY-2024,
OPTSTK,NAVINFLUOR,30-May-2024,3880.0,PE,452.05,452.05,452.0,452.05,452.05,3,19.49,450,450,06-MAY-2024,
OPTSTK,NAVINFLUOR,27-Jun-2024,2880.0,CE,0.0,0.0,0.0,378.45,605.1,0,0.0,0,0,06-MAY-2024,
OPTSTK,NAVINFLUOR,27-Jun-2024,2920.0,CE,0.0,0.0,0.0,352.3,569.35,0,0.0,0,0,06-MAY-2024,
OPTSTK,NAVINFLUOR,27-Jun-2024,2960.0,CE,0.0,0.0,0.0,327.25,534.3,0,0.0,0,0,06-MAY-2024,
OPTSTK,NAVINFLUOR,27-Jun-2024,3000.0,CE,0.0,0.0,0.0,303.4,500.15,0,0.0,0,0,06-MAY-2024,
OPTSTK,NAVINFLUOR,27-Jun-2024,3040.0,CE,0.0,0.0,0.0,280.7,466.9,0,0.0,0,0,06-MAY-2024,
OPTSTK,NAVINFLUOR,27-Jun-2024,3060.0,CE,0.0,0.0,0.0,362.1,450.65,0,0.0,0,0,06-MAY-2024,
OPTSTK,NAVINFLUOR,27-Jun-2024,3080.0,CE,0.0,0.0,0.0,259.2,434.65,0,0.0,0,0,06-MAY-2024,
OPTSTK,NAVINFLUOR,27-Jun-2024,3100.0,CE,0.0,0.0,0.0,334.7,418.9,0,0.0,0,0,06-MAY-2024,
OPTSTK,NAVINFLUOR,27-Jun-2024,3120.0,CE,0.0,0.0,0.0,238.85,403.45,0,0.0,0,0,06-MAY-2024,
OPTSTK,NAVINFLUOR,27-Jun-2024,3140.0,CE,0.0,0.0,0.0,308.7,388.3,0,0.0,0,0,06-MAY-2024,
OPTSTK,NAVINFLUOR,27-Jun-2024,3160.0,CE,0.0,0.0,0.0,219.65,373.55,0,0.0,0,0,06-MAY-2024,
OPTSTK,NAVINFLUOR,27-Jun-2024,3180.0,CE,0.0,0.0,0.0,284.0,358.95,0,0.0,0,0,06-MAY-2024,
OPTSTK,NAVINFLUOR,27-Jun-2024,3200.0,CE,0.0,0.0,0.0,201.65,344.65,0,0.0,0,0,06-MAY-2024,
OPTSTK,NAVINFLUOR,27-Jun-2024,3220.0,CE,0.0,0.0,0.0,260.55,330.6,0,0.0,0,0,06-MAY-2024,
OPTSTK,NAVINFLUOR,27-Jun-2024,3240.0,CE,0.0,0.0,0.0,184.7,316.95,0,0.0,0,0,06-MAY-2024,
OPTSTK,NAVINFLUOR,27-Jun-2024,3260.0,CE,0.0,0.0,0.0,238.45,303.7,0,0.0,0,0,06-MAY-2024,
OPTSTK,NAVINFLUOR,27-Jun-2024,3280.0,CE,0.0,0.0,0.0,168.9,290.75,0,0.0,0,0,06-MAY-2024,
OPTSTK,NAVINFLUOR,27-Jun-2024,3300.0,CE,0.0,0.0,0.0,217.65,278.15,0,0.0,0,0,06-MAY-2024,
OPTSTK,NAVINFLUOR,27-Jun-2024,3320.0,CE,0.0,0.0,0.0,154.15,265.9,0,0.0,0,0,06-MAY-2024,
OPTSTK,NAVINFLUOR,27-Jun-2024,3340.0,CE,0.0,0.0,0.0,198.1,253.95,0,0.0,0,0,06-MAY-2024,
OPTSTK,NAVINFLUOR,27-Jun-2024,3360.0,CE,0.0,0.0,0.0,140.4,242.4,0,0.0,0,0,06-MAY-2024,
OPTSTK,NAVINFLUOR,27-Jun-2024,3380.0,CE,0.0,0.0,0.0,179.85,231.15,0,0.0,0,0,06-MAY-2024,
OPTSTK,NAVINFLUOR,27-Jun-2024,3400.0,CE,0.0,0.0,0.0,127.65,220.3,0,0.0,0,0,06-MAY-2024,
OPTSTK,NAVINFLUOR,27-Jun-2024,3420.0,CE,0.0,0.0,0.0,162.9,209.75,0,0.0,0,0,06-MAY-2024,
OPTSTK,NAVINFLUOR,27-Jun-2024,3440.0,CE,0.0,0.0,0.0,115.85,199.6,0,0.0,0,0,06-MAY-2024,
OPTSTK,NAVINFLUOR,27-Jun-2024,3460.0,CE,0.0,0.0,0.0,147.15,189.75,0,0.0,0,0,06-MAY-2024,
OPTSTK,NAVINFLUOR,27-Jun-2024,3480.0,CE,0.0,0.0,0.0,105.0,180.25,0,0.0,0,0,06-MAY-2024,
OPTSTK,NAVINFLUOR,27-Jun-2024,3500.0,CE,0.0,0.0,0.0,132.55,171.1,0,0.0,0,0,06-MAY-2024,
OPTSTK,NAVINFLUOR,27-Jun-2024,3520.0,CE,0.0,0.0,0.0,95.1,162.3,0,0.0,0,0,06-MAY-2024,
OPTSTK,NAVINFLUOR,27-Jun-2024,3540.0,CE,0.0,0.0,0.0,119.1,153.85,0,0.0,0,0,06-MAY-2024,
OPTSTK,NAVINFLUOR,27-Jun-2024,3560.0,CE,0.0,0.0,0.0,85.9,145.7,0,0.0,0,0,06-MAY-2024,
OPTSTK,NAVINFLUOR,27-Jun-2024,3580.0,CE,0.0,0.0,0.0,106.8,137.85,0,0.0,0,0,06-MAY-2024,
OPTSTK,NAVINFLUOR,27-Jun-2024,3600.0,CE,200.0,214.0,200.0,212.5,212.5,9,51.38,1200,1200,06-MAY-2024,
OPTSTK,NAVINFLUOR,27-Jun-2024,3620.0,CE,0.0,0.0,0.0,95.5,123.2,0,0.0,0,0,06-MAY-2024,
OPTSTK,NAVINFLUOR,27-Jun-2024,3640.0,CE,0.0,0.0,0.0,69.65,116.3,0,0.0,0,0,06-MAY-2024,
OPTSTK,NAVINFLUOR,27-Jun-2024,3660.0,CE,0.0,0.0,0.0,85.35,109.7,0,0.0,0,0,06-MAY-2024,
OPTSTK,NAVINFLUOR,27-Jun-2024,3680.0,CE,0.0,0.0,0.0,62.55,103.45,0,0.0,0,0,06-MAY-2024,
OPTSTK,NAVINFLUOR,27-Jun-2024,3720.0,CE,0.0,0.0,0.0,56.15,91.7,0,0.0,0,0,06-MAY-2024,
OPTSTK,NAVINFLUOR,27-Jun-2024,3760.0,CE,0.0,0.0,0.0,50.25,81.1,0,0.0,0,0,06-MAY-2024,
OPTSTK,NAVINFLUOR,27-Jun-2024,3800.0,CE,0.0,0.0,0.0,44.95,71.65,0,0.0,0,0,06-MAY-2024,
OPTSTK,NAVINFLUOR,27-Jun-2024,3840.0,CE,0.0,0.0,0.0,40.15,62.9,0,0.0,0,0,06-MAY-2024,
OPTSTK,NAVINFLUOR,27-Jun-2024,3880.0,CE,0.0,0.0,0.0,38.9,55.15,0,0.0,0,0,06-MAY-2024,
OPTSTK,NAVINFLUOR,27-Jun-2024,2880.0,PE,0.0,0.0,0.0,92.7,14.6,0,0.0,0,0,06-MAY-2024,
OPTSTK,NAVINFLUOR,27-Jun-2024,2920.0,PE,0.0,0.0,0.0,105.8,18.45,0,0.0,0,0,06-MAY-2024,
OPTSTK,NAVINFLUOR,27-Jun-2024,2960.0,PE,0.0,0.0,0.0,120.05,23.05,0,0.0,0,0,06-MAY-2024,
OPTSTK,NAVINFLUOR,27-Jun-2024,3000.0,PE,35.0,55.2,35.0,55.2,28.45,3,13.71,900,450,06-MAY-2024,
OPTSTK,NAVINFLUOR,27-Jun-2024,3040.0,PE,0.0,0.0,0.0,152.05,34.75,0,0.0,0,0,06-MAY-2024,
OPTSTK,NAVINFLUOR,27-Jun-2024,3060.0,PE,0.0,0.0,0.0,76.9,38.3,0,0.0,0,0,06-MAY-2024,
OPTSTK,NAVINFLUOR,27-Jun-2024,3080.0,PE,0.0,0.0,0.0,169.85,42.1,0,0.0,0,0,06-MAY-2024,
OPTSTK,NAVINFLUOR,27-Jun-2024,3100.0,PE,0.0,0.0,0.0,89.0,46.15,0,0.0,0,0,06-MAY-2024,
OPTSTK,NAVINFLUOR,27-Jun-2024,3120.0,PE,0.0,0.0,0.0,188.8,50.5,0,0.0,0,0,06-MAY-2024,
OPTSTK,NAVINFLUOR,27-Jun-2024,3140.0,PE,0.0,0.0,0.0,102.5,55.1,0,0.0,0,0,06-MAY-2024,
OPTSTK,NAVINFLUOR,27-Jun-2024,3160.0,PE,0.0,0.0,0.0,208.9,60.15,0,0.0,0,0,06-MAY-2024,
OPTSTK,NAVINFLUOR,27-Jun-2024,3180.0,PE,0.0,0.0,0.0,117.25,65.4,0,0.0,0,0,06-MAY-2024,
OPTSTK,NAVINFLUOR,27-Jun-2024,3200.0,PE,0.0,0.0,0.0,230.15,70.9,0,0.0,0,0,06-MAY-2024,
OPTSTK,NAVINFLUOR,27-Jun-2024,3220.0,PE,0.0,0.0,0.0,133.35,76.6,0,0.0,0,0,06-MAY-2024,
OPTSTK,NAVINFLUOR,27-Jun-2024,3240.0,PE,0.0,0.0,0.0,252.5,82.8,0,0.0,0,0,06-MAY-2024,
OPTSTK,NAVINFLUOR,27-Jun-2024,3260.0,PE,0.0,0.0,0.0,150.75,89.3,0,0.0,0,0,06-MAY-2024,
OPTSTK,NAVINFLUOR,27-Jun-2024,3280.0,PE,0.0,0.0,0.0,276.0,96.15,0,0.0,0,0,06-MAY-2024,
OPTSTK,NAVINFLUOR,27-Jun-2024,3300.0,PE,128.45,162.0,128.45,162.0,103.35,13,67.33,2400,450,06-MAY-2024,
OPTSTK,NAVINFLUOR,27-Jun-2024,3320.0,PE,0.0,0.0,0.0,300.5,110.85,0,0.0,0,0,06-MAY-2024,
OPTSTK,NAVINFLUOR,27-Jun-2024,3340.0,PE,0.0,0.0,0.0,189.4,118.75,0,0.0,0,0,06-MAY-2024,
OPTSTK,NAVINFLUOR,27-Jun-2024,3360.0,PE,0.0,0.0,0.0,326.05,126.95,0,0.0,0,0,06-MAY-2024,
OPTSTK,NAVINFLUOR,27-Jun-2024,3380.0,PE,0.0,0.0,0.0,210.65,135.55,0,0.0,0,0,06-MAY-2024,
OPTSTK,NAVINFLUOR,27-Jun-2024,3400.0,PE,210.0,210.0,210.0,210.0,210.0,1,5.41,300,0,06-MAY-2024,
OPTSTK,NAVINFLUOR,27-Jun-2024,3420.0,PE,0.0,0.0,0.0,233.15,153.75,0,0.0,0,0,06-MAY-2024,
OPTSTK,NAVINFLUOR,27-Jun-2024,3440.0,PE,0.0,0.0,0.0,380.1,163.35,0,0.0,0,0,06-MAY-2024,
OPTSTK,NAVINFLUOR,27-Jun-2024,3460.0,PE,0.0,0.0,0.0,256.9,173.3,0,0.0,0,0,06-MAY-2024,
OPTSTK,NAVINFLUOR,27-Jun-2024,3480.0,PE,0.0,0.0,0.0,408.5,183.6,0,0.0,0,0,06-MAY-2024,
OPTSTK,NAVINFLUOR,27-Jun-2024,3500.0,PE,0.0,0.0,0.0,281.8,194.25,0,0.0,0,0,06-MAY-2024,
OPTSTK,NAVINFLUOR,27-Jun-2024,3520.0,PE,0.0,0.0,0.0,437.9,205.25,0,0.0,0,0,06-MAY-2024,
OPTSTK,NAVINFLUOR,27-Jun-2024,3540.0,PE,0.0,0.0,0.0,307.9,216.55,0,0.0,0,0,06-MAY-2024,
OPTSTK,NAVINFLUOR,27-Jun-2024,3560.0,PE,0.0,0.0,0.0,468.0,228.2,0,0.0,0,0,06-MAY-2024,
OPTSTK,NAVINFLUOR,27-Jun-2024,3580.0,PE,0.0,0.0,0.0,335.05,240.2,0,0.0,0,0,06-MAY-2024,
OPTSTK,NAVINFLUOR,27-Jun-2024,3600.0,PE,0.0,0.0,0.0,498.85,252.45,0,0.0,0,0,06-MAY-2024,
OPTSTK,NAVINFLUOR,27-Jun-2024,3620.0,PE,0.0,0.0,0.0,363.25,265.1,0,0.0,0,0,06-MAY-2024,
OPTSTK,NAVINFLUOR,27-Jun-2024,3640.0,PE,0.0,0.0,0.0,530.25,278.0,0,0.0,0,0,06-MAY-2024,
OPTSTK,NAVINFLUOR,27-Jun-2024,3660.0,PE,0.0,0.0,0.0,392.6,291.2,0,0.0,0,0,06-MAY-2024,
OPTSTK,NAVINFLUOR,27-Jun-2024,3680.0,PE,0.0,0.0,0.0,562.5,304.7,0,0.0,0,0,06-MAY-2024,
OPTSTK,NAVINFLUOR,27-Jun-2024,3720.0,PE,0.0,0.0,0.0,595.35,332.6,0,0.0,0,0,06-MAY-2024,
OPTSTK,NAVINFLUOR,27-Jun-2024,3760.0,PE,0.0,0.0,0.0,628.75,361.55,0,0.0,0,0,06-MAY-2024,
OPTSTK,NAVINFLUOR,27-Jun-2024,3800.0,PE,0.0,0.0,0.0,662.75,391.7,0,0.0,0,0,06-MAY-2024,
OPTSTK,NAVINFLUOR,27-Jun-2024,3840.0,PE,0.0,0.0,0.0,697.2,422.55,0,0.0,0,0,06-MAY-2024,
OPTSTK,NAVINFLUOR,27-Jun-2024,3880.0,PE,0.0,0.0,0.0,701.15,454.35,0,0.0,0,0,06-MAY-2024,
OPTSTK,NAVINFLUOR,25-Jul-2024,2800.0,CE,0.0,0.0,0.0,598.3,705.8,0,0.0,0,0,06-MAY-2024,
OPTSTK,NAVINFLUOR,25-Jul-2024,2880.0,CE,0.0,0.0,0.0,534.75,636.45,0,0.0,0,0,06-MAY-2024,
OPTSTK,NAVINFLUOR,25-Jul-2024,2960.0,CE,0.0,0.0,0.0,474.85,570.0,0,0.0,0,0,06-MAY-2024,
OPTSTK,NAVINFLUOR,25-Jul-2024,3040.0,CE,0.0,0.0,0.0,418.7,506.85,0,0.0,0,0,06-MAY-2024,
OPTSTK,NAVINFLUOR,25-Jul-2024,3080.0,CE,0.0,0.0,0.0,392.05,476.7,0,0.0,0,0,06-MAY-2024,
OPTSTK,NAVINFLUOR,25-Jul-2024,3120.0,CE,0.0,0.0,0.0,366.6,447.55,0,0.0,0,0,06-MAY-2024,
OPTSTK,NAVINFLUOR,25-Jul-2024,3160.0,CE,0.0,0.0,0.0,342.25,419.35,0,0.0,0,0,06-MAY-2024,
OPTSTK,NAVINFLUOR,25-Jul-2024,3200.0,CE,0.0,0.0,0.0,318.95,392.05,0,0.0,0,0,06-MAY-2024,
OPTSTK,NAVINFLUOR,25-Jul-2024,3240.0,CE,0.0,0.0,0.0,296.7,366.0,0,0.0,0,0,06-MAY-2024,
OPTSTK,NAVINFLUOR,25-Jul-2024,3280.0,CE,0.0,0.0,0.0,275.6,341.0,0,0.0,0,0,06-MAY-2024,
OPTSTK,NAVINFLUOR,25-Jul-2024,3320.0,CE,0.0,0.0,0.0,255.55,317.15,0,0.0,0,0,06-MAY-2024,
OPTSTK,NAVINFLUOR,25-Jul-2024,3360.0,CE,0.0,0.0,0.0,236.55,294.45,0,0.0,0,0,06-MAY-2024,
OPTSTK,NAVINFLUOR,25-Jul-2024,3400.0,CE,0.0,0.0,0.0,218.6,272.8,0,0.0,0,0,06-MAY-2024,
OPTSTK,NAVINFLUOR,25-Jul-2024,3440.0,CE,0.0,0.0,0.0,201.7,252.3,0,0.0,0,0,06-MAY-2024,
OPTSTK,NAVINFLUOR,25-Jul-2024,3480.0,CE,0.0,0.0,0.0,185.8,232.9,0,0.0,0,0,06-MAY-2024,
OPTSTK,NAVINFLUOR,25-Jul-2024,3520.0,CE,0.0,0.0,0.0,170.9,214.65,0,0.0,0,0,06-MAY-2024,
OPTSTK,NAVINFLUOR,25-Jul-2024,3560.0,CE,0.0,0.0,0.0,156.95,197.45,0,0.0,0,0,06-MAY-2024,
OPTSTK,NAVINFLUOR,25-Jul-2024,3600.0,CE,0.0,0.0,0.0,143.9,181.25,0,0.0,0,0,06-MAY-2024,
OPTSTK,NAVINFLUOR,25-Jul-2024,3640.0,CE,0.0,0.0,0.0,131.75,166.15,0,0.0,0,0,06-MAY-2024,
OPTSTK,NAVINFLUOR,25-Jul-2024,3680.0,CE,0.0,0.0,0.0,120.4,152.0,0,0.0,0,0,06-MAY-2024,
OPTSTK,NAVINFLUOR,25-Jul-2024,3760.0,CE,0.0,0.0,0.0,100.35,126.55,0,0.0,0,0,06-MAY-2024,
OPTSTK,NAVINFLUOR,25-Jul-2024,3840.0,CE,0.0,0.0,0.0,83.1,104.7,0,0.0,0,0,06-MAY-2024,
OPTSTK,NAVINFLUOR,25-Jul-2024,3920.0,CE,0.0,0.0,0.0,68.3,86.25,0,0.0,0,0,06-MAY-2024,
OPTSTK,NAVINFLUOR,25-Jul-2024,2800.0,PE,0.0,0.0,0.0,40.9,20.75,0,0.0,0,0,06-MAY-2024,
OPTSTK,NAVINFLUOR,25-Jul-2024,2880.0,PE,0.0,0.0,0.0,55.9,30.1,0,0.0,0,0,06-MAY-2024,
OPTSTK,NAVINFLUOR,25-Jul-2024,2960.0,PE,0.0,0.0,0.0,74.55,42.4,0,0.0,0,0,06-MAY-2024,
OPTSTK,NAVINFLUOR,25-Jul-2024,3040.0,PE,0.0,0.0,0.0,96.95,58.0,0,0.0,0,0,06-MAY-2024,
OPTSTK,NAVINFLUOR,25-Jul-2024,3080.0,PE,0.0,0.0,0.0,109.6,67.2,0,0.0,0,0,06-MAY-2024,
OPTSTK,NAVINFLUOR,25-Jul-2024,3120.0,PE,0.0,0.0,0.0,123.4,77.45,0,0.0,0,0,06-MAY-2024,
OPTSTK,NAVINFLUOR,25-Jul-2024,3160.0,PE,0.0,0.0,0.0,138.3,88.6,0,0.0,0,0,06-MAY-2024,
OPTSTK,NAVINFLUOR,25-Jul-2024,3200.0,PE,0.0,0.0,0.0,154.3,100.65,0,0.0,0,0,06-MAY-2024,
OPTSTK,NAVINFLUOR,25-Jul-2024,3240.0,PE,0.0,0.0,0.0,171.35,113.95,0,0.0,0,0,06-MAY-2024,
OPTSTK,NAVINFLUOR,25-Jul-2024,3280.0,PE,0.0,0.0,0.0,189.5,128.35,0,0.0,0,0,06-MAY-2024,
OPTSTK,NAVINFLUOR,25-Jul-2024,3320.0,PE,0.0,0.0,0.0,208.7,143.9,0,0.0,0,0,06-MAY-2024,
OPTSTK,NAVINFLUOR,25-Jul-2024,3360.0,PE,0.0,0.0,0.0,229.0,160.5,0,0.0,0,0,06-MAY-2024,
OPTSTK,NAVINFLUOR,25-Jul-2024,3400.0,PE,0.0,0.0,0.0,250.35,178.25,0,0.0,0,0,06-MAY-2024,
OPTSTK,NAVINFLUOR,25-Jul-2024,3440.0,PE,0.0,0.0,0.0,272.75,197.15,0,0.0,0,0,06-MAY-2024,
OPTSTK,NAVINFLUOR,25-Jul-2024,3480.0,PE,0.0,0.0,0.0,296.1,217.1,0,0.0,0,0,06-MAY-2024,
OPTSTK,NAVINFLUOR,25-Jul-2024,3520.0,PE,0.0,0.0,0.0,320.5,238.2,0,0.0,0,0,06-MAY-2024,
OPTSTK,NAVINFLUOR,25-Jul-2024,3560.0,PE,0.0,0.0,0.0,345.8,260.35,0,0.0,0,0,06-MAY-2024,
OPTSTK,NAVINFLUOR,25-Jul-2024,3600.0,PE,0.0,0.0,0.0,372.05,283.55,0,0.0,0,0,06-MAY-2024,
OPTSTK,NAVINFLUOR,25-Jul-2024,3640.0,PE,0.0,0.0,0.0,399.15,307.8,0,0.0,0,0,06-MAY-2024,
OPTSTK,NAVINFLUOR,25-Jul-2024,3680.0,PE,0.0,0.0,0.0,427.1,333.0,0,0.0,0,0,06-MAY-2024,
OPTSTK,NAVINFLUOR,25-Jul-2024,3760.0,PE,0.0,0.0,0.0,485.6,386.35,0,0.0,0,0,06-MAY-2024,
OPTSTK,NAVINFLUOR,25-Jul-2024,3840.0,PE,0.0,0.0,0.0,546.9,443.2,0,0.0,0,0,06-MAY-2024,
OPTSTK,NAVINFLUOR,25-Jul-2024,3920.0,PE,0.0,0.0,0.0,610.65,503.45,0,0.0,0,0,06-MAY-2024,
OPTSTK,NESTLEIND,30-May-2024,2040.0,CE,0.0,0.0,0.0,594.05,426.85,0,0.0,0,0,06-MAY-2024,
OPTSTK,NESTLEIND,30-May-2024,2080.0,CE,0.0,0.0,0.0,555.3,387.1,0,0.0,0,0,06-MAY-2024,
OPTSTK,NESTLEIND,30-May-2024,2120.0,CE,0.0,0.0,0.0,516.85,347.4,0,0.0,0,0,06-MAY-2024,
OPTSTK,NESTLEIND,30-May-2024,2160.0,CE,0.0,0.0,0.0,478.8,307.95,0,0.0,0,0,06-MAY-2024,
OPTSTK,NESTLEIND,30-May-2024,2200.0,CE,0.0,0.0,0.0,441.25,268.95,0,0.0,0,0,06-MAY-2024,
OPTSTK,NESTLEIND,30-May-2024,2220.0,CE,0.0,0.0,0.0,431.4,249.75,0,0.0,0,0,06-MAY-2024,
OPTSTK,NESTLEIND,30-May-2024,2240.0,CE,0.0,0.0,0.0,404.45,230.75,0,0.0,0,0,06-MAY-2024,
OPTSTK,NESTLEIND,30-May-2024,2260.0,CE,0.0,0.0,0.0,393.2,212.1,0,0.0,0,0,06-MAY-2024,
OPTSTK,NESTLEIND,30-May-2024,2280.0,CE,203.0,208.0,203.0,208.0,193.85,2,9.94,800,200,06-MAY-2024,
OPTSTK,NESTLEIND,30-May-2024,2300.0,CE,188.4,188.4,179.1,179.1,176.15,3,14.89,1600,0,06-MAY-2024,
OPTSTK,NESTLEIND,30-May-2024,2320.0,CE,166.25,166.25,166.25,166.25,159.0,1,4.97,600,200,06-MAY-2024,
OPTSTK,NESTLEIND,30-May-2024,2340.0,CE,154.05,159.15,145.2,148.4,142.55,11,54.83,600,0,06-MAY-2024,
OPTSTK,NESTLEIND,30-May-2024,2360.0,CE,137.25,137.75,130.05,130.05,126.85,9,44.89,600,600,06-MAY-2024,
OPTSTK,NESTLEIND,30-May-2024,2380.0,CE,0.0,0.0,0.0,168.55,112.0,0,0.0,400,0,06-MAY-2024,
OPTSTK,NESTLEIND,30-May-2024,2400.0,CE,104.6,114.6,99.05,103.1,103.1,34,170.29,12000,0,06-MAY-2024,
OPTSTK,NESTLEIND,30-May-2024,2420.0,CE,95.2,100.0,84.25,90.0,85.3,10,50.21,1800,800,06-MAY-2024,
OPTSTK,NESTLEIND,30-May-2024,2440.0,CE,77.6,88.6,71.55,76.4,73.45,45,226.69,14400,-1600,06-MAY-2024,
OPTSTK,NESTLEIND,30-May-2024,2460.0,CE,66.7,76.05,60.9,65.7,65.7,360,1819.73,29400,4800,06-MAY-2024,
OPTSTK,NESTLEIND,30-May-2024,2480.0,CE,54.35,64.65,51.65,56.05,56.05,281,1426.01,27600,2200,06-MAY-2024,
OPTSTK,NESTLEIND,30-May-2024,2500.0,CE,54.0,54.6,43.4,47.0,47.0,973,4959.14,208200,-15400,06-MAY-2024,
OPTSTK,NESTLEIND,30-May-2024,2520.0,CE,40.6,45.85,36.5,39.25,39.25,170,870.46,55000,400,06-MAY-2024,
OPTSTK,NESTLEIND,30-May-2024,2540.0,CE,30.95,37.9,30.0,32.7,32.7,308,1585.21,108000,-2400,06-MAY-2024,
OPTSTK,NESTLEIND,30-May-2024,2560.0,CE,26.0,31.1,24.95,27.2,27.2,332,1718.39,131000,-11400,06-MAY-2024,
OPTSTK,NESTLEIND,30-May-2024,2580.0,CE,21.25,24.4,20.4,22.3,22.3,85,442.39,54000,-200,06-MAY-2024,
OPTSTK,NESTLEIND,30-May-2024,2600.0,CE,18.7,20.45,16.3,18.3,18.3,867,4540.13,433000,5000,06-MAY-2024,
OPTSTK,NESTLEIND,30-May-2024,2620.0,CE,13.9,16.5,13.5,14.4,12.65,39,205.5,28200,-400,06-MAY-2024,
OPTSTK,NESTLEIND,30-May-2024,2640.0,CE,12.0,13.9,10.55,12.7,12.7,309,1639.14,39800,-23200,06-MAY-2024,
OPTSTK,NESTLEIND,30-May-2024,2660.0,CE,9.8,11.5,8.5,10.65,10.65,146,779.75,27800,2400,06-MAY-2024,
OPTSTK,NESTLEIND,30-May-2024,2680.0,CE,8.75,9.5,7.75,8.35,5.9,15,80.66,1400,0,06-MAY-2024,
OPTSTK,NESTLEIND,30-May-2024,2700.0,CE,6.8,8.4,5.9,7.8,7.8,662,3584.39,204200,-19200,06-MAY-2024,
OPTSTK,NESTLEIND,30-May-2024,2720.0,CE,5.1,6.75,5.1,6.05,3.35,16,87.23,9000,800,06-MAY-2024,
OPTSTK,NESTLEIND,30-May-2024,2740.0,CE,4.95,6.1,4.65,5.45,5.45,43,236.1,23000,4000,06-MAY-2024,
OPTSTK,NESTLEIND,30-May-2024,2760.0,CE,0.0,0.0,0.0,6.25,1.85,0,0.0,400,0,06-MAY-2024,
OPTSTK,NESTLEIND,30-May-2024,2780.0,CE,0.0,0.0,0.0,7.7,1.35,0,0.0,200,0,06-MAY-2024,
OPTSTK,NESTLEIND,30-May-2024,2800.0,CE,3.5,4.35,2.6,3.95,3.95,83,465.39,115000,-5600,06-MAY-2024,
OPTSTK,NESTLEIND,30-May-2024,2840.0,CE,0.0,0.0,0.0,46.1,0.5,0,0.0,0,0,06-MAY-2024,
OPTSTK,NESTLEIND,30-May-2024,2860.0,CE,1.0,1.35,1.0,1.05,1.05,7,40.05,34200,-600,06-MAY-2024,
OPTSTK,NESTLEIND,30-May-2024,2880.0,CE,0.0,0.0,0.0,3.95,0.25,0,0.0,200,0,06-MAY-2024,
OPTSTK,NESTLEIND,30-May-2024,2920.0,CE,0.0,0.0,0.0,30.05,0.15,0,0.0,0,0,06-MAY-2024,
OPTSTK,NESTLEIND,30-May-2024,2960.0,CE,0.0,0.0,0.0,13.35,0.05,0,0.0,400,0,06-MAY-2024,
OPTSTK,NESTLEIND,30-May-2024,3000.0,CE,1.5,1.5,1.0,1.05,1.05,30,180.06,129800,-3200,06-MAY-2024,
OPTSTK,NESTLEIND,30-May-2024,3040.0,CE,0.0,0.0,0.0,0.15,0.05,0,0.0,400,0,06-MAY-2024,
OPTSTK,NESTLEIND,30-May-2024,2040.0,PE,0.0,0.0,0.0,0.8,0.05,0,0.0,0,0,06-MAY-2024,
OPTSTK,NESTLEIND,30-May-2024,2080.0,PE,0.0,0.0,0.0,1.3,0.1,0,0.0,0,0,06-MAY-2024,
OPTSTK,NESTLEIND,30-May-2024,2100.0,PE,1.95,2.0,1.6,1.95,1.95,7,29.42,3800,-400,06-MAY-2024,
OPTSTK,NESTLEIND,30-May-2024,2120.0,PE,0.0,0.0,0.0,4.75,0.25,0,0.0,400,0,06-MAY-2024,
OPTSTK,NESTLEIND,30-May-2024,2160.0,PE,0.0,0.0,0.0,3.35,0.6,0,0.0,0,0,06-MAY-2024,
OPTSTK,NESTLEIND,30-May-2024,2180.0,PE,0.0,0.0,0.0,4.35,0.95,0,0.0,400,0,06-MAY-2024,
OPTSTK,NESTLEIND,30-May-2024,2200.0,PE,2.0,2.65,1.5,2.55,2.55,293,1290.46,95400,8600,06-MAY-2024,
OPTSTK,NESTLEIND,30-May-2024,2220.0,PE,3.5,3.5,3.5,3.5,3.5,18,80.04,4000,0,06-MAY-2024,
OPTSTK,NESTLEIND,30-May-2024,2240.0,PE,4.2,5.2,4.05,4.7,4.7,120,538.68,33200,14200,06-MAY-2024,
OPTSTK,NESTLEIND,30-May-2024,2260.0,PE,0.0,0.0,0.0,2.6,4.3,0,0.0,2800,0,06-MAY-2024,
OPTSTK,NESTLEIND,30-May-2024,2280.0,PE,7.45,7.45,7.45,7.45,5.95,1,4.57,5000,-200,06-MAY-2024,
OPTSTK,NESTLEIND,30-May-2024,2300.0,PE,7.4,10.35,6.4,9.5,9.5,494,2281.09,102000,-12400,06-MAY-2024,
OPTSTK,NESTLEIND,30-May-2024,2320.0,PE,9.0,12.85,9.0,11.6,11.6,51,237.77,19400,1200,06-MAY-2024,
OPTSTK,NESTLEIND,30-May-2024,2340.0,PE,10.95,16.2,10.95,14.45,14.45,57,268.32,19200,400,06-MAY-2024,
OPTSTK,NESTLEIND,30-May-2024,2360.0,PE,17.25,19.5,13.4,19.0,18.55,31,147.33,21200,600,06-MAY-2024,
OPTSTK,NESTLEIND,30-May-2024,2380.0,PE,17.65,22.9,17.5,21.9,21.9,31,148.83,10600,-1000,06-MAY-2024,
OPTSTK,NESTLEIND,30-May-2024,2400.0,PE,23.55,30.05,19.9,26.9,26.9,759,3682.13,206000,-9600,06-MAY-2024,
OPTSTK,NESTLEIND,30-May-2024,2420.0,PE,34.0,36.0,25.0,32.95,32.95,34,166.77,23400,400,06-MAY-2024,
OPTSTK,NESTLEIND,30-May-2024,2440.0,PE,31.75,44.8,31.2,39.9,39.9,82,406.7,33400,-2200,06-MAY-2024,
OPTSTK,NESTLEIND,30-May-2024,2460.0,PE,41.25,53.45,38.0,48.8,48.8,154,772.32,217200,200,06-MAY-2024,
OPTSTK,NESTLEIND,30-May-2024,2480.0,PE,50.0,64.2,48.0,59.1,59.1,54,273.85,19600,400,06-MAY-2024,
OPTSTK,NESTLEIND,30-May-2024,2500.0,PE,66.65,75.45,58.5,69.95,69.95,136,698.32,208400,-2200,06-MAY-2024,
OPTSTK,NESTLEIND,30-May-2024,2520.0,PE,73.8,77.0,73.8,77.0,87.9,3,15.57,15600,0,06-MAY-2024,
OPTSTK,NESTLEIND,30-May-2024,2540.0,PE,83.1,101.85,83.1,101.85,101.25,3,15.8,24600,-200,06-MAY-2024,
OPTSTK,NESTLEIND,30-May-2024,2560.0,PE,109.45,109.45,109.45,109.45,109.45,1,5.33,33000,0,06-MAY-2024,
OPTSTK,NESTLEIND,30-May-2024,2580.0,PE,0.0,0.0,0.0,131.85,130.7,0,0.0,8400,0,06-MAY-2024,
OPTSTK,NESTLEIND,30-May-2024,2600.0,PE,126.0,140.0,126.0,140.0,146.55,4,21.84,29600,-200,06-MAY-2024,
OPTSTK,NESTLEIND,30-May-2024,2620.0,PE,0.0,0.0,0.0,152.85,163.15,0,0.0,4000,0,06-MAY-2024,
OPTSTK,NESTLEIND,30-May-2024,2640.0,PE,0.0,0.0,0.0,115.45,180.3,0,0.0,400,0,06-MAY-2024,
OPTSTK,NESTLEIND,30-May-2024,2660.0,PE,0.0,0.0,0.0,144.5,198.0,0,0.0,400,0,06-MAY-2024,
OPTSTK,NESTLEIND,30-May-2024,2680.0,PE,0.0,0.0,0.0,147.6,216.15,0,0.0,200,0,06-MAY-2024,
OPTSTK,NESTLEIND,30-May-2024,2700.0,PE,0.0,0.0,0.0,173.4,234.6,0,0.0,8000,0,06-MAY-2024,
OPTSTK,NESTLEIND,30-May-2024,2720.0,PE,0.0,0.0,0.0,181.4,253.45,0,0.0,1200,0,06-MAY-2024,
OPTSTK,NESTLEIND,30-May-2024,2740.0,PE,0.0,0.0,0.0,143.65,272.5,0,0.0,0,0,06-MAY-2024,
OPTSTK,NESTLEIND,30-May-2024,2760.0,PE,0.0,0.0,0.0,181.9,291.75,0,0.0,0,0,06-MAY-2024,
OPTSTK,NESTLEIND,30-May-2024,2800.0,PE,0.0,0.0,0.0,209.2,330.7,0,0.0,0,0,06-MAY-2024,
OPTSTK,NESTLEIND,30-May-2024,2840.0,PE,0.0,0.0,0.0,238.35,370.0,0,0.0,0,0,06-MAY-2024,
OPTSTK,NESTLEIND,30-May-2024,2860.0,PE,0.0,0.0,0.0,284.2,389.8,0,0.0,400,0,06-MAY-2024,
OPTSTK,NESTLEIND,30-May-2024,2880.0,PE,0.0,0.0,0.0,268.85,409.6,0,0.0,0,0,06-MAY-2024,
OPTSTK,NESTLEIND,30-May-2024,2920.0,PE,0.0,0.0,0.0,300.85,449.25,0,0.0,0,0,06-MAY-2024,
OPTSTK,NESTLEIND,27-Jun-2024,2040.0,CE,0.0,0.0,0.0,619.4,439.3,0,0.0,0,0,06-MAY-2024,
OPTSTK,NESTLEIND,27-Jun-2024,2080.0,CE,0.0,0.0,0.0,580.5,400.45,0,0.0,0,0,06-MAY-2024,
OPTSTK,NESTLEIND,27-Jun-2024,2120.0,CE,0.0,0.0,0.0,541.85,362.1,0,0.0,0,0,06-MAY-2024,
OPTSTK,NESTLEIND,27-Jun-2024,2160.0,CE,0.0,0.0,0.0,503.55,324.45,0,0.0,0,0,06-MAY-2024,
OPTSTK,NESTLEIND,27-Jun-2024,2200.0,CE,0.0,0.0,0.0,465.65,287.85,0,0.0,0,0,06-MAY-2024,
OPTSTK,NESTLEIND,27-Jun-2024,2220.0,CE,0.0,0.0,0.0,375.1,270.05,0,0.0,0,0,06-MAY-2024,
OPTSTK,NESTLEIND,27-Jun-2024,2240.0,CE,0.0,0.0,0.0,428.4,252.6,0,0.0,0,0,06-MAY-2024,
OPTSTK,NESTLEIND,27-Jun-2024,2260.0,CE,0.0,0.0,0.0,338.2,235.55,0,0.0,0,0,06-MAY-2024,
OPTSTK,NESTLEIND,27-Jun-2024,2280.0,CE,0.0,0.0,0.0,391.85,219.0,0,0.0,0,0,06-MAY-2024,
OPTSTK,NESTLEIND,27-Jun-2024,2300.0,CE,0.0,0.0,0.0,302.4,203.0,0,0.0,0,0,06-MAY-2024,
OPTSTK,NESTLEIND,27-Jun-2024,2320.0,CE,0.0,0.0,0.0,356.3,187.5,0,0.0,0,0,06-MAY-2024,
OPTSTK,NESTLEIND,27-Jun-2024,2340.0,CE,0.0,0.0,0.0,267.95,172.7,0,0.0,0,0,06-MAY-2024,
OPTSTK,NESTLEIND,27-Jun-2024,2360.0,CE,0.0,0.0,0.0,321.95,158.3,0,0.0,0,0,06-MAY-2024,
OPTSTK,NESTLEIND,27-Jun-2024,2380.0,CE,0.0,0.0,0.0,235.1,144.7,0,0.0,0,0,06-MAY-2024,
OPTSTK,NESTLEIND,27-Jun-2024,2400.0,CE,0.0,0.0,0.0,288.9,131.8,0,0.0,0,0,06-MAY-2024,
OPTSTK,NESTLEIND,27-Jun-2024,2420.0,CE,0.0,0.0,0.0,204.2,119.6,0,0.0,0,0,06-MAY-2024,
OPTSTK,NESTLEIND,27-Jun-2024,2440.0,CE,0.0,0.0,0.0,257.4,108.1,0,0.0,0,0,06-MAY-2024,
OPTSTK,NESTLEIND,27-Jun-2024,2460.0,CE,0.0,0.0,0.0,175.45,97.35,0,0.0,0,0,06-MAY-2024,
OPTSTK,NESTLEIND,27-Jun-2024,2480.0,CE,0.0,0.0,0.0,227.75,87.3,0,0.0,0,0,06-MAY-2024,
OPTSTK,NESTLEIND,27-Jun-2024,2500.0,CE,90.75,102.0,90.75,100.0,78.0,48,249.39,13800,5600,06-MAY-2024,
OPTSTK,NESTLEIND,27-Jun-2024,2520.0,CE,0.0,0.0,0.0,199.8,69.45,0,0.0,0,0,06-MAY-2024,
OPTSTK,NESTLEIND,27-Jun-2024,2540.0,CE,0.0,0.0,0.0,125.2,61.55,0,0.0,0,0,06-MAY-2024,
OPTSTK,NESTLEIND,27-Jun-2024,2560.0,CE,0.0,0.0,0.0,174.0,54.35,0,0.0,0,0,06-MAY-2024,
OPTSTK,NESTLEIND,27-Jun-2024,2580.0,CE,0.0,0.0,0.0,103.95,47.8,0,0.0,0,0,06-MAY-2024,
OPTSTK,NESTLEIND,27-Jun-2024,2600.0,CE,52.0,63.0,52.0,63.0,63.0,82,435.91,20400,15000,06-MAY-2024,
OPTSTK,NESTLEIND,27-Jun-2024,2620.0,CE,0.0,0.0,0.0,85.25,36.5,0,0.0,0,0,06-MAY-2024,
OPTSTK,NESTLEIND,27-Jun-2024,2640.0,CE,0.0,0.0,0.0,128.85,31.85,0,0.0,0,0,06-MAY-2024,
OPTSTK,NESTLEIND,27-Jun-2024,2660.0,CE,0.0,0.0,0.0,69.05,27.5,0,0.0,0,0,06-MAY-2024,
OPTSTK,NESTLEIND,27-Jun-2024,2680.0,CE,0.0,0.0,0.0,109.5,23.7,0,0.0,0,0,06-MAY-2024,
OPTSTK,NESTLEIND,27-Jun-2024,2700.0,CE,33.0,33.5,33.0,33.5,20.35,27,147.59,5400,5400,06-MAY-2024,
OPTSTK,NESTLEIND,27-Jun-2024,2720.0,CE,0.0,0.0,0.0,92.3,17.4,0,0.0,0,0,06-MAY-2024,
OPTSTK,NESTLEIND,27-Jun-2024,2740.0,CE,18.9,18.9,18.9,18.9,14.85,2,11.03,600,0,06-MAY-2024,
OPTSTK,NESTLEIND,27-Jun-2024,2760.0,CE,0.0,0.0,0.0,77.15,12.6,0,0.0,0,0,06-MAY-2024,
OPTSTK,NESTLEIND,27-Jun-2024,2800.0,CE,0.0,0.0,0.0,63.95,8.95,0,0.0,0,0,06-MAY-2024,
OPTSTK,NESTLEIND,27-Jun-2024,2840.0,CE,0.0,0.0,0.0,52.6,6.3,0,0.0,0,0,06-MAY-2024,
OPTSTK,NESTLEIND,27-Jun-2024,2880.0,CE,0.0,0.0,0.0,43.05,4.35,0,0.0,0,0,06-MAY-2024,
OPTSTK,NESTLEIND,27-Jun-2024,2920.0,CE,0.0,0.0,0.0,34.75,2.95,0,0.0,0,0,06-MAY-2024,
OPTSTK,NESTLEIND,27-Jun-2024,2040.0,PE,0.0,0.0,0.0,0.6,0.85,0,0.0,0,0,06-MAY-2024,
OPTSTK,NESTLEIND,27-Jun-2024,2080.0,PE,0.0,0.0,0.0,1.0,1.6,0,0.0,0,0,06-MAY-2024,
OPTSTK,NESTLEIND,27-Jun-2024,2120.0,PE,0.0,0.0,0.0,1.6,2.85,0,0.0,0,0,06-MAY-2024,
OPTSTK,NESTLEIND,27-Jun-2024,2160.0,PE,0.0,0.0,0.0,2.55,4.8,0,0.0,0,0,06-MAY-2024,
OPTSTK,NESTLEIND,27-Jun-2024,2200.0,PE,0.0,0.0,0.0,4.0,7.8,0,0.0,0,0,06-MAY-2024,
OPTSTK,NESTLEIND,27-Jun-2024,2220.0,PE,0.0,0.0,0.0,4.6,9.75,0,0.0,0,0,06-MAY-2024,
OPTSTK,NESTLEIND,27-Jun-2024,2240.0,PE,0.0,0.0,0.0,6.0,12.1,0,0.0,0,0,06-MAY-2024,
OPTSTK,NESTLEIND,27-Jun-2024,2260.0,PE,0.0,0.0,0.0,7.2,14.9,0,0.0,0,0,06-MAY-2024,
OPTSTK,NESTLEIND,27-Jun-2024,2280.0,PE,0.0,0.0,0.0,8.75,18.15,0,0.0,0,0,06-MAY-2024,
OPTSTK,NESTLEIND,27-Jun-2024,2300.0,PE,0.0,0.0,0.0,10.9,21.9,0,0.0,0,0,06-MAY-2024,
OPTSTK,NESTLEIND,27-Jun-2024,2320.0,PE,0.0,0.0,0.0,12.5,26.2,0,0.0,0,0,06-MAY-2024,
OPTSTK,NESTLEIND,27-Jun-2024,2340.0,PE,0.0,0.0,0.0,15.95,31.15,0,0.0,0,0,06-MAY-2024,
OPTSTK,NESTLEIND,27-Jun-2024,2360.0,PE,0.0,0.0,0.0,17.4,36.6,0,0.0,0,0,06-MAY-2024,
OPTSTK,NESTLEIND,27-Jun-2024,2380.0,PE,0.0,0.0,0.0,22.65,42.75,0,0.0,0,0,06-MAY-2024,
OPTSTK,NESTLEIND,27-Jun-2024,2400.0,PE,51.2,68.0,51.2,65.15,49.65,70,344.05,19400,12200,06-MAY-2024,
OPTSTK,NESTLEIND,27-Jun-2024,2420.0,PE,0.0,0.0,0.0,31.25,57.25,0,0.0,0,0,06-MAY-2024,
OPTSTK,NESTLEIND,27-Jun-2024,2440.0,PE,0.0,0.0,0.0,31.45,65.55,0,0.0,0,0,06-MAY-2024,
OPTSTK,NESTLEIND,27-Jun-2024,2460.0,PE,0.0,0.0,0.0,41.95,74.6,0,0.0,0,0,06-MAY-2024,
OPTSTK,NESTLEIND,27-Jun-2024,2480.0,PE,0.0,0.0,0.0,41.1,84.35,0,0.0,0,0,06-MAY-2024,
OPTSTK,NESTLEIND,27-Jun-2024,2500.0,PE,0.0,0.0,0.0,102.95,94.85,0,0.0,2000,0,06-MAY-2024,
OPTSTK,NESTLEIND,27-Jun-2024,2520.0,PE,0.0,0.0,0.0,52.4,106.05,0,0.0,0,0,06-MAY-2024,
OPTSTK,NESTLEIND,27-Jun-2024,2540.0,PE,0.0,0.0,0.0,70.7,117.95,0,0.0,0,0,06-MAY-2024,
OPTSTK,NESTLEIND,27-Jun-2024,2560.0,PE,0.0,0.0,0.0,65.9,130.55,0,0.0,0,0,06-MAY-2024,
OPTSTK,NESTLEIND,27-Jun-2024,2580.0,PE,0.0,0.0,0.0,88.95,143.8,0,0.0,0,0,06-MAY-2024,
OPTSTK,NESTLEIND,27-Jun-2024,2600.0,PE,0.0,0.0,0.0,81.55,157.65,0,0.0,0,0,06-MAY-2024,
OPTSTK,NESTLEIND,27-Jun-2024,2620.0,PE,0.0,0.0,0.0,109.75,172.1,0,0.0,0,0,06-MAY-2024,
OPTSTK,NESTLEIND,27-Jun-2024,2640.0,PE,0.0,0.0,0.0,99.3,187.25,0,0.0,0,0,06-MAY-2024,
OPTSTK,NESTLEIND,27-Jun-2024,2660.0,PE,0.0,0.0,0.0,133.05,202.7,0,0.0,0,0,06-MAY-2024,
OPTSTK,NESTLEIND,27-Jun-2024,2680.0,PE,0.0,0.0,0.0,119.25,218.7,0,0.0,0,0,06-MAY-2024,
OPTSTK,NESTLEIND,27-Jun-2024,2700.0,PE,0.0,0.0,0.0,158.75,235.15,0,0.0,0,0,06-MAY-2024,
OPTSTK,NESTLEIND,27-Jun-2024,2720.0,PE,0.0,0.0,0.0,141.35,252.0,0,0.0,0,0,06-MAY-2024,
OPTSTK,NESTLEIND,27-Jun-2024,2740.0,PE,0.0,0.0,0.0,186.65,269.2,0,0.0,0,0,06-MAY-2024,
OPTSTK,NESTLEIND,27-Jun-2024,2760.0,PE,0.0,0.0,0.0,165.5,286.75,0,0.0,0,0,06-MAY-2024,
OPTSTK,NESTLEIND,27-Jun-2024,2800.0,PE,0.0,0.0,0.0,191.6,322.7,0,0.0,0,0,06-MAY-2024,
OPTSTK,NESTLEIND,27-Jun-2024,2840.0,PE,0.0,0.0,0.0,219.5,359.65,0,0.0,0,0,06-MAY-2024,
OPTSTK,NESTLEIND,27-Jun-2024,2880.0,PE,0.0,0.0,0.0,249.2,397.25,0,0.0,0,0,06-MAY-2024,
OPTSTK,NESTLEIND,27-Jun-2024,2920.0,PE,0.0,0.0,0.0,280.2,435.5,0,0.0,0,0,06-MAY-2024,
OPTSTK,NESTLEIND,25-Jul-2024,2080.0,CE,0.0,0.0,0.0,522.45,415.0,0,0.0,0,0,06-MAY-2024,
OPTSTK,NESTLEIND,25-Jul-2024,2160.0,CE,0.0,0.0,0.0,446.95,342.1,0,0.0,0,0,06-MAY-2024,
OPTSTK,NESTLEIND,25-Jul-2024,2200.0,CE,0.0,0.0,0.0,410.15,307.35,0,0.0,0,0,06-MAY-2024,
OPTSTK,NESTLEIND,25-Jul-2024,2240.0,CE,0.0,0.0,0.0,374.25,274.0,0,0.0,0,0,06-MAY-2024,
OPTSTK,NESTLEIND,25-Jul-2024,2280.0,CE,0.0,0.0,0.0,339.45,242.25,0,0.0,0,0,06-MAY-2024,
OPTSTK,NESTLEIND,25-Jul-2024,2320.0,CE,0.0,0.0,0.0,305.9,212.5,0,0.0,0,0,06-MAY-2024,
OPTSTK,NESTLEIND,25-Jul-2024,2360.0,CE,0.0,0.0,0.0,273.8,184.55,0,0.0,0,0,06-MAY-2024,
OPTSTK,NESTLEIND,25-Jul-2024,2400.0,CE,0.0,0.0,0.0,243.35,158.95,0,0.0,0,0,06-MAY-2024,
OPTSTK,NESTLEIND,25-Jul-2024,2440.0,CE,0.0,0.0,0.0,214.7,135.65,0,0.0,0,0,06-MAY-2024,
OPTSTK,NESTLEIND,25-Jul-2024,2480.0,CE,0.0,0.0,0.0,188.05,114.65,0,0.0,0,0,06-MAY-2024,
OPTSTK,NESTLEIND,25-Jul-2024,2520.0,CE,0.0,0.0,0.0,163.45,96.0,0,0.0,0,0,06-MAY-2024,
OPTSTK,NESTLEIND,25-Jul-2024,2560.0,CE,0.0,0.0,0.0,141.0,79.6,0,0.0,0,0,06-MAY-2024,
OPTSTK,NESTLEIND,25-Jul-2024,2600.0,CE,0.0,0.0,0.0,120.65,65.4,0,0.0,0,0,06-MAY-2024,
OPTSTK,NESTLEIND,25-Jul-2024,2640.0,CE,0.0,0.0,0.0,102.4,53.2,0,0.0,0,0,06-MAY-2024,
OPTSTK,NESTLEIND,25-Jul-2024,2680.0,CE,0.0,0.0,0.0,86.25,43.0,0,0.0,0,0,06-MAY-2024,
OPTSTK,NESTLEIND,25-Jul-2024,2720.0,CE,0.0,0.0,0.0,72.1,34.3,0,0.0,0,0,06-MAY-2024,
OPTSTK,NESTLEIND,25-Jul-2024,2760.0,CE,0.0,0.0,0.0,59.75,27.15,0,0.0,0,0,06-MAY-2024,
OPTSTK,NESTLEIND,25-Jul-2024,2800.0,CE,0.0,0.0,0.0,49.3,21.25,0,0.0,0,0,06-MAY-2024,
OPTSTK,NESTLEIND,25-Jul-2024,2880.0,CE,0.0,0.0,0.0,32.55,12.75,0,0.0,0,0,06-MAY-2024,
OPTSTK,NESTLEIND,25-Jul-2024,2080.0,PE,0.0,0.0,0.0,2.25,4.7,0,0.0,0,0,06-MAY-2024,
OPTSTK,NESTLEIND,25-Jul-2024,2160.0,PE,0.0,0.0,0.0,5.3,10.55,0,0.0,0,0,06-MAY-2024,
OPTSTK,NESTLEIND,25-Jul-2024,2200.0,PE,0.0,0.0,0.0,7.8,15.15,0,0.0,0,0,06-MAY-2024,
OPTSTK,NESTLEIND,25-Jul-2024,2240.0,PE,0.0,0.0,0.0,11.15,21.15,0,0.0,0,0,06-MAY-2024,
OPTSTK,NESTLEIND,25-Jul-2024,2280.0,PE,0.0,0.0,0.0,15.6,28.8,0,0.0,0,0,06-MAY-2024,
OPTSTK,NESTLEIND,25-Jul-2024,2320.0,PE,0.0,0.0,0.0,21.35,38.4,0,0.0,0,0,06-MAY-2024,
OPTSTK,NESTLEIND,25-Jul-2024,2360.0,PE,0.0,0.0,0.0,28.55,49.85,0,0.0,0,0,06-MAY-2024,
OPTSTK,NESTLEIND,25-Jul-2024,2400.0,PE,85.0,85.0,85.0,85.0,63.6,1,4.97,200,200,06-MAY-2024,
OPTSTK,NESTLEIND,25-Jul-2024,2440.0,PE,0.0,0.0,0.0,48.0,79.65,0,0.0,0,0,06-MAY-2024,
OPTSTK,NESTLEIND,25-Jul-2024,2480.0,PE,0.0,0.0,0.0,60.6,98.05,0,0.0,0,0,06-MAY-2024,
OPTSTK,NESTLEIND,25-Jul-2024,2520.0,PE,0.0,0.0,0.0,75.3,118.75,0,0.0,0,0,06-MAY-2024,
OPTSTK,NESTLEIND,25-Jul-2024,2560.0,PE,0.0,0.0,0.0,92.1,141.75,0,0.0,0,0,06-MAY-2024,
OPTSTK,NESTLEIND,25-Jul-2024,2600.0,PE,0.0,0.0,0.0,111.05,166.9,0,0.0,0,0,06-MAY-2024,
OPTSTK,NESTLEIND,25-Jul-2024,2640.0,PE,0.0,0.0,0.0,132.1,194.05,0,0.0,0,0,06-MAY-2024,
OPTSTK,NESTLEIND,25-Jul-2024,2680.0,PE,0.0,0.0,0.0,155.2,223.25,0,0.0,0,0,06-MAY-2024,
OPTSTK,NESTLEIND,25-Jul-2024,2720.0,PE,0.0,0.0,0.0,180.3,253.9,0,0.0,0,0,06-MAY-2024,
OPTSTK,NESTLEIND,25-Jul-2024,2760.0,PE,0.0,0.0,0.0,207.25,286.1,0,0.0,0,0,06-MAY-2024,
OPTSTK,NESTLEIND,25-Jul-2024,2800.0,PE,0.0,0.0,0.0,236.05,319.6,0,0.0,0,0,06-MAY-2024,
OPTSTK,NESTLEIND,25-Jul-2024,2880.0,PE,0.0,0.0,0.0,297.9,389.8,0,0.0,0,0,06-MAY-2024,
OPTSTK,NMDC,30-May-2024,190.0,CE,0.0,0.0,0.0,52.0,80.3,0,0.0,94500,0,06-MAY-2024,
OPTSTK,NMDC,30-May-2024,200.0,CE,67.7,69.5,67.7,69.5,70.35,2,24.17,243000,-4500,06-MAY-2024,
OPTSTK,NMDC,30-May-2024,207.5,CE,0.0,0.0,0.0,56.55,62.95,0,0.0,4500,0,06-MAY-2024,
OPTSTK,NMDC,30-May-2024,210.0,CE,0.0,0.0,0.0,47.0,60.5,0,0.0,85500,0,06-MAY-2024,
OPTSTK,NMDC,30-May-2024,215.0,CE,0.0,0.0,0.0,26.0,55.6,0,0.0,4500,0,06-MAY-2024,
OPTSTK,NMDC,30-May-2024,220.0,CE,41.05,51.05,41.05,50.1,50.75,4,48.17,450000,-13500,06-MAY-2024,
OPTSTK,NMDC,30-May-2024,225.0,CE,44.3,44.3,44.3,44.3,46.0,1,12.11,85500,0,06-MAY-2024,
OPTSTK,NMDC,30-May-2024,227.5,CE,0.0,0.0,0.0,18.0,43.65,0,0.0,4500,0,06-MAY-2024,
OPTSTK,NMDC,30-May-2024,230.0,CE,41.05,42.0,34.0,41.4,41.35,13,157.77,315000,-27000,06-MAY-2024,
OPTSTK,NMDC,30-May-2024,232.5,CE,0.0,0.0,0.0,33.6,39.1,0,0.0,22500,0,06-MAY-2024,
OPTSTK,NMDC,30-May-2024,235.0,CE,34.6,34.6,34.6,34.6,36.85,1,12.13,283500,4500,06-MAY-2024,
OPTSTK,NMDC,30-May-2024,237.5,CE,0.0,0.0,0.0,28.0,34.65,0,0.0,45000,0,06-MAY-2024,
OPTSTK,NMDC,30-May-2024,240.0,CE,32.85,34.65,22.4,33.4,32.5,78,947.31,823500,-90000,06-MAY-2024,
OPTSTK,NMDC,30-May-2024,242.5,CE,31.7,31.7,30.6,30.6,30.6,11,135.59,189000,-45000,06-MAY-2024,
OPTSTK,NMDC,30-May-2024,245.0,CE,27.95,31.1,20.25,28.4,28.4,20,243.12,531000,-9000,06-MAY-2024,
OPTSTK,NMDC,30-May-2024,247.5,CE,18.75,25.3,18.75,25.3,26.45,2,24.25,49500,-4500,06-MAY-2024,
OPTSTK,NMDC,30-May-2024,250.0,CE,23.7,26.95,15.0,24.8,24.8,310,3782.98,2052000,63000,06-MAY-2024,
OPTSTK,NMDC,30-May-2024,252.5,CE,19.9,24.7,15.65,22.3,22.3,25,307.57,144000,18000,06-MAY-2024,
OPTSTK,NMDC,30-May-2024,255.0,CE,19.9,22.95,11.8,20.65,20.65,113,1389.88,576000,-54000,06-MAY-2024,
OPTSTK,NMDC,30-May-2024,257.5,CE,15.6,21.3,10.7,18.5,18.5,63,773.53,198000,-22500,06-MAY-2024,
OPTSTK,NMDC,30-May-2024,260.0,CE,17.3,19.7,9.5,17.0,17.0,2069,25515.9,6034500,-279000,06-MAY-2024,
OPTSTK,NMDC,30-May-2024,262.5,CE,15.05,17.85,8.45,15.3,15.3,298,3687.37,252000,-130500,06-MAY-2024,
OPTSTK,NMDC,30-May-2024,265.0,CE,14.2,16.6,7.5,14.15,14.15,1734,21595.89,1305000,-85500,06-MAY-2024,
OPTSTK,NMDC,30-May-2024,267.5,CE,12.35,15.2,6.6,12.85,12.85,578,7260.75,333000,-103500,06-MAY-2024,
OPTSTK,NMDC,30-May-2024,270.0,CE,11.9,13.75,5.75,11.5,11.5,6581,83051.86,6030000,-387000,06-MAY-2024,
OPTSTK,NMDC,30-May-2024,272.5,CE,10.8,12.5,5.1,10.25,10.25,654,8315.83,900000,207000,06-MAY-2024,
OPTSTK,NMDC,30-May-2024,275.0,CE,9.5,11.35,4.45,9.25,9.25,2453,31292.67,1683000,-76500,06-MAY-2024,
OPTSTK,NMDC,30-May-2024,277.5,CE,8.8,10.25,3.85,8.2,8.2,201,2572.68,148500,4500,06-MAY-2024,
OPTSTK,NMDC,30-May-2024,280.0,CE,7.55,9.15,3.35,7.3,7.3,3992,51484.43,4374000,436500,06-MAY-2024,
OPTSTK,NMDC,30-May-2024,282.5,CE,5.05,8.0,3.65,6.35,6.35,81,1052.74,99000,99000,06-MAY-2024,
OPTSTK,NMDC,30-May-2024,285.0,CE,5.75,7.35,2.5,5.65,5.65,1195,15600.61,1044000,36000,06-MAY-2024,
OPTSTK,NMDC,30-May-2024,287.5,CE,4.5,6.3,2.5,5.0,5.0,40,525.88,63000,63000,06-MAY-2024,
OPTSTK,NMDC,30-May-2024,290.0,CE,4.65,5.9,1.85,4.35,4.35,2983,39452.84,2965500,-76500,06-MAY-2024,
OPTSTK,NMDC,30-May-2024,295.0,CE,2.85,4.45,1.4,3.4,3.4,242,3245.89,292500,292500,06-MAY-2024,
OPTSTK,NMDC,30-May-2024,300.0,CE,2.55,3.65,1.0,2.65,2.65,1456,19823.27,1341000,1341000,06-MAY-2024,
OPTSTK,NMDC,30-May-2024,170.0,PE,0.15,0.15,0.1,0.1,0.0,5,38.27,112500,-9000,06-MAY-2024,
OPTSTK,NMDC,30-May-2024,185.0,PE,0.05,0.15,0.05,0.1,0.0,6,49.97,13500,-4500,06-MAY-2024,
OPTSTK,NMDC,30-May-2024,190.0,PE,0.15,0.15,0.15,0.15,0.0,3,25.67,387000,0,06-MAY-2024,
OPTSTK,NMDC,30-May-2024,195.0,PE,0.15,0.15,0.15,0.15,0.05,13,114.16,198000,-58500,06-MAY-2024,
OPTSTK,NMDC,30-May-2024,200.0,PE,0.2,0.25,0.15,0.2,0.2,28,252.24,607500,-18000,06-MAY-2024,
OPTSTK,NMDC,30-May-2024,205.0,PE,0.0,0.0,0.0,0.25,0.05,0,0.0,49500,0,06-MAY-2024,
OPTSTK,NMDC,30-May-2024,210.0,PE,0.25,0.3,0.2,0.25,0.1,23,217.62,787500,-36000,06-MAY-2024,
OPTSTK,NMDC,30-May-2024,212.5,PE,0.0,0.0,0.0,0.25,0.15,0,0.0,13500,0,06-MAY-2024,
OPTSTK,NMDC,30-May-2024,215.0,PE,0.25,0.5,0.25,0.25,0.2,124,1201.4,382500,-4500,06-MAY-2024,
OPTSTK,NMDC,30-May-2024,217.5,PE,0.45,0.6,0.45,0.6,0.25,3,29.43,103500,0,06-MAY-2024,
OPTSTK,NMDC,30-May-2024,220.0,PE,0.4,0.7,0.35,0.45,0.45,370,3670.95,1503000,-220500,06-MAY-2024,
OPTSTK,NMDC,30-May-2024,222.5,PE,0.5,0.8,0.4,0.5,0.5,39,391.58,72000,36000,06-MAY-2024,
OPTSTK,NMDC,30-May-2024,225.0,PE,0.4,1.0,0.4,0.55,0.55,121,1228.65,364500,-45000,06-MAY-2024,
OPTSTK,NMDC,30-May-2024,227.5,PE,0.55,1.05,0.55,0.7,0.7,24,246.51,45000,-22500,06-MAY-2024,
OPTSTK,NMDC,30-May-2024,230.0,PE,0.6,1.45,0.6,0.85,0.85,584,6068.55,1327500,-247500,06-MAY-2024,
OPTSTK,NMDC,30-May-2024,232.5,PE,1.25,1.7,0.8,0.95,1.1,26,273.35,58500,-9000,06-MAY-2024,
OPTSTK,NMDC,30-May-2024,235.0,PE,0.85,2.1,0.85,1.2,1.2,388,4128.28,792000,-166500,06-MAY-2024,
OPTSTK,NMDC,30-May-2024,237.5,PE,1.15,2.3,1.15,1.35,1.35,43,463.0,94500,-22500,06-MAY-2024,
OPTSTK,NMDC,30-May-2024,240.0,PE,1.3,3.0,1.2,1.65,1.65,828,9014.26,2259000,121500,06-MAY-2024,
OPTSTK,NMDC,30-May-2024,242.5,PE,1.6,3.15,1.6,1.95,1.95,75,825.59,108000,-9000,06-MAY-2024,
OPTSTK,NMDC,30-May-2024,245.0,PE,1.8,4.3,1.75,2.25,2.25,292,3255.2,1048500,126000,06-MAY-2024,
OPTSTK,NMDC,30-May-2024,247.5,PE,2.25,4.5,2.2,2.75,2.75,75,845.52,274500,63000,06-MAY-2024,
OPTSTK,NMDC,30-May-2024,250.0,PE,2.5,5.8,2.5,3.2,3.2,1679,19166.74,3114000,-135000,06-MAY-2024,
OPTSTK,NMDC,30-May-2024,252.5,PE,3.15,6.55,3.15,3.7,3.7,132,1526.75,252000,81000,06-MAY-2024,
OPTSTK,NMDC,30-May-2024,255.0,PE,3.85,8.0,3.7,4.35,4.35,435,5094.06,688500,-22500,06-MAY-2024,
OPTSTK,NMDC,30-May-2024,257.5,PE,4.5,8.5,4.35,5.1,5.1,146,1730.78,252000,58500,06-MAY-2024,
OPTSTK,NMDC,30-May-2024,260.0,PE,4.65,10.45,4.65,5.85,5.85,1826,21945.62,2101500,-49500,06-MAY-2024,
OPTSTK,NMDC,30-May-2024,262.5,PE,6.05,11.9,5.9,6.75,6.75,184,2241.41,103500,-49500,06-MAY-2024,
OPTSTK,NMDC,30-May-2024,265.0,PE,7.45,13.2,6.85,7.85,7.85,789,9723.77,657000,-63000,06-MAY-2024,
OPTSTK,NMDC,30-May-2024,267.5,PE,8.5,14.65,7.9,8.9,8.9,210,2619.94,166500,22500,06-MAY-2024,
OPTSTK,NMDC,30-May-2024,270.0,PE,10.0,16.55,9.0,10.1,10.1,1173,14823.15,1422000,279000,06-MAY-2024,
OPTSTK,NMDC,30-May-2024,272.5,PE,11.2,16.75,10.15,11.25,11.25,84,1073.2,198000,117000,06-MAY-2024,
OPTSTK,NMDC,30-May-2024,275.0,PE,12.65,18.9,11.5,12.7,12.7,128,1658.69,279000,216000,06-MAY-2024,
OPTSTK,NMDC,30-May-2024,277.5,PE,21.35,21.35,13.5,14.95,15.8,12,158.97,36000,27000,06-MAY-2024,
OPTSTK,NMDC,30-May-2024,280.0,PE,16.7,23.75,14.4,16.5,16.5,56,749.05,279000,58500,06-MAY-2024,
OPTSTK,NMDC,30-May-2024,282.5,PE,0.0,0.0,0.0,57.1,19.0,0,0.0,0,0,06-MAY-2024,
OPTSTK,NMDC,30-May-2024,285.0,PE,27.95,27.95,18.5,18.9,20.7,17,235.0,63000,63000,06-MAY-2024,
OPTSTK,NMDC,30-May-2024,287.5,PE,20.3,24.2,20.3,22.1,22.45,12,167.24,31500,31500,06-MAY-2024,
OPTSTK,NMDC,30-May-2024,290.0,PE,26.5,26.5,21.45,22.95,22.95,44,620.03,207000,103500,06-MAY-2024,
OPTSTK,NMDC,30-May-2024,295.0,PE,0.0,0.0,0.0,59.35,28.15,0,0.0,0,0,06-MAY-2024,
OPTSTK,NMDC,30-May-2024,300.0,PE,0.0,0.0,0.0,71.3,32.25,0,0.0,0,0,06-MAY-2024,
OPTSTK,NMDC,27-Jun-2024,220.0,CE,53.0,53.0,53.0,53.0,53.45,1,12.28,4500,0,06-MAY-2024,
OPTSTK,NMDC,27-Jun-2024,225.0,CE,0.0,0.0,0.0,9.75,49.15,0,0.0,0,0,06-MAY-2024,
OPTSTK,NMDC,27-Jun-2024,230.0,CE,0.0,0.0,0.0,47.45,44.95,0,0.0,9000,0,06-MAY-2024,
OPTSTK,NMDC,27-Jun-2024,235.0,CE,0.0,0.0,0.0,30.0,40.95,0,0.0,4500,0,06-MAY-2024,
OPTSTK,NMDC,27-Jun-2024,237.5,CE,0.0,0.0,0.0,27.8,39.0,0,0.0,0,0,06-MAY-2024,
OPTSTK,NMDC,27-Jun-2024,240.0,CE,0.0,0.0,0.0,6.15,37.1,0,0.0,0,0,06-MAY-2024,
OPTSTK,NMDC,27-Jun-2024,242.5,CE,0.0,0.0,0.0,24.8,35.3,0,0.0,0,0,06-MAY-2024,
OPTSTK,NMDC,27-Jun-2024,245.0,CE,0.0,0.0,0.0,5.2,33.5,0,0.0,0,0,06-MAY-2024,
OPTSTK,NMDC,27-Jun-2024,247.5,CE,0.0,0.0,0.0,22.05,31.75,0,0.0,0,0,06-MAY-2024,
OPTSTK,NMDC,27-Jun-2024,250.0,CE,23.45,31.65,23.45,31.45,31.45,8,100.21,126000,4500,06-MAY-2024,
OPTSTK,NMDC,27-Jun-2024,252.5,CE,0.0,0.0,0.0,19.55,28.4,0,0.0,0,0,06-MAY-2024,
OPTSTK,NMDC,27-Jun-2024,255.0,CE,0.0,0.0,0.0,18.25,26.85,0,0.0,0,0,06-MAY-2024,
OPTSTK,NMDC,27-Jun-2024,257.5,CE,0.0,0.0,0.0,15.65,25.3,0,0.0,9000,0,06-MAY-2024,
OPTSTK,NMDC,27-Jun-2024,260.0,CE,21.0,25.9,18.0,25.65,23.85,44,557.27,207000,-4500,06-MAY-2024,
OPTSTK,NMDC,27-Jun-2024,262.5,CE,0.0,0.0,0.0,15.15,22.45,0,0.0,0,0,06-MAY-2024,
OPTSTK,NMDC,27-Jun-2024,265.0,CE,19.0,19.0,19.0,19.0,21.1,1,12.78,9000,0,06-MAY-2024,
OPTSTK,NMDC,27-Jun-2024,267.5,CE,0.0,0.0,0.0,13.25,19.8,0,0.0,0,0,06-MAY-2024,
OPTSTK,NMDC,27-Jun-2024,270.0,CE,17.75,21.8,13.1,19.95,19.95,135,1751.42,1710000,22500,06-MAY-2024,
OPTSTK,NMDC,27-Jun-2024,272.5,CE,0.0,0.0,0.0,11.55,17.4,0,0.0,0,0,06-MAY-2024,
OPTSTK,NMDC,27-Jun-2024,275.0,CE,12.6,15.4,12.6,15.4,16.3,3,39.07,22500,4500,06-MAY-2024,
OPTSTK,NMDC,27-Jun-2024,277.5,CE,0.0,0.0,0.0,10.0,15.2,0,0.0,0,0,06-MAY-2024,
OPTSTK,NMDC,27-Jun-2024,280.0,CE,14.0,17.2,10.0,15.6,15.6,330,4373.26,3802500,-90000,06-MAY-2024,
OPTSTK,NMDC,27-Jun-2024,282.5,CE,0.0,0.0,0.0,8.65,13.25,0,0.0,0,0,06-MAY-2024,
OPTSTK,NMDC,27-Jun-2024,285.0,CE,0.0,0.0,0.0,3.35,12.35,0,0.0,0,0,06-MAY-2024,
OPTSTK,NMDC,27-Jun-2024,287.5,CE,0.0,0.0,0.0,7.45,11.45,0,0.0,0,0,06-MAY-2024,
OPTSTK,NMDC,27-Jun-2024,290.0,CE,10.45,12.9,10.45,12.05,12.05,19,257.77,103500,40500,06-MAY-2024,
OPTSTK,NMDC,27-Jun-2024,295.0,CE,0.0,0.0,0.0,4.8,9.15,0,0.0,0,0,06-MAY-2024,
OPTSTK,NMDC,27-Jun-2024,300.0,CE,8.2,10.3,8.15,9.55,9.55,85,1183.71,301500,301500,06-MAY-2024,
OPTSTK,NMDC,27-Jun-2024,190.0,PE,0.6,0.6,0.6,0.6,0.2,1,8.57,13500,-4500,06-MAY-2024,
OPTSTK,NMDC,27-Jun-2024,200.0,PE,0.85,1.1,0.85,0.9,0.45,9,81.39,391500,4500,06-MAY-2024,
OPTSTK,NMDC,27-Jun-2024,210.0,PE,1.5,1.5,1.5,1.5,0.95,1,9.51,130500,0,06-MAY-2024,
OPTSTK,NMDC,27-Jun-2024,220.0,PE,2.25,3.1,2.2,2.35,1.8,20,200.5,180000,49500,06-MAY-2024,
OPTSTK,NMDC,27-Jun-2024,225.0,PE,0.0,0.0,0.0,28.95,2.4,0,0.0,0,0,06-MAY-2024,
OPTSTK,NMDC,27-Jun-2024,230.0,PE,4.7,5.1,3.8,3.95,3.2,20,210.74,112500,22500,06-MAY-2024,
OPTSTK,NMDC,27-Jun-2024,235.0,PE,0.0,0.0,0.0,36.25,4.1,0,0.0,0,0,06-MAY-2024,
OPTSTK,NMDC,27-Jun-2024,237.5,PE,0.0,0.0,0.0,10.05,4.65,0,0.0,0,0,06-MAY-2024,
OPTSTK,NMDC,27-Jun-2024,240.0,PE,6.65,8.4,5.4,6.0,6.0,120,1331.9,589500,49500,06-MAY-2024,
OPTSTK,NMDC,27-Jun-2024,242.5,PE,0.0,0.0,0.0,12.05,5.9,0,0.0,0,0,06-MAY-2024,
OPTSTK,NMDC,27-Jun-2024,245.0,PE,0.0,0.0,0.0,44.1,6.55,0,0.0,0,0,06-MAY-2024,
OPTSTK,NMDC,27-Jun-2024,247.5,PE,0.0,0.0,0.0,14.2,7.3,0,0.0,0,0,06-MAY-2024,
OPTSTK,NMDC,27-Jun-2024,250.0,PE,10.0,12.0,8.5,8.9,8.9,25,292.43,445500,76500,06-MAY-2024,
OPTSTK,NMDC,27-Jun-2024,252.5,PE,0.0,0.0,0.0,16.65,8.9,0,0.0,0,0,06-MAY-2024,
OPTSTK,NMDC,27-Jun-2024,255.0,PE,0.0,0.0,0.0,52.45,9.8,0,0.0,0,0,06-MAY-2024,
OPTSTK,NMDC,27-Jun-2024,257.5,PE,0.0,0.0,0.0,19.25,10.75,0,0.0,0,0,06-MAY-2024,
OPTSTK,NMDC,27-Jun-2024,260.0,PE,15.0,16.2,11.9,12.6,12.6,21,258.51,189000,49500,06-MAY-2024,
OPTSTK,NMDC,27-Jun-2024,262.5,PE,0.0,0.0,0.0,22.1,12.85,0,0.0,0,0,06-MAY-2024,
OPTSTK,NMDC,27-Jun-2024,265.0,PE,0.0,0.0,0.0,52.05,14.0,0,0.0,0,0,06-MAY-2024,
OPTSTK,NMDC,27-Jun-2024,267.5,PE,0.0,0.0,0.0,25.15,15.15,0,0.0,0,0,06-MAY-2024,
OPTSTK,NMDC,27-Jun-2024,270.0,PE,17.5,22.05,16.7,16.7,16.4,8,103.88,85500,13500,06-MAY-2024,
OPTSTK,NMDC,27-Jun-2024,272.5,PE,0.0,0.0,0.0,28.35,17.7,0,0.0,0,0,06-MAY-2024,
OPTSTK,NMDC,27-Jun-2024,275.0,PE,0.0,0.0,0.0,60.7,19.05,0,0.0,0,0,06-MAY-2024,
OPTSTK,NMDC,27-Jun-2024,277.5,PE,0.0,0.0,0.0,31.75,20.45,0,0.0,0,0,06-MAY-2024,
OPTSTK,NMDC,27-Jun-2024,280.0,PE,0.0,0.0,0.0,25.0,21.9,0,0.0,18000,0,06-MAY-2024,
OPTSTK,NMDC,27-Jun-2024,282.5,PE,0.0,0.0,0.0,35.35,23.45,0,0.0,0,0,06-MAY-2024,
OPTSTK,NMDC,27-Jun-2024,285.0,PE,0.0,0.0,0.0,59.75,25.0,0,0.0,0,0,06-MAY-2024,
OPTSTK,NMDC,27-Jun-2024,287.5,PE,0.0,0.0,0.0,39.1,26.6,0,0.0,0,0,06-MAY-2024,
OPTSTK,NMDC,27-Jun-2024,290.0,PE,0.0,0.0,0.0,84.15,28.25,0,0.0,0,0,06-MAY-2024,
OPTSTK,NMDC,27-Jun-2024,295.0,PE,0.0,0.0,0.0,54.2,31.7,0,0.0,0,0,06-MAY-2024,
OPTSTK,NMDC,27-Jun-2024,300.0,PE,0.0,0.0,0.0,83.45,35.35,0,0.0,0,0,06-MAY-2024,
OPTSTK,NMDC,25-Jul-2024,220.0,CE,0.0,0.0,0.0,43.3,56.4,0,0.0,0,0,06-MAY-2024,
OPTSTK,NMDC,25-Jul-2024,230.0,CE,0.0,0.0,0.0,36.5,48.45,0,0.0,0,0,06-MAY-2024,
OPTSTK,NMDC,25-Jul-2024,235.0,CE,0.0,0.0,0.0,33.35,44.75,0,0.0,0,0,06-MAY-2024,
OPTSTK,NMDC,25-Jul-2024,240.0,CE,0.0,0.0,0.0,30.4,41.15,0,0.0,0,0,06-MAY-2024,
OPTSTK,NMDC,25-Jul-2024,245.0,CE,0.0,0.0,0.0,27.65,37.75,0,0.0,0,0,06-MAY-2024,
OPTSTK,NMDC,25-Jul-2024,250.0,CE,0.0,0.0,0.0,25.05,34.5,0,0.0,0,0,06-MAY-2024,
OPTSTK,NMDC,25-Jul-2024,255.0,CE,0.0,0.0,0.0,22.65,31.5,0,0.0,0,0,06-MAY-2024,
OPTSTK,NMDC,25-Jul-2024,260.0,CE,0.0,0.0,0.0,20.45,28.65,0,0.0,0,0,06-MAY-2024,
OPTSTK,NMDC,25-Jul-2024,265.0,CE,0.0,0.0,0.0,18.4,25.95,0,0.0,0,0,06-MAY-2024,
OPTSTK,NMDC,25-Jul-2024,270.0,CE,0.0,0.0,0.0,16.5,23.5,0,0.0,0,0,06-MAY-2024,
OPTSTK,NMDC,25-Jul-2024,275.0,CE,0.0,0.0,0.0,14.75,21.15,0,0.0,0,0,06-MAY-2024,
OPTSTK,NMDC,25-Jul-2024,280.0,CE,0.0,0.0,0.0,13.2,19.05,0,0.0,0,0,06-MAY-2024,
OPTSTK,NMDC,25-Jul-2024,285.0,CE,0.0,0.0,0.0,11.75,17.1,0,0.0,0,0,06-MAY-2024,
OPTSTK,NMDC,25-Jul-2024,290.0,CE,0.0,0.0,0.0,10.45,15.3,0,0.0,0,0,06-MAY-2024,
OPTSTK,NMDC,25-Jul-2024,300.0,CE,0.0,0.0,0.0,8.25,12.15,0,0.0,0,0,06-MAY-2024,
OPTSTK,NMDC,25-Jul-2024,220.0,PE,0.0,0.0,0.0,7.05,3.5,0,0.0,0,0,06-MAY-2024,
OPTSTK,NMDC,25-Jul-2024,230.0,PE,0.0,0.0,0.0,10.05,5.4,0,0.0,0,0,06-MAY-2024,
OPTSTK,NMDC,25-Jul-2024,235.0,PE,0.0,0.0,0.0,11.85,6.6,0,0.0,0,0,06-MAY-2024,
OPTSTK,NMDC,25-Jul-2024,240.0,PE,0.0,0.0,0.0,13.8,7.95,0,0.0,0,0,06-MAY-2024,
OPTSTK,NMDC,25-Jul-2024,245.0,PE,0.0,0.0,0.0,15.95,9.45,0,0.0,0,0,06-MAY-2024,
OPTSTK,NMDC,25-Jul-2024,250.0,PE,0.0,0.0,0.0,18.3,11.15,0,0.0,0,0,06-MAY-2024,
OPTSTK,NMDC,25-Jul-2024,255.0,PE,0.0,0.0,0.0,20.8,13.05,0,0.0,0,0,06-MAY-2024,
OPTSTK,NMDC,25-Jul-2024,260.0,PE,0.0,0.0,0.0,23.5,15.1,0,0.0,0,0,06-MAY-2024,
OPTSTK,NMDC,25-Jul-2024,265.0,PE,0.0,0.0,0.0,26.35,17.4,0,0.0,0,0,06-MAY-2024,
OPTSTK,NMDC,25-Jul-2024,270.0,PE,0.0,0.0,0.0,29.4,19.8,0,0.0,0,0,06-MAY-2024,
OPTSTK,NMDC,25-Jul-2024,275.0,PE,0.0,0.0,0.0,32.55,22.45,0,0.0,0,0,06-MAY-2024,
OPTSTK,NMDC,25-Jul-2024,280.0,PE,0.0,0.0,0.0,35.9,25.2,0,0.0,0,0,06-MAY-2024,
OPTSTK,NMDC,25-Jul-2024,285.0,PE,0.0,0.0,0.0,39.35,28.2,0,0.0,0,0,06-MAY-2024,
OPTSTK,NMDC,25-Jul-2024,290.0,PE,0.0,0.0,0.0,43.0,31.3,0,0.0,0,0,06-MAY-2024,
OPTSTK,NMDC,25-Jul-2024,300.0,PE,0.0,0.0,0.0,50.55,38.0,0,0.0,0,0,06-MAY-2024,
OPTSTK,NTPC,30-May-2024,300.0,CE,58.0,58.15,58.0,58.15,58.3,2,10.74,40500,0,06-MAY-2024,
OPTSTK,NTPC,30-May-2024,310.0,CE,0.0,0.0,0.0,53.0,48.55,0,0.0,1500,0,06-MAY-2024,
OPTSTK,NTPC,30-May-2024,315.0,CE,0.0,0.0,0.0,50.55,43.8,0,0.0,177000,0,06-MAY-2024,
OPTSTK,NTPC,30-May-2024,320.0,CE,42.65,42.65,39.75,40.25,39.15,6,32.45,75000,0,06-MAY-2024,
OPTSTK,NTPC,30-May-2024,325.0,CE,36.2,36.6,34.15,35.6,34.65,5,27.06,3000,0,06-MAY-2024,
OPTSTK,NTPC,30-May-2024,330.0,CE,39.85,39.85,29.5,30.3,30.3,21,113.74,55500,-3000,06-MAY-2024,
OPTSTK,NTPC,30-May-2024,335.0,CE,25.8,27.1,25.25,26.6,26.6,34,184.29,36000,22500,06-MAY-2024,
OPTSTK,NTPC,30-May-2024,340.0,CE,30.5,30.5,21.0,22.5,22.5,86,468.12,118500,9000,06-MAY-2024,
OPTSTK,NTPC,30-May-2024,345.0,CE,23.1,23.1,17.75,19.1,19.1,94,513.8,175500,19500,06-MAY-2024,
OPTSTK,NTPC,30-May-2024,350.0,CE,21.6,23.15,14.55,15.75,15.75,798,4383.0,942000,220500,06-MAY-2024,
OPTSTK,NTPC,30-May-2024,355.0,CE,18.7,18.9,11.8,12.85,12.85,1500,8279.51,675000,340500,06-MAY-2024,
OPTSTK,NTPC,30-May-2024,360.0,CE,15.1,16.2,9.3,10.2,10.2,5538,30797.89,2910000,850500,06-MAY-2024,
OPTSTK,NTPC,30-May-2024,365.0,CE,12.55,13.15,7.3,7.95,7.95,3001,16834.74,1479000,130500,06-MAY-2024,
OPTSTK,NTPC,30-May-2024,370.0,CE,9.8,10.4,5.55,5.9,5.9,8915,50379.22,6918000,348000,06-MAY-2024,
OPTSTK,NTPC,30-May-2024,375.0,CE,7.65,8.1,4.1,4.4,4.4,2508,14300.64,4725000,892500,06-MAY-2024,
OPTSTK,NTPC,30-May-2024,380.0,CE,5.65,6.15,3.1,3.25,3.25,7648,44030.93,14242500,765000,06-MAY-2024,
OPTSTK,NTPC,30-May-2024,385.0,CE,4.4,4.6,2.3,2.45,2.45,1716,9987.14,4317000,-120000,06-MAY-2024,
OPTSTK,NTPC,30-May-2024,390.0,CE,3.5,3.55,1.8,1.9,1.9,3281,19304.35,9316500,-99000,06-MAY-2024,
OPTSTK,NTPC,30-May-2024,395.0,CE,2.6,2.75,1.5,1.55,1.55,824,4905.04,664500,37500,06-MAY-2024,
OPTSTK,NTPC,30-May-2024,400.0,CE,2.25,2.35,1.25,1.3,1.3,4487,27026.61,7678500,552000,06-MAY-2024,
OPTSTK,NTPC,30-May-2024,410.0,CE,1.45,1.55,0.85,0.9,0.9,1940,11960.62,3666000,387000,06-MAY-2024,
OPTSTK,NTPC,30-May-2024,420.0,CE,1.05,1.05,0.6,0.65,0.65,1071,6758.72,1624500,223500,06-MAY-2024,
OPTSTK,NTPC,30-May-2024,290.0,PE,0.2,0.4,0.2,0.3,0.3,73,317.88,97500,6000,06-MAY-2024,
OPTSTK,NTPC,30-May-2024,300.0,PE,0.25,0.55,0.25,0.4,0.4,426,1919.56,735000,127500,06-MAY-2024,
OPTSTK,NTPC,30-May-2024,310.0,PE,0.5,0.9,0.4,0.7,0.7,358,1668.66,364500,63000,06-MAY-2024,
OPTSTK,NTPC,30-May-2024,315.0,PE,0.45,1.2,0.45,0.95,0.95,111,526.04,109500,13500,06-MAY-2024,
OPTSTK,NTPC,30-May-2024,320.0,PE,0.55,1.6,0.55,1.3,1.3,663,3194.96,624000,-15000,06-MAY-2024,
OPTSTK,NTPC,30-May-2024,325.0,PE,0.7,2.1,0.7,1.75,1.75,404,1979.61,237000,40500,06-MAY-2024,
OPTSTK,NTPC,30-May-2024,330.0,PE,1.15,2.85,0.9,2.35,2.35,1682,8381.48,1777500,394500,06-MAY-2024,
OPTSTK,NTPC,30-May-2024,335.0,PE,1.5,3.75,1.25,3.25,3.25,558,2828.47,519000,67500,06-MAY-2024,
OPTSTK,NTPC,30-May-2024,340.0,PE,2.2,5.0,1.7,4.35,4.35,2598,13408.67,1977000,694500,06-MAY-2024,
OPTSTK,NTPC,30-May-2024,345.0,PE,2.85,6.5,2.35,5.8,5.8,1225,6438.44,336000,-40500,06-MAY-2024,
OPTSTK,NTPC,30-May-2024,350.0,PE,4.3,8.45,3.25,7.45,7.45,4030,21580.81,2125500,556500,06-MAY-2024,
OPTSTK,NTPC,30-May-2024,355.0,PE,5.3,10.7,4.35,9.45,9.45,1954,10669.34,591000,133500,06-MAY-2024,
OPTSTK,NTPC,30-May-2024,360.0,PE,6.7,13.2,5.85,11.8,11.8,2940,16354.54,1413000,-142500,06-MAY-2024,
OPTSTK,NTPC,30-May-2024,365.0,PE,8.95,16.1,7.7,14.45,14.45,1088,6167.93,547500,-76500,06-MAY-2024,
OPTSTK,NTPC,30-May-2024,370.0,PE,11.15,19.4,9.9,17.65,17.65,1177,6815.64,855000,-435000,06-MAY-2024,
OPTSTK,NTPC,30-May-2024,375.0,PE,14.2,22.9,12.55,21.2,21.2,308,1822.46,351000,-42000,06-MAY-2024,
OPTSTK,NTPC,30-May-2024,380.0,PE,17.25,26.9,16.55,24.65,24.65,124,751.76,330000,-30000,06-MAY-2024,
OPTSTK,NTPC,30-May-2024,385.0,PE,23.9,30.9,23.9,28.75,28.75,61,378.32,156000,6000,06-MAY-2024,
OPTSTK,NTPC,30-May-2024,390.0,PE,24.5,34.75,24.1,33.45,33.45,46,291.27,147000,12000,06-MAY-2024,
OPTSTK,NTPC,30-May-2024,395.0,PE,39.35,39.35,37.4,38.2,38.2,16,104.02,72000,15000,06-MAY-2024,
OPTSTK,NTPC,30-May-2024,400.0,PE,41.0,44.3,38.85,42.7,42.45,34,225.56,292500,31500,06-MAY-2024,
OPTSTK,NTPC,30-May-2024,410.0,PE,51.0,53.0,49.05,53.0,51.85,5,34.6,54000,3000,06-MAY-2024,
OPTSTK,NTPC,30-May-2024,420.0,PE,0.0,0.0,0.0,45.0,61.5,0,0.0,15000,0,06-MAY-2024,
OPTSTK,NTPC,27-Jun-2024,310.0,CE,0.0,0.0,0.0,38.95,51.7,0,0.0,0,0,06-MAY-2024,
OPTSTK,NTPC,27-Jun-2024,320.0,CE,0.0,0.0,0.0,32.3,43.15,0,0.0,0,0,06-MAY-2024,
OPTSTK,NTPC,27-Jun-2024,325.0,CE,0.0,0.0,0.0,42.7,39.1,0,0.0,0,0,06-MAY-2024,
OPTSTK,NTPC,27-Jun-2024,330.0,CE,0.0,0.0,0.0,26.4,35.25,0,0.0,0,0,06-MAY-2024,
OPTSTK,NTPC,27-Jun-2024,335.0,CE,0.0,0.0,0.0,35.25,31.55,0,0.0,0,0,06-MAY-2024,
OPTSTK,NTPC,27-Jun-2024,340.0,CE,0.0,0.0,0.0,21.25,28.1,0,0.0,0,0,06-MAY-2024,
OPTSTK,NTPC,27-Jun-2024,345.0,CE,0.0,0.0,0.0,28.5,24.9,0,0.0,0,0,06-MAY-2024,
OPTSTK,NTPC,27-Jun-2024,350.0,CE,0.0,0.0,0.0,16.85,21.9,0,0.0,0,0,06-MAY-2024,
OPTSTK,NTPC,27-Jun-2024,355.0,CE,0.0,0.0,0.0,22.6,19.15,0,0.0,0,0,06-MAY-2024,
OPTSTK,NTPC,27-Jun-2024,360.0,CE,23.3,24.5,21.35,21.7,21.7,38,217.93,81000,25500,06-MAY-2024,
OPTSTK,NTPC,27-Jun-2024,365.0,CE,20.0,20.0,19.0,19.0,14.4,2,11.53,3000,1500,06-MAY-2024,
OPTSTK,NTPC,27-Jun-2024,370.0,CE,21.9,23.5,16.55,17.15,17.15,231,1346.03,918000,70500,06-MAY-2024,
OPTSTK,NTPC,27-Jun-2024,375.0,CE,15.0,15.8,15.0,15.25,10.55,6,35.13,21000,9000,06-MAY-2024,
OPTSTK,NTPC,27-Jun-2024,380.0,CE,13.1,13.5,13.1,13.35,13.35,7,41.29,69000,3000,06-MAY-2024,
OPTSTK,NTPC,27-Jun-2024,385.0,CE,12.4,12.4,12.4,12.4,7.55,1,5.96,6000,1500,06-MAY-2024,
OPTSTK,NTPC,27-Jun-2024,390.0,CE,10.0,10.0,9.95,10.0,6.35,7,41.99,31500,10500,06-MAY-2024,
OPTSTK,NTPC,27-Jun-2024,395.0,CE,0.0,0.0,0.0,7.4,5.25,0,0.0,0,0,06-MAY-2024,
OPTSTK,NTPC,27-Jun-2024,400.0,CE,10.65,10.65,7.55,8.1,8.1,86,526.56,189000,93000,06-MAY-2024,
OPTSTK,NTPC,27-Jun-2024,410.0,CE,6.0,6.0,5.5,5.5,5.5,4,24.93,192000,3000,06-MAY-2024,
OPTSTK,NTPC,27-Jun-2024,420.0,CE,6.15,6.15,6.15,6.15,6.15,1,6.39,7500,1500,06-MAY-2024,
OPTSTK,NTPC,27-Jun-2024,310.0,PE,4.0,4.05,4.0,4.0,4.0,82,386.22,121500,121500,06-MAY-2024,
OPTSTK,NTPC,27-Jun-2024,320.0,PE,0.0,0.0,0.0,10.75,3.05,0,0.0,0,0,06-MAY-2024,
OPTSTK,NTPC,27-Jun-2024,325.0,PE,0.0,0.0,0.0,4.45,3.95,0,0.0,0,0,06-MAY-2024,
OPTSTK,NTPC,27-Jun-2024,330.0,PE,7.7,8.75,7.0,8.5,8.5,19,96.41,171000,19500,06-MAY-2024,
OPTSTK,NTPC,27-Jun-2024,335.0,PE,0.0,0.0,0.0,6.85,6.3,0,0.0,0,0,06-MAY-2024,
OPTSTK,NTPC,27-Jun-2024,340.0,PE,9.95,9.95,9.95,9.95,7.8,4,20.99,6000,6000,06-MAY-2024,
OPTSTK,NTPC,27-Jun-2024,345.0,PE,0.0,0.0,0.0,9.95,9.55,0,0.0,0,0,06-MAY-2024,
OPTSTK,NTPC,27-Jun-2024,350.0,PE,11.95,15.05,11.95,13.0,13.0,27,147.25,48000,37500,06-MAY-2024,
OPTSTK,NTPC,27-Jun-2024,355.0,PE,0.0,0.0,0.0,13.95,13.7,0,0.0,0,0,06-MAY-2024,
OPTSTK,NTPC,27-Jun-2024,360.0,PE,20.0,20.0,20.0,20.0,16.15,1,5.7,28500,1500,06-MAY-2024,
OPTSTK,NTPC,27-Jun-2024,365.0,PE,0.0,0.0,0.0,18.85,18.8,0,0.0,0,0,06-MAY-2024,
OPTSTK,NTPC,27-Jun-2024,370.0,PE,19.0,26.3,19.0,26.3,21.75,23,136.29,117000,21000,06-MAY-2024,
OPTSTK,NTPC,27-Jun-2024,375.0,PE,0.0,0.0,0.0,24.55,24.85,0,0.0,0,0,06-MAY-2024,
OPTSTK,NTPC,27-Jun-2024,380.0,PE,0.0,0.0,0.0,22.6,28.2,0,0.0,3000,0,06-MAY-2024,
OPTSTK,NTPC,27-Jun-2024,385.0,PE,0.0,0.0,0.0,31.05,31.75,0,0.0,0,0,06-MAY-2024,
OPTSTK,NTPC,27-Jun-2024,390.0,PE,0.0,0.0,0.0,53.05,35.5,0,0.0,0,0,06-MAY-2024,
OPTSTK,NTPC,27-Jun-2024,395.0,PE,0.0,0.0,0.0,38.25,39.4,0,0.0,0,0,06-MAY-2024,
OPTSTK,NTPC,27-Jun-2024,400.0,PE,0.0,0.0,0.0,61.4,43.45,0,0.0,0,0,06-MAY-2024,
OPTSTK,NTPC,27-Jun-2024,410.0,PE,0.0,0.0,0.0,70.05,51.9,0,0.0,0,0,06-MAY-2024,
OPTSTK,NTPC,27-Jun-2024,420.0,PE,0.0,0.0,0.0,79.0,60.8,0,0.0,0,0,06-MAY-2024,
OPTSTK,NTPC,25-Jul-2024,320.0,CE,0.0,0.0,0.0,50.35,46.95,0,0.0,0,0,06-MAY-2024,
OPTSTK,NTPC,25-Jul-2024,330.0,CE,0.0,0.0,0.0,42.9,39.5,0,0.0,0,0,06-MAY-2024,
OPTSTK,NTPC,25-Jul-2024,340.0,CE,0.0,0.0,0.0,36.1,32.75,0,0.0,0,0,06-MAY-2024,
OPTSTK,NTPC,25-Jul-2024,350.0,CE,0.0,0.0,0.0,30.0,26.75,0,0.0,0,0,06-MAY-2024,
OPTSTK,NTPC,25-Jul-2024,360.0,CE,0.0,0.0,0.0,24.65,21.55,0,0.0,0,0,06-MAY-2024,
OPTSTK,NTPC,25-Jul-2024,370.0,CE,21.65,21.65,21.65,21.65,17.1,1,5.87,3000,0,06-MAY-2024,
OPTSTK,NTPC,25-Jul-2024,380.0,CE,0.0,0.0,0.0,16.0,13.35,0,0.0,0,0,06-MAY-2024,
OPTSTK,NTPC,25-Jul-2024,390.0,CE,0.0,0.0,0.0,12.65,10.3,0,0.0,0,0,06-MAY-2024,
OPTSTK,NTPC,25-Jul-2024,400.0,CE,0.0,0.0,0.0,9.85,7.85,0,0.0,0,0,06-MAY-2024,
OPTSTK,NTPC,25-Jul-2024,320.0,PE,0.0,0.0,0.0,5.4,5.05,0,0.0,0,0,06-MAY-2024,
OPTSTK,NTPC,25-Jul-2024,330.0,PE,0.0,0.0,0.0,7.75,7.5,0,0.0,0,0,06-MAY-2024,
OPTSTK,NTPC,25-Jul-2024,340.0,PE,0.0,0.0,0.0,10.75,10.55,0,0.0,0,0,06-MAY-2024,
OPTSTK,NTPC,25-Jul-2024,350.0,PE,0.0,0.0,0.0,14.5,14.45,0,0.0,0,0,06-MAY-2024,
OPTSTK,NTPC,25-Jul-2024,360.0,PE,0.0,0.0,0.0,18.95,19.05,0,0.0,0,0,06-MAY-2024,
OPTSTK,NTPC,25-Jul-2024,370.0,PE,0.0,0.0,0.0,24.1,24.45,0,0.0,0,0,06-MAY-2024,
OPTSTK,NTPC,25-Jul-2024,380.0,PE,0.0,0.0,0.0,29.9,30.55,0,0.0,0,0,06-MAY-2024,
OPTSTK,NTPC,25-Jul-2024,390.0,PE,0.0,0.0,0.0,36.4,37.3,0,0.0,0,0,06-MAY-2024,
OPTSTK,NTPC,25-Jul-2024,400.0,PE,0.0,0.0,0.0,43.45,44.7,0,0.0,0,0,06-MAY-2024,
OPTSTK,OBEROIRLTY,30-May-2024,1280.0,CE,0.0,0.0,0.0,148.15,227.25,0,0.0,0,0,06-MAY-2024,
OPTSTK,OBEROIRLTY,30-May-2024,1320.0,CE,0.0,0.0,0.0,125.75,190.35,0,0.0,0,0,06-MAY-2024,
OPTSTK,OBEROIRLTY,30-May-2024,1340.0,CE,0.0,0.0,0.0,164.25,172.6,0,0.0,4200,0,06-MAY-2024,
OPTSTK,OBEROIRLTY,30-May-2024,1360.0,CE,0.0,0.0,0.0,146.05,155.5,0,0.0,2800,0,06-MAY-2024,
OPTSTK,OBEROIRLTY,30-May-2024,1380.0,CE,0.0,0.0,0.0,148.25,139.15,0,0.0,2100,0,06-MAY-2024,
OPTSTK,OBEROIRLTY,30-May-2024,1400.0,CE,117.95,118.0,117.95,118.0,123.6,2,21.25,16800,0,06-MAY-2024,
OPTSTK,OBEROIRLTY,30-May-2024,1420.0,CE,105.4,105.4,105.35,105.35,108.95,2,21.35,700,0,06-MAY-2024,
OPTSTK,OBEROIRLTY,30-May-2024,1440.0,CE,100.0,100.0,100.0,100.0,95.35,1,10.78,2100,0,06-MAY-2024,
OPTSTK,OBEROIRLTY,30-May-2024,1460.0,CE,80.0,91.75,73.2,86.0,82.75,21,227.12,28000,-5600,06-MAY-2024,
OPTSTK,OBEROIRLTY,30-May-2024,1480.0,CE,66.0,84.1,62.05,76.25,76.25,96,1041.99,16100,-9800,06-MAY-2024,
OPTSTK,OBEROIRLTY,30-May-2024,1500.0,CE,51.45,73.4,51.4,64.8,64.8,1072,11727.47,155400,22400,06-MAY-2024,
OPTSTK,OBEROIRLTY,30-May-2024,1520.0,CE,45.95,62.8,42.6,55.15,55.15,477,5255.45,65100,6300,06-MAY-2024,
OPTSTK,OBEROIRLTY,30-May-2024,1540.0,CE,35.95,53.5,35.95,45.9,45.9,539,5982.74,93800,23800,06-MAY-2024,
OPTSTK,OBEROIRLTY,30-May-2024,1560.0,CE,30.0,45.35,30.0,37.85,37.85,174,1946.63,140000,9100,06-MAY-2024,
OPTSTK,OBEROIRLTY,30-May-2024,1580.0,CE,30.0,37.55,25.5,32.15,32.15,79,890.66,18200,-9800,06-MAY-2024,
OPTSTK,OBEROIRLTY,30-May-2024,1600.0,CE,21.05,33.0,20.0,26.1,26.1,1201,13663.86,290500,43400,06-MAY-2024,
OPTSTK,OBEROIRLTY,30-May-2024,1620.0,CE,29.85,30.0,17.5,21.55,21.55,40,459.64,21700,9100,06-MAY-2024,
OPTSTK,OBEROIRLTY,30-May-2024,1640.0,CE,15.0,23.0,13.45,17.5,17.5,286,3316.53,121800,105000,06-MAY-2024,
OPTSTK,OBEROIRLTY,30-May-2024,1660.0,CE,11.0,16.25,11.0,15.1,15.1,4,46.87,3500,0,06-MAY-2024,
OPTSTK,OBEROIRLTY,30-May-2024,1680.0,CE,0.0,0.0,0.0,10.0,10.0,0,0.0,4900,0,06-MAY-2024,
OPTSTK,OBEROIRLTY,30-May-2024,1700.0,CE,6.85,13.35,6.5,9.25,9.25,730,8732.73,82600,23100,06-MAY-2024,
OPTSTK,OBEROIRLTY,30-May-2024,1720.0,CE,5.5,11.15,5.2,7.7,7.7,165,1994.7,100100,5600,06-MAY-2024,
OPTSTK,OBEROIRLTY,30-May-2024,1200.0,PE,0.0,0.0,0.0,1.75,0.45,0,0.0,1400,0,06-MAY-2024,
OPTSTK,OBEROIRLTY,30-May-2024,1280.0,PE,0.0,0.0,0.0,3.25,2.65,0,0.0,7700,0,06-MAY-2024,
OPTSTK,OBEROIRLTY,30-May-2024,1300.0,PE,4.1,6.75,4.1,5.1,5.1,65,593.77,74900,-4200,06-MAY-2024,
OPTSTK,OBEROIRLTY,30-May-2024,1320.0,PE,0.0,0.0,0.0,7.5,5.55,0,0.0,700,0,06-MAY-2024,
OPTSTK,OBEROIRLTY,30-May-2024,1340.0,PE,8.95,10.25,7.4,8.45,7.75,24,226.54,16800,-9100,06-MAY-2024,
OPTSTK,OBEROIRLTY,30-May-2024,1360.0,PE,9.0,15.25,9.0,11.3,11.3,150,1440.26,50400,-19600,06-MAY-2024,
OPTSTK,OBEROIRLTY,30-May-2024,1380.0,PE,15.0,19.85,12.55,14.8,14.8,27,263.63,18200,-7000,06-MAY-2024,
OPTSTK,OBEROIRLTY,30-May-2024,1400.0,PE,21.5,24.65,15.65,18.8,18.8,152,1509.59,126700,-18900,06-MAY-2024,
OPTSTK,OBEROIRLTY,30-May-2024,1420.0,PE,22.45,29.4,20.75,24.35,24.35,123,1242.99,51800,37100,06-MAY-2024,
OPTSTK,OBEROIRLTY,30-May-2024,1440.0,PE,36.0,36.0,26.65,30.3,30.3,43,442.33,34300,-700,06-MAY-2024,
OPTSTK,OBEROIRLTY,30-May-2024,1460.0,PE,34.0,47.0,32.3,37.25,37.25,48,502.86,30800,9100,06-MAY-2024,
OPTSTK,OBEROIRLTY,30-May-2024,1480.0,PE,44.2,53.85,40.55,44.85,44.85,56,598.14,14000,-8400,06-MAY-2024,
OPTSTK,OBEROIRLTY,30-May-2024,1500.0,PE,58.7,67.6,48.0,53.95,53.95,118,1284.53,46200,4900,06-MAY-2024,
OPTSTK,OBEROIRLTY,30-May-2024,1520.0,PE,74.75,74.75,58.1,64.0,65.75,28,310.44,12600,1400,06-MAY-2024,
OPTSTK,OBEROIRLTY,30-May-2024,1540.0,PE,68.9,74.7,68.0,74.4,74.4,15,169.19,9100,4900,06-MAY-2024,
OPTSTK,OBEROIRLTY,30-May-2024,1560.0,PE,103.85,103.85,80.85,86.15,90.05,12,138.33,6300,-2100,06-MAY-2024,
OPTSTK,OBEROIRLTY,30-May-2024,1580.0,PE,101.25,101.25,101.2,101.25,101.25,2,23.53,1400,1400,06-MAY-2024,
OPTSTK,OBEROIRLTY,30-May-2024,1600.0,PE,124.25,124.25,124.25,124.25,118.25,1,12.06,5600,700,06-MAY-2024,
OPTSTK,OBEROIRLTY,30-May-2024,1620.0,PE,0.0,0.0,0.0,168.45,133.5,0,0.0,0,0,06-MAY-2024,
OPTSTK,OBEROIRLTY,30-May-2024,1640.0,PE,0.0,0.0,0.0,166.85,149.6,0,0.0,1400,0,06-MAY-2024,
OPTSTK,OBEROIRLTY,30-May-2024,1660.0,PE,0.0,0.0,0.0,198.35,166.3,0,0.0,0,0,06-MAY-2024,
OPTSTK,OBEROIRLTY,30-May-2024,1680.0,PE,0.0,0.0,0.0,325.5,183.55,0,0.0,0,0,06-MAY-2024,
OPTSTK,OBEROIRLTY,30-May-2024,1720.0,PE,0.0,0.0,0.0,360.5,219.5,0,0.0,0,0,06-MAY-2024,
OPTSTK,OBEROIRLTY,27-Jun-2024,1280.0,CE,0.0,0.0,0.0,245.45,243.5,0,0.0,0,0,06-MAY-2024,
OPTSTK,OBEROIRLTY,27-Jun-2024,1320.0,CE,0.0,0.0,0.0,215.8,210.25,0,0.0,0,0,06-MAY-2024,
OPTSTK,OBEROIRLTY,27-Jun-2024,1340.0,CE,0.0,0.0,0.0,182.85,194.45,0,0.0,0,0,06-MAY-2024,
OPTSTK,OBEROIRLTY,27-Jun-2024,1360.0,CE,0.0,0.0,0.0,188.2,179.25,0,0.0,0,0,06-MAY-2024,
OPTSTK,OBEROIRLTY,27-Jun-2024,1380.0,CE,0.0,0.0,0.0,155.2,164.75,0,0.0,0,0,06-MAY-2024,
OPTSTK,OBEROIRLTY,27-Jun-2024,1400.0,CE,0.0,0.0,0.0,162.9,150.8,0,0.0,0,0,06-MAY-2024,
OPTSTK,OBEROIRLTY,27-Jun-2024,1420.0,CE,0.0,0.0,0.0,130.35,137.6,0,0.0,0,0,06-MAY-2024,
OPTSTK,OBEROIRLTY,27-Jun-2024,1440.0,CE,0.0,0.0,0.0,139.9,125.15,0,0.0,0,0,06-MAY-2024,
OPTSTK,OBEROIRLTY,27-Jun-2024,1460.0,CE,0.0,0.0,0.0,108.2,113.45,0,0.0,0,0,06-MAY-2024,
OPTSTK,OBEROIRLTY,27-Jun-2024,1480.0,CE,0.0,0.0,0.0,119.25,102.5,0,0.0,0,0,06-MAY-2024,
OPTSTK,OBEROIRLTY,27-Jun-2024,1500.0,CE,0.0,0.0,0.0,88.8,92.25,0,0.0,0,0,06-MAY-2024,
OPTSTK,OBEROIRLTY,27-Jun-2024,1520.0,CE,0.0,0.0,0.0,100.9,82.75,0,0.0,0,0,06-MAY-2024,
OPTSTK,OBEROIRLTY,27-Jun-2024,1540.0,CE,0.0,0.0,0.0,72.05,74.0,0,0.0,0,0,06-MAY-2024,
OPTSTK,OBEROIRLTY,27-Jun-2024,1560.0,CE,0.0,0.0,0.0,84.75,65.95,0,0.0,0,0,06-MAY-2024,
OPTSTK,OBEROIRLTY,27-Jun-2024,1580.0,CE,0.0,0.0,0.0,57.85,58.55,0,0.0,0,0,06-MAY-2024,
OPTSTK,OBEROIRLTY,27-Jun-2024,1600.0,CE,0.0,0.0,0.0,67.25,51.8,0,0.0,4200,0,06-MAY-2024,
OPTSTK,OBEROIRLTY,27-Jun-2024,1620.0,CE,0.0,0.0,0.0,45.95,45.7,0,0.0,0,0,06-MAY-2024,
OPTSTK,OBEROIRLTY,27-Jun-2024,1640.0,CE,0.0,0.0,0.0,58.55,40.2,0,0.0,0,0,06-MAY-2024,
OPTSTK,OBEROIRLTY,27-Jun-2024,1660.0,CE,0.0,0.0,0.0,36.2,35.3,0,0.0,0,0,06-MAY-2024,
OPTSTK,OBEROIRLTY,27-Jun-2024,1680.0,CE,0.0,0.0,0.0,48.25,30.9,0,0.0,0,0,06-MAY-2024,
OPTSTK,OBEROIRLTY,27-Jun-2024,1720.0,CE,0.0,0.0,0.0,39.5,23.3,0,0.0,0,0,06-MAY-2024,
OPTSTK,OBEROIRLTY,27-Jun-2024,1280.0,PE,0.0,0.0,0.0,26.75,11.65,0,0.0,0,0,06-MAY-2024,
OPTSTK,OBEROIRLTY,27-Jun-2024,1320.0,PE,0.0,0.0,0.0,36.4,17.95,0,0.0,0,0,06-MAY-2024,
OPTSTK,OBEROIRLTY,27-Jun-2024,1340.0,PE,0.0,0.0,0.0,31.85,21.95,0,0.0,0,0,06-MAY-2024,
OPTSTK,OBEROIRLTY,27-Jun-2024,1360.0,PE,0.0,0.0,0.0,48.05,26.55,0,0.0,0,0,06-MAY-2024,
OPTSTK,OBEROIRLTY,27-Jun-2024,1380.0,PE,0.0,0.0,0.0,43.7,31.85,0,0.0,0,0,06-MAY-2024,
OPTSTK,OBEROIRLTY,27-Jun-2024,1400.0,PE,0.0,0.0,0.0,47.0,37.65,0,0.0,11200,0,06-MAY-2024,
OPTSTK,OBEROIRLTY,27-Jun-2024,1420.0,PE,0.0,0.0,0.0,58.35,44.3,0,0.0,0,0,06-MAY-2024,
OPTSTK,OBEROIRLTY,27-Jun-2024,1440.0,PE,0.0,0.0,0.0,78.35,51.65,0,0.0,0,0,06-MAY-2024,
OPTSTK,OBEROIRLTY,27-Jun-2024,1460.0,PE,0.0,0.0,0.0,75.7,59.7,0,0.0,0,0,06-MAY-2024,
OPTSTK,OBEROIRLTY,27-Jun-2024,1480.0,PE,0.0,0.0,0.0,96.95,68.55,0,0.0,0,0,06-MAY-2024,
OPTSTK,OBEROIRLTY,27-Jun-2024,1500.0,PE,0.0,0.0,0.0,95.8,78.1,0,0.0,0,0,06-MAY-2024,
OPTSTK,OBEROIRLTY,27-Jun-2024,1520.0,PE,0.0,0.0,0.0,117.9,88.4,0,0.0,0,0,06-MAY-2024,
OPTSTK,OBEROIRLTY,27-Jun-2024,1540.0,PE,0.0,0.0,0.0,118.55,99.4,0,0.0,0,0,06-MAY-2024,
OPTSTK,OBEROIRLTY,27-Jun-2024,1560.0,PE,0.0,0.0,0.0,141.05,111.15,0,0.0,0,0,06-MAY-2024,
OPTSTK,OBEROIRLTY,27-Jun-2024,1580.0,PE,0.0,0.0,0.0,143.85,123.55,0,0.0,0,0,06-MAY-2024,
OPTSTK,OBEROIRLTY,27-Jun-2024,1600.0,PE,0.0,0.0,0.0,166.25,136.65,0,0.0,0,0,06-MAY-2024,
OPTSTK,OBEROIRLTY,27-Jun-2024,1620.0,PE,0.0,0.0,0.0,171.45,150.3,0,0.0,0,0,06-MAY-2024,
OPTSTK,OBEROIRLTY,27-Jun-2024,1640.0,PE,0.0,0.0,0.0,193.4,164.6,0,0.0,0,0,06-MAY-2024,
OPTSTK,OBEROIRLTY,27-Jun-2024,1660.0,PE,0.0,0.0,0.0,201.2,179.5,0,0.0,0,0,06-MAY-2024,
OPTSTK,OBEROIRLTY,27-Jun-2024,1680.0,PE,0.0,0.0,0.0,222.4,194.85,0,0.0,0,0,06-MAY-2024,
OPTSTK,OBEROIRLTY,27-Jun-2024,1720.0,PE,0.0,0.0,0.0,252.9,226.9,0,0.0,0,0,06-MAY-2024,
OPTSTK,OBEROIRLTY,25-Jul-2024,1280.0,CE,0.0,0.0,0.0,245.65,260.05,0,0.0,0,0,06-MAY-2024,
OPTSTK,OBEROIRLTY,25-Jul-2024,1360.0,CE,0.0,0.0,0.0,188.9,200.0,0,0.0,0,0,06-MAY-2024,
OPTSTK,OBEROIRLTY,25-Jul-2024,1400.0,CE,0.0,0.0,0.0,163.85,173.2,0,0.0,0,0,06-MAY-2024,
OPTSTK,OBEROIRLTY,25-Jul-2024,1440.0,CE,0.0,0.0,0.0,141.05,148.75,0,0.0,0,0,06-MAY-2024,
OPTSTK,OBEROIRLTY,25-Jul-2024,1480.0,CE,0.0,0.0,0.0,120.55,126.75,0,0.0,0,0,06-MAY-2024,
OPTSTK,OBEROIRLTY,25-Jul-2024,1520.0,CE,0.0,0.0,0.0,102.3,107.15,0,0.0,0,0,06-MAY-2024,
OPTSTK,OBEROIRLTY,25-Jul-2024,1560.0,CE,0.0,0.0,0.0,86.25,89.8,0,0.0,0,0,06-MAY-2024,
OPTSTK,OBEROIRLTY,25-Jul-2024,1600.0,CE,0.0,0.0,0.0,72.2,74.7,0,0.0,0,0,06-MAY-2024,
OPTSTK,OBEROIRLTY,25-Jul-2024,1640.0,CE,0.0,0.0,0.0,60.05,61.7,0,0.0,0,0,06-MAY-2024,
OPTSTK,OBEROIRLTY,25-Jul-2024,1680.0,CE,0.0,0.0,0.0,49.7,50.55,0,0.0,0,0,06-MAY-2024,
OPTSTK,OBEROIRLTY,25-Jul-2024,1280.0,PE,0.0,0.0,0.0,28.3,21.1,0,0.0,0,0,06-MAY-2024,
OPTSTK,OBEROIRLTY,25-Jul-2024,1360.0,PE,0.0,0.0,0.0,50.15,39.8,0,0.0,0,0,06-MAY-2024,
OPTSTK,OBEROIRLTY,25-Jul-2024,1400.0,PE,0.0,0.0,0.0,64.35,52.35,0,0.0,0,0,06-MAY-2024,
OPTSTK,OBEROIRLTY,25-Jul-2024,1440.0,PE,0.0,0.0,0.0,80.85,67.3,0,0.0,0,0,06-MAY-2024,
OPTSTK,OBEROIRLTY,25-Jul-2024,1480.0,PE,0.0,0.0,0.0,99.65,84.65,0,0.0,0,0,06-MAY-2024,
OPTSTK,OBEROIRLTY,25-Jul-2024,1520.0,PE,0.0,0.0,0.0,120.65,104.4,0,0.0,0,0,06-MAY-2024,
OPTSTK,OBEROIRLTY,25-Jul-2024,1560.0,PE,0.0,0.0,0.0,143.85,126.45,0,0.0,0,0,06-MAY-2024,
OPTSTK,OBEROIRLTY,25-Jul-2024,1600.0,PE,0.0,0.0,0.0,169.1,150.75,0,0.0,0,0,06-MAY-2024,
OPTSTK,OBEROIRLTY,25-Jul-2024,1640.0,PE,0.0,0.0,0.0,196.25,177.05,0,0.0,0,0,06-MAY-2024,
OPTSTK,OBEROIRLTY,25-Jul-2024,1680.0,PE,0.0,0.0,0.0,225.15,205.3,0,0.0,0,0,06-MAY-2024,
OPTSTK,OFSS,30-May-2024,6200.0,CE,0.0,0.0,0.0,1725.05,1695.3,0,0.0,0,0,06-MAY-2024,
OPTSTK,OFSS,30-May-2024,6400.0,CE,0.0,0.0,0.0,1570.65,1502.75,0,0.0,0,0,06-MAY-2024,
OPTSTK,OFSS,30-May-2024,6600.0,CE,1265.8,1338.65,1265.8,1313.25,1315.05,6,47.36,0,0,06-MAY-2024,
OPTSTK,OFSS,30-May-2024,6700.0,CE,1225.65,1225.65,1225.65,1225.65,1223.7,1,7.92,300,100,06-MAY-2024,
OPTSTK,OFSS,30-May-2024,6800.0,CE,0.0,0.0,0.0,1286.15,1134.45,0,0.0,0,0,06-MAY-2024,
OPTSTK,OFSS,30-May-2024,6900.0,CE,0.0,0.0,0.0,2023.8,1047.55,0,0.0,0,0,06-MAY-2024,
OPTSTK,OFSS,30-May-2024,7000.0,CE,895.25,960.0,894.0,938.7,938.7,75,593.96,10700,-4400,06-MAY-2024,
OPTSTK,OFSS,30-May-2024,7100.0,CE,850.0,850.0,850.0,850.0,882.2,1,7.95,1100,0,06-MAY-2024,
OPTSTK,OFSS,30-May-2024,7200.0,CE,750.0,765.0,733.4,757.9,757.9,48,381.47,10500,-3100,06-MAY-2024,
OPTSTK,OFSS,30-May-2024,7300.0,CE,640.0,705.7,640.0,675.45,675.45,57,454.61,12900,-4300,06-MAY-2024,
OPTSTK,OFSS,30-May-2024,7400.0,CE,577.65,630.8,577.65,597.4,597.4,35,280.12,12900,-1800,06-MAY-2024,
OPTSTK,OFSS,30-May-2024,7500.0,CE,497.0,555.0,484.3,516.95,516.95,242,1940.64,39400,-6000,06-MAY-2024,
OPTSTK,OFSS,30-May-2024,7600.0,CE,410.0,480.0,406.45,445.7,445.7,106,852.88,15200,-2600,06-MAY-2024,
OPTSTK,OFSS,30-May-2024,7700.0,CE,339.1,415.0,339.1,375.5,375.5,214,1729.83,12700,-9700,06-MAY-2024,
OPTSTK,OFSS,30-May-2024,7800.0,CE,314.95,355.0,294.5,320.55,320.55,788,6401.84,25200,-400,06-MAY-2024,
OPTSTK,OFSS,30-May-2024,7900.0,CE,250.15,303.75,245.0,267.55,267.55,691,5648.41,20900,15900,06-MAY-2024,
OPTSTK,OFSS,30-May-2024,8000.0,CE,222.65,249.6,201.0,219.6,219.6,1944,15991.91,106900,-21900,06-MAY-2024,
OPTSTK,OFSS,30-May-2024,8100.0,CE,186.85,208.0,170.0,178.1,178.1,89,737.69,7000,600,06-MAY-2024,
OPTSTK,OFSS,30-May-2024,8200.0,CE,140.0,170.9,135.1,146.4,146.4,327,2731.07,23900,6100,06-MAY-2024,
OPTSTK,OFSS,30-May-2024,8300.0,CE,133.5,139.0,115.3,122.85,122.85,63,530.82,10600,-400,06-MAY-2024,
OPTSTK,OFSS,30-May-2024,8400.0,CE,111.0,118.0,95.0,96.65,96.65,71,604.07,7400,2700,06-MAY-2024,
OPTSTK,OFSS,30-May-2024,8500.0,CE,85.45,101.35,75.15,81.9,81.9,882,7574.23,73600,-1900,06-MAY-2024,
OPTSTK,OFSS,30-May-2024,8600.0,CE,80.05,80.05,65.1,65.55,65.55,12,104.07,8300,-200,06-MAY-2024,
OPTSTK,OFSS,30-May-2024,8700.0,CE,0.0,0.0,0.0,61.4,113.8,0,0.0,9900,0,06-MAY-2024,
OPTSTK,OFSS,30-May-2024,8800.0,CE,60.55,60.55,44.8,47.7,47.7,142,1257.07,19300,-1400,06-MAY-2024,
OPTSTK,OFSS,30-May-2024,8900.0,CE,0.0,0.0,0.0,43.2,80.9,0,0.0,1400,0,06-MAY-2024,
OPTSTK,OFSS,30-May-2024,9000.0,CE,41.5,44.95,32.65,33.8,33.8,534,4826.82,134400,-4600,06-MAY-2024,
OPTSTK,OFSS,30-May-2024,9400.0,CE,34.0,34.0,17.65,17.8,17.8,38,358.06,5800,2400,06-MAY-2024,
OPTSTK,OFSS,30-May-2024,9500.0,CE,28.0,29.0,14.55,15.0,15.0,72,685.4,26100,500,06-MAY-2024,
OPTSTK,OFSS,30-May-2024,9700.0,CE,0.0,0.0,0.0,14.9,17.3,0,0.0,200,0,06-MAY-2024,
OPTSTK,OFSS,30-May-2024,10000.0,CE,10.0,12.6,7.5,9.95,9.95,115,1150.97,40400,-5700,06-MAY-2024,
OPTSTK,OFSS,30-May-2024,10200.0,CE,7.0,7.0,7.0,7.0,7.0,1,10.2,1500,0,06-MAY-2024,
OPTSTK,OFSS,30-May-2024,6000.0,PE,8.05,8.05,8.05,8.05,8.05,1,6.0,2300,0,06-MAY-2024,
OPTSTK,OFSS,30-May-2024,6200.0,PE,10.0,14.0,8.0,8.0,8.0,13,80.71,17700,-400,06-MAY-2024,
OPTSTK,OFSS,30-May-2024,6400.0,PE,0.0,0.0,0.0,10.0,12.8,0,0.0,16800,0,06-MAY-2024,
OPTSTK,OFSS,30-May-2024,6500.0,PE,9.0,15.7,8.95,10.85,10.85,77,501.45,25600,-3800,06-MAY-2024,
OPTSTK,OFSS,30-May-2024,6600.0,PE,20.0,20.0,14.0,15.55,15.55,17,112.46,11700,-400,06-MAY-2024,
OPTSTK,OFSS,30-May-2024,6700.0,PE,23.1,23.8,18.85,18.85,32.35,13,87.38,1800,-300,06-MAY-2024,
OPTSTK,OFSS,30-May-2024,6800.0,PE,25.2,30.0,22.0,25.35,25.35,87,593.81,11000,1100,06-MAY-2024,
OPTSTK,OFSS,30-May-2024,6900.0,PE,0.0,0.0,0.0,98.0,55.3,0,0.0,2000,0,06-MAY-2024,
OPTSTK,OFSS,30-May-2024,7000.0,PE,45.45,47.2,36.0,39.45,39.45,509,3583.91,43700,-5900,06-MAY-2024,
OPTSTK,OFSS,30-May-2024,7100.0,PE,41.85,54.8,41.75,49.35,49.35,75,536.18,9700,300,06-MAY-2024,
OPTSTK,OFSS,30-May-2024,7200.0,PE,56.5,68.85,54.8,60.45,60.45,137,994.86,28500,-2000,06-MAY-2024,
OPTSTK,OFSS,30-May-2024,7300.0,PE,76.85,84.0,66.2,76.35,76.35,167,1231.92,12800,-2600,06-MAY-2024,
OPTSTK,OFSS,30-May-2024,7400.0,PE,105.4,105.4,90.25,95.85,95.85,93,697.05,27900,-1700,06-MAY-2024,
OPTSTK,OFSS,30-May-2024,7500.0,PE,138.35,138.35,110.05,120.3,120.3,602,4587.54,57600,11500,06-MAY-2024,
OPTSTK,OFSS,30-May-2024,7600.0,PE,165.8,181.7,137.0,148.35,148.35,103,798.23,19500,-300,06-MAY-2024,
OPTSTK,OFSS,30-May-2024,7700.0,PE,192.0,205.0,169.95,184.65,184.65,200,1577.15,14200,2800,06-MAY-2024,
OPTSTK,OFSS,30-May-2024,7800.0,PE,260.0,260.0,211.25,222.35,222.35,169,1356.62,11600,2700,06-MAY-2024,
OPTSTK,OFSS,30-May-2024,7900.0,PE,328.85,328.85,253.65,270.95,270.95,95,776.77,5300,4000,06-MAY-2024,
OPTSTK,OFSS,30-May-2024,8000.0,PE,370.8,370.8,304.8,319.2,319.2,187,1556.45,33100,-5600,06-MAY-2024,
OPTSTK,OFSS,30-May-2024,8100.0,PE,0.0,0.0,0.0,327.1,485.55,0,0.0,0,0,06-MAY-2024,
OPTSTK,OFSS,30-May-2024,8200.0,PE,441.4,441.4,432.85,434.2,434.2,4,34.54,1700,0,06-MAY-2024,
OPTSTK,OFSS,30-May-2024,8300.0,PE,540.0,540.0,500.0,500.0,614.3,2,17.64,1700,0,06-MAY-2024,
OPTSTK,OFSS,30-May-2024,8400.0,PE,625.05,625.05,611.0,611.0,684.15,3,27.06,1800,0,06-MAY-2024,
OPTSTK,OFSS,30-May-2024,8500.0,PE,0.0,0.0,0.0,748.8,757.8,0,0.0,1000,0,06-MAY-2024,
OPTSTK,OFSS,30-May-2024,8600.0,PE,790.0,790.0,756.4,756.4,834.3,3,28.13,1500,300,06-MAY-2024,
OPTSTK,OFSS,30-May-2024,8700.0,PE,825.0,825.0,825.0,825.0,913.25,1,9.52,400,100,06-MAY-2024,
OPTSTK,OFSS,30-May-2024,8800.0,PE,0.0,0.0,0.0,1330.3,995.15,0,0.0,900,0,06-MAY-2024,
OPTSTK,OFSS,30-May-2024,9000.0,PE,0.0,0.0,0.0,1492.1,1165.75,0,0.0,0,0,06-MAY-2024,
OPTSTK,OFSS,27-Jun-2024,6200.0,CE,0.0,0.0,0.0,2502.9,1766.75,0,0.0,0,0,06-MAY-2024,
OPTSTK,OFSS,27-Jun-2024,6400.0,CE,0.0,0.0,0.0,2547.05,1590.15,0,0.0,0,0,06-MAY-2024,
OPTSTK,OFSS,27-Jun-2024,6600.0,CE,0.0,0.0,0.0,2371.4,1420.75,0,0.0,0,0,06-MAY-2024,
OPTSTK,OFSS,27-Jun-2024,6700.0,CE,0.0,0.0,0.0,830.45,1339.2,0,0.0,0,0,06-MAY-2024,
OPTSTK,OFSS,27-Jun-2024,6800.0,CE,0.0,0.0,0.0,2200.75,1259.9,0,0.0,0,0,06-MAY-2024,
OPTSTK,OFSS,27-Jun-2024,6900.0,CE,0.0,0.0,0.0,714.05,1183.0,0,0.0,0,0,06-MAY-2024,
OPTSTK,OFSS,27-Jun-2024,7000.0,CE,0.0,0.0,0.0,2035.8,1108.9,0,0.0,0,0,06-MAY-2024,
OPTSTK,OFSS,27-Jun-2024,7100.0,CE,0.0,0.0,0.0,609.35,1037.1,0,0.0,0,0,06-MAY-2024,
OPTSTK,OFSS,27-Jun-2024,7200.0,CE,0.0,0.0,0.0,1877.05,967.7,0,0.0,0,0,06-MAY-2024,
OPTSTK,OFSS,27-Jun-2024,7300.0,CE,0.0,0.0,0.0,516.2,901.55,0,0.0,0,0,06-MAY-2024,
OPTSTK,OFSS,27-Jun-2024,7400.0,CE,0.0,0.0,0.0,1725.0,838.2,0,0.0,0,0,06-MAY-2024,
OPTSTK,OFSS,27-Jun-2024,7500.0,CE,0.0,0.0,0.0,434.15,777.85,0,0.0,0,0,06-MAY-2024,
OPTSTK,OFSS,27-Jun-2024,7600.0,CE,0.0,0.0,0.0,585.0,720.35,0,0.0,400,0,06-MAY-2024,
OPTSTK,OFSS,27-Jun-2024,7700.0,CE,0.0,0.0,0.0,362.65,665.85,0,0.0,0,0,06-MAY-2024,
OPTSTK,OFSS,27-Jun-2024,7800.0,CE,0.0,0.0,0.0,1442.7,614.25,0,0.0,0,0,06-MAY-2024,
OPTSTK,OFSS,27-Jun-2024,7900.0,CE,0.0,0.0,0.0,300.9,565.5,0,0.0,0,0,06-MAY-2024,
OPTSTK,OFSS,27-Jun-2024,8000.0,CE,451.15,505.05,440.3,505.0,519.7,23,195.08,2300,1100,06-MAY-2024,
OPTSTK,OFSS,27-Jun-2024,8100.0,CE,0.0,0.0,0.0,248.45,476.65,0,0.0,0,0,06-MAY-2024,
OPTSTK,OFSS,27-Jun-2024,8200.0,CE,0.0,0.0,0.0,1190.9,436.35,0,0.0,0,0,06-MAY-2024,
OPTSTK,OFSS,27-Jun-2024,8300.0,CE,0.0,0.0,0.0,203.8,398.75,0,0.0,0,0,06-MAY-2024,
OPTSTK,OFSS,27-Jun-2024,8400.0,CE,0.0,0.0,0.0,1077.1,363.7,0,0.0,0,0,06-MAY-2024,
OPTSTK,OFSS,27-Jun-2024,8500.0,CE,0.0,0.0,0.0,165.85,331.15,0,0.0,0,0,06-MAY-2024,
OPTSTK,OFSS,27-Jun-2024,8600.0,CE,0.0,0.0,0.0,971.2,300.95,0,0.0,0,0,06-MAY-2024,
OPTSTK,OFSS,27-Jun-2024,8700.0,CE,0.0,0.0,0.0,134.4,273.05,0,0.0,0,0,06-MAY-2024,
OPTSTK,OFSS,27-Jun-2024,8800.0,CE,180.9,240.0,180.9,240.0,247.65,5,45.12,500,400,06-MAY-2024,
OPTSTK,OFSS,27-Jun-2024,9000.0,CE,0.0,0.0,0.0,782.7,202.4,0,0.0,0,0,06-MAY-2024,
OPTSTK,OFSS,27-Jun-2024,10000.0,CE,0.0,0.0,0.0,50.0,66.85,0,0.0,200,0,06-MAY-2024,
OPTSTK,OFSS,27-Jun-2024,6200.0,PE,0.0,0.0,0.0,41.5,42.45,0,0.0,0,0,06-MAY-2024,
OPTSTK,OFSS,27-Jun-2024,6400.0,PE,0.0,0.0,0.0,58.55,63.75,0,0.0,0,0,06-MAY-2024,
OPTSTK,OFSS,27-Jun-2024,6600.0,PE,0.0,0.0,0.0,79.35,92.3,0,0.0,0,0,06-MAY-2024,
OPTSTK,OFSS,27-Jun-2024,6700.0,PE,0.0,0.0,0.0,303.4,109.7,0,0.0,0,0,06-MAY-2024,
OPTSTK,OFSS,27-Jun-2024,6800.0,PE,0.0,0.0,0.0,105.15,129.4,0,0.0,0,0,06-MAY-2024,
OPTSTK,OFSS,27-Jun-2024,6900.0,PE,0.0,0.0,0.0,384.45,151.45,0,0.0,0,0,06-MAY-2024,
OPTSTK,OFSS,27-Jun-2024,7000.0,PE,143.0,175.0,143.0,175.0,175.0,10,71.61,1000,800,06-MAY-2024,
OPTSTK,OFSS,27-Jun-2024,7100.0,PE,0.0,0.0,0.0,477.25,203.5,0,0.0,0,0,06-MAY-2024,
OPTSTK,OFSS,27-Jun-2024,7200.0,PE,0.0,0.0,0.0,174.25,233.05,0,0.0,0,0,06-MAY-2024,
OPTSTK,OFSS,27-Jun-2024,7300.0,PE,0.0,0.0,0.0,581.6,265.85,0,0.0,0,0,06-MAY-2024,
OPTSTK,OFSS,27-Jun-2024,7400.0,PE,0.0,0.0,0.0,218.65,301.55,0,0.0,0,0,06-MAY-2024,
OPTSTK,OFSS,27-Jun-2024,7500.0,PE,270.0,270.0,231.9,263.4,340.1,3,23.26,300,200,06-MAY-2024,
OPTSTK,OFSS,27-Jun-2024,7600.0,PE,0.0,0.0,0.0,270.35,381.6,0,0.0,0,0,06-MAY-2024,
OPTSTK,OFSS,27-Jun-2024,7700.0,PE,0.0,0.0,0.0,823.1,426.05,0,0.0,0,0,06-MAY-2024,
OPTSTK,OFSS,27-Jun-2024,7800.0,PE,0.0,0.0,0.0,329.2,473.4,0,0.0,0,0,06-MAY-2024,
OPTSTK,OFSS,27-Jun-2024,7900.0,PE,0.0,0.0,0.0,958.8,523.65,0,0.0,0,0,06-MAY-2024,
OPTSTK,OFSS,27-Jun-2024,8000.0,PE,485.0,571.0,485.0,560.0,576.8,18,153.4,2100,1600,06-MAY-2024,
OPTSTK,OFSS,27-Jun-2024,8100.0,PE,0.0,0.0,0.0,1103.85,632.75,0,0.0,0,0,06-MAY-2024,
OPTSTK,OFSS,27-Jun-2024,8200.0,PE,0.0,0.0,0.0,470.25,691.45,0,0.0,0,0,06-MAY-2024,
OPTSTK,OFSS,27-Jun-2024,8300.0,PE,0.0,0.0,0.0,1256.65,752.8,0,0.0,0,0,06-MAY-2024,
OPTSTK,OFSS,27-Jun-2024,8400.0,PE,0.0,0.0,0.0,552.85,816.7,0,0.0,0,0,06-MAY-2024,
OPTSTK,OFSS,27-Jun-2024,8500.0,PE,0.0,0.0,0.0,1416.25,883.1,0,0.0,0,0,06-MAY-2024,
OPTSTK,OFSS,27-Jun-2024,8600.0,PE,0.0,0.0,0.0,643.4,951.9,0,0.0,0,0,06-MAY-2024,
OPTSTK,OFSS,27-Jun-2024,8700.0,PE,0.0,0.0,0.0,1582.25,1022.95,0,0.0,0,0,06-MAY-2024,
OPTSTK,OFSS,27-Jun-2024,8800.0,PE,0.0,0.0,0.0,741.75,1096.55,0,0.0,0,0,06-MAY-2024,
OPTSTK,OFSS,27-Jun-2024,9000.0,PE,0.0,0.0,0.0,847.75,1249.2,0,0.0,0,0,06-MAY-2024,
OPTSTK,OFSS,25-Jul-2024,6400.0,CE,0.0,0.0,0.0,1137.9,1682.4,0,0.0,0,0,06-MAY-2024,
OPTSTK,OFSS,25-Jul-2024,6600.0,CE,0.0,0.0,0.0,1010.85,1524.8,0,0.0,0,0,06-MAY-2024,
OPTSTK,OFSS,25-Jul-2024,6800.0,CE,0.0,0.0,0.0,893.9,1375.55,0,0.0,0,0,06-MAY-2024,
OPTSTK,OFSS,25-Jul-2024,7000.0,CE,0.0,0.0,0.0,786.8,1234.65,0,0.0,0,0,06-MAY-2024,
OPTSTK,OFSS,25-Jul-2024,7200.0,CE,0.0,0.0,0.0,689.35,1102.65,0,0.0,0,0,06-MAY-2024,
OPTSTK,OFSS,25-Jul-2024,7400.0,CE,0.0,0.0,0.0,601.3,980.4,0,0.0,0,0,06-MAY-2024,
OPTSTK,OFSS,25-Jul-2024,7600.0,CE,0.0,0.0,0.0,522.3,867.7,0,0.0,0,0,06-MAY-2024,
OPTSTK,OFSS,25-Jul-2024,7800.0,CE,0.0,0.0,0.0,451.85,764.5,0,0.0,0,0,06-MAY-2024,
OPTSTK,OFSS,25-Jul-2024,8000.0,CE,0.0,0.0,0.0,389.35,670.55,0,0.0,0,0,06-MAY-2024,
OPTSTK,OFSS,25-Jul-2024,8200.0,CE,0.0,0.0,0.0,334.25,585.65,0,0.0,0,0,06-MAY-2024,
OPTSTK,OFSS,25-Jul-2024,8400.0,CE,0.0,0.0,0.0,286.4,509.4,0,0.0,0,0,06-MAY-2024,
OPTSTK,OFSS,25-Jul-2024,8600.0,CE,0.0,0.0,0.0,244.35,441.25,0,0.0,0,0,06-MAY-2024,
OPTSTK,OFSS,25-Jul-2024,8800.0,CE,0.0,0.0,0.0,207.55,380.8,0,0.0,0,0,06-MAY-2024,
OPTSTK,OFSS,25-Jul-2024,6400.0,PE,0.0,0.0,0.0,279.25,120.8,0,0.0,0,0,06-MAY-2024,
OPTSTK,OFSS,25-Jul-2024,6600.0,PE,0.0,0.0,0.0,348.6,160.0,0,0.0,0,0,06-MAY-2024,
OPTSTK,OFSS,25-Jul-2024,6800.0,PE,0.0,0.0,0.0,428.05,207.6,0,0.0,0,0,06-MAY-2024,
OPTSTK,OFSS,25-Jul-2024,7000.0,PE,0.0,0.0,0.0,517.3,263.55,0,0.0,0,0,06-MAY-2024,
OPTSTK,OFSS,25-Jul-2024,7200.0,PE,0.0,0.0,0.0,616.25,328.35,0,0.0,0,0,06-MAY-2024,
OPTSTK,OFSS,25-Jul-2024,7400.0,PE,0.0,0.0,0.0,724.65,403.0,0,0.0,0,0,06-MAY-2024,
OPTSTK,OFSS,25-Jul-2024,7600.0,PE,0.0,0.0,0.0,842.0,487.15,0,0.0,0,0,06-MAY-2024,
OPTSTK,OFSS,25-Jul-2024,7800.0,PE,0.0,0.0,0.0,967.95,580.75,0,0.0,0,0,06-MAY-2024,
OPTSTK,OFSS,25-Jul-2024,8000.0,PE,0.0,0.0,0.0,1101.85,683.65,0,0.0,0,0,06-MAY-2024,
OPTSTK,OFSS,25-Jul-2024,8200.0,PE,0.0,0.0,0.0,1243.1,795.6,0,0.0,0,0,06-MAY-2024,
OPTSTK,OFSS,25-Jul-2024,8400.0,PE,0.0,0.0,0.0,1391.6,916.15,0,0.0,0,0,06-MAY-2024,
OPTSTK,OFSS,25-Jul-2024,8600.0,PE,0.0,0.0,0.0,1546.0,1044.85,0,0.0,0,0,06-MAY-2024,
OPTSTK,OFSS,25-Jul-2024,8800.0,PE,0.0,0.0,0.0,1705.55,1181.2,0,0.0,0,0,06-MAY-2024,
OPTSTK,ONGC,30-May-2024,230.0,CE,54.45,54.45,54.45,54.45,53.3,1,5.47,23100,0,06-MAY-2024,
OPTSTK,ONGC,30-May-2024,240.0,CE,0.0,0.0,0.0,53.0,43.55,0,0.0,15400,0,06-MAY-2024,
OPTSTK,ONGC,30-May-2024,245.0,CE,0.0,0.0,0.0,32.05,38.8,0,0.0,0,0,06-MAY-2024,
OPTSTK,ONGC,30-May-2024,250.0,CE,31.05,34.0,28.5,34.0,34.15,25,134.32,165550,-7700,06-MAY-2024,
OPTSTK,ONGC,30-May-2024,252.5,CE,28.2,28.2,28.2,28.2,31.9,1,5.4,1925,1925,06-MAY-2024,
OPTSTK,ONGC,30-May-2024,255.0,CE,25.4,25.4,25.4,25.4,29.7,1,5.39,7700,-1925,06-MAY-2024,
OPTSTK,ONGC,30-May-2024,257.5,CE,0.0,0.0,0.0,31.3,27.55,0,0.0,15400,0,06-MAY-2024,
OPTSTK,ONGC,30-May-2024,260.0,CE,24.55,26.8,20.5,26.5,25.5,29,158.02,140525,-1925,06-MAY-2024,
OPTSTK,ONGC,30-May-2024,262.5,CE,22.15,23.0,18.85,23.0,23.45,12,65.58,38500,3850,06-MAY-2024,
OPTSTK,ONGC,30-May-2024,265.0,CE,22.15,23.2,17.05,23.2,21.55,21,115.19,59675,21175,06-MAY-2024,
OPTSTK,ONGC,30-May-2024,267.5,CE,20.9,20.9,17.45,20.35,20.35,12,66.24,63525,5775,06-MAY-2024,
OPTSTK,ONGC,30-May-2024,270.0,CE,22.35,22.4,13.6,17.7,17.7,316,1745.73,585200,105875,06-MAY-2024,
OPTSTK,ONGC,30-May-2024,272.5,CE,17.7,17.7,12.4,16.05,16.05,22,121.6,80850,5775,06-MAY-2024,
OPTSTK,ONGC,30-May-2024,275.0,CE,16.7,17.15,10.8,14.8,14.8,498,2760.78,471625,-11550,06-MAY-2024,
OPTSTK,ONGC,30-May-2024,277.5,CE,15.25,15.25,9.65,13.25,13.25,289,1607.92,190575,57750,06-MAY-2024,
OPTSTK,ONGC,30-May-2024,280.0,CE,15.25,15.25,8.5,11.9,11.9,4059,22716.07,2600675,217525,06-MAY-2024,
OPTSTK,ONGC,30-May-2024,282.5,CE,13.35,13.5,7.5,10.35,10.35,663,3733.69,331100,36575,06-MAY-2024,
OPTSTK,ONGC,30-May-2024,285.0,CE,12.15,12.5,6.6,9.25,9.25,4595,25980.35,2194500,500500,06-MAY-2024,
OPTSTK,ONGC,30-May-2024,287.5,CE,11.0,11.0,5.7,8.05,8.05,738,4200.6,425425,1925,06-MAY-2024,
OPTSTK,ONGC,30-May-2024,290.0,CE,9.25,10.35,5.05,7.1,7.1,7169,40946.34,7703850,-658350,06-MAY-2024,
OPTSTK,ONGC,30-May-2024,292.5,CE,8.6,8.6,4.35,6.25,6.25,1088,6249.69,816200,-96250,06-MAY-2024,
OPTSTK,ONGC,30-May-2024,295.0,CE,7.85,8.0,3.8,5.4,5.4,2361,13644.91,1692075,-132825,06-MAY-2024,
OPTSTK,ONGC,30-May-2024,297.5,CE,6.6,6.6,3.35,4.6,4.6,332,1930.35,365750,25025,06-MAY-2024,
OPTSTK,ONGC,30-May-2024,300.0,CE,6.0,6.0,2.85,4.05,4.05,8320,48683.08,15480850,581350,06-MAY-2024,
OPTSTK,ONGC,30-May-2024,302.5,CE,5.05,5.05,2.45,3.45,3.45,279,1642.97,375375,65450,06-MAY-2024,
OPTSTK,ONGC,30-May-2024,305.0,CE,4.4,4.4,2.1,3.0,3.0,1188,7042.93,5511275,-48125,06-MAY-2024,
OPTSTK,ONGC,30-May-2024,307.5,CE,3.8,3.8,1.85,2.6,2.6,248,1479.94,419650,100100,06-MAY-2024,
OPTSTK,ONGC,30-May-2024,310.0,CE,3.15,3.35,1.6,2.25,2.25,2967,17825.93,7894425,-169400,06-MAY-2024,
OPTSTK,ONGC,30-May-2024,312.5,CE,2.9,2.9,1.4,1.95,1.95,163,986.26,223300,-3850,06-MAY-2024,
OPTSTK,ONGC,30-May-2024,315.0,CE,2.45,2.45,1.3,1.7,1.7,448,2730.77,835450,38500,06-MAY-2024,
OPTSTK,ONGC,30-May-2024,317.5,CE,2.15,2.15,1.2,1.55,1.55,104,638.71,184800,36575,06-MAY-2024,
OPTSTK,ONGC,30-May-2024,320.0,CE,2.45,2.45,1.05,1.35,1.35,1725,10671.34,3753750,296450,06-MAY-2024,
OPTSTK,ONGC,30-May-2024,325.0,CE,1.8,1.8,0.85,1.1,1.1,1209,7589.14,2725800,-92400,06-MAY-2024,
OPTSTK,ONGC,30-May-2024,225.0,PE,0.5,0.5,0.2,0.25,0.25,19,82.4,77000,26950,06-MAY-2024,
OPTSTK,ONGC,30-May-2024,230.0,PE,0.25,0.45,0.25,0.35,0.1,62,274.9,163625,11550,06-MAY-2024,
OPTSTK,ONGC,30-May-2024,235.0,PE,0.35,0.65,0.35,0.35,0.35,25,113.34,40425,28875,06-MAY-2024,
OPTSTK,ONGC,30-May-2024,240.0,PE,0.35,0.9,0.35,0.5,0.5,414,1917.6,758450,32725,06-MAY-2024,
OPTSTK,ONGC,30-May-2024,242.5,PE,0.9,1.0,0.6,0.65,0.65,10,46.83,61600,-9625,06-MAY-2024,
OPTSTK,ONGC,30-May-2024,245.0,PE,0.45,1.2,0.45,0.75,0.75,70,331.29,256025,7700,06-MAY-2024,
OPTSTK,ONGC,30-May-2024,247.5,PE,1.0,1.5,0.85,0.95,0.95,38,181.92,132825,-25025,06-MAY-2024,
OPTSTK,ONGC,30-May-2024,250.0,PE,0.65,1.8,0.65,1.15,1.15,993,4803.26,2167550,-111650,06-MAY-2024,
OPTSTK,ONGC,30-May-2024,252.5,PE,0.85,2.15,0.85,1.35,1.35,56,273.96,53900,-13475,06-MAY-2024,
OPTSTK,ONGC,30-May-2024,255.0,PE,0.95,2.6,0.95,1.55,1.55,298,1473.56,279125,-36575,06-MAY-2024,
OPTSTK,ONGC,30-May-2024,257.5,PE,1.25,3.15,1.25,1.95,1.95,114,570.07,80850,-23100,06-MAY-2024,
OPTSTK,ONGC,30-May-2024,260.0,PE,1.45,3.7,1.4,2.25,2.25,1022,5166.28,1489950,-130900,06-MAY-2024,
OPTSTK,ONGC,30-May-2024,262.5,PE,1.75,4.3,1.75,2.7,2.7,115,588.08,132825,0,06-MAY-2024,
OPTSTK,ONGC,30-May-2024,265.0,PE,2.1,5.1,2.1,3.2,3.2,638,3300.64,679525,17325,06-MAY-2024,
OPTSTK,ONGC,30-May-2024,267.5,PE,2.35,6.0,2.35,3.85,3.85,189,988.33,167475,13475,06-MAY-2024,
OPTSTK,ONGC,30-May-2024,270.0,PE,2.85,7.0,2.85,4.5,4.5,1941,10285.13,2000075,-365750,06-MAY-2024,
OPTSTK,ONGC,30-May-2024,272.5,PE,3.4,8.1,3.4,5.4,5.4,297,1591.48,198275,48125,06-MAY-2024,
OPTSTK,ONGC,30-May-2024,275.0,PE,3.95,9.3,3.95,6.1,6.1,2164,11750.78,1291675,28875,06-MAY-2024,
OPTSTK,ONGC,30-May-2024,277.5,PE,4.85,10.5,4.85,7.15,7.15,671,3685.81,294525,21175,06-MAY-2024,
OPTSTK,ONGC,30-May-2024,280.0,PE,5.8,11.95,5.7,8.1,8.1,3886,21611.96,2002000,132825,06-MAY-2024,
OPTSTK,ONGC,30-May-2024,282.5,PE,6.65,13.45,6.65,9.35,9.35,1197,6739.49,463925,50050,06-MAY-2024,
OPTSTK,ONGC,30-May-2024,285.0,PE,7.6,15.0,7.6,10.6,10.6,1719,9798.81,1054900,46200,06-MAY-2024,
OPTSTK,ONGC,30-May-2024,287.5,PE,9.2,16.6,8.75,12.05,12.05,478,2756.91,186725,-5775,06-MAY-2024,
OPTSTK,ONGC,30-May-2024,290.0,PE,10.5,18.3,10.15,13.55,13.55,671,3922.15,974050,-84700,06-MAY-2024,
OPTSTK,ONGC,30-May-2024,292.5,PE,11.45,20.0,11.45,15.4,15.4,180,1064.86,275275,-34650,06-MAY-2024,
OPTSTK,ONGC,30-May-2024,295.0,PE,13.35,22.05,13.35,17.1,17.1,57,343.86,460075,11550,06-MAY-2024,
OPTSTK,ONGC,30-May-2024,297.5,PE,15.45,23.6,15.45,18.8,18.8,25,152.76,94325,9625,06-MAY-2024,
OPTSTK,ONGC,30-May-2024,300.0,PE,15.35,26.05,15.35,20.45,20.45,80,494.56,456225,-23100,06-MAY-2024,
OPTSTK,ONGC,30-May-2024,302.5,PE,21.25,24.3,21.25,22.5,22.5,8,50.11,50050,0,06-MAY-2024,
OPTSTK,ONGC,30-May-2024,305.0,PE,22.5,30.4,22.5,24.6,24.6,15,95.98,77000,0,06-MAY-2024,
OPTSTK,ONGC,30-May-2024,307.5,PE,25.25,26.55,25.25,26.55,26.55,5,32.12,44275,0,06-MAY-2024,
OPTSTK,ONGC,30-May-2024,310.0,PE,0.0,0.0,0.0,24.8,28.6,0,0.0,80850,0,06-MAY-2024,
OPTSTK,ONGC,30-May-2024,312.5,PE,0.0,0.0,0.0,27.75,30.75,0,0.0,88550,0,06-MAY-2024,
OPTSTK,ONGC,30-May-2024,315.0,PE,0.0,0.0,0.0,32.7,32.95,0,0.0,173250,0,06-MAY-2024,
OPTSTK,ONGC,30-May-2024,320.0,PE,37.6,37.95,37.3,37.35,37.45,7,48.16,128975,9625,06-MAY-2024,
OPTSTK,ONGC,30-May-2024,325.0,PE,0.0,0.0,0.0,37.25,42.1,0,0.0,48125,0,06-MAY-2024,
OPTSTK,ONGC,27-Jun-2024,245.0,CE,0.0,0.0,0.0,34.5,41.8,0,0.0,0,0,06-MAY-2024,
OPTSTK,ONGC,27-Jun-2024,250.0,CE,0.0,0.0,0.0,46.2,37.6,0,0.0,5775,0,06-MAY-2024,
OPTSTK,ONGC,27-Jun-2024,255.0,CE,0.0,0.0,0.0,27.95,33.6,0,0.0,0,0,06-MAY-2024,
OPTSTK,ONGC,27-Jun-2024,257.5,CE,0.0,0.0,0.0,33.2,31.7,0,0.0,0,0,06-MAY-2024,
OPTSTK,ONGC,27-Jun-2024,260.0,CE,0.0,0.0,0.0,31.0,29.85,0,0.0,3850,0,06-MAY-2024,
OPTSTK,ONGC,27-Jun-2024,262.5,CE,0.0,0.0,0.0,29.65,28.05,0,0.0,0,0,06-MAY-2024,
OPTSTK,ONGC,27-Jun-2024,265.0,CE,0.0,0.0,0.0,22.25,26.3,0,0.0,0,0,06-MAY-2024,
OPTSTK,ONGC,27-Jun-2024,267.5,CE,0.0,0.0,0.0,26.35,24.6,0,0.0,0,0,06-MAY-2024,
OPTSTK,ONGC,27-Jun-2024,270.0,CE,0.0,0.0,0.0,19.75,23.0,0,0.0,0,0,06-MAY-2024,
OPTSTK,ONGC,27-Jun-2024,272.5,CE,0.0,0.0,0.0,23.3,21.45,0,0.0,0,0,06-MAY-2024,
OPTSTK,ONGC,27-Jun-2024,275.0,CE,0.0,0.0,0.0,17.45,20.0,0,0.0,0,0,06-MAY-2024,
OPTSTK,ONGC,27-Jun-2024,277.5,CE,0.0,0.0,0.0,20.45,18.6,0,0.0,0,0,06-MAY-2024,
OPTSTK,ONGC,27-Jun-2024,280.0,CE,20.15,21.5,17.85,20.65,20.65,22,126.88,44275,28875,06-MAY-2024,
OPTSTK,ONGC,27-Jun-2024,282.5,CE,19.7,19.7,17.95,17.95,15.95,2,11.6,0,0,06-MAY-2024,
OPTSTK,ONGC,27-Jun-2024,285.0,CE,0.0,0.0,0.0,18.85,14.75,0,0.0,40425,0,06-MAY-2024,
OPTSTK,ONGC,27-Jun-2024,287.5,CE,0.0,0.0,0.0,15.5,13.6,0,0.0,0,0,06-MAY-2024,
OPTSTK,ONGC,27-Jun-2024,290.0,CE,18.55,18.6,15.0,16.25,16.25,14,82.69,71225,19250,06-MAY-2024,
OPTSTK,ONGC,27-Jun-2024,292.5,CE,0.0,0.0,0.0,13.4,11.55,0,0.0,0,0,06-MAY-2024,
OPTSTK,ONGC,27-Jun-2024,295.0,CE,0.0,0.0,0.0,10.2,10.6,0,0.0,0,0,06-MAY-2024,
OPTSTK,ONGC,27-Jun-2024,297.5,CE,0.0,0.0,0.0,11.5,9.7,0,0.0,0,0,06-MAY-2024,
OPTSTK,ONGC,27-Jun-2024,300.0,CE,14.6,14.6,9.95,11.75,8.85,37,221.79,571725,3850,06-MAY-2024,
OPTSTK,ONGC,27-Jun-2024,302.5,CE,0.0,0.0,0.0,9.85,8.1,0,0.0,0,0,06-MAY-2024,
OPTSTK,ONGC,27-Jun-2024,305.0,CE,0.0,0.0,0.0,7.65,7.35,0,0.0,0,0,06-MAY-2024,
OPTSTK,ONGC,27-Jun-2024,307.5,CE,9.5,9.5,9.5,9.5,6.7,1,6.1,1925,1925,06-MAY-2024,
OPTSTK,ONGC,27-Jun-2024,310.0,CE,8.25,9.95,8.0,9.95,9.95,17,104.33,263725,0,06-MAY-2024,
OPTSTK,ONGC,27-Jun-2024,315.0,CE,0.0,0.0,0.0,9.75,5.0,0,0.0,94325,0,06-MAY-2024,
OPTSTK,ONGC,27-Jun-2024,320.0,CE,0.0,0.0,0.0,4.8,4.05,0,0.0,0,0,06-MAY-2024,
OPTSTK,ONGC,27-Jun-2024,325.0,CE,5.55,6.85,4.15,6.85,6.85,32,203.86,371525,19250,06-MAY-2024,
OPTSTK,ONGC,27-Jun-2024,240.0,PE,3.2,3.5,3.2,3.3,1.5,3,14.05,7700,1925,06-MAY-2024,
OPTSTK,ONGC,27-Jun-2024,245.0,PE,0.0,0.0,0.0,7.05,2.1,0,0.0,0,0,06-MAY-2024,
OPTSTK,ONGC,27-Jun-2024,250.0,PE,4.1,6.75,4.1,4.95,4.95,63,309.77,257950,34650,06-MAY-2024,
OPTSTK,ONGC,27-Jun-2024,255.0,PE,0.0,0.0,0.0,10.35,3.85,0,0.0,0,0,06-MAY-2024,
OPTSTK,ONGC,27-Jun-2024,257.5,PE,6.9,6.9,6.9,6.9,4.4,2,10.17,3850,3850,06-MAY-2024,
OPTSTK,ONGC,27-Jun-2024,260.0,PE,7.45,8.5,7.3,7.65,5.0,15,77.26,90475,5775,06-MAY-2024,
OPTSTK,ONGC,27-Jun-2024,262.5,PE,0.0,0.0,0.0,6.9,5.7,0,0.0,0,0,06-MAY-2024,
OPTSTK,ONGC,27-Jun-2024,265.0,PE,0.0,0.0,0.0,14.5,6.4,0,0.0,0,0,06-MAY-2024,
OPTSTK,ONGC,27-Jun-2024,267.5,PE,0.0,0.0,0.0,8.55,7.2,0,0.0,0,0,06-MAY-2024,
OPTSTK,ONGC,27-Jun-2024,270.0,PE,9.5,12.7,9.5,11.0,8.1,26,140.76,294525,11550,06-MAY-2024,
OPTSTK,ONGC,27-Jun-2024,272.5,PE,0.0,0.0,0.0,10.4,9.0,0,0.0,0,0,06-MAY-2024,
OPTSTK,ONGC,27-Jun-2024,275.0,PE,0.0,0.0,0.0,19.5,10.0,0,0.0,0,0,06-MAY-2024,
OPTSTK,ONGC,27-Jun-2024,277.5,PE,0.0,0.0,0.0,12.55,11.1,0,0.0,0,0,06-MAY-2024,
OPTSTK,ONGC,27-Jun-2024,280.0,PE,15.85,16.85,14.35,15.0,15.0,8,45.53,80850,5775,06-MAY-2024,
OPTSTK,ONGC,27-Jun-2024,282.5,PE,0.0,0.0,0.0,14.9,13.4,0,0.0,0,0,06-MAY-2024,
OPTSTK,ONGC,27-Jun-2024,285.0,PE,0.0,0.0,0.0,25.3,14.65,0,0.0,0,0,06-MAY-2024,
OPTSTK,ONGC,27-Jun-2024,287.5,PE,0.0,0.0,0.0,17.45,16.0,0,0.0,0,0,06-MAY-2024,
OPTSTK,ONGC,27-Jun-2024,290.0,PE,22.5,22.5,22.5,22.5,17.4,1,6.01,17325,0,06-MAY-2024,
OPTSTK,ONGC,27-Jun-2024,292.5,PE,0.0,0.0,0.0,20.3,18.85,0,0.0,0,0,06-MAY-2024,
OPTSTK,ONGC,27-Jun-2024,295.0,PE,0.0,0.0,0.0,31.85,20.4,0,0.0,0,0,06-MAY-2024,
OPTSTK,ONGC,27-Jun-2024,297.5,PE,0.0,0.0,0.0,23.35,21.95,0,0.0,0,0,06-MAY-2024,
OPTSTK,ONGC,27-Jun-2024,300.0,PE,0.0,0.0,0.0,35.4,23.6,0,0.0,0,0,06-MAY-2024,
OPTSTK,ONGC,27-Jun-2024,302.5,PE,0.0,0.0,0.0,26.6,25.3,0,0.0,0,0,06-MAY-2024,
OPTSTK,ONGC,27-Jun-2024,305.0,PE,0.0,0.0,0.0,39.15,27.05,0,0.0,0,0,06-MAY-2024,
OPTSTK,ONGC,27-Jun-2024,307.5,PE,0.0,0.0,0.0,30.05,28.85,0,0.0,0,0,06-MAY-2024,
OPTSTK,ONGC,27-Jun-2024,310.0,PE,0.0,0.0,0.0,42.95,30.75,0,0.0,0,0,06-MAY-2024,
OPTSTK,ONGC,27-Jun-2024,315.0,PE,0.0,0.0,0.0,46.95,34.6,0,0.0,0,0,06-MAY-2024,
OPTSTK,ONGC,27-Jun-2024,320.0,PE,0.0,0.0,0.0,51.05,38.6,0,0.0,0,0,06-MAY-2024,
OPTSTK,ONGC,27-Jun-2024,325.0,PE,0.0,0.0,0.0,55.2,42.8,0,0.0,0,0,06-MAY-2024,
OPTSTK,ONGC,25-Jul-2024,240.0,CE,0.0,0.0,0.0,49.9,48.85,0,0.0,0,0,06-MAY-2024,
OPTSTK,ONGC,25-Jul-2024,250.0,CE,0.0,0.0,0.0,42.15,40.85,0,0.0,0,0,06-MAY-2024,
OPTSTK,ONGC,25-Jul-2024,260.0,CE,0.0,0.0,0.0,35.05,33.6,0,0.0,0,0,06-MAY-2024,
OPTSTK,ONGC,25-Jul-2024,265.0,CE,0.0,0.0,0.0,31.75,30.25,0,0.0,0,0,06-MAY-2024,
OPTSTK,ONGC,25-Jul-2024,270.0,CE,0.0,0.0,0.0,28.7,27.1,0,0.0,0,0,06-MAY-2024,
OPTSTK,ONGC,25-Jul-2024,275.0,CE,0.0,0.0,0.0,25.85,24.2,0,0.0,0,0,06-MAY-2024,
OPTSTK,ONGC,25-Jul-2024,280.0,CE,0.0,0.0,0.0,23.2,21.5,0,0.0,0,0,06-MAY-2024,
OPTSTK,ONGC,25-Jul-2024,285.0,CE,0.0,0.0,0.0,20.7,19.05,0,0.0,0,0,06-MAY-2024,
OPTSTK,ONGC,25-Jul-2024,290.0,CE,0.0,0.0,0.0,18.45,16.75,0,0.0,0,0,06-MAY-2024,
OPTSTK,ONGC,25-Jul-2024,295.0,CE,0.0,0.0,0.0,16.35,14.7,0,0.0,0,0,06-MAY-2024,
OPTSTK,ONGC,25-Jul-2024,300.0,CE,0.0,0.0,0.0,14.45,12.85,0,0.0,0,0,06-MAY-2024,
OPTSTK,ONGC,25-Jul-2024,305.0,CE,0.0,0.0,0.0,12.75,11.15,0,0.0,0,0,06-MAY-2024,
OPTSTK,ONGC,25-Jul-2024,310.0,CE,0.0,0.0,0.0,11.2,9.65,0,0.0,0,0,06-MAY-2024,
OPTSTK,ONGC,25-Jul-2024,320.0,CE,0.0,0.0,0.0,8.55,7.2,0,0.0,0,0,06-MAY-2024,
OPTSTK,ONGC,25-Jul-2024,330.0,CE,0.0,0.0,0.0,6.45,5.25,0,0.0,0,0,06-MAY-2024,
OPTSTK,ONGC,25-Jul-2024,240.0,PE,0.0,0.0,0.0,3.65,2.9,0,0.0,0,0,06-MAY-2024,
OPTSTK,ONGC,25-Jul-2024,250.0,PE,7.3,7.3,7.3,7.3,4.75,1,4.95,9625,1925,06-MAY-2024,
OPTSTK,ONGC,25-Jul-2024,260.0,PE,0.0,0.0,0.0,8.4,7.35,0,0.0,0,0,06-MAY-2024,
OPTSTK,ONGC,25-Jul-2024,265.0,PE,0.0,0.0,0.0,10.05,8.9,0,0.0,0,0,06-MAY-2024,
OPTSTK,ONGC,25-Jul-2024,270.0,PE,0.0,0.0,0.0,11.9,10.7,0,0.0,0,0,06-MAY-2024,
OPTSTK,ONGC,25-Jul-2024,275.0,PE,0.0,0.0,0.0,13.95,12.7,0,0.0,0,0,06-MAY-2024,
OPTSTK,ONGC,25-Jul-2024,280.0,PE,0.0,0.0,0.0,16.15,14.95,0,0.0,0,0,06-MAY-2024,
OPTSTK,ONGC,25-Jul-2024,285.0,PE,0.0,0.0,0.0,18.6,17.35,0,0.0,0,0,06-MAY-2024,
OPTSTK,ONGC,25-Jul-2024,290.0,PE,0.0,0.0,0.0,21.25,20.05,0,0.0,0,0,06-MAY-2024,
OPTSTK,ONGC,25-Jul-2024,295.0,PE,0.0,0.0,0.0,24.1,22.9,0,0.0,0,0,06-MAY-2024,
OPTSTK,ONGC,25-Jul-2024,300.0,PE,0.0,0.0,0.0,27.1,25.95,0,0.0,0,0,06-MAY-2024,
OPTSTK,ONGC,25-Jul-2024,305.0,PE,0.0,0.0,0.0,30.3,29.2,0,0.0,0,0,06-MAY-2024,
OPTSTK,ONGC,25-Jul-2024,310.0,PE,0.0,0.0,0.0,33.65,32.6,0,0.0,0,0,06-MAY-2024,
OPTSTK,ONGC,25-Jul-2024,320.0,PE,0.0,0.0,0.0,40.85,39.95,0,0.0,0,0,06-MAY-2024,
OPTSTK,ONGC,25-Jul-2024,330.0,PE,0.0,0.0,0.0,48.55,47.85,0,0.0,0,0,06-MAY-2024,
OPTSTK,PAGEIND,30-May-2024,30000.0,CE,0.0,0.0,0.0,5133.65,4591.3,0,0.0,0,0,06-MAY-2024,
OPTSTK,PAGEIND,30-May-2024,30500.0,CE,0.0,0.0,0.0,4720.85,4110.1,0,0.0,0,0,06-MAY-2024,
OPTSTK,PAGEIND,30-May-2024,31000.0,CE,0.0,0.0,0.0,4323.25,3639.3,0,0.0,0,0,06-MAY-2024,
OPTSTK,PAGEIND,30-May-2024,31250.0,CE,0.0,0.0,0.0,4450.5,3409.05,0,0.0,15,0,06-MAY-2024,
OPTSTK,PAGEIND,30-May-2024,31500.0,CE,0.0,0.0,0.0,3942.3,3183.1,0,0.0,0,0,06-MAY-2024,
OPTSTK,PAGEIND,30-May-2024,31750.0,CE,0.0,0.0,0.0,3496.05,2962.0,0,0.0,0,0,06-MAY-2024,
OPTSTK,PAGEIND,30-May-2024,32000.0,CE,0.0,0.0,0.0,3580.25,2746.5,0,0.0,0,0,06-MAY-2024,
OPTSTK,PAGEIND,30-May-2024,32250.0,CE,0.0,0.0,0.0,3120.15,2537.15,0,0.0,0,0,06-MAY-2024,
OPTSTK,PAGEIND,30-May-2024,32500.0,CE,0.0,0.0,0.0,3234.7,2334.7,0,0.0,0,0,06-MAY-2024,
OPTSTK,PAGEIND,30-May-2024,32750.0,CE,0.0,0.0,0.0,2609.95,2139.75,0,0.0,15,0,06-MAY-2024,
OPTSTK,PAGEIND,30-May-2024,33000.0,CE,0.0,0.0,0.0,2359.75,1954.0,0,0.0,45,0,06-MAY-2024,
OPTSTK,PAGEIND,30-May-2024,33250.0,CE,0.0,0.0,0.0,2432.25,1774.25,0,0.0,0,0,06-MAY-2024,
OPTSTK,PAGEIND,30-May-2024,33500.0,CE,0.0,0.0,0.0,2607.5,1605.25,0,0.0,0,0,06-MAY-2024,
OPTSTK,PAGEIND,30-May-2024,33750.0,CE,0.0,0.0,0.0,2125.9,1445.7,0,0.0,0,0,06-MAY-2024,
OPTSTK,PAGEIND,30-May-2024,34000.0,CE,0.0,0.0,0.0,1704.4,1296.0,0,0.0,45,0,06-MAY-2024,
OPTSTK,PAGEIND,30-May-2024,34250.0,CE,1513.2,1513.2,1184.0,1184.0,1184.0,2,10.67,60,30,06-MAY-2024,
OPTSTK,PAGEIND,30-May-2024,34500.0,CE,1324.1,1324.1,1060.0,1070.0,1070.0,7,37.4,90,45,06-MAY-2024,
OPTSTK,PAGEIND,30-May-2024,34750.0,CE,1100.0,1100.0,970.0,970.0,970.0,3,16.09,60,30,06-MAY-2024,
OPTSTK,PAGEIND,30-May-2024,35000.0,CE,1022.0,1141.5,831.9,857.45,857.45,222,1195.85,2790,1005,06-MAY-2024,
OPTSTK,PAGEIND,30-May-2024,35250.0,CE,971.4,978.7,765.0,765.0,697.35,16,86.75,225,90,06-MAY-2024,
OPTSTK,PAGEIND,30-May-2024,35500.0,CE,630.75,630.75,630.75,630.75,630.75,1,5.41,2010,0,06-MAY-2024,
OPTSTK,PAGEIND,30-May-2024,35750.0,CE,0.0,0.0,0.0,895.45,525.4,0,0.0,105,0,06-MAY-2024,
OPTSTK,PAGEIND,30-May-2024,36000.0,CE,649.55,699.9,474.75,506.6,506.6,190,1042.37,13830,480,06-MAY-2024,
OPTSTK,PAGEIND,30-May-2024,36250.0,CE,640.6,640.6,640.6,640.6,389.35,10,55.33,315,135,06-MAY-2024,
OPTSTK,PAGEIND,30-May-2024,36500.0,CE,470.0,470.0,380.0,381.2,381.2,12,66.45,1065,60,06-MAY-2024,
OPTSTK,PAGEIND,30-May-2024,36750.0,CE,0.0,0.0,0.0,534.95,280.75,0,0.0,0,0,06-MAY-2024,
OPTSTK,PAGEIND,30-May-2024,37000.0,CE,407.85,407.85,271.05,287.8,287.8,150,839.87,9315,495,06-MAY-2024,
OPTSTK,PAGEIND,30-May-2024,37250.0,CE,279.3,279.3,279.3,279.3,198.9,1,5.62,15,0,06-MAY-2024,
OPTSTK,PAGEIND,30-May-2024,37500.0,CE,0.0,0.0,0.0,400.0,166.1,0,0.0,60,0,06-MAY-2024,
OPTSTK,PAGEIND,30-May-2024,37750.0,CE,0.0,0.0,0.0,323.6,137.95,0,0.0,75,0,06-MAY-2024,
OPTSTK,PAGEIND,30-May-2024,38000.0,CE,228.9,228.9,154.0,154.0,114.0,11,62.98,2370,0,06-MAY-2024,
OPTSTK,PAGEIND,30-May-2024,38250.0,CE,0.0,0.0,0.0,490.6,93.75,0,0.0,15,0,06-MAY-2024,
OPTSTK,PAGEIND,30-May-2024,38500.0,CE,0.0,0.0,0.0,677.6,76.65,0,0.0,0,0,06-MAY-2024,
OPTSTK,PAGEIND,30-May-2024,38750.0,CE,0.0,0.0,0.0,226.6,62.4,0,0.0,150,0,06-MAY-2024,
OPTSTK,PAGEIND,30-May-2024,39000.0,CE,0.0,0.0,0.0,131.65,50.5,0,0.0,150,0,06-MAY-2024,
OPTSTK,PAGEIND,30-May-2024,39250.0,CE,0.0,0.0,0.0,95.55,40.7,0,0.0,30,0,06-MAY-2024,
OPTSTK,PAGEIND,30-May-2024,39500.0,CE,0.0,0.0,0.0,489.95,32.6,0,0.0,0,0,06-MAY-2024,
OPTSTK,PAGEIND,30-May-2024,39750.0,CE,0.0,0.0,0.0,67.9,26.0,0,0.0,60,0,06-MAY-2024,
OPTSTK,PAGEIND,30-May-2024,40000.0,CE,71.9,75.15,55.15,58.05,58.05,23,138.22,2145,30,06-MAY-2024,
OPTSTK,PAGEIND,30-May-2024,40250.0,CE,0.0,0.0,0.0,51.9,16.3,0,0.0,195,0,06-MAY-2024,
OPTSTK,PAGEIND,30-May-2024,30000.0,PE,0.0,0.0,0.0,279.35,19.9,0,0.0,0,0,06-MAY-2024,
OPTSTK,PAGEIND,30-May-2024,30500.0,PE,0.0,0.0,0.0,357.45,36.4,0,0.0,0,0,06-MAY-2024,
OPTSTK,PAGEIND,30-May-2024,31000.0,PE,60.05,115.0,60.0,109.1,109.1,17,79.3,480,60,06-MAY-2024,
OPTSTK,PAGEIND,30-May-2024,31500.0,PE,0.0,0.0,0.0,560.8,104.8,0,0.0,0,0,06-MAY-2024,
OPTSTK,PAGEIND,30-May-2024,31750.0,PE,0.0,0.0,0.0,407.05,132.55,0,0.0,0,0,06-MAY-2024,
OPTSTK,PAGEIND,30-May-2024,32000.0,PE,184.0,242.0,153.0,209.8,209.8,158,762.84,4125,615,06-MAY-2024,
OPTSTK,PAGEIND,30-May-2024,32250.0,PE,0.0,0.0,0.0,525.05,205.4,0,0.0,0,0,06-MAY-2024,
OPTSTK,PAGEIND,30-May-2024,32500.0,PE,203.8,203.8,203.65,203.65,251.75,2,9.81,45,-15,06-MAY-2024,
OPTSTK,PAGEIND,30-May-2024,32750.0,PE,0.0,0.0,0.0,662.2,305.65,0,0.0,0,0,06-MAY-2024,
OPTSTK,PAGEIND,30-May-2024,33000.0,PE,320.3,450.0,320.3,380.0,368.75,20,100.2,1725,60,06-MAY-2024,
OPTSTK,PAGEIND,30-May-2024,33250.0,PE,0.0,0.0,0.0,824.95,437.9,0,0.0,0,0,06-MAY-2024,
OPTSTK,PAGEIND,30-May-2024,33500.0,PE,459.55,588.95,459.55,565.0,517.7,8,40.85,150,90,06-MAY-2024,
OPTSTK,PAGEIND,30-May-2024,33750.0,PE,0.0,0.0,0.0,1012.5,607.0,0,0.0,0,0,06-MAY-2024,
OPTSTK,PAGEIND,30-May-2024,34000.0,PE,538.9,792.4,502.6,701.1,701.1,60,312.31,4275,135,06-MAY-2024,
OPTSTK,PAGEIND,30-May-2024,34250.0,PE,0.0,0.0,0.0,1225.5,815.25,0,0.0,0,0,06-MAY-2024,
OPTSTK,PAGEIND,30-May-2024,34500.0,PE,899.95,900.0,899.95,900.0,900.0,2,10.61,60,15,06-MAY-2024,
OPTSTK,PAGEIND,30-May-2024,34750.0,PE,1085.0,1085.0,843.8,1007.6,1007.6,16,85.79,75,-15,06-MAY-2024,
OPTSTK,PAGEIND,30-May-2024,35000.0,PE,1146.65,1313.45,1146.15,1188.4,1188.4,36,195.58,1710,45,06-MAY-2024,
OPTSTK,PAGEIND,30-May-2024,35250.0,PE,1055.35,1055.35,1055.35,1055.35,1055.35,1,5.44,150,0,06-MAY-2024,
OPTSTK,PAGEIND,30-May-2024,35500.0,PE,0.0,0.0,0.0,1333.3,1510.1,0,0.0,105,0,06-MAY-2024,
OPTSTK,PAGEIND,30-May-2024,35750.0,PE,0.0,0.0,0.0,2017.0,1677.45,0,0.0,0,0,06-MAY-2024,
OPTSTK,PAGEIND,30-May-2024,36000.0,PE,1650.0,1921.5,1650.0,1878.2,1878.2,8,45.4,1605,45,06-MAY-2024,
OPTSTK,PAGEIND,30-May-2024,36250.0,PE,0.0,0.0,0.0,2329.65,2039.15,0,0.0,0,0,06-MAY-2024,
OPTSTK,PAGEIND,30-May-2024,36500.0,PE,0.0,0.0,0.0,1936.75,2229.6,0,0.0,630,0,06-MAY-2024,
OPTSTK,PAGEIND,30-May-2024,36750.0,PE,0.0,0.0,0.0,2664.85,2428.2,0,0.0,0,0,06-MAY-2024,
OPTSTK,PAGEIND,30-May-2024,37000.0,PE,2599.0,2599.0,2599.0,2599.0,2599.0,1,5.93,225,15,06-MAY-2024,
OPTSTK,PAGEIND,30-May-2024,37250.0,PE,0.0,0.0,0.0,2071.45,2844.05,0,0.0,30,0,06-MAY-2024,
OPTSTK,PAGEIND,30-May-2024,37500.0,PE,0.0,0.0,0.0,3426.65,3060.1,0,0.0,0,0,06-MAY-2024,
OPTSTK,PAGEIND,30-May-2024,37750.0,PE,0.0,0.0,0.0,3398.55,3280.8,0,0.0,0,0,06-MAY-2024,
OPTSTK,PAGEIND,30-May-2024,38000.0,PE,0.0,0.0,0.0,2971.5,3505.7,0,0.0,390,0,06-MAY-2024,
OPTSTK,PAGEIND,30-May-2024,38250.0,PE,0.0,0.0,0.0,3790.15,3734.3,0,0.0,0,0,06-MAY-2024,
OPTSTK,PAGEIND,30-May-2024,38500.0,PE,0.0,0.0,0.0,4169.0,3966.05,0,0.0,0,0,06-MAY-2024,
OPTSTK,PAGEIND,30-May-2024,39000.0,PE,0.0,0.0,0.0,4559.15,4437.6,0,0.0,0,0,06-MAY-2024,
OPTSTK,PAGEIND,30-May-2024,39500.0,PE,0.0,0.0,0.0,4963.15,4917.4,0,0.0,0,0,06-MAY-2024,
OPTSTK,PAGEIND,30-May-2024,40000.0,PE,0.0,0.0,0.0,4700.0,5403.1,0,0.0,180,0,06-MAY-2024,
OPTSTK,PAGEIND,27-Jun-2024,30000.0,CE,0.0,0.0,0.0,5248.9,4863.4,0,0.0,0,0,06-MAY-2024,
OPTSTK,PAGEIND,27-Jun-2024,30500.0,CE,0.0,0.0,0.0,4832.2,4418.6,0,0.0,0,0,06-MAY-2024,
OPTSTK,PAGEIND,27-Jun-2024,31000.0,CE,0.0,0.0,0.0,4430.4,3988.8,0,0.0,0,0,06-MAY-2024,
OPTSTK,PAGEIND,27-Jun-2024,31500.0,CE,0.0,0.0,0.0,4044.85,3576.45,0,0.0,0,0,06-MAY-2024,
OPTSTK,PAGEIND,27-Jun-2024,31750.0,CE,0.0,0.0,0.0,4488.45,3377.6,0,0.0,0,0,06-MAY-2024,
OPTSTK,PAGEIND,27-Jun-2024,32000.0,CE,0.0,0.0,0.0,3677.9,3184.05,0,0.0,0,0,06-MAY-2024,
OPTSTK,PAGEIND,27-Jun-2024,32250.0,CE,0.0,0.0,0.0,4078.9,2996.0,0,0.0,0,0,06-MAY-2024,
OPTSTK,PAGEIND,27-Jun-2024,32500.0,CE,0.0,0.0,0.0,3326.95,2814.8,0,0.0,0,0,06-MAY-2024,
OPTSTK,PAGEIND,27-Jun-2024,32750.0,CE,0.0,0.0,0.0,3686.95,2637.05,0,0.0,0,0,06-MAY-2024,
OPTSTK,PAGEIND,27-Jun-2024,33000.0,CE,0.0,0.0,0.0,2997.6,2467.2,0,0.0,0,0,06-MAY-2024,
OPTSTK,PAGEIND,27-Jun-2024,33250.0,CE,0.0,0.0,0.0,3315.45,2303.75,0,0.0,0,0,06-MAY-2024,
OPTSTK,PAGEIND,27-Jun-2024,33500.0,CE,0.0,0.0,0.0,2688.65,2146.85,0,0.0,0,0,06-MAY-2024,
OPTSTK,PAGEIND,27-Jun-2024,33750.0,CE,0.0,0.0,0.0,2961.8,1996.65,0,0.0,0,0,06-MAY-2024,
OPTSTK,PAGEIND,27-Jun-2024,34000.0,CE,0.0,0.0,0.0,2400.6,1853.2,0,0.0,0,0,06-MAY-2024,
OPTSTK,PAGEIND,27-Jun-2024,34250.0,CE,0.0,0.0,0.0,2632.15,1716.55,0,0.0,0,0,06-MAY-2024,
OPTSTK,PAGEIND,27-Jun-2024,34500.0,CE,0.0,0.0,0.0,2133.6,1586.75,0,0.0,0,0,06-MAY-2024,
OPTSTK,PAGEIND,27-Jun-2024,34750.0,CE,0.0,0.0,0.0,2325.4,1463.55,0,0.0,0,0,06-MAY-2024,
OPTSTK,PAGEIND,27-Jun-2024,35000.0,CE,0.0,0.0,0.0,1887.45,1347.3,0,0.0,0,0,06-MAY-2024,
OPTSTK,PAGEIND,27-Jun-2024,35250.0,CE,0.0,0.0,0.0,2042.15,1237.65,0,0.0,0,0,06-MAY-2024,
OPTSTK,PAGEIND,27-Jun-2024,35500.0,CE,0.0,0.0,0.0,1662.2,1134.6,0,0.0,0,0,06-MAY-2024,
OPTSTK,PAGEIND,27-Jun-2024,35750.0,CE,0.0,0.0,0.0,1782.65,1037.95,0,0.0,0,0,06-MAY-2024,
OPTSTK,PAGEIND,27-Jun-2024,36000.0,CE,900.05,900.05,900.05,900.05,947.55,1,5.53,105,15,06-MAY-2024,
OPTSTK,PAGEIND,27-Jun-2024,36250.0,CE,0.0,0.0,0.0,1546.5,863.2,0,0.0,0,0,06-MAY-2024,
OPTSTK,PAGEIND,27-Jun-2024,36500.0,CE,0.0,0.0,0.0,1271.55,784.75,0,0.0,0,0,06-MAY-2024,
OPTSTK,PAGEIND,27-Jun-2024,36750.0,CE,0.0,0.0,0.0,1333.65,711.9,0,0.0,0,0,06-MAY-2024,
OPTSTK,PAGEIND,27-Jun-2024,37000.0,CE,0.0,0.0,0.0,1104.65,644.55,0,0.0,0,0,06-MAY-2024,
OPTSTK,PAGEIND,27-Jun-2024,37250.0,CE,0.0,0.0,0.0,1143.1,584.05,0,0.0,0,0,06-MAY-2024,
OPTSTK,PAGEIND,27-Jun-2024,37500.0,CE,0.0,0.0,0.0,955.35,527.1,0,0.0,0,0,06-MAY-2024,
OPTSTK,PAGEIND,27-Jun-2024,37750.0,CE,0.0,0.0,0.0,973.8,473.1,0,0.0,0,0,06-MAY-2024,
OPTSTK,PAGEIND,27-Jun-2024,38000.0,CE,0.0,0.0,0.0,822.6,424.95,0,0.0,0,0,06-MAY-2024,
OPTSTK,PAGEIND,27-Jun-2024,38250.0,CE,0.0,0.0,0.0,824.6,380.9,0,0.0,0,0,06-MAY-2024,
OPTSTK,PAGEIND,27-Jun-2024,38500.0,CE,0.0,0.0,0.0,707.3,340.7,0,0.0,0,0,06-MAY-2024,
OPTSTK,PAGEIND,27-Jun-2024,39000.0,CE,0.0,0.0,0.0,603.0,271.0,0,0.0,0,0,06-MAY-2024,
OPTSTK,PAGEIND,27-Jun-2024,39500.0,CE,0.0,0.0,0.0,512.75,213.85,0,0.0,0,0,06-MAY-2024,
OPTSTK,PAGEIND,27-Jun-2024,40000.0,CE,0.0,0.0,0.0,434.25,167.45,0,0.0,0,0,06-MAY-2024,
OPTSTK,PAGEIND,27-Jun-2024,30000.0,PE,0.0,0.0,0.0,261.75,121.25,0,0.0,0,0,06-MAY-2024,
OPTSTK,PAGEIND,27-Jun-2024,30500.0,PE,0.0,0.0,0.0,336.15,171.3,0,0.0,0,0,06-MAY-2024,
OPTSTK,PAGEIND,27-Jun-2024,31000.0,PE,0.0,0.0,0.0,425.4,236.3,0,0.0,0,0,06-MAY-2024,
OPTSTK,PAGEIND,27-Jun-2024,31500.0,PE,0.0,0.0,0.0,530.9,318.85,0,0.0,0,0,06-MAY-2024,
OPTSTK,PAGEIND,27-Jun-2024,31750.0,PE,0.0,0.0,0.0,279.65,367.4,0,0.0,0,0,06-MAY-2024,
OPTSTK,PAGEIND,27-Jun-2024,32000.0,PE,0.0,0.0,0.0,655.05,421.25,0,0.0,0,0,06-MAY-2024,
OPTSTK,PAGEIND,27-Jun-2024,32250.0,PE,0.0,0.0,0.0,363.8,480.65,0,0.0,0,0,06-MAY-2024,
OPTSTK,PAGEIND,27-Jun-2024,32500.0,PE,0.0,0.0,0.0,795.15,546.85,0,0.0,0,0,06-MAY-2024,
OPTSTK,PAGEIND,27-Jun-2024,32750.0,PE,0.0,0.0,0.0,465.6,616.55,0,0.0,0,0,06-MAY-2024,
OPTSTK,PAGEIND,27-Jun-2024,33000.0,PE,800.0,800.0,800.0,800.0,694.1,1,5.07,15,15,06-MAY-2024,
OPTSTK,PAGEIND,27-Jun-2024,33250.0,PE,0.0,0.0,0.0,587.8,778.1,0,0.0,0,0,06-MAY-2024,
OPTSTK,PAGEIND,27-Jun-2024,33500.0,PE,0.0,0.0,0.0,1139.0,868.6,0,0.0,0,0,06-MAY-2024,
OPTSTK,PAGEIND,27-Jun-2024,33750.0,PE,0.0,0.0,0.0,727.9,965.85,0,0.0,0,0,06-MAY-2024,
OPTSTK,PAGEIND,27-Jun-2024,34000.0,PE,0.0,0.0,0.0,1342.0,1069.8,0,0.0,0,0,06-MAY-2024,
OPTSTK,PAGEIND,27-Jun-2024,34250.0,PE,0.0,0.0,0.0,891.95,1180.6,0,0.0,0,0,06-MAY-2024,
OPTSTK,PAGEIND,27-Jun-2024,34500.0,PE,0.0,0.0,0.0,1566.05,1298.2,0,0.0,0,0,06-MAY-2024,
OPTSTK,PAGEIND,27-Jun-2024,34750.0,PE,0.0,0.0,0.0,1078.95,1422.45,0,0.0,0,0,06-MAY-2024,
OPTSTK,PAGEIND,27-Jun-2024,35000.0,PE,0.0,0.0,0.0,1811.0,1553.6,0,0.0,0,0,06-MAY-2024,
OPTSTK,PAGEIND,27-Jun-2024,35250.0,PE,0.0,0.0,0.0,1289.45,1691.4,0,0.0,0,0,06-MAY-2024,
OPTSTK,PAGEIND,27-Jun-2024,35500.0,PE,0.0,0.0,0.0,2076.75,1835.75,0,0.0,0,0,06-MAY-2024,
OPTSTK,PAGEIND,27-Jun-2024,35750.0,PE,0.0,0.0,0.0,1523.65,1986.55,0,0.0,0,0,06-MAY-2024,
OPTSTK,PAGEIND,27-Jun-2024,36000.0,PE,0.0,0.0,0.0,1750.0,2143.55,0,0.0,180,0,06-MAY-2024,
OPTSTK,PAGEIND,27-Jun-2024,36250.0,PE,0.0,0.0,0.0,1781.25,2306.65,0,0.0,0,0,06-MAY-2024,
OPTSTK,PAGEIND,27-Jun-2024,36500.0,PE,0.0,0.0,0.0,2668.3,2475.6,0,0.0,0,0,06-MAY-2024,
OPTSTK,PAGEIND,27-Jun-2024,36750.0,PE,0.0,0.0,0.0,2062.15,2650.2,0,0.0,0,0,06-MAY-2024,
OPTSTK,PAGEIND,27-Jun-2024,37000.0,PE,0.0,0.0,0.0,2992.4,2830.25,0,0.0,0,0,06-MAY-2024,
OPTSTK,PAGEIND,27-Jun-2024,37250.0,PE,0.0,0.0,0.0,2365.3,3017.15,0,0.0,0,0,06-MAY-2024,
OPTSTK,PAGEIND,27-Jun-2024,37500.0,PE,0.0,0.0,0.0,3334.2,3207.65,0,0.0,0,0,06-MAY-2024,
OPTSTK,PAGEIND,27-Jun-2024,37750.0,PE,0.0,0.0,0.0,2689.75,3401.1,0,0.0,0,0,06-MAY-2024,
OPTSTK,PAGEIND,27-Jun-2024,38000.0,PE,0.0,0.0,0.0,3692.5,3600.35,0,0.0,0,0,06-MAY-2024,
OPTSTK,PAGEIND,27-Jun-2024,38250.0,PE,0.0,0.0,0.0,3034.3,3803.7,0,0.0,0,0,06-MAY-2024,
OPTSTK,PAGEIND,27-Jun-2024,38500.0,PE,0.0,0.0,0.0,4068.3,4010.95,0,0.0,0,0,06-MAY-2024,
OPTSTK,PAGEIND,27-Jun-2024,39000.0,PE,0.0,0.0,0.0,4455.0,4436.1,0,0.0,0,0,06-MAY-2024,
OPTSTK,PAGEIND,27-Jun-2024,39500.0,PE,0.0,0.0,0.0,4855.85,4873.8,0,0.0,0,0,06-MAY-2024,
OPTSTK,PAGEIND,27-Jun-2024,40000.0,PE,0.0,0.0,0.0,5000.0,5322.25,0,0.0,30,0,06-MAY-2024,
OPTSTK,PAGEIND,25-Jul-2024,30000.0,CE,0.0,0.0,0.0,6292.25,5151.45,0,0.0,0,0,06-MAY-2024,
OPTSTK,PAGEIND,25-Jul-2024,31000.0,CE,0.0,0.0,0.0,5433.15,4327.25,0,0.0,0,0,06-MAY-2024,
OPTSTK,PAGEIND,25-Jul-2024,32000.0,CE,0.0,0.0,0.0,4626.3,3570.65,0,0.0,0,0,06-MAY-2024,
OPTSTK,PAGEIND,25-Jul-2024,32500.0,CE,0.0,0.0,0.0,4245.75,3218.45,0,0.0,0,0,06-MAY-2024,
OPTSTK,PAGEIND,25-Jul-2024,33000.0,CE,0.0,0.0,0.0,3882.9,2888.55,0,0.0,0,0,06-MAY-2024,
OPTSTK,PAGEIND,25-Jul-2024,33500.0,CE,0.0,0.0,0.0,3535.05,2579.85,0,0.0,0,0,06-MAY-2024,
OPTSTK,PAGEIND,25-Jul-2024,34000.0,CE,0.0,0.0,0.0,3207.5,2292.8,0,0.0,0,0,06-MAY-2024,
OPTSTK,PAGEIND,25-Jul-2024,34500.0,CE,0.0,0.0,0.0,2899.1,2027.55,0,0.0,0,0,06-MAY-2024,
OPTSTK,PAGEIND,25-Jul-2024,35000.0,CE,0.0,0.0,0.0,2610.1,1783.95,0,0.0,0,0,06-MAY-2024,
OPTSTK,PAGEIND,25-Jul-2024,35500.0,CE,0.0,0.0,0.0,2340.75,1561.95,0,0.0,0,0,06-MAY-2024,
OPTSTK,PAGEIND,25-Jul-2024,36000.0,CE,0.0,0.0,0.0,2090.8,1360.8,0,0.0,0,0,06-MAY-2024,
OPTSTK,PAGEIND,25-Jul-2024,36500.0,CE,0.0,0.0,0.0,1860.4,1179.7,0,0.0,0,0,06-MAY-2024,
OPTSTK,PAGEIND,25-Jul-2024,37000.0,CE,0.0,0.0,0.0,1648.95,1017.65,0,0.0,0,0,06-MAY-2024,
OPTSTK,PAGEIND,25-Jul-2024,37500.0,CE,0.0,0.0,0.0,1455.85,873.65,0,0.0,0,0,06-MAY-2024,
OPTSTK,PAGEIND,25-Jul-2024,38000.0,CE,0.0,0.0,0.0,1280.45,748.15,0,0.0,0,0,06-MAY-2024,
OPTSTK,PAGEIND,25-Jul-2024,39000.0,CE,0.0,0.0,0.0,979.3,538.2,0,0.0,0,0,06-MAY-2024,
OPTSTK,PAGEIND,25-Jul-2024,40000.0,CE,0.0,0.0,0.0,740.25,380.6,0,0.0,0,0,06-MAY-2024,
OPTSTK,PAGEIND,25-Jul-2024,30000.0,PE,0.0,0.0,0.0,189.7,244.15,0,0.0,0,0,06-MAY-2024,
OPTSTK,PAGEIND,25-Jul-2024,31000.0,PE,0.0,0.0,0.0,312.5,404.15,0,0.0,0,0,06-MAY-2024,
OPTSTK,PAGEIND,25-Jul-2024,32000.0,PE,0.0,0.0,0.0,487.65,631.7,0,0.0,0,0,06-MAY-2024,
OPTSTK,PAGEIND,25-Jul-2024,32500.0,PE,0.0,0.0,0.0,598.05,771.65,0,0.0,0,0,06-MAY-2024,
OPTSTK,PAGEIND,25-Jul-2024,33000.0,PE,0.0,0.0,0.0,726.15,933.85,0,0.0,0,0,06-MAY-2024,
OPTSTK,PAGEIND,25-Jul-2024,33500.0,PE,0.0,0.0,0.0,869.3,1117.25,0,0.0,0,0,06-MAY-2024,
OPTSTK,PAGEIND,25-Jul-2024,34000.0,PE,0.0,0.0,0.0,1172.2,1322.25,0,0.0,15,0,06-MAY-2024,
OPTSTK,PAGEIND,25-Jul-2024,34500.0,PE,0.0,0.0,0.0,1215.25,1549.15,0,0.0,0,0,06-MAY-2024,
OPTSTK,PAGEIND,25-Jul-2024,35000.0,PE,0.0,0.0,0.0,1417.25,1797.65,0,0.0,0,0,06-MAY-2024,
OPTSTK,PAGEIND,25-Jul-2024,35500.0,PE,0.0,0.0,0.0,1638.85,2067.7,0,0.0,0,0,06-MAY-2024,
OPTSTK,PAGEIND,25-Jul-2024,36000.0,PE,0.0,0.0,0.0,1879.9,2358.65,0,0.0,0,0,06-MAY-2024,
OPTSTK,PAGEIND,25-Jul-2024,36500.0,PE,0.0,0.0,0.0,2140.45,2669.65,0,0.0,0,0,06-MAY-2024,
OPTSTK,PAGEIND,25-Jul-2024,37000.0,PE,0.0,0.0,0.0,2420.0,2999.75,0,0.0,0,0,06-MAY-2024,
OPTSTK,PAGEIND,25-Jul-2024,37500.0,PE,0.0,0.0,0.0,2717.85,3347.8,0,0.0,0,0,06-MAY-2024,
OPTSTK,PAGEIND,25-Jul-2024,38000.0,PE,0.0,0.0,0.0,3033.45,3714.4,0,0.0,0,0,06-MAY-2024,
OPTSTK,PAGEIND,25-Jul-2024,39000.0,PE,0.0,0.0,0.0,3714.2,4488.6,0,0.0,0,0,06-MAY-2024,
OPTSTK,PAGEIND,25-Jul-2024,40000.0,PE,0.0,0.0,0.0,4457.1,5315.2,0,0.0,0,0,06-MAY-2024,
OPTSTK,PEL,30-May-2024,800.0,CE,0.0,0.0,0.0,161.0,157.35,0,0.0,6000,0,06-MAY-2024,
OPTSTK,PEL,30-May-2024,820.0,CE,0.0,0.0,0.0,112.15,138.85,0,0.0,2250,0,06-MAY-2024,
OPTSTK,PEL,30-May-2024,830.0,CE,0.0,0.0,0.0,102.05,129.85,0,0.0,1500,0,06-MAY-2024,
OPTSTK,PEL,30-May-2024,840.0,CE,0.0,0.0,0.0,91.6,121.1,0,0.0,3000,0,06-MAY-2024,
OPTSTK,PEL,30-May-2024,850.0,CE,107.0,111.6,107.0,111.6,112.55,3,21.59,23250,0,06-MAY-2024,
OPTSTK,PEL,30-May-2024,860.0,CE,115.0,115.0,111.1,111.1,104.25,2,14.59,19500,750,06-MAY-2024,
OPTSTK,PEL,30-May-2024,870.0,CE,106.5,106.5,106.5,106.5,96.2,1,7.32,24000,0,06-MAY-2024,
OPTSTK,PEL,30-May-2024,880.0,CE,0.0,0.0,0.0,97.3,88.5,0,0.0,39750,0,06-MAY-2024,
OPTSTK,PEL,30-May-2024,890.0,CE,0.0,0.0,0.0,88.15,81.1,0,0.0,26250,0,06-MAY-2024,
OPTSTK,PEL,30-May-2024,900.0,CE,79.0,89.4,68.8,72.45,72.45,69,507.58,234750,-5250,06-MAY-2024,
OPTSTK,PEL,30-May-2024,910.0,CE,0.0,0.0,0.0,73.55,67.3,0,0.0,24000,0,06-MAY-2024,
OPTSTK,PEL,30-May-2024,920.0,CE,64.0,64.0,55.0,58.2,58.2,13,95.42,114750,0,06-MAY-2024,
OPTSTK,PEL,30-May-2024,930.0,CE,58.7,68.0,48.85,53.15,53.15,43,318.2,159750,-3000,06-MAY-2024,
OPTSTK,PEL,30-May-2024,940.0,CE,53.05,61.1,42.0,47.05,47.05,258,1914.75,108000,8250,06-MAY-2024,
OPTSTK,PEL,30-May-2024,950.0,CE,45.3,54.0,37.6,42.35,42.35,533,3971.48,248250,10500,06-MAY-2024,
OPTSTK,PEL,30-May-2024,960.0,CE,44.35,48.95,34.0,37.8,37.8,2335,17542.78,613500,401250,06-MAY-2024,
OPTSTK,PEL,30-May-2024,970.0,CE,39.0,44.05,29.45,33.4,33.4,549,4144.0,108750,36000,06-MAY-2024,
OPTSTK,PEL,30-May-2024,980.0,CE,31.75,39.25,26.0,29.3,29.3,497,3768.3,257250,66000,06-MAY-2024,
OPTSTK,PEL,30-May-2024,990.0,CE,28.5,35.25,23.2,26.1,26.1,76,580.65,36000,6750,06-MAY-2024,
OPTSTK,PEL,30-May-2024,1000.0,CE,25.8,30.8,19.55,22.55,22.55,2438,18738.71,673500,-237750,06-MAY-2024,
OPTSTK,PEL,30-May-2024,1010.0,CE,20.8,27.0,16.85,19.8,19.8,90,695.86,69000,1500,06-MAY-2024,
OPTSTK,PEL,30-May-2024,1020.0,CE,18.0,23.5,14.5,17.1,17.1,353,2747.84,85500,-6750,06-MAY-2024,
OPTSTK,PEL,30-May-2024,1030.0,CE,0.0,0.0,0.0,13.35,15.8,0,0.0,0,0,06-MAY-2024,
OPTSTK,PEL,30-May-2024,1040.0,CE,13.2,18.5,10.8,12.45,12.45,410,3241.24,164250,30000,06-MAY-2024,
OPTSTK,PEL,30-May-2024,1060.0,CE,10.0,14.05,7.8,9.4,9.4,242,1943.19,99000,-12000,06-MAY-2024,
OPTSTK,PEL,30-May-2024,1080.0,CE,9.2,10.9,5.65,6.85,6.85,1049,8559.37,438750,48750,06-MAY-2024,
OPTSTK,PEL,30-May-2024,760.0,PE,0.0,0.0,0.0,1.5,0.6,0,0.0,12750,0,06-MAY-2024,
OPTSTK,PEL,30-May-2024,780.0,PE,0.0,0.0,0.0,5.0,1.15,0,0.0,1500,0,06-MAY-2024,
OPTSTK,PEL,30-May-2024,790.0,PE,0.0,0.0,0.0,1.5,1.55,0,0.0,0,0,06-MAY-2024,
OPTSTK,PEL,30-May-2024,800.0,PE,2.2,2.7,1.6,2.55,2.55,113,680.04,513000,-15000,06-MAY-2024,
OPTSTK,PEL,30-May-2024,810.0,PE,2.55,2.75,2.25,2.75,2.7,10,60.95,14250,-6750,06-MAY-2024,
OPTSTK,PEL,30-May-2024,820.0,PE,2.7,3.15,2.35,2.95,2.95,161,993.45,85500,27000,06-MAY-2024,
OPTSTK,PEL,30-May-2024,830.0,PE,3.05,3.75,2.6,3.65,3.65,177,1105.94,197250,-3000,06-MAY-2024,
OPTSTK,PEL,30-May-2024,840.0,PE,3.25,4.6,3.1,4.45,4.45,202,1278.68,226500,-3750,06-MAY-2024,
OPTSTK,PEL,30-May-2024,850.0,PE,4.35,6.0,3.85,5.55,5.55,985,6315.11,498750,-64500,06-MAY-2024,
OPTSTK,PEL,30-May-2024,860.0,PE,5.5,6.85,4.75,6.85,6.85,118,765.9,182250,27750,06-MAY-2024,
OPTSTK,PEL,30-May-2024,870.0,PE,6.6,9.3,5.65,8.4,8.4,848,5578.38,199500,0,06-MAY-2024,
OPTSTK,PEL,30-May-2024,880.0,PE,6.85,11.4,6.85,10.45,10.45,407,2713.95,294000,-30000,06-MAY-2024,
OPTSTK,PEL,30-May-2024,890.0,PE,9.4,13.95,8.55,12.75,12.75,118,797.36,57750,-1500,06-MAY-2024,
OPTSTK,PEL,30-May-2024,900.0,PE,10.65,16.9,10.4,15.75,15.75,706,4834.21,377250,-2250,06-MAY-2024,
OPTSTK,PEL,30-May-2024,910.0,PE,13.2,19.3,12.45,19.3,19.3,41,284.78,37500,-6000,06-MAY-2024,
OPTSTK,PEL,30-May-2024,920.0,PE,15.3,23.85,14.9,22.55,22.55,236,1662.54,67500,-20250,06-MAY-2024,
OPTSTK,PEL,30-May-2024,930.0,PE,20.2,27.0,17.9,26.95,26.95,119,848.97,118500,-750,06-MAY-2024,
OPTSTK,PEL,30-May-2024,940.0,PE,25.0,32.6,21.75,31.05,31.05,148,1073.98,53250,-1500,06-MAY-2024,
OPTSTK,PEL,30-May-2024,950.0,PE,27.95,38.0,25.35,35.75,35.75,333,2451.11,278250,13500,06-MAY-2024,
OPTSTK,PEL,30-May-2024,960.0,PE,35.6,44.3,30.0,41.65,41.65,326,2435.77,111750,67500,06-MAY-2024,
OPTSTK,PEL,30-May-2024,970.0,PE,41.95,49.6,34.7,47.3,47.3,86,652.27,36000,17250,06-MAY-2024,
OPTSTK,PEL,30-May-2024,980.0,PE,45.5,54.3,39.9,54.2,54.2,31,238.45,46500,1500,06-MAY-2024,
OPTSTK,PEL,30-May-2024,990.0,PE,0.0,0.0,0.0,148.25,61.1,0,0.0,0,0,06-MAY-2024,
OPTSTK,PEL,30-May-2024,1000.0,PE,55.0,69.0,51.55,65.0,65.0,76,603.81,81000,6750,06-MAY-2024,
OPTSTK,PEL,30-May-2024,1010.0,PE,0.0,0.0,0.0,164.6,74.65,0,0.0,0,0,06-MAY-2024,
OPTSTK,PEL,30-May-2024,1020.0,PE,0.0,0.0,0.0,119.0,81.9,0,0.0,750,0,06-MAY-2024,
OPTSTK,PEL,30-May-2024,1030.0,PE,0.0,0.0,0.0,181.45,89.45,0,0.0,0,0,06-MAY-2024,
OPTSTK,PEL,30-May-2024,1040.0,PE,0.0,0.0,0.0,92.35,97.25,0,0.0,12000,0,06-MAY-2024,
OPTSTK,PEL,30-May-2024,1060.0,PE,0.0,0.0,0.0,100.2,113.55,0,0.0,22500,0,06-MAY-2024,
OPTSTK,PEL,30-May-2024,1080.0,PE,0.0,0.0,0.0,169.3,130.7,0,0.0,7500,0,06-MAY-2024,
OPTSTK,PEL,27-Jun-2024,800.0,CE,0.0,0.0,0.0,106.4,168.55,0,0.0,0,0,06-MAY-2024,
OPTSTK,PEL,27-Jun-2024,820.0,CE,0.0,0.0,0.0,95.05,151.95,0,0.0,0,0,06-MAY-2024,
OPTSTK,PEL,27-Jun-2024,840.0,CE,0.0,0.0,0.0,84.6,136.15,0,0.0,0,0,06-MAY-2024,
OPTSTK,PEL,27-Jun-2024,850.0,CE,0.0,0.0,0.0,102.0,128.55,0,0.0,0,0,06-MAY-2024,
OPTSTK,PEL,27-Jun-2024,860.0,CE,0.0,0.0,0.0,75.0,121.25,0,0.0,0,0,06-MAY-2024,
OPTSTK,PEL,27-Jun-2024,870.0,CE,0.0,0.0,0.0,89.9,114.1,0,0.0,0,0,06-MAY-2024,
OPTSTK,PEL,27-Jun-2024,880.0,CE,0.0,0.0,0.0,66.2,107.2,0,0.0,0,0,06-MAY-2024,
OPTSTK,PEL,27-Jun-2024,890.0,CE,0.0,0.0,0.0,78.8,100.55,0,0.0,0,0,06-MAY-2024,
OPTSTK,PEL,27-Jun-2024,900.0,CE,0.0,0.0,0.0,58.25,94.2,0,0.0,0,0,06-MAY-2024,
OPTSTK,PEL,27-Jun-2024,910.0,CE,0.0,0.0,0.0,68.65,88.1,0,0.0,0,0,06-MAY-2024,
OPTSTK,PEL,27-Jun-2024,920.0,CE,0.0,0.0,0.0,51.1,82.25,0,0.0,0,0,06-MAY-2024,
OPTSTK,PEL,27-Jun-2024,930.0,CE,0.0,0.0,0.0,36.0,76.65,0,0.0,750,0,06-MAY-2024,
OPTSTK,PEL,27-Jun-2024,940.0,CE,0.0,0.0,0.0,44.65,71.35,0,0.0,0,0,06-MAY-2024,
OPTSTK,PEL,27-Jun-2024,950.0,CE,0.0,0.0,0.0,52.6,66.3,0,0.0,750,0,06-MAY-2024,
OPTSTK,PEL,27-Jun-2024,960.0,CE,0.0,0.0,0.0,38.9,61.5,0,0.0,0,0,06-MAY-2024,
OPTSTK,PEL,27-Jun-2024,970.0,CE,0.0,0.0,0.0,44.0,56.95,0,0.0,0,0,06-MAY-2024,
OPTSTK,PEL,27-Jun-2024,980.0,CE,0.0,0.0,0.0,33.8,52.65,0,0.0,0,0,06-MAY-2024,
OPTSTK,PEL,27-Jun-2024,990.0,CE,0.0,0.0,0.0,37.5,48.6,0,0.0,0,0,06-MAY-2024,
OPTSTK,PEL,27-Jun-2024,1000.0,CE,48.1,59.5,48.1,54.0,44.8,41,323.94,42750,24000,06-MAY-2024,
OPTSTK,PEL,27-Jun-2024,1010.0,CE,0.0,0.0,0.0,31.85,41.2,0,0.0,0,0,06-MAY-2024,
OPTSTK,PEL,27-Jun-2024,1020.0,CE,0.0,0.0,0.0,56.7,37.9,0,0.0,2250,0,06-MAY-2024,
OPTSTK,PEL,27-Jun-2024,1030.0,CE,0.0,0.0,0.0,26.95,34.75,0,0.0,0,0,06-MAY-2024,
OPTSTK,PEL,27-Jun-2024,1040.0,CE,0.0,0.0,0.0,21.75,31.85,0,0.0,0,0,06-MAY-2024,
OPTSTK,PEL,27-Jun-2024,1060.0,CE,0.0,0.0,0.0,18.65,26.65,0,0.0,0,0,06-MAY-2024,
OPTSTK,PEL,27-Jun-2024,1080.0,CE,0.0,0.0,0.0,16.0,22.15,0,0.0,0,0,06-MAY-2024,
OPTSTK,PEL,27-Jun-2024,800.0,PE,0.0,0.0,0.0,42.75,8.7,0,0.0,0,0,06-MAY-2024,
OPTSTK,PEL,27-Jun-2024,820.0,PE,14.4,14.4,14.4,14.4,11.9,2,12.51,1500,1500,06-MAY-2024,
OPTSTK,PEL,27-Jun-2024,840.0,PE,0.0,0.0,0.0,13.8,15.9,0,0.0,5250,0,06-MAY-2024,
OPTSTK,PEL,27-Jun-2024,850.0,PE,0.0,0.0,0.0,15.0,18.2,0,0.0,12750,0,06-MAY-2024,
OPTSTK,PEL,27-Jun-2024,860.0,PE,0.0,0.0,0.0,33.0,20.75,0,0.0,750,0,06-MAY-2024,
OPTSTK,PEL,27-Jun-2024,870.0,PE,0.0,0.0,0.0,41.05,23.55,0,0.0,0,0,06-MAY-2024,
OPTSTK,PEL,27-Jun-2024,880.0,PE,0.0,0.0,0.0,81.15,26.5,0,0.0,0,0,06-MAY-2024,
OPTSTK,PEL,27-Jun-2024,890.0,PE,0.0,0.0,0.0,49.65,29.8,0,0.0,0,0,06-MAY-2024,
OPTSTK,PEL,27-Jun-2024,900.0,PE,30.0,34.25,29.0,34.2,33.35,33,230.38,30000,18750,06-MAY-2024,
OPTSTK,PEL,27-Jun-2024,910.0,PE,0.0,0.0,0.0,59.3,37.1,0,0.0,0,0,06-MAY-2024,
OPTSTK,PEL,27-Jun-2024,920.0,PE,0.0,0.0,0.0,105.3,41.15,0,0.0,0,0,06-MAY-2024,
OPTSTK,PEL,27-Jun-2024,930.0,PE,0.0,0.0,0.0,69.9,45.5,0,0.0,0,0,06-MAY-2024,
OPTSTK,PEL,27-Jun-2024,940.0,PE,0.0,0.0,0.0,118.5,50.05,0,0.0,0,0,06-MAY-2024,
OPTSTK,PEL,27-Jun-2024,950.0,PE,0.0,0.0,0.0,81.4,54.9,0,0.0,0,0,06-MAY-2024,
OPTSTK,PEL,27-Jun-2024,960.0,PE,0.0,0.0,0.0,132.4,60.0,0,0.0,0,0,06-MAY-2024,
OPTSTK,PEL,27-Jun-2024,970.0,PE,0.0,0.0,0.0,93.85,65.35,0,0.0,0,0,06-MAY-2024,
OPTSTK,PEL,27-Jun-2024,980.0,PE,0.0,0.0,0.0,146.95,70.95,0,0.0,0,0,06-MAY-2024,
OPTSTK,PEL,27-Jun-2024,990.0,PE,0.0,0.0,0.0,107.15,76.8,0,0.0,0,0,06-MAY-2024,
OPTSTK,PEL,27-Jun-2024,1000.0,PE,0.0,0.0,0.0,74.95,82.9,0,0.0,3000,0,06-MAY-2024,
OPTSTK,PEL,27-Jun-2024,1010.0,PE,0.0,0.0,0.0,121.25,89.2,0,0.0,0,0,06-MAY-2024,
OPTSTK,PEL,27-Jun-2024,1020.0,PE,0.0,0.0,0.0,177.7,95.75,0,0.0,0,0,06-MAY-2024,
OPTSTK,PEL,27-Jun-2024,1030.0,PE,0.0,0.0,0.0,136.1,102.55,0,0.0,0,0,06-MAY-2024,
OPTSTK,PEL,27-Jun-2024,1040.0,PE,0.0,0.0,0.0,193.8,109.5,0,0.0,0,0,06-MAY-2024,
OPTSTK,PEL,27-Jun-2024,1060.0,PE,0.0,0.0,0.0,210.4,124.1,0,0.0,0,0,06-MAY-2024,
OPTSTK,PEL,27-Jun-2024,1080.0,PE,0.0,0.0,0.0,227.35,139.45,0,0.0,0,0,06-MAY-2024,
OPTSTK,PEL,25-Jul-2024,800.0,CE,0.0,0.0,0.0,149.05,179.9,0,0.0,0,0,06-MAY-2024,
OPTSTK,PEL,25-Jul-2024,840.0,CE,0.0,0.0,0.0,122.45,149.75,0,0.0,0,0,06-MAY-2024,
OPTSTK,PEL,25-Jul-2024,860.0,CE,0.0,0.0,0.0,110.4,135.8,0,0.0,0,0,06-MAY-2024,
OPTSTK,PEL,25-Jul-2024,880.0,CE,0.0,0.0,0.0,99.15,122.6,0,0.0,0,0,06-MAY-2024,
OPTSTK,PEL,25-Jul-2024,900.0,CE,0.0,0.0,0.0,88.8,110.3,0,0.0,0,0,06-MAY-2024,
OPTSTK,PEL,25-Jul-2024,920.0,CE,0.0,0.0,0.0,79.2,98.85,0,0.0,0,0,06-MAY-2024,
OPTSTK,PEL,25-Jul-2024,940.0,CE,0.0,0.0,0.0,70.45,88.25,0,0.0,0,0,06-MAY-2024,
OPTSTK,PEL,25-Jul-2024,960.0,CE,0.0,0.0,0.0,62.4,78.5,0,0.0,0,0,06-MAY-2024,
OPTSTK,PEL,25-Jul-2024,980.0,CE,0.0,0.0,0.0,55.15,69.55,0,0.0,0,0,06-MAY-2024,
OPTSTK,PEL,25-Jul-2024,1000.0,CE,0.0,0.0,0.0,48.6,61.45,0,0.0,0,0,06-MAY-2024,
OPTSTK,PEL,25-Jul-2024,1020.0,CE,0.0,0.0,0.0,42.65,54.05,0,0.0,0,0,06-MAY-2024,
OPTSTK,PEL,25-Jul-2024,1040.0,CE,0.0,0.0,0.0,37.35,47.4,0,0.0,0,0,06-MAY-2024,
OPTSTK,PEL,25-Jul-2024,1080.0,CE,0.0,0.0,0.0,28.5,36.05,0,0.0,0,0,06-MAY-2024,
OPTSTK,PEL,25-Jul-2024,800.0,PE,0.0,0.0,0.0,26.65,15.65,0,0.0,0,0,06-MAY-2024,
OPTSTK,PEL,25-Jul-2024,840.0,PE,0.0,0.0,0.0,39.3,24.85,0,0.0,0,0,06-MAY-2024,
OPTSTK,PEL,25-Jul-2024,860.0,PE,0.0,0.0,0.0,46.9,30.6,0,0.0,0,0,06-MAY-2024,
OPTSTK,PEL,25-Jul-2024,880.0,PE,0.0,0.0,0.0,55.35,37.1,0,0.0,0,0,06-MAY-2024,
OPTSTK,PEL,25-Jul-2024,900.0,PE,0.0,0.0,0.0,64.6,44.5,0,0.0,0,0,06-MAY-2024,
OPTSTK,PEL,25-Jul-2024,920.0,PE,0.0,0.0,0.0,74.65,52.75,0,0.0,0,0,06-MAY-2024,
OPTSTK,PEL,25-Jul-2024,940.0,PE,0.0,0.0,0.0,85.5,61.8,0,0.0,0,0,06-MAY-2024,
OPTSTK,PEL,25-Jul-2024,960.0,PE,0.0,0.0,0.0,97.15,71.75,0,0.0,0,0,06-MAY-2024,
OPTSTK,PEL,25-Jul-2024,980.0,PE,0.0,0.0,0.0,109.5,82.5,0,0.0,0,0,06-MAY-2024,
OPTSTK,PEL,25-Jul-2024,1000.0,PE,0.0,0.0,0.0,122.55,94.0,0,0.0,0,0,06-MAY-2024,
OPTSTK,PEL,25-Jul-2024,1020.0,PE,0.0,0.0,0.0,136.3,106.3,0,0.0,0,0,06-MAY-2024,
OPTSTK,PEL,25-Jul-2024,1040.0,PE,0.0,0.0,0.0,150.6,119.35,0,0.0,0,0,06-MAY-2024,
OPTSTK,PEL,25-Jul-2024,1080.0,PE,0.0,0.0,0.0,181.0,147.4,0,0.0,0,0,06-MAY-2024,
OPTSTK,PERSISTENT,30-May-2024,2200.0,CE,0.0,0.0,0.0,3795.75,1205.8,0,0.0,0,0,06-MAY-2024,
OPTSTK,PERSISTENT,30-May-2024,2400.0,CE,0.0,0.0,0.0,3885.25,1006.75,0,0.0,0,0,06-MAY-2024,
OPTSTK,PERSISTENT,30-May-2024,2600.0,CE,0.0,0.0,0.0,3525.4,807.85,0,0.0,0,0,06-MAY-2024,
OPTSTK,PERSISTENT,30-May-2024,2700.0,CE,0.0,0.0,0.0,1317.95,708.75,0,0.0,0,0,06-MAY-2024,
OPTSTK,PERSISTENT,30-May-2024,2800.0,CE,0.0,0.0,0.0,3134.45,610.55,0,0.0,0,0,06-MAY-2024,
OPTSTK,PERSISTENT,30-May-2024,2900.0,CE,0.0,0.0,0.0,2554.85,514.35,0,0.0,0,0,06-MAY-2024,
OPTSTK,PERSISTENT,30-May-2024,3000.0,CE,0.0,0.0,0.0,431.0,421.75,0,0.0,6200,0,06-MAY-2024,
OPTSTK,PERSISTENT,30-May-2024,3100.0,CE,354.15,370.0,333.15,333.15,333.15,20,138.1,3200,2800,06-MAY-2024,
OPTSTK,PERSISTENT,30-May-2024,3200.0,CE,249.1,256.8,249.05,256.8,257.1,3,20.7,5400,0,06-MAY-2024,
OPTSTK,PERSISTENT,30-May-2024,3300.0,CE,182.0,209.0,182.0,186.15,186.15,26,181.92,12000,-1800,06-MAY-2024,
OPTSTK,PERSISTENT,30-May-2024,3400.0,CE,130.05,156.95,122.05,137.0,137.0,1556,11025.2,90000,-18600,06-MAY-2024,
OPTSTK,PERSISTENT,30-May-2024,3500.0,CE,84.0,108.0,80.65,91.45,91.45,1494,10746.95,249800,-30200,06-MAY-2024,
OPTSTK,PERSISTENT,30-May-2024,3600.0,CE,58.1,72.7,53.05,61.45,61.45,940,6889.8,280400,-19800,06-MAY-2024,
OPTSTK,PERSISTENT,30-May-2024,3700.0,CE,40.0,47.2,34.5,40.65,40.65,1024,7663.66,331600,-28600,06-MAY-2024,
OPTSTK,PERSISTENT,30-May-2024,3800.0,CE,23.75,31.15,23.75,26.6,26.6,485,3713.31,271800,-5200,06-MAY-2024,
OPTSTK,PERSISTENT,30-May-2024,3900.0,CE,17.25,20.6,16.4,18.2,18.2,429,3362.27,201600,800,06-MAY-2024,
OPTSTK,PERSISTENT,30-May-2024,4000.0,CE,10.0,14.7,9.75,13.4,13.4,871,6991.42,487200,-39400,06-MAY-2024,
OPTSTK,PERSISTENT,30-May-2024,4100.0,CE,8.85,9.6,6.6,8.95,8.95,261,2144.79,127600,8400,06-MAY-2024,
OPTSTK,PERSISTENT,30-May-2024,4200.0,CE,5.5,6.5,5.0,5.05,1.8,30,252.34,51200,-600,06-MAY-2024,
OPTSTK,PERSISTENT,30-May-2024,4300.0,CE,4.0,4.0,4.0,4.0,0.9,2,17.21,33600,0,06-MAY-2024,
OPTSTK,PERSISTENT,30-May-2024,4400.0,CE,0.0,0.0,0.0,3.5,0.45,0,0.0,12000,0,06-MAY-2024,
OPTSTK,PERSISTENT,30-May-2024,4500.0,CE,3.0,3.75,3.0,3.35,0.2,221,1990.49,105000,22800,06-MAY-2024,
OPTSTK,PERSISTENT,30-May-2024,4600.0,CE,2.5,3.0,2.5,3.0,3.0,4,36.82,2400,-400,06-MAY-2024,
OPTSTK,PERSISTENT,30-May-2024,4700.0,CE,0.0,0.0,0.0,31.65,0.05,0,0.0,400,0,06-MAY-2024,
OPTSTK,PERSISTENT,30-May-2024,4800.0,CE,0.0,0.0,0.0,1.0,0.05,0,0.0,8000,0,06-MAY-2024,
OPTSTK,PERSISTENT,30-May-2024,2200.0,PE,0.0,0.0,0.0,0.05,0.0,0,0.0,0,0,06-MAY-2024,
OPTSTK,PERSISTENT,30-May-2024,2400.0,PE,0.0,0.0,0.0,0.15,0.05,0,0.0,0,0,06-MAY-2024,
OPTSTK,PERSISTENT,30-May-2024,2600.0,PE,0.0,0.0,0.0,0.6,0.2,0,0.0,0,0,06-MAY-2024,
OPTSTK,PERSISTENT,30-May-2024,2700.0,PE,0.0,0.0,0.0,0.4,0.65,0,0.0,0,0,06-MAY-2024,
OPTSTK,PERSISTENT,30-May-2024,2800.0,PE,5.95,5.95,4.1,4.35,4.35,37,207.58,51400,-4200,06-MAY-2024,
OPTSTK,PERSISTENT,30-May-2024,2900.0,PE,10.05,11.4,7.0,7.7,7.7,73,424.69,19200,-4400,06-MAY-2024,
OPTSTK,PERSISTENT,30-May-2024,3000.0,PE,20.7,20.7,13.05,14.35,14.35,313,1887.39,168400,-7400,06-MAY-2024,
OPTSTK,PERSISTENT,30-May-2024,3100.0,PE,35.2,35.2,21.75,25.95,25.95,465,2907.54,113600,-6400,06-MAY-2024,
OPTSTK,PERSISTENT,30-May-2024,3200.0,PE,50.5,51.0,38.5,45.9,45.9,305,1978.69,91400,1000,06-MAY-2024,
OPTSTK,PERSISTENT,30-May-2024,3300.0,PE,86.0,86.0,64.25,75.4,75.4,282,1902.12,88200,-3000,06-MAY-2024,
OPTSTK,PERSISTENT,30-May-2024,3400.0,PE,120.0,128.35,100.15,115.7,115.7,429,3013.95,149200,-11800,06-MAY-2024,
OPTSTK,PERSISTENT,30-May-2024,3500.0,PE,172.1,182.05,155.75,178.5,178.5,72,527.86,121600,-4200,06-MAY-2024,
OPTSTK,PERSISTENT,30-May-2024,3600.0,PE,242.0,252.0,218.0,250.65,250.65,31,237.47,57000,-200,06-MAY-2024,
OPTSTK,PERSISTENT,30-May-2024,3700.0,PE,320.85,328.2,298.3,327.95,327.95,22,176.27,52800,-2000,06-MAY-2024,
OPTSTK,PERSISTENT,30-May-2024,3800.0,PE,380.0,413.7,379.8,413.7,413.7,11,92.14,45400,200,06-MAY-2024,
OPTSTK,PERSISTENT,30-May-2024,3900.0,PE,478.0,498.85,472.0,472.0,498.75,8,70.06,51600,-600,06-MAY-2024,
OPTSTK,PERSISTENT,30-May-2024,4000.0,PE,585.0,599.65,564.25,597.55,597.55,14,128.35,32000,-2400,06-MAY-2024,
OPTSTK,PERSISTENT,30-May-2024,4100.0,PE,675.0,675.0,675.0,675.0,689.0,1,9.55,1600,0,06-MAY-2024,
OPTSTK,PERSISTENT,30-May-2024,4200.0,PE,0.0,0.0,0.0,687.0,786.8,0,0.0,3800,0,06-MAY-2024,
OPTSTK,PERSISTENT,30-May-2024,4300.0,PE,865.0,865.0,865.0,865.0,885.4,1,10.33,1800,-200,06-MAY-2024,
OPTSTK,PERSISTENT,30-May-2024,4400.0,PE,0.0,0.0,0.0,622.35,984.5,0,0.0,0,0,06-MAY-2024,
OPTSTK,PERSISTENT,30-May-2024,4500.0,PE,0.0,0.0,0.0,970.0,1083.8,0,0.0,400,0,06-MAY-2024,
OPTSTK,PERSISTENT,30-May-2024,4600.0,PE,0.0,0.0,0.0,852.95,1183.25,0,0.0,0,0,06-MAY-2024,
OPTSTK,PERSISTENT,27-Jun-2024,2200.0,CE,0.0,0.0,0.0,1823.9,1218.4,0,0.0,0,0,06-MAY-2024,
OPTSTK,PERSISTENT,27-Jun-2024,2400.0,CE,0.0,0.0,0.0,1627.7,1021.05,0,0.0,0,0,06-MAY-2024,
OPTSTK,PERSISTENT,27-Jun-2024,2600.0,CE,0.0,0.0,0.0,1432.05,826.1,0,0.0,0,0,06-MAY-2024,
OPTSTK,PERSISTENT,27-Jun-2024,2700.0,CE,0.0,0.0,0.0,774.75,730.9,0,0.0,0,0,06-MAY-2024,
OPTSTK,PERSISTENT,27-Jun-2024,2800.0,CE,0.0,0.0,0.0,1238.25,638.45,0,0.0,0,0,06-MAY-2024,
OPTSTK,PERSISTENT,27-Jun-2024,2900.0,CE,0.0,0.0,0.0,596.55,549.85,0,0.0,0,0,06-MAY-2024,
OPTSTK,PERSISTENT,27-Jun-2024,3000.0,CE,0.0,0.0,0.0,1048.75,466.35,0,0.0,0,0,06-MAY-2024,
OPTSTK,PERSISTENT,27-Jun-2024,3100.0,CE,0.0,0.0,0.0,437.75,389.25,0,0.0,0,0,06-MAY-2024,
OPTSTK,PERSISTENT,27-Jun-2024,3200.0,CE,0.0,0.0,0.0,867.2,319.2,0,0.0,0,0,06-MAY-2024,
OPTSTK,PERSISTENT,27-Jun-2024,3300.0,CE,0.0,0.0,0.0,304.7,257.35,0,0.0,0,0,06-MAY-2024,
OPTSTK,PERSISTENT,27-Jun-2024,3400.0,CE,243.5,243.5,243.5,243.5,203.9,2,14.57,4400,-200,06-MAY-2024,
OPTSTK,PERSISTENT,27-Jun-2024,3500.0,CE,184.65,184.65,184.65,184.65,184.65,2,14.73,1000,400,06-MAY-2024,
OPTSTK,PERSISTENT,27-Jun-2024,3600.0,CE,0.0,0.0,0.0,138.0,121.35,0,0.0,5600,0,06-MAY-2024,
OPTSTK,PERSISTENT,27-Jun-2024,3700.0,CE,0.0,0.0,0.0,84.8,91.25,0,0.0,0,0,06-MAY-2024,
OPTSTK,PERSISTENT,27-Jun-2024,3800.0,CE,0.0,0.0,0.0,78.8,67.7,0,0.0,600,0,06-MAY-2024,
OPTSTK,PERSISTENT,27-Jun-2024,3900.0,CE,0.0,0.0,0.0,75.2,49.2,0,0.0,0,0,06-MAY-2024,
OPTSTK,PERSISTENT,27-Jun-2024,4000.0,CE,49.0,59.7,49.0,53.7,53.7,12,97.34,14000,-800,06-MAY-2024,
OPTSTK,PERSISTENT,27-Jun-2024,4100.0,CE,0.0,0.0,0.0,42.85,24.9,0,0.0,0,0,06-MAY-2024,
OPTSTK,PERSISTENT,27-Jun-2024,4200.0,CE,0.0,0.0,0.0,219.1,17.35,0,0.0,0,0,06-MAY-2024,
OPTSTK,PERSISTENT,27-Jun-2024,4400.0,CE,0.0,0.0,0.0,152.7,8.05,0,0.0,0,0,06-MAY-2024,
OPTSTK,PERSISTENT,27-Jun-2024,4600.0,CE,0.0,0.0,0.0,103.9,3.6,0,0.0,0,0,06-MAY-2024,
OPTSTK,PERSISTENT,27-Jun-2024,2200.0,PE,0.0,0.0,0.0,0.05,0.1,0,0.0,0,0,06-MAY-2024,
OPTSTK,PERSISTENT,27-Jun-2024,2400.0,PE,0.0,0.0,0.0,0.25,0.7,0,0.0,0,0,06-MAY-2024,
OPTSTK,PERSISTENT,27-Jun-2024,2600.0,PE,0.0,0.0,0.0,1.05,3.65,0,0.0,0,0,06-MAY-2024,
OPTSTK,PERSISTENT,27-Jun-2024,2700.0,PE,0.0,0.0,0.0,10.55,7.45,0,0.0,0,0,06-MAY-2024,
OPTSTK,PERSISTENT,27-Jun-2024,2800.0,PE,0.0,0.0,0.0,3.7,13.95,0,0.0,0,0,06-MAY-2024,
OPTSTK,PERSISTENT,27-Jun-2024,2900.0,PE,0.0,0.0,0.0,46.9,24.3,0,0.0,4800,0,06-MAY-2024,
OPTSTK,PERSISTENT,27-Jun-2024,3000.0,PE,55.0,58.0,51.25,58.0,39.8,8,48.86,7800,0,06-MAY-2024,
OPTSTK,PERSISTENT,27-Jun-2024,3100.0,PE,0.0,0.0,0.0,63.15,61.7,0,0.0,1600,0,06-MAY-2024,
OPTSTK,PERSISTENT,27-Jun-2024,3200.0,PE,0.0,0.0,0.0,109.6,90.6,0,0.0,4800,0,06-MAY-2024,
OPTSTK,PERSISTENT,27-Jun-2024,3300.0,PE,145.0,155.0,145.0,152.85,127.7,5,34.5,2200,200,06-MAY-2024,
OPTSTK,PERSISTENT,27-Jun-2024,3400.0,PE,210.6,210.6,191.9,200.9,173.2,25,180.07,9200,2400,06-MAY-2024,
OPTSTK,PERSISTENT,27-Jun-2024,3500.0,PE,0.0,0.0,0.0,226.95,226.95,0,0.0,0,0,06-MAY-2024,
OPTSTK,PERSISTENT,27-Jun-2024,3600.0,PE,0.0,0.0,0.0,97.45,288.6,0,0.0,0,0,06-MAY-2024,
OPTSTK,PERSISTENT,27-Jun-2024,3700.0,PE,0.0,0.0,0.0,349.3,357.45,0,0.0,0,0,06-MAY-2024,
OPTSTK,PERSISTENT,27-Jun-2024,3800.0,PE,0.0,0.0,0.0,162.35,432.9,0,0.0,0,0,06-MAY-2024,
OPTSTK,PERSISTENT,27-Jun-2024,3900.0,PE,0.0,0.0,0.0,495.95,513.35,0,0.0,0,0,06-MAY-2024,
OPTSTK,PERSISTENT,27-Jun-2024,4000.0,PE,0.0,0.0,0.0,249.85,598.4,0,0.0,0,0,06-MAY-2024,
OPTSTK,PERSISTENT,27-Jun-2024,4100.0,PE,0.0,0.0,0.0,661.1,687.0,0,0.0,0,0,06-MAY-2024,
OPTSTK,PERSISTENT,27-Jun-2024,4200.0,PE,0.0,0.0,0.0,359.5,778.4,0,0.0,0,0,06-MAY-2024,
OPTSTK,PERSISTENT,27-Jun-2024,4400.0,PE,0.0,0.0,0.0,489.5,967.1,0,0.0,0,0,06-MAY-2024,
OPTSTK,PERSISTENT,27-Jun-2024,4600.0,PE,0.0,0.0,0.0,637.15,1160.55,0,0.0,0,0,06-MAY-2024,
OPTSTK,PERSISTENT,25-Jul-2024,2000.0,CE,0.0,0.0,0.0,1466.7,1427.4,0,0.0,0,0,06-MAY-2024,
OPTSTK,PERSISTENT,25-Jul-2024,2400.0,CE,0.0,0.0,0.0,1078.2,1036.8,0,0.0,0,0,06-MAY-2024,
OPTSTK,PERSISTENT,25-Jul-2024,2600.0,CE,0.0,0.0,0.0,890.9,847.75,0,0.0,0,0,06-MAY-2024,
OPTSTK,PERSISTENT,25-Jul-2024,2800.0,CE,0.0,0.0,0.0,714.45,669.35,0,0.0,0,0,06-MAY-2024,
OPTSTK,PERSISTENT,25-Jul-2024,3000.0,CE,0.0,0.0,0.0,540.0,508.15,0,0.0,200,0,06-MAY-2024,
OPTSTK,PERSISTENT,25-Jul-2024,3200.0,CE,0.0,0.0,0.0,415.55,369.9,0,0.0,0,0,06-MAY-2024,
OPTSTK,PERSISTENT,25-Jul-2024,3400.0,CE,0.0,0.0,0.0,301.0,258.15,0,0.0,0,0,06-MAY-2024,
OPTSTK,PERSISTENT,25-Jul-2024,3600.0,CE,0.0,0.0,0.0,210.8,172.85,0,0.0,0,0,06-MAY-2024,
OPTSTK,PERSISTENT,25-Jul-2024,3800.0,CE,0.0,0.0,0.0,143.0,111.25,0,0.0,0,0,06-MAY-2024,
OPTSTK,PERSISTENT,25-Jul-2024,4000.0,CE,0.0,0.0,0.0,94.45,69.15,0,0.0,0,0,06-MAY-2024,
OPTSTK,PERSISTENT,25-Jul-2024,4200.0,CE,0.0,0.0,0.0,60.5,41.5,0,0.0,0,0,06-MAY-2024,
OPTSTK,PERSISTENT,25-Jul-2024,4400.0,CE,0.0,0.0,0.0,37.9,24.2,0,0.0,0,0,06-MAY-2024,
OPTSTK,PERSISTENT,25-Jul-2024,4800.0,CE,0.0,0.0,0.0,13.9,7.55,0,0.0,0,0,06-MAY-2024,
OPTSTK,PERSISTENT,25-Jul-2024,2000.0,PE,0.0,0.0,0.0,0.2,0.1,0,0.0,0,0,06-MAY-2024,
OPTSTK,PERSISTENT,25-Jul-2024,2400.0,PE,0.0,0.0,0.0,4.5,3.25,0,0.0,0,0,06-MAY-2024,
OPTSTK,PERSISTENT,25-Jul-2024,2600.0,PE,0.0,0.0,0.0,13.6,11.0,0,0.0,0,0,06-MAY-2024,
OPTSTK,PERSISTENT,25-Jul-2024,2800.0,PE,0.0,0.0,0.0,33.55,29.4,0,0.0,0,0,06-MAY-2024,
OPTSTK,PERSISTENT,25-Jul-2024,3000.0,PE,0.0,0.0,0.0,69.85,65.05,0,0.0,0,0,06-MAY-2024,
OPTSTK,PERSISTENT,25-Jul-2024,3200.0,PE,0.0,0.0,0.0,127.4,123.65,0,0.0,0,0,06-MAY-2024,
OPTSTK,PERSISTENT,25-Jul-2024,3400.0,PE,0.0,0.0,0.0,209.25,208.75,0,0.0,0,0,06-MAY-2024,
OPTSTK,PERSISTENT,25-Jul-2024,3600.0,PE,0.0,0.0,0.0,315.45,320.3,0,0.0,0,0,06-MAY-2024,
OPTSTK,PERSISTENT,25-Jul-2024,3800.0,PE,0.0,0.0,0.0,444.05,455.5,0,0.0,0,0,06-MAY-2024,
OPTSTK,PERSISTENT,25-Jul-2024,4000.0,PE,0.0,0.0,0.0,591.85,610.25,0,0.0,0,0,06-MAY-2024,
OPTSTK,PERSISTENT,25-Jul-2024,4200.0,PE,0.0,0.0,0.0,754.3,779.45,0,0.0,0,0,06-MAY-2024,
OPTSTK,PERSISTENT,25-Jul-2024,4400.0,PE,0.0,0.0,0.0,928.05,958.95,0,0.0,0,0,06-MAY-2024,
OPTSTK,PERSISTENT,25-Jul-2024,4800.0,PE,0.0,0.0,0.0,1296.85,1336.05,0,0.0,0,0,06-MAY-2024,
OPTSTK,PETRONET,30-May-2024,240.0,CE,0.0,0.0,0.0,76.0,66.35,0,0.0,0,0,06-MAY-2024,
OPTSTK,PETRONET,30-May-2024,250.0,CE,0.0,0.0,0.0,73.2,56.45,0,0.0,6000,0,06-MAY-2024,
OPTSTK,PETRONET,30-May-2024,260.0,CE,50.3,50.3,48.0,48.0,48.0,3,27.85,45000,3000,06-MAY-2024,
OPTSTK,PETRONET,30-May-2024,265.0,CE,0.0,0.0,0.0,40.0,41.9,0,0.0,3000,0,06-MAY-2024,
OPTSTK,PETRONET,30-May-2024,270.0,CE,0.0,0.0,0.0,47.0,37.2,0,0.0,39000,0,06-MAY-2024,
OPTSTK,PETRONET,30-May-2024,275.0,CE,0.0,0.0,0.0,49.8,32.7,0,0.0,3000,0,06-MAY-2024,
OPTSTK,PETRONET,30-May-2024,277.5,CE,0.0,0.0,0.0,9.35,30.5,0,0.0,0,0,06-MAY-2024,
OPTSTK,PETRONET,30-May-2024,280.0,CE,31.5,31.5,31.25,31.35,28.35,16,149.45,132000,-3000,06-MAY-2024,
OPTSTK,PETRONET,30-May-2024,282.5,CE,0.0,0.0,0.0,7.7,26.3,0,0.0,0,0,06-MAY-2024,
OPTSTK,PETRONET,30-May-2024,285.0,CE,0.0,0.0,0.0,33.9,24.3,0,0.0,12000,0,06-MAY-2024,
OPTSTK,PETRONET,30-May-2024,287.5,CE,0.0,0.0,0.0,32.5,22.35,0,0.0,15000,0,06-MAY-2024,
OPTSTK,PETRONET,30-May-2024,290.0,CE,25.0,28.1,21.6,21.8,21.8,10,94.39,135000,-6000,06-MAY-2024,
OPTSTK,PETRONET,30-May-2024,292.5,CE,0.0,0.0,0.0,27.9,18.7,0,0.0,15000,0,06-MAY-2024,
OPTSTK,PETRONET,30-May-2024,295.0,CE,0.0,0.0,0.0,26.55,17.05,0,0.0,54000,0,06-MAY-2024,
OPTSTK,PETRONET,30-May-2024,297.5,CE,16.5,16.5,16.5,16.5,16.5,1,9.42,15000,3000,06-MAY-2024,
OPTSTK,PETRONET,30-May-2024,300.0,CE,22.8,22.8,15.0,15.5,15.5,151,1437.15,837000,-66000,06-MAY-2024,
OPTSTK,PETRONET,30-May-2024,302.5,CE,0.0,0.0,0.0,19.9,12.55,0,0.0,39000,0,06-MAY-2024,
OPTSTK,PETRONET,30-May-2024,305.0,CE,20.05,20.05,12.45,12.9,12.9,119,1138.78,384000,6000,06-MAY-2024,
OPTSTK,PETRONET,30-May-2024,307.5,CE,15.3,16.3,11.8,11.85,11.85,22,212.0,48000,9000,06-MAY-2024,
OPTSTK,PETRONET,30-May-2024,310.0,CE,16.0,16.25,10.35,10.8,10.8,726,7016.92,1200000,225000,06-MAY-2024,
OPTSTK,PETRONET,30-May-2024,312.5,CE,14.0,14.5,9.5,9.8,9.8,36,350.21,174000,30000,06-MAY-2024,
OPTSTK,PETRONET,30-May-2024,315.0,CE,14.2,14.2,8.65,8.95,8.95,707,6901.89,570000,12000,06-MAY-2024,
OPTSTK,PETRONET,30-May-2024,317.5,CE,13.05,13.05,7.9,8.05,8.05,31,304.39,234000,18000,06-MAY-2024,
OPTSTK,PETRONET,30-May-2024,320.0,CE,11.75,12.4,7.1,7.45,7.45,2519,24840.21,5607000,231000,06-MAY-2024,
OPTSTK,PETRONET,30-May-2024,322.5,CE,10.35,10.45,6.5,6.55,6.55,73,725.43,264000,30000,06-MAY-2024,
OPTSTK,PETRONET,30-May-2024,325.0,CE,10.25,10.25,5.65,6.05,6.05,484,4823.35,1134000,-57000,06-MAY-2024,
OPTSTK,PETRONET,30-May-2024,327.5,CE,0.0,0.0,0.0,8.2,3.45,0,0.0,30000,0,06-MAY-2024,
OPTSTK,PETRONET,30-May-2024,330.0,CE,8.0,8.35,4.55,4.9,4.9,979,9858.85,2805000,33000,06-MAY-2024,
OPTSTK,PETRONET,30-May-2024,332.5,CE,4.2,4.2,4.2,4.2,2.5,1,10.1,48000,0,06-MAY-2024,
OPTSTK,PETRONET,30-May-2024,335.0,CE,6.7,6.7,3.7,3.95,3.95,131,1334.97,375000,-51000,06-MAY-2024,
OPTSTK,PETRONET,30-May-2024,337.5,CE,0.0,0.0,0.0,6.8,1.8,0,0.0,12000,0,06-MAY-2024,
OPTSTK,PETRONET,30-May-2024,340.0,CE,5.3,5.35,2.75,3.15,3.15,651,6708.55,1017000,-426000,06-MAY-2024,
OPTSTK,PETRONET,30-May-2024,342.5,CE,4.0,4.0,2.8,2.8,1.3,3,31.12,18000,0,06-MAY-2024,
OPTSTK,PETRONET,30-May-2024,345.0,CE,4.6,4.6,2.4,2.55,2.55,52,542.8,192000,0,06-MAY-2024,
OPTSTK,PETRONET,30-May-2024,347.5,CE,0.0,0.0,0.0,4.2,0.9,0,0.0,3000,0,06-MAY-2024,
OPTSTK,PETRONET,30-May-2024,350.0,CE,3.7,3.75,1.8,2.05,2.05,481,5083.3,2805000,-129000,06-MAY-2024,
OPTSTK,PETRONET,30-May-2024,355.0,CE,1.75,2.15,1.6,1.65,1.65,34,363.96,60000,57000,06-MAY-2024,
OPTSTK,PETRONET,30-May-2024,360.0,CE,2.4,2.4,1.2,1.3,1.3,220,2385.12,294000,153000,06-MAY-2024,
OPTSTK,PETRONET,30-May-2024,250.0,PE,0.15,0.35,0.15,0.35,0.35,20,150.16,477000,-9000,06-MAY-2024,
OPTSTK,PETRONET,30-May-2024,260.0,PE,0.5,0.85,0.45,0.7,0.7,69,539.55,423000,-12000,06-MAY-2024,
OPTSTK,PETRONET,30-May-2024,262.5,PE,0.0,0.0,0.0,0.85,0.35,0,0.0,54000,0,06-MAY-2024,
OPTSTK,PETRONET,30-May-2024,265.0,PE,1.1,1.1,0.85,1.0,1.0,10,79.79,150000,12000,06-MAY-2024,
OPTSTK,PETRONET,30-May-2024,270.0,PE,1.0,1.7,0.95,1.5,1.5,145,1180.35,795000,-21000,06-MAY-2024,
OPTSTK,PETRONET,30-May-2024,275.0,PE,1.5,2.3,1.25,2.1,2.1,62,514.99,150000,33000,06-MAY-2024,
OPTSTK,PETRONET,30-May-2024,277.5,PE,0.0,0.0,0.0,3.5,1.5,0,0.0,0,0,06-MAY-2024,
OPTSTK,PETRONET,30-May-2024,280.0,PE,1.95,3.2,1.5,2.85,2.85,295,2500.83,1158000,-105000,06-MAY-2024,
OPTSTK,PETRONET,30-May-2024,282.5,PE,0.0,0.0,0.0,2.3,2.3,0,0.0,21000,0,06-MAY-2024,
OPTSTK,PETRONET,30-May-2024,285.0,PE,3.5,4.2,2.8,3.9,3.9,62,536.58,321000,-9000,06-MAY-2024,
OPTSTK,PETRONET,30-May-2024,287.5,PE,3.3,4.3,3.3,4.3,3.3,5,43.65,33000,-9000,06-MAY-2024,
OPTSTK,PETRONET,30-May-2024,290.0,PE,3.35,5.65,3.35,5.25,5.25,369,3261.53,1311000,-57000,06-MAY-2024,
OPTSTK,PETRONET,30-May-2024,292.5,PE,0.0,0.0,0.0,4.1,4.65,0,0.0,75000,0,06-MAY-2024,
OPTSTK,PETRONET,30-May-2024,295.0,PE,4.45,7.15,4.45,6.95,6.95,104,939.52,546000,36000,06-MAY-2024,
OPTSTK,PETRONET,30-May-2024,297.5,PE,7.4,8.0,7.4,8.0,8.0,2,18.31,69000,0,06-MAY-2024,
OPTSTK,PETRONET,30-May-2024,300.0,PE,5.85,9.55,5.55,9.15,9.15,556,5133.03,1740000,243000,06-MAY-2024,
OPTSTK,PETRONET,30-May-2024,302.5,PE,7.8,10.5,7.35,10.5,10.5,29,270.84,102000,0,06-MAY-2024,
OPTSTK,PETRONET,30-May-2024,305.0,PE,7.05,12.0,7.05,11.25,11.25,313,2957.42,714000,339000,06-MAY-2024,
OPTSTK,PETRONET,30-May-2024,307.5,PE,8.3,13.05,8.3,12.7,12.7,51,487.35,96000,21000,06-MAY-2024,
OPTSTK,PETRONET,30-May-2024,310.0,PE,9.4,14.65,9.3,14.1,14.1,255,2465.51,1254000,-78000,06-MAY-2024,
OPTSTK,PETRONET,30-May-2024,312.5,PE,11.2,15.55,10.8,14.7,14.7,28,273.34,42000,-15000,06-MAY-2024,
OPTSTK,PETRONET,30-May-2024,315.0,PE,11.5,18.1,11.5,17.0,17.0,118,1168.0,171000,9000,06-MAY-2024,
OPTSTK,PETRONET,30-May-2024,317.5,PE,15.35,15.35,15.35,15.35,16.9,1,9.98,114000,-3000,06-MAY-2024,
OPTSTK,PETRONET,30-May-2024,320.0,PE,14.6,21.2,14.4,20.65,20.65,164,1663.75,831000,-174000,06-MAY-2024,
OPTSTK,PETRONET,30-May-2024,322.5,PE,21.8,21.8,17.55,19.1,20.4,13,133.21,36000,-9000,06-MAY-2024,
OPTSTK,PETRONET,30-May-2024,325.0,PE,22.7,24.05,19.2,24.05,24.05,10,103.87,27000,-15000,06-MAY-2024,
OPTSTK,PETRONET,30-May-2024,327.5,PE,0.0,0.0,0.0,24.75,24.2,0,0.0,36000,0,06-MAY-2024,
OPTSTK,PETRONET,30-May-2024,330.0,PE,25.75,26.05,22.55,26.05,26.25,8,84.97,144000,18000,06-MAY-2024,
OPTSTK,PETRONET,30-May-2024,332.5,PE,0.0,0.0,0.0,34.35,28.3,0,0.0,3000,0,06-MAY-2024,
OPTSTK,PETRONET,30-May-2024,335.0,PE,0.0,0.0,0.0,25.55,30.4,0,0.0,45000,0,06-MAY-2024,
OPTSTK,PETRONET,30-May-2024,337.5,PE,0.0,0.0,0.0,22.7,32.55,0,0.0,6000,0,06-MAY-2024,
OPTSTK,PETRONET,30-May-2024,340.0,PE,31.0,31.0,31.0,31.0,34.75,1,11.13,39000,0,06-MAY-2024,
OPTSTK,PETRONET,30-May-2024,342.5,PE,0.0,0.0,0.0,75.55,37.0,0,0.0,0,0,06-MAY-2024,
OPTSTK,PETRONET,30-May-2024,345.0,PE,0.0,0.0,0.0,40.8,39.3,0,0.0,15000,0,06-MAY-2024,
OPTSTK,PETRONET,30-May-2024,347.5,PE,0.0,0.0,0.0,78.3,41.6,0,0.0,0,0,06-MAY-2024,
OPTSTK,PETRONET,30-May-2024,350.0,PE,0.0,0.0,0.0,35.65,43.95,0,0.0,204000,0,06-MAY-2024,
OPTSTK,PETRONET,30-May-2024,355.0,PE,0.0,0.0,0.0,68.2,48.7,0,0.0,0,0,06-MAY-2024,
OPTSTK,PETRONET,30-May-2024,360.0,PE,0.0,0.0,0.0,43.75,53.5,0,0.0,0,0,06-MAY-2024,
OPTSTK,PETRONET,27-Jun-2024,265.0,CE,0.0,0.0,0.0,18.2,44.95,0,0.0,0,0,06-MAY-2024,
OPTSTK,PETRONET,27-Jun-2024,270.0,CE,0.0,0.0,0.0,15.85,40.7,0,0.0,0,0,06-MAY-2024,
OPTSTK,PETRONET,27-Jun-2024,275.0,CE,0.0,0.0,0.0,13.75,36.65,0,0.0,0,0,06-MAY-2024,
OPTSTK,PETRONET,27-Jun-2024,277.5,CE,0.0,0.0,0.0,34.05,34.65,0,0.0,0,0,06-MAY-2024,
OPTSTK,PETRONET,27-Jun-2024,280.0,CE,0.0,0.0,0.0,11.9,32.75,0,0.0,0,0,06-MAY-2024,
OPTSTK,PETRONET,27-Jun-2024,282.5,CE,0.0,0.0,0.0,30.45,30.95,0,0.0,0,0,06-MAY-2024,
OPTSTK,PETRONET,27-Jun-2024,285.0,CE,0.0,0.0,0.0,10.2,29.15,0,0.0,0,0,06-MAY-2024,
OPTSTK,PETRONET,27-Jun-2024,287.5,CE,0.0,0.0,0.0,27.1,27.4,0,0.0,0,0,06-MAY-2024,
OPTSTK,PETRONET,27-Jun-2024,290.0,CE,0.0,0.0,0.0,8.75,25.7,0,0.0,0,0,06-MAY-2024,
OPTSTK,PETRONET,27-Jun-2024,292.5,CE,0.0,0.0,0.0,24.0,24.1,0,0.0,0,0,06-MAY-2024,
OPTSTK,PETRONET,27-Jun-2024,295.0,CE,0.0,0.0,0.0,7.45,22.55,0,0.0,0,0,06-MAY-2024,
OPTSTK,PETRONET,27-Jun-2024,297.5,CE,0.0,0.0,0.0,21.1,21.05,0,0.0,0,0,06-MAY-2024,
OPTSTK,PETRONET,27-Jun-2024,300.0,CE,0.0,0.0,0.0,6.3,19.65,0,0.0,0,0,06-MAY-2024,
OPTSTK,PETRONET,27-Jun-2024,302.5,CE,0.0,0.0,0.0,18.45,18.25,0,0.0,0,0,06-MAY-2024,
OPTSTK,PETRONET,27-Jun-2024,305.0,CE,0.0,0.0,0.0,5.3,17.0,0,0.0,0,0,06-MAY-2024,
OPTSTK,PETRONET,27-Jun-2024,307.5,CE,0.0,0.0,0.0,16.05,15.75,0,0.0,0,0,06-MAY-2024,
OPTSTK,PETRONET,27-Jun-2024,310.0,CE,18.0,20.0,18.0,19.0,19.0,3,29.58,6000,6000,06-MAY-2024,
OPTSTK,PETRONET,27-Jun-2024,312.5,CE,0.0,0.0,0.0,13.9,13.5,0,0.0,0,0,06-MAY-2024,
OPTSTK,PETRONET,27-Jun-2024,315.0,CE,0.0,0.0,0.0,3.75,12.45,0,0.0,0,0,06-MAY-2024,
OPTSTK,PETRONET,27-Jun-2024,317.5,CE,0.0,0.0,0.0,11.95,11.45,0,0.0,0,0,06-MAY-2024,
OPTSTK,PETRONET,27-Jun-2024,320.0,CE,16.1,18.75,15.7,16.95,16.95,52,525.67,132000,123000,06-MAY-2024,
OPTSTK,PETRONET,27-Jun-2024,322.5,CE,0.0,0.0,0.0,10.2,9.65,0,0.0,0,0,06-MAY-2024,
OPTSTK,PETRONET,27-Jun-2024,325.0,CE,0.0,0.0,0.0,2.6,8.85,0,0.0,0,0,06-MAY-2024,
OPTSTK,PETRONET,27-Jun-2024,327.5,CE,0.0,0.0,0.0,8.7,8.1,0,0.0,0,0,06-MAY-2024,
OPTSTK,PETRONET,27-Jun-2024,330.0,CE,12.95,12.95,12.95,12.95,7.4,1,10.28,3000,0,06-MAY-2024,
OPTSTK,PETRONET,27-Jun-2024,332.5,CE,0.0,0.0,0.0,7.35,6.75,0,0.0,0,0,06-MAY-2024,
OPTSTK,PETRONET,27-Jun-2024,335.0,CE,0.0,0.0,0.0,1.75,6.15,0,0.0,0,0,06-MAY-2024,
OPTSTK,PETRONET,27-Jun-2024,337.5,CE,0.0,0.0,0.0,6.2,5.6,0,0.0,0,0,06-MAY-2024,
OPTSTK,PETRONET,27-Jun-2024,340.0,CE,11.0,11.0,9.8,10.75,10.75,7,73.64,57000,9000,06-MAY-2024,
OPTSTK,PETRONET,27-Jun-2024,342.5,CE,0.0,0.0,0.0,5.2,4.6,0,0.0,0,0,06-MAY-2024,
OPTSTK,PETRONET,27-Jun-2024,345.0,CE,0.0,0.0,0.0,1.85,4.15,0,0.0,0,0,06-MAY-2024,
OPTSTK,PETRONET,27-Jun-2024,347.5,CE,0.0,0.0,0.0,4.3,3.75,0,0.0,0,0,06-MAY-2024,
OPTSTK,PETRONET,27-Jun-2024,350.0,CE,0.0,0.0,0.0,0.95,3.4,0,0.0,0,0,06-MAY-2024,
OPTSTK,PETRONET,27-Jun-2024,355.0,CE,0.0,0.0,0.0,2.1,2.75,0,0.0,0,0,06-MAY-2024,
OPTSTK,PETRONET,27-Jun-2024,360.0,CE,6.3,6.7,6.0,6.4,6.4,13,142.89,30000,30000,06-MAY-2024,
OPTSTK,PETRONET,27-Jun-2024,265.0,PE,4.4,4.4,4.4,4.4,4.4,10,80.82,30000,30000,06-MAY-2024,
OPTSTK,PETRONET,27-Jun-2024,270.0,PE,3.95,6.0,3.95,5.9,5.9,68,561.0,252000,138000,06-MAY-2024,
OPTSTK,PETRONET,27-Jun-2024,275.0,PE,5.45,5.45,5.25,5.45,3.6,11,92.52,72000,6000,06-MAY-2024,
OPTSTK,PETRONET,27-Jun-2024,277.5,PE,0.0,0.0,0.0,5.45,4.1,0,0.0,0,0,06-MAY-2024,
OPTSTK,PETRONET,27-Jun-2024,280.0,PE,6.0,8.45,6.0,8.05,8.05,14,120.62,216000,9000,06-MAY-2024,
OPTSTK,PETRONET,27-Jun-2024,282.5,PE,0.0,0.0,0.0,6.8,5.3,0,0.0,0,0,06-MAY-2024,
OPTSTK,PETRONET,27-Jun-2024,285.0,PE,0.0,0.0,0.0,26.9,6.0,0,0.0,0,0,06-MAY-2024,
OPTSTK,PETRONET,27-Jun-2024,287.5,PE,0.0,0.0,0.0,8.4,6.7,0,0.0,0,0,06-MAY-2024,
OPTSTK,PETRONET,27-Jun-2024,290.0,PE,9.35,11.2,8.7,10.65,7.5,17,153.0,210000,21000,06-MAY-2024,
OPTSTK,PETRONET,27-Jun-2024,292.5,PE,0.0,0.0,0.0,10.2,8.4,0,0.0,0,0,06-MAY-2024,
OPTSTK,PETRONET,27-Jun-2024,295.0,PE,0.0,0.0,0.0,33.95,9.3,0,0.0,0,0,06-MAY-2024,
OPTSTK,PETRONET,27-Jun-2024,297.5,PE,0.0,0.0,0.0,12.3,10.3,0,0.0,0,0,06-MAY-2024,
OPTSTK,PETRONET,27-Jun-2024,300.0,PE,11.25,13.65,11.25,13.65,11.35,9,84.55,24000,21000,06-MAY-2024,
OPTSTK,PETRONET,27-Jun-2024,302.5,PE,0.0,0.0,0.0,14.6,12.45,0,0.0,0,0,06-MAY-2024,
OPTSTK,PETRONET,27-Jun-2024,305.0,PE,0.0,0.0,0.0,41.65,13.65,0,0.0,0,0,06-MAY-2024,
OPTSTK,PETRONET,27-Jun-2024,307.5,PE,0.0,0.0,0.0,17.1,14.9,0,0.0,0,0,06-MAY-2024,
OPTSTK,PETRONET,27-Jun-2024,310.0,PE,16.0,16.0,16.0,16.0,16.2,2,19.56,9000,3000,06-MAY-2024,
OPTSTK,PETRONET,27-Jun-2024,312.5,PE,0.0,0.0,0.0,19.9,17.55,0,0.0,0,0,06-MAY-2024,
OPTSTK,PETRONET,27-Jun-2024,315.0,PE,0.0,0.0,0.0,20.65,19.0,0,0.0,3000,0,06-MAY-2024,
OPTSTK,PETRONET,27-Jun-2024,317.5,PE,0.0,0.0,0.0,22.85,20.5,0,0.0,0,0,06-MAY-2024,
OPTSTK,PETRONET,27-Jun-2024,320.0,PE,0.0,0.0,0.0,54.2,22.05,0,0.0,0,0,06-MAY-2024,
OPTSTK,PETRONET,27-Jun-2024,322.5,PE,0.0,0.0,0.0,26.1,23.65,0,0.0,0,0,06-MAY-2024,
OPTSTK,PETRONET,27-Jun-2024,325.0,PE,0.0,0.0,0.0,58.55,25.3,0,0.0,0,0,06-MAY-2024,
OPTSTK,PETRONET,27-Jun-2024,327.5,PE,0.0,0.0,0.0,29.5,27.05,0,0.0,0,0,06-MAY-2024,
OPTSTK,PETRONET,27-Jun-2024,330.0,PE,0.0,0.0,0.0,63.05,28.8,0,0.0,0,0,06-MAY-2024,
OPTSTK,PETRONET,27-Jun-2024,332.5,PE,0.0,0.0,0.0,33.1,30.65,0,0.0,0,0,06-MAY-2024,
OPTSTK,PETRONET,27-Jun-2024,335.0,PE,0.0,0.0,0.0,67.55,32.5,0,0.0,0,0,06-MAY-2024,
OPTSTK,PETRONET,27-Jun-2024,337.5,PE,0.0,0.0,0.0,36.9,34.45,0,0.0,0,0,06-MAY-2024,
OPTSTK,PETRONET,27-Jun-2024,340.0,PE,0.0,0.0,0.0,72.15,36.4,0,0.0,0,0,06-MAY-2024,
OPTSTK,PETRONET,27-Jun-2024,342.5,PE,0.0,0.0,0.0,40.8,38.35,0,0.0,0,0,06-MAY-2024,
OPTSTK,PETRONET,27-Jun-2024,345.0,PE,0.0,0.0,0.0,68.1,40.4,0,0.0,0,0,06-MAY-2024,
OPTSTK,PETRONET,27-Jun-2024,347.5,PE,0.0,0.0,0.0,44.85,42.5,0,0.0,0,0,06-MAY-2024,
OPTSTK,PETRONET,27-Jun-2024,350.0,PE,0.0,0.0,0.0,81.5,44.6,0,0.0,0,0,06-MAY-2024,
OPTSTK,PETRONET,27-Jun-2024,355.0,PE,0.0,0.0,0.0,68.25,48.9,0,0.0,0,0,06-MAY-2024,
OPTSTK,PETRONET,27-Jun-2024,360.0,PE,0.0,0.0,0.0,91.0,53.3,0,0.0,0,0,06-MAY-2024,
OPTSTK,PETRONET,25-Jul-2024,270.0,CE,0.0,0.0,0.0,43.1,44.05,0,0.0,0,0,06-MAY-2024,
OPTSTK,PETRONET,25-Jul-2024,280.0,CE,0.0,0.0,0.0,35.95,36.65,0,0.0,0,0,06-MAY-2024,
OPTSTK,PETRONET,25-Jul-2024,285.0,CE,0.0,0.0,0.0,32.6,33.2,0,0.0,0,0,06-MAY-2024,
OPTSTK,PETRONET,25-Jul-2024,290.0,CE,0.0,0.0,0.0,29.5,29.95,0,0.0,0,0,06-MAY-2024,
OPTSTK,PETRONET,25-Jul-2024,295.0,CE,0.0,0.0,0.0,26.6,26.9,0,0.0,0,0,06-MAY-2024,
OPTSTK,PETRONET,25-Jul-2024,300.0,CE,0.0,0.0,0.0,23.9,24.1,0,0.0,0,0,06-MAY-2024,
OPTSTK,PETRONET,25-Jul-2024,305.0,CE,0.0,0.0,0.0,21.4,21.45,0,0.0,0,0,06-MAY-2024,
OPTSTK,PETRONET,25-Jul-2024,310.0,CE,0.0,0.0,0.0,19.05,19.05,0,0.0,0,0,06-MAY-2024,
OPTSTK,PETRONET,25-Jul-2024,315.0,CE,0.0,0.0,0.0,16.95,16.85,0,0.0,0,0,06-MAY-2024,
OPTSTK,PETRONET,25-Jul-2024,320.0,CE,20.0,20.0,20.0,20.0,14.85,1,10.2,3000,3000,06-MAY-2024,
OPTSTK,PETRONET,25-Jul-2024,325.0,CE,0.0,0.0,0.0,13.2,13.0,0,0.0,0,0,06-MAY-2024,
OPTSTK,PETRONET,25-Jul-2024,330.0,CE,0.0,0.0,0.0,11.6,11.35,0,0.0,0,0,06-MAY-2024,
OPTSTK,PETRONET,25-Jul-2024,335.0,CE,0.0,0.0,0.0,10.2,9.9,0,0.0,0,0,06-MAY-2024,
OPTSTK,PETRONET,25-Jul-2024,340.0,CE,0.0,0.0,0.0,8.9,8.55,0,0.0,0,0,06-MAY-2024,
OPTSTK,PETRONET,25-Jul-2024,345.0,CE,0.0,0.0,0.0,7.75,7.4,0,0.0,0,0,06-MAY-2024,
OPTSTK,PETRONET,25-Jul-2024,350.0,CE,0.0,0.0,0.0,6.7,6.35,0,0.0,0,0,06-MAY-2024,
OPTSTK,PETRONET,25-Jul-2024,360.0,CE,0.0,0.0,0.0,5.0,4.65,0,0.0,0,0,06-MAY-2024,
OPTSTK,PETRONET,25-Jul-2024,270.0,PE,0.0,0.0,0.0,5.6,4.6,0,0.0,0,0,06-MAY-2024,
OPTSTK,PETRONET,25-Jul-2024,280.0,PE,0.0,0.0,0.0,8.3,7.0,0,0.0,0,0,06-MAY-2024,
OPTSTK,PETRONET,25-Jul-2024,285.0,PE,0.0,0.0,0.0,9.85,8.5,0,0.0,0,0,06-MAY-2024,
OPTSTK,PETRONET,25-Jul-2024,290.0,PE,0.0,0.0,0.0,11.7,10.15,0,0.0,0,0,06-MAY-2024,
OPTSTK,PETRONET,25-Jul-2024,295.0,PE,0.0,0.0,0.0,13.7,12.05,0,0.0,0,0,06-MAY-2024,
OPTSTK,PETRONET,25-Jul-2024,300.0,PE,0.0,0.0,0.0,15.9,14.15,0,0.0,0,0,06-MAY-2024,
OPTSTK,PETRONET,25-Jul-2024,305.0,PE,0.0,0.0,0.0,18.25,16.45,0,0.0,0,0,06-MAY-2024,
OPTSTK,PETRONET,25-Jul-2024,310.0,PE,0.0,0.0,0.0,20.85,18.95,0,0.0,0,0,06-MAY-2024,
OPTSTK,PETRONET,25-Jul-2024,315.0,PE,0.0,0.0,0.0,23.65,21.65,0,0.0,0,0,06-MAY-2024,
OPTSTK,PETRONET,25-Jul-2024,320.0,PE,0.0,0.0,0.0,26.6,24.55,0,0.0,0,0,06-MAY-2024,
OPTSTK,PETRONET,25-Jul-2024,325.0,PE,0.0,0.0,0.0,29.75,27.65,0,0.0,0,0,06-MAY-2024,
OPTSTK,PETRONET,25-Jul-2024,330.0,PE,0.0,0.0,0.0,33.05,30.95,0,0.0,0,0,06-MAY-2024,
OPTSTK,PETRONET,25-Jul-2024,335.0,PE,0.0,0.0,0.0,36.55,34.4,0,0.0,0,0,06-MAY-2024,
OPTSTK,PETRONET,25-Jul-2024,340.0,PE,0.0,0.0,0.0,40.15,38.0,0,0.0,0,0,06-MAY-2024,
OPTSTK,PETRONET,25-Jul-2024,345.0,PE,0.0,0.0,0.0,43.9,41.75,0,0.0,0,0,06-MAY-2024,
OPTSTK,PETRONET,25-Jul-2024,350.0,PE,0.0,0.0,0.0,47.8,45.65,0,0.0,0,0,06-MAY-2024,
OPTSTK,PETRONET,25-Jul-2024,360.0,PE,0.0,0.0,0.0,55.9,53.8,0,0.0,0,0,06-MAY-2024,
OPTSTK,PFC,30-May-2024,330.0,CE,0.0,0.0,0.0,125.3,109.5,0,0.0,38750,0,06-MAY-2024,
OPTSTK,PFC,30-May-2024,340.0,CE,0.0,0.0,0.0,141.05,99.75,0,0.0,7750,0,06-MAY-2024,
OPTSTK,PFC,30-May-2024,350.0,CE,104.0,104.0,95.75,95.75,90.1,2,34.86,65875,0,06-MAY-2024,
OPTSTK,PFC,30-May-2024,355.0,CE,0.0,0.0,0.0,52.0,85.35,0,0.0,3875,0,06-MAY-2024,
OPTSTK,PFC,30-May-2024,360.0,CE,0.0,0.0,0.0,114.5,80.65,0,0.0,11625,0,06-MAY-2024,
OPTSTK,PFC,30-May-2024,365.0,CE,0.0,0.0,0.0,48.95,76.0,0,0.0,11625,0,06-MAY-2024,
OPTSTK,PFC,30-May-2024,370.0,CE,65.0,65.0,58.85,59.0,71.45,5,83.57,120125,-11625,06-MAY-2024,
OPTSTK,PFC,30-May-2024,375.0,CE,63.1,72.0,63.1,70.0,66.95,24,413.37,81375,-27125,06-MAY-2024,
OPTSTK,PFC,30-May-2024,380.0,CE,50.0,69.15,50.0,62.0,62.0,95,1622.12,166625,-209250,06-MAY-2024,
OPTSTK,PFC,30-May-2024,385.0,CE,0.0,0.0,0.0,58.5,58.35,0,0.0,38750,0,06-MAY-2024,
OPTSTK,PFC,30-May-2024,390.0,CE,61.95,61.95,43.35,56.6,54.25,37,632.29,201500,-38750,06-MAY-2024,
OPTSTK,PFC,30-May-2024,395.0,CE,43.05,53.45,39.9,49.9,50.25,10,171.62,38750,-11625,06-MAY-2024,
OPTSTK,PFC,30-May-2024,400.0,CE,57.1,58.55,33.8,44.55,44.55,377,6498.59,902875,-81375,06-MAY-2024,
OPTSTK,PFC,30-May-2024,405.0,CE,41.65,46.2,32.35,43.15,43.15,26,448.77,313875,15500,06-MAY-2024,
OPTSTK,PFC,30-May-2024,410.0,CE,49.65,50.9,27.65,36.95,36.95,210,3635.51,720750,-11625,06-MAY-2024,
OPTSTK,PFC,30-May-2024,415.0,CE,41.45,41.45,25.7,34.3,34.3,72,1245.36,275125,-42625,06-MAY-2024,
OPTSTK,PFC,30-May-2024,420.0,CE,40.0,42.1,22.1,30.4,30.4,970,16848.61,1104375,27125,06-MAY-2024,
OPTSTK,PFC,30-May-2024,425.0,CE,33.4,34.0,19.8,27.7,27.7,663,11568.92,395250,38750,06-MAY-2024,
OPTSTK,PFC,30-May-2024,430.0,CE,35.0,36.3,17.4,25.1,25.1,4560,80109.15,1894875,604500,06-MAY-2024,
OPTSTK,PFC,30-May-2024,435.0,CE,35.0,35.0,15.9,22.35,22.35,1583,28008.86,732375,426250,06-MAY-2024,
OPTSTK,PFC,30-May-2024,440.0,CE,27.15,28.75,13.7,20.15,20.15,6926,123426.21,3053500,1565500,06-MAY-2024,
OPTSTK,PFC,30-May-2024,445.0,CE,25.25,25.8,12.0,17.85,17.85,2227,39970.22,1034625,546375,06-MAY-2024,
OPTSTK,PFC,30-May-2024,450.0,CE,30.0,30.0,10.5,15.9,15.9,7575,136741.16,4925125,2844250,06-MAY-2024,
OPTSTK,PFC,30-May-2024,455.0,CE,21.25,21.25,9.25,13.95,13.95,1211,22008.71,608375,344875,06-MAY-2024,
OPTSTK,PFC,30-May-2024,460.0,CE,18.5,22.95,8.1,12.45,12.45,5398,98774.59,2697000,1360125,06-MAY-2024,
OPTSTK,PFC,30-May-2024,465.0,CE,16.55,16.55,7.05,10.8,10.8,1577,29068.11,465000,166625,06-MAY-2024,
OPTSTK,PFC,30-May-2024,470.0,CE,21.0,22.0,6.2,9.6,9.6,4464,82888.86,2445125,527000,06-MAY-2024,
OPTSTK,PFC,30-May-2024,475.0,CE,17.55,17.55,5.5,8.5,8.5,1286,24084.31,790500,147250,06-MAY-2024,
OPTSTK,PFC,30-May-2024,480.0,CE,16.0,16.0,4.2,7.55,7.55,6624,125046.14,3766500,294500,06-MAY-2024,
OPTSTK,PFC,30-May-2024,485.0,CE,18.25,18.25,4.25,6.65,6.65,1414,26936.37,895125,-96875,06-MAY-2024,
OPTSTK,PFC,30-May-2024,490.0,CE,13.5,13.95,3.75,5.85,5.85,2921,56082.95,1488000,213125,06-MAY-2024,
OPTSTK,PFC,30-May-2024,495.0,CE,14.7,14.75,3.3,5.2,5.2,642,12435.59,472750,77500,06-MAY-2024,
OPTSTK,PFC,30-May-2024,500.0,CE,8.1,8.9,2.9,4.55,4.55,8947,174838.61,7843000,2569125,06-MAY-2024,
OPTSTK,PFC,30-May-2024,505.0,CE,5.45,5.45,2.6,4.05,4.05,500,9856.89,333250,96875,06-MAY-2024,
OPTSTK,PFC,30-May-2024,510.0,CE,8.75,8.75,2.3,3.55,3.55,1444,28720.38,840875,151125,06-MAY-2024,
OPTSTK,PFC,30-May-2024,515.0,CE,3.7,4.15,2.05,3.15,3.15,363,7285.69,344875,135625,06-MAY-2024,
OPTSTK,PFC,30-May-2024,520.0,CE,4.0,4.95,1.8,2.75,2.75,2065,41819.68,1178000,-96875,06-MAY-2024,
OPTSTK,PFC,30-May-2024,525.0,CE,4.0,4.05,1.55,2.4,2.4,1025,20939.92,1953000,-42625,06-MAY-2024,
OPTSTK,PFC,30-May-2024,530.0,CE,5.4,5.4,1.4,2.2,2.2,1556,32077.59,1263250,-81375,06-MAY-2024,
OPTSTK,PFC,30-May-2024,540.0,CE,2.0,2.1,1.1,1.7,1.7,1033,21676.88,751750,751750,06-MAY-2024,
OPTSTK,PFC,30-May-2024,320.0,PE,0.25,0.55,0.25,0.35,0.35,74,918.73,298375,77500,06-MAY-2024,
OPTSTK,PFC,30-May-2024,330.0,PE,0.3,0.75,0.25,0.4,0.4,80,1024.43,255750,7750,06-MAY-2024,
OPTSTK,PFC,30-May-2024,340.0,PE,0.5,1.15,0.4,0.55,0.55,144,1901.09,267375,23250,06-MAY-2024,
OPTSTK,PFC,30-May-2024,350.0,PE,0.3,1.8,0.3,0.85,0.85,809,11002.95,1290375,263500,06-MAY-2024,
OPTSTK,PFC,30-May-2024,355.0,PE,1.55,2.25,0.8,1.0,1.0,29,400.41,62000,7750,06-MAY-2024,
OPTSTK,PFC,30-May-2024,360.0,PE,0.65,2.75,0.6,1.2,1.2,842,11791.21,1236125,178250,06-MAY-2024,
OPTSTK,PFC,30-May-2024,365.0,PE,1.35,3.35,1.05,1.45,1.45,115,1633.76,209250,54250,06-MAY-2024,
OPTSTK,PFC,30-May-2024,370.0,PE,0.85,3.95,0.85,1.75,1.75,739,10659.85,658750,-50375,06-MAY-2024,
OPTSTK,PFC,30-May-2024,375.0,PE,1.0,4.75,0.85,2.15,2.15,346,5063.28,220875,65875,06-MAY-2024,
OPTSTK,PFC,30-May-2024,380.0,PE,1.1,5.6,1.1,2.65,2.65,1490,22123.97,1472500,414625,06-MAY-2024,
OPTSTK,PFC,30-May-2024,385.0,PE,1.35,6.6,1.35,3.25,3.25,612,9221.02,410750,19375,06-MAY-2024,
OPTSTK,PFC,30-May-2024,390.0,PE,1.8,7.85,1.55,3.85,3.85,1459,22294.19,961000,116250,06-MAY-2024,
OPTSTK,PFC,30-May-2024,395.0,PE,2.15,9.25,1.9,4.65,4.65,637,9873.76,298375,104625,06-MAY-2024,
OPTSTK,PFC,30-May-2024,400.0,PE,1.45,10.85,1.45,5.7,5.7,7734,121739.95,3975750,1065625,06-MAY-2024,
OPTSTK,PFC,30-May-2024,405.0,PE,1.95,12.5,1.95,6.7,6.7,1114,17798.65,573500,135625,06-MAY-2024,
OPTSTK,PFC,30-May-2024,410.0,PE,4.2,14.5,3.1,8.15,8.15,2457,39826.67,1147000,38750,06-MAY-2024,
OPTSTK,PFC,30-May-2024,415.0,PE,2.6,16.55,2.6,9.65,9.65,1018,16771.53,616125,108500,06-MAY-2024,
OPTSTK,PFC,30-May-2024,420.0,PE,4.2,19.0,4.2,11.35,11.35,5610,93899.1,2328875,492125,06-MAY-2024,
OPTSTK,PFC,30-May-2024,425.0,PE,7.25,21.65,6.3,13.25,13.25,1576,26812.64,519250,-158875,06-MAY-2024,
OPTSTK,PFC,30-May-2024,430.0,PE,7.1,24.3,7.1,15.3,15.3,5065,87442.45,2100250,360375,06-MAY-2024,
OPTSTK,PFC,30-May-2024,435.0,PE,8.85,27.0,8.6,17.8,17.8,1535,26900.29,550250,96875,06-MAY-2024,
OPTSTK,PFC,30-May-2024,440.0,PE,10.55,30.5,10.55,20.15,20.15,5372,95552.04,2584625,778875,06-MAY-2024,
OPTSTK,PFC,30-May-2024,445.0,PE,12.4,33.7,12.4,22.95,22.95,1134,20457.74,554125,50375,06-MAY-2024,
OPTSTK,PFC,30-May-2024,450.0,PE,14.5,37.0,12.2,26.2,26.2,2981,54608.02,1875500,42625,06-MAY-2024,
OPTSTK,PFC,30-May-2024,455.0,PE,16.65,41.1,14.15,28.7,28.7,398,7397.79,356500,42625,06-MAY-2024,
OPTSTK,PFC,30-May-2024,460.0,PE,18.7,43.65,18.7,32.4,32.4,1013,19139.42,1100500,-461125,06-MAY-2024,
OPTSTK,PFC,30-May-2024,465.0,PE,22.95,48.85,22.75,35.8,35.8,231,4444.23,224750,-147250,06-MAY-2024,
OPTSTK,PFC,30-May-2024,470.0,PE,22.0,52.25,22.0,39.3,39.3,543,10604.99,1201250,-251875,06-MAY-2024,
OPTSTK,PFC,30-May-2024,475.0,PE,31.0,56.55,23.05,43.6,43.6,160,3190.78,279000,-139500,06-MAY-2024,
OPTSTK,PFC,30-May-2024,480.0,PE,31.9,61.3,31.9,47.25,47.25,479,9729.42,724625,-426250,06-MAY-2024,
OPTSTK,PFC,30-May-2024,485.0,PE,30.4,62.9,30.4,51.35,51.35,85,1758.53,201500,-96875,06-MAY-2024,
OPTSTK,PFC,30-May-2024,490.0,PE,41.05,67.9,40.55,54.15,56.15,55,1161.14,213125,-34875,06-MAY-2024,
OPTSTK,PFC,30-May-2024,495.0,PE,55.75,60.15,55.75,58.35,60.3,11,235.59,127875,-23250,06-MAY-2024,
OPTSTK,PFC,30-May-2024,500.0,PE,40.65,78.15,40.6,64.9,64.9,107,2326.62,422375,-89125,06-MAY-2024,
OPTSTK,PFC,30-May-2024,505.0,PE,0.0,0.0,0.0,34.5,68.85,0,0.0,38750,0,06-MAY-2024,
OPTSTK,PFC,30-May-2024,510.0,PE,0.0,0.0,0.0,37.95,73.3,0,0.0,27125,0,06-MAY-2024,
OPTSTK,PFC,30-May-2024,515.0,PE,0.0,0.0,0.0,41.5,77.75,0,0.0,34875,0,06-MAY-2024,
OPTSTK,PFC,30-May-2024,520.0,PE,47.6,82.2,47.6,81.2,82.3,12,276.29,27125,0,06-MAY-2024,
OPTSTK,PFC,30-May-2024,525.0,PE,72.0,87.0,72.0,87.0,87.0,3,70.18,73625,-7750,06-MAY-2024,
OPTSTK,PFC,30-May-2024,530.0,PE,0.0,0.0,0.0,53.75,91.55,0,0.0,3875,0,06-MAY-2024,
OPTSTK,PFC,30-May-2024,540.0,PE,0.0,0.0,0.0,135.3,101.0,0,0.0,0,0,06-MAY-2024,
OPTSTK,PFC,27-Jun-2024,350.0,CE,0.0,0.0,0.0,62.25,94.9,0,0.0,0,0,06-MAY-2024,
OPTSTK,PFC,27-Jun-2024,360.0,CE,0.0,0.0,0.0,55.9,86.3,0,0.0,0,0,06-MAY-2024,
OPTSTK,PFC,27-Jun-2024,365.0,CE,0.0,0.0,0.0,58.4,82.15,0,0.0,0,0,06-MAY-2024,
OPTSTK,PFC,27-Jun-2024,370.0,CE,0.0,0.0,0.0,50.05,78.1,0,0.0,0,0,06-MAY-2024,
OPTSTK,PFC,27-Jun-2024,375.0,CE,0.0,0.0,0.0,51.65,74.15,0,0.0,0,0,06-MAY-2024,
OPTSTK,PFC,27-Jun-2024,380.0,CE,0.0,0.0,0.0,44.6,70.3,0,0.0,0,0,06-MAY-2024,
OPTSTK,PFC,27-Jun-2024,385.0,CE,0.0,0.0,0.0,45.45,66.55,0,0.0,0,0,06-MAY-2024,
OPTSTK,PFC,27-Jun-2024,390.0,CE,0.0,0.0,0.0,72.1,62.9,0,0.0,3875,0,06-MAY-2024,
OPTSTK,PFC,27-Jun-2024,395.0,CE,0.0,0.0,0.0,39.75,59.4,0,0.0,0,0,06-MAY-2024,
OPTSTK,PFC,27-Jun-2024,400.0,CE,0.0,0.0,0.0,79.35,55.95,0,0.0,7750,0,06-MAY-2024,
OPTSTK,PFC,27-Jun-2024,405.0,CE,0.0,0.0,0.0,34.6,52.7,0,0.0,0,0,06-MAY-2024,
OPTSTK,PFC,27-Jun-2024,410.0,CE,0.0,0.0,0.0,72.05,49.55,0,0.0,19375,0,06-MAY-2024,
OPTSTK,PFC,27-Jun-2024,415.0,CE,0.0,0.0,0.0,29.9,46.5,0,0.0,0,0,06-MAY-2024,
OPTSTK,PFC,27-Jun-2024,420.0,CE,61.7,61.7,37.0,40.35,43.6,26,466.57,62000,0,06-MAY-2024,
OPTSTK,PFC,27-Jun-2024,425.0,CE,0.0,0.0,0.0,25.75,40.8,0,0.0,0,0,06-MAY-2024,
OPTSTK,PFC,27-Jun-2024,430.0,CE,35.4,41.35,35.4,41.35,38.15,4,72.67,3875,3875,06-MAY-2024,
OPTSTK,PFC,27-Jun-2024,435.0,CE,0.0,0.0,0.0,22.05,35.6,0,0.0,0,0,06-MAY-2024,
OPTSTK,PFC,27-Jun-2024,440.0,CE,31.75,37.6,27.25,33.95,33.95,40,733.1,65875,54250,06-MAY-2024,
OPTSTK,PFC,27-Jun-2024,445.0,CE,31.45,31.45,31.45,31.45,31.45,1,18.46,3875,3875,06-MAY-2024,
OPTSTK,PFC,27-Jun-2024,450.0,CE,35.0,35.0,23.25,30.25,30.25,274,5077.73,666500,302250,06-MAY-2024,
OPTSTK,PFC,27-Jun-2024,455.0,CE,27.1,27.1,27.1,27.1,27.1,2,37.36,0,0,06-MAY-2024,
OPTSTK,PFC,27-Jun-2024,460.0,CE,30.7,30.7,20.45,26.3,26.3,44,829.99,89125,77500,06-MAY-2024,
OPTSTK,PFC,27-Jun-2024,465.0,CE,25.75,25.75,25.75,25.75,22.9,1,19.01,3875,3875,06-MAY-2024,
OPTSTK,PFC,27-Jun-2024,470.0,CE,28.0,28.0,16.0,22.65,22.65,58,1106.83,178250,73625,06-MAY-2024,
OPTSTK,PFC,27-Jun-2024,475.0,CE,0.0,0.0,0.0,11.25,19.6,0,0.0,0,0,06-MAY-2024,
OPTSTK,PFC,27-Jun-2024,480.0,CE,16.5,22.15,16.5,20.15,18.05,18,349.29,54250,46500,06-MAY-2024,
OPTSTK,PFC,27-Jun-2024,485.0,CE,0.0,0.0,0.0,9.4,16.65,0,0.0,0,0,06-MAY-2024,
OPTSTK,PFC,27-Jun-2024,490.0,CE,0.0,0.0,0.0,32.85,15.35,0,0.0,3875,0,06-MAY-2024,
OPTSTK,PFC,27-Jun-2024,495.0,CE,0.0,0.0,0.0,7.85,14.1,0,0.0,0,0,06-MAY-2024,
OPTSTK,PFC,27-Jun-2024,500.0,CE,19.9,19.9,10.45,14.55,14.55,113,2249.38,259625,19375,06-MAY-2024,
OPTSTK,PFC,27-Jun-2024,505.0,CE,0.0,0.0,0.0,6.5,11.9,0,0.0,0,0,06-MAY-2024,
OPTSTK,PFC,27-Jun-2024,510.0,CE,0.0,0.0,0.0,7.5,10.9,0,0.0,0,0,06-MAY-2024,
OPTSTK,PFC,27-Jun-2024,515.0,CE,0.0,0.0,0.0,5.35,9.95,0,0.0,0,0,06-MAY-2024,
OPTSTK,PFC,27-Jun-2024,520.0,CE,10.0,11.0,6.95,11.0,11.0,26,533.2,124000,65875,06-MAY-2024,
OPTSTK,PFC,27-Jun-2024,525.0,CE,0.0,0.0,0.0,4.4,8.35,0,0.0,0,0,06-MAY-2024,
OPTSTK,PFC,27-Jun-2024,530.0,CE,0.0,0.0,0.0,7.8,7.6,0,0.0,0,0,06-MAY-2024,
OPTSTK,PFC,27-Jun-2024,540.0,CE,0.0,0.0,0.0,4.7,6.3,0,0.0,0,0,06-MAY-2024,
OPTSTK,PFC,27-Jun-2024,350.0,PE,3.3,6.1,3.3,4.3,4.3,82,1126.52,217000,108500,06-MAY-2024,
OPTSTK,PFC,27-Jun-2024,360.0,PE,4.25,5.5,4.25,5.45,5.45,6,84.84,34875,15500,06-MAY-2024,
OPTSTK,PFC,27-Jun-2024,365.0,PE,6.5,6.5,6.5,6.5,6.5,3,43.18,11625,11625,06-MAY-2024,
OPTSTK,PFC,27-Jun-2024,370.0,PE,2.9,10.5,2.9,7.1,7.1,31,452.87,81375,62000,06-MAY-2024,
OPTSTK,PFC,27-Jun-2024,375.0,PE,10.0,10.0,10.0,10.0,7.5,2,29.83,3875,-3875,06-MAY-2024,
OPTSTK,PFC,27-Jun-2024,380.0,PE,6.8,13.0,6.8,9.55,9.55,97,1462.01,286750,267375,06-MAY-2024,
OPTSTK,PFC,27-Jun-2024,385.0,PE,0.0,0.0,0.0,18.6,9.8,0,0.0,0,0,06-MAY-2024,
OPTSTK,PFC,27-Jun-2024,390.0,PE,10.5,10.5,10.3,10.3,11.1,3,46.55,19375,11625,06-MAY-2024,
OPTSTK,PFC,27-Jun-2024,395.0,PE,13.35,13.35,13.35,13.35,12.5,1,15.82,7750,3875,06-MAY-2024,
OPTSTK,PFC,27-Jun-2024,400.0,PE,7.55,21.0,7.55,15.15,15.15,354,5696.03,635500,298375,06-MAY-2024,
OPTSTK,PFC,27-Jun-2024,405.0,PE,16.0,16.2,16.0,16.2,15.7,4,65.26,15500,15500,06-MAY-2024,
OPTSTK,PFC,27-Jun-2024,410.0,PE,11.1,25.0,11.1,18.95,18.95,16,267.2,108500,-7750,06-MAY-2024,
OPTSTK,PFC,27-Jun-2024,415.0,PE,0.0,0.0,0.0,32.65,19.4,0,0.0,0,0,06-MAY-2024,
OPTSTK,PFC,27-Jun-2024,420.0,PE,30.0,30.0,20.2,21.75,21.45,10,171.5,69750,19375,06-MAY-2024,
OPTSTK,PFC,27-Jun-2024,425.0,PE,0.0,0.0,0.0,38.35,23.6,0,0.0,0,0,06-MAY-2024,
OPTSTK,PFC,27-Jun-2024,430.0,PE,26.55,26.55,25.9,26.0,25.9,6,106.08,50375,7750,06-MAY-2024,
OPTSTK,PFC,27-Jun-2024,435.0,PE,33.6,33.6,33.6,33.6,28.3,1,18.15,7750,0,06-MAY-2024,
OPTSTK,PFC,27-Jun-2024,440.0,PE,29.3,41.0,28.95,33.05,33.05,15,274.34,38750,38750,06-MAY-2024,
OPTSTK,PFC,27-Jun-2024,445.0,PE,36.05,36.05,36.05,36.05,36.05,1,18.64,3875,3875,06-MAY-2024,
OPTSTK,PFC,27-Jun-2024,450.0,PE,28.6,44.0,28.55,38.0,38.0,61,1153.31,228625,50375,06-MAY-2024,
OPTSTK,PFC,27-Jun-2024,455.0,PE,0.0,0.0,0.0,58.15,39.2,0,0.0,0,0,06-MAY-2024,
OPTSTK,PFC,27-Jun-2024,460.0,PE,0.0,0.0,0.0,77.3,42.2,0,0.0,0,0,06-MAY-2024,
OPTSTK,PFC,27-Jun-2024,465.0,PE,0.0,0.0,0.0,65.55,45.3,0,0.0,0,0,06-MAY-2024,
OPTSTK,PFC,27-Jun-2024,470.0,PE,34.45,34.45,34.45,34.45,48.55,1,19.54,7750,0,06-MAY-2024,
OPTSTK,PFC,27-Jun-2024,475.0,PE,0.0,0.0,0.0,73.25,51.9,0,0.0,0,0,06-MAY-2024,
OPTSTK,PFC,27-Jun-2024,480.0,PE,0.0,0.0,0.0,92.95,55.3,0,0.0,0,0,06-MAY-2024,
OPTSTK,PFC,27-Jun-2024,485.0,PE,0.0,0.0,0.0,81.25,58.85,0,0.0,0,0,06-MAY-2024,
OPTSTK,PFC,27-Jun-2024,490.0,PE,58.65,58.65,58.65,58.65,62.5,1,21.26,7750,3875,06-MAY-2024,
OPTSTK,PFC,27-Jun-2024,495.0,PE,0.0,0.0,0.0,89.55,66.2,0,0.0,0,0,06-MAY-2024,
OPTSTK,PFC,27-Jun-2024,500.0,PE,0.0,0.0,0.0,109.55,70.0,0,0.0,0,0,06-MAY-2024,
OPTSTK,PFC,27-Jun-2024,505.0,PE,0.0,0.0,0.0,98.1,73.9,0,0.0,0,0,06-MAY-2024,
OPTSTK,PFC,27-Jun-2024,510.0,PE,0.0,0.0,0.0,118.15,77.85,0,0.0,0,0,06-MAY-2024,
OPTSTK,PFC,27-Jun-2024,515.0,PE,0.0,0.0,0.0,106.85,81.85,0,0.0,0,0,06-MAY-2024,
OPTSTK,PFC,27-Jun-2024,520.0,PE,0.0,0.0,0.0,126.9,85.95,0,0.0,0,0,06-MAY-2024,
OPTSTK,PFC,27-Jun-2024,525.0,PE,0.0,0.0,0.0,115.75,90.1,0,0.0,0,0,06-MAY-2024,
OPTSTK,PFC,27-Jun-2024,530.0,PE,0.0,0.0,0.0,121.1,94.35,0,0.0,0,0,06-MAY-2024,
OPTSTK,PFC,27-Jun-2024,540.0,PE,0.0,0.0,0.0,144.8,102.95,0,0.0,0,0,06-MAY-2024,
OPTSTK,PFC,25-Jul-2024,340.0,CE,0.0,0.0,0.0,82.4,108.3,0,0.0,0,0,06-MAY-2024,
OPTSTK,PFC,25-Jul-2024,360.0,CE,0.0,0.0,0.0,68.05,92.05,0,0.0,0,0,06-MAY-2024,
OPTSTK,PFC,25-Jul-2024,370.0,CE,0.0,0.0,0.0,61.45,84.45,0,0.0,0,0,06-MAY-2024,
OPTSTK,PFC,25-Jul-2024,380.0,CE,0.0,0.0,0.0,55.35,77.2,0,0.0,0,0,06-MAY-2024,
OPTSTK,PFC,25-Jul-2024,390.0,CE,0.0,0.0,0.0,49.65,70.35,0,0.0,0,0,06-MAY-2024,
OPTSTK,PFC,25-Jul-2024,400.0,CE,0.0,0.0,0.0,44.35,63.85,0,0.0,0,0,06-MAY-2024,
OPTSTK,PFC,25-Jul-2024,410.0,CE,0.0,0.0,0.0,39.5,57.75,0,0.0,0,0,06-MAY-2024,
OPTSTK,PFC,25-Jul-2024,420.0,CE,0.0,0.0,0.0,35.05,52.1,0,0.0,0,0,06-MAY-2024,
OPTSTK,PFC,25-Jul-2024,430.0,CE,0.0,0.0,0.0,31.0,46.85,0,0.0,0,0,06-MAY-2024,
OPTSTK,PFC,25-Jul-2024,440.0,CE,0.0,0.0,0.0,27.35,42.0,0,0.0,0,0,06-MAY-2024,
OPTSTK,PFC,25-Jul-2024,450.0,CE,0.0,0.0,0.0,24.05,37.5,0,0.0,0,0,06-MAY-2024,
OPTSTK,PFC,25-Jul-2024,460.0,CE,0.0,0.0,0.0,21.1,33.45,0,0.0,0,0,06-MAY-2024,
OPTSTK,PFC,25-Jul-2024,470.0,CE,26.0,26.0,26.0,26.0,29.7,1,6.44,3900,1300,06-MAY-2024,
OPTSTK,PFC,25-Jul-2024,480.0,CE,0.0,0.0,0.0,16.1,26.3,0,0.0,0,0,06-MAY-2024,
OPTSTK,PFC,25-Jul-2024,490.0,CE,0.0,0.0,0.0,14.0,23.25,0,0.0,0,0,06-MAY-2024,
OPTSTK,PFC,25-Jul-2024,500.0,CE,35.0,35.0,14.15,18.25,20.5,19,127.81,23400,14300,06-MAY-2024,
OPTSTK,PFC,25-Jul-2024,510.0,CE,0.0,0.0,0.0,10.5,18.05,0,0.0,0,0,06-MAY-2024,
OPTSTK,PFC,25-Jul-2024,520.0,CE,0.0,0.0,0.0,9.1,15.85,0,0.0,0,0,06-MAY-2024,
OPTSTK,PFC,25-Jul-2024,540.0,CE,0.0,0.0,0.0,6.75,12.1,0,0.0,0,0,06-MAY-2024,
OPTSTK,PFC,25-Jul-2024,340.0,PE,0.0,0.0,0.0,9.2,5.15,0,0.0,0,0,06-MAY-2024,
OPTSTK,PFC,25-Jul-2024,360.0,PE,0.0,0.0,0.0,14.5,8.6,0,0.0,0,0,06-MAY-2024,
OPTSTK,PFC,25-Jul-2024,370.0,PE,0.0,0.0,0.0,17.75,10.8,0,0.0,0,0,06-MAY-2024,
OPTSTK,PFC,25-Jul-2024,380.0,PE,12.05,12.05,10.0,11.5,13.4,5,25.42,6500,6500,06-MAY-2024,
OPTSTK,PFC,25-Jul-2024,390.0,PE,0.0,0.0,0.0,25.55,16.35,0,0.0,0,0,06-MAY-2024,
OPTSTK,PFC,25-Jul-2024,400.0,PE,0.0,0.0,0.0,30.1,19.7,0,0.0,0,0,06-MAY-2024,
OPTSTK,PFC,25-Jul-2024,410.0,PE,0.0,0.0,0.0,35.05,23.5,0,0.0,0,0,06-MAY-2024,
OPTSTK,PFC,25-Jul-2024,420.0,PE,0.0,0.0,0.0,40.45,27.65,0,0.0,0,0,06-MAY-2024,
OPTSTK,PFC,25-Jul-2024,430.0,PE,0.0,0.0,0.0,46.2,32.25,0,0.0,0,0,06-MAY-2024,
OPTSTK,PFC,25-Jul-2024,440.0,PE,0.0,0.0,0.0,52.35,37.25,0,0.0,0,0,06-MAY-2024,
OPTSTK,PFC,25-Jul-2024,450.0,PE,0.0,0.0,0.0,58.9,42.6,0,0.0,0,0,06-MAY-2024,
OPTSTK,PFC,25-Jul-2024,460.0,PE,0.0,0.0,0.0,65.75,48.35,0,0.0,0,0,06-MAY-2024,
OPTSTK,PFC,25-Jul-2024,470.0,PE,0.0,0.0,0.0,72.9,54.45,0,0.0,0,0,06-MAY-2024,
OPTSTK,PFC,25-Jul-2024,480.0,PE,0.0,0.0,0.0,80.4,60.9,0,0.0,0,0,06-MAY-2024,
OPTSTK,PFC,25-Jul-2024,490.0,PE,0.0,0.0,0.0,88.1,67.7,0,0.0,0,0,06-MAY-2024,
OPTSTK,PFC,25-Jul-2024,500.0,PE,0.0,0.0,0.0,96.05,74.8,0,0.0,0,0,06-MAY-2024,
OPTSTK,PFC,25-Jul-2024,510.0,PE,0.0,0.0,0.0,104.25,82.2,0,0.0,0,0,06-MAY-2024,
OPTSTK,PFC,25-Jul-2024,520.0,PE,0.0,0.0,0.0,112.65,89.8,0,0.0,0,0,06-MAY-2024,
OPTSTK,PFC,25-Jul-2024,540.0,PE,0.0,0.0,0.0,129.95,105.75,0,0.0,0,0,06-MAY-2024,
OPTSTK,PIDILITIND,30-May-2024,2520.0,CE,0.0,0.0,0.0,300.3,445.3,0,0.0,0,0,06-MAY-2024,
OPTSTK,PIDILITIND,30-May-2024,2560.0,CE,0.0,0.0,0.0,270.85,405.9,0,0.0,0,0,06-MAY-2024,
OPTSTK,PIDILITIND,30-May-2024,2600.0,CE,0.0,0.0,0.0,242.8,366.8,0,0.0,0,0,06-MAY-2024,
OPTSTK,PIDILITIND,30-May-2024,2640.0,CE,0.0,0.0,0.0,216.6,328.25,0,0.0,0,0,06-MAY-2024,
OPTSTK,PIDILITIND,30-May-2024,2680.0,CE,0.0,0.0,0.0,255.45,290.5,0,0.0,250,0,06-MAY-2024,
OPTSTK,PIDILITIND,30-May-2024,2700.0,CE,0.0,0.0,0.0,308.6,272.05,0,0.0,1000,0,06-MAY-2024,
OPTSTK,PIDILITIND,30-May-2024,2720.0,CE,0.0,0.0,0.0,169.55,253.9,0,0.0,0,0,06-MAY-2024,
OPTSTK,PIDILITIND,30-May-2024,2740.0,CE,0.0,0.0,0.0,331.05,236.2,0,0.0,0,0,06-MAY-2024,
OPTSTK,PIDILITIND,30-May-2024,2760.0,CE,0.0,0.0,0.0,148.8,218.9,0,0.0,0,0,06-MAY-2024,
OPTSTK,PIDILITIND,30-May-2024,2780.0,CE,0.0,0.0,0.0,298.65,202.05,0,0.0,0,0,06-MAY-2024,
OPTSTK,PIDILITIND,30-May-2024,2800.0,CE,187.25,192.0,187.25,192.0,185.8,2,14.94,5250,0,06-MAY-2024,
OPTSTK,PIDILITIND,30-May-2024,2820.0,CE,0.0,0.0,0.0,260.0,170.15,0,0.0,0,0,06-MAY-2024,
OPTSTK,PIDILITIND,30-May-2024,2840.0,CE,153.45,181.5,153.45,174.45,155.25,15,112.96,3750,2750,06-MAY-2024,
OPTSTK,PIDILITIND,30-May-2024,2860.0,CE,162.3,167.9,157.0,157.0,140.8,4,30.21,1250,1000,06-MAY-2024,
OPTSTK,PIDILITIND,30-May-2024,2880.0,CE,0.0,0.0,0.0,163.15,127.2,0,0.0,750,0,06-MAY-2024,
OPTSTK,PIDILITIND,30-May-2024,2900.0,CE,127.95,132.7,117.35,122.35,114.4,17,128.55,15750,1250,06-MAY-2024,
OPTSTK,PIDILITIND,30-May-2024,2920.0,CE,0.0,0.0,0.0,122.5,102.4,0,0.0,3750,0,06-MAY-2024,
OPTSTK,PIDILITIND,30-May-2024,2940.0,CE,109.9,115.0,98.0,113.05,113.05,50,381.06,9000,4500,06-MAY-2024,
OPTSTK,PIDILITIND,30-May-2024,2960.0,CE,105.35,105.85,84.0,102.7,102.7,98,749.12,19500,6750,06-MAY-2024,
OPTSTK,PIDILITIND,30-May-2024,2980.0,CE,87.45,95.0,72.05,92.75,92.75,114,873.94,13250,4750,06-MAY-2024,
OPTSTK,PIDILITIND,30-May-2024,3000.0,CE,80.0,85.0,65.0,82.9,82.9,460,3538.06,105000,17750,06-MAY-2024,
OPTSTK,PIDILITIND,30-May-2024,3020.0,CE,72.75,75.15,57.75,73.6,73.6,64,494.2,24000,250,06-MAY-2024,
OPTSTK,PIDILITIND,30-May-2024,3040.0,CE,62.0,67.75,51.0,66.3,66.3,69,535.03,18250,1500,06-MAY-2024,
OPTSTK,PIDILITIND,30-May-2024,3060.0,CE,55.6,61.0,44.5,59.8,59.8,56,435.74,14000,-500,06-MAY-2024,
OPTSTK,PIDILITIND,30-May-2024,3080.0,CE,46.55,54.1,38.85,52.95,52.95,94,734.67,41250,1500,06-MAY-2024,
OPTSTK,PIDILITIND,30-May-2024,3100.0,CE,42.3,47.95,33.15,46.25,46.25,481,3777.65,160000,10750,06-MAY-2024,
OPTSTK,PIDILITIND,30-May-2024,3120.0,CE,30.15,33.6,30.15,33.6,25.4,5,39.39,6500,-1000,06-MAY-2024,
OPTSTK,PIDILITIND,30-May-2024,3140.0,CE,24.35,35.4,24.35,35.4,35.4,15,118.9,5500,-500,06-MAY-2024,
OPTSTK,PIDILITIND,30-May-2024,3160.0,CE,22.75,31.85,21.0,30.8,30.8,325,2588.44,67000,55500,06-MAY-2024,
OPTSTK,PIDILITIND,30-May-2024,3180.0,CE,18.25,27.65,18.25,27.3,27.3,39,312.48,8250,4000,06-MAY-2024,
OPTSTK,PIDILITIND,30-May-2024,3200.0,CE,21.75,24.6,15.2,23.05,23.05,696,5603.8,111500,43250,06-MAY-2024,
OPTSTK,PIDILITIND,30-May-2024,3220.0,CE,17.35,17.75,17.35,17.75,10.35,2,16.18,5000,250,06-MAY-2024,
OPTSTK,PIDILITIND,30-May-2024,3240.0,CE,11.45,17.4,11.45,16.9,16.9,46,374.25,8250,5750,06-MAY-2024,
OPTSTK,PIDILITIND,30-May-2024,3260.0,CE,16.95,16.95,10.5,15.3,15.3,74,605.58,8000,750,06-MAY-2024,
OPTSTK,PIDILITIND,30-May-2024,3280.0,CE,0.0,0.0,0.0,16.3,5.65,0,0.0,2500,0,06-MAY-2024,
OPTSTK,PIDILITIND,30-May-2024,3300.0,CE,12.75,12.75,7.15,11.3,11.3,597,4940.04,78250,500,06-MAY-2024,
OPTSTK,PIDILITIND,30-May-2024,3320.0,CE,7.75,7.75,7.75,7.75,3.65,1,8.31,11000,0,06-MAY-2024,
OPTSTK,PIDILITIND,30-May-2024,3360.0,CE,8.65,8.65,8.65,8.65,2.35,1,8.42,4750,0,06-MAY-2024,
OPTSTK,PIDILITIND,30-May-2024,3400.0,CE,5.05,6.25,3.85,5.9,5.9,351,2987.85,51750,29250,06-MAY-2024,
OPTSTK,PIDILITIND,30-May-2024,3440.0,CE,6.4,6.4,3.2,5.9,5.9,15,129.16,10250,-500,06-MAY-2024,
OPTSTK,PIDILITIND,30-May-2024,3480.0,CE,0.0,0.0,0.0,6.5,0.55,0,0.0,0,0,06-MAY-2024,
OPTSTK,PIDILITIND,30-May-2024,2520.0,PE,0.0,0.0,0.0,38.55,0.4,0,0.0,0,0,06-MAY-2024,
OPTSTK,PIDILITIND,30-May-2024,2560.0,PE,0.0,0.0,0.0,48.35,0.8,0,0.0,0,0,06-MAY-2024,
OPTSTK,PIDILITIND,30-May-2024,2600.0,PE,0.0,0.0,0.0,59.6,1.5,0,0.0,0,0,06-MAY-2024,
OPTSTK,PIDILITIND,30-May-2024,2640.0,PE,0.0,0.0,0.0,72.65,2.8,0,0.0,0,0,06-MAY-2024,
OPTSTK,PIDILITIND,30-May-2024,2680.0,PE,0.0,0.0,0.0,6.25,4.85,0,0.0,500,0,06-MAY-2024,
OPTSTK,PIDILITIND,30-May-2024,2700.0,PE,12.5,15.75,12.5,14.35,14.35,137,929.72,39250,-1500,06-MAY-2024,
OPTSTK,PIDILITIND,30-May-2024,2720.0,PE,0.0,0.0,0.0,11.25,8.1,0,0.0,1250,0,06-MAY-2024,
OPTSTK,PIDILITIND,30-May-2024,2740.0,PE,15.0,20.2,15.0,19.9,10.25,12,82.78,7000,-1000,06-MAY-2024,
OPTSTK,PIDILITIND,30-May-2024,2760.0,PE,0.0,0.0,0.0,15.85,12.85,0,0.0,4000,0,06-MAY-2024,
OPTSTK,PIDILITIND,30-May-2024,2780.0,PE,0.0,0.0,0.0,17.65,15.95,0,0.0,6500,0,06-MAY-2024,
OPTSTK,PIDILITIND,30-May-2024,2800.0,PE,27.0,34.85,27.0,31.7,31.7,150,1061.86,70000,10000,06-MAY-2024,
OPTSTK,PIDILITIND,30-May-2024,2820.0,PE,34.15,38.7,34.15,38.6,23.85,3,21.42,2000,0,06-MAY-2024,
OPTSTK,PIDILITIND,30-May-2024,2840.0,PE,34.0,45.7,34.0,42.1,42.1,48,345.79,18500,2000,06-MAY-2024,
OPTSTK,PIDILITIND,30-May-2024,2860.0,PE,45.25,49.4,44.5,47.8,47.8,24,174.42,7750,4250,06-MAY-2024,
OPTSTK,PIDILITIND,30-May-2024,2880.0,PE,54.4,58.2,50.9,55.2,55.2,54,396.0,8750,-3250,06-MAY-2024,
OPTSTK,PIDILITIND,30-May-2024,2900.0,PE,60.0,68.25,52.95,63.1,63.1,229,1695.89,81500,3500,06-MAY-2024,
OPTSTK,PIDILITIND,30-May-2024,2920.0,PE,65.5,79.85,65.5,70.6,70.6,11,82.3,12000,0,06-MAY-2024,
OPTSTK,PIDILITIND,30-May-2024,2940.0,PE,70.0,87.8,70.0,78.8,78.8,72,543.39,12250,4750,06-MAY-2024,
OPTSTK,PIDILITIND,30-May-2024,2960.0,PE,81.55,97.05,79.9,88.0,88.0,50,380.93,12000,1250,06-MAY-2024,
OPTSTK,PIDILITIND,30-May-2024,2980.0,PE,83.25,106.1,83.25,98.1,98.1,60,461.65,8500,-2750,06-MAY-2024,
OPTSTK,PIDILITIND,30-May-2024,3000.0,PE,107.0,116.4,98.7,109.0,109.0,116,901.53,45500,1250,06-MAY-2024,
OPTSTK,PIDILITIND,30-May-2024,3020.0,PE,0.0,0.0,0.0,104.05,107.25,0,0.0,8250,0,06-MAY-2024,
OPTSTK,PIDILITIND,30-May-2024,3040.0,PE,0.0,0.0,0.0,123.9,119.95,0,0.0,6250,0,06-MAY-2024,
OPTSTK,PIDILITIND,30-May-2024,3060.0,PE,0.0,0.0,0.0,137.0,133.35,0,0.0,8750,0,06-MAY-2024,
OPTSTK,PIDILITIND,30-May-2024,3080.0,PE,152.35,164.5,149.45,157.85,157.85,11,88.92,3250,1500,06-MAY-2024,
OPTSTK,PIDILITIND,30-May-2024,3100.0,PE,179.95,184.3,162.7,171.15,171.15,14,114.58,9750,1500,06-MAY-2024,
OPTSTK,PIDILITIND,30-May-2024,3120.0,PE,0.0,0.0,0.0,156.75,177.7,0,0.0,1000,0,06-MAY-2024,
OPTSTK,PIDILITIND,30-May-2024,3140.0,PE,0.0,0.0,0.0,174.6,193.7,0,0.0,0,0,06-MAY-2024,
OPTSTK,PIDILITIND,30-May-2024,3160.0,PE,0.0,0.0,0.0,191.7,210.15,0,0.0,750,0,06-MAY-2024,
OPTSTK,PIDILITIND,30-May-2024,3180.0,PE,0.0,0.0,0.0,200.3,227.1,0,0.0,0,0,06-MAY-2024,
OPTSTK,PIDILITIND,30-May-2024,3200.0,PE,0.0,0.0,0.0,215.9,244.45,0,0.0,500,0,06-MAY-2024,
OPTSTK,PIDILITIND,30-May-2024,3220.0,PE,0.0,0.0,0.0,227.7,262.2,0,0.0,0,0,06-MAY-2024,
OPTSTK,PIDILITIND,30-May-2024,3240.0,PE,0.0,0.0,0.0,237.15,280.25,0,0.0,250,0,06-MAY-2024,
OPTSTK,PIDILITIND,30-May-2024,3260.0,PE,0.0,0.0,0.0,265.4,298.6,0,0.0,500,0,06-MAY-2024,
OPTSTK,PIDILITIND,30-May-2024,3280.0,PE,0.0,0.0,0.0,501.05,317.2,0,0.0,0,0,06-MAY-2024,
OPTSTK,PIDILITIND,30-May-2024,3320.0,PE,0.0,0.0,0.0,317.65,355.05,0,0.0,500,0,06-MAY-2024,
OPTSTK,PIDILITIND,30-May-2024,3360.0,PE,0.0,0.0,0.0,376.45,393.55,0,0.0,750,0,06-MAY-2024,
OPTSTK,PIDILITIND,30-May-2024,3400.0,PE,0.0,0.0,0.0,611.15,432.5,0,0.0,0,0,06-MAY-2024,
OPTSTK,PIDILITIND,30-May-2024,3440.0,PE,0.0,0.0,0.0,648.65,471.75,0,0.0,0,0,06-MAY-2024,
OPTSTK,PIDILITIND,30-May-2024,3480.0,PE,0.0,0.0,0.0,666.55,511.2,0,0.0,0,0,06-MAY-2024,
OPTSTK,PIDILITIND,27-Jun-2024,2520.0,CE,0.0,0.0,0.0,548.3,463.55,0,0.0,0,0,06-MAY-2024,
OPTSTK,PIDILITIND,27-Jun-2024,2560.0,CE,0.0,0.0,0.0,511.95,426.05,0,0.0,0,0,06-MAY-2024,
OPTSTK,PIDILITIND,27-Jun-2024,2600.0,CE,0.0,0.0,0.0,476.35,389.35,0,0.0,0,0,06-MAY-2024,
OPTSTK,PIDILITIND,27-Jun-2024,2640.0,CE,0.0,0.0,0.0,441.6,353.65,0,0.0,0,0,06-MAY-2024,
OPTSTK,PIDILITIND,27-Jun-2024,2680.0,CE,0.0,0.0,0.0,407.85,319.1,0,0.0,0,0,06-MAY-2024,
OPTSTK,PIDILITIND,27-Jun-2024,2720.0,CE,0.0,0.0,0.0,375.2,285.9,0,0.0,0,0,06-MAY-2024,
OPTSTK,PIDILITIND,27-Jun-2024,2740.0,CE,0.0,0.0,0.0,255.35,269.9,0,0.0,0,0,06-MAY-2024,
OPTSTK,PIDILITIND,27-Jun-2024,2760.0,CE,0.0,0.0,0.0,343.75,254.35,0,0.0,0,0,06-MAY-2024,
OPTSTK,PIDILITIND,27-Jun-2024,2780.0,CE,0.0,0.0,0.0,226.7,239.2,0,0.0,0,0,06-MAY-2024,
OPTSTK,PIDILITIND,27-Jun-2024,2800.0,CE,0.0,0.0,0.0,313.65,224.6,0,0.0,0,0,06-MAY-2024,
OPTSTK,PIDILITIND,27-Jun-2024,2820.0,CE,0.0,0.0,0.0,199.95,210.3,0,0.0,0,0,06-MAY-2024,
OPTSTK,PIDILITIND,27-Jun-2024,2840.0,CE,0.0,0.0,0.0,285.05,196.6,0,0.0,0,0,06-MAY-2024,
OPTSTK,PIDILITIND,27-Jun-2024,2860.0,CE,0.0,0.0,0.0,175.15,183.4,0,0.0,0,0,06-MAY-2024,
OPTSTK,PIDILITIND,27-Jun-2024,2880.0,CE,0.0,0.0,0.0,257.75,170.8,0,0.0,0,0,06-MAY-2024,
OPTSTK,PIDILITIND,27-Jun-2024,2900.0,CE,0.0,0.0,0.0,152.4,158.7,0,0.0,0,0,06-MAY-2024,
OPTSTK,PIDILITIND,27-Jun-2024,2920.0,CE,0.0,0.0,0.0,232.15,147.1,0,0.0,0,0,06-MAY-2024,
OPTSTK,PIDILITIND,27-Jun-2024,2940.0,CE,0.0,0.0,0.0,131.6,136.1,0,0.0,0,0,06-MAY-2024,
OPTSTK,PIDILITIND,27-Jun-2024,2960.0,CE,0.0,0.0,0.0,208.15,125.65,0,0.0,0,0,06-MAY-2024,
OPTSTK,PIDILITIND,27-Jun-2024,2980.0,CE,0.0,0.0,0.0,112.9,115.75,0,0.0,0,0,06-MAY-2024,
OPTSTK,PIDILITIND,27-Jun-2024,3000.0,CE,0.0,0.0,0.0,169.1,106.4,0,0.0,250,0,06-MAY-2024,
OPTSTK,PIDILITIND,27-Jun-2024,3020.0,CE,0.0,0.0,0.0,96.1,97.6,0,0.0,0,0,06-MAY-2024,
OPTSTK,PIDILITIND,27-Jun-2024,3040.0,CE,0.0,0.0,0.0,165.1,89.3,0,0.0,0,0,06-MAY-2024,
OPTSTK,PIDILITIND,27-Jun-2024,3060.0,CE,0.0,0.0,0.0,81.25,81.55,0,0.0,0,0,06-MAY-2024,
OPTSTK,PIDILITIND,27-Jun-2024,3080.0,CE,0.0,0.0,0.0,146.05,74.3,0,0.0,0,0,06-MAY-2024,
OPTSTK,PIDILITIND,27-Jun-2024,3100.0,CE,0.0,0.0,0.0,68.2,67.55,0,0.0,0,0,06-MAY-2024,
OPTSTK,PIDILITIND,27-Jun-2024,3120.0,CE,0.0,0.0,0.0,128.6,61.3,0,0.0,0,0,06-MAY-2024,
OPTSTK,PIDILITIND,27-Jun-2024,3140.0,CE,0.0,0.0,0.0,56.8,55.45,0,0.0,0,0,06-MAY-2024,
OPTSTK,PIDILITIND,27-Jun-2024,3160.0,CE,0.0,0.0,0.0,112.75,50.1,0,0.0,0,0,06-MAY-2024,
OPTSTK,PIDILITIND,27-Jun-2024,3180.0,CE,0.0,0.0,0.0,47.15,45.3,0,0.0,0,0,06-MAY-2024,
OPTSTK,PIDILITIND,27-Jun-2024,3200.0,CE,0.0,0.0,0.0,98.4,40.65,0,0.0,0,0,06-MAY-2024,
OPTSTK,PIDILITIND,27-Jun-2024,3220.0,CE,0.0,0.0,0.0,38.7,36.45,0,0.0,0,0,06-MAY-2024,
OPTSTK,PIDILITIND,27-Jun-2024,3240.0,CE,0.0,0.0,0.0,85.5,32.65,0,0.0,0,0,06-MAY-2024,
OPTSTK,PIDILITIND,27-Jun-2024,3260.0,CE,0.0,0.0,0.0,31.55,29.2,0,0.0,0,0,06-MAY-2024,
OPTSTK,PIDILITIND,27-Jun-2024,3280.0,CE,0.0,0.0,0.0,73.95,26.0,0,0.0,0,0,06-MAY-2024,
OPTSTK,PIDILITIND,27-Jun-2024,3320.0,CE,0.0,0.0,0.0,63.8,20.55,0,0.0,0,0,06-MAY-2024,
OPTSTK,PIDILITIND,27-Jun-2024,3360.0,CE,0.0,0.0,0.0,54.8,16.1,0,0.0,0,0,06-MAY-2024,
OPTSTK,PIDILITIND,27-Jun-2024,3400.0,CE,0.0,0.0,0.0,46.7,12.5,0,0.0,0,0,06-MAY-2024,
OPTSTK,PIDILITIND,27-Jun-2024,3440.0,CE,0.0,0.0,0.0,39.7,9.65,0,0.0,0,0,06-MAY-2024,
OPTSTK,PIDILITIND,27-Jun-2024,3480.0,CE,0.0,0.0,0.0,33.65,7.35,0,0.0,0,0,06-MAY-2024,
OPTSTK,PIDILITIND,27-Jun-2024,2520.0,PE,0.0,0.0,0.0,8.55,4.3,0,0.0,0,0,06-MAY-2024,
OPTSTK,PIDILITIND,27-Jun-2024,2560.0,PE,0.0,0.0,0.0,11.5,6.4,0,0.0,0,0,06-MAY-2024,
OPTSTK,PIDILITIND,27-Jun-2024,2600.0,PE,0.0,0.0,0.0,15.15,9.3,0,0.0,0,0,06-MAY-2024,
OPTSTK,PIDILITIND,27-Jun-2024,2640.0,PE,0.0,0.0,0.0,19.7,13.15,0,0.0,0,0,06-MAY-2024,
OPTSTK,PIDILITIND,27-Jun-2024,2680.0,PE,0.0,0.0,0.0,25.25,18.2,0,0.0,0,0,06-MAY-2024,
OPTSTK,PIDILITIND,27-Jun-2024,2720.0,PE,0.0,0.0,0.0,31.85,24.6,0,0.0,0,0,06-MAY-2024,
OPTSTK,PIDILITIND,27-Jun-2024,2740.0,PE,0.0,0.0,0.0,41.55,28.4,0,0.0,0,0,06-MAY-2024,
OPTSTK,PIDILITIND,27-Jun-2024,2760.0,PE,0.0,0.0,0.0,39.7,32.6,0,0.0,0,0,06-MAY-2024,
OPTSTK,PIDILITIND,27-Jun-2024,2780.0,PE,0.0,0.0,0.0,52.4,37.25,0,0.0,0,0,06-MAY-2024,
OPTSTK,PIDILITIND,27-Jun-2024,2800.0,PE,67.4,67.4,65.0,65.0,42.45,2,14.33,1000,250,06-MAY-2024,
OPTSTK,PIDILITIND,27-Jun-2024,2820.0,PE,0.0,0.0,0.0,65.15,47.9,0,0.0,0,0,06-MAY-2024,
OPTSTK,PIDILITIND,27-Jun-2024,2840.0,PE,0.0,0.0,0.0,59.55,54.05,0,0.0,0,0,06-MAY-2024,
OPTSTK,PIDILITIND,27-Jun-2024,2860.0,PE,0.0,0.0,0.0,79.85,60.65,0,0.0,0,0,06-MAY-2024,
OPTSTK,PIDILITIND,27-Jun-2024,2880.0,PE,0.0,0.0,0.0,71.55,67.8,0,0.0,0,0,06-MAY-2024,
OPTSTK,PIDILITIND,27-Jun-2024,2900.0,PE,0.0,0.0,0.0,63.0,75.5,0,0.0,750,0,06-MAY-2024,
OPTSTK,PIDILITIND,27-Jun-2024,2920.0,PE,0.0,0.0,0.0,85.25,83.75,0,0.0,0,0,06-MAY-2024,
OPTSTK,PIDILITIND,27-Jun-2024,2940.0,PE,0.0,0.0,0.0,115.3,92.5,0,0.0,0,0,06-MAY-2024,
OPTSTK,PIDILITIND,27-Jun-2024,2960.0,PE,0.0,0.0,0.0,100.55,101.85,0,0.0,0,0,06-MAY-2024,
OPTSTK,PIDILITIND,27-Jun-2024,2980.0,PE,0.0,0.0,0.0,136.05,111.75,0,0.0,0,0,06-MAY-2024,
OPTSTK,PIDILITIND,27-Jun-2024,3000.0,PE,0.0,0.0,0.0,117.5,122.2,0,0.0,0,0,06-MAY-2024,
OPTSTK,PIDILITIND,27-Jun-2024,3020.0,PE,0.0,0.0,0.0,158.8,133.15,0,0.0,0,0,06-MAY-2024,
OPTSTK,PIDILITIND,27-Jun-2024,3040.0,PE,0.0,0.0,0.0,136.05,144.7,0,0.0,0,0,06-MAY-2024,
OPTSTK,PIDILITIND,27-Jun-2024,3060.0,PE,0.0,0.0,0.0,183.45,156.7,0,0.0,0,0,06-MAY-2024,
OPTSTK,PIDILITIND,27-Jun-2024,3080.0,PE,0.0,0.0,0.0,156.3,169.25,0,0.0,0,0,06-MAY-2024,
OPTSTK,PIDILITIND,27-Jun-2024,3100.0,PE,0.0,0.0,0.0,209.85,182.3,0,0.0,0,0,06-MAY-2024,
OPTSTK,PIDILITIND,27-Jun-2024,3120.0,PE,0.0,0.0,0.0,178.15,195.85,0,0.0,0,0,06-MAY-2024,
OPTSTK,PIDILITIND,27-Jun-2024,3140.0,PE,0.0,0.0,0.0,238.0,209.8,0,0.0,0,0,06-MAY-2024,
OPTSTK,PIDILITIND,27-Jun-2024,3160.0,PE,0.0,0.0,0.0,201.55,224.25,0,0.0,0,0,06-MAY-2024,
OPTSTK,PIDILITIND,27-Jun-2024,3180.0,PE,0.0,0.0,0.0,267.85,239.2,0,0.0,0,0,06-MAY-2024,
OPTSTK,PIDILITIND,27-Jun-2024,3200.0,PE,0.0,0.0,0.0,226.5,254.35,0,0.0,0,0,06-MAY-2024,
OPTSTK,PIDILITIND,27-Jun-2024,3220.0,PE,0.0,0.0,0.0,298.85,270.0,0,0.0,0,0,06-MAY-2024,
OPTSTK,PIDILITIND,27-Jun-2024,3240.0,PE,0.0,0.0,0.0,252.85,285.95,0,0.0,0,0,06-MAY-2024,
OPTSTK,PIDILITIND,27-Jun-2024,3260.0,PE,0.0,0.0,0.0,331.25,302.3,0,0.0,0,0,06-MAY-2024,
OPTSTK,PIDILITIND,27-Jun-2024,3280.0,PE,0.0,0.0,0.0,280.6,318.9,0,0.0,0,0,06-MAY-2024,
OPTSTK,PIDILITIND,27-Jun-2024,3320.0,PE,0.0,0.0,0.0,309.8,353.05,0,0.0,0,0,06-MAY-2024,
OPTSTK,PIDILITIND,27-Jun-2024,3360.0,PE,0.0,0.0,0.0,340.05,388.15,0,0.0,0,0,06-MAY-2024,
OPTSTK,PIDILITIND,27-Jun-2024,3400.0,PE,0.0,0.0,0.0,371.2,424.15,0,0.0,0,0,06-MAY-2024,
OPTSTK,PIDILITIND,27-Jun-2024,3440.0,PE,0.0,0.0,0.0,403.5,460.9,0,0.0,0,0,06-MAY-2024,
OPTSTK,PIDILITIND,27-Jun-2024,3480.0,PE,0.0,0.0,0.0,436.75,498.2,0,0.0,0,0,06-MAY-2024,
OPTSTK,PIDILITIND,25-Jul-2024,2560.0,CE,0.0,0.0,0.0,426.25,447.95,0,0.0,0,0,06-MAY-2024,
OPTSTK,PIDILITIND,25-Jul-2024,2640.0,CE,0.0,0.0,0.0,360.5,379.35,0,0.0,0,0,06-MAY-2024,
OPTSTK,PIDILITIND,25-Jul-2024,2720.0,CE,0.0,0.0,0.0,299.85,315.5,0,0.0,0,0,06-MAY-2024,
OPTSTK,PIDILITIND,25-Jul-2024,2760.0,CE,0.0,0.0,0.0,271.5,285.75,0,0.0,0,0,06-MAY-2024,
OPTSTK,PIDILITIND,25-Jul-2024,2800.0,CE,0.0,0.0,0.0,244.9,257.35,0,0.0,0,0,06-MAY-2024,
OPTSTK,PIDILITIND,25-Jul-2024,2840.0,CE,0.0,0.0,0.0,219.85,230.7,0,0.0,0,0,06-MAY-2024,
OPTSTK,PIDILITIND,25-Jul-2024,2880.0,CE,0.0,0.0,0.0,196.5,205.75,0,0.0,0,0,06-MAY-2024,
OPTSTK,PIDILITIND,25-Jul-2024,2920.0,CE,0.0,0.0,0.0,174.8,182.55,0,0.0,0,0,06-MAY-2024,
OPTSTK,PIDILITIND,25-Jul-2024,2960.0,CE,0.0,0.0,0.0,154.75,161.15,0,0.0,0,0,06-MAY-2024,
OPTSTK,PIDILITIND,25-Jul-2024,3000.0,CE,0.0,0.0,0.0,136.4,141.5,0,0.0,0,0,06-MAY-2024,
OPTSTK,PIDILITIND,25-Jul-2024,3040.0,CE,0.0,0.0,0.0,119.65,123.6,0,0.0,0,0,06-MAY-2024,
OPTSTK,PIDILITIND,25-Jul-2024,3080.0,CE,0.0,0.0,0.0,104.5,107.35,0,0.0,0,0,06-MAY-2024,
OPTSTK,PIDILITIND,25-Jul-2024,3120.0,CE,0.0,0.0,0.0,90.85,92.8,0,0.0,0,0,06-MAY-2024,
OPTSTK,PIDILITIND,25-Jul-2024,3160.0,CE,0.0,0.0,0.0,78.6,79.8,0,0.0,0,0,06-MAY-2024,
OPTSTK,PIDILITIND,25-Jul-2024,3200.0,CE,0.0,0.0,0.0,67.7,68.25,0,0.0,0,0,06-MAY-2024,
OPTSTK,PIDILITIND,25-Jul-2024,3240.0,CE,0.0,0.0,0.0,58.25,58.2,0,0.0,0,0,06-MAY-2024,
OPTSTK,PIDILITIND,25-Jul-2024,3280.0,CE,0.0,0.0,0.0,49.65,49.2,0,0.0,0,0,06-MAY-2024,
OPTSTK,PIDILITIND,25-Jul-2024,3360.0,CE,0.0,0.0,0.0,35.75,34.75,0,0.0,0,0,06-MAY-2024,
OPTSTK,PIDILITIND,25-Jul-2024,3440.0,CE,0.0,0.0,0.0,25.3,24.1,0,0.0,0,0,06-MAY-2024,
OPTSTK,PIDILITIND,25-Jul-2024,2560.0,PE,0.0,0.0,0.0,20.6,14.15,0,0.0,0,0,06-MAY-2024,
OPTSTK,PIDILITIND,25-Jul-2024,2640.0,PE,0.0,0.0,0.0,33.35,24.3,0,0.0,0,0,06-MAY-2024,
OPTSTK,PIDILITIND,25-Jul-2024,2720.0,PE,0.0,0.0,0.0,51.3,39.2,0,0.0,0,0,06-MAY-2024,
OPTSTK,PIDILITIND,25-Jul-2024,2760.0,PE,0.0,0.0,0.0,62.2,48.85,0,0.0,0,0,06-MAY-2024,
OPTSTK,PIDILITIND,25-Jul-2024,2800.0,PE,0.0,0.0,0.0,74.85,59.75,0,0.0,0,0,06-MAY-2024,
OPTSTK,PIDILITIND,25-Jul-2024,2840.0,PE,0.0,0.0,0.0,89.1,72.5,0,0.0,0,0,06-MAY-2024,
OPTSTK,PIDILITIND,25-Jul-2024,2880.0,PE,0.0,0.0,0.0,105.05,86.95,0,0.0,0,0,06-MAY-2024,
OPTSTK,PIDILITIND,25-Jul-2024,2920.0,PE,0.0,0.0,0.0,122.6,103.1,0,0.0,0,0,06-MAY-2024,
OPTSTK,PIDILITIND,25-Jul-2024,2960.0,PE,0.0,0.0,0.0,141.85,121.05,0,0.0,0,0,06-MAY-2024,
OPTSTK,PIDILITIND,25-Jul-2024,3000.0,PE,0.0,0.0,0.0,162.8,140.75,0,0.0,0,0,06-MAY-2024,
OPTSTK,PIDILITIND,25-Jul-2024,3040.0,PE,0.0,0.0,0.0,185.3,162.2,0,0.0,0,0,06-MAY-2024,
OPTSTK,PIDILITIND,25-Jul-2024,3080.0,PE,0.0,0.0,0.0,209.45,185.4,0,0.0,0,0,06-MAY-2024,
OPTSTK,PIDILITIND,25-Jul-2024,3120.0,PE,0.0,0.0,0.0,235.05,210.15,0,0.0,0,0,06-MAY-2024,
OPTSTK,PIDILITIND,25-Jul-2024,3160.0,PE,0.0,0.0,0.0,262.1,236.5,0,0.0,0,0,06-MAY-2024,
OPTSTK,PIDILITIND,25-Jul-2024,3200.0,PE,0.0,0.0,0.0,290.45,264.35,0,0.0,0,0,06-MAY-2024,
OPTSTK,PIDILITIND,25-Jul-2024,3240.0,PE,0.0,0.0,0.0,320.25,293.7,0,0.0,0,0,06-MAY-2024,
OPTSTK,PIDILITIND,25-Jul-2024,3280.0,PE,0.0,0.0,0.0,350.95,324.05,0,0.0,0,0,06-MAY-2024,
OPTSTK,PIDILITIND,25-Jul-2024,3360.0,PE,0.0,0.0,0.0,415.6,388.35,0,0.0,0,0,06-MAY-2024,
OPTSTK,PIDILITIND,25-Jul-2024,3440.0,PE,0.0,0.0,0.0,483.75,456.4,0,0.0,0,0,06-MAY-2024,
OPTSTK,PIIND,30-May-2024,3100.0,CE,0.0,0.0,0.0,812.25,510.3,0,0.0,0,0,06-MAY-2024,
OPTSTK,PIIND,30-May-2024,3200.0,CE,0.0,0.0,0.0,410.0,415.8,0,0.0,0,0,06-MAY-2024,
OPTSTK,PIIND,30-May-2024,3250.0,CE,0.0,0.0,0.0,673.55,370.4,0,0.0,0,0,06-MAY-2024,
OPTSTK,PIIND,30-May-2024,3300.0,CE,0.0,0.0,0.0,395.55,326.75,0,0.0,750,0,06-MAY-2024,
OPTSTK,PIIND,30-May-2024,3350.0,CE,0.0,0.0,0.0,295.8,285.15,0,0.0,250,0,06-MAY-2024,
OPTSTK,PIIND,30-May-2024,3400.0,CE,0.0,0.0,0.0,289.25,246.05,0,0.0,250,0,06-MAY-2024,
OPTSTK,PIIND,30-May-2024,3450.0,CE,0.0,0.0,0.0,273.2,209.7,0,0.0,500,0,06-MAY-2024,
OPTSTK,PIIND,30-May-2024,3500.0,CE,195.0,209.4,195.0,209.4,176.5,11,101.64,3250,-500,06-MAY-2024,
OPTSTK,PIIND,30-May-2024,3550.0,CE,0.0,0.0,0.0,189.45,146.65,0,0.0,5750,0,06-MAY-2024,
OPTSTK,PIIND,30-May-2024,3600.0,CE,150.0,150.1,127.0,131.4,120.2,68,636.0,13250,1250,06-MAY-2024,
OPTSTK,PIIND,30-May-2024,3650.0,CE,112.25,124.0,102.7,105.5,105.5,29,272.84,16750,2250,06-MAY-2024,
OPTSTK,PIIND,30-May-2024,3700.0,CE,88.0,101.9,82.05,86.75,86.75,98,929.44,48000,3000,06-MAY-2024,
OPTSTK,PIIND,30-May-2024,3750.0,CE,74.4,83.35,65.05,68.8,68.8,43,411.26,11750,500,06-MAY-2024,
OPTSTK,PIIND,30-May-2024,3800.0,CE,51.7,67.65,51.7,55.85,55.85,479,4623.03,83500,15750,06-MAY-2024,
OPTSTK,PIIND,30-May-2024,3850.0,CE,43.35,53.65,43.05,44.55,44.55,28,272.83,4750,-3000,06-MAY-2024,
OPTSTK,PIIND,30-May-2024,3900.0,CE,37.3,42.85,32.45,35.25,35.25,112,1102.35,29000,7500,06-MAY-2024,
OPTSTK,PIIND,30-May-2024,3950.0,CE,30.95,31.55,30.55,31.1,31.1,5,49.76,4250,750,06-MAY-2024,
OPTSTK,PIIND,30-May-2024,4000.0,CE,22.0,25.95,19.15,21.85,21.85,120,1206.56,61000,-1000,06-MAY-2024,
OPTSTK,PIIND,30-May-2024,4050.0,CE,0.0,0.0,0.0,16.4,10.6,0,0.0,4000,0,06-MAY-2024,
OPTSTK,PIIND,30-May-2024,4100.0,CE,12.85,15.0,11.35,12.5,7.55,32,329.13,15500,-4500,06-MAY-2024,
OPTSTK,PIIND,30-May-2024,4150.0,CE,0.0,0.0,0.0,15.15,5.3,0,0.0,5250,0,06-MAY-2024,
OPTSTK,PIIND,30-May-2024,4200.0,CE,8.7,9.5,7.05,8.4,8.4,397,4176.94,31000,4000,06-MAY-2024,
OPTSTK,PIIND,30-May-2024,4250.0,CE,0.0,0.0,0.0,14.2,2.5,0,0.0,500,0,06-MAY-2024,
OPTSTK,PIIND,30-May-2024,4300.0,CE,5.05,6.0,4.05,4.5,4.5,79,850.21,18500,-500,06-MAY-2024,
OPTSTK,PIIND,30-May-2024,3100.0,PE,0.0,0.0,0.0,6.8,3.1,0,0.0,0,0,06-MAY-2024,
OPTSTK,PIIND,30-May-2024,3200.0,PE,10.5,14.95,9.5,13.3,13.3,380,3051.59,24750,-3500,06-MAY-2024,
OPTSTK,PIIND,30-May-2024,3250.0,PE,0.0,0.0,0.0,16.3,12.55,0,0.0,0,0,06-MAY-2024,
OPTSTK,PIIND,30-May-2024,3300.0,PE,18.0,25.2,18.0,23.8,23.8,122,1013.39,36750,8500,06-MAY-2024,
OPTSTK,PIIND,30-May-2024,3350.0,PE,26.1,31.1,23.85,26.3,26.8,8,67.54,3500,-750,06-MAY-2024,
OPTSTK,PIIND,30-May-2024,3400.0,PE,33.0,43.45,29.9,41.4,41.4,102,877.03,43000,3250,06-MAY-2024,
OPTSTK,PIIND,30-May-2024,3450.0,PE,44.5,50.95,44.5,50.0,50.9,4,34.97,5500,-500,06-MAY-2024,
OPTSTK,PIIND,30-May-2024,3500.0,PE,56.1,75.3,56.0,72.55,72.55,79,704.04,58250,3000,06-MAY-2024,
OPTSTK,PIIND,30-May-2024,3550.0,PE,91.8,94.5,77.5,79.0,87.4,10,90.88,6750,-250,06-MAY-2024,
OPTSTK,PIIND,30-May-2024,3600.0,PE,104.4,118.8,93.05,114.35,114.35,119,1102.62,41750,-1750,06-MAY-2024,
OPTSTK,PIIND,30-May-2024,3650.0,PE,122.0,141.65,122.0,135.95,135.95,14,132.26,8250,-1000,06-MAY-2024,
OPTSTK,PIIND,30-May-2024,3700.0,PE,150.65,171.0,145.0,170.55,170.55,31,299.08,43000,-2250,06-MAY-2024,
OPTSTK,PIIND,30-May-2024,3750.0,PE,0.0,0.0,0.0,185.7,200.65,0,0.0,2500,0,06-MAY-2024,
OPTSTK,PIIND,30-May-2024,3800.0,PE,220.0,220.0,220.0,220.0,236.85,1,10.05,7750,0,06-MAY-2024,
OPTSTK,PIIND,30-May-2024,3850.0,PE,0.0,0.0,0.0,266.95,275.35,0,0.0,3250,0,06-MAY-2024,
OPTSTK,PIIND,30-May-2024,3900.0,PE,0.0,0.0,0.0,249.2,316.25,0,0.0,2000,0,06-MAY-2024,
OPTSTK,PIIND,30-May-2024,3950.0,PE,0.0,0.0,0.0,352.4,359.0,0,0.0,500,0,06-MAY-2024,
OPTSTK,PIIND,30-May-2024,4000.0,PE,0.0,0.0,0.0,379.55,403.4,0,0.0,16250,0,06-MAY-2024,
OPTSTK,PIIND,30-May-2024,4050.0,PE,0.0,0.0,0.0,279.05,449.05,0,0.0,0,0,06-MAY-2024,
OPTSTK,PIIND,30-May-2024,4100.0,PE,0.0,0.0,0.0,444.65,495.75,0,0.0,500,0,06-MAY-2024,
OPTSTK,PIIND,30-May-2024,4200.0,PE,0.0,0.0,0.0,490.8,591.4,0,0.0,250,0,06-MAY-2024,
OPTSTK,PIIND,30-May-2024,4300.0,PE,0.0,0.0,0.0,599.1,688.95,0,0.0,250,0,06-MAY-2024,
OPTSTK,PIIND,27-Jun-2024,3100.0,CE,0.0,0.0,0.0,838.8,541.7,0,0.0,0,0,06-MAY-2024,
OPTSTK,PIIND,27-Jun-2024,3200.0,CE,0.0,0.0,0.0,749.7,455.45,0,0.0,0,0,06-MAY-2024,
OPTSTK,PIIND,27-Jun-2024,3250.0,CE,0.0,0.0,0.0,572.95,414.6,0,0.0,0,0,06-MAY-2024,
OPTSTK,PIIND,27-Jun-2024,3300.0,CE,0.0,0.0,0.0,664.25,375.5,0,0.0,0,0,06-MAY-2024,
OPTSTK,PIIND,27-Jun-2024,3350.0,CE,0.0,0.0,0.0,489.65,338.4,0,0.0,0,0,06-MAY-2024,
OPTSTK,PIIND,27-Jun-2024,3400.0,CE,0.0,0.0,0.0,583.2,303.05,0,0.0,0,0,06-MAY-2024,
OPTSTK,PIIND,27-Jun-2024,3450.0,CE,0.0,0.0,0.0,412.3,270.05,0,0.0,0,0,06-MAY-2024,
OPTSTK,PIIND,27-Jun-2024,3500.0,CE,0.0,0.0,0.0,507.3,239.3,0,0.0,0,0,06-MAY-2024,
OPTSTK,PIIND,27-Jun-2024,3550.0,CE,0.0,0.0,0.0,341.75,210.85,0,0.0,0,0,06-MAY-2024,
OPTSTK,PIIND,27-Jun-2024,3600.0,CE,0.0,0.0,0.0,436.65,184.75,0,0.0,0,0,06-MAY-2024,
OPTSTK,PIIND,27-Jun-2024,3650.0,CE,0.0,0.0,0.0,278.85,160.9,0,0.0,0,0,06-MAY-2024,
OPTSTK,PIIND,27-Jun-2024,3700.0,CE,0.0,0.0,0.0,180.0,139.35,0,0.0,250,0,06-MAY-2024,
OPTSTK,PIIND,27-Jun-2024,3750.0,CE,0.0,0.0,0.0,223.8,120.0,0,0.0,0,0,06-MAY-2024,
OPTSTK,PIIND,27-Jun-2024,3800.0,CE,0.0,0.0,0.0,131.75,102.7,0,0.0,500,0,06-MAY-2024,
OPTSTK,PIIND,27-Jun-2024,3850.0,CE,0.0,0.0,0.0,176.7,87.45,0,0.0,0,0,06-MAY-2024,
OPTSTK,PIIND,27-Jun-2024,3900.0,CE,0.0,0.0,0.0,94.45,74.15,0,0.0,500,0,06-MAY-2024,
OPTSTK,PIIND,27-Jun-2024,3950.0,CE,0.0,0.0,0.0,137.25,62.5,0,0.0,0,0,06-MAY-2024,
OPTSTK,PIIND,27-Jun-2024,4000.0,CE,85.0,93.35,85.0,89.9,89.9,3,30.67,750,750,06-MAY-2024,
OPTSTK,PIIND,27-Jun-2024,4050.0,CE,0.0,0.0,0.0,104.9,43.5,0,0.0,0,0,06-MAY-2024,
OPTSTK,PIIND,27-Jun-2024,4100.0,CE,0.0,0.0,0.0,178.35,36.05,0,0.0,0,0,06-MAY-2024,
OPTSTK,PIIND,27-Jun-2024,4200.0,CE,0.0,0.0,0.0,144.85,24.35,0,0.0,0,0,06-MAY-2024,
OPTSTK,PIIND,27-Jun-2024,4300.0,CE,0.0,0.0,0.0,116.55,16.1,0,0.0,0,0,06-MAY-2024,
OPTSTK,PIIND,27-Jun-2024,3100.0,PE,0.0,0.0,0.0,15.85,16.85,0,0.0,0,0,06-MAY-2024,
OPTSTK,PIIND,27-Jun-2024,3200.0,PE,0.0,0.0,0.0,24.95,29.6,0,0.0,0,0,06-MAY-2024,
OPTSTK,PIIND,27-Jun-2024,3250.0,PE,0.0,0.0,0.0,26.15,38.2,0,0.0,0,0,06-MAY-2024,
OPTSTK,PIIND,27-Jun-2024,3300.0,PE,0.0,0.0,0.0,37.75,48.6,0,0.0,0,0,06-MAY-2024,
OPTSTK,PIIND,27-Jun-2024,3350.0,PE,0.0,0.0,0.0,41.6,60.95,0,0.0,0,0,06-MAY-2024,
OPTSTK,PIIND,27-Jun-2024,3400.0,PE,0.0,0.0,0.0,54.85,75.1,0,0.0,0,0,06-MAY-2024,
OPTSTK,PIIND,27-Jun-2024,3450.0,PE,0.0,0.0,0.0,63.0,91.6,0,0.0,0,0,06-MAY-2024,
OPTSTK,PIIND,27-Jun-2024,3500.0,PE,122.05,150.5,122.05,149.5,110.35,17,154.39,3500,2250,06-MAY-2024,
OPTSTK,PIIND,27-Jun-2024,3550.0,PE,0.0,0.0,0.0,91.2,131.35,0,0.0,0,0,06-MAY-2024,
OPTSTK,PIIND,27-Jun-2024,3600.0,PE,0.0,0.0,0.0,104.8,154.75,0,0.0,0,0,06-MAY-2024,
OPTSTK,PIIND,27-Jun-2024,3650.0,PE,0.0,0.0,0.0,127.0,180.4,0,0.0,0,0,06-MAY-2024,
OPTSTK,PIIND,27-Jun-2024,3700.0,PE,211.0,215.0,210.95,215.0,208.3,13,127.17,4750,3250,06-MAY-2024,
OPTSTK,PIIND,27-Jun-2024,3750.0,PE,0.0,0.0,0.0,170.75,238.45,0,0.0,0,0,06-MAY-2024,
OPTSTK,PIIND,27-Jun-2024,3800.0,PE,0.0,0.0,0.0,178.95,270.65,0,0.0,0,0,06-MAY-2024,
OPTSTK,PIIND,27-Jun-2024,3850.0,PE,0.0,0.0,0.0,222.4,304.85,0,0.0,0,0,06-MAY-2024,
OPTSTK,PIIND,27-Jun-2024,3900.0,PE,0.0,0.0,0.0,225.55,341.1,0,0.0,0,0,06-MAY-2024,
OPTSTK,PIIND,27-Jun-2024,3950.0,PE,0.0,0.0,0.0,281.7,378.9,0,0.0,0,0,06-MAY-2024,
OPTSTK,PIIND,27-Jun-2024,4000.0,PE,0.0,0.0,0.0,278.5,418.1,0,0.0,0,0,06-MAY-2024,
OPTSTK,PIIND,27-Jun-2024,4050.0,PE,0.0,0.0,0.0,348.1,458.85,0,0.0,0,0,06-MAY-2024,
OPTSTK,PIIND,27-Jun-2024,4100.0,PE,0.0,0.0,0.0,337.55,500.9,0,0.0,0,0,06-MAY-2024,
OPTSTK,PIIND,27-Jun-2024,4200.0,PE,0.0,0.0,0.0,402.25,588.15,0,0.0,0,0,06-MAY-2024,
OPTSTK,PIIND,27-Jun-2024,4300.0,PE,0.0,0.0,0.0,472.15,678.9,0,0.0,0,0,06-MAY-2024,
OPTSTK,PIIND,25-Jul-2024,3000.0,CE,0.0,0.0,0.0,824.6,660.7,0,0.0,0,0,06-MAY-2024,
OPTSTK,PIIND,25-Jul-2024,3200.0,CE,0.0,0.0,0.0,649.4,493.7,0,0.0,0,0,06-MAY-2024,
OPTSTK,PIIND,25-Jul-2024,3300.0,CE,0.0,0.0,0.0,568.1,418.75,0,0.0,0,0,06-MAY-2024,
OPTSTK,PIIND,25-Jul-2024,3400.0,CE,0.0,0.0,0.0,491.95,350.15,0,0.0,0,0,06-MAY-2024,
OPTSTK,PIIND,25-Jul-2024,3500.0,CE,0.0,0.0,0.0,421.55,288.95,0,0.0,0,0,06-MAY-2024,
OPTSTK,PIIND,25-Jul-2024,3600.0,CE,0.0,0.0,0.0,357.5,235.2,0,0.0,0,0,06-MAY-2024,
OPTSTK,PIIND,25-Jul-2024,3700.0,CE,0.0,0.0,0.0,300.0,188.8,0,0.0,0,0,06-MAY-2024,
OPTSTK,PIIND,25-Jul-2024,3800.0,CE,0.0,0.0,0.0,249.1,149.5,0,0.0,0,0,06-MAY-2024,
OPTSTK,PIIND,25-Jul-2024,3900.0,CE,0.0,0.0,0.0,204.65,116.85,0,0.0,0,0,06-MAY-2024,
OPTSTK,PIIND,25-Jul-2024,4000.0,CE,0.0,0.0,0.0,166.45,90.3,0,0.0,0,0,06-MAY-2024,
OPTSTK,PIIND,25-Jul-2024,4100.0,CE,0.0,0.0,0.0,134.0,68.75,0,0.0,0,0,06-MAY-2024,
OPTSTK,PIIND,25-Jul-2024,4200.0,CE,0.0,0.0,0.0,107.0,51.75,0,0.0,0,0,06-MAY-2024,
OPTSTK,PIIND,25-Jul-2024,4400.0,CE,0.0,0.0,0.0,66.15,28.3,0,0.0,0,0,06-MAY-2024,
OPTSTK,PIIND,25-Jul-2024,3000.0,PE,0.0,0.0,0.0,14.4,20.4,0,0.0,0,0,06-MAY-2024,
OPTSTK,PIIND,25-Jul-2024,3200.0,PE,0.0,0.0,0.0,33.95,50.25,0,0.0,250,0,06-MAY-2024,
OPTSTK,PIIND,25-Jul-2024,3300.0,PE,0.0,0.0,0.0,52.45,73.7,0,0.0,0,0,06-MAY-2024,
OPTSTK,PIIND,25-Jul-2024,3400.0,PE,0.0,0.0,0.0,74.5,103.5,0,0.0,0,0,06-MAY-2024,
OPTSTK,PIIND,25-Jul-2024,3500.0,PE,0.0,0.0,0.0,102.3,140.75,0,0.0,0,0,06-MAY-2024,
OPTSTK,PIIND,25-Jul-2024,3600.0,PE,0.0,0.0,0.0,136.45,185.4,0,0.0,0,0,06-MAY-2024,
OPTSTK,PIIND,25-Jul-2024,3700.0,PE,0.0,0.0,0.0,200.0,237.4,0,0.0,250,0,06-MAY-2024,
OPTSTK,PIIND,25-Jul-2024,3800.0,PE,0.0,0.0,0.0,224.4,296.55,0,0.0,0,0,06-MAY-2024,
OPTSTK,PIIND,25-Jul-2024,3900.0,PE,0.0,0.0,0.0,278.2,362.3,0,0.0,0,0,06-MAY-2024,
OPTSTK,PIIND,25-Jul-2024,4000.0,PE,0.0,0.0,0.0,338.15,434.15,0,0.0,0,0,06-MAY-2024,
OPTSTK,PIIND,25-Jul-2024,4100.0,PE,0.0,0.0,0.0,403.9,511.05,0,0.0,0,0,06-MAY-2024,
OPTSTK,PIIND,25-Jul-2024,4200.0,PE,0.0,0.0,0.0,475.1,592.45,0,0.0,0,0,06-MAY-2024,
OPTSTK,PIIND,25-Jul-2024,4400.0,PE,0.0,0.0,0.0,630.65,765.85,0,0.0,0,0,06-MAY-2024,
OPTSTK,PNB,30-May-2024,105.0,CE,25.9,26.05,23.2,23.5,22.85,4,41.49,128000,-8000,06-MAY-2024,
OPTSTK,PNB,30-May-2024,110.0,CE,20.0,20.5,18.6,18.6,18.25,5,51.78,200000,8000,06-MAY-2024,
OPTSTK,PNB,30-May-2024,112.5,CE,0.0,0.0,0.0,16.7,16.1,0,0.0,0,0,06-MAY-2024,
OPTSTK,PNB,30-May-2024,115.0,CE,0.0,0.0,0.0,25.0,14.0,0,0.0,208000,0,06-MAY-2024,
OPTSTK,PNB,30-May-2024,117.5,CE,0.0,0.0,0.0,20.8,12.1,0,0.0,48000,0,06-MAY-2024,
OPTSTK,PNB,30-May-2024,120.0,CE,15.5,15.5,10.7,11.1,11.1,224,2359.93,2328000,456000,06-MAY-2024,
OPTSTK,PNB,30-May-2024,122.5,CE,0.0,0.0,0.0,10.6,8.7,0,0.0,0,0,06-MAY-2024,
OPTSTK,PNB,30-May-2024,125.0,CE,11.2,11.2,7.6,8.05,8.05,1007,10743.48,2112000,1488000,06-MAY-2024,
OPTSTK,PNB,30-May-2024,127.5,CE,8.2,8.2,6.4,6.75,6.75,1029,11072.09,1896000,1800000,06-MAY-2024,
OPTSTK,PNB,30-May-2024,130.0,CE,9.75,9.75,5.3,5.6,5.6,6691,72767.6,14976000,9488000,06-MAY-2024,
OPTSTK,PNB,30-May-2024,132.5,CE,6.9,6.9,4.35,4.6,4.6,1521,16711.39,2184000,1368000,06-MAY-2024,
OPTSTK,PNB,30-May-2024,134.0,CE,6.8,6.85,3.85,4.1,4.1,422,4674.18,1104000,576000,06-MAY-2024,
OPTSTK,PNB,30-May-2024,135.0,CE,7.4,7.4,3.5,3.75,3.75,5477,60960.04,14664000,7632000,06-MAY-2024,
OPTSTK,PNB,30-May-2024,137.5,CE,6.0,6.0,2.85,3.1,3.1,1795,20234.22,3688000,432000,06-MAY-2024,
OPTSTK,PNB,30-May-2024,140.0,CE,5.05,5.05,2.25,2.55,2.55,6763,77218.56,28544000,7592000,06-MAY-2024,
OPTSTK,PNB,30-May-2024,142.5,CE,4.0,4.0,1.85,2.05,2.05,1198,13869.66,3568000,-48000,06-MAY-2024,
OPTSTK,PNB,30-May-2024,145.0,CE,3.45,3.45,1.45,1.65,1.65,3824,44905.01,13552000,1648000,06-MAY-2024,
OPTSTK,PNB,30-May-2024,147.5,CE,2.55,2.55,1.2,1.35,1.35,431,5135.86,1344000,256000,06-MAY-2024,
OPTSTK,PNB,30-May-2024,148.0,CE,2.15,2.3,1.15,1.3,1.3,247,2952.74,2160000,168000,06-MAY-2024,
OPTSTK,PNB,30-May-2024,150.0,CE,2.15,2.25,0.95,1.1,1.1,5278,63817.4,17080000,2536000,06-MAY-2024,
OPTSTK,PNB,30-May-2024,152.5,CE,1.5,1.5,0.8,0.9,0.9,119,1460.32,512000,272000,06-MAY-2024,
OPTSTK,PNB,30-May-2024,155.0,CE,1.5,1.5,0.6,0.7,0.7,3492,43510.59,10984000,-1968000,06-MAY-2024,
OPTSTK,PNB,30-May-2024,160.0,CE,0.85,0.85,0.35,0.45,0.45,3143,40345.72,5984000,2376000,06-MAY-2024,
OPTSTK,PNB,30-May-2024,100.0,PE,0.1,0.3,0.1,0.25,0.25,360,2885.6,896000,-520000,06-MAY-2024,
OPTSTK,PNB,30-May-2024,105.0,PE,0.1,0.5,0.1,0.5,0.5,326,2747.1,560000,392000,06-MAY-2024,
OPTSTK,PNB,30-May-2024,110.0,PE,0.2,1.0,0.2,0.9,0.9,2227,19713.51,3832000,1816000,06-MAY-2024,
OPTSTK,PNB,30-May-2024,112.0,PE,0.4,1.25,0.4,1.25,1.25,112,1011.78,376000,232000,06-MAY-2024,
OPTSTK,PNB,30-May-2024,112.5,PE,0.4,1.3,0.4,1.25,1.25,81,735.45,384000,136000,06-MAY-2024,
OPTSTK,PNB,30-May-2024,114.0,PE,0.95,1.65,0.85,1.6,1.6,112,1032.82,520000,400000,06-MAY-2024,
OPTSTK,PNB,30-May-2024,115.0,PE,0.45,1.9,0.45,1.75,1.75,1968,18297.02,4056000,1288000,06-MAY-2024,
OPTSTK,PNB,30-May-2024,117.5,PE,0.95,2.5,0.95,2.35,2.35,197,1879.44,720000,216000,06-MAY-2024,
OPTSTK,PNB,30-May-2024,120.0,PE,0.85,3.3,0.85,3.05,3.05,3057,29931.02,9104000,872000,06-MAY-2024,
OPTSTK,PNB,30-May-2024,122.5,PE,1.25,4.2,1.25,3.9,3.9,382,3841.71,1816000,376000,06-MAY-2024,
OPTSTK,PNB,30-May-2024,125.0,PE,1.6,5.3,1.6,4.9,4.9,3510,36262.96,10224000,2576000,06-MAY-2024,
OPTSTK,PNB,30-May-2024,127.5,PE,2.05,6.5,2.05,6.1,6.1,1342,14235.93,2984000,1336000,06-MAY-2024,
OPTSTK,PNB,30-May-2024,130.0,PE,3.0,7.9,2.95,7.45,7.45,4164,45373.47,10960000,2008000,06-MAY-2024,
OPTSTK,PNB,30-May-2024,132.5,PE,3.85,9.2,3.85,8.95,8.95,397,4435.94,1704000,80000,06-MAY-2024,
OPTSTK,PNB,30-May-2024,135.0,PE,4.85,11.15,4.75,10.65,10.65,1326,15229.08,6896000,-1424000,06-MAY-2024,
OPTSTK,PNB,30-May-2024,137.5,PE,6.1,12.5,6.1,12.5,12.5,215,2534.92,1832000,-360000,06-MAY-2024,
OPTSTK,PNB,30-May-2024,140.0,PE,8.85,15.0,8.75,14.35,14.35,330,4036.37,7744000,-72000,06-MAY-2024,
OPTSTK,PNB,30-May-2024,142.5,PE,14.1,16.65,13.5,16.2,16.2,26,328.4,888000,-16000,06-MAY-2024,
OPTSTK,PNB,30-May-2024,145.0,PE,12.65,19.0,12.65,18.55,18.55,113,1462.43,1456000,0,06-MAY-2024,
OPTSTK,PNB,30-May-2024,147.5,PE,0.0,0.0,0.0,11.85,20.55,0,0.0,152000,0,06-MAY-2024,
OPTSTK,PNB,30-May-2024,148.0,PE,0.0,0.0,0.0,11.5,21.0,0,0.0,64000,0,06-MAY-2024,
OPTSTK,PNB,30-May-2024,150.0,PE,19.4,23.3,19.4,23.2,22.8,38,522.18,1136000,104000,06-MAY-2024,
OPTSTK,PNB,30-May-2024,152.5,PE,0.0,0.0,0.0,14.9,25.15,0,0.0,8000,0,06-MAY-2024,
OPTSTK,PNB,30-May-2024,155.0,PE,21.6,21.95,21.6,21.95,27.5,2,28.28,832000,16000,06-MAY-2024,
OPTSTK,PNB,30-May-2024,160.0,PE,30.75,31.9,30.75,31.9,31.9,2,30.61,480000,8000,06-MAY-2024,
OPTSTK,PNB,27-Jun-2024,110.0,CE,20.7,20.7,20.7,20.7,20.2,1,10.45,8000,8000,06-MAY-2024,
OPTSTK,PNB,27-Jun-2024,112.5,CE,0.0,0.0,0.0,26.4,18.25,0,0.0,0,0,06-MAY-2024,
OPTSTK,PNB,27-Jun-2024,115.0,CE,0.0,0.0,0.0,17.0,16.45,0,0.0,0,0,06-MAY-2024,
OPTSTK,PNB,27-Jun-2024,117.5,CE,0.0,0.0,0.0,22.4,14.75,0,0.0,0,0,06-MAY-2024,
OPTSTK,PNB,27-Jun-2024,120.0,CE,0.0,0.0,0.0,20.5,13.15,0,0.0,8000,0,06-MAY-2024,
OPTSTK,PNB,27-Jun-2024,122.5,CE,0.0,0.0,0.0,18.75,11.65,0,0.0,0,0,06-MAY-2024,
OPTSTK,PNB,27-Jun-2024,125.0,CE,13.25,13.25,11.9,12.0,12.0,10,110.06,64000,48000,06-MAY-2024,
OPTSTK,PNB,27-Jun-2024,127.5,CE,0.0,0.0,0.0,15.45,9.0,0,0.0,0,0,06-MAY-2024,
OPTSTK,PNB,27-Jun-2024,130.0,CE,11.2,11.2,9.6,9.85,9.85,54,604.76,336000,248000,06-MAY-2024,
OPTSTK,PNB,27-Jun-2024,132.5,CE,0.0,0.0,0.0,12.55,6.85,0,0.0,0,0,06-MAY-2024,
OPTSTK,PNB,27-Jun-2024,135.0,CE,8.95,8.95,7.3,7.8,7.8,31,355.38,240000,184000,06-MAY-2024,
OPTSTK,PNB,27-Jun-2024,137.5,CE,0.0,0.0,0.0,10.05,5.1,0,0.0,0,0,06-MAY-2024,
OPTSTK,PNB,27-Jun-2024,140.0,CE,8.1,8.1,6.05,6.2,6.2,186,2178.8,1168000,800000,06-MAY-2024,
OPTSTK,PNB,27-Jun-2024,142.5,CE,0.0,0.0,0.0,7.95,3.75,0,0.0,0,0,06-MAY-2024,
OPTSTK,PNB,27-Jun-2024,145.0,CE,5.75,5.75,4.35,5.0,3.2,23,275.91,200000,72000,06-MAY-2024,
OPTSTK,PNB,27-Jun-2024,147.5,CE,0.0,0.0,0.0,6.2,2.7,0,0.0,0,0,06-MAY-2024,
OPTSTK,PNB,27-Jun-2024,150.0,CE,4.6,4.8,3.65,4.0,4.0,216,2661.95,2200000,504000,06-MAY-2024,
OPTSTK,PNB,27-Jun-2024,152.5,CE,3.8,3.8,3.5,3.5,1.9,2,24.98,56000,16000,06-MAY-2024,
OPTSTK,PNB,27-Jun-2024,155.0,CE,4.5,4.5,3.0,3.1,3.1,22,278.52,280000,8000,06-MAY-2024,
OPTSTK,PNB,27-Jun-2024,160.0,CE,0.0,0.0,0.0,4.05,1.1,0,0.0,8000,0,06-MAY-2024,
OPTSTK,PNB,27-Jun-2024,110.0,PE,1.95,3.65,1.95,3.4,3.4,140,1265.82,1272000,680000,06-MAY-2024,
OPTSTK,PNB,27-Jun-2024,112.5,PE,0.0,0.0,0.0,1.6,2.5,0,0.0,0,0,06-MAY-2024,
OPTSTK,PNB,27-Jun-2024,115.0,PE,2.5,5.0,2.5,4.7,4.7,52,496.96,432000,288000,06-MAY-2024,
OPTSTK,PNB,27-Jun-2024,117.5,PE,0.0,0.0,0.0,2.5,3.9,0,0.0,0,0,06-MAY-2024,
OPTSTK,PNB,27-Jun-2024,120.0,PE,5.5,7.2,5.1,6.8,6.8,163,1639.82,1160000,744000,06-MAY-2024,
OPTSTK,PNB,27-Jun-2024,122.5,PE,0.0,0.0,0.0,3.8,5.8,0,0.0,0,0,06-MAY-2024,
OPTSTK,PNB,27-Jun-2024,125.0,PE,6.65,9.25,6.65,8.9,8.9,48,510.18,792000,208000,06-MAY-2024,
OPTSTK,PNB,27-Jun-2024,127.5,PE,0.0,0.0,0.0,5.45,8.1,0,0.0,0,0,06-MAY-2024,
OPTSTK,PNB,27-Jun-2024,130.0,PE,7.6,11.6,7.6,11.5,11.5,74,828.79,1040000,384000,06-MAY-2024,
OPTSTK,PNB,27-Jun-2024,132.5,PE,0.0,0.0,0.0,7.45,10.9,0,0.0,0,0,06-MAY-2024,
OPTSTK,PNB,27-Jun-2024,135.0,PE,11.0,11.0,11.0,11.0,12.45,1,11.68,40000,0,06-MAY-2024,
OPTSTK,PNB,27-Jun-2024,137.5,PE,0.0,0.0,0.0,9.9,14.1,0,0.0,0,0,06-MAY-2024,
OPTSTK,PNB,27-Jun-2024,140.0,PE,0.0,0.0,0.0,12.0,15.85,0,0.0,304000,0,06-MAY-2024,
OPTSTK,PNB,27-Jun-2024,142.5,PE,0.0,0.0,0.0,12.75,17.7,0,0.0,0,0,06-MAY-2024,
OPTSTK,PNB,27-Jun-2024,145.0,PE,0.0,0.0,0.0,22.75,19.6,0,0.0,0,0,06-MAY-2024,
OPTSTK,PNB,27-Jun-2024,147.5,PE,0.0,0.0,0.0,15.95,21.6,0,0.0,0,0,06-MAY-2024,
OPTSTK,PNB,27-Jun-2024,150.0,PE,0.0,0.0,0.0,19.0,23.65,0,0.0,56000,0,06-MAY-2024,
OPTSTK,PNB,27-Jun-2024,152.5,PE,0.0,0.0,0.0,19.45,25.75,0,0.0,0,0,06-MAY-2024,
OPTSTK,PNB,27-Jun-2024,155.0,PE,0.0,0.0,0.0,30.7,27.9,0,0.0,0,0,06-MAY-2024,
OPTSTK,PNB,27-Jun-2024,160.0,PE,0.0,0.0,0.0,34.95,32.35,0,0.0,0,0,06-MAY-2024,
OPTSTK,PNB,25-Jul-2024,110.0,CE,0.0,0.0,0.0,30.0,22.0,0,0.0,0,0,06-MAY-2024,
OPTSTK,PNB,25-Jul-2024,115.0,CE,0.0,0.0,0.0,26.05,18.5,0,0.0,0,0,06-MAY-2024,
OPTSTK,PNB,25-Jul-2024,120.0,CE,0.0,0.0,0.0,22.45,15.4,0,0.0,0,0,06-MAY-2024,
OPTSTK,PNB,25-Jul-2024,125.0,CE,0.0,0.0,0.0,19.15,12.65,0,0.0,0,0,06-MAY-2024,
OPTSTK,PNB,25-Jul-2024,130.0,CE,0.0,0.0,0.0,16.2,10.25,0,0.0,0,0,06-MAY-2024,
OPTSTK,PNB,25-Jul-2024,135.0,CE,0.0,0.0,0.0,13.6,8.25,0,0.0,0,0,06-MAY-2024,
OPTSTK,PNB,25-Jul-2024,140.0,CE,0.0,0.0,0.0,11.3,6.55,0,0.0,0,0,06-MAY-2024,
OPTSTK,PNB,25-Jul-2024,145.0,CE,0.0,0.0,0.0,9.3,5.15,0,0.0,0,0,06-MAY-2024,
OPTSTK,PNB,25-Jul-2024,150.0,CE,6.45,6.5,6.3,6.3,6.3,8,100.1,72000,48000,06-MAY-2024,
OPTSTK,PNB,25-Jul-2024,155.0,CE,0.0,0.0,0.0,6.15,3.1,0,0.0,0,0,06-MAY-2024,
OPTSTK,PNB,25-Jul-2024,160.0,CE,0.0,0.0,0.0,5.0,2.4,0,0.0,0,0,06-MAY-2024,
OPTSTK,PNB,25-Jul-2024,110.0,PE,0.0,0.0,0.0,2.1,3.15,0,0.0,0,0,06-MAY-2024,
OPTSTK,PNB,25-Jul-2024,115.0,PE,0.0,0.0,0.0,3.1,4.6,0,0.0,0,0,06-MAY-2024,
OPTSTK,PNB,25-Jul-2024,120.0,PE,0.0,0.0,0.0,4.4,6.4,0,0.0,0,0,06-MAY-2024,
OPTSTK,PNB,25-Jul-2024,125.0,PE,0.0,0.0,0.0,6.0,8.55,0,0.0,0,0,06-MAY-2024,
OPTSTK,PNB,25-Jul-2024,130.0,PE,0.0,0.0,0.0,7.95,11.1,0,0.0,0,0,06-MAY-2024,
OPTSTK,PNB,25-Jul-2024,135.0,PE,0.0,0.0,0.0,10.25,14.0,0,0.0,0,0,06-MAY-2024,
OPTSTK,PNB,25-Jul-2024,140.0,PE,0.0,0.0,0.0,12.3,17.25,0,0.0,16000,0,06-MAY-2024,
OPTSTK,PNB,25-Jul-2024,145.0,PE,0.0,0.0,0.0,15.8,20.75,0,0.0,0,0,06-MAY-2024,
OPTSTK,PNB,25-Jul-2024,150.0,PE,0.0,0.0,0.0,19.0,24.55,0,0.0,0,0,06-MAY-2024,
OPTSTK,PNB,25-Jul-2024,155.0,PE,0.0,0.0,0.0,22.45,28.55,0,0.0,0,0,06-MAY-2024,
OPTSTK,PNB,25-Jul-2024,160.0,PE,0.0,0.0,0.0,26.2,32.75,0,0.0,0,0,06-MAY-2024,
OPTSTK,POLYCAB,30-May-2024,4500.0,CE,0.0,0.0,0.0,1045.0,1423.6,0,0.0,1400,0,06-MAY-2024,
OPTSTK,POLYCAB,30-May-2024,4600.0,CE,0.0,0.0,0.0,1030.0,1325.25,0,0.0,200,0,06-MAY-2024,
OPTSTK,POLYCAB,30-May-2024,4800.0,CE,0.0,0.0,0.0,700.0,1131.05,0,0.0,300,0,06-MAY-2024,
OPTSTK,POLYCAB,30-May-2024,4850.0,CE,0.0,0.0,0.0,832.0,1083.25,0,0.0,100,0,06-MAY-2024,
OPTSTK,POLYCAB,30-May-2024,4900.0,CE,0.0,0.0,0.0,840.0,1035.9,0,0.0,600,0,06-MAY-2024,
OPTSTK,POLYCAB,30-May-2024,5000.0,CE,989.15,989.15,949.95,973.0,942.7,65,386.82,103100,-5800,06-MAY-2024,
OPTSTK,POLYCAB,30-May-2024,5100.0,CE,0.0,0.0,0.0,342.35,852.0,0,0.0,0,0,06-MAY-2024,
OPTSTK,POLYCAB,30-May-2024,5150.0,CE,0.0,0.0,0.0,369.95,807.75,0,0.0,0,0,06-MAY-2024,
OPTSTK,POLYCAB,30-May-2024,5200.0,CE,714.15,790.0,714.15,771.15,771.15,5,29.81,3400,-100,06-MAY-2024,
OPTSTK,POLYCAB,30-May-2024,5250.0,CE,0.0,0.0,0.0,557.0,721.9,0,0.0,500,0,06-MAY-2024,
OPTSTK,POLYCAB,30-May-2024,5300.0,CE,628.4,688.4,628.4,688.4,680.4,4,23.8,2000,-100,06-MAY-2024,
OPTSTK,POLYCAB,30-May-2024,5350.0,CE,0.0,0.0,0.0,560.05,640.0,0,0.0,1800,0,06-MAY-2024,
OPTSTK,POLYCAB,30-May-2024,5400.0,CE,614.0,623.7,599.05,599.05,599.05,15,90.11,9100,-1100,06-MAY-2024,
OPTSTK,POLYCAB,30-May-2024,5450.0,CE,0.0,0.0,0.0,412.3,562.6,0,0.0,1500,0,06-MAY-2024,
OPTSTK,POLYCAB,30-May-2024,5500.0,CE,445.0,550.0,445.0,525.1,525.1,45,270.98,28900,-700,06-MAY-2024,
OPTSTK,POLYCAB,30-May-2024,5550.0,CE,420.0,420.0,420.0,420.0,490.2,1,5.97,8600,0,06-MAY-2024,
OPTSTK,POLYCAB,30-May-2024,5600.0,CE,410.0,478.2,409.95,446.15,446.15,51,308.77,28000,-1600,06-MAY-2024,
OPTSTK,POLYCAB,30-May-2024,5650.0,CE,353.45,407.4,353.45,405.85,423.35,9,54.41,8000,-800,06-MAY-2024,
OPTSTK,POLYCAB,30-May-2024,5700.0,CE,337.65,410.05,312.0,385.2,385.2,307,1866.25,29100,-9600,06-MAY-2024,
OPTSTK,POLYCAB,30-May-2024,5750.0,CE,320.0,380.0,284.0,346.45,346.45,28,170.32,5000,-800,06-MAY-2024,
OPTSTK,POLYCAB,30-May-2024,5800.0,CE,288.45,350.0,256.3,321.75,321.75,1320,8053.23,45800,-4800,06-MAY-2024,
OPTSTK,POLYCAB,30-May-2024,5850.0,CE,250.05,323.45,234.05,292.9,292.9,759,4651.03,13800,4600,06-MAY-2024,
OPTSTK,POLYCAB,30-May-2024,5900.0,CE,228.65,297.5,210.0,267.3,267.3,1980,12219.56,39500,21100,06-MAY-2024,
OPTSTK,POLYCAB,30-May-2024,5950.0,CE,216.25,274.55,190.0,242.65,242.65,253,1566.87,7900,4300,06-MAY-2024,
OPTSTK,POLYCAB,30-May-2024,6000.0,CE,185.35,248.0,170.35,220.6,220.6,3444,21421.64,90800,7300,06-MAY-2024,
OPTSTK,POLYCAB,30-May-2024,6050.0,CE,167.65,176.7,166.6,176.7,176.7,5,31.09,3800,100,06-MAY-2024,
OPTSTK,POLYCAB,30-May-2024,6100.0,CE,147.15,205.0,138.95,181.55,181.55,610,3833.17,21700,3900,06-MAY-2024,
OPTSTK,POLYCAB,30-May-2024,6150.0,CE,138.05,176.6,134.0,175.0,176.75,13,81.98,1700,200,06-MAY-2024,
OPTSTK,POLYCAB,30-May-2024,6200.0,CE,118.8,169.85,107.85,148.0,148.0,803,5094.74,36600,1200,06-MAY-2024,
OPTSTK,POLYCAB,30-May-2024,6250.0,CE,97.25,152.0,97.25,130.5,130.5,37,236.02,1900,1400,06-MAY-2024,
OPTSTK,POLYCAB,30-May-2024,6300.0,CE,93.9,138.5,87.55,117.5,117.5,477,3058.75,32400,-6300,06-MAY-2024,
OPTSTK,POLYCAB,30-May-2024,6350.0,CE,0.0,0.0,0.0,67.95,116.65,0,0.0,0,0,06-MAY-2024,
OPTSTK,POLYCAB,30-May-2024,6400.0,CE,77.0,113.95,71.0,94.95,94.95,262,1701.17,10000,1200,06-MAY-2024,
OPTSTK,POLYCAB,30-May-2024,6500.0,CE,60.0,92.8,53.95,76.8,76.8,1437,9449.76,44100,31100,06-MAY-2024,
OPTSTK,POLYCAB,30-May-2024,4500.0,PE,5.5,8.35,4.2,7.4,7.4,69,311.0,16800,300,06-MAY-2024,
OPTSTK,POLYCAB,30-May-2024,4600.0,PE,0.0,0.0,0.0,7.9,2.7,0,0.0,7800,0,06-MAY-2024,
OPTSTK,POLYCAB,30-May-2024,4700.0,PE,10.0,10.0,10.0,10.0,10.0,5,23.55,11600,0,06-MAY-2024,
OPTSTK,POLYCAB,30-May-2024,4800.0,PE,18.0,20.0,12.0,13.65,13.65,50,240.86,13600,-1700,06-MAY-2024,
OPTSTK,POLYCAB,30-May-2024,4900.0,PE,19.0,21.95,18.25,20.1,20.1,32,157.42,8900,-1600,06-MAY-2024,
OPTSTK,POLYCAB,30-May-2024,4950.0,PE,25.2,25.2,22.6,22.6,14.85,3,14.92,6400,-200,06-MAY-2024,
OPTSTK,POLYCAB,30-May-2024,5000.0,PE,26.6,30.0,23.6,25.1,25.1,206,1035.45,58500,-6400,06-MAY-2024,
OPTSTK,POLYCAB,30-May-2024,5100.0,PE,32.0,36.6,29.05,31.65,31.65,64,328.53,8700,-4500,06-MAY-2024,
OPTSTK,POLYCAB,30-May-2024,5150.0,PE,0.0,0.0,0.0,40.0,32.65,0,0.0,2300,0,06-MAY-2024,
OPTSTK,POLYCAB,30-May-2024,5200.0,PE,38.0,45.0,36.85,39.55,39.55,96,503.17,46800,1300,06-MAY-2024,
OPTSTK,POLYCAB,30-May-2024,5250.0,PE,47.0,47.0,47.0,47.0,46.35,1,5.29,3900,0,06-MAY-2024,
OPTSTK,POLYCAB,30-May-2024,5300.0,PE,52.0,60.0,47.0,52.4,52.4,257,1375.36,27500,6300,06-MAY-2024,
OPTSTK,POLYCAB,30-May-2024,5350.0,PE,61.0,61.0,52.0,54.0,63.95,5,27.03,1200,100,06-MAY-2024,
OPTSTK,POLYCAB,30-May-2024,5400.0,PE,72.0,76.4,60.35,66.85,66.85,167,912.77,22000,-3100,06-MAY-2024,
OPTSTK,POLYCAB,30-May-2024,5450.0,PE,81.95,86.55,69.65,69.65,86.15,12,66.39,4500,-200,06-MAY-2024,
OPTSTK,POLYCAB,30-May-2024,5500.0,PE,93.3,100.75,79.3,86.7,86.7,431,2407.91,50600,3600,06-MAY-2024,
OPTSTK,POLYCAB,30-May-2024,5550.0,PE,97.5,100.5,97.5,99.5,99.5,3,16.94,8400,0,06-MAY-2024,
OPTSTK,POLYCAB,30-May-2024,5600.0,PE,121.0,131.0,102.55,110.65,110.65,263,1503.19,34000,7900,06-MAY-2024,
OPTSTK,POLYCAB,30-May-2024,5650.0,PE,135.35,146.4,119.9,127.05,127.05,31,179.13,5800,1000,06-MAY-2024,
OPTSTK,POLYCAB,30-May-2024,5700.0,PE,150.0,167.2,132.4,144.0,144.0,469,2743.21,31600,8600,06-MAY-2024,
OPTSTK,POLYCAB,30-May-2024,5750.0,PE,174.0,187.0,157.05,166.1,166.1,25,148.0,5600,0,06-MAY-2024,
OPTSTK,POLYCAB,30-May-2024,5800.0,PE,191.5,212.0,170.2,184.5,184.5,635,3804.81,29200,1000,06-MAY-2024,
OPTSTK,POLYCAB,30-May-2024,5850.0,PE,236.05,238.7,195.75,205.85,205.85,105,636.41,3700,2400,06-MAY-2024,
OPTSTK,POLYCAB,30-May-2024,5900.0,PE,246.1,257.35,216.0,229.75,229.75,241,1477.26,11800,9400,06-MAY-2024,
OPTSTK,POLYCAB,30-May-2024,5950.0,PE,255.55,258.8,246.25,254.95,254.95,40,248.01,3000,2500,06-MAY-2024,
OPTSTK,POLYCAB,30-May-2024,6000.0,PE,308.75,325.25,268.0,287.1,287.1,148,931.1,15400,4000,06-MAY-2024,
OPTSTK,POLYCAB,30-May-2024,6050.0,PE,0.0,0.0,0.0,362.2,335.3,0,0.0,1400,0,06-MAY-2024,
OPTSTK,POLYCAB,30-May-2024,6100.0,PE,349.7,355.0,331.5,355.0,355.0,16,103.04,1800,1000,06-MAY-2024,
OPTSTK,POLYCAB,30-May-2024,6150.0,PE,0.0,0.0,0.0,1102.8,397.05,0,0.0,0,0,06-MAY-2024,
OPTSTK,POLYCAB,30-May-2024,6200.0,PE,438.65,438.65,393.9,411.45,429.95,4,26.45,1400,300,06-MAY-2024,
OPTSTK,POLYCAB,30-May-2024,6250.0,PE,0.0,0.0,0.0,467.8,464.1,0,0.0,100,0,06-MAY-2024,
OPTSTK,POLYCAB,30-May-2024,6300.0,PE,0.0,0.0,0.0,654.9,499.45,0,0.0,1700,0,06-MAY-2024,
OPTSTK,POLYCAB,30-May-2024,6350.0,PE,0.0,0.0,0.0,1275.35,536.0,0,0.0,0,0,06-MAY-2024,
OPTSTK,POLYCAB,30-May-2024,6400.0,PE,0.0,0.0,0.0,1609.15,573.95,0,0.0,0,0,06-MAY-2024,
OPTSTK,POLYCAB,30-May-2024,6500.0,PE,0.0,0.0,0.0,697.0,652.15,0,0.0,700,0,06-MAY-2024,
OPTSTK,POLYCAB,27-Jun-2024,4900.0,CE,0.0,0.0,0.0,586.0,1105.25,0,0.0,0,0,06-MAY-2024,
OPTSTK,POLYCAB,27-Jun-2024,5000.0,CE,0.0,0.0,0.0,534.3,1021.35,0,0.0,0,0,06-MAY-2024,
OPTSTK,POLYCAB,27-Jun-2024,5100.0,CE,0.0,0.0,0.0,486.05,940.4,0,0.0,0,0,06-MAY-2024,
OPTSTK,POLYCAB,27-Jun-2024,5150.0,CE,0.0,0.0,0.0,731.15,901.15,0,0.0,0,0,06-MAY-2024,
OPTSTK,POLYCAB,27-Jun-2024,5200.0,CE,0.0,0.0,0.0,441.15,862.7,0,0.0,0,0,06-MAY-2024,
OPTSTK,POLYCAB,27-Jun-2024,5250.0,CE,0.0,0.0,0.0,666.35,825.1,0,0.0,0,0,06-MAY-2024,
OPTSTK,POLYCAB,27-Jun-2024,5300.0,CE,0.0,0.0,0.0,399.55,788.6,0,0.0,0,0,06-MAY-2024,
OPTSTK,POLYCAB,27-Jun-2024,5350.0,CE,0.0,0.0,0.0,605.35,752.8,0,0.0,0,0,06-MAY-2024,
OPTSTK,POLYCAB,27-Jun-2024,5400.0,CE,0.0,0.0,0.0,361.05,717.9,0,0.0,0,0,06-MAY-2024,
OPTSTK,POLYCAB,27-Jun-2024,5450.0,CE,0.0,0.0,0.0,548.15,683.8,0,0.0,0,0,06-MAY-2024,
OPTSTK,POLYCAB,27-Jun-2024,5500.0,CE,0.0,0.0,0.0,325.6,650.9,0,0.0,0,0,06-MAY-2024,
OPTSTK,POLYCAB,27-Jun-2024,5550.0,CE,0.0,0.0,0.0,494.75,619.0,0,0.0,0,0,06-MAY-2024,
OPTSTK,POLYCAB,27-Jun-2024,5600.0,CE,0.0,0.0,0.0,500.0,588.05,0,0.0,100,0,06-MAY-2024,
OPTSTK,POLYCAB,27-Jun-2024,5650.0,CE,0.0,0.0,0.0,445.15,558.2,0,0.0,0,0,06-MAY-2024,
OPTSTK,POLYCAB,27-Jun-2024,5700.0,CE,0.0,0.0,0.0,263.25,529.3,0,0.0,0,0,06-MAY-2024,
OPTSTK,POLYCAB,27-Jun-2024,5750.0,CE,0.0,0.0,0.0,399.25,501.4,0,0.0,0,0,06-MAY-2024,
OPTSTK,POLYCAB,27-Jun-2024,5800.0,CE,0.0,0.0,0.0,236.0,474.55,0,0.0,0,0,06-MAY-2024,
OPTSTK,POLYCAB,27-Jun-2024,5850.0,CE,0.0,0.0,0.0,357.05,448.75,0,0.0,0,0,06-MAY-2024,
OPTSTK,POLYCAB,27-Jun-2024,5900.0,CE,0.0,0.0,0.0,211.45,423.85,0,0.0,0,0,06-MAY-2024,
OPTSTK,POLYCAB,27-Jun-2024,5950.0,CE,0.0,0.0,0.0,318.3,400.05,0,0.0,0,0,06-MAY-2024,
OPTSTK,POLYCAB,27-Jun-2024,6000.0,CE,328.6,391.1,328.6,386.4,377.2,5,31.81,400,300,06-MAY-2024,
OPTSTK,POLYCAB,27-Jun-2024,6050.0,CE,0.0,0.0,0.0,282.9,355.3,0,0.0,0,0,06-MAY-2024,
OPTSTK,POLYCAB,27-Jun-2024,6100.0,CE,0.0,0.0,0.0,168.65,334.4,0,0.0,0,0,06-MAY-2024,
OPTSTK,POLYCAB,27-Jun-2024,6150.0,CE,0.0,0.0,0.0,250.75,314.4,0,0.0,0,0,06-MAY-2024,
OPTSTK,POLYCAB,27-Jun-2024,6200.0,CE,0.0,0.0,0.0,200.0,295.35,0,0.0,100,0,06-MAY-2024,
OPTSTK,POLYCAB,27-Jun-2024,6250.0,CE,0.0,0.0,0.0,221.6,277.2,0,0.0,0,0,06-MAY-2024,
OPTSTK,POLYCAB,27-Jun-2024,6300.0,CE,240.0,260.0,240.0,260.0,260.0,14,91.74,3800,400,06-MAY-2024,
OPTSTK,POLYCAB,27-Jun-2024,6350.0,CE,0.0,0.0,0.0,195.6,243.55,0,0.0,0,0,06-MAY-2024,
OPTSTK,POLYCAB,27-Jun-2024,6400.0,CE,193.85,240.0,193.85,240.0,227.95,7,46.34,800,500,06-MAY-2024,
OPTSTK,POLYCAB,27-Jun-2024,6500.0,CE,0.0,0.0,0.0,105.0,199.25,0,0.0,0,0,06-MAY-2024,
OPTSTK,POLYCAB,27-Jun-2024,4900.0,PE,0.0,0.0,0.0,333.4,53.4,0,0.0,0,0,06-MAY-2024,
OPTSTK,POLYCAB,27-Jun-2024,5000.0,PE,0.0,0.0,0.0,379.95,68.5,0,0.0,0,0,06-MAY-2024,
OPTSTK,POLYCAB,27-Jun-2024,5100.0,PE,0.0,0.0,0.0,429.9,86.5,0,0.0,0,0,06-MAY-2024,
OPTSTK,POLYCAB,27-Jun-2024,5150.0,PE,0.0,0.0,0.0,183.45,96.75,0,0.0,0,0,06-MAY-2024,
OPTSTK,POLYCAB,27-Jun-2024,5200.0,PE,0.0,0.0,0.0,483.2,107.75,0,0.0,0,0,06-MAY-2024,
OPTSTK,POLYCAB,27-Jun-2024,5250.0,PE,0.0,0.0,0.0,217.4,119.65,0,0.0,0,0,06-MAY-2024,
OPTSTK,POLYCAB,27-Jun-2024,5300.0,PE,0.0,0.0,0.0,539.8,132.65,0,0.0,0,0,06-MAY-2024,
OPTSTK,POLYCAB,27-Jun-2024,5350.0,PE,0.0,0.0,0.0,255.15,146.3,0,0.0,0,0,06-MAY-2024,
OPTSTK,POLYCAB,27-Jun-2024,5400.0,PE,0.0,0.0,0.0,175.0,160.9,0,0.0,100,0,06-MAY-2024,
OPTSTK,POLYCAB,27-Jun-2024,5450.0,PE,0.0,0.0,0.0,296.7,176.25,0,0.0,0,0,06-MAY-2024,
OPTSTK,POLYCAB,27-Jun-2024,5500.0,PE,0.0,0.0,0.0,662.3,192.85,0,0.0,0,0,06-MAY-2024,
OPTSTK,POLYCAB,27-Jun-2024,5550.0,PE,0.0,0.0,0.0,342.05,210.45,0,0.0,0,0,06-MAY-2024,
OPTSTK,POLYCAB,27-Jun-2024,5600.0,PE,0.0,0.0,0.0,727.95,229.0,0,0.0,0,0,06-MAY-2024,
OPTSTK,POLYCAB,27-Jun-2024,5650.0,PE,0.0,0.0,0.0,391.2,248.6,0,0.0,0,0,06-MAY-2024,
OPTSTK,POLYCAB,27-Jun-2024,5700.0,PE,0.0,0.0,0.0,796.35,269.2,0,0.0,0,0,06-MAY-2024,
OPTSTK,POLYCAB,27-Jun-2024,5750.0,PE,0.0,0.0,0.0,444.1,290.85,0,0.0,0,0,06-MAY-2024,
OPTSTK,POLYCAB,27-Jun-2024,5800.0,PE,0.0,0.0,0.0,867.35,313.45,0,0.0,0,0,06-MAY-2024,
OPTSTK,POLYCAB,27-Jun-2024,5850.0,PE,0.0,0.0,0.0,500.6,337.1,0,0.0,0,0,06-MAY-2024,
OPTSTK,POLYCAB,27-Jun-2024,5900.0,PE,0.0,0.0,0.0,941.0,361.75,0,0.0,0,0,06-MAY-2024,
OPTSTK,POLYCAB,27-Jun-2024,5950.0,PE,0.0,0.0,0.0,560.6,387.35,0,0.0,0,0,06-MAY-2024,
OPTSTK,POLYCAB,27-Jun-2024,6000.0,PE,0.0,0.0,0.0,1016.75,414.0,0,0.0,0,0,06-MAY-2024,
OPTSTK,POLYCAB,27-Jun-2024,6050.0,PE,0.0,0.0,0.0,623.95,441.6,0,0.0,0,0,06-MAY-2024,
OPTSTK,POLYCAB,27-Jun-2024,6100.0,PE,0.0,0.0,0.0,1094.65,470.2,0,0.0,0,0,06-MAY-2024,
OPTSTK,POLYCAB,27-Jun-2024,6150.0,PE,0.0,0.0,0.0,690.55,499.7,0,0.0,0,0,06-MAY-2024,
OPTSTK,POLYCAB,27-Jun-2024,6200.0,PE,0.0,0.0,0.0,1174.25,530.15,0,0.0,0,0,06-MAY-2024,
OPTSTK,POLYCAB,27-Jun-2024,6250.0,PE,0.0,0.0,0.0,760.15,561.45,0,0.0,0,0,06-MAY-2024,
OPTSTK,POLYCAB,27-Jun-2024,6300.0,PE,0.0,0.0,0.0,1255.8,593.7,0,0.0,0,0,06-MAY-2024,
OPTSTK,POLYCAB,27-Jun-2024,6350.0,PE,0.0,0.0,0.0,832.85,626.75,0,0.0,0,0,06-MAY-2024,
OPTSTK,POLYCAB,27-Jun-2024,6400.0,PE,0.0,0.0,0.0,1339.05,660.7,0,0.0,0,0,06-MAY-2024,
OPTSTK,POLYCAB,27-Jun-2024,6500.0,PE,0.0,0.0,0.0,1423.8,730.9,0,0.0,0,0,06-MAY-2024,
OPTSTK,POLYCAB,25-Jul-2024,4800.0,CE,0.0,0.0,0.0,1060.4,1257.0,0,0.0,0,0,06-MAY-2024,
OPTSTK,POLYCAB,25-Jul-2024,5000.0,CE,0.0,0.0,0.0,918.7,1098.2,0,0.0,0,0,06-MAY-2024,
OPTSTK,POLYCAB,25-Jul-2024,5100.0,CE,0.0,0.0,0.0,852.1,1022.95,0,0.0,0,0,06-MAY-2024,
OPTSTK,POLYCAB,25-Jul-2024,5200.0,CE,0.0,0.0,0.0,788.9,950.75,0,0.0,0,0,06-MAY-2024,
OPTSTK,POLYCAB,25-Jul-2024,5300.0,CE,0.0,0.0,0.0,728.9,881.4,0,0.0,0,0,06-MAY-2024,
OPTSTK,POLYCAB,25-Jul-2024,5400.0,CE,0.0,0.0,0.0,672.1,815.0,0,0.0,0,0,06-MAY-2024,
OPTSTK,POLYCAB,25-Jul-2024,5500.0,CE,0.0,0.0,0.0,618.45,752.15,0,0.0,0,0,06-MAY-2024,
OPTSTK,POLYCAB,25-Jul-2024,5600.0,CE,0.0,0.0,0.0,568.0,692.55,0,0.0,0,0,06-MAY-2024,
OPTSTK,POLYCAB,25-Jul-2024,5700.0,CE,0.0,0.0,0.0,520.65,636.2,0,0.0,0,0,06-MAY-2024,
OPTSTK,POLYCAB,25-Jul-2024,5800.0,CE,0.0,0.0,0.0,476.3,583.15,0,0.0,0,0,06-MAY-2024,
OPTSTK,POLYCAB,25-Jul-2024,5900.0,CE,0.0,0.0,0.0,435.0,533.35,0,0.0,0,0,06-MAY-2024,
OPTSTK,POLYCAB,25-Jul-2024,6000.0,CE,0.0,0.0,0.0,396.5,486.75,0,0.0,0,0,06-MAY-2024,
OPTSTK,POLYCAB,25-Jul-2024,6100.0,CE,0.0,0.0,0.0,360.8,443.3,0,0.0,0,0,06-MAY-2024,
OPTSTK,POLYCAB,25-Jul-2024,6200.0,CE,0.0,0.0,0.0,327.75,402.9,0,0.0,0,0,06-MAY-2024,
OPTSTK,POLYCAB,25-Jul-2024,6300.0,CE,0.0,0.0,0.0,297.25,365.4,0,0.0,0,0,06-MAY-2024,
OPTSTK,POLYCAB,25-Jul-2024,6400.0,CE,0.0,0.0,0.0,269.1,330.75,0,0.0,0,0,06-MAY-2024,
OPTSTK,POLYCAB,25-Jul-2024,6600.0,CE,0.0,0.0,0.0,219.9,269.4,0,0.0,0,0,06-MAY-2024,
OPTSTK,POLYCAB,25-Jul-2024,4800.0,PE,0.0,0.0,0.0,140.6,79.8,0,0.0,0,0,06-MAY-2024,
OPTSTK,POLYCAB,25-Jul-2024,5000.0,PE,0.0,0.0,0.0,195.3,117.85,0,0.0,0,0,06-MAY-2024,
OPTSTK,POLYCAB,25-Jul-2024,5100.0,PE,0.0,0.0,0.0,226.85,140.95,0,0.0,0,0,06-MAY-2024,
OPTSTK,POLYCAB,25-Jul-2024,5200.0,PE,0.0,0.0,0.0,261.9,167.2,0,0.0,0,0,06-MAY-2024,
OPTSTK,POLYCAB,25-Jul-2024,5300.0,PE,0.0,0.0,0.0,300.1,196.25,0,0.0,0,0,06-MAY-2024,
OPTSTK,POLYCAB,25-Jul-2024,5400.0,PE,0.0,0.0,0.0,341.45,228.3,0,0.0,0,0,06-MAY-2024,
OPTSTK,POLYCAB,25-Jul-2024,5500.0,PE,0.0,0.0,0.0,386.05,263.85,0,0.0,0,0,06-MAY-2024,
OPTSTK,POLYCAB,25-Jul-2024,5600.0,PE,0.0,0.0,0.0,433.75,302.65,0,0.0,0,0,06-MAY-2024,
OPTSTK,POLYCAB,25-Jul-2024,5700.0,PE,0.0,0.0,0.0,484.6,344.75,0,0.0,0,0,06-MAY-2024,
OPTSTK,POLYCAB,25-Jul-2024,5800.0,PE,0.0,0.0,0.0,538.45,390.15,0,0.0,0,0,06-MAY-2024,
OPTSTK,POLYCAB,25-Jul-2024,5900.0,PE,0.0,0.0,0.0,595.3,438.75,0,0.0,0,0,06-MAY-2024,
OPTSTK,POLYCAB,25-Jul-2024,6000.0,PE,0.0,0.0,0.0,655.05,490.55,0,0.0,0,0,06-MAY-2024,
OPTSTK,POLYCAB,25-Jul-2024,6100.0,PE,0.0,0.0,0.0,717.55,545.5,0,0.0,0,0,06-MAY-2024,
OPTSTK,POLYCAB,25-Jul-2024,6200.0,PE,0.0,0.0,0.0,782.7,603.5,0,0.0,0,0,06-MAY-2024,
OPTSTK,POLYCAB,25-Jul-2024,6300.0,PE,0.0,0.0,0.0,850.35,664.45,0,0.0,0,0,06-MAY-2024,
OPTSTK,POLYCAB,25-Jul-2024,6400.0,PE,0.0,0.0,0.0,920.45,728.2,0,0.0,0,0,06-MAY-2024,
OPTSTK,POLYCAB,25-Jul-2024,6600.0,PE,0.0,0.0,0.0,1067.65,863.75,0,0.0,0,0,06-MAY-2024,
OPTSTK,POWERGRID,30-May-2024,240.0,CE,0.0,0.0,0.0,73.0,68.0,0,0.0,21600,0,06-MAY-2024,
OPTSTK,POWERGRID,30-May-2024,250.0,CE,0.0,0.0,0.0,54.05,58.05,0,0.0,18000,0,06-MAY-2024,
OPTSTK,POWERGRID,30-May-2024,255.0,CE,0.0,0.0,0.0,37.5,53.15,0,0.0,0,0,06-MAY-2024,
OPTSTK,POWERGRID,30-May-2024,260.0,CE,50.25,50.25,50.25,50.25,48.25,3,33.5,36000,-10800,06-MAY-2024,
OPTSTK,POWERGRID,30-May-2024,265.0,CE,0.0,0.0,0.0,46.5,43.4,0,0.0,3600,0,06-MAY-2024,
OPTSTK,POWERGRID,30-May-2024,267.5,CE,0.0,0.0,0.0,29.85,41.0,0,0.0,3600,0,06-MAY-2024,
OPTSTK,POWERGRID,30-May-2024,270.0,CE,36.3,37.0,36.25,36.25,38.65,3,33.1,162000,0,06-MAY-2024,
OPTSTK,POWERGRID,30-May-2024,272.5,CE,0.0,0.0,0.0,24.8,36.3,0,0.0,14400,0,06-MAY-2024,
OPTSTK,POWERGRID,30-May-2024,275.0,CE,32.2,37.0,32.2,37.0,34.0,2,22.29,75600,-3600,06-MAY-2024,
OPTSTK,POWERGRID,30-May-2024,277.5,CE,0.0,0.0,0.0,29.25,31.75,0,0.0,57600,0,06-MAY-2024,
OPTSTK,POWERGRID,30-May-2024,280.0,CE,27.05,31.15,27.0,28.85,29.55,9,100.24,576000,3600,06-MAY-2024,
OPTSTK,POWERGRID,30-May-2024,282.5,CE,0.0,0.0,0.0,34.45,27.45,0,0.0,97200,0,06-MAY-2024,
OPTSTK,POWERGRID,30-May-2024,285.0,CE,24.4,24.4,24.4,24.4,25.35,1,11.13,180000,-3600,06-MAY-2024,
OPTSTK,POWERGRID,30-May-2024,287.5,CE,24.65,24.65,24.6,24.6,23.35,2,22.47,104400,3600,06-MAY-2024,
OPTSTK,POWERGRID,30-May-2024,290.0,CE,23.0,23.3,18.55,21.4,21.4,147,1641.66,770400,-115200,06-MAY-2024,
OPTSTK,POWERGRID,30-May-2024,292.5,CE,20.15,20.15,19.5,19.5,19.5,3,33.71,151200,-7200,06-MAY-2024,
OPTSTK,POWERGRID,30-May-2024,295.0,CE,18.2,19.3,16.0,17.85,17.8,17,191.28,309600,3600,06-MAY-2024,
OPTSTK,POWERGRID,30-May-2024,297.5,CE,13.5,13.65,13.5,13.65,16.15,2,22.39,349200,3600,06-MAY-2024,
OPTSTK,POWERGRID,30-May-2024,300.0,CE,15.25,16.0,12.0,14.4,14.4,567,6404.41,2491200,-64800,06-MAY-2024,
OPTSTK,POWERGRID,30-May-2024,302.5,CE,11.85,13.85,10.45,12.8,12.8,86,973.51,309600,-14400,06-MAY-2024,
OPTSTK,POWERGRID,30-May-2024,305.0,CE,12.25,12.9,9.2,11.4,11.4,622,7075.06,406800,79200,06-MAY-2024,
OPTSTK,POWERGRID,30-May-2024,307.5,CE,11.9,11.9,8.15,10.1,10.1,320,3654.55,320400,68400,06-MAY-2024,
OPTSTK,POWERGRID,30-May-2024,310.0,CE,10.05,10.55,7.05,8.95,8.95,2434,27928.63,2206800,187200,06-MAY-2024,
OPTSTK,POWERGRID,30-May-2024,312.5,CE,9.5,9.55,6.15,7.85,7.85,588,6777.39,432000,-10800,06-MAY-2024,
OPTSTK,POWERGRID,30-May-2024,315.0,CE,8.25,8.3,5.4,6.95,6.95,1001,11594.9,1864800,-118800,06-MAY-2024,
OPTSTK,POWERGRID,30-May-2024,317.5,CE,7.15,7.2,4.75,6.05,6.05,319,3714.28,525600,54000,06-MAY-2024,
OPTSTK,POWERGRID,30-May-2024,320.0,CE,7.1,7.1,3.95,5.3,5.3,1554,18188.47,4446000,363600,06-MAY-2024,
OPTSTK,POWERGRID,30-May-2024,322.5,CE,5.3,5.65,3.4,4.55,4.55,132,1554.03,324000,43200,06-MAY-2024,
OPTSTK,POWERGRID,30-May-2024,325.0,CE,5.0,5.0,2.9,3.95,3.95,530,6274.6,1177200,43200,06-MAY-2024,
OPTSTK,POWERGRID,30-May-2024,327.5,CE,4.4,4.4,2.55,3.4,3.4,101,1202.58,334800,54000,06-MAY-2024,
OPTSTK,POWERGRID,30-May-2024,330.0,CE,4.0,4.0,2.1,2.95,2.95,872,10448.1,5191200,-205200,06-MAY-2024,
OPTSTK,POWERGRID,30-May-2024,332.5,CE,3.15,3.15,1.9,2.5,2.5,48,578.7,424800,18000,06-MAY-2024,
OPTSTK,POWERGRID,30-May-2024,335.0,CE,2.95,2.95,1.6,2.2,2.2,314,3810.33,1378800,-97200,06-MAY-2024,
OPTSTK,POWERGRID,30-May-2024,337.5,CE,2.45,2.45,1.4,1.85,1.85,24,293.28,72000,14400,06-MAY-2024,
OPTSTK,POWERGRID,30-May-2024,340.0,CE,2.1,2.15,1.2,1.65,1.65,630,7747.32,2044800,-68400,06-MAY-2024,
OPTSTK,POWERGRID,30-May-2024,342.5,CE,1.9,1.9,1.35,1.45,1.45,32,396.37,169200,43200,06-MAY-2024,
OPTSTK,POWERGRID,30-May-2024,345.0,CE,1.5,1.5,0.9,1.2,1.2,27,336.49,183600,-18000,06-MAY-2024,
OPTSTK,POWERGRID,30-May-2024,347.5,CE,1.4,1.4,0.85,1.0,1.0,26,326.23,39600,-36000,06-MAY-2024,
OPTSTK,POWERGRID,30-May-2024,350.0,CE,1.25,1.25,0.7,0.9,0.9,143,1806.29,432000,7200,06-MAY-2024,
OPTSTK,POWERGRID,30-May-2024,352.5,CE,0.95,0.95,0.6,0.65,0.6,8,101.72,32400,7200,06-MAY-2024,
OPTSTK,POWERGRID,30-May-2024,355.0,CE,0.7,0.8,0.55,0.7,0.5,18,230.46,147600,-7200,06-MAY-2024,
OPTSTK,POWERGRID,30-May-2024,357.5,CE,0.7,0.7,0.5,0.5,0.4,14,180.46,61200,-7200,06-MAY-2024,
OPTSTK,POWERGRID,30-May-2024,360.0,CE,0.7,0.8,0.35,0.45,0.45,294,3815.45,921600,39600,06-MAY-2024,
OPTSTK,POWERGRID,30-May-2024,240.0,PE,0.1,0.15,0.1,0.1,0.1,10,86.43,241200,-14400,06-MAY-2024,
OPTSTK,POWERGRID,30-May-2024,250.0,PE,0.15,0.2,0.15,0.2,0.2,70,630.47,820800,-3600,06-MAY-2024,
OPTSTK,POWERGRID,30-May-2024,252.5,PE,0.2,0.25,0.2,0.25,0.25,6,54.58,43200,0,06-MAY-2024,
OPTSTK,POWERGRID,30-May-2024,255.0,PE,0.2,0.3,0.15,0.25,0.1,44,404.33,176400,43200,06-MAY-2024,
OPTSTK,POWERGRID,30-May-2024,257.5,PE,0.0,0.0,0.0,0.2,0.15,0,0.0,18000,0,06-MAY-2024,
OPTSTK,POWERGRID,30-May-2024,260.0,PE,0.2,0.4,0.2,0.35,0.35,56,524.77,964800,36000,06-MAY-2024,
OPTSTK,POWERGRID,30-May-2024,262.5,PE,0.25,0.4,0.25,0.35,0.25,7,66.23,46800,0,06-MAY-2024,
OPTSTK,POWERGRID,30-May-2024,265.0,PE,0.3,0.5,0.3,0.5,0.5,54,515.99,586800,-3600,06-MAY-2024,
OPTSTK,POWERGRID,30-May-2024,267.5,PE,0.55,0.55,0.55,0.55,0.4,1,9.64,75600,0,06-MAY-2024,
OPTSTK,POWERGRID,30-May-2024,270.0,PE,0.45,0.8,0.45,0.7,0.7,160,1559.17,889200,3600,06-MAY-2024,
OPTSTK,POWERGRID,30-May-2024,272.5,PE,0.6,1.0,0.6,0.8,0.8,25,245.93,50400,-10800,06-MAY-2024,
OPTSTK,POWERGRID,30-May-2024,275.0,PE,0.7,1.2,0.7,1.05,1.05,93,924.1,558000,28800,06-MAY-2024,
OPTSTK,POWERGRID,30-May-2024,277.5,PE,0.75,1.5,0.75,1.25,1.25,36,361.21,140400,-7200,06-MAY-2024,
OPTSTK,POWERGRID,30-May-2024,280.0,PE,1.3,1.9,1.1,1.55,1.55,747,7571.63,1753200,10800,06-MAY-2024,
OPTSTK,POWERGRID,30-May-2024,282.5,PE,1.35,2.15,1.3,1.85,1.85,60,614.13,104400,21600,06-MAY-2024,
OPTSTK,POWERGRID,30-May-2024,285.0,PE,1.8,2.7,1.6,2.2,2.2,162,1675.25,525600,10800,06-MAY-2024,
OPTSTK,POWERGRID,30-May-2024,287.5,PE,2.0,3.25,1.95,2.65,2.65,62,647.5,262800,3600,06-MAY-2024,
OPTSTK,POWERGRID,30-May-2024,290.0,PE,2.4,3.9,2.3,3.2,3.2,756,7981.5,1634400,446400,06-MAY-2024,
OPTSTK,POWERGRID,30-May-2024,292.5,PE,2.85,4.55,2.85,3.8,3.8,116,1237.42,306000,-3600,06-MAY-2024,
OPTSTK,POWERGRID,30-May-2024,295.0,PE,3.4,5.3,3.35,4.4,4.4,322,3472.39,655200,-43200,06-MAY-2024,
OPTSTK,POWERGRID,30-May-2024,297.5,PE,4.0,6.2,4.0,5.25,5.25,169,1841.9,302400,-18000,06-MAY-2024,
OPTSTK,POWERGRID,30-May-2024,300.0,PE,4.7,7.2,4.45,6.05,6.05,1675,18457.46,3153600,849600,06-MAY-2024,
OPTSTK,POWERGRID,30-May-2024,302.5,PE,5.55,8.25,5.5,7.05,7.05,272,3032.48,154800,-118800,06-MAY-2024,
OPTSTK,POWERGRID,30-May-2024,305.0,PE,6.35,9.55,6.35,8.05,8.05,820,9245.18,478800,10800,06-MAY-2024,
OPTSTK,POWERGRID,30-May-2024,307.5,PE,7.7,10.8,7.35,9.35,9.35,367,4185.86,223200,10800,06-MAY-2024,
OPTSTK,POWERGRID,30-May-2024,310.0,PE,8.8,12.4,8.7,10.6,10.6,961,11085.4,1166400,187200,06-MAY-2024,
OPTSTK,POWERGRID,30-May-2024,312.5,PE,9.85,13.8,9.85,12.0,12.0,191,2229.05,162000,-144000,06-MAY-2024,
OPTSTK,POWERGRID,30-May-2024,315.0,PE,11.5,15.55,11.3,13.45,13.45,300,3544.38,612000,-352800,06-MAY-2024,
OPTSTK,POWERGRID,30-May-2024,317.5,PE,12.9,16.95,12.9,15.2,15.2,29,347.05,169200,-10800,06-MAY-2024,
OPTSTK,POWERGRID,30-May-2024,320.0,PE,15.0,18.8,14.25,16.85,16.85,40,484.3,504000,-10800,06-MAY-2024,
OPTSTK,POWERGRID,30-May-2024,322.5,PE,19.45,21.1,17.45,18.2,18.85,12,147.57,104400,-14400,06-MAY-2024,
OPTSTK,POWERGRID,30-May-2024,325.0,PE,18.85,22.7,18.85,21.35,21.35,16,199.19,115200,-3600,06-MAY-2024,
OPTSTK,POWERGRID,30-May-2024,327.5,PE,20.7,24.8,20.7,21.5,22.6,9,113.74,54000,-3600,06-MAY-2024,
OPTSTK,POWERGRID,30-May-2024,330.0,PE,23.0,26.5,23.0,24.5,24.5,11,140.38,54000,-7200,06-MAY-2024,
OPTSTK,POWERGRID,30-May-2024,332.5,PE,25.4,29.15,25.4,28.6,26.65,4,51.78,25200,-3600,06-MAY-2024,
OPTSTK,POWERGRID,30-May-2024,335.0,PE,0.0,0.0,0.0,24.55,28.75,0,0.0,18000,0,06-MAY-2024,
OPTSTK,POWERGRID,30-May-2024,337.5,PE,0.0,0.0,0.0,26.7,30.9,0,0.0,39600,0,06-MAY-2024,
OPTSTK,POWERGRID,30-May-2024,340.0,PE,0.0,0.0,0.0,25.5,33.1,0,0.0,7200,0,06-MAY-2024,
OPTSTK,POWERGRID,30-May-2024,342.5,PE,35.25,35.25,35.25,35.25,35.35,1,13.59,7200,-3600,06-MAY-2024,
OPTSTK,POWERGRID,30-May-2024,345.0,PE,35.55,35.55,35.55,35.55,37.6,1,13.69,3600,0,06-MAY-2024,
OPTSTK,POWERGRID,30-May-2024,347.5,PE,38.0,38.0,38.0,38.0,39.9,4,55.51,25200,14400,06-MAY-2024,
OPTSTK,POWERGRID,30-May-2024,350.0,PE,0.0,0.0,0.0,36.75,42.25,0,0.0,3600,0,06-MAY-2024,
OPTSTK,POWERGRID,30-May-2024,352.5,PE,0.0,0.0,0.0,39.05,44.6,0,0.0,0,0,06-MAY-2024,
OPTSTK,POWERGRID,30-May-2024,355.0,PE,0.0,0.0,0.0,67.7,47.0,0,0.0,0,0,06-MAY-2024,
OPTSTK,POWERGRID,30-May-2024,357.5,PE,0.0,0.0,0.0,76.75,49.4,0,0.0,0,0,06-MAY-2024,
OPTSTK,POWERGRID,30-May-2024,360.0,PE,0.0,0.0,0.0,72.25,51.8,0,0.0,0,0,06-MAY-2024,
OPTSTK,POWERGRID,27-Jun-2024,250.0,CE,0.0,0.0,0.0,36.75,59.95,0,0.0,0,0,06-MAY-2024,
OPTSTK,POWERGRID,27-Jun-2024,255.0,CE,0.0,0.0,0.0,33.15,55.25,0,0.0,0,0,06-MAY-2024,
OPTSTK,POWERGRID,27-Jun-2024,260.0,CE,0.0,0.0,0.0,29.75,50.65,0,0.0,0,0,06-MAY-2024,
OPTSTK,POWERGRID,27-Jun-2024,265.0,CE,0.0,0.0,0.0,26.6,46.15,0,0.0,0,0,06-MAY-2024,
OPTSTK,POWERGRID,27-Jun-2024,267.5,CE,0.0,0.0,0.0,33.6,43.95,0,0.0,0,0,06-MAY-2024,
OPTSTK,POWERGRID,27-Jun-2024,270.0,CE,0.0,0.0,0.0,23.65,41.8,0,0.0,0,0,06-MAY-2024,
OPTSTK,POWERGRID,27-Jun-2024,272.5,CE,0.0,0.0,0.0,29.95,39.7,0,0.0,0,0,06-MAY-2024,
OPTSTK,POWERGRID,27-Jun-2024,275.0,CE,0.0,0.0,0.0,20.95,37.65,0,0.0,0,0,06-MAY-2024,
OPTSTK,POWERGRID,27-Jun-2024,277.5,CE,0.0,0.0,0.0,26.5,35.6,0,0.0,0,0,06-MAY-2024,
OPTSTK,POWERGRID,27-Jun-2024,280.0,CE,0.0,0.0,0.0,18.45,33.65,0,0.0,0,0,06-MAY-2024,
OPTSTK,POWERGRID,27-Jun-2024,282.5,CE,0.0,0.0,0.0,23.3,31.75,0,0.0,0,0,06-MAY-2024,
OPTSTK,POWERGRID,27-Jun-2024,285.0,CE,0.0,0.0,0.0,16.15,29.9,0,0.0,0,0,06-MAY-2024,
OPTSTK,POWERGRID,27-Jun-2024,287.5,CE,0.0,0.0,0.0,20.35,28.1,0,0.0,0,0,06-MAY-2024,
OPTSTK,POWERGRID,27-Jun-2024,290.0,CE,0.0,0.0,0.0,14.1,26.35,0,0.0,0,0,06-MAY-2024,
OPTSTK,POWERGRID,27-Jun-2024,292.5,CE,0.0,0.0,0.0,30.3,24.65,0,0.0,3600,0,06-MAY-2024,
OPTSTK,POWERGRID,27-Jun-2024,295.0,CE,0.0,0.0,0.0,12.25,23.05,0,0.0,0,0,06-MAY-2024,
OPTSTK,POWERGRID,27-Jun-2024,297.5,CE,0.0,0.0,0.0,15.2,21.5,0,0.0,0,0,06-MAY-2024,
OPTSTK,POWERGRID,27-Jun-2024,300.0,CE,23.15,24.1,22.5,24.1,24.1,3,34.91,61200,7200,06-MAY-2024,
OPTSTK,POWERGRID,27-Jun-2024,302.5,CE,0.0,0.0,0.0,13.0,18.6,0,0.0,0,0,06-MAY-2024,
OPTSTK,POWERGRID,27-Jun-2024,305.0,CE,0.0,0.0,0.0,9.1,17.25,0,0.0,0,0,06-MAY-2024,
OPTSTK,POWERGRID,27-Jun-2024,307.5,CE,0.0,0.0,0.0,11.05,16.0,0,0.0,0,0,06-MAY-2024,
OPTSTK,POWERGRID,27-Jun-2024,310.0,CE,16.0,18.6,16.0,18.2,18.2,35,413.22,115200,104400,06-MAY-2024,
OPTSTK,POWERGRID,27-Jun-2024,312.5,CE,0.0,0.0,0.0,9.35,13.6,0,0.0,0,0,06-MAY-2024,
OPTSTK,POWERGRID,27-Jun-2024,315.0,CE,0.0,0.0,0.0,18.0,12.55,0,0.0,21600,0,06-MAY-2024,
OPTSTK,POWERGRID,27-Jun-2024,317.5,CE,0.0,0.0,0.0,7.85,11.5,0,0.0,0,0,06-MAY-2024,
OPTSTK,POWERGRID,27-Jun-2024,320.0,CE,13.8,14.25,13.0,13.55,13.55,17,204.09,230400,-3600,06-MAY-2024,
OPTSTK,POWERGRID,27-Jun-2024,322.5,CE,0.0,0.0,0.0,6.55,9.65,0,0.0,0,0,06-MAY-2024,
OPTSTK,POWERGRID,27-Jun-2024,325.0,CE,0.0,0.0,0.0,4.8,8.85,0,0.0,0,0,06-MAY-2024,
OPTSTK,POWERGRID,27-Jun-2024,327.5,CE,0.0,0.0,0.0,5.4,8.05,0,0.0,0,0,06-MAY-2024,
OPTSTK,POWERGRID,27-Jun-2024,330.0,CE,10.35,10.8,9.5,10.6,10.6,14,171.56,208800,3600,06-MAY-2024,
OPTSTK,POWERGRID,27-Jun-2024,332.5,CE,0.0,0.0,0.0,4.45,6.65,0,0.0,0,0,06-MAY-2024,
OPTSTK,POWERGRID,27-Jun-2024,335.0,CE,0.0,0.0,0.0,3.4,6.05,0,0.0,0,0,06-MAY-2024,
OPTSTK,POWERGRID,27-Jun-2024,337.5,CE,0.0,0.0,0.0,3.65,5.5,0,0.0,0,0,06-MAY-2024,
OPTSTK,POWERGRID,27-Jun-2024,340.0,CE,7.0,8.5,7.0,8.05,8.05,15,187.58,252000,10800,06-MAY-2024,
OPTSTK,POWERGRID,27-Jun-2024,342.5,CE,0.0,0.0,0.0,2.95,4.45,0,0.0,0,0,06-MAY-2024,
OPTSTK,POWERGRID,27-Jun-2024,345.0,CE,0.0,0.0,0.0,2.35,4.05,0,0.0,0,0,06-MAY-2024,
OPTSTK,POWERGRID,27-Jun-2024,347.5,CE,0.0,0.0,0.0,2.4,3.6,0,0.0,0,0,06-MAY-2024,
OPTSTK,POWERGRID,27-Jun-2024,350.0,CE,0.0,0.0,0.0,1.95,3.25,0,0.0,0,0,06-MAY-2024,
OPTSTK,POWERGRID,27-Jun-2024,352.5,CE,0.0,0.0,0.0,1.95,2.9,0,0.0,0,0,06-MAY-2024,
OPTSTK,POWERGRID,27-Jun-2024,355.0,CE,0.0,0.0,0.0,1.9,2.6,0,0.0,0,0,06-MAY-2024,
OPTSTK,POWERGRID,27-Jun-2024,357.5,CE,0.0,0.0,0.0,1.55,2.35,0,0.0,0,0,06-MAY-2024,
OPTSTK,POWERGRID,27-Jun-2024,360.0,CE,0.0,0.0,0.0,1.35,2.1,0,0.0,0,0,06-MAY-2024,
OPTSTK,POWERGRID,27-Jun-2024,250.0,PE,1.25,1.5,1.25,1.45,1.45,7,63.34,25200,-3600,06-MAY-2024,
OPTSTK,POWERGRID,27-Jun-2024,255.0,PE,0.0,0.0,0.0,6.7,0.75,0,0.0,0,0,06-MAY-2024,
OPTSTK,POWERGRID,27-Jun-2024,260.0,PE,0.0,0.0,0.0,1.6,1.1,0,0.0,104400,0,06-MAY-2024,
OPTSTK,POWERGRID,27-Jun-2024,265.0,PE,0.0,0.0,0.0,9.95,1.55,0,0.0,0,0,06-MAY-2024,
OPTSTK,POWERGRID,27-Jun-2024,267.5,PE,0.0,0.0,0.0,4.45,1.85,0,0.0,0,0,06-MAY-2024,
OPTSTK,POWERGRID,27-Jun-2024,270.0,PE,2.75,3.7,2.75,3.7,2.15,2,19.67,43200,7200,06-MAY-2024,
OPTSTK,POWERGRID,27-Jun-2024,272.5,PE,0.0,0.0,0.0,5.75,2.55,0,0.0,0,0,06-MAY-2024,
OPTSTK,POWERGRID,27-Jun-2024,275.0,PE,0.0,0.0,0.0,3.5,2.95,0,0.0,46800,0,06-MAY-2024,
OPTSTK,POWERGRID,27-Jun-2024,277.5,PE,0.0,0.0,0.0,7.2,3.4,0,0.0,0,0,06-MAY-2024,
OPTSTK,POWERGRID,27-Jun-2024,280.0,PE,4.8,6.4,4.8,6.15,6.15,20,205.86,205200,43200,06-MAY-2024,
OPTSTK,POWERGRID,27-Jun-2024,282.5,PE,0.0,0.0,0.0,8.95,4.45,0,0.0,0,0,06-MAY-2024,
OPTSTK,POWERGRID,27-Jun-2024,285.0,PE,0.0,0.0,0.0,19.2,5.1,0,0.0,0,0,06-MAY-2024,
OPTSTK,POWERGRID,27-Jun-2024,287.5,PE,0.0,0.0,0.0,10.95,5.75,0,0.0,0,0,06-MAY-2024,
OPTSTK,POWERGRID,27-Jun-2024,290.0,PE,7.5,8.55,7.5,8.55,6.5,7,75.16,252000,10800,06-MAY-2024,
OPTSTK,POWERGRID,27-Jun-2024,292.5,PE,0.0,0.0,0.0,13.15,7.3,0,0.0,0,0,06-MAY-2024,
OPTSTK,POWERGRID,27-Jun-2024,295.0,PE,0.0,0.0,0.0,4.75,8.15,0,0.0,3600,0,06-MAY-2024,
OPTSTK,POWERGRID,27-Jun-2024,297.5,PE,0.0,0.0,0.0,15.65,9.1,0,0.0,0,0,06-MAY-2024,
OPTSTK,POWERGRID,27-Jun-2024,300.0,PE,12.05,12.3,11.2,12.3,10.1,7,78.59,190800,3600,06-MAY-2024,
OPTSTK,POWERGRID,27-Jun-2024,302.5,PE,0.0,0.0,0.0,18.4,11.15,0,0.0,0,0,06-MAY-2024,
OPTSTK,POWERGRID,27-Jun-2024,305.0,PE,0.0,0.0,0.0,31.75,12.25,0,0.0,0,0,06-MAY-2024,
OPTSTK,POWERGRID,27-Jun-2024,307.5,PE,0.0,0.0,0.0,21.4,13.45,0,0.0,0,0,06-MAY-2024,
OPTSTK,POWERGRID,27-Jun-2024,310.0,PE,0.0,0.0,0.0,14.95,14.7,0,0.0,43200,0,06-MAY-2024,
OPTSTK,POWERGRID,27-Jun-2024,312.5,PE,0.0,0.0,0.0,24.6,16.05,0,0.0,0,0,06-MAY-2024,
OPTSTK,POWERGRID,27-Jun-2024,315.0,PE,0.0,0.0,0.0,39.15,17.45,0,0.0,0,0,06-MAY-2024,
OPTSTK,POWERGRID,27-Jun-2024,317.5,PE,0.0,0.0,0.0,28.05,18.9,0,0.0,0,0,06-MAY-2024,
OPTSTK,POWERGRID,27-Jun-2024,320.0,PE,22.2,22.2,22.2,22.2,20.4,1,12.31,21600,0,06-MAY-2024,
OPTSTK,POWERGRID,27-Jun-2024,322.5,PE,0.0,0.0,0.0,31.7,22.0,0,0.0,0,0,06-MAY-2024,
OPTSTK,POWERGRID,27-Jun-2024,325.0,PE,0.0,0.0,0.0,47.1,23.65,0,0.0,0,0,06-MAY-2024,
OPTSTK,POWERGRID,27-Jun-2024,327.5,PE,0.0,0.0,0.0,35.5,25.35,0,0.0,0,0,06-MAY-2024,
OPTSTK,POWERGRID,27-Jun-2024,330.0,PE,0.0,0.0,0.0,51.25,27.1,0,0.0,0,0,06-MAY-2024,
OPTSTK,POWERGRID,27-Jun-2024,332.5,PE,0.0,0.0,0.0,39.5,28.9,0,0.0,0,0,06-MAY-2024,
OPTSTK,POWERGRID,27-Jun-2024,335.0,PE,0.0,0.0,0.0,55.5,30.75,0,0.0,0,0,06-MAY-2024,
OPTSTK,POWERGRID,27-Jun-2024,337.5,PE,0.0,0.0,0.0,43.6,32.65,0,0.0,0,0,06-MAY-2024,
OPTSTK,POWERGRID,27-Jun-2024,340.0,PE,0.0,0.0,0.0,59.85,34.6,0,0.0,0,0,06-MAY-2024,
OPTSTK,POWERGRID,27-Jun-2024,342.5,PE,0.0,0.0,0.0,47.9,36.6,0,0.0,0,0,06-MAY-2024,
OPTSTK,POWERGRID,27-Jun-2024,345.0,PE,0.0,0.0,0.0,64.3,38.6,0,0.0,0,0,06-MAY-2024,
OPTSTK,POWERGRID,27-Jun-2024,347.5,PE,0.0,0.0,0.0,52.25,40.7,0,0.0,0,0,06-MAY-2024,
OPTSTK,POWERGRID,27-Jun-2024,350.0,PE,0.0,0.0,0.0,68.8,42.8,0,0.0,0,0,06-MAY-2024,
OPTSTK,POWERGRID,27-Jun-2024,352.5,PE,0.0,0.0,0.0,56.7,44.95,0,0.0,0,0,06-MAY-2024,
OPTSTK,POWERGRID,27-Jun-2024,355.0,PE,0.0,0.0,0.0,70.5,47.1,0,0.0,0,0,06-MAY-2024,
OPTSTK,POWERGRID,27-Jun-2024,357.5,PE,0.0,0.0,0.0,61.25,49.3,0,0.0,0,0,06-MAY-2024,
OPTSTK,POWERGRID,27-Jun-2024,360.0,PE,0.0,0.0,0.0,78.0,51.5,0,0.0,0,0,06-MAY-2024,
OPTSTK,POWERGRID,25-Jul-2024,250.0,CE,0.0,0.0,0.0,50.6,62.1,0,0.0,0,0,06-MAY-2024,
OPTSTK,POWERGRID,25-Jul-2024,260.0,CE,0.0,0.0,0.0,42.55,53.25,0,0.0,0,0,06-MAY-2024,
OPTSTK,POWERGRID,25-Jul-2024,265.0,CE,0.0,0.0,0.0,38.8,49.05,0,0.0,0,0,06-MAY-2024,
OPTSTK,POWERGRID,25-Jul-2024,270.0,CE,0.0,0.0,0.0,35.2,44.95,0,0.0,0,0,06-MAY-2024,
OPTSTK,POWERGRID,25-Jul-2024,275.0,CE,0.0,0.0,0.0,31.8,41.05,0,0.0,0,0,06-MAY-2024,
OPTSTK,POWERGRID,25-Jul-2024,280.0,CE,0.0,0.0,0.0,28.6,37.3,0,0.0,0,0,06-MAY-2024,
OPTSTK,POWERGRID,25-Jul-2024,285.0,CE,0.0,0.0,0.0,25.6,33.75,0,0.0,0,0,06-MAY-2024,
OPTSTK,POWERGRID,25-Jul-2024,290.0,CE,0.0,0.0,0.0,22.85,30.4,0,0.0,0,0,06-MAY-2024,
OPTSTK,POWERGRID,25-Jul-2024,295.0,CE,0.0,0.0,0.0,20.3,27.25,0,0.0,0,0,06-MAY-2024,
OPTSTK,POWERGRID,25-Jul-2024,300.0,CE,0.0,0.0,0.0,17.95,24.3,0,0.0,0,0,06-MAY-2024,
OPTSTK,POWERGRID,25-Jul-2024,305.0,CE,0.0,0.0,0.0,15.8,21.6,0,0.0,0,0,06-MAY-2024,
OPTSTK,POWERGRID,25-Jul-2024,310.0,CE,0.0,0.0,0.0,13.85,19.1,0,0.0,0,0,06-MAY-2024,
OPTSTK,POWERGRID,25-Jul-2024,315.0,CE,0.0,0.0,0.0,12.1,16.85,0,0.0,0,0,06-MAY-2024,
OPTSTK,POWERGRID,25-Jul-2024,320.0,CE,0.0,0.0,0.0,10.5,14.75,0,0.0,0,0,06-MAY-2024,
OPTSTK,POWERGRID,25-Jul-2024,325.0,CE,0.0,0.0,0.0,9.1,12.85,0,0.0,0,0,06-MAY-2024,
OPTSTK,POWERGRID,25-Jul-2024,330.0,CE,0.0,0.0,0.0,7.85,11.2,0,0.0,0,0,06-MAY-2024,
OPTSTK,POWERGRID,25-Jul-2024,335.0,CE,0.0,0.0,0.0,6.75,9.7,0,0.0,0,0,06-MAY-2024,
OPTSTK,POWERGRID,25-Jul-2024,340.0,CE,0.0,0.0,0.0,9.9,8.35,0,0.0,3600,0,06-MAY-2024,
OPTSTK,POWERGRID,25-Jul-2024,345.0,CE,0.0,0.0,0.0,4.95,7.15,0,0.0,0,0,06-MAY-2024,
OPTSTK,POWERGRID,25-Jul-2024,350.0,CE,0.0,0.0,0.0,4.2,6.1,0,0.0,0,0,06-MAY-2024,
OPTSTK,POWERGRID,25-Jul-2024,355.0,CE,0.0,0.0,0.0,3.55,5.2,0,0.0,0,0,06-MAY-2024,
OPTSTK,POWERGRID,25-Jul-2024,360.0,CE,0.0,0.0,0.0,3.0,4.4,0,0.0,0,0,06-MAY-2024,
OPTSTK,POWERGRID,25-Jul-2024,250.0,PE,0.0,0.0,0.0,2.8,1.3,0,0.0,0,0,06-MAY-2024,
OPTSTK,POWERGRID,25-Jul-2024,260.0,PE,2.9,3.8,2.9,3.4,3.4,4,37.92,46800,0,06-MAY-2024,
OPTSTK,POWERGRID,25-Jul-2024,265.0,PE,0.0,0.0,0.0,5.7,3.0,0,0.0,0,0,06-MAY-2024,
OPTSTK,POWERGRID,25-Jul-2024,270.0,PE,0.0,0.0,0.0,7.0,3.85,0,0.0,0,0,06-MAY-2024,
OPTSTK,POWERGRID,25-Jul-2024,275.0,PE,0.0,0.0,0.0,8.5,4.85,0,0.0,0,0,06-MAY-2024,
OPTSTK,POWERGRID,25-Jul-2024,280.0,PE,0.0,0.0,0.0,10.25,6.0,0,0.0,0,0,06-MAY-2024,
OPTSTK,POWERGRID,25-Jul-2024,285.0,PE,0.0,0.0,0.0,12.15,7.4,0,0.0,0,0,06-MAY-2024,
OPTSTK,POWERGRID,25-Jul-2024,290.0,PE,0.0,0.0,0.0,14.3,8.95,0,0.0,0,0,06-MAY-2024,
OPTSTK,POWERGRID,25-Jul-2024,295.0,PE,0.0,0.0,0.0,16.65,10.75,0,0.0,0,0,06-MAY-2024,
OPTSTK,POWERGRID,25-Jul-2024,300.0,PE,0.0,0.0,0.0,19.2,12.75,0,0.0,0,0,06-MAY-2024,
OPTSTK,POWERGRID,25-Jul-2024,305.0,PE,0.0,0.0,0.0,21.95,14.95,0,0.0,0,0,06-MAY-2024,
OPTSTK,POWERGRID,25-Jul-2024,310.0,PE,0.0,0.0,0.0,24.95,17.35,0,0.0,0,0,06-MAY-2024,
OPTSTK,POWERGRID,25-Jul-2024,315.0,PE,0.0,0.0,0.0,28.1,20.0,0,0.0,0,0,06-MAY-2024,
OPTSTK,POWERGRID,25-Jul-2024,320.0,PE,0.0,0.0,0.0,31.4,22.85,0,0.0,0,0,06-MAY-2024,
OPTSTK,POWERGRID,25-Jul-2024,325.0,PE,0.0,0.0,0.0,34.95,25.9,0,0.0,0,0,06-MAY-2024,
OPTSTK,POWERGRID,25-Jul-2024,330.0,PE,0.0,0.0,0.0,38.6,29.1,0,0.0,0,0,06-MAY-2024,
OPTSTK,POWERGRID,25-Jul-2024,335.0,PE,0.0,0.0,0.0,42.4,32.55,0,0.0,0,0,06-MAY-2024,
OPTSTK,POWERGRID,25-Jul-2024,340.0,PE,0.0,0.0,0.0,46.35,36.1,0,0.0,0,0,06-MAY-2024,
OPTSTK,POWERGRID,25-Jul-2024,345.0,PE,0.0,0.0,0.0,50.4,39.85,0,0.0,0,0,06-MAY-2024,
OPTSTK,POWERGRID,25-Jul-2024,350.0,PE,0.0,0.0,0.0,54.6,43.75,0,0.0,0,0,06-MAY-2024,
OPTSTK,POWERGRID,25-Jul-2024,355.0,PE,0.0,0.0,0.0,58.85,47.75,0,0.0,0,0,06-MAY-2024,
OPTSTK,POWERGRID,25-Jul-2024,360.0,PE,0.0,0.0,0.0,63.2,51.9,0,0.0,0,0,06-MAY-2024,
OPTSTK,PVRINOX,30-May-2024,1120.0,CE,0.0,0.0,0.0,279.9,206.5,0,0.0,0,0,06-MAY-2024,
OPTSTK,PVRINOX,30-May-2024,1160.0,CE,0.0,0.0,0.0,245.6,168.25,0,0.0,0,0,06-MAY-2024,
OPTSTK,PVRINOX,30-May-2024,1180.0,CE,0.0,0.0,0.0,175.65,149.75,0,0.0,0,0,06-MAY-2024,
OPTSTK,PVRINOX,30-May-2024,1200.0,CE,128.65,128.65,118.9,128.0,131.9,5,26.93,1221,407,06-MAY-2024,
OPTSTK,PVRINOX,30-May-2024,1220.0,CE,105.85,105.85,105.85,105.85,114.85,1,5.39,814,407,06-MAY-2024,
OPTSTK,PVRINOX,30-May-2024,1240.0,CE,101.75,101.75,101.75,101.75,101.75,1,5.46,2035,-407,06-MAY-2024,
OPTSTK,PVRINOX,30-May-2024,1260.0,CE,74.05,86.25,70.0,85.7,85.7,118,642.74,6512,4884,06-MAY-2024,
OPTSTK,PVRINOX,30-May-2024,1280.0,CE,64.1,72.35,61.9,72.35,72.35,9,49.4,2442,1628,06-MAY-2024,
OPTSTK,PVRINOX,30-May-2024,1300.0,CE,56.45,60.6,46.55,59.45,59.45,613,3375.01,121693,39072,06-MAY-2024,
OPTSTK,PVRINOX,30-May-2024,1320.0,CE,51.5,51.5,37.55,48.9,48.9,313,1737.91,44770,25234,06-MAY-2024,
OPTSTK,PVRINOX,30-May-2024,1340.0,CE,41.05,42.2,30.0,39.7,39.7,352,1970.83,99715,30932,06-MAY-2024,
OPTSTK,PVRINOX,30-May-2024,1360.0,CE,32.0,33.4,23.95,32.1,32.1,201,1135.38,85877,8140,06-MAY-2024,
OPTSTK,PVRINOX,30-May-2024,1380.0,CE,22.5,26.55,19.15,25.5,25.5,181,1032.61,69597,-3256,06-MAY-2024,
OPTSTK,PVRINOX,30-May-2024,1400.0,CE,23.0,23.0,14.4,20.6,20.6,665,3837.82,413919,17501,06-MAY-2024,
OPTSTK,PVRINOX,30-May-2024,1420.0,CE,14.0,17.05,12.2,16.3,16.3,144,840.12,100936,3256,06-MAY-2024,
OPTSTK,PVRINOX,30-May-2024,1440.0,CE,13.35,13.35,9.5,12.8,12.8,254,1500.02,194139,20757,06-MAY-2024,
OPTSTK,PVRINOX,30-May-2024,1460.0,CE,10.15,10.85,7.5,10.6,10.6,187,1117.69,109890,-7326,06-MAY-2024,
OPTSTK,PVRINOX,30-May-2024,1480.0,CE,8.25,8.45,6.1,8.25,8.25,67,405.45,52503,5291,06-MAY-2024,
OPTSTK,PVRINOX,30-May-2024,1500.0,CE,6.95,6.95,4.9,6.5,6.5,332,2034.53,447700,3663,06-MAY-2024,
OPTSTK,PVRINOX,30-May-2024,1520.0,CE,4.05,5.05,4.05,5.05,5.05,25,155.1,28083,4477,06-MAY-2024,
OPTSTK,PVRINOX,30-May-2024,1540.0,CE,3.75,4.25,3.0,4.2,4.2,50,314.08,24827,-814,06-MAY-2024,
OPTSTK,PVRINOX,30-May-2024,1560.0,CE,2.6,3.3,2.5,3.15,3.15,55,349.84,48840,2849,06-MAY-2024,
OPTSTK,PVRINOX,30-May-2024,1580.0,CE,0.0,0.0,0.0,4.6,0.8,0,0.0,11803,0,06-MAY-2024,
OPTSTK,PVRINOX,30-May-2024,1600.0,CE,2.25,2.45,1.65,1.9,1.9,153,997.47,122914,-4884,06-MAY-2024,
OPTSTK,PVRINOX,30-May-2024,1640.0,CE,1.3,1.3,0.75,1.0,1.0,69,460.81,177859,-814,06-MAY-2024,
OPTSTK,PVRINOX,30-May-2024,1120.0,PE,0.0,0.0,0.0,8.55,0.8,0,0.0,0,0,06-MAY-2024,
OPTSTK,PVRINOX,30-May-2024,1160.0,PE,5.0,5.6,4.0,4.2,4.2,59,279.67,13024,12617,06-MAY-2024,
OPTSTK,PVRINOX,30-May-2024,1180.0,PE,0.0,0.0,0.0,15.0,3.75,0,0.0,0,0,06-MAY-2024,
OPTSTK,PVRINOX,30-May-2024,1200.0,PE,6.45,10.5,6.45,7.7,7.7,478,2352.25,105413,-5698,06-MAY-2024,
OPTSTK,PVRINOX,30-May-2024,1220.0,PE,10.3,14.0,10.2,10.5,10.5,91,456.24,17094,4477,06-MAY-2024,
OPTSTK,PVRINOX,30-May-2024,1240.0,PE,13.5,18.6,13.5,14.05,14.05,165,843.72,49654,-2035,06-MAY-2024,
OPTSTK,PVRINOX,30-May-2024,1260.0,PE,17.8,24.9,17.65,18.85,18.85,486,2536.6,105006,14245,06-MAY-2024,
OPTSTK,PVRINOX,30-May-2024,1280.0,PE,23.95,32.85,23.95,24.6,24.6,248,1321.59,63492,10989,06-MAY-2024,
OPTSTK,PVRINOX,30-May-2024,1300.0,PE,33.05,41.85,30.6,32.35,32.35,698,3798.76,368742,29711,06-MAY-2024,
OPTSTK,PVRINOX,30-May-2024,1320.0,PE,42.95,52.0,40.6,41.15,41.15,94,523.12,49654,-7326,06-MAY-2024,
OPTSTK,PVRINOX,30-May-2024,1340.0,PE,58.65,63.1,51.4,52.2,52.2,44,250.43,77330,-4070,06-MAY-2024,
OPTSTK,PVRINOX,30-May-2024,1360.0,PE,65.2,77.0,63.0,64.55,64.55,32,186.33,72853,-814,06-MAY-2024,
OPTSTK,PVRINOX,30-May-2024,1380.0,PE,80.0,93.0,77.0,78.45,78.45,16,95.16,24420,-814,06-MAY-2024,
OPTSTK,PVRINOX,30-May-2024,1400.0,PE,99.0,109.0,91.0,91.6,91.6,43,262.57,212454,-2035,06-MAY-2024,
OPTSTK,PVRINOX,30-May-2024,1420.0,PE,110.2,120.5,107.65,107.65,107.65,4,24.94,21571,0,06-MAY-2024,
OPTSTK,PVRINOX,30-May-2024,1440.0,PE,128.9,128.9,128.9,128.9,122.65,2,12.77,17908,0,06-MAY-2024,
OPTSTK,PVRINOX,30-May-2024,1460.0,PE,0.0,0.0,0.0,138.6,139.9,0,0.0,24827,0,06-MAY-2024,
OPTSTK,PVRINOX,30-May-2024,1480.0,PE,0.0,0.0,0.0,156.05,157.75,0,0.0,8547,0,06-MAY-2024,
OPTSTK,PVRINOX,30-May-2024,1500.0,PE,179.45,199.9,177.0,177.0,176.15,9,61.84,98087,-1628,06-MAY-2024,
OPTSTK,PVRINOX,30-May-2024,1520.0,PE,0.0,0.0,0.0,190.75,195.0,0,0.0,814,0,06-MAY-2024,
OPTSTK,PVRINOX,30-May-2024,1540.0,PE,0.0,0.0,0.0,176.7,214.1,0,0.0,1628,0,06-MAY-2024,
OPTSTK,PVRINOX,30-May-2024,1560.0,PE,0.0,0.0,0.0,177.55,233.45,0,0.0,1628,0,06-MAY-2024,
OPTSTK,PVRINOX,30-May-2024,1580.0,PE,0.0,0.0,0.0,180.35,252.95,0,0.0,814,0,06-MAY-2024,
OPTSTK,PVRINOX,30-May-2024,1600.0,PE,0.0,0.0,0.0,245.0,272.6,0,0.0,52910,0,06-MAY-2024,
OPTSTK,PVRINOX,30-May-2024,1640.0,PE,0.0,0.0,0.0,218.0,312.1,0,0.0,8140,0,06-MAY-2024,
OPTSTK,PVRINOX,27-Jun-2024,1120.0,CE,0.0,0.0,0.0,238.5,217.2,0,0.0,0,0,06-MAY-2024,
OPTSTK,PVRINOX,27-Jun-2024,1160.0,CE,0.0,0.0,0.0,205.85,182.0,0,0.0,0,0,06-MAY-2024,
OPTSTK,PVRINOX,27-Jun-2024,1180.0,CE,0.0,0.0,0.0,250.65,165.3,0,0.0,0,0,06-MAY-2024,
OPTSTK,PVRINOX,27-Jun-2024,1200.0,CE,0.0,0.0,0.0,175.55,149.3,0,0.0,0,0,06-MAY-2024,
OPTSTK,PVRINOX,27-Jun-2024,1220.0,CE,0.0,0.0,0.0,215.65,134.05,0,0.0,0,0,06-MAY-2024,
OPTSTK,PVRINOX,27-Jun-2024,1240.0,CE,0.0,0.0,0.0,147.7,119.65,0,0.0,0,0,06-MAY-2024,
OPTSTK,PVRINOX,27-Jun-2024,1260.0,CE,0.0,0.0,0.0,182.75,106.15,0,0.0,0,0,06-MAY-2024,
OPTSTK,PVRINOX,27-Jun-2024,1280.0,CE,0.0,0.0,0.0,122.8,93.6,0,0.0,0,0,06-MAY-2024,
OPTSTK,PVRINOX,27-Jun-2024,1300.0,CE,84.8,99.75,84.8,95.0,95.0,16,90.68,6512,5698,06-MAY-2024,
OPTSTK,PVRINOX,27-Jun-2024,1320.0,CE,0.0,0.0,0.0,100.75,71.45,0,0.0,0,0,06-MAY-2024,
OPTSTK,PVRINOX,27-Jun-2024,1340.0,CE,0.0,0.0,0.0,125.0,61.8,0,0.0,0,0,06-MAY-2024,
OPTSTK,PVRINOX,27-Jun-2024,1360.0,CE,0.0,0.0,0.0,81.65,53.15,0,0.0,0,0,06-MAY-2024,
OPTSTK,PVRINOX,27-Jun-2024,1380.0,CE,0.0,0.0,0.0,100.8,45.4,0,0.0,0,0,06-MAY-2024,
OPTSTK,PVRINOX,27-Jun-2024,1400.0,CE,48.0,55.2,39.15,54.3,54.3,93,547.49,39072,18315,06-MAY-2024,
OPTSTK,PVRINOX,27-Jun-2024,1420.0,CE,45.9,45.9,45.9,45.9,32.55,1,5.96,407,407,06-MAY-2024,
OPTSTK,PVRINOX,27-Jun-2024,1440.0,CE,0.0,0.0,0.0,51.65,27.35,0,0.0,0,0,06-MAY-2024,
OPTSTK,PVRINOX,27-Jun-2024,1460.0,CE,0.0,0.0,0.0,25.0,22.75,0,0.0,407,0,06-MAY-2024,
OPTSTK,PVRINOX,27-Jun-2024,1480.0,CE,0.0,0.0,0.0,40.35,18.85,0,0.0,0,0,06-MAY-2024,
OPTSTK,PVRINOX,27-Jun-2024,1500.0,CE,19.0,28.25,16.2,28.25,28.25,58,358.92,17501,15466,06-MAY-2024,
OPTSTK,PVRINOX,27-Jun-2024,1520.0,CE,0.0,0.0,0.0,31.25,12.75,0,0.0,0,0,06-MAY-2024,
OPTSTK,PVRINOX,27-Jun-2024,1540.0,CE,0.0,0.0,0.0,35.85,10.35,0,0.0,0,0,06-MAY-2024,
OPTSTK,PVRINOX,27-Jun-2024,1560.0,CE,0.0,0.0,0.0,23.85,8.4,0,0.0,0,0,06-MAY-2024,
OPTSTK,PVRINOX,27-Jun-2024,1600.0,CE,11.7,11.7,11.7,11.7,11.7,1,6.55,814,407,06-MAY-2024,
OPTSTK,PVRINOX,27-Jun-2024,1120.0,PE,0.0,0.0,0.0,12.25,5.1,0,0.0,0,0,06-MAY-2024,
OPTSTK,PVRINOX,27-Jun-2024,1160.0,PE,18.15,18.15,18.15,18.15,9.5,7,33.56,2849,2442,06-MAY-2024,
OPTSTK,PVRINOX,27-Jun-2024,1180.0,PE,0.0,0.0,0.0,6.45,12.6,0,0.0,0,0,06-MAY-2024,
OPTSTK,PVRINOX,27-Jun-2024,1200.0,PE,29.85,32.0,29.85,29.85,16.4,13,65.1,3256,2849,06-MAY-2024,
OPTSTK,PVRINOX,27-Jun-2024,1220.0,PE,0.0,0.0,0.0,10.95,20.95,0,0.0,0,0,06-MAY-2024,
OPTSTK,PVRINOX,27-Jun-2024,1240.0,PE,40.0,40.0,40.0,40.0,26.35,10,52.09,4070,4070,06-MAY-2024,
OPTSTK,PVRINOX,27-Jun-2024,1260.0,PE,45.0,45.0,45.0,45.0,32.65,7,37.17,2849,2849,06-MAY-2024,
OPTSTK,PVRINOX,27-Jun-2024,1280.0,PE,0.0,0.0,0.0,53.65,39.9,0,0.0,0,0,06-MAY-2024,
OPTSTK,PVRINOX,27-Jun-2024,1300.0,PE,58.0,69.15,58.0,61.35,61.35,113,627.4,37444,15059,06-MAY-2024,
OPTSTK,PVRINOX,27-Jun-2024,1320.0,PE,0.0,0.0,0.0,70.9,57.3,0,0.0,0,0,06-MAY-2024,
OPTSTK,PVRINOX,27-Jun-2024,1340.0,PE,0.0,0.0,0.0,38.8,67.45,0,0.0,0,0,06-MAY-2024,
OPTSTK,PVRINOX,27-Jun-2024,1360.0,PE,0.0,0.0,0.0,91.1,78.6,0,0.0,0,0,06-MAY-2024,
OPTSTK,PVRINOX,27-Jun-2024,1380.0,PE,0.0,0.0,0.0,54.1,90.65,0,0.0,0,0,06-MAY-2024,
OPTSTK,PVRINOX,27-Jun-2024,1400.0,PE,117.0,117.0,116.5,116.5,103.6,2,12.34,10582,0,06-MAY-2024,
OPTSTK,PVRINOX,27-Jun-2024,1420.0,PE,0.0,0.0,0.0,72.65,117.35,0,0.0,0,0,06-MAY-2024,
OPTSTK,PVRINOX,27-Jun-2024,1440.0,PE,0.0,0.0,0.0,139.65,131.95,0,0.0,0,0,06-MAY-2024,
OPTSTK,PVRINOX,27-Jun-2024,1460.0,PE,0.0,0.0,0.0,94.5,147.15,0,0.0,0,0,06-MAY-2024,
OPTSTK,PVRINOX,27-Jun-2024,1480.0,PE,0.0,0.0,0.0,167.65,163.05,0,0.0,0,0,06-MAY-2024,
OPTSTK,PVRINOX,27-Jun-2024,1500.0,PE,190.95,195.0,190.95,195.0,179.55,3,20.67,1221,1221,06-MAY-2024,
OPTSTK,PVRINOX,27-Jun-2024,1520.0,PE,0.0,0.0,0.0,197.85,196.5,0,0.0,0,0,06-MAY-2024,
OPTSTK,PVRINOX,27-Jun-2024,1540.0,PE,0.0,0.0,0.0,147.15,213.95,0,0.0,0,0,06-MAY-2024,
OPTSTK,PVRINOX,27-Jun-2024,1560.0,PE,0.0,0.0,0.0,229.7,231.75,0,0.0,0,0,06-MAY-2024,
OPTSTK,PVRINOX,27-Jun-2024,1600.0,PE,0.0,0.0,0.0,263.2,268.4,0,0.0,0,0,06-MAY-2024,
OPTSTK,PVRINOX,25-Jul-2024,1200.0,CE,0.0,0.0,0.0,245.7,165.1,0,0.0,0,0,06-MAY-2024,
OPTSTK,PVRINOX,25-Jul-2024,1240.0,CE,0.0,0.0,0.0,213.5,137.1,0,0.0,0,0,06-MAY-2024,
OPTSTK,PVRINOX,25-Jul-2024,1280.0,CE,0.0,0.0,0.0,183.6,112.2,0,0.0,0,0,06-MAY-2024,
OPTSTK,PVRINOX,25-Jul-2024,1320.0,CE,0.0,0.0,0.0,156.05,90.45,0,0.0,0,0,06-MAY-2024,
OPTSTK,PVRINOX,25-Jul-2024,1360.0,CE,0.0,0.0,0.0,131.2,71.8,0,0.0,0,0,06-MAY-2024,
OPTSTK,PVRINOX,25-Jul-2024,1400.0,CE,0.0,0.0,0.0,109.05,56.15,0,0.0,0,0,06-MAY-2024,
OPTSTK,PVRINOX,25-Jul-2024,1440.0,CE,0.0,0.0,0.0,89.65,43.3,0,0.0,0,0,06-MAY-2024,
OPTSTK,PVRINOX,25-Jul-2024,1480.0,CE,0.0,0.0,0.0,72.95,33.0,0,0.0,0,0,06-MAY-2024,
OPTSTK,PVRINOX,25-Jul-2024,1520.0,CE,38.0,38.0,38.0,38.0,24.7,1,6.34,407,407,06-MAY-2024,
OPTSTK,PVRINOX,25-Jul-2024,1600.0,CE,0.0,0.0,0.0,36.9,13.4,0,0.0,0,0,06-MAY-2024,
OPTSTK,PVRINOX,25-Jul-2024,1200.0,PE,35.0,38.5,35.0,38.5,25.55,5,25.18,1628,407,06-MAY-2024,
OPTSTK,PVRINOX,25-Jul-2024,1240.0,PE,0.0,0.0,0.0,21.7,36.95,0,0.0,0,0,06-MAY-2024,
OPTSTK,PVRINOX,25-Jul-2024,1280.0,PE,0.0,0.0,0.0,31.1,51.4,0,0.0,0,0,06-MAY-2024,
OPTSTK,PVRINOX,25-Jul-2024,1320.0,PE,0.0,0.0,0.0,42.8,69.05,0,0.0,0,0,06-MAY-2024,
OPTSTK,PVRINOX,25-Jul-2024,1360.0,PE,0.0,0.0,0.0,57.25,89.75,0,0.0,0,0,06-MAY-2024,
OPTSTK,PVRINOX,25-Jul-2024,1400.0,PE,0.0,0.0,0.0,74.4,113.5,0,0.0,0,0,06-MAY-2024,
OPTSTK,PVRINOX,25-Jul-2024,1440.0,PE,0.0,0.0,0.0,94.25,140.0,0,0.0,0,0,06-MAY-2024,
OPTSTK,PVRINOX,25-Jul-2024,1480.0,PE,0.0,0.0,0.0,116.8,169.05,0,0.0,0,0,06-MAY-2024,
OPTSTK,PVRINOX,25-Jul-2024,1520.0,PE,0.0,0.0,0.0,141.85,200.15,0,0.0,0,0,06-MAY-2024,
OPTSTK,PVRINOX,25-Jul-2024,1600.0,PE,0.0,0.0,0.0,198.6,267.55,0,0.0,0,0,06-MAY-2024,
OPTSTK,RAMCOCEM,30-May-2024,660.0,CE,0.0,0.0,0.0,190.0,111.4,0,0.0,0,0,06-MAY-2024,
OPTSTK,RAMCOCEM,30-May-2024,680.0,CE,0.0,0.0,0.0,171.9,92.35,0,0.0,0,0,06-MAY-2024,
OPTSTK,RAMCOCEM,30-May-2024,690.0,CE,0.0,0.0,0.0,132.75,83.15,0,0.0,0,0,06-MAY-2024,
OPTSTK,RAMCOCEM,30-May-2024,700.0,CE,0.0,0.0,0.0,154.45,74.25,0,0.0,0,0,06-MAY-2024,
OPTSTK,RAMCOCEM,30-May-2024,710.0,CE,0.0,0.0,0.0,115.3,65.65,0,0.0,0,0,06-MAY-2024,
OPTSTK,RAMCOCEM,30-May-2024,720.0,CE,0.0,0.0,0.0,66.6,57.55,0,0.0,0,0,06-MAY-2024,
OPTSTK,RAMCOCEM,30-May-2024,730.0,CE,0.0,0.0,0.0,68.75,49.9,0,0.0,1700,0,06-MAY-2024,
OPTSTK,RAMCOCEM,30-May-2024,740.0,CE,0.0,0.0,0.0,51.3,42.8,0,0.0,5100,0,06-MAY-2024,
OPTSTK,RAMCOCEM,30-May-2024,750.0,CE,37.5,42.7,37.5,40.0,36.3,21,140.91,16150,0,06-MAY-2024,
OPTSTK,RAMCOCEM,30-May-2024,760.0,CE,36.2,36.2,31.8,32.75,32.75,17,114.63,12750,3400,06-MAY-2024,
OPTSTK,RAMCOCEM,30-May-2024,770.0,CE,32.0,32.0,26.9,27.75,27.75,71,481.85,56950,23800,06-MAY-2024,
OPTSTK,RAMCOCEM,30-May-2024,780.0,CE,27.15,28.25,22.05,22.95,22.95,176,1202.85,113900,9350,06-MAY-2024,
OPTSTK,RAMCOCEM,30-May-2024,790.0,CE,22.55,23.0,18.0,18.85,18.85,71,488.61,178500,-4250,06-MAY-2024,
OPTSTK,RAMCOCEM,30-May-2024,800.0,CE,19.0,19.25,14.8,15.65,15.65,386,2678.01,449650,57800,06-MAY-2024,
OPTSTK,RAMCOCEM,30-May-2024,810.0,CE,15.8,15.8,12.3,12.65,12.65,33,230.86,103700,1700,06-MAY-2024,
OPTSTK,RAMCOCEM,30-May-2024,820.0,CE,12.0,12.9,9.7,10.15,10.15,64,451.84,528700,1700,06-MAY-2024,
OPTSTK,RAMCOCEM,30-May-2024,830.0,CE,10.5,10.5,8.1,8.35,8.35,33,235.31,124950,2550,06-MAY-2024,
OPTSTK,RAMCOCEM,30-May-2024,840.0,CE,8.75,8.75,6.55,6.95,6.95,21,151.22,40800,0,06-MAY-2024,
OPTSTK,RAMCOCEM,30-May-2024,850.0,CE,7.2,7.8,5.5,5.75,5.75,253,1841.25,385900,-25500,06-MAY-2024,
OPTSTK,RAMCOCEM,30-May-2024,860.0,CE,6.05,6.7,4.9,5.0,2.65,12,88.26,73100,-1700,06-MAY-2024,
OPTSTK,RAMCOCEM,30-May-2024,870.0,CE,4.3,4.3,3.95,3.95,1.95,7,52.0,41650,-3400,06-MAY-2024,
OPTSTK,RAMCOCEM,30-May-2024,880.0,CE,4.35,4.95,3.15,3.25,3.25,85,638.4,37400,-1700,06-MAY-2024,
OPTSTK,RAMCOCEM,30-May-2024,890.0,CE,3.7,3.7,2.7,2.8,2.8,36,273.2,105400,2550,06-MAY-2024,
OPTSTK,RAMCOCEM,30-May-2024,900.0,CE,3.35,3.4,2.25,2.45,2.45,118,905.25,270300,16150,06-MAY-2024,
OPTSTK,RAMCOCEM,30-May-2024,920.0,CE,2.25,2.25,1.4,1.5,1.5,107,838.12,141950,34850,06-MAY-2024,
OPTSTK,RAMCOCEM,30-May-2024,960.0,CE,0.85,0.85,0.4,0.55,0.55,44,359.25,265200,0,06-MAY-2024,
OPTSTK,RAMCOCEM,30-May-2024,980.0,CE,0.7,0.7,0.4,0.6,0.6,30,250.04,71400,1700,06-MAY-2024,
OPTSTK,RAMCOCEM,30-May-2024,660.0,PE,0.0,0.0,0.0,2.8,0.6,0,0.0,0,0,06-MAY-2024,
OPTSTK,RAMCOCEM,30-May-2024,680.0,PE,1.7,2.75,1.5,2.6,2.6,143,829.6,79050,7650,06-MAY-2024,
OPTSTK,RAMCOCEM,30-May-2024,690.0,PE,0.0,0.0,0.0,3.75,2.2,0,0.0,0,0,06-MAY-2024,
OPTSTK,RAMCOCEM,30-May-2024,700.0,PE,3.7,4.9,3.7,4.55,4.55,41,245.51,91800,-1700,06-MAY-2024,
OPTSTK,RAMCOCEM,30-May-2024,710.0,PE,6.0,6.0,6.0,6.0,4.65,1,6.08,850,850,06-MAY-2024,
OPTSTK,RAMCOCEM,30-May-2024,720.0,PE,6.2,8.25,6.2,8.25,8.25,32,197.89,70550,5100,06-MAY-2024,
OPTSTK,RAMCOCEM,30-May-2024,730.0,PE,7.85,10.6,7.75,10.6,10.6,14,87.97,48450,3400,06-MAY-2024,
OPTSTK,RAMCOCEM,30-May-2024,740.0,PE,10.0,14.05,10.0,13.3,13.3,286,1829.81,59500,29750,06-MAY-2024,
OPTSTK,RAMCOCEM,30-May-2024,750.0,PE,15.85,17.5,14.75,17.05,17.05,100,651.56,217600,22100,06-MAY-2024,
OPTSTK,RAMCOCEM,30-May-2024,760.0,PE,17.95,21.2,17.95,20.95,20.95,72,477.44,74800,14450,06-MAY-2024,
OPTSTK,RAMCOCEM,30-May-2024,770.0,PE,22.05,26.0,21.25,25.8,25.8,51,344.45,30600,7650,06-MAY-2024,
OPTSTK,RAMCOCEM,30-May-2024,780.0,PE,25.0,31.3,25.0,31.05,31.05,54,371.79,78200,-1700,06-MAY-2024,
OPTSTK,RAMCOCEM,30-May-2024,790.0,PE,36.05,36.85,36.05,36.85,35.25,3,21.07,35700,0,06-MAY-2024,
OPTSTK,RAMCOCEM,30-May-2024,800.0,PE,35.85,45.15,35.85,43.65,43.65,35,250.59,117300,-5100,06-MAY-2024,
OPTSTK,RAMCOCEM,30-May-2024,810.0,PE,50.5,50.5,50.5,50.5,50.5,1,7.31,48450,-850,06-MAY-2024,
OPTSTK,RAMCOCEM,30-May-2024,820.0,PE,56.05,56.05,56.05,56.05,56.6,1,7.44,37400,0,06-MAY-2024,
OPTSTK,RAMCOCEM,30-May-2024,830.0,PE,62.7,62.7,62.7,62.7,64.7,1,7.58,5100,-850,06-MAY-2024,
OPTSTK,RAMCOCEM,30-May-2024,840.0,PE,0.0,0.0,0.0,60.95,73.15,0,0.0,1700,0,06-MAY-2024,
OPTSTK,RAMCOCEM,30-May-2024,850.0,PE,81.5,84.75,77.3,82.45,81.9,14,111.06,26350,-8500,06-MAY-2024,
OPTSTK,RAMCOCEM,30-May-2024,860.0,PE,0.0,0.0,0.0,85.85,90.9,0,0.0,17000,0,06-MAY-2024,
OPTSTK,RAMCOCEM,30-May-2024,870.0,PE,0.0,0.0,0.0,74.05,100.15,0,0.0,850,0,06-MAY-2024,
OPTSTK,RAMCOCEM,30-May-2024,880.0,PE,0.0,0.0,0.0,104.1,109.6,0,0.0,17000,0,06-MAY-2024,
OPTSTK,RAMCOCEM,30-May-2024,890.0,PE,0.0,0.0,0.0,91.4,119.15,0,0.0,28900,0,06-MAY-2024,
OPTSTK,RAMCOCEM,30-May-2024,900.0,PE,0.0,0.0,0.0,120.0,128.8,0,0.0,34000,0,06-MAY-2024,
OPTSTK,RAMCOCEM,30-May-2024,920.0,PE,0.0,0.0,0.0,95.75,148.35,0,0.0,0,0,06-MAY-2024,
OPTSTK,RAMCOCEM,30-May-2024,960.0,PE,0.0,0.0,0.0,180.0,187.9,0,0.0,13600,0,06-MAY-2024,
OPTSTK,RAMCOCEM,27-Jun-2024,660.0,CE,0.0,0.0,0.0,166.0,117.85,0,0.0,0,0,06-MAY-2024,
OPTSTK,RAMCOCEM,27-Jun-2024,680.0,CE,0.0,0.0,0.0,148.35,100.4,0,0.0,0,0,06-MAY-2024,
OPTSTK,RAMCOCEM,27-Jun-2024,690.0,CE,0.0,0.0,0.0,114.05,92.1,0,0.0,0,0,06-MAY-2024,
OPTSTK,RAMCOCEM,27-Jun-2024,700.0,CE,0.0,0.0,0.0,131.4,84.1,0,0.0,0,0,06-MAY-2024,
OPTSTK,RAMCOCEM,27-Jun-2024,710.0,CE,0.0,0.0,0.0,97.65,76.45,0,0.0,0,0,06-MAY-2024,
OPTSTK,RAMCOCEM,27-Jun-2024,720.0,CE,0.0,0.0,0.0,115.35,69.15,0,0.0,0,0,06-MAY-2024,
OPTSTK,RAMCOCEM,27-Jun-2024,730.0,CE,0.0,0.0,0.0,82.5,62.25,0,0.0,0,0,06-MAY-2024,
OPTSTK,RAMCOCEM,27-Jun-2024,740.0,CE,0.0,0.0,0.0,100.4,55.75,0,0.0,0,0,06-MAY-2024,
OPTSTK,RAMCOCEM,27-Jun-2024,750.0,CE,0.0,0.0,0.0,68.6,49.7,0,0.0,0,0,06-MAY-2024,
OPTSTK,RAMCOCEM,27-Jun-2024,760.0,CE,0.0,0.0,0.0,86.45,44.1,0,0.0,0,0,06-MAY-2024,
OPTSTK,RAMCOCEM,27-Jun-2024,770.0,CE,0.0,0.0,0.0,56.2,38.9,0,0.0,0,0,06-MAY-2024,
OPTSTK,RAMCOCEM,27-Jun-2024,780.0,CE,0.0,0.0,0.0,73.75,34.15,0,0.0,0,0,06-MAY-2024,
OPTSTK,RAMCOCEM,27-Jun-2024,790.0,CE,0.0,0.0,0.0,45.4,29.85,0,0.0,0,0,06-MAY-2024,
OPTSTK,RAMCOCEM,27-Jun-2024,800.0,CE,0.0,0.0,0.0,43.35,25.95,0,0.0,1700,0,06-MAY-2024,
OPTSTK,RAMCOCEM,27-Jun-2024,810.0,CE,0.0,0.0,0.0,36.1,22.4,0,0.0,0,0,06-MAY-2024,
OPTSTK,RAMCOCEM,27-Jun-2024,820.0,CE,0.0,0.0,0.0,52.15,19.3,0,0.0,0,0,06-MAY-2024,
OPTSTK,RAMCOCEM,27-Jun-2024,830.0,CE,0.0,0.0,0.0,28.25,16.5,0,0.0,0,0,06-MAY-2024,
OPTSTK,RAMCOCEM,27-Jun-2024,840.0,CE,0.0,0.0,0.0,43.2,14.1,0,0.0,0,0,06-MAY-2024,
OPTSTK,RAMCOCEM,27-Jun-2024,850.0,CE,0.0,0.0,0.0,21.8,11.95,0,0.0,0,0,06-MAY-2024,
OPTSTK,RAMCOCEM,27-Jun-2024,860.0,CE,0.0,0.0,0.0,35.45,10.05,0,0.0,0,0,06-MAY-2024,
OPTSTK,RAMCOCEM,27-Jun-2024,870.0,CE,0.0,0.0,0.0,16.6,8.45,0,0.0,0,0,06-MAY-2024,
OPTSTK,RAMCOCEM,27-Jun-2024,880.0,CE,0.0,0.0,0.0,28.85,7.05,0,0.0,0,0,06-MAY-2024,
OPTSTK,RAMCOCEM,27-Jun-2024,900.0,CE,0.0,0.0,0.0,23.25,4.85,0,0.0,0,0,06-MAY-2024,
OPTSTK,RAMCOCEM,27-Jun-2024,920.0,CE,0.0,0.0,0.0,18.6,3.3,0,0.0,0,0,06-MAY-2024,
OPTSTK,RAMCOCEM,27-Jun-2024,660.0,PE,0.0,0.0,0.0,3.65,3.3,0,0.0,0,0,06-MAY-2024,
OPTSTK,RAMCOCEM,27-Jun-2024,680.0,PE,0.0,0.0,0.0,5.6,5.65,0,0.0,0,0,06-MAY-2024,
OPTSTK,RAMCOCEM,27-Jun-2024,690.0,PE,0.0,0.0,0.0,6.2,7.25,0,0.0,0,0,06-MAY-2024,
OPTSTK,RAMCOCEM,27-Jun-2024,700.0,PE,0.0,0.0,0.0,8.35,9.15,0,0.0,0,0,06-MAY-2024,
OPTSTK,RAMCOCEM,27-Jun-2024,710.0,PE,0.0,0.0,0.0,9.55,11.4,0,0.0,0,0,06-MAY-2024,
OPTSTK,RAMCOCEM,27-Jun-2024,720.0,PE,0.0,0.0,0.0,11.95,14.0,0,0.0,0,0,06-MAY-2024,
OPTSTK,RAMCOCEM,27-Jun-2024,730.0,PE,0.0,0.0,0.0,14.1,16.95,0,0.0,0,0,06-MAY-2024,
OPTSTK,RAMCOCEM,27-Jun-2024,740.0,PE,0.0,0.0,0.0,16.6,20.4,0,0.0,0,0,06-MAY-2024,
OPTSTK,RAMCOCEM,27-Jun-2024,750.0,PE,0.0,0.0,0.0,24.15,24.25,0,0.0,4250,0,06-MAY-2024,
OPTSTK,RAMCOCEM,27-Jun-2024,760.0,PE,0.0,0.0,0.0,22.3,28.5,0,0.0,0,0,06-MAY-2024,
OPTSTK,RAMCOCEM,27-Jun-2024,770.0,PE,0.0,0.0,0.0,27.35,33.2,0,0.0,0,0,06-MAY-2024,
OPTSTK,RAMCOCEM,27-Jun-2024,780.0,PE,0.0,0.0,0.0,29.25,38.35,0,0.0,0,0,06-MAY-2024,
OPTSTK,RAMCOCEM,27-Jun-2024,790.0,PE,0.0,0.0,0.0,36.3,43.95,0,0.0,0,0,06-MAY-2024,
OPTSTK,RAMCOCEM,27-Jun-2024,800.0,PE,0.0,0.0,0.0,45.2,49.95,0,0.0,5100,0,06-MAY-2024,
OPTSTK,RAMCOCEM,27-Jun-2024,810.0,PE,0.0,0.0,0.0,46.7,56.3,0,0.0,0,0,06-MAY-2024,
OPTSTK,RAMCOCEM,27-Jun-2024,820.0,PE,0.0,0.0,0.0,46.95,63.1,0,0.0,0,0,06-MAY-2024,
OPTSTK,RAMCOCEM,27-Jun-2024,830.0,PE,0.0,0.0,0.0,58.65,70.2,0,0.0,0,0,06-MAY-2024,
OPTSTK,RAMCOCEM,27-Jun-2024,840.0,PE,0.0,0.0,0.0,57.65,77.7,0,0.0,0,0,06-MAY-2024,
OPTSTK,RAMCOCEM,27-Jun-2024,850.0,PE,0.0,0.0,0.0,71.9,85.4,0,0.0,0,0,06-MAY-2024,
OPTSTK,RAMCOCEM,27-Jun-2024,860.0,PE,0.0,0.0,0.0,69.55,93.45,0,0.0,0,0,06-MAY-2024,
OPTSTK,RAMCOCEM,27-Jun-2024,870.0,PE,0.0,0.0,0.0,86.5,101.75,0,0.0,0,0,06-MAY-2024,
OPTSTK,RAMCOCEM,27-Jun-2024,880.0,PE,0.0,0.0,0.0,82.55,110.25,0,0.0,0,0,06-MAY-2024,
OPTSTK,RAMCOCEM,27-Jun-2024,900.0,PE,0.0,0.0,0.0,96.6,127.85,0,0.0,0,0,06-MAY-2024,
OPTSTK,RAMCOCEM,27-Jun-2024,920.0,PE,0.0,0.0,0.0,111.6,146.05,0,0.0,0,0,06-MAY-2024,
OPTSTK,RAMCOCEM,25-Jul-2024,640.0,CE,0.0,0.0,0.0,164.35,142.05,0,0.0,0,0,06-MAY-2024,
OPTSTK,RAMCOCEM,25-Jul-2024,680.0,CE,0.0,0.0,0.0,129.75,108.35,0,0.0,0,0,06-MAY-2024,
OPTSTK,RAMCOCEM,25-Jul-2024,700.0,CE,0.0,0.0,0.0,113.75,93.05,0,0.0,0,0,06-MAY-2024,
OPTSTK,RAMCOCEM,25-Jul-2024,720.0,CE,0.0,0.0,0.0,98.8,78.9,0,0.0,0,0,06-MAY-2024,
OPTSTK,RAMCOCEM,25-Jul-2024,740.0,CE,0.0,0.0,0.0,84.9,66.15,0,0.0,0,0,06-MAY-2024,
OPTSTK,RAMCOCEM,25-Jul-2024,760.0,CE,0.0,0.0,0.0,72.3,54.8,0,0.0,0,0,06-MAY-2024,
OPTSTK,RAMCOCEM,25-Jul-2024,780.0,CE,0.0,0.0,0.0,60.95,44.85,0,0.0,0,0,06-MAY-2024,
OPTSTK,RAMCOCEM,25-Jul-2024,800.0,CE,0.0,0.0,0.0,50.85,36.25,0,0.0,0,0,06-MAY-2024,
OPTSTK,RAMCOCEM,25-Jul-2024,820.0,CE,0.0,0.0,0.0,42.05,28.95,0,0.0,0,0,06-MAY-2024,
OPTSTK,RAMCOCEM,25-Jul-2024,840.0,CE,0.0,0.0,0.0,34.45,22.85,0,0.0,0,0,06-MAY-2024,
OPTSTK,RAMCOCEM,25-Jul-2024,860.0,CE,0.0,0.0,0.0,27.9,17.85,0,0.0,0,0,06-MAY-2024,
OPTSTK,RAMCOCEM,25-Jul-2024,880.0,CE,0.0,0.0,0.0,22.45,13.75,0,0.0,0,0,06-MAY-2024,
OPTSTK,RAMCOCEM,25-Jul-2024,920.0,CE,0.0,0.0,0.0,14.15,7.95,0,0.0,0,0,06-MAY-2024,
OPTSTK,RAMCOCEM,25-Jul-2024,640.0,PE,0.0,0.0,0.0,3.55,4.15,0,0.0,0,0,06-MAY-2024,
OPTSTK,RAMCOCEM,25-Jul-2024,680.0,PE,0.0,0.0,0.0,8.3,9.85,0,0.0,0,0,06-MAY-2024,
OPTSTK,RAMCOCEM,25-Jul-2024,700.0,PE,0.0,0.0,0.0,11.9,14.2,0,0.0,0,0,06-MAY-2024,
OPTSTK,RAMCOCEM,25-Jul-2024,720.0,PE,0.0,0.0,0.0,16.6,19.8,0,0.0,0,0,06-MAY-2024,
OPTSTK,RAMCOCEM,25-Jul-2024,740.0,PE,0.0,0.0,0.0,22.35,26.7,0,0.0,0,0,06-MAY-2024,
OPTSTK,RAMCOCEM,25-Jul-2024,760.0,PE,0.0,0.0,0.0,29.35,35.05,0,0.0,0,0,06-MAY-2024,
OPTSTK,RAMCOCEM,25-Jul-2024,780.0,PE,0.0,0.0,0.0,37.65,44.75,0,0.0,0,0,06-MAY-2024,
OPTSTK,RAMCOCEM,25-Jul-2024,800.0,PE,0.0,0.0,0.0,47.25,55.85,0,0.0,0,0,06-MAY-2024,
OPTSTK,RAMCOCEM,25-Jul-2024,820.0,PE,0.0,0.0,0.0,58.05,68.2,0,0.0,0,0,06-MAY-2024,
OPTSTK,RAMCOCEM,25-Jul-2024,840.0,PE,0.0,0.0,0.0,70.05,81.8,0,0.0,0,0,06-MAY-2024,
OPTSTK,RAMCOCEM,25-Jul-2024,860.0,PE,0.0,0.0,0.0,83.2,96.5,0,0.0,0,0,06-MAY-2024,
OPTSTK,RAMCOCEM,25-Jul-2024,880.0,PE,0.0,0.0,0.0,97.35,112.1,0,0.0,0,0,06-MAY-2024,
OPTSTK,RAMCOCEM,25-Jul-2024,920.0,PE,0.0,0.0,0.0,128.3,145.65,0,0.0,0,0,06-MAY-2024,
OPTSTK,RBLBANK,30-May-2024,220.0,CE,0.0,0.0,0.0,45.3,37.65,0,0.0,5000,0,06-MAY-2024,
OPTSTK,RBLBANK,30-May-2024,230.0,CE,32.95,32.95,29.6,29.6,29.5,10,65.27,25000,5000,06-MAY-2024,
OPTSTK,RBLBANK,30-May-2024,235.0,CE,26.7,28.1,24.8,24.8,25.8,9,58.89,25000,0,06-MAY-2024,
OPTSTK,RBLBANK,30-May-2024,240.0,CE,26.65,26.65,20.45,20.5,20.5,27,177.57,240000,12500,06-MAY-2024,
OPTSTK,RBLBANK,30-May-2024,245.0,CE,20.9,20.95,17.1,17.1,17.1,26,171.74,40000,10000,06-MAY-2024,
OPTSTK,RBLBANK,30-May-2024,250.0,CE,20.3,20.3,13.9,14.15,14.15,191,1268.89,375000,75000,06-MAY-2024,
OPTSTK,RBLBANK,30-May-2024,255.0,CE,17.8,17.8,11.35,11.55,11.55,229,1534.06,372500,67500,06-MAY-2024,
OPTSTK,RBLBANK,30-May-2024,260.0,CE,15.05,15.15,9.25,9.4,9.4,1425,9647.35,1637500,500000,06-MAY-2024,
OPTSTK,RBLBANK,30-May-2024,265.0,CE,12.75,12.9,7.5,7.7,7.7,1449,9930.15,2152500,215000,06-MAY-2024,
OPTSTK,RBLBANK,30-May-2024,270.0,CE,10.9,11.0,6.0,6.15,6.15,3754,26041.99,5605000,800000,06-MAY-2024,
OPTSTK,RBLBANK,30-May-2024,275.0,CE,8.95,8.95,4.7,4.85,4.85,1127,7912.83,1940000,-552500,06-MAY-2024,
OPTSTK,RBLBANK,30-May-2024,280.0,CE,7.5,7.5,3.65,3.75,3.75,998,7101.5,2382500,-57500,06-MAY-2024,
OPTSTK,RBLBANK,30-May-2024,285.0,CE,5.65,5.65,2.85,2.95,2.95,328,2367.1,647500,-12500,06-MAY-2024,
OPTSTK,RBLBANK,30-May-2024,290.0,CE,4.55,4.55,2.25,2.3,2.3,575,4209.56,1517500,172500,06-MAY-2024,
OPTSTK,RBLBANK,30-May-2024,295.0,CE,3.5,3.6,1.7,1.75,1.75,225,1672.29,395000,-52500,06-MAY-2024,
OPTSTK,RBLBANK,30-May-2024,300.0,CE,2.9,2.9,1.3,1.35,1.35,893,6736.18,3202500,165000,06-MAY-2024,
OPTSTK,RBLBANK,30-May-2024,210.0,PE,0.5,1.0,0.5,0.8,0.8,191,1006.59,305000,-35000,06-MAY-2024,
OPTSTK,RBLBANK,30-May-2024,220.0,PE,0.75,1.45,0.75,1.3,1.3,208,1150.09,445000,40000,06-MAY-2024,
OPTSTK,RBLBANK,30-May-2024,225.0,PE,1.1,1.95,1.1,1.85,1.85,108,611.69,217500,-7500,06-MAY-2024,
OPTSTK,RBLBANK,30-May-2024,230.0,PE,1.25,2.7,1.2,2.5,2.5,361,2095.03,770000,-95000,06-MAY-2024,
OPTSTK,RBLBANK,30-May-2024,235.0,PE,1.7,3.65,1.7,3.45,3.45,413,2455.39,847500,107500,06-MAY-2024,
OPTSTK,RBLBANK,30-May-2024,240.0,PE,2.35,4.9,2.35,4.7,4.7,655,3994.23,1347500,225000,06-MAY-2024,
OPTSTK,RBLBANK,30-May-2024,245.0,PE,3.75,6.5,3.7,6.3,6.3,383,2398.01,712500,60000,06-MAY-2024,
OPTSTK,RBLBANK,30-May-2024,250.0,PE,4.45,8.55,4.45,8.25,8.25,576,3699.5,1382500,15000,06-MAY-2024,
OPTSTK,RBLBANK,30-May-2024,255.0,PE,6.15,11.0,6.15,10.75,10.75,537,3543.89,450000,17500,06-MAY-2024,
OPTSTK,RBLBANK,30-May-2024,260.0,PE,8.25,13.8,8.05,13.55,13.55,782,5306.47,1492500,-7500,06-MAY-2024,
OPTSTK,RBLBANK,30-May-2024,265.0,PE,10.8,16.85,10.75,16.75,16.75,267,1861.08,707500,-22500,06-MAY-2024,
OPTSTK,RBLBANK,30-May-2024,270.0,PE,13.5,20.5,13.5,20.25,20.25,259,1861.32,780000,-172500,06-MAY-2024,
OPTSTK,RBLBANK,30-May-2024,275.0,PE,19.2,22.95,19.2,22.45,25.4,40,295.82,237500,15000,06-MAY-2024,
OPTSTK,RBLBANK,30-May-2024,280.0,PE,20.6,26.6,20.6,26.2,29.15,39,296.77,322500,12500,06-MAY-2024,
OPTSTK,RBLBANK,30-May-2024,285.0,PE,26.95,31.7,26.95,31.7,33.1,24,188.5,140000,5000,06-MAY-2024,
OPTSTK,RBLBANK,30-May-2024,290.0,PE,31.5,34.95,31.5,34.9,37.25,13,105.14,190000,-10000,06-MAY-2024,
OPTSTK,RBLBANK,30-May-2024,295.0,PE,0.0,0.0,0.0,31.3,41.5,0,0.0,132500,0,06-MAY-2024,
OPTSTK,RBLBANK,30-May-2024,300.0,PE,37.75,42.1,37.75,42.1,45.95,4,34.02,102500,0,06-MAY-2024,
OPTSTK,RBLBANK,27-Jun-2024,230.0,CE,0.0,0.0,0.0,32.1,35.2,0,0.0,0,0,06-MAY-2024,
OPTSTK,RBLBANK,27-Jun-2024,235.0,CE,0.0,0.0,0.0,40.15,31.9,0,0.0,0,0,06-MAY-2024,
OPTSTK,RBLBANK,27-Jun-2024,240.0,CE,0.0,0.0,0.0,27.05,28.8,0,0.0,0,0,06-MAY-2024,
OPTSTK,RBLBANK,27-Jun-2024,245.0,CE,0.0,0.0,0.0,33.75,25.9,0,0.0,0,0,06-MAY-2024,
OPTSTK,RBLBANK,27-Jun-2024,250.0,CE,0.0,0.0,0.0,27.6,23.25,0,0.0,12500,0,06-MAY-2024,
OPTSTK,RBLBANK,27-Jun-2024,255.0,CE,0.0,0.0,0.0,28.05,20.75,0,0.0,0,0,06-MAY-2024,
OPTSTK,RBLBANK,27-Jun-2024,260.0,CE,21.0,21.0,19.9,20.0,18.45,4,28.02,20000,7500,06-MAY-2024,
OPTSTK,RBLBANK,27-Jun-2024,265.0,CE,18.0,18.0,18.0,18.0,16.4,1,7.07,2500,2500,06-MAY-2024,
OPTSTK,RBLBANK,27-Jun-2024,270.0,CE,19.65,19.65,15.35,15.55,15.55,17,121.62,265000,-12500,06-MAY-2024,
OPTSTK,RBLBANK,27-Jun-2024,275.0,CE,0.0,0.0,0.0,18.85,12.75,0,0.0,0,0,06-MAY-2024,
OPTSTK,RBLBANK,27-Jun-2024,280.0,CE,11.7,12.0,11.7,11.85,11.85,2,14.59,45000,2500,06-MAY-2024,
OPTSTK,RBLBANK,27-Jun-2024,285.0,CE,0.0,0.0,0.0,16.15,9.8,0,0.0,2500,0,06-MAY-2024,
OPTSTK,RBLBANK,27-Jun-2024,290.0,CE,0.0,0.0,0.0,11.95,8.6,0,0.0,60000,0,06-MAY-2024,
OPTSTK,RBLBANK,27-Jun-2024,300.0,CE,8.7,8.7,7.15,7.45,7.45,47,361.49,1557500,30000,06-MAY-2024,
OPTSTK,RBLBANK,27-Jun-2024,230.0,PE,0.0,0.0,0.0,17.65,8.1,0,0.0,0,0,06-MAY-2024,
OPTSTK,RBLBANK,27-Jun-2024,235.0,PE,0.0,0.0,0.0,9.25,9.75,0,0.0,0,0,06-MAY-2024,
OPTSTK,RBLBANK,27-Jun-2024,240.0,PE,11.5,11.5,11.0,11.5,11.5,3,18.85,35000,0,06-MAY-2024,
OPTSTK,RBLBANK,27-Jun-2024,245.0,PE,0.0,0.0,0.0,12.7,13.7,0,0.0,0,0,06-MAY-2024,
OPTSTK,RBLBANK,27-Jun-2024,250.0,PE,15.0,17.0,14.25,16.5,16.5,39,259.41,235000,55000,06-MAY-2024,
OPTSTK,RBLBANK,27-Jun-2024,255.0,PE,0.0,0.0,0.0,16.9,18.4,0,0.0,0,0,06-MAY-2024,
OPTSTK,RBLBANK,27-Jun-2024,260.0,PE,20.9,21.0,19.0,20.6,20.6,16,112.12,40000,10000,06-MAY-2024,
OPTSTK,RBLBANK,27-Jun-2024,265.0,PE,0.0,0.0,0.0,15.65,23.95,0,0.0,5000,0,06-MAY-2024,
OPTSTK,RBLBANK,27-Jun-2024,270.0,PE,24.6,28.0,24.6,28.0,28.0,3,22.22,27500,5000,06-MAY-2024,
OPTSTK,RBLBANK,27-Jun-2024,275.0,PE,0.0,0.0,0.0,27.45,30.25,0,0.0,0,0,06-MAY-2024,
OPTSTK,RBLBANK,27-Jun-2024,280.0,PE,0.0,0.0,0.0,47.55,33.65,0,0.0,0,0,06-MAY-2024,
OPTSTK,RBLBANK,27-Jun-2024,285.0,PE,0.0,0.0,0.0,33.7,37.2,0,0.0,0,0,06-MAY-2024,
OPTSTK,RBLBANK,27-Jun-2024,290.0,PE,0.0,0.0,0.0,55.05,40.9,0,0.0,0,0,06-MAY-2024,
OPTSTK,RBLBANK,27-Jun-2024,300.0,PE,0.0,0.0,0.0,40.0,48.7,0,0.0,5000,0,06-MAY-2024,
OPTSTK,RBLBANK,25-Jul-2024,220.0,CE,0.0,0.0,0.0,54.85,46.55,0,0.0,0,0,06-MAY-2024,
OPTSTK,RBLBANK,25-Jul-2024,230.0,CE,0.0,0.0,0.0,47.9,39.85,0,0.0,0,0,06-MAY-2024,
OPTSTK,RBLBANK,25-Jul-2024,240.0,CE,0.0,0.0,0.0,41.55,33.85,0,0.0,0,0,06-MAY-2024,
OPTSTK,RBLBANK,25-Jul-2024,250.0,CE,0.0,0.0,0.0,35.8,28.5,0,0.0,0,0,06-MAY-2024,
OPTSTK,RBLBANK,25-Jul-2024,260.0,CE,0.0,0.0,0.0,30.65,23.8,0,0.0,0,0,06-MAY-2024,
OPTSTK,RBLBANK,25-Jul-2024,270.0,CE,0.0,0.0,0.0,26.1,19.75,0,0.0,0,0,06-MAY-2024,
OPTSTK,RBLBANK,25-Jul-2024,280.0,CE,0.0,0.0,0.0,22.05,16.25,0,0.0,0,0,06-MAY-2024,
OPTSTK,RBLBANK,25-Jul-2024,290.0,CE,0.0,0.0,0.0,18.6,13.3,0,0.0,0,0,06-MAY-2024,
OPTSTK,RBLBANK,25-Jul-2024,300.0,CE,0.0,0.0,0.0,15.55,10.8,0,0.0,0,0,06-MAY-2024,
OPTSTK,RBLBANK,25-Jul-2024,220.0,PE,0.0,0.0,0.0,7.9,8.4,0,0.0,0,0,06-MAY-2024,
OPTSTK,RBLBANK,25-Jul-2024,230.0,PE,0.0,0.0,0.0,10.8,11.55,0,0.0,0,0,06-MAY-2024,
OPTSTK,RBLBANK,25-Jul-2024,240.0,PE,0.0,0.0,0.0,14.25,15.35,0,0.0,0,0,06-MAY-2024,
OPTSTK,RBLBANK,25-Jul-2024,250.0,PE,0.0,0.0,0.0,18.3,19.85,0,0.0,0,0,06-MAY-2024,
OPTSTK,RBLBANK,25-Jul-2024,260.0,PE,0.0,0.0,0.0,23.0,25.0,0,0.0,0,0,06-MAY-2024,
OPTSTK,RBLBANK,25-Jul-2024,270.0,PE,0.0,0.0,0.0,28.25,30.8,0,0.0,0,0,06-MAY-2024,
OPTSTK,RBLBANK,25-Jul-2024,280.0,PE,0.0,0.0,0.0,34.05,37.15,0,0.0,0,0,06-MAY-2024,
OPTSTK,RBLBANK,25-Jul-2024,290.0,PE,0.0,0.0,0.0,40.4,44.0,0,0.0,0,0,06-MAY-2024,
OPTSTK,RBLBANK,25-Jul-2024,300.0,PE,0.0,0.0,0.0,47.2,51.35,0,0.0,0,0,06-MAY-2024,
OPTSTK,RECLTD,30-May-2024,360.0,CE,155.0,155.0,155.0,155.0,158.3,1,10.3,86000,0,06-MAY-2024,
OPTSTK,RECLTD,30-May-2024,380.0,CE,141.85,141.85,141.8,141.8,138.5,2,20.87,16000,2000,06-MAY-2024,
OPTSTK,RECLTD,30-May-2024,390.0,CE,0.0,0.0,0.0,176.3,128.7,0,0.0,4000,0,06-MAY-2024,
OPTSTK,RECLTD,30-May-2024,400.0,CE,130.0,130.0,106.65,121.75,121.75,27,281.78,250000,-32000,06-MAY-2024,
OPTSTK,RECLTD,30-May-2024,410.0,CE,108.05,112.75,108.05,112.75,109.3,4,41.66,34000,-8000,06-MAY-2024,
OPTSTK,RECLTD,30-May-2024,420.0,CE,111.0,111.0,97.0,104.3,99.85,6,62.8,142000,-6000,06-MAY-2024,
OPTSTK,RECLTD,30-May-2024,430.0,CE,103.15,103.15,79.3,92.9,90.55,19,199.65,202000,-6000,06-MAY-2024,
OPTSTK,RECLTD,30-May-2024,440.0,CE,90.4,92.1,67.1,82.1,82.1,68,703.83,334000,-58000,06-MAY-2024,
OPTSTK,RECLTD,30-May-2024,450.0,CE,90.5,90.5,56.65,73.05,73.05,204,2118.29,550000,36000,06-MAY-2024,
OPTSTK,RECLTD,30-May-2024,460.0,CE,84.0,84.0,49.25,64.75,64.75,124,1294.92,410000,-76000,06-MAY-2024,
OPTSTK,RECLTD,30-May-2024,470.0,CE,71.15,73.25,41.1,55.55,55.55,317,3308.57,584000,-56000,06-MAY-2024,
OPTSTK,RECLTD,30-May-2024,480.0,CE,58.4,64.95,34.1,47.4,47.4,600,6316.12,574000,-260000,06-MAY-2024,
OPTSTK,RECLTD,30-May-2024,490.0,CE,49.9,57.05,28.05,40.15,40.15,941,9947.11,632000,-170000,06-MAY-2024,
OPTSTK,RECLTD,30-May-2024,500.0,CE,43.2,49.5,22.65,33.65,33.65,4280,45580.32,1730000,-132000,06-MAY-2024,
OPTSTK,RECLTD,30-May-2024,510.0,CE,37.0,39.95,18.35,27.75,27.75,6102,65453.36,1056000,460000,06-MAY-2024,
OPTSTK,RECLTD,30-May-2024,520.0,CE,30.2,35.95,14.35,22.65,22.65,15960,173261.94,2596000,1106000,06-MAY-2024,
OPTSTK,RECLTD,30-May-2024,530.0,CE,27.9,28.95,11.25,18.35,18.35,12642,138832.64,2872000,2142000,06-MAY-2024,
OPTSTK,RECLTD,30-May-2024,540.0,CE,27.4,27.4,8.7,14.6,14.6,14369,159467.4,3156000,1006000,06-MAY-2024,
OPTSTK,RECLTD,30-May-2024,550.0,CE,10.05,24.9,6.8,11.7,11.7,19498,219110.44,3990000,1676000,06-MAY-2024,
OPTSTK,RECLTD,30-May-2024,560.0,CE,20.8,20.8,5.35,9.35,9.35,11420,130072.35,2726000,166000,06-MAY-2024,
OPTSTK,RECLTD,30-May-2024,570.0,CE,12.0,13.25,4.4,7.5,7.5,9585,110748.62,2746000,484000,06-MAY-2024,
OPTSTK,RECLTD,30-May-2024,580.0,CE,14.75,14.75,3.55,6.1,6.1,8218,96301.12,2178000,160000,06-MAY-2024,
OPTSTK,RECLTD,30-May-2024,590.0,CE,12.7,13.85,2.85,4.95,4.95,4450,52937.01,906000,292000,06-MAY-2024,
OPTSTK,RECLTD,30-May-2024,600.0,CE,7.5,13.0,2.3,4.05,4.05,14494,175132.94,5422000,2100000,06-MAY-2024,
OPTSTK,RECLTD,30-May-2024,610.0,CE,4.95,5.8,1.85,3.3,3.3,1893,23215.75,460000,460000,06-MAY-2024,
OPTSTK,RECLTD,30-May-2024,620.0,CE,10.0,10.0,1.5,2.7,2.7,6647,82791.89,2704000,1418000,06-MAY-2024,
OPTSTK,RECLTD,30-May-2024,360.0,PE,0.4,0.7,0.35,0.45,0.45,151,1088.78,220000,60000,06-MAY-2024,
OPTSTK,RECLTD,30-May-2024,380.0,PE,0.55,1.1,0.45,0.55,0.55,322,2451.66,514000,-98000,06-MAY-2024,
OPTSTK,RECLTD,30-May-2024,390.0,PE,0.7,1.15,0.55,0.65,0.65,171,1336.5,344000,-8000,06-MAY-2024,
OPTSTK,RECLTD,30-May-2024,400.0,PE,0.9,1.55,0.65,0.8,0.8,1608,12895.3,1408000,-460000,06-MAY-2024,
OPTSTK,RECLTD,30-May-2024,410.0,PE,0.95,1.95,0.7,1.0,1.0,484,3981.19,358000,30000,06-MAY-2024,
OPTSTK,RECLTD,30-May-2024,420.0,PE,0.85,2.45,0.85,1.3,1.3,1218,10269.83,824000,16000,06-MAY-2024,
OPTSTK,RECLTD,30-May-2024,430.0,PE,1.3,3.2,1.2,1.6,1.6,1302,11250.28,700000,14000,06-MAY-2024,
OPTSTK,RECLTD,30-May-2024,440.0,PE,1.75,4.15,1.5,2.2,2.2,1848,16361.99,1136000,-126000,06-MAY-2024,
OPTSTK,RECLTD,30-May-2024,450.0,PE,2.45,5.55,1.8,3.05,3.05,7911,71738.93,2156000,-1236000,06-MAY-2024,
OPTSTK,RECLTD,30-May-2024,460.0,PE,2.2,7.25,2.2,4.05,4.05,3671,34108.56,1354000,-380000,06-MAY-2024,
OPTSTK,RECLTD,30-May-2024,470.0,PE,4.5,9.7,2.9,5.5,5.5,4774,45455.17,1248000,-336000,06-MAY-2024,
OPTSTK,RECLTD,30-May-2024,480.0,PE,5.05,12.8,4.0,7.4,7.4,8969,87549.31,1500000,-988000,06-MAY-2024,
OPTSTK,RECLTD,30-May-2024,490.0,PE,6.15,16.7,5.35,10.0,10.0,6563,65731.31,1086000,-236000,06-MAY-2024,
OPTSTK,RECLTD,30-May-2024,500.0,PE,8.0,21.45,6.75,13.15,13.15,22930,235586.62,3520000,-1652000,06-MAY-2024,
OPTSTK,RECLTD,30-May-2024,510.0,PE,11.45,26.85,9.35,17.3,17.3,9684,102217.31,1218000,178000,06-MAY-2024,
OPTSTK,RECLTD,30-May-2024,520.0,PE,14.5,32.65,12.05,22.15,22.15,12620,136549.85,2128000,-282000,06-MAY-2024,
OPTSTK,RECLTD,30-May-2024,530.0,PE,17.4,39.95,15.7,27.6,27.6,8376,92922.76,1184000,-566000,06-MAY-2024,
OPTSTK,RECLTD,30-May-2024,540.0,PE,20.75,47.05,20.0,34.15,34.15,4331,49265.33,1570000,-1002000,06-MAY-2024,
OPTSTK,RECLTD,30-May-2024,550.0,PE,24.8,55.15,18.0,41.1,41.1,3127,36582.94,1152000,-1466000,06-MAY-2024,
OPTSTK,RECLTD,30-May-2024,560.0,PE,32.65,63.2,30.45,48.45,48.45,830,9994.62,740000,-404000,06-MAY-2024,
OPTSTK,RECLTD,30-May-2024,570.0,PE,41.0,71.8,38.5,57.05,57.05,411,5116.63,512000,-214000,06-MAY-2024,
OPTSTK,RECLTD,30-May-2024,580.0,PE,53.25,80.0,48.0,66.2,68.35,84,1078.69,218000,-50000,06-MAY-2024,
OPTSTK,RECLTD,30-May-2024,590.0,PE,61.75,86.25,61.75,76.45,76.7,22,293.29,98000,2000,06-MAY-2024,
OPTSTK,RECLTD,30-May-2024,600.0,PE,67.45,95.5,66.1,83.0,83.0,100,1359.88,140000,-4000,06-MAY-2024,
OPTSTK,RECLTD,30-May-2024,610.0,PE,0.0,0.0,0.0,145.85,94.25,0,0.0,0,0,06-MAY-2024,
OPTSTK,RECLTD,30-May-2024,620.0,PE,100.6,108.85,99.0,99.0,103.35,6,86.86,12000,2000,06-MAY-2024,
OPTSTK,RECLTD,27-Jun-2024,400.0,CE,0.0,0.0,0.0,75.1,123.9,0,0.0,0,0,06-MAY-2024,
OPTSTK,RECLTD,27-Jun-2024,410.0,CE,0.0,0.0,0.0,61.4,115.05,0,0.0,0,0,06-MAY-2024,
OPTSTK,RECLTD,27-Jun-2024,420.0,CE,0.0,0.0,0.0,62.45,106.5,0,0.0,0,0,06-MAY-2024,
OPTSTK,RECLTD,27-Jun-2024,430.0,CE,0.0,0.0,0.0,48.95,98.2,0,0.0,0,0,06-MAY-2024,
OPTSTK,RECLTD,27-Jun-2024,440.0,CE,0.0,0.0,0.0,51.35,90.2,0,0.0,0,0,06-MAY-2024,
OPTSTK,RECLTD,27-Jun-2024,450.0,CE,0.0,0.0,0.0,38.3,82.55,0,0.0,0,0,06-MAY-2024,
OPTSTK,RECLTD,27-Jun-2024,460.0,CE,70.55,70.55,70.55,70.55,75.3,1,10.61,10000,0,06-MAY-2024,
OPTSTK,RECLTD,27-Jun-2024,470.0,CE,0.0,0.0,0.0,99.6,68.4,0,0.0,6000,0,06-MAY-2024,
OPTSTK,RECLTD,27-Jun-2024,480.0,CE,54.0,69.0,50.95,69.0,61.9,6,64.46,12000,0,06-MAY-2024,
OPTSTK,RECLTD,27-Jun-2024,490.0,CE,54.8,62.0,48.0,61.0,55.8,8,87.43,32000,0,06-MAY-2024,
OPTSTK,RECLTD,27-Jun-2024,500.0,CE,59.6,60.0,41.95,49.55,49.55,129,1414.96,192000,10000,06-MAY-2024,
OPTSTK,RECLTD,27-Jun-2024,510.0,CE,38.25,50.55,36.95,44.55,44.55,20,221.54,16000,14000,06-MAY-2024,
OPTSTK,RECLTD,27-Jun-2024,520.0,CE,46.0,47.3,31.75,39.45,39.45,138,1544.06,132000,90000,06-MAY-2024,
OPTSTK,RECLTD,27-Jun-2024,530.0,CE,36.2,42.25,28.6,35.6,35.6,31,350.73,26000,18000,06-MAY-2024,
OPTSTK,RECLTD,27-Jun-2024,540.0,CE,37.55,37.55,25.2,32.25,31.5,41,469.14,42000,32000,06-MAY-2024,
OPTSTK,RECLTD,27-Jun-2024,550.0,CE,28.0,36.0,22.0,27.75,27.75,296,3421.96,242000,102000,06-MAY-2024,
OPTSTK,RECLTD,27-Jun-2024,560.0,CE,21.35,29.9,19.5,24.7,24.7,45,526.17,48000,18000,06-MAY-2024,
OPTSTK,RECLTD,27-Jun-2024,570.0,CE,28.0,30.75,17.1,20.8,20.8,30,355.72,46000,-16000,06-MAY-2024,
OPTSTK,RECLTD,27-Jun-2024,580.0,CE,23.1,24.3,16.0,19.9,18.75,42,503.0,68000,54000,06-MAY-2024,
OPTSTK,RECLTD,27-Jun-2024,590.0,CE,17.0,17.0,16.95,16.95,16.95,3,36.41,10000,-2000,06-MAY-2024,
OPTSTK,RECLTD,27-Jun-2024,600.0,CE,16.4,21.95,11.3,15.0,15.0,186,2288.65,220000,34000,06-MAY-2024,
OPTSTK,RECLTD,27-Jun-2024,610.0,CE,0.0,0.0,0.0,3.25,12.3,0,0.0,0,0,06-MAY-2024,
OPTSTK,RECLTD,27-Jun-2024,620.0,CE,14.05,16.0,9.0,10.25,10.65,49,618.04,68000,46000,06-MAY-2024,
OPTSTK,RECLTD,27-Jun-2024,400.0,PE,2.1,5.7,2.1,3.95,3.95,91,735.32,124000,48000,06-MAY-2024,
OPTSTK,RECLTD,27-Jun-2024,410.0,PE,0.0,0.0,0.0,15.0,4.25,0,0.0,0,0,06-MAY-2024,
OPTSTK,RECLTD,27-Jun-2024,420.0,PE,0.0,0.0,0.0,23.95,5.55,0,0.0,0,0,06-MAY-2024,
OPTSTK,RECLTD,27-Jun-2024,430.0,PE,6.5,7.7,6.5,7.7,7.15,6,52.46,4000,4000,06-MAY-2024,
OPTSTK,RECLTD,27-Jun-2024,440.0,PE,6.5,10.85,6.45,9.05,9.1,32,287.24,66000,20000,06-MAY-2024,
OPTSTK,RECLTD,27-Jun-2024,450.0,PE,5.4,15.15,5.4,11.35,11.35,437,4027.87,512000,320000,06-MAY-2024,
OPTSTK,RECLTD,27-Jun-2024,460.0,PE,18.95,18.95,12.35,12.65,12.65,43,406.74,64000,60000,06-MAY-2024,
OPTSTK,RECLTD,27-Jun-2024,470.0,PE,20.0,20.0,14.0,17.8,16.95,28,272.83,60000,40000,06-MAY-2024,
OPTSTK,RECLTD,27-Jun-2024,480.0,PE,15.95,24.8,15.45,19.7,19.7,39,389.96,48000,30000,06-MAY-2024,
OPTSTK,RECLTD,27-Jun-2024,490.0,PE,19.0,29.65,19.0,23.65,23.65,67,687.25,50000,-8000,06-MAY-2024,
OPTSTK,RECLTD,27-Jun-2024,500.0,PE,19.05,36.3,19.0,27.8,27.8,311,3284.35,252000,72000,06-MAY-2024,
OPTSTK,RECLTD,27-Jun-2024,510.0,PE,28.55,39.55,27.2,32.35,32.35,53,575.29,52000,52000,06-MAY-2024,
OPTSTK,RECLTD,27-Jun-2024,520.0,PE,27.9,45.6,26.3,37.25,37.25,62,689.33,78000,30000,06-MAY-2024,
OPTSTK,RECLTD,27-Jun-2024,530.0,PE,28.25,51.9,28.25,40.9,43.5,12,137.22,14000,8000,06-MAY-2024,
OPTSTK,RECLTD,27-Jun-2024,540.0,PE,38.4,58.35,37.7,49.5,49.5,17,200.11,36000,-6000,06-MAY-2024,
OPTSTK,RECLTD,27-Jun-2024,550.0,PE,43.0,63.0,43.0,55.0,55.0,31,372.35,78000,12000,06-MAY-2024,
OPTSTK,RECLTD,27-Jun-2024,560.0,PE,45.0,64.0,45.0,63.7,62.1,9,110.55,14000,2000,06-MAY-2024,
OPTSTK,RECLTD,27-Jun-2024,570.0,PE,0.0,0.0,0.0,117.9,69.0,0,0.0,0,0,06-MAY-2024,
OPTSTK,RECLTD,27-Jun-2024,580.0,PE,0.0,0.0,0.0,128.6,76.15,0,0.0,0,0,06-MAY-2024,
OPTSTK,RECLTD,27-Jun-2024,590.0,PE,0.0,0.0,0.0,135.8,83.7,0,0.0,0,0,06-MAY-2024,
OPTSTK,RECLTD,27-Jun-2024,600.0,PE,100.0,100.0,90.0,90.0,91.45,6,83.45,10000,8000,06-MAY-2024,
OPTSTK,RECLTD,27-Jun-2024,610.0,PE,0.0,0.0,0.0,148.95,99.45,0,0.0,0,0,06-MAY-2024,
OPTSTK,RECLTD,27-Jun-2024,620.0,PE,0.0,0.0,0.0,163.75,107.65,0,0.0,0,0,06-MAY-2024,
OPTSTK,RECLTD,25-Jul-2024,360.0,CE,0.0,0.0,0.0,104.9,164.65,0,0.0,0,0,06-MAY-2024,
OPTSTK,RECLTD,25-Jul-2024,400.0,CE,0.0,0.0,0.0,75.25,129.5,0,0.0,0,0,06-MAY-2024,
OPTSTK,RECLTD,25-Jul-2024,420.0,CE,0.0,0.0,0.0,62.55,113.3,0,0.0,0,0,06-MAY-2024,
OPTSTK,RECLTD,25-Jul-2024,440.0,CE,0.0,0.0,0.0,51.45,98.2,0,0.0,0,0,06-MAY-2024,
OPTSTK,RECLTD,25-Jul-2024,460.0,CE,0.0,0.0,0.0,41.85,84.35,0,0.0,0,0,06-MAY-2024,
OPTSTK,RECLTD,25-Jul-2024,480.0,CE,0.0,0.0,0.0,33.65,71.8,0,0.0,0,0,06-MAY-2024,
OPTSTK,RECLTD,25-Jul-2024,500.0,CE,0.0,0.0,0.0,26.8,60.6,0,0.0,0,0,06-MAY-2024,
OPTSTK,RECLTD,25-Jul-2024,520.0,CE,0.0,0.0,0.0,21.2,50.7,0,0.0,0,0,06-MAY-2024,
OPTSTK,RECLTD,25-Jul-2024,540.0,CE,0.0,0.0,0.0,16.6,42.1,0,0.0,0,0,06-MAY-2024,
OPTSTK,RECLTD,25-Jul-2024,560.0,CE,0.0,0.0,0.0,12.9,34.7,0,0.0,0,0,06-MAY-2024,
OPTSTK,RECLTD,25-Jul-2024,580.0,CE,0.0,0.0,0.0,9.95,28.4,0,0.0,0,0,06-MAY-2024,
OPTSTK,RECLTD,25-Jul-2024,600.0,CE,30.0,30.0,19.6,20.5,20.5,23,286.57,84000,-12000,06-MAY-2024,
OPTSTK,RECLTD,25-Jul-2024,620.0,CE,0.0,0.0,0.0,5.85,18.7,0,0.0,0,0,06-MAY-2024,
OPTSTK,RECLTD,25-Jul-2024,640.0,CE,0.0,0.0,0.0,4.4,15.0,0,0.0,0,0,06-MAY-2024,
OPTSTK,RECLTD,25-Jul-2024,360.0,PE,0.0,0.0,0.0,7.15,2.35,0,0.0,0,0,06-MAY-2024,
OPTSTK,RECLTD,25-Jul-2024,400.0,PE,0.0,0.0,0.0,16.75,6.55,0,0.0,0,0,06-MAY-2024,
OPTSTK,RECLTD,25-Jul-2024,420.0,PE,0.0,0.0,0.0,23.75,10.05,0,0.0,0,0,06-MAY-2024,
OPTSTK,RECLTD,25-Jul-2024,440.0,PE,0.0,0.0,0.0,32.25,14.65,0,0.0,0,0,06-MAY-2024,
OPTSTK,RECLTD,25-Jul-2024,460.0,PE,0.0,0.0,0.0,42.25,20.45,0,0.0,0,0,06-MAY-2024,
OPTSTK,RECLTD,25-Jul-2024,480.0,PE,0.0,0.0,0.0,53.75,27.6,0,0.0,0,0,06-MAY-2024,
OPTSTK,RECLTD,25-Jul-2024,500.0,PE,0.0,0.0,0.0,66.55,36.1,0,0.0,0,0,06-MAY-2024,
OPTSTK,RECLTD,25-Jul-2024,520.0,PE,0.0,0.0,0.0,80.55,45.9,0,0.0,0,0,06-MAY-2024,
OPTSTK,RECLTD,25-Jul-2024,540.0,PE,0.0,0.0,0.0,95.6,56.95,0,0.0,0,0,06-MAY-2024,
OPTSTK,RECLTD,25-Jul-2024,560.0,PE,0.0,0.0,0.0,111.55,69.25,0,0.0,0,0,06-MAY-2024,
OPTSTK,RECLTD,25-Jul-2024,580.0,PE,0.0,0.0,0.0,128.25,82.6,0,0.0,0,0,06-MAY-2024,
OPTSTK,RECLTD,25-Jul-2024,600.0,PE,0.0,0.0,0.0,145.55,97.0,0,0.0,0,0,06-MAY-2024,
OPTSTK,RECLTD,25-Jul-2024,620.0,PE,0.0,0.0,0.0,163.4,112.3,0,0.0,0,0,06-MAY-2024,
OPTSTK,RECLTD,25-Jul-2024,640.0,PE,0.0,0.0,0.0,181.6,128.3,0,0.0,0,0,06-MAY-2024,
OPTSTK,RELIANCE,30-May-2024,2440.0,CE,0.0,0.0,0.0,534.35,410.7,0,0.0,0,0,06-MAY-2024,
OPTSTK,RELIANCE,30-May-2024,2480.0,CE,0.0,0.0,0.0,480.0,371.3,0,0.0,3000,0,06-MAY-2024,
OPTSTK,RELIANCE,30-May-2024,2520.0,CE,375.0,375.0,375.0,375.0,332.35,5,36.18,5500,0,06-MAY-2024,
OPTSTK,RELIANCE,30-May-2024,2560.0,CE,324.15,324.15,324.15,324.15,294.0,1,7.21,1750,250,06-MAY-2024,
OPTSTK,RELIANCE,30-May-2024,2600.0,CE,294.0,294.0,263.6,265.3,265.3,64,459.62,28500,-8250,06-MAY-2024,
OPTSTK,RELIANCE,30-May-2024,2620.0,CE,0.0,0.0,0.0,395.9,238.4,0,0.0,0,0,06-MAY-2024,
OPTSTK,RELIANCE,30-May-2024,2640.0,CE,0.0,0.0,0.0,219.95,220.6,0,0.0,3250,0,06-MAY-2024,
OPTSTK,RELIANCE,30-May-2024,2660.0,CE,0.0,0.0,0.0,226.85,203.3,0,0.0,4500,0,06-MAY-2024,
OPTSTK,RELIANCE,30-May-2024,2680.0,CE,200.1,201.5,191.4,192.2,192.2,45,323.77,26000,10000,06-MAY-2024,
OPTSTK,RELIANCE,30-May-2024,2700.0,CE,205.0,205.0,173.75,175.15,175.15,159,1146.15,54500,3750,06-MAY-2024,
OPTSTK,RELIANCE,30-May-2024,2720.0,CE,170.75,173.85,157.1,157.9,157.9,25,180.36,18250,-500,06-MAY-2024,
OPTSTK,RELIANCE,30-May-2024,2740.0,CE,167.7,167.7,140.6,140.85,140.85,129,932.35,80500,-12750,06-MAY-2024,
OPTSTK,RELIANCE,30-May-2024,2760.0,CE,147.5,151.45,124.65,125.8,125.8,90,650.99,28250,4750,06-MAY-2024,
OPTSTK,RELIANCE,30-May-2024,2780.0,CE,133.95,133.95,109.6,110.95,110.95,114,825.55,32500,6750,06-MAY-2024,
OPTSTK,RELIANCE,30-May-2024,2800.0,CE,117.05,121.25,96.2,97.7,97.7,1436,10426.79,324000,62750,06-MAY-2024,
OPTSTK,RELIANCE,30-May-2024,2820.0,CE,105.0,106.0,83.85,84.95,84.95,623,4532.32,107750,32750,06-MAY-2024,
OPTSTK,RELIANCE,30-May-2024,2840.0,CE,90.2,93.75,72.4,73.45,73.45,4521,32985.74,441500,163250,06-MAY-2024,
OPTSTK,RELIANCE,30-May-2024,2860.0,CE,78.35,80.6,62.05,62.9,62.9,8546,62562.22,708000,229250,06-MAY-2024,
OPTSTK,RELIANCE,30-May-2024,2880.0,CE,66.5,69.4,52.8,53.45,53.45,5823,42785.67,591500,121500,06-MAY-2024,
OPTSTK,RELIANCE,30-May-2024,2900.0,CE,58.55,58.95,44.25,45.0,45.0,16388,120841.37,2216000,84000,06-MAY-2024,
OPTSTK,RELIANCE,30-May-2024,2920.0,CE,48.8,49.45,37.1,37.55,37.55,4635,34317.01,623750,69500,06-MAY-2024,
OPTSTK,RELIANCE,30-May-2024,2940.0,CE,40.15,41.8,30.75,31.2,31.2,6777,50391.32,1579500,123750,06-MAY-2024,
OPTSTK,RELIANCE,30-May-2024,2960.0,CE,34.2,34.2,25.5,25.95,25.95,5612,41927.6,1495250,9000,06-MAY-2024,
OPTSTK,RELIANCE,30-May-2024,2980.0,CE,27.55,28.0,20.7,21.2,21.2,3778,28363.63,1190500,47500,06-MAY-2024,
OPTSTK,RELIANCE,30-May-2024,3000.0,CE,24.5,24.95,17.1,17.65,17.65,17374,131138.7,5393000,610000,06-MAY-2024,
OPTSTK,RELIANCE,30-May-2024,3020.0,CE,19.15,19.15,13.95,14.4,14.4,2901,22015.23,511250,8000,06-MAY-2024,
OPTSTK,RELIANCE,30-May-2024,3040.0,CE,15.55,15.55,11.45,11.8,11.8,1828,13950.55,484000,16250,06-MAY-2024,
OPTSTK,RELIANCE,30-May-2024,3060.0,CE,12.4,12.65,9.25,9.55,9.55,2588,19863.37,509000,-78500,06-MAY-2024,
OPTSTK,RELIANCE,30-May-2024,3080.0,CE,10.4,10.45,7.45,7.9,7.9,1346,10392.04,310500,-36250,06-MAY-2024,
OPTSTK,RELIANCE,30-May-2024,3100.0,CE,8.05,8.5,6.05,6.45,6.45,4529,35175.24,2660250,-90500,06-MAY-2024,
OPTSTK,RELIANCE,30-May-2024,3120.0,CE,7.25,7.3,5.0,5.45,5.45,1550,12111.25,405750,70250,06-MAY-2024,
OPTSTK,RELIANCE,30-May-2024,3140.0,CE,6.0,6.0,4.2,4.65,4.65,1082,8505.99,389500,69250,06-MAY-2024,
OPTSTK,RELIANCE,30-May-2024,3160.0,CE,5.0,5.0,3.65,4.05,4.05,948,7498.7,126750,-12750,06-MAY-2024,
OPTSTK,RELIANCE,30-May-2024,3180.0,CE,4.35,4.35,3.2,3.6,3.6,560,4456.94,105250,-13750,06-MAY-2024,
OPTSTK,RELIANCE,30-May-2024,3200.0,CE,4.05,4.25,3.0,3.35,3.35,2895,23184.05,1431250,-7500,06-MAY-2024,
OPTSTK,RELIANCE,30-May-2024,3220.0,CE,3.2,3.2,2.45,2.85,2.85,208,1675.82,168750,250,06-MAY-2024,
OPTSTK,RELIANCE,30-May-2024,3240.0,CE,2.8,2.8,1.85,2.5,2.5,294,2383.13,204750,-18500,06-MAY-2024,
OPTSTK,RELIANCE,30-May-2024,3280.0,CE,2.6,2.65,1.5,2.05,2.05,504,4135.24,313250,-17750,06-MAY-2024,
OPTSTK,RELIANCE,30-May-2024,3320.0,CE,2.25,2.25,1.85,2.0,2.0,160,1328.78,131750,-9750,06-MAY-2024,
OPTSTK,RELIANCE,30-May-2024,3360.0,CE,2.0,2.0,1.7,1.8,1.8,201,1689.3,132750,9500,06-MAY-2024,
OPTSTK,RELIANCE,30-May-2024,3400.0,CE,1.8,1.8,1.3,1.55,1.55,351,2984.81,459000,2500,06-MAY-2024,
OPTSTK,RELIANCE,30-May-2024,3440.0,CE,1.7,1.7,1.2,1.4,1.4,230,1978.81,180250,-4500,06-MAY-2024,
OPTSTK,RELIANCE,30-May-2024,2440.0,PE,0.0,0.0,0.0,8.45,0.4,0,0.0,0,0,06-MAY-2024,
OPTSTK,RELIANCE,30-May-2024,2480.0,PE,1.2,1.55,1.0,1.45,1.45,199,1234.45,110250,3500,06-MAY-2024,
OPTSTK,RELIANCE,30-May-2024,2520.0,PE,2.05,2.05,1.1,1.5,1.65,66,416.06,50750,-3750,06-MAY-2024,
OPTSTK,RELIANCE,30-May-2024,2560.0,PE,1.3,3.3,1.3,3.15,3.15,314,2011.52,29750,9750,06-MAY-2024,
OPTSTK,RELIANCE,30-May-2024,2600.0,PE,2.0,4.9,2.0,4.8,4.8,1342,8735.45,385750,63000,06-MAY-2024,
OPTSTK,RELIANCE,30-May-2024,2620.0,PE,3.75,5.9,3.45,5.85,5.85,233,1528.8,21500,21500,06-MAY-2024,
OPTSTK,RELIANCE,30-May-2024,2640.0,PE,5.2,7.4,3.15,7.1,7.1,878,5805.83,171250,18000,06-MAY-2024,
OPTSTK,RELIANCE,30-May-2024,2660.0,PE,6.9,9.1,4.05,8.9,8.9,845,5633.34,99000,6250,06-MAY-2024,
OPTSTK,RELIANCE,30-May-2024,2680.0,PE,6.9,11.4,5.35,11.0,11.0,743,4993.85,191750,13500,06-MAY-2024,
OPTSTK,RELIANCE,30-May-2024,2700.0,PE,27.0,27.0,6.65,13.65,13.65,3477,23564.63,1223750,124000,06-MAY-2024,
OPTSTK,RELIANCE,30-May-2024,2720.0,PE,10.95,17.1,8.0,16.5,16.5,987,6742.73,310500,-1250,06-MAY-2024,
OPTSTK,RELIANCE,30-May-2024,2740.0,PE,11.1,20.8,10.6,19.95,19.95,1562,10762.55,228500,-22500,06-MAY-2024,
OPTSTK,RELIANCE,30-May-2024,2760.0,PE,11.65,25.35,11.65,24.45,24.45,1826,12688.0,566000,10750,06-MAY-2024,
OPTSTK,RELIANCE,30-May-2024,2780.0,PE,17.05,30.55,16.7,29.6,29.6,2012,14102.3,278250,-20500,06-MAY-2024,
OPTSTK,RELIANCE,30-May-2024,2800.0,PE,22.85,37.0,20.9,35.85,35.85,8304,58758.35,1354500,147000,06-MAY-2024,
OPTSTK,RELIANCE,30-May-2024,2820.0,PE,28.65,44.4,26.4,42.9,42.9,2924,20877.91,492250,-2000,06-MAY-2024,
OPTSTK,RELIANCE,30-May-2024,2840.0,PE,33.0,53.2,32.1,51.55,51.55,5758,41538.11,682000,9250,06-MAY-2024,
OPTSTK,RELIANCE,30-May-2024,2860.0,PE,42.1,62.55,39.1,60.9,60.9,5235,38122.06,667500,2000,06-MAY-2024,
OPTSTK,RELIANCE,30-May-2024,2880.0,PE,49.5,73.1,47.7,71.35,71.35,2978,21900.62,336500,66000,06-MAY-2024,
OPTSTK,RELIANCE,30-May-2024,2900.0,PE,65.95,84.75,57.15,82.7,82.7,3380,25106.72,1336250,-98250,06-MAY-2024,
OPTSTK,RELIANCE,30-May-2024,2920.0,PE,69.45,97.15,68.25,95.2,95.2,1165,8751.32,340250,-32500,06-MAY-2024,
OPTSTK,RELIANCE,30-May-2024,2940.0,PE,85.2,110.8,81.1,108.7,108.7,1004,7627.16,434250,-29750,06-MAY-2024,
OPTSTK,RELIANCE,30-May-2024,2960.0,PE,95.0,125.55,92.45,123.2,123.2,434,3333.97,234250,-29750,06-MAY-2024,
OPTSTK,RELIANCE,30-May-2024,2980.0,PE,107.55,140.7,107.55,138.9,138.9,194,1507.64,203750,8250,06-MAY-2024,
OPTSTK,RELIANCE,30-May-2024,3000.0,PE,127.05,157.15,121.45,155.6,155.6,283,2223.49,535750,-7750,06-MAY-2024,
OPTSTK,RELIANCE,30-May-2024,3020.0,PE,141.0,166.95,139.8,166.1,185.65,48,381.07,38250,2750,06-MAY-2024,
OPTSTK,RELIANCE,30-May-2024,3040.0,PE,171.45,190.25,171.45,189.75,189.75,25,201.53,50750,500,06-MAY-2024,
OPTSTK,RELIANCE,30-May-2024,3060.0,PE,187.1,194.05,187.1,193.5,219.45,7,56.91,59750,500,06-MAY-2024,
OPTSTK,RELIANCE,30-May-2024,3080.0,PE,195.1,206.8,195.1,206.55,237.05,5,41.04,121250,-1000,06-MAY-2024,
OPTSTK,RELIANCE,30-May-2024,3100.0,PE,209.0,240.05,209.0,240.05,255.0,31,257.79,281250,-2750,06-MAY-2024,
OPTSTK,RELIANCE,30-May-2024,3120.0,PE,0.0,0.0,0.0,229.5,273.3,0,0.0,131000,0,06-MAY-2024,
OPTSTK,RELIANCE,30-May-2024,3140.0,PE,254.25,267.0,247.35,262.05,291.85,6,50.98,48750,500,06-MAY-2024,
OPTSTK,RELIANCE,30-May-2024,3160.0,PE,266.4,266.4,266.4,266.4,310.65,1,8.56,8000,250,06-MAY-2024,
OPTSTK,RELIANCE,30-May-2024,3180.0,PE,0.0,0.0,0.0,285.75,329.65,0,0.0,42500,0,06-MAY-2024,
OPTSTK,RELIANCE,30-May-2024,3200.0,PE,320.0,340.0,320.0,340.0,340.0,8,70.63,102250,250,06-MAY-2024,
OPTSTK,RELIANCE,30-May-2024,3220.0,PE,0.0,0.0,0.0,291.85,368.15,0,0.0,9750,0,06-MAY-2024,
OPTSTK,RELIANCE,30-May-2024,3240.0,PE,0.0,0.0,0.0,317.55,387.6,0,0.0,0,0,06-MAY-2024,
OPTSTK,RELIANCE,30-May-2024,3280.0,PE,0.0,0.0,0.0,342.0,426.8,0,0.0,5500,0,06-MAY-2024,
OPTSTK,RELIANCE,30-May-2024,3320.0,PE,0.0,0.0,0.0,394.0,466.2,0,0.0,1250,0,06-MAY-2024,
OPTSTK,RELIANCE,30-May-2024,3360.0,PE,0.0,0.0,0.0,408.05,505.8,0,0.0,750,0,06-MAY-2024,
OPTSTK,RELIANCE,30-May-2024,3400.0,PE,505.55,520.55,505.1,517.55,545.45,9,88.04,14750,-2250,06-MAY-2024,
OPTSTK,RELIANCE,27-Jun-2024,2440.0,CE,0.0,0.0,0.0,581.2,428.35,0,0.0,0,0,06-MAY-2024,
OPTSTK,RELIANCE,27-Jun-2024,2480.0,CE,0.0,0.0,0.0,544.15,390.95,0,0.0,0,0,06-MAY-2024,
OPTSTK,RELIANCE,27-Jun-2024,2520.0,CE,0.0,0.0,0.0,507.7,354.4,0,0.0,0,0,06-MAY-2024,
OPTSTK,RELIANCE,27-Jun-2024,2560.0,CE,0.0,0.0,0.0,472.05,319.0,0,0.0,0,0,06-MAY-2024,
OPTSTK,RELIANCE,27-Jun-2024,2600.0,CE,296.0,296.0,296.0,296.0,296.0,4,28.96,2250,1000,06-MAY-2024,
OPTSTK,RELIANCE,27-Jun-2024,2620.0,CE,0.0,0.0,0.0,349.8,268.4,0,0.0,0,0,06-MAY-2024,
OPTSTK,RELIANCE,27-Jun-2024,2640.0,CE,332.0,332.0,286.6,287.75,252.35,6,44.13,1500,1500,06-MAY-2024,
OPTSTK,RELIANCE,27-Jun-2024,2660.0,CE,0.0,0.0,0.0,316.15,236.7,0,0.0,0,0,06-MAY-2024,
OPTSTK,RELIANCE,27-Jun-2024,2680.0,CE,0.0,0.0,0.0,370.7,221.6,0,0.0,0,0,06-MAY-2024,
OPTSTK,RELIANCE,27-Jun-2024,2700.0,CE,250.0,250.0,233.0,233.5,233.5,55,403.72,18000,13000,06-MAY-2024,
OPTSTK,RELIANCE,27-Jun-2024,2720.0,CE,0.0,0.0,0.0,339.2,192.75,0,0.0,0,0,06-MAY-2024,
OPTSTK,RELIANCE,27-Jun-2024,2740.0,CE,0.0,0.0,0.0,253.35,179.2,0,0.0,0,0,06-MAY-2024,
OPTSTK,RELIANCE,27-Jun-2024,2760.0,CE,0.0,0.0,0.0,309.1,166.2,0,0.0,0,0,06-MAY-2024,
OPTSTK,RELIANCE,27-Jun-2024,2780.0,CE,0.0,0.0,0.0,224.4,153.75,0,0.0,0,0,06-MAY-2024,
OPTSTK,RELIANCE,27-Jun-2024,2800.0,CE,178.4,178.4,167.0,168.7,168.7,55,408.4,27750,5250,06-MAY-2024,
OPTSTK,RELIANCE,27-Jun-2024,2820.0,CE,0.0,0.0,0.0,177.0,130.6,0,0.0,500,0,06-MAY-2024,
OPTSTK,RELIANCE,27-Jun-2024,2840.0,CE,0.0,0.0,0.0,253.2,119.95,0,0.0,0,0,06-MAY-2024,
OPTSTK,RELIANCE,27-Jun-2024,2860.0,CE,0.0,0.0,0.0,172.45,109.85,0,0.0,0,0,06-MAY-2024,
OPTSTK,RELIANCE,27-Jun-2024,2880.0,CE,0.0,0.0,0.0,227.65,100.35,0,0.0,0,0,06-MAY-2024,
OPTSTK,RELIANCE,27-Jun-2024,2900.0,CE,128.6,128.6,117.0,119.55,119.55,315,2378.08,91750,27500,06-MAY-2024,
OPTSTK,RELIANCE,27-Jun-2024,2920.0,CE,0.0,0.0,0.0,115.0,83.15,0,0.0,3000,0,06-MAY-2024,
OPTSTK,RELIANCE,27-Jun-2024,2940.0,CE,0.0,0.0,0.0,104.0,75.35,0,0.0,3750,0,06-MAY-2024,
OPTSTK,RELIANCE,27-Jun-2024,2960.0,CE,109.9,109.9,94.45,95.0,68.15,5,38.22,6250,500,06-MAY-2024,
OPTSTK,RELIANCE,27-Jun-2024,2980.0,CE,0.0,0.0,0.0,99.5,61.45,0,0.0,1500,0,06-MAY-2024,
OPTSTK,RELIANCE,27-Jun-2024,3000.0,CE,84.95,85.1,76.2,80.2,80.2,552,4249.96,257750,22000,06-MAY-2024,
OPTSTK,RELIANCE,27-Jun-2024,3020.0,CE,0.0,0.0,0.0,93.1,49.6,0,0.0,0,0,06-MAY-2024,
OPTSTK,RELIANCE,27-Jun-2024,3040.0,CE,0.0,0.0,0.0,142.0,44.55,0,0.0,0,0,06-MAY-2024,
OPTSTK,RELIANCE,27-Jun-2024,3060.0,CE,0.0,0.0,0.0,78.3,39.8,0,0.0,0,0,06-MAY-2024,
OPTSTK,RELIANCE,27-Jun-2024,3080.0,CE,55.0,55.0,55.0,55.0,35.35,1,7.83,750,0,06-MAY-2024,
OPTSTK,RELIANCE,27-Jun-2024,3100.0,CE,51.8,54.75,46.55,50.65,50.65,365,2875.28,128750,9000,06-MAY-2024,
OPTSTK,RELIANCE,27-Jun-2024,3120.0,CE,0.0,0.0,0.0,109.05,27.8,0,0.0,0,0,06-MAY-2024,
OPTSTK,RELIANCE,27-Jun-2024,3140.0,CE,0.0,0.0,0.0,55.2,24.6,0,0.0,250,0,06-MAY-2024,
OPTSTK,RELIANCE,27-Jun-2024,3160.0,CE,0.0,0.0,0.0,40.65,21.65,0,0.0,8250,0,06-MAY-2024,
OPTSTK,RELIANCE,27-Jun-2024,3180.0,CE,31.55,35.65,31.55,35.65,19.05,2,16.06,0,0,06-MAY-2024,
OPTSTK,RELIANCE,27-Jun-2024,3200.0,CE,33.8,35.7,29.35,32.45,32.45,294,2375.26,215250,14500,06-MAY-2024,
OPTSTK,RELIANCE,27-Jun-2024,3240.0,CE,0.0,0.0,0.0,70.9,12.75,0,0.0,0,0,06-MAY-2024,
OPTSTK,RELIANCE,27-Jun-2024,3280.0,CE,19.95,20.05,19.95,20.05,20.05,2,16.5,2000,250,06-MAY-2024,
OPTSTK,RELIANCE,27-Jun-2024,3320.0,CE,0.0,0.0,0.0,20.1,7.25,0,0.0,1000,0,06-MAY-2024,
OPTSTK,RELIANCE,27-Jun-2024,3360.0,CE,12.3,15.2,12.3,13.15,13.15,48,404.8,59750,2750,06-MAY-2024,
OPTSTK,RELIANCE,27-Jun-2024,2440.0,PE,0.0,0.0,0.0,5.9,4.15,0,0.0,0,0,06-MAY-2024,
OPTSTK,RELIANCE,27-Jun-2024,2480.0,PE,0.0,0.0,0.0,8.15,6.35,0,0.0,0,0,06-MAY-2024,
OPTSTK,RELIANCE,27-Jun-2024,2520.0,PE,13.3,20.3,13.3,20.1,20.1,34,215.66,11250,4750,06-MAY-2024,
OPTSTK,RELIANCE,27-Jun-2024,2560.0,PE,0.0,0.0,0.0,14.6,13.55,0,0.0,0,0,06-MAY-2024,
OPTSTK,RELIANCE,27-Jun-2024,2600.0,PE,20.8,34.35,20.8,32.25,32.25,267,1755.16,81750,43500,06-MAY-2024,
OPTSTK,RELIANCE,27-Jun-2024,2620.0,PE,0.0,0.0,0.0,17.0,22.35,0,0.0,0,0,06-MAY-2024,
OPTSTK,RELIANCE,27-Jun-2024,2640.0,PE,0.0,0.0,0.0,24.5,26.1,0,0.0,0,0,06-MAY-2024,
OPTSTK,RELIANCE,27-Jun-2024,2660.0,PE,0.0,0.0,0.0,22.85,30.25,0,0.0,0,0,06-MAY-2024,
OPTSTK,RELIANCE,27-Jun-2024,2680.0,PE,0.0,0.0,0.0,31.1,34.9,0,0.0,0,0,06-MAY-2024,
OPTSTK,RELIANCE,27-Jun-2024,2700.0,PE,37.9,55.9,37.9,54.5,54.5,253,1739.49,114750,35500,06-MAY-2024,
OPTSTK,RELIANCE,27-Jun-2024,2720.0,PE,0.0,0.0,0.0,47.75,45.7,0,0.0,9250,0,06-MAY-2024,
OPTSTK,RELIANCE,27-Jun-2024,2740.0,PE,49.25,49.25,49.25,49.25,51.9,2,13.94,1000,0,06-MAY-2024,
OPTSTK,RELIANCE,27-Jun-2024,2760.0,PE,0.0,0.0,0.0,69.9,58.7,0,0.0,5000,0,06-MAY-2024,
OPTSTK,RELIANCE,27-Jun-2024,2780.0,PE,0.0,0.0,0.0,49.6,66.05,0,0.0,0,0,06-MAY-2024,
OPTSTK,RELIANCE,27-Jun-2024,2800.0,PE,71.75,91.35,65.75,89.5,89.5,591,4255.62,422250,17750,06-MAY-2024,
OPTSTK,RELIANCE,27-Jun-2024,2820.0,PE,0.0,0.0,0.0,62.15,82.5,0,0.0,0,0,06-MAY-2024,
OPTSTK,RELIANCE,27-Jun-2024,2840.0,PE,84.95,84.95,84.95,84.95,91.65,1,7.31,750,250,06-MAY-2024,
OPTSTK,RELIANCE,27-Jun-2024,2860.0,PE,0.0,0.0,0.0,76.65,101.35,0,0.0,0,0,06-MAY-2024,
OPTSTK,RELIANCE,27-Jun-2024,2880.0,PE,0.0,0.0,0.0,84.45,111.65,0,0.0,0,0,06-MAY-2024,
OPTSTK,RELIANCE,27-Jun-2024,2900.0,PE,106.45,140.75,106.45,139.25,139.25,169,1279.53,110000,13750,06-MAY-2024,
OPTSTK,RELIANCE,27-Jun-2024,2920.0,PE,0.0,0.0,0.0,79.8,134.0,0,0.0,500,0,06-MAY-2024,
OPTSTK,RELIANCE,27-Jun-2024,2940.0,PE,0.0,0.0,0.0,154.05,146.05,0,0.0,500,0,06-MAY-2024,
OPTSTK,RELIANCE,27-Jun-2024,2960.0,PE,0.0,0.0,0.0,85.3,158.6,0,0.0,0,0,06-MAY-2024,
OPTSTK,RELIANCE,27-Jun-2024,2980.0,PE,0.0,0.0,0.0,132.55,171.7,0,0.0,0,0,06-MAY-2024,
OPTSTK,RELIANCE,27-Jun-2024,3000.0,PE,168.0,194.0,168.0,194.0,194.0,49,390.24,60500,8000,06-MAY-2024,
OPTSTK,RELIANCE,27-Jun-2024,3020.0,PE,0.0,0.0,0.0,155.3,199.45,0,0.0,0,0,06-MAY-2024,
OPTSTK,RELIANCE,27-Jun-2024,3040.0,PE,0.0,0.0,0.0,155.95,214.15,0,0.0,0,0,06-MAY-2024,
OPTSTK,RELIANCE,27-Jun-2024,3060.0,PE,0.0,0.0,0.0,180.0,229.2,0,0.0,0,0,06-MAY-2024,
OPTSTK,RELIANCE,27-Jun-2024,3080.0,PE,0.0,0.0,0.0,178.0,244.55,0,0.0,0,0,06-MAY-2024,
OPTSTK,RELIANCE,27-Jun-2024,3100.0,PE,248.75,257.1,248.75,257.1,260.4,2,16.76,16500,-250,06-MAY-2024,
OPTSTK,RELIANCE,27-Jun-2024,3120.0,PE,0.0,0.0,0.0,201.6,276.6,0,0.0,0,0,06-MAY-2024,
OPTSTK,RELIANCE,27-Jun-2024,3140.0,PE,0.0,0.0,0.0,234.8,293.2,0,0.0,0,0,06-MAY-2024,
OPTSTK,RELIANCE,27-Jun-2024,3160.0,PE,0.0,0.0,0.0,226.75,310.05,0,0.0,0,0,06-MAY-2024,
OPTSTK,RELIANCE,27-Jun-2024,3180.0,PE,0.0,0.0,0.0,264.85,327.25,0,0.0,0,0,06-MAY-2024,
OPTSTK,RELIANCE,27-Jun-2024,3200.0,PE,0.0,0.0,0.0,249.65,344.7,0,0.0,250,0,06-MAY-2024,
OPTSTK,RELIANCE,27-Jun-2024,3240.0,PE,0.0,0.0,0.0,281.3,380.35,0,0.0,0,0,06-MAY-2024,
OPTSTK,RELIANCE,27-Jun-2024,3280.0,PE,0.0,0.0,0.0,310.7,416.8,0,0.0,0,0,06-MAY-2024,
OPTSTK,RELIANCE,27-Jun-2024,3320.0,PE,0.0,0.0,0.0,341.05,453.95,0,0.0,0,0,06-MAY-2024,
OPTSTK,RELIANCE,27-Jun-2024,3360.0,PE,0.0,0.0,0.0,372.6,491.7,0,0.0,0,0,06-MAY-2024,
OPTSTK,RELIANCE,25-Jul-2024,2480.0,CE,0.0,0.0,0.0,495.4,412.0,0,0.0,0,0,06-MAY-2024,
OPTSTK,RELIANCE,25-Jul-2024,2560.0,CE,0.0,0.0,0.0,424.95,343.9,0,0.0,0,0,06-MAY-2024,
OPTSTK,RELIANCE,25-Jul-2024,2640.0,CE,0.0,0.0,0.0,358.55,281.0,0,0.0,0,0,06-MAY-2024,
OPTSTK,RELIANCE,25-Jul-2024,2680.0,CE,0.0,0.0,0.0,327.2,251.95,0,0.0,0,0,06-MAY-2024,
OPTSTK,RELIANCE,25-Jul-2024,2720.0,CE,0.0,0.0,0.0,297.35,224.4,0,0.0,0,0,06-MAY-2024,
OPTSTK,RELIANCE,25-Jul-2024,2760.0,CE,0.0,0.0,0.0,268.75,198.8,0,0.0,0,0,06-MAY-2024,
OPTSTK,RELIANCE,25-Jul-2024,2800.0,CE,0.0,0.0,0.0,241.85,175.05,0,0.0,0,0,06-MAY-2024,
OPTSTK,RELIANCE,25-Jul-2024,2840.0,CE,0.0,0.0,0.0,216.65,153.2,0,0.0,0,0,06-MAY-2024,
OPTSTK,RELIANCE,25-Jul-2024,2880.0,CE,0.0,0.0,0.0,193.1,133.25,0,0.0,0,0,06-MAY-2024,
OPTSTK,RELIANCE,25-Jul-2024,2920.0,CE,0.0,0.0,0.0,171.25,115.2,0,0.0,0,0,06-MAY-2024,
OPTSTK,RELIANCE,25-Jul-2024,2960.0,CE,0.0,0.0,0.0,151.15,99.0,0,0.0,0,0,06-MAY-2024,
OPTSTK,RELIANCE,25-Jul-2024,3000.0,CE,115.8,116.0,112.0,113.15,113.15,43,334.68,28000,10250,06-MAY-2024,
OPTSTK,RELIANCE,25-Jul-2024,3040.0,CE,0.0,0.0,0.0,116.0,71.7,0,0.0,0,0,06-MAY-2024,
OPTSTK,RELIANCE,25-Jul-2024,3080.0,CE,0.0,0.0,0.0,100.9,60.5,0,0.0,0,0,06-MAY-2024,
OPTSTK,RELIANCE,25-Jul-2024,3120.0,CE,0.0,0.0,0.0,87.3,50.85,0,0.0,0,0,06-MAY-2024,
OPTSTK,RELIANCE,25-Jul-2024,3160.0,CE,0.0,0.0,0.0,75.2,42.3,0,0.0,0,0,06-MAY-2024,
OPTSTK,RELIANCE,25-Jul-2024,3200.0,CE,42.1,50.0,42.1,50.0,50.0,2,16.23,1750,500,06-MAY-2024,
OPTSTK,RELIANCE,25-Jul-2024,3280.0,CE,0.0,0.0,0.0,46.75,23.65,0,0.0,0,0,06-MAY-2024,
OPTSTK,RELIANCE,25-Jul-2024,3360.0,CE,0.0,0.0,0.0,33.25,15.6,0,0.0,0,0,06-MAY-2024,
OPTSTK,RELIANCE,25-Jul-2024,2480.0,PE,0.0,0.0,0.0,10.65,13.75,0,0.0,0,0,06-MAY-2024,
OPTSTK,RELIANCE,25-Jul-2024,2560.0,PE,0.0,0.0,0.0,18.75,24.35,0,0.0,0,0,06-MAY-2024,
OPTSTK,RELIANCE,25-Jul-2024,2640.0,PE,0.0,0.0,0.0,30.9,40.2,0,0.0,0,0,06-MAY-2024,
OPTSTK,RELIANCE,25-Jul-2024,2680.0,PE,0.0,0.0,0.0,38.85,50.5,0,0.0,0,0,06-MAY-2024,
OPTSTK,RELIANCE,25-Jul-2024,2720.0,PE,0.0,0.0,0.0,66.0,62.35,0,0.0,1500,0,06-MAY-2024,
OPTSTK,RELIANCE,25-Jul-2024,2760.0,PE,0.0,0.0,0.0,58.95,76.1,0,0.0,0,0,06-MAY-2024,
OPTSTK,RELIANCE,25-Jul-2024,2800.0,PE,79.9,105.0,79.7,104.35,104.35,15,108.54,29750,2750,06-MAY-2024,
OPTSTK,RELIANCE,25-Jul-2024,2840.0,PE,0.0,0.0,0.0,85.4,109.25,0,0.0,0,0,06-MAY-2024,
OPTSTK,RELIANCE,25-Jul-2024,2880.0,PE,0.0,0.0,0.0,101.15,128.7,0,0.0,0,0,06-MAY-2024,
OPTSTK,RELIANCE,25-Jul-2024,2920.0,PE,0.0,0.0,0.0,110.0,150.0,0,0.0,500,0,06-MAY-2024,
OPTSTK,RELIANCE,25-Jul-2024,2960.0,PE,0.0,0.0,0.0,137.75,173.15,0,0.0,0,0,06-MAY-2024,
OPTSTK,RELIANCE,25-Jul-2024,3000.0,PE,195.0,195.0,195.0,195.0,198.05,1,7.98,250,250,06-MAY-2024,
OPTSTK,RELIANCE,25-Jul-2024,3040.0,PE,0.0,0.0,0.0,181.15,224.6,0,0.0,0,0,06-MAY-2024,
OPTSTK,RELIANCE,25-Jul-2024,3080.0,PE,0.0,0.0,0.0,205.35,252.75,0,0.0,0,0,06-MAY-2024,
OPTSTK,RELIANCE,25-Jul-2024,3120.0,PE,0.0,0.0,0.0,231.0,282.5,0,0.0,0,0,06-MAY-2024,
OPTSTK,RELIANCE,25-Jul-2024,3160.0,PE,0.0,0.0,0.0,258.2,313.3,0,0.0,0,0,06-MAY-2024,
OPTSTK,RELIANCE,25-Jul-2024,3200.0,PE,0.0,0.0,0.0,286.7,345.45,0,0.0,0,0,06-MAY-2024,
OPTSTK,RELIANCE,25-Jul-2024,3280.0,PE,0.0,0.0,0.0,347.55,412.75,0,0.0,0,0,06-MAY-2024,
OPTSTK,RELIANCE,25-Jul-2024,3360.0,PE,0.0,0.0,0.0,412.6,483.45,0,0.0,0,0,06-MAY-2024,
OPTSTK,SAIL,30-May-2024,120.0,CE,0.0,0.0,0.0,45.15,43.5,0,0.0,88000,0,06-MAY-2024,
OPTSTK,SAIL,30-May-2024,125.0,CE,0.0,0.0,0.0,44.75,38.6,0,0.0,12000,0,06-MAY-2024,
OPTSTK,SAIL,30-May-2024,130.0,CE,0.0,0.0,0.0,36.5,33.8,0,0.0,52000,0,06-MAY-2024,
OPTSTK,SAIL,30-May-2024,135.0,CE,28.95,31.45,28.35,29.55,29.1,11,72.68,40000,0,06-MAY-2024,
OPTSTK,SAIL,30-May-2024,137.5,CE,0.0,0.0,0.0,10.15,26.85,0,0.0,0,0,06-MAY-2024,
OPTSTK,SAIL,30-May-2024,140.0,CE,27.45,27.45,21.1,23.8,23.8,56,365.57,432000,68000,06-MAY-2024,
OPTSTK,SAIL,30-May-2024,142.5,CE,0.0,0.0,0.0,8.15,22.5,0,0.0,0,0,06-MAY-2024,
OPTSTK,SAIL,30-May-2024,145.0,CE,21.8,21.8,19.4,19.9,20.4,20,132.27,160000,-32000,06-MAY-2024,
OPTSTK,SAIL,30-May-2024,147.5,CE,20.8,20.9,14.9,18.2,18.45,67,443.59,136000,120000,06-MAY-2024,
OPTSTK,SAIL,30-May-2024,150.0,CE,20.95,21.0,13.1,15.65,15.65,196,1301.98,2500000,208000,06-MAY-2024,
OPTSTK,SAIL,30-May-2024,152.5,CE,14.0,16.65,11.35,14.3,14.8,49,326.53,96000,-52000,06-MAY-2024,
OPTSTK,SAIL,30-May-2024,155.0,CE,17.35,17.4,9.9,11.95,11.95,231,1546.6,2476000,-16000,06-MAY-2024,
OPTSTK,SAIL,30-May-2024,157.5,CE,13.95,13.95,8.25,10.5,10.5,181,1217.45,268000,-80000,06-MAY-2024,
OPTSTK,SAIL,30-May-2024,160.0,CE,13.0,13.1,7.0,8.95,8.95,2781,18827.11,4176000,868000,06-MAY-2024,
OPTSTK,SAIL,30-May-2024,162.5,CE,11.85,11.85,6.1,7.6,7.6,608,4144.76,416000,164000,06-MAY-2024,
OPTSTK,SAIL,30-May-2024,165.0,CE,10.55,10.6,5.05,6.4,6.4,4664,32067.15,4340000,1500000,06-MAY-2024,
OPTSTK,SAIL,30-May-2024,167.5,CE,9.05,9.15,4.25,5.35,5.35,1599,11090.04,1052000,36000,06-MAY-2024,
OPTSTK,SAIL,30-May-2024,170.0,CE,7.95,8.0,3.6,4.45,4.45,6749,47301.47,11732000,1496000,06-MAY-2024,
OPTSTK,SAIL,30-May-2024,172.5,CE,6.8,6.8,3.0,3.7,3.7,547,3867.7,740000,-116000,06-MAY-2024,
OPTSTK,SAIL,30-May-2024,175.0,CE,6.0,6.0,2.5,3.0,3.0,3419,24419.91,5804000,512000,06-MAY-2024,
OPTSTK,SAIL,30-May-2024,177.5,CE,4.7,4.7,2.05,2.4,2.4,205,1479.79,392000,20000,06-MAY-2024,
OPTSTK,SAIL,30-May-2024,180.0,CE,4.25,4.35,1.65,1.95,1.95,2974,21699.31,6796000,1268000,06-MAY-2024,
OPTSTK,SAIL,30-May-2024,182.5,CE,3.55,3.55,1.4,1.55,1.55,251,1853.17,824000,36000,06-MAY-2024,
OPTSTK,SAIL,30-May-2024,185.0,CE,2.85,3.0,1.15,1.25,1.25,1132,8450.55,3140000,316000,06-MAY-2024,
OPTSTK,SAIL,30-May-2024,190.0,CE,2.15,2.15,0.7,0.85,0.85,3480,26590.33,6532000,1644000,06-MAY-2024,
OPTSTK,SAIL,30-May-2024,120.0,PE,0.15,0.25,0.15,0.2,0.2,57,274.03,556000,144000,06-MAY-2024,
OPTSTK,SAIL,30-May-2024,125.0,PE,0.15,0.25,0.15,0.2,0.2,21,105.16,168000,4000,06-MAY-2024,
OPTSTK,SAIL,30-May-2024,130.0,PE,0.25,0.45,0.25,0.3,0.3,154,802.78,1240000,-60000,06-MAY-2024,
OPTSTK,SAIL,30-May-2024,135.0,PE,0.35,0.7,0.35,0.4,0.4,177,959.35,1512000,32000,06-MAY-2024,
OPTSTK,SAIL,30-May-2024,137.5,PE,0.75,0.8,0.5,0.55,0.8,28,154.66,316000,-24000,06-MAY-2024,
OPTSTK,SAIL,30-May-2024,140.0,PE,0.5,1.15,0.5,0.65,0.65,1041,5861.83,3016000,432000,06-MAY-2024,
OPTSTK,SAIL,30-May-2024,142.5,PE,0.65,1.5,0.6,0.85,0.85,130,746.33,192000,-20000,06-MAY-2024,
OPTSTK,SAIL,30-May-2024,145.0,PE,0.8,2.0,0.8,1.05,1.05,1138,6656.64,3488000,-280000,06-MAY-2024,
OPTSTK,SAIL,30-May-2024,147.5,PE,1.1,2.55,1.1,1.4,1.4,218,1301.44,400000,160000,06-MAY-2024,
OPTSTK,SAIL,30-May-2024,150.0,PE,1.45,3.35,1.35,1.8,1.8,1750,10654.93,4688000,48000,06-MAY-2024,
OPTSTK,SAIL,30-May-2024,152.5,PE,1.85,4.1,1.75,2.35,2.35,217,1347.49,244000,0,06-MAY-2024,
OPTSTK,SAIL,30-May-2024,155.0,PE,2.4,5.05,2.3,3.1,3.1,1296,8221.57,3068000,244000,06-MAY-2024,
OPTSTK,SAIL,30-May-2024,157.5,PE,3.05,6.15,2.9,3.95,3.95,447,2898.42,448000,12000,06-MAY-2024,
OPTSTK,SAIL,30-May-2024,160.0,PE,3.65,7.5,3.65,4.9,4.9,3757,24865.44,5252000,828000,06-MAY-2024,
OPTSTK,SAIL,30-May-2024,162.5,PE,4.6,8.8,4.6,6.05,6.05,697,4718.24,784000,460000,06-MAY-2024,
OPTSTK,SAIL,30-May-2024,165.0,PE,5.65,10.45,5.4,7.3,7.3,1817,12566.5,2532000,-244000,06-MAY-2024,
OPTSTK,SAIL,30-May-2024,167.5,PE,7.0,12.25,6.6,8.75,8.75,369,2606.89,276000,-128000,06-MAY-2024,
OPTSTK,SAIL,30-May-2024,170.0,PE,8.55,13.85,7.8,10.35,10.35,1135,8183.61,3492000,-4000,06-MAY-2024,
OPTSTK,SAIL,30-May-2024,172.5,PE,13.05,15.85,10.7,12.05,12.05,88,653.28,164000,-8000,06-MAY-2024,
OPTSTK,SAIL,30-May-2024,175.0,PE,11.3,17.5,11.3,13.85,13.85,210,1591.42,1080000,-20000,06-MAY-2024,
OPTSTK,SAIL,30-May-2024,177.5,PE,13.5,19.55,13.5,15.6,17.3,59,457.72,204000,-40000,06-MAY-2024,
OPTSTK,SAIL,30-May-2024,180.0,PE,14.7,21.7,14.7,16.7,19.2,101,801.45,640000,-72000,06-MAY-2024,
OPTSTK,SAIL,30-May-2024,182.5,PE,16.3,23.35,16.3,19.6,21.2,63,510.99,164000,32000,06-MAY-2024,
OPTSTK,SAIL,30-May-2024,185.0,PE,26.05,26.05,20.0,21.75,23.3,21,174.02,428000,0,06-MAY-2024,
OPTSTK,SAIL,30-May-2024,190.0,PE,28.55,28.6,24.3,25.75,27.6,14,121.09,184000,36000,06-MAY-2024,
OPTSTK,SAIL,27-Jun-2024,135.0,CE,0.0,0.0,0.0,13.85,31.45,0,0.0,0,0,06-MAY-2024,
OPTSTK,SAIL,27-Jun-2024,137.5,CE,0.0,0.0,0.0,32.2,29.4,0,0.0,0,0,06-MAY-2024,
OPTSTK,SAIL,27-Jun-2024,140.0,CE,0.0,0.0,0.0,11.7,27.45,0,0.0,0,0,06-MAY-2024,
OPTSTK,SAIL,27-Jun-2024,142.5,CE,0.0,0.0,0.0,28.4,25.55,0,0.0,0,0,06-MAY-2024,
OPTSTK,SAIL,27-Jun-2024,145.0,CE,0.0,0.0,0.0,9.8,23.75,0,0.0,0,0,06-MAY-2024,
OPTSTK,SAIL,27-Jun-2024,147.5,CE,0.0,0.0,0.0,24.85,22.0,0,0.0,0,0,06-MAY-2024,
OPTSTK,SAIL,27-Jun-2024,150.0,CE,21.8,21.8,21.5,21.5,20.35,4,27.45,20000,16000,06-MAY-2024,
OPTSTK,SAIL,27-Jun-2024,152.5,CE,0.0,0.0,0.0,21.6,18.75,0,0.0,0,0,06-MAY-2024,
OPTSTK,SAIL,27-Jun-2024,155.0,CE,0.0,0.0,0.0,6.8,17.25,0,0.0,0,0,06-MAY-2024,
OPTSTK,SAIL,27-Jun-2024,157.5,CE,0.0,0.0,0.0,18.65,15.85,0,0.0,0,0,06-MAY-2024,
OPTSTK,SAIL,27-Jun-2024,160.0,CE,16.0,16.5,14.0,14.8,14.55,9,63.13,28000,4000,06-MAY-2024,
OPTSTK,SAIL,27-Jun-2024,162.5,CE,0.0,0.0,0.0,16.0,13.3,0,0.0,0,0,06-MAY-2024,
OPTSTK,SAIL,27-Jun-2024,165.0,CE,14.15,14.2,12.5,13.15,12.1,4,28.56,136000,8000,06-MAY-2024,
OPTSTK,SAIL,27-Jun-2024,167.5,CE,0.0,0.0,0.0,14.85,11.0,0,0.0,12000,0,06-MAY-2024,
OPTSTK,SAIL,27-Jun-2024,170.0,CE,12.65,12.65,9.35,10.55,10.55,49,354.54,520000,12000,06-MAY-2024,
OPTSTK,SAIL,27-Jun-2024,172.5,CE,0.0,0.0,0.0,11.5,9.05,0,0.0,0,0,06-MAY-2024,
OPTSTK,SAIL,27-Jun-2024,175.0,CE,9.4,9.4,8.35,8.5,8.5,17,124.93,88000,56000,06-MAY-2024,
OPTSTK,SAIL,27-Jun-2024,177.5,CE,10.85,10.85,10.85,10.85,7.4,1,7.53,4000,4000,06-MAY-2024,
OPTSTK,SAIL,27-Jun-2024,180.0,CE,9.0,9.0,6.6,7.2,7.2,39,292.38,296000,4000,06-MAY-2024,
OPTSTK,SAIL,27-Jun-2024,185.0,CE,6.8,6.8,6.25,6.25,5.35,4,30.63,12000,8000,06-MAY-2024,
OPTSTK,SAIL,27-Jun-2024,190.0,CE,4.95,5.3,4.5,4.9,4.9,14,109.16,44000,28000,06-MAY-2024,
OPTSTK,SAIL,27-Jun-2024,130.0,PE,1.8,1.9,1.55,1.75,1.75,42,221.2,48000,24000,06-MAY-2024,
OPTSTK,SAIL,27-Jun-2024,135.0,PE,0.0,0.0,0.0,12.2,2.15,0,0.0,0,0,06-MAY-2024,
OPTSTK,SAIL,27-Jun-2024,137.5,PE,0.0,0.0,0.0,3.0,2.6,0,0.0,0,0,06-MAY-2024,
OPTSTK,SAIL,27-Jun-2024,140.0,PE,0.0,0.0,0.0,2.55,3.1,0,0.0,12000,0,06-MAY-2024,
OPTSTK,SAIL,27-Jun-2024,142.5,PE,0.0,0.0,0.0,4.15,3.7,0,0.0,0,0,06-MAY-2024,
OPTSTK,SAIL,27-Jun-2024,145.0,PE,4.5,4.5,4.4,4.4,4.35,7,41.84,24000,20000,06-MAY-2024,
OPTSTK,SAIL,27-Jun-2024,147.5,PE,0.0,0.0,0.0,5.55,5.1,0,0.0,0,0,06-MAY-2024,
OPTSTK,SAIL,27-Jun-2024,150.0,PE,5.4,6.0,5.4,5.9,5.9,19,118.34,112000,36000,06-MAY-2024,
OPTSTK,SAIL,27-Jun-2024,152.5,PE,0.0,0.0,0.0,7.25,6.8,0,0.0,0,0,06-MAY-2024,
OPTSTK,SAIL,27-Jun-2024,155.0,PE,7.5,7.95,7.05,7.8,7.8,5,32.53,16000,8000,06-MAY-2024,
OPTSTK,SAIL,27-Jun-2024,157.5,PE,0.0,0.0,0.0,9.25,8.85,0,0.0,0,0,06-MAY-2024,
OPTSTK,SAIL,27-Jun-2024,160.0,PE,9.2,10.3,9.2,9.65,10.0,7,47.54,80000,8000,06-MAY-2024,
OPTSTK,SAIL,27-Jun-2024,162.5,PE,0.0,0.0,0.0,11.5,11.2,0,0.0,0,0,06-MAY-2024,
OPTSTK,SAIL,27-Jun-2024,165.0,PE,11.3,13.0,11.3,12.55,12.55,7,49.62,52000,16000,06-MAY-2024,
OPTSTK,SAIL,27-Jun-2024,167.5,PE,0.0,0.0,0.0,14.05,13.9,0,0.0,0,0,06-MAY-2024,
OPTSTK,SAIL,27-Jun-2024,170.0,PE,16.85,17.9,13.95,14.1,15.35,25,184.75,336000,60000,06-MAY-2024,
OPTSTK,SAIL,27-Jun-2024,172.5,PE,0.0,0.0,0.0,16.9,16.9,0,0.0,0,0,06-MAY-2024,
OPTSTK,SAIL,27-Jun-2024,175.0,PE,17.0,17.0,17.0,17.0,18.5,2,15.36,8000,8000,06-MAY-2024,
OPTSTK,SAIL,27-Jun-2024,177.5,PE,0.0,0.0,0.0,20.0,20.15,0,0.0,0,0,06-MAY-2024,
OPTSTK,SAIL,27-Jun-2024,180.0,PE,22.5,22.5,20.2,21.2,21.9,32,257.82,128000,104000,06-MAY-2024,
OPTSTK,SAIL,27-Jun-2024,185.0,PE,0.0,0.0,0.0,43.9,25.55,0,0.0,0,0,06-MAY-2024,
OPTSTK,SAIL,27-Jun-2024,190.0,PE,0.0,0.0,0.0,54.0,29.45,0,0.0,0,0,06-MAY-2024,
OPTSTK,SAIL,25-Jul-2024,135.0,CE,0.0,0.0,0.0,36.4,33.7,0,0.0,0,0,06-MAY-2024,
OPTSTK,SAIL,25-Jul-2024,140.0,CE,0.0,0.0,0.0,32.7,30.05,0,0.0,0,0,06-MAY-2024,
OPTSTK,SAIL,25-Jul-2024,145.0,CE,0.0,0.0,0.0,29.3,26.6,0,0.0,0,0,06-MAY-2024,
OPTSTK,SAIL,25-Jul-2024,150.0,CE,0.0,0.0,0.0,26.1,23.4,0,0.0,0,0,06-MAY-2024,
OPTSTK,SAIL,25-Jul-2024,155.0,CE,0.0,0.0,0.0,23.1,20.5,0,0.0,0,0,06-MAY-2024,
OPTSTK,SAIL,25-Jul-2024,160.0,CE,0.0,0.0,0.0,20.4,17.85,0,0.0,0,0,06-MAY-2024,
OPTSTK,SAIL,25-Jul-2024,165.0,CE,0.0,0.0,0.0,17.95,15.45,0,0.0,0,0,06-MAY-2024,
OPTSTK,SAIL,25-Jul-2024,170.0,CE,0.0,0.0,0.0,15.7,13.3,0,0.0,0,0,06-MAY-2024,
OPTSTK,SAIL,25-Jul-2024,175.0,CE,0.0,0.0,0.0,13.7,11.45,0,0.0,0,0,06-MAY-2024,
OPTSTK,SAIL,25-Jul-2024,180.0,CE,0.0,0.0,0.0,11.9,9.75,0,0.0,0,0,06-MAY-2024,
OPTSTK,SAIL,25-Jul-2024,185.0,CE,0.0,0.0,0.0,10.3,8.3,0,0.0,0,0,06-MAY-2024,
OPTSTK,SAIL,25-Jul-2024,190.0,CE,0.0,0.0,0.0,9.95,7.05,0,0.0,8000,0,06-MAY-2024,
OPTSTK,SAIL,25-Jul-2024,135.0,PE,0.0,0.0,0.0,4.0,3.7,0,0.0,0,0,06-MAY-2024,
OPTSTK,SAIL,25-Jul-2024,140.0,PE,0.0,0.0,0.0,5.25,4.9,0,0.0,0,0,06-MAY-2024,
OPTSTK,SAIL,25-Jul-2024,145.0,PE,0.0,0.0,0.0,6.7,6.4,0,0.0,0,0,06-MAY-2024,
OPTSTK,SAIL,25-Jul-2024,150.0,PE,0.0,0.0,0.0,8.4,8.15,0,0.0,0,0,06-MAY-2024,
OPTSTK,SAIL,25-Jul-2024,155.0,PE,0.0,0.0,0.0,10.35,10.15,0,0.0,0,0,06-MAY-2024,
OPTSTK,SAIL,25-Jul-2024,160.0,PE,0.0,0.0,0.0,12.6,12.4,0,0.0,0,0,06-MAY-2024,
OPTSTK,SAIL,25-Jul-2024,165.0,PE,0.0,0.0,0.0,15.0,14.95,0,0.0,0,0,06-MAY-2024,
OPTSTK,SAIL,25-Jul-2024,170.0,PE,0.0,0.0,0.0,17.7,17.75,0,0.0,0,0,06-MAY-2024,
OPTSTK,SAIL,25-Jul-2024,175.0,PE,0.0,0.0,0.0,20.6,20.75,0,0.0,0,0,06-MAY-2024,
OPTSTK,SAIL,25-Jul-2024,180.0,PE,0.0,0.0,0.0,23.7,24.0,0,0.0,0,0,06-MAY-2024,
OPTSTK,SAIL,25-Jul-2024,185.0,PE,0.0,0.0,0.0,27.05,27.5,0,0.0,0,0,06-MAY-2024,
OPTSTK,SAIL,25-Jul-2024,190.0,PE,0.0,0.0,0.0,30.55,31.15,0,0.0,0,0,06-MAY-2024,
OPTSTK,SBICARD,30-May-2024,620.0,CE,0.0,0.0,0.0,116.05,101.2,0,0.0,0,0,06-MAY-2024,
OPTSTK,SBICARD,30-May-2024,630.0,CE,0.0,0.0,0.0,107.6,91.5,0,0.0,0,0,06-MAY-2024,
OPTSTK,SBICARD,30-May-2024,640.0,CE,0.0,0.0,0.0,99.45,81.95,0,0.0,0,0,06-MAY-2024,
OPTSTK,SBICARD,30-May-2024,650.0,CE,78.5,79.0,77.7,79.0,72.6,5,29.13,5600,800,06-MAY-2024,
OPTSTK,SBICARD,30-May-2024,660.0,CE,0.0,0.0,0.0,65.25,63.6,0,0.0,800,0,06-MAY-2024,
OPTSTK,SBICARD,30-May-2024,665.0,CE,0.0,0.0,0.0,71.7,59.25,0,0.0,1600,0,06-MAY-2024,
OPTSTK,SBICARD,30-May-2024,670.0,CE,60.45,60.45,59.0,59.0,55.05,2,11.67,6400,1600,06-MAY-2024,
OPTSTK,SBICARD,30-May-2024,675.0,CE,56.95,57.3,55.7,55.75,50.9,5,29.25,8800,4000,06-MAY-2024,
OPTSTK,SBICARD,30-May-2024,680.0,CE,52.05,53.0,51.0,51.05,46.95,6,35.13,8000,4800,06-MAY-2024,
OPTSTK,SBICARD,30-May-2024,685.0,CE,45.15,45.15,42.95,42.95,42.95,2,11.66,4800,800,06-MAY-2024,
OPTSTK,SBICARD,30-May-2024,690.0,CE,0.0,0.0,0.0,41.25,39.45,0,0.0,16000,0,06-MAY-2024,
OPTSTK,SBICARD,30-May-2024,695.0,CE,38.55,38.55,35.0,35.0,35.0,7,41.01,11200,3200,06-MAY-2024,
OPTSTK,SBICARD,30-May-2024,700.0,CE,33.75,36.95,31.0,31.3,31.3,61,357.69,262400,24800,06-MAY-2024,
OPTSTK,SBICARD,30-May-2024,705.0,CE,29.6,33.0,29.15,31.4,29.5,27,158.94,26400,6400,06-MAY-2024,
OPTSTK,SBICARD,30-May-2024,710.0,CE,29.0,29.3,24.25,24.8,24.8,47,276.78,64000,4800,06-MAY-2024,
OPTSTK,SBICARD,30-May-2024,715.0,CE,22.9,22.9,22.9,22.9,22.9,1,5.9,20800,0,06-MAY-2024,
OPTSTK,SBICARD,30-May-2024,720.0,CE,23.0,24.45,19.3,20.1,20.1,366,2171.51,508800,11200,06-MAY-2024,
OPTSTK,SBICARD,30-May-2024,725.0,CE,19.8,21.75,17.45,17.8,17.8,216,1286.88,261600,6400,06-MAY-2024,
OPTSTK,SBICARD,30-May-2024,730.0,CE,19.0,19.45,15.2,15.85,15.85,582,3479.31,683200,7200,06-MAY-2024,
OPTSTK,SBICARD,30-May-2024,735.0,CE,16.0,17.2,13.2,13.85,13.85,143,858.48,154400,-25600,06-MAY-2024,
OPTSTK,SBICARD,30-May-2024,740.0,CE,14.15,15.0,11.75,12.2,12.2,494,2977.63,622400,1600,06-MAY-2024,
OPTSTK,SBICARD,30-May-2024,745.0,CE,12.4,13.0,10.25,10.65,10.65,61,369.15,116000,2400,06-MAY-2024,
OPTSTK,SBICARD,30-May-2024,750.0,CE,11.05,11.8,9.0,9.3,9.3,728,4427.71,1219200,1600,06-MAY-2024,
OPTSTK,SBICARD,30-May-2024,755.0,CE,9.7,10.0,8.0,8.25,8.25,30,183.35,124800,800,06-MAY-2024,
OPTSTK,SBICARD,30-May-2024,760.0,CE,8.55,9.0,6.9,7.2,7.2,726,4460.55,1123200,-24800,06-MAY-2024,
OPTSTK,SBICARD,30-May-2024,765.0,CE,7.1,7.8,6.1,6.4,6.4,38,234.61,127200,-14400,06-MAY-2024,
OPTSTK,SBICARD,30-May-2024,770.0,CE,6.6,6.95,5.35,5.5,5.5,407,2526.86,454400,-68000,06-MAY-2024,
OPTSTK,SBICARD,30-May-2024,775.0,CE,5.7,6.1,4.75,4.8,4.8,149,929.91,104000,28000,06-MAY-2024,
OPTSTK,SBICARD,30-May-2024,780.0,CE,5.2,5.45,4.15,4.3,4.3,419,2630.7,706400,-66400,06-MAY-2024,
OPTSTK,SBICARD,30-May-2024,785.0,CE,4.25,4.65,3.8,3.85,3.85,79,498.88,66400,-4800,06-MAY-2024,
OPTSTK,SBICARD,30-May-2024,790.0,CE,4.1,4.2,3.35,3.45,3.45,127,806.4,136000,-13600,06-MAY-2024,
OPTSTK,SBICARD,30-May-2024,795.0,CE,0.0,0.0,0.0,5.1,2.2,0,0.0,11200,0,06-MAY-2024,
OPTSTK,SBICARD,30-May-2024,800.0,CE,3.4,3.45,2.75,2.85,2.85,1028,6604.73,1633600,-60800,06-MAY-2024,
OPTSTK,SBICARD,30-May-2024,805.0,CE,1.95,1.95,1.9,1.9,1.5,2,12.91,24000,-800,06-MAY-2024,
OPTSTK,SBICARD,30-May-2024,810.0,CE,2.5,2.75,2.2,2.3,2.3,40,259.99,77600,-4800,06-MAY-2024,
OPTSTK,SBICARD,30-May-2024,815.0,CE,0.0,0.0,0.0,2.4,1.0,0,0.0,8000,0,06-MAY-2024,
OPTSTK,SBICARD,30-May-2024,820.0,CE,2.3,2.3,1.8,1.95,1.95,125,822.06,166400,17600,06-MAY-2024,
OPTSTK,SBICARD,30-May-2024,825.0,CE,0.0,0.0,0.0,1.95,0.7,0,0.0,28800,0,06-MAY-2024,
OPTSTK,SBICARD,30-May-2024,830.0,CE,1.95,1.95,1.55,1.6,1.6,50,332.69,126400,2400,06-MAY-2024,
OPTSTK,SBICARD,30-May-2024,840.0,CE,1.45,1.5,1.25,1.45,0.35,22,148.09,80000,6400,06-MAY-2024,
OPTSTK,SBICARD,30-May-2024,850.0,CE,1.3,1.3,1.05,1.15,1.15,205,1395.89,748000,18400,06-MAY-2024,
OPTSTK,SBICARD,30-May-2024,860.0,CE,0.85,0.9,0.55,0.8,0.8,68,468.23,428800,-4800,06-MAY-2024,
OPTSTK,SBICARD,30-May-2024,600.0,PE,1.0,1.0,0.6,0.65,0.1,11,52.86,76000,4800,06-MAY-2024,
OPTSTK,SBICARD,30-May-2024,620.0,PE,0.8,1.2,0.8,0.95,0.95,3,14.9,104800,0,06-MAY-2024,
OPTSTK,SBICARD,30-May-2024,630.0,PE,0.0,0.0,0.0,1.5,0.55,0,0.0,2400,0,06-MAY-2024,
OPTSTK,SBICARD,30-May-2024,635.0,PE,0.0,0.0,0.0,0.6,0.75,0,0.0,43200,0,06-MAY-2024,
OPTSTK,SBICARD,30-May-2024,640.0,PE,1.65,1.65,1.2,1.55,1.0,38,195.0,94400,-12800,06-MAY-2024,
OPTSTK,SBICARD,30-May-2024,645.0,PE,0.0,0.0,0.0,1.3,1.25,0,0.0,19200,0,06-MAY-2024,
OPTSTK,SBICARD,30-May-2024,650.0,PE,2.05,2.4,1.75,2.15,2.15,99,516.37,509600,-28000,06-MAY-2024,
OPTSTK,SBICARD,30-May-2024,660.0,PE,2.65,3.2,2.3,3.1,3.1,160,848.23,176800,21600,06-MAY-2024,
OPTSTK,SBICARD,30-May-2024,665.0,PE,2.9,3.2,2.7,3.2,3.2,12,64.11,16000,800,06-MAY-2024,
OPTSTK,SBICARD,30-May-2024,670.0,PE,3.65,4.45,3.15,4.25,4.25,81,436.48,239200,5600,06-MAY-2024,
OPTSTK,SBICARD,30-May-2024,675.0,PE,4.15,5.1,3.8,4.9,4.9,28,152.19,19200,-5600,06-MAY-2024,
OPTSTK,SBICARD,30-May-2024,680.0,PE,4.65,6.05,4.4,5.9,5.9,198,1085.56,447200,-24000,06-MAY-2024,
OPTSTK,SBICARD,30-May-2024,685.0,PE,5.7,7.0,5.3,6.85,6.85,28,154.82,12000,-3200,06-MAY-2024,
OPTSTK,SBICARD,30-May-2024,690.0,PE,6.65,8.5,6.25,7.95,7.95,133,741.82,225600,-64800,06-MAY-2024,
OPTSTK,SBICARD,30-May-2024,695.0,PE,7.95,9.3,7.35,9.1,9.1,22,123.76,18400,-4000,06-MAY-2024,
OPTSTK,SBICARD,30-May-2024,700.0,PE,8.85,11.6,8.45,10.85,10.85,523,2969.22,905600,800,06-MAY-2024,
OPTSTK,SBICARD,30-May-2024,705.0,PE,10.75,13.2,10.2,12.15,12.15,52,298.05,54400,-8000,06-MAY-2024,
OPTSTK,SBICARD,30-May-2024,710.0,PE,12.7,15.1,11.75,14.65,14.65,65,375.93,103200,-1600,06-MAY-2024,
OPTSTK,SBICARD,30-May-2024,715.0,PE,16.6,17.3,13.85,16.75,16.75,81,473.27,26400,-2400,06-MAY-2024,
OPTSTK,SBICARD,30-May-2024,720.0,PE,16.35,20.1,15.55,19.5,19.5,362,2135.68,604000,46400,06-MAY-2024,
OPTSTK,SBICARD,30-May-2024,725.0,PE,19.8,23.0,18.0,22.2,22.2,106,631.99,88800,3200,06-MAY-2024,
OPTSTK,SBICARD,30-May-2024,730.0,PE,21.85,25.65,20.6,25.15,25.15,77,463.77,321600,13600,06-MAY-2024,
OPTSTK,SBICARD,30-May-2024,735.0,PE,25.3,28.25,23.6,28.2,28.2,51,310.31,131200,-3200,06-MAY-2024,
OPTSTK,SBICARD,30-May-2024,740.0,PE,27.9,32.1,26.6,31.0,31.0,25,153.67,257600,-1600,06-MAY-2024,
OPTSTK,SBICARD,30-May-2024,745.0,PE,0.0,0.0,0.0,33.2,34.75,0,0.0,54400,0,06-MAY-2024,
OPTSTK,SBICARD,30-May-2024,750.0,PE,35.5,38.0,33.4,38.0,38.0,44,276.28,382400,-14400,06-MAY-2024,
OPTSTK,SBICARD,30-May-2024,755.0,PE,35.7,35.7,35.7,35.7,41.95,1,6.32,70400,-800,06-MAY-2024,
OPTSTK,SBICARD,30-May-2024,760.0,PE,39.95,40.7,39.95,40.7,45.7,2,12.8,241600,0,06-MAY-2024,
OPTSTK,SBICARD,30-May-2024,765.0,PE,0.0,0.0,0.0,41.4,49.65,0,0.0,80800,0,06-MAY-2024,
OPTSTK,SBICARD,30-May-2024,770.0,PE,52.2,52.2,52.0,52.0,53.7,3,19.73,92800,0,06-MAY-2024,
OPTSTK,SBICARD,30-May-2024,775.0,PE,0.0,0.0,0.0,47.2,57.9,0,0.0,28000,0,06-MAY-2024,
OPTSTK,SBICARD,30-May-2024,780.0,PE,63.3,65.45,63.3,65.45,62.2,2,13.51,120800,-800,06-MAY-2024,
OPTSTK,SBICARD,30-May-2024,785.0,PE,61.55,62.35,61.55,62.3,66.55,4,27.1,4800,3200,06-MAY-2024,
OPTSTK,SBICARD,30-May-2024,790.0,PE,0.0,0.0,0.0,62.0,71.0,0,0.0,8000,0,06-MAY-2024,
OPTSTK,SBICARD,30-May-2024,795.0,PE,0.0,0.0,0.0,52.35,75.55,0,0.0,1600,0,06-MAY-2024,
OPTSTK,SBICARD,30-May-2024,800.0,PE,80.45,80.45,74.7,80.0,80.0,25,175.62,294400,4000,06-MAY-2024,
OPTSTK,SBICARD,30-May-2024,805.0,PE,80.5,80.5,80.5,80.5,84.8,2,14.16,1600,0,06-MAY-2024,
OPTSTK,SBICARD,30-May-2024,810.0,PE,0.0,0.0,0.0,77.9,89.5,0,0.0,6400,0,06-MAY-2024,
OPTSTK,SBICARD,30-May-2024,820.0,PE,97.3,97.3,97.3,97.3,99.05,1,7.33,4800,-800,06-MAY-2024,
OPTSTK,SBICARD,30-May-2024,830.0,PE,0.0,0.0,0.0,78.0,108.7,0,0.0,3200,0,06-MAY-2024,
OPTSTK,SBICARD,30-May-2024,840.0,PE,0.0,0.0,0.0,85.0,118.5,0,0.0,8000,0,06-MAY-2024,
OPTSTK,SBICARD,30-May-2024,850.0,PE,0.0,0.0,0.0,127.2,128.3,0,0.0,54400,0,06-MAY-2024,
OPTSTK,SBICARD,30-May-2024,860.0,PE,0.0,0.0,0.0,101.0,138.2,0,0.0,800,0,06-MAY-2024,
OPTSTK,SBICARD,27-Jun-2024,620.0,CE,0.0,0.0,0.0,83.1,106.55,0,0.0,0,0,06-MAY-2024,
OPTSTK,SBICARD,27-Jun-2024,630.0,CE,0.0,0.0,0.0,75.6,97.5,0,0.0,0,0,06-MAY-2024,
OPTSTK,SBICARD,27-Jun-2024,640.0,CE,0.0,0.0,0.0,68.45,88.7,0,0.0,0,0,06-MAY-2024,
OPTSTK,SBICARD,27-Jun-2024,650.0,CE,0.0,0.0,0.0,61.65,80.25,0,0.0,0,0,06-MAY-2024,
OPTSTK,SBICARD,27-Jun-2024,660.0,CE,0.0,0.0,0.0,55.3,72.15,0,0.0,0,0,06-MAY-2024,
OPTSTK,SBICARD,27-Jun-2024,665.0,CE,0.0,0.0,0.0,105.95,68.25,0,0.0,0,0,06-MAY-2024,
OPTSTK,SBICARD,27-Jun-2024,670.0,CE,0.0,0.0,0.0,49.4,64.45,0,0.0,0,0,06-MAY-2024,
OPTSTK,SBICARD,27-Jun-2024,675.0,CE,0.0,0.0,0.0,97.4,60.75,0,0.0,0,0,06-MAY-2024,
OPTSTK,SBICARD,27-Jun-2024,680.0,CE,0.0,0.0,0.0,43.9,57.15,0,0.0,0,0,06-MAY-2024,
OPTSTK,SBICARD,27-Jun-2024,685.0,CE,0.0,0.0,0.0,89.1,53.65,0,0.0,0,0,06-MAY-2024,
OPTSTK,SBICARD,27-Jun-2024,690.0,CE,0.0,0.0,0.0,38.8,50.3,0,0.0,0,0,06-MAY-2024,
OPTSTK,SBICARD,27-Jun-2024,695.0,CE,0.0,0.0,0.0,81.15,47.1,0,0.0,0,0,06-MAY-2024,
OPTSTK,SBICARD,27-Jun-2024,700.0,CE,47.0,49.4,47.0,49.4,44.0,4,23.95,4000,0,06-MAY-2024,
OPTSTK,SBICARD,27-Jun-2024,705.0,CE,0.0,0.0,0.0,73.55,41.05,0,0.0,0,0,06-MAY-2024,
OPTSTK,SBICARD,27-Jun-2024,710.0,CE,0.0,0.0,0.0,29.95,38.2,0,0.0,0,0,06-MAY-2024,
OPTSTK,SBICARD,27-Jun-2024,715.0,CE,0.0,0.0,0.0,66.3,35.5,0,0.0,0,0,06-MAY-2024,
OPTSTK,SBICARD,27-Jun-2024,720.0,CE,37.25,37.25,37.25,37.25,32.9,1,6.05,2400,0,06-MAY-2024,
OPTSTK,SBICARD,27-Jun-2024,725.0,CE,0.0,0.0,0.0,32.4,30.45,0,0.0,4000,0,06-MAY-2024,
OPTSTK,SBICARD,27-Jun-2024,730.0,CE,33.0,33.0,33.0,33.0,28.15,2,12.2,2400,0,06-MAY-2024,
OPTSTK,SBICARD,27-Jun-2024,735.0,CE,28.45,28.45,28.45,28.45,25.95,2,12.21,1600,800,06-MAY-2024,
OPTSTK,SBICARD,27-Jun-2024,740.0,CE,0.0,0.0,0.0,19.55,23.9,0,0.0,0,0,06-MAY-2024,
OPTSTK,SBICARD,27-Jun-2024,745.0,CE,0.0,0.0,0.0,47.1,21.95,0,0.0,0,0,06-MAY-2024,
OPTSTK,SBICARD,27-Jun-2024,750.0,CE,21.85,26.2,20.6,25.8,25.8,85,526.79,85600,30400,06-MAY-2024,
OPTSTK,SBICARD,27-Jun-2024,755.0,CE,0.0,0.0,0.0,41.6,18.4,0,0.0,0,0,06-MAY-2024,
OPTSTK,SBICARD,27-Jun-2024,760.0,CE,21.9,22.45,20.95,21.0,16.85,57,356.17,41600,40000,06-MAY-2024,
OPTSTK,SBICARD,27-Jun-2024,765.0,CE,0.0,0.0,0.0,36.5,15.35,0,0.0,0,0,06-MAY-2024,
OPTSTK,SBICARD,27-Jun-2024,770.0,CE,0.0,0.0,0.0,12.3,13.95,0,0.0,0,0,06-MAY-2024,
OPTSTK,SBICARD,27-Jun-2024,775.0,CE,0.0,0.0,0.0,31.9,12.7,0,0.0,0,0,06-MAY-2024,
OPTSTK,SBICARD,27-Jun-2024,780.0,CE,0.0,0.0,0.0,16.0,11.55,0,0.0,800,0,06-MAY-2024,
OPTSTK,SBICARD,27-Jun-2024,785.0,CE,0.0,0.0,0.0,27.7,10.4,0,0.0,0,0,06-MAY-2024,
OPTSTK,SBICARD,27-Jun-2024,790.0,CE,0.0,0.0,0.0,8.85,9.4,0,0.0,0,0,06-MAY-2024,
OPTSTK,SBICARD,27-Jun-2024,795.0,CE,0.0,0.0,0.0,23.95,8.5,0,0.0,0,0,06-MAY-2024,
OPTSTK,SBICARD,27-Jun-2024,800.0,CE,11.05,13.0,11.0,12.3,12.3,52,337.72,74400,24000,06-MAY-2024,
OPTSTK,SBICARD,27-Jun-2024,805.0,CE,0.0,0.0,0.0,20.55,6.85,0,0.0,0,0,06-MAY-2024,
OPTSTK,SBICARD,27-Jun-2024,810.0,CE,9.9,9.9,9.9,9.9,6.15,1,6.55,800,800,06-MAY-2024,
OPTSTK,SBICARD,27-Jun-2024,820.0,CE,0.0,0.0,0.0,5.2,4.95,0,0.0,0,0,06-MAY-2024,
OPTSTK,SBICARD,27-Jun-2024,830.0,CE,0.0,0.0,0.0,4.35,3.9,0,0.0,0,0,06-MAY-2024,
OPTSTK,SBICARD,27-Jun-2024,840.0,CE,0.0,0.0,0.0,3.6,3.1,0,0.0,0,0,06-MAY-2024,
OPTSTK,SBICARD,27-Jun-2024,850.0,CE,0.0,0.0,0.0,2.95,2.45,0,0.0,0,0,06-MAY-2024,
OPTSTK,SBICARD,27-Jun-2024,620.0,PE,0.0,0.0,0.0,9.5,2.15,0,0.0,0,0,06-MAY-2024,
OPTSTK,SBICARD,27-Jun-2024,630.0,PE,0.0,0.0,0.0,11.75,3.0,0,0.0,0,0,06-MAY-2024,
OPTSTK,SBICARD,27-Jun-2024,640.0,PE,7.2,7.2,7.2,7.2,4.15,3,15.53,2400,2400,06-MAY-2024,
OPTSTK,SBICARD,27-Jun-2024,650.0,PE,8.95,9.5,8.95,9.5,9.5,19,100.2,21600,15200,06-MAY-2024,
OPTSTK,SBICARD,27-Jun-2024,660.0,PE,0.0,0.0,0.0,20.95,7.35,0,0.0,0,0,06-MAY-2024,
OPTSTK,SBICARD,27-Jun-2024,665.0,PE,0.0,0.0,0.0,4.25,8.4,0,0.0,0,0,06-MAY-2024,
OPTSTK,SBICARD,27-Jun-2024,670.0,PE,15.4,15.45,15.4,15.45,15.45,2,10.96,1600,1600,06-MAY-2024,
OPTSTK,SBICARD,27-Jun-2024,675.0,PE,0.0,0.0,0.0,11.0,10.8,0,0.0,800,0,06-MAY-2024,
OPTSTK,SBICARD,27-Jun-2024,680.0,PE,14.5,18.55,14.2,18.55,18.55,19,105.8,32000,8000,06-MAY-2024,
OPTSTK,SBICARD,27-Jun-2024,685.0,PE,0.0,0.0,0.0,7.1,13.6,0,0.0,0,0,06-MAY-2024,
OPTSTK,SBICARD,27-Jun-2024,690.0,PE,0.0,0.0,0.0,13.3,15.2,0,0.0,800,0,06-MAY-2024,
OPTSTK,SBICARD,27-Jun-2024,695.0,PE,0.0,0.0,0.0,15.0,16.95,0,0.0,800,0,06-MAY-2024,
OPTSTK,SBICARD,27-Jun-2024,700.0,PE,19.45,26.95,19.45,26.35,26.35,87,504.0,133600,35200,06-MAY-2024,
OPTSTK,SBICARD,27-Jun-2024,705.0,PE,0.0,0.0,0.0,11.3,20.8,0,0.0,0,0,06-MAY-2024,
OPTSTK,SBICARD,27-Jun-2024,710.0,PE,0.0,0.0,0.0,44.7,22.9,0,0.0,0,0,06-MAY-2024,
OPTSTK,SBICARD,27-Jun-2024,715.0,PE,0.0,0.0,0.0,13.95,25.15,0,0.0,0,0,06-MAY-2024,
OPTSTK,SBICARD,27-Jun-2024,720.0,PE,0.0,0.0,0.0,50.7,27.5,0,0.0,0,0,06-MAY-2024,
OPTSTK,SBICARD,27-Jun-2024,725.0,PE,0.0,0.0,0.0,16.95,30.0,0,0.0,0,0,06-MAY-2024,
OPTSTK,SBICARD,27-Jun-2024,730.0,PE,0.0,0.0,0.0,29.2,32.65,0,0.0,3200,0,06-MAY-2024,
OPTSTK,SBICARD,27-Jun-2024,735.0,PE,0.0,0.0,0.0,20.45,35.4,0,0.0,0,0,06-MAY-2024,
OPTSTK,SBICARD,27-Jun-2024,740.0,PE,0.0,0.0,0.0,63.8,38.25,0,0.0,0,0,06-MAY-2024,
OPTSTK,SBICARD,27-Jun-2024,745.0,PE,0.0,0.0,0.0,24.35,41.3,0,0.0,0,0,06-MAY-2024,
OPTSTK,SBICARD,27-Jun-2024,750.0,PE,46.95,50.8,45.25,50.6,44.4,26,166.24,34400,10400,06-MAY-2024,
OPTSTK,SBICARD,27-Jun-2024,755.0,PE,0.0,0.0,0.0,28.7,47.65,0,0.0,0,0,06-MAY-2024,
OPTSTK,SBICARD,27-Jun-2024,760.0,PE,0.0,0.0,0.0,78.3,51.0,0,0.0,0,0,06-MAY-2024,
OPTSTK,SBICARD,27-Jun-2024,765.0,PE,0.0,0.0,0.0,33.55,54.45,0,0.0,0,0,06-MAY-2024,
OPTSTK,SBICARD,27-Jun-2024,770.0,PE,0.0,0.0,0.0,86.0,58.05,0,0.0,0,0,06-MAY-2024,
OPTSTK,SBICARD,27-Jun-2024,775.0,PE,0.0,0.0,0.0,38.8,61.75,0,0.0,0,0,06-MAY-2024,
OPTSTK,SBICARD,27-Jun-2024,780.0,PE,0.0,0.0,0.0,93.95,65.5,0,0.0,0,0,06-MAY-2024,
OPTSTK,SBICARD,27-Jun-2024,785.0,PE,0.0,0.0,0.0,44.45,69.35,0,0.0,0,0,06-MAY-2024,
OPTSTK,SBICARD,27-Jun-2024,790.0,PE,0.0,0.0,0.0,102.15,73.3,0,0.0,0,0,06-MAY-2024,
OPTSTK,SBICARD,27-Jun-2024,795.0,PE,0.0,0.0,0.0,50.55,77.3,0,0.0,0,0,06-MAY-2024,
OPTSTK,SBICARD,27-Jun-2024,800.0,PE,80.25,85.0,80.25,85.0,81.4,2,14.12,800,0,06-MAY-2024,
OPTSTK,SBICARD,27-Jun-2024,805.0,PE,0.0,0.0,0.0,57.1,85.6,0,0.0,0,0,06-MAY-2024,
OPTSTK,SBICARD,27-Jun-2024,810.0,PE,0.0,0.0,0.0,119.2,89.8,0,0.0,0,0,06-MAY-2024,
OPTSTK,SBICARD,27-Jun-2024,820.0,PE,0.0,0.0,0.0,128.0,98.5,0,0.0,0,0,06-MAY-2024,
OPTSTK,SBICARD,27-Jun-2024,830.0,PE,0.0,0.0,0.0,136.95,107.35,0,0.0,0,0,06-MAY-2024,
OPTSTK,SBICARD,27-Jun-2024,840.0,PE,0.0,0.0,0.0,146.05,116.45,0,0.0,0,0,06-MAY-2024,
OPTSTK,SBICARD,27-Jun-2024,850.0,PE,0.0,0.0,0.0,155.2,125.65,0,0.0,0,0,06-MAY-2024,
OPTSTK,SBICARD,25-Jul-2024,620.0,CE,0.0,0.0,0.0,151.95,112.3,0,0.0,0,0,06-MAY-2024,
OPTSTK,SBICARD,25-Jul-2024,640.0,CE,0.0,0.0,0.0,133.95,95.5,0,0.0,0,0,06-MAY-2024,
OPTSTK,SBICARD,25-Jul-2024,660.0,CE,0.0,0.0,0.0,116.7,79.9,0,0.0,0,0,06-MAY-2024,
OPTSTK,SBICARD,25-Jul-2024,670.0,CE,0.0,0.0,0.0,108.4,72.65,0,0.0,0,0,06-MAY-2024,
OPTSTK,SBICARD,25-Jul-2024,680.0,CE,0.0,0.0,0.0,100.4,65.7,0,0.0,0,0,06-MAY-2024,
OPTSTK,SBICARD,25-Jul-2024,690.0,CE,0.0,0.0,0.0,92.7,59.2,0,0.0,0,0,06-MAY-2024,
OPTSTK,SBICARD,25-Jul-2024,700.0,CE,0.0,0.0,0.0,85.3,53.1,0,0.0,0,0,06-MAY-2024,
OPTSTK,SBICARD,25-Jul-2024,710.0,CE,0.0,0.0,0.0,78.2,47.4,0,0.0,0,0,06-MAY-2024,
OPTSTK,SBICARD,25-Jul-2024,720.0,CE,0.0,0.0,0.0,71.45,42.15,0,0.0,0,0,06-MAY-2024,
OPTSTK,SBICARD,25-Jul-2024,730.0,CE,0.0,0.0,0.0,65.1,37.3,0,0.0,0,0,06-MAY-2024,
OPTSTK,SBICARD,25-Jul-2024,740.0,CE,0.0,0.0,0.0,38.0,32.85,0,0.0,800,0,06-MAY-2024,
OPTSTK,SBICARD,25-Jul-2024,750.0,CE,0.0,0.0,0.0,30.0,28.8,0,0.0,800,0,06-MAY-2024,
OPTSTK,SBICARD,25-Jul-2024,760.0,CE,0.0,0.0,0.0,48.15,25.15,0,0.0,0,0,06-MAY-2024,
OPTSTK,SBICARD,25-Jul-2024,770.0,CE,0.0,0.0,0.0,43.25,21.85,0,0.0,0,0,06-MAY-2024,
OPTSTK,SBICARD,25-Jul-2024,780.0,CE,0.0,0.0,0.0,38.7,18.9,0,0.0,0,0,06-MAY-2024,
OPTSTK,SBICARD,25-Jul-2024,790.0,CE,0.0,0.0,0.0,34.5,16.3,0,0.0,0,0,06-MAY-2024,
OPTSTK,SBICARD,25-Jul-2024,800.0,CE,0.0,0.0,0.0,17.0,14.0,0,0.0,800,0,06-MAY-2024,
OPTSTK,SBICARD,25-Jul-2024,810.0,CE,0.0,0.0,0.0,27.15,11.95,0,0.0,0,0,06-MAY-2024,
OPTSTK,SBICARD,25-Jul-2024,820.0,CE,0.0,0.0,0.0,24.0,10.15,0,0.0,0,0,06-MAY-2024,
OPTSTK,SBICARD,25-Jul-2024,840.0,CE,0.0,0.0,0.0,18.55,7.3,0,0.0,0,0,06-MAY-2024,
OPTSTK,SBICARD,25-Jul-2024,860.0,CE,0.0,0.0,0.0,14.1,5.1,0,0.0,0,0,06-MAY-2024,
OPTSTK,SBICARD,25-Jul-2024,620.0,PE,0.0,0.0,0.0,2.35,4.5,0,0.0,0,0,06-MAY-2024,
OPTSTK,SBICARD,25-Jul-2024,640.0,PE,0.0,0.0,0.0,3.95,7.35,0,0.0,0,0,06-MAY-2024,
OPTSTK,SBICARD,25-Jul-2024,660.0,PE,0.0,0.0,0.0,6.35,11.45,0,0.0,0,0,06-MAY-2024,
OPTSTK,SBICARD,25-Jul-2024,670.0,PE,0.0,0.0,0.0,7.9,14.05,0,0.0,0,0,06-MAY-2024,
OPTSTK,SBICARD,25-Jul-2024,680.0,PE,0.0,0.0,0.0,9.75,16.95,0,0.0,0,0,06-MAY-2024,
OPTSTK,SBICARD,25-Jul-2024,690.0,PE,0.0,0.0,0.0,11.85,20.3,0,0.0,0,0,06-MAY-2024,
OPTSTK,SBICARD,25-Jul-2024,700.0,PE,26.95,30.0,26.95,30.0,24.0,3,17.47,8000,2400,06-MAY-2024,
OPTSTK,SBICARD,25-Jul-2024,710.0,PE,0.0,0.0,0.0,17.0,28.2,0,0.0,0,0,06-MAY-2024,
OPTSTK,SBICARD,25-Jul-2024,720.0,PE,0.0,0.0,0.0,20.05,32.75,0,0.0,0,0,06-MAY-2024,
OPTSTK,SBICARD,25-Jul-2024,730.0,PE,0.0,0.0,0.0,23.5,37.75,0,0.0,0,0,06-MAY-2024,
OPTSTK,SBICARD,25-Jul-2024,740.0,PE,0.0,0.0,0.0,27.3,43.15,0,0.0,0,0,06-MAY-2024,
OPTSTK,SBICARD,25-Jul-2024,750.0,PE,0.0,0.0,0.0,31.45,48.95,0,0.0,0,0,06-MAY-2024,
OPTSTK,SBICARD,25-Jul-2024,760.0,PE,0.0,0.0,0.0,36.0,55.15,0,0.0,0,0,06-MAY-2024,
OPTSTK,SBICARD,25-Jul-2024,770.0,PE,0.0,0.0,0.0,40.95,61.7,0,0.0,0,0,06-MAY-2024,
OPTSTK,SBICARD,25-Jul-2024,780.0,PE,0.0,0.0,0.0,46.2,68.55,0,0.0,0,0,06-MAY-2024,
OPTSTK,SBICARD,25-Jul-2024,790.0,PE,0.0,0.0,0.0,51.85,75.85,0,0.0,0,0,06-MAY-2024,
OPTSTK,SBICARD,25-Jul-2024,800.0,PE,0.0,0.0,0.0,62.3,83.35,0,0.0,800,0,06-MAY-2024,
OPTSTK,SBICARD,25-Jul-2024,810.0,PE,0.0,0.0,0.0,64.15,91.15,0,0.0,0,0,06-MAY-2024,
OPTSTK,SBICARD,25-Jul-2024,820.0,PE,0.0,0.0,0.0,70.75,99.2,0,0.0,0,0,06-MAY-2024,
OPTSTK,SBICARD,25-Jul-2024,840.0,PE,0.0,0.0,0.0,84.95,116.0,0,0.0,0,0,06-MAY-2024,
OPTSTK,SBICARD,25-Jul-2024,860.0,PE,0.0,0.0,0.0,100.15,133.55,0,0.0,0,0,06-MAY-2024,
OPTSTK,SBILIFE,30-May-2024,1160.0,CE,0.0,0.0,0.0,414.4,286.0,0,0.0,0,0,06-MAY-2024,
OPTSTK,SBILIFE,30-May-2024,1200.0,CE,0.0,0.0,0.0,375.9,246.25,0,0.0,0,0,06-MAY-2024,
OPTSTK,SBILIFE,30-May-2024,1240.0,CE,0.0,0.0,0.0,338.0,206.7,0,0.0,0,0,06-MAY-2024,
OPTSTK,SBILIFE,30-May-2024,1260.0,CE,0.0,0.0,0.0,319.35,187.15,0,0.0,0,0,06-MAY-2024,
OPTSTK,SBILIFE,30-May-2024,1280.0,CE,0.0,0.0,0.0,301.0,167.9,0,0.0,0,0,06-MAY-2024,
OPTSTK,SBILIFE,30-May-2024,1300.0,CE,0.0,0.0,0.0,169.0,149.0,0,0.0,1125,0,06-MAY-2024,
OPTSTK,SBILIFE,30-May-2024,1320.0,CE,0.0,0.0,0.0,150.15,130.65,0,0.0,1125,0,06-MAY-2024,
OPTSTK,SBILIFE,30-May-2024,1340.0,CE,113.25,113.25,113.25,113.25,113.05,1,5.44,1125,0,06-MAY-2024,
OPTSTK,SBILIFE,30-May-2024,1360.0,CE,0.0,0.0,0.0,110.85,96.4,0,0.0,2250,0,06-MAY-2024,
OPTSTK,SBILIFE,30-May-2024,1380.0,CE,0.0,0.0,0.0,83.55,80.95,0,0.0,2250,0,06-MAY-2024,
OPTSTK,SBILIFE,30-May-2024,1400.0,CE,76.5,77.0,60.05,65.85,65.85,10,55.05,46875,-1875,06-MAY-2024,
OPTSTK,SBILIFE,30-May-2024,1420.0,CE,58.5,58.5,48.25,51.35,51.35,95,523.8,68250,7500,06-MAY-2024,
OPTSTK,SBILIFE,30-May-2024,1440.0,CE,47.3,50.0,36.75,40.15,40.15,315,1749.86,86250,22875,06-MAY-2024,
OPTSTK,SBILIFE,30-May-2024,1460.0,CE,35.35,38.5,27.75,31.2,31.2,636,3558.0,268875,13875,06-MAY-2024,
OPTSTK,SBILIFE,30-May-2024,1480.0,CE,28.3,29.3,20.6,23.1,23.1,218,1229.21,116625,0,06-MAY-2024,
OPTSTK,SBILIFE,30-May-2024,1500.0,CE,20.45,21.7,15.1,16.95,16.95,625,3555.89,375375,15750,06-MAY-2024,
OPTSTK,SBILIFE,30-May-2024,1520.0,CE,15.65,15.9,10.9,12.35,12.35,178,1023.2,53250,2625,06-MAY-2024,
OPTSTK,SBILIFE,30-May-2024,1540.0,CE,11.3,11.5,7.6,8.8,8.8,315,1829.85,108750,10875,06-MAY-2024,
OPTSTK,SBILIFE,30-May-2024,1560.0,CE,8.1,8.55,5.4,6.2,6.2,71,417.04,55500,-750,06-MAY-2024,
OPTSTK,SBILIFE,30-May-2024,1580.0,CE,5.25,5.4,3.95,4.4,4.4,27,160.41,36000,-375,06-MAY-2024,
OPTSTK,SBILIFE,30-May-2024,1600.0,CE,4.15,4.2,2.65,3.1,3.1,223,1340.64,176625,-6000,06-MAY-2024,
OPTSTK,SBILIFE,30-May-2024,1620.0,CE,2.6,2.7,1.75,1.95,1.95,28,170.32,75375,-1875,06-MAY-2024,
OPTSTK,SBILIFE,30-May-2024,1640.0,CE,0.0,0.0,0.0,1.8,1.45,0,0.0,10125,0,06-MAY-2024,
OPTSTK,SBILIFE,30-May-2024,1660.0,CE,1.3,1.5,0.75,0.9,0.9,39,242.92,117375,-1125,06-MAY-2024,
OPTSTK,SBILIFE,30-May-2024,1680.0,CE,0.0,0.0,0.0,47.65,0.6,0,0.0,0,0,06-MAY-2024,
OPTSTK,SBILIFE,30-May-2024,1720.0,CE,0.0,0.0,0.0,36.85,0.2,0,0.0,0,0,06-MAY-2024,
OPTSTK,SBILIFE,30-May-2024,1160.0,PE,0.0,0.0,0.0,0.8,0.05,0,0.0,0,0,06-MAY-2024,
OPTSTK,SBILIFE,30-May-2024,1200.0,PE,0.0,0.0,0.0,0.7,0.1,0,0.0,1125,0,06-MAY-2024,
OPTSTK,SBILIFE,30-May-2024,1240.0,PE,0.0,0.0,0.0,2.95,0.4,0,0.0,0,0,06-MAY-2024,
OPTSTK,SBILIFE,30-May-2024,1260.0,PE,0.0,0.0,0.0,0.65,0.75,0,0.0,0,0,06-MAY-2024,
OPTSTK,SBILIFE,30-May-2024,1280.0,PE,1.7,1.7,1.4,1.5,1.5,13,62.47,59625,-375,06-MAY-2024,
OPTSTK,SBILIFE,30-May-2024,1300.0,PE,1.9,2.75,1.9,2.6,2.4,91,444.48,123000,-3750,06-MAY-2024,
OPTSTK,SBILIFE,30-May-2024,1320.0,PE,4.05,4.2,3.55,3.6,3.6,18,89.36,22125,0,06-MAY-2024,
OPTSTK,SBILIFE,30-May-2024,1340.0,PE,4.15,6.4,4.15,5.8,5.8,141,711.61,36750,6000,06-MAY-2024,
OPTSTK,SBILIFE,30-May-2024,1360.0,PE,7.4,9.45,5.85,8.5,8.5,141,723.52,63750,18375,06-MAY-2024,
OPTSTK,SBILIFE,30-May-2024,1380.0,PE,11.0,13.9,10.85,12.25,12.25,87,454.22,44250,1500,06-MAY-2024,
OPTSTK,SBILIFE,30-May-2024,1400.0,PE,13.1,19.4,12.0,17.3,17.3,414,2199.75,269625,26625,06-MAY-2024,
OPTSTK,SBILIFE,30-May-2024,1420.0,PE,19.2,26.7,17.65,24.25,24.25,143,774.18,59250,3375,06-MAY-2024,
OPTSTK,SBILIFE,30-May-2024,1440.0,PE,26.95,35.6,24.0,32.4,32.4,254,1401.59,89250,-9375,06-MAY-2024,
OPTSTK,SBILIFE,30-May-2024,1460.0,PE,35.05,46.4,32.5,43.2,43.2,124,697.73,84000,1500,06-MAY-2024,
OPTSTK,SBILIFE,30-May-2024,1480.0,PE,46.7,58.95,46.7,56.0,56.0,21,120.96,20250,4125,06-MAY-2024,
OPTSTK,SBILIFE,30-May-2024,1500.0,PE,55.5,70.2,55.5,66.7,71.7,8,47.01,56250,-1500,06-MAY-2024,
OPTSTK,SBILIFE,30-May-2024,1520.0,PE,0.0,0.0,0.0,84.95,86.5,0,0.0,1500,0,06-MAY-2024,
OPTSTK,SBILIFE,30-May-2024,1540.0,PE,0.0,0.0,0.0,96.4,102.45,0,0.0,6750,0,06-MAY-2024,
OPTSTK,SBILIFE,30-May-2024,1560.0,PE,0.0,0.0,0.0,93.6,119.35,0,0.0,13875,0,06-MAY-2024,
OPTSTK,SBILIFE,30-May-2024,1580.0,PE,0.0,0.0,0.0,134.8,137.05,0,0.0,15750,0,06-MAY-2024,
OPTSTK,SBILIFE,30-May-2024,1600.0,PE,152.0,157.0,152.0,157.0,155.35,2,13.15,11250,0,06-MAY-2024,
OPTSTK,SBILIFE,30-May-2024,1620.0,PE,0.0,0.0,0.0,179.9,174.15,0,0.0,375,0,06-MAY-2024,
OPTSTK,SBILIFE,30-May-2024,1640.0,PE,0.0,0.0,0.0,118.55,193.25,0,0.0,0,0,06-MAY-2024,
OPTSTK,SBILIFE,30-May-2024,1680.0,PE,0.0,0.0,0.0,144.6,232.25,0,0.0,0,0,06-MAY-2024,
OPTSTK,SBILIFE,30-May-2024,1720.0,PE,0.0,0.0,0.0,173.1,271.7,0,0.0,0,0,06-MAY-2024,
OPTSTK,SBILIFE,27-Jun-2024,1160.0,CE,0.0,0.0,0.0,362.3,293.1,0,0.0,0,0,06-MAY-2024,
OPTSTK,SBILIFE,27-Jun-2024,1200.0,CE,0.0,0.0,0.0,324.25,254.4,0,0.0,0,0,06-MAY-2024,
OPTSTK,SBILIFE,27-Jun-2024,1240.0,CE,0.0,0.0,0.0,287.1,216.6,0,0.0,0,0,06-MAY-2024,
OPTSTK,SBILIFE,27-Jun-2024,1260.0,CE,0.0,0.0,0.0,206.55,198.25,0,0.0,0,0,06-MAY-2024,
OPTSTK,SBILIFE,27-Jun-2024,1280.0,CE,0.0,0.0,0.0,251.2,180.35,0,0.0,0,0,06-MAY-2024,
OPTSTK,SBILIFE,27-Jun-2024,1300.0,CE,0.0,0.0,0.0,172.05,163.05,0,0.0,0,0,06-MAY-2024,
OPTSTK,SBILIFE,27-Jun-2024,1320.0,CE,0.0,0.0,0.0,216.95,146.45,0,0.0,0,0,06-MAY-2024,
OPTSTK,SBILIFE,27-Jun-2024,1340.0,CE,0.0,0.0,0.0,140.2,130.6,0,0.0,0,0,06-MAY-2024,
OPTSTK,SBILIFE,27-Jun-2024,1360.0,CE,0.0,0.0,0.0,184.8,115.65,0,0.0,0,0,06-MAY-2024,
OPTSTK,SBILIFE,27-Jun-2024,1380.0,CE,0.0,0.0,0.0,111.55,101.55,0,0.0,0,0,06-MAY-2024,
OPTSTK,SBILIFE,27-Jun-2024,1400.0,CE,0.0,0.0,0.0,155.15,88.55,0,0.0,0,0,06-MAY-2024,
OPTSTK,SBILIFE,27-Jun-2024,1420.0,CE,0.0,0.0,0.0,86.6,76.6,0,0.0,0,0,06-MAY-2024,
OPTSTK,SBILIFE,27-Jun-2024,1440.0,CE,0.0,0.0,0.0,128.2,65.7,0,0.0,0,0,06-MAY-2024,
OPTSTK,SBILIFE,27-Jun-2024,1460.0,CE,0.0,0.0,0.0,65.5,55.9,0,0.0,0,0,06-MAY-2024,
OPTSTK,SBILIFE,27-Jun-2024,1480.0,CE,0.0,0.0,0.0,104.4,47.15,0,0.0,0,0,06-MAY-2024,
OPTSTK,SBILIFE,27-Jun-2024,1500.0,CE,50.0,52.85,49.35,51.1,51.1,15,87.21,4875,4125,06-MAY-2024,
OPTSTK,SBILIFE,27-Jun-2024,1520.0,CE,0.0,0.0,0.0,83.65,32.75,0,0.0,0,0,06-MAY-2024,
OPTSTK,SBILIFE,27-Jun-2024,1540.0,CE,0.0,0.0,0.0,34.65,26.95,0,0.0,0,0,06-MAY-2024,
OPTSTK,SBILIFE,27-Jun-2024,1560.0,CE,29.75,29.75,28.3,28.3,28.3,2,11.91,750,375,06-MAY-2024,
OPTSTK,SBILIFE,27-Jun-2024,1580.0,CE,0.0,0.0,0.0,24.3,17.8,0,0.0,0,0,06-MAY-2024,
OPTSTK,SBILIFE,27-Jun-2024,1600.0,CE,0.0,0.0,0.0,51.25,14.3,0,0.0,0,0,06-MAY-2024,
OPTSTK,SBILIFE,27-Jun-2024,1620.0,CE,0.0,0.0,0.0,16.55,11.4,0,0.0,0,0,06-MAY-2024,
OPTSTK,SBILIFE,27-Jun-2024,1640.0,CE,0.0,0.0,0.0,39.2,9.0,0,0.0,0,0,06-MAY-2024,
OPTSTK,SBILIFE,27-Jun-2024,1680.0,CE,0.0,0.0,0.0,29.65,5.5,0,0.0,0,0,06-MAY-2024,
OPTSTK,SBILIFE,27-Jun-2024,1720.0,CE,0.0,0.0,0.0,22.0,3.25,0,0.0,0,0,06-MAY-2024,
OPTSTK,SBILIFE,27-Jun-2024,1160.0,PE,0.0,0.0,0.0,1.3,0.55,0,0.0,0,0,06-MAY-2024,
OPTSTK,SBILIFE,27-Jun-2024,1200.0,PE,0.0,0.0,0.0,2.55,1.45,0,0.0,0,0,06-MAY-2024,
OPTSTK,SBILIFE,27-Jun-2024,1240.0,PE,0.0,0.0,0.0,4.7,3.25,0,0.0,0,0,06-MAY-2024,
OPTSTK,SBILIFE,27-Jun-2024,1260.0,PE,0.0,0.0,0.0,6.3,4.65,0,0.0,0,0,06-MAY-2024,
OPTSTK,SBILIFE,27-Jun-2024,1280.0,PE,7.05,12.55,7.0,12.55,6.6,28,135.52,7500,1500,06-MAY-2024,
OPTSTK,SBILIFE,27-Jun-2024,1300.0,PE,0.0,0.0,0.0,11.3,9.1,0,0.0,0,0,06-MAY-2024,
OPTSTK,SBILIFE,27-Jun-2024,1320.0,PE,0.0,0.0,0.0,13.1,12.25,0,0.0,0,0,06-MAY-2024,
OPTSTK,SBILIFE,27-Jun-2024,1340.0,PE,0.0,0.0,0.0,18.95,16.2,0,0.0,0,0,06-MAY-2024,
OPTSTK,SBILIFE,27-Jun-2024,1360.0,PE,0.0,0.0,0.0,20.2,21.05,0,0.0,0,0,06-MAY-2024,
OPTSTK,SBILIFE,27-Jun-2024,1380.0,PE,0.0,0.0,0.0,29.8,26.75,0,0.0,0,0,06-MAY-2024,
OPTSTK,SBILIFE,27-Jun-2024,1400.0,PE,33.95,43.15,33.95,42.0,33.5,17,91.86,7875,2250,06-MAY-2024,
OPTSTK,SBILIFE,27-Jun-2024,1420.0,PE,0.0,0.0,0.0,44.35,41.35,0,0.0,0,0,06-MAY-2024,
OPTSTK,SBILIFE,27-Jun-2024,1440.0,PE,0.0,0.0,0.0,42.25,50.25,0,0.0,0,0,06-MAY-2024,
OPTSTK,SBILIFE,27-Jun-2024,1460.0,PE,0.0,0.0,0.0,62.75,60.25,0,0.0,0,0,06-MAY-2024,
OPTSTK,SBILIFE,27-Jun-2024,1480.0,PE,0.0,0.0,0.0,57.7,71.3,0,0.0,0,0,06-MAY-2024,
OPTSTK,SBILIFE,27-Jun-2024,1500.0,PE,0.0,0.0,0.0,85.0,83.4,0,0.0,0,0,06-MAY-2024,
OPTSTK,SBILIFE,27-Jun-2024,1520.0,PE,0.0,0.0,0.0,76.25,96.45,0,0.0,0,0,06-MAY-2024,
OPTSTK,SBILIFE,27-Jun-2024,1540.0,PE,0.0,0.0,0.0,110.85,110.45,0,0.0,0,0,06-MAY-2024,
OPTSTK,SBILIFE,27-Jun-2024,1560.0,PE,0.0,0.0,0.0,97.85,125.4,0,0.0,0,0,06-MAY-2024,
OPTSTK,SBILIFE,27-Jun-2024,1580.0,PE,0.0,0.0,0.0,140.05,140.95,0,0.0,0,0,06-MAY-2024,
OPTSTK,SBILIFE,27-Jun-2024,1600.0,PE,0.0,0.0,0.0,122.4,157.2,0,0.0,0,0,06-MAY-2024,
OPTSTK,SBILIFE,27-Jun-2024,1620.0,PE,0.0,0.0,0.0,171.75,174.1,0,0.0,0,0,06-MAY-2024,
OPTSTK,SBILIFE,27-Jun-2024,1640.0,PE,0.0,0.0,0.0,149.65,191.5,0,0.0,0,0,06-MAY-2024,
OPTSTK,SBILIFE,27-Jun-2024,1680.0,PE,0.0,0.0,0.0,179.35,227.6,0,0.0,0,0,06-MAY-2024,
OPTSTK,SBILIFE,27-Jun-2024,1720.0,PE,0.0,0.0,0.0,211.0,264.95,0,0.0,0,0,06-MAY-2024,
OPTSTK,SBILIFE,25-Jul-2024,1200.0,CE,0.0,0.0,0.0,271.05,263.5,0,0.0,0,0,06-MAY-2024,
OPTSTK,SBILIFE,25-Jul-2024,1240.0,CE,0.0,0.0,0.0,235.4,227.4,0,0.0,0,0,06-MAY-2024,
OPTSTK,SBILIFE,25-Jul-2024,1280.0,CE,0.0,0.0,0.0,201.55,193.1,0,0.0,0,0,06-MAY-2024,
OPTSTK,SBILIFE,25-Jul-2024,1320.0,CE,0.0,0.0,0.0,170.0,161.15,0,0.0,0,0,06-MAY-2024,
OPTSTK,SBILIFE,25-Jul-2024,1360.0,CE,0.0,0.0,0.0,141.05,132.0,0,0.0,0,0,06-MAY-2024,
OPTSTK,SBILIFE,25-Jul-2024,1400.0,CE,0.0,0.0,0.0,115.2,106.05,0,0.0,0,0,06-MAY-2024,
OPTSTK,SBILIFE,25-Jul-2024,1440.0,CE,0.0,0.0,0.0,92.5,83.6,0,0.0,0,0,06-MAY-2024,
OPTSTK,SBILIFE,25-Jul-2024,1480.0,CE,0.0,0.0,0.0,73.0,64.55,0,0.0,0,0,06-MAY-2024,
OPTSTK,SBILIFE,25-Jul-2024,1520.0,CE,0.0,0.0,0.0,56.65,48.85,0,0.0,0,0,06-MAY-2024,
OPTSTK,SBILIFE,25-Jul-2024,1560.0,CE,0.0,0.0,0.0,43.25,36.25,0,0.0,375,0,06-MAY-2024,
OPTSTK,SBILIFE,25-Jul-2024,1600.0,CE,0.0,0.0,0.0,32.55,26.5,0,0.0,0,0,06-MAY-2024,
OPTSTK,SBILIFE,25-Jul-2024,1640.0,CE,0.0,0.0,0.0,24.05,18.9,0,0.0,0,0,06-MAY-2024,
OPTSTK,SBILIFE,25-Jul-2024,1680.0,CE,0.0,0.0,0.0,17.5,13.25,0,0.0,0,0,06-MAY-2024,
OPTSTK,SBILIFE,25-Jul-2024,1200.0,PE,0.0,0.0,0.0,4.9,3.95,0,0.0,0,0,06-MAY-2024,
OPTSTK,SBILIFE,25-Jul-2024,1240.0,PE,0.0,0.0,0.0,8.55,7.2,0,0.0,0,0,06-MAY-2024,
OPTSTK,SBILIFE,25-Jul-2024,1280.0,PE,0.0,0.0,0.0,14.0,12.25,0,0.0,0,0,06-MAY-2024,
OPTSTK,SBILIFE,25-Jul-2024,1320.0,PE,0.0,0.0,0.0,21.7,19.65,0,0.0,0,0,06-MAY-2024,
OPTSTK,SBILIFE,25-Jul-2024,1360.0,PE,0.0,0.0,0.0,32.05,29.9,0,0.0,0,0,06-MAY-2024,
OPTSTK,SBILIFE,25-Jul-2024,1400.0,PE,0.0,0.0,0.0,45.45,43.35,0,0.0,375,0,06-MAY-2024,
OPTSTK,SBILIFE,25-Jul-2024,1440.0,PE,0.0,0.0,0.0,62.05,60.2,0,0.0,0,0,06-MAY-2024,
OPTSTK,SBILIFE,25-Jul-2024,1480.0,PE,0.0,0.0,0.0,81.85,80.55,0,0.0,0,0,06-MAY-2024,
OPTSTK,SBILIFE,25-Jul-2024,1520.0,PE,0.0,0.0,0.0,104.75,104.25,0,0.0,0,0,06-MAY-2024,
OPTSTK,SBILIFE,25-Jul-2024,1560.0,PE,0.0,0.0,0.0,130.65,131.0,0,0.0,0,0,06-MAY-2024,
OPTSTK,SBILIFE,25-Jul-2024,1600.0,PE,0.0,0.0,0.0,159.2,160.6,0,0.0,0,0,06-MAY-2024,
OPTSTK,SBILIFE,25-Jul-2024,1640.0,PE,0.0,0.0,0.0,189.95,192.35,0,0.0,0,0,06-MAY-2024,
OPTSTK,SBILIFE,25-Jul-2024,1680.0,PE,0.0,0.0,0.0,222.7,226.1,0,0.0,0,0,06-MAY-2024,
OPTSTK,SBIN,30-May-2024,640.0,CE,165.0,165.0,165.0,165.0,170.8,1,6.03,4500,750,06-MAY-2024,
OPTSTK,SBIN,30-May-2024,650.0,CE,150.1,159.5,149.75,154.15,154.15,72,434.47,105000,-48000,06-MAY-2024,
OPTSTK,SBIN,30-May-2024,660.0,CE,0.0,0.0,0.0,85.0,150.9,0,0.0,1500,0,06-MAY-2024,
OPTSTK,SBIN,30-May-2024,670.0,CE,0.0,0.0,0.0,84.0,141.0,0,0.0,9000,0,06-MAY-2024,
OPTSTK,SBIN,30-May-2024,680.0,CE,126.0,126.0,120.0,121.55,131.1,3,18.05,26250,-750,06-MAY-2024,
OPTSTK,SBIN,30-May-2024,690.0,CE,113.55,114.45,113.55,114.45,121.3,2,12.06,3000,1500,06-MAY-2024,
OPTSTK,SBIN,30-May-2024,700.0,CE,108.0,108.0,98.0,104.55,104.55,86,518.27,216000,-9000,06-MAY-2024,
OPTSTK,SBIN,30-May-2024,710.0,CE,97.25,98.05,93.2,97.7,101.9,5,30.23,36000,-750,06-MAY-2024,
OPTSTK,SBIN,30-May-2024,720.0,CE,86.5,88.4,80.85,86.1,86.1,1035,6242.4,124500,-637500,06-MAY-2024,
OPTSTK,SBIN,30-May-2024,730.0,CE,81.0,81.0,72.5,77.2,77.2,40,241.84,53250,-3000,06-MAY-2024,
OPTSTK,SBIN,30-May-2024,735.0,CE,0.0,0.0,0.0,92.75,78.65,0,0.0,6000,0,06-MAY-2024,
OPTSTK,SBIN,30-May-2024,740.0,CE,69.5,73.65,62.6,68.35,68.35,140,848.57,300750,-23250,06-MAY-2024,
OPTSTK,SBIN,30-May-2024,745.0,CE,0.0,0.0,0.0,75.0,69.85,0,0.0,48750,0,06-MAY-2024,
OPTSTK,SBIN,30-May-2024,750.0,CE,64.05,65.8,55.0,59.85,59.85,2080,12648.29,1772250,974250,06-MAY-2024,
OPTSTK,SBIN,30-May-2024,755.0,CE,59.7,59.7,51.1,57.35,61.45,44,267.26,55500,12750,06-MAY-2024,
OPTSTK,SBIN,30-May-2024,760.0,CE,56.8,56.8,47.0,52.05,52.05,218,1327.47,390000,42750,06-MAY-2024,
OPTSTK,SBIN,30-May-2024,765.0,CE,45.15,51.55,43.5,48.1,53.5,37,225.26,67500,-750,06-MAY-2024,
OPTSTK,SBIN,30-May-2024,770.0,CE,46.7,48.25,40.0,44.4,44.4,483,2949.68,871500,-36000,06-MAY-2024,
OPTSTK,SBIN,30-May-2024,775.0,CE,45.05,45.05,37.4,41.25,41.25,92,563.27,199500,9750,06-MAY-2024,
OPTSTK,SBIN,30-May-2024,780.0,CE,41.0,41.35,32.7,37.75,37.75,732,4486.82,669000,57000,06-MAY-2024,
OPTSTK,SBIN,30-May-2024,785.0,CE,38.0,38.0,31.0,34.75,34.75,243,1493.48,204750,-56250,06-MAY-2024,
OPTSTK,SBIN,30-May-2024,790.0,CE,34.0,34.75,27.8,31.7,31.7,1274,7843.71,622500,95250,06-MAY-2024,
OPTSTK,SBIN,30-May-2024,795.0,CE,29.9,31.3,25.3,29.05,29.05,444,2741.65,104250,25500,06-MAY-2024,
OPTSTK,SBIN,30-May-2024,800.0,CE,38.0,38.0,22.6,26.35,26.35,13225,81924.69,3258750,918750,06-MAY-2024,
OPTSTK,SBIN,30-May-2024,805.0,CE,25.0,26.2,20.55,23.9,23.9,3387,21046.37,508500,345000,06-MAY-2024,
OPTSTK,SBIN,30-May-2024,810.0,CE,30.6,30.6,18.3,21.6,21.6,17524,109254.6,2224500,801000,06-MAY-2024,
OPTSTK,SBIN,30-May-2024,815.0,CE,26.7,26.7,16.3,19.45,19.45,5766,36075.26,658500,395250,06-MAY-2024,
OPTSTK,SBIN,30-May-2024,820.0,CE,26.95,27.0,14.65,17.55,17.55,13856,87007.32,2768250,865500,06-MAY-2024,
OPTSTK,SBIN,30-May-2024,825.0,CE,25.7,25.7,13.1,15.8,15.8,4106,25880.34,965250,134250,06-MAY-2024,
OPTSTK,SBIN,30-May-2024,830.0,CE,21.55,24.9,11.4,14.15,14.15,11031,69809.73,3090750,375750,06-MAY-2024,
OPTSTK,SBIN,30-May-2024,835.0,CE,20.1,20.1,10.5,12.6,12.6,2912,18504.72,927750,96750,06-MAY-2024,
OPTSTK,SBIN,30-May-2024,840.0,CE,18.35,18.65,9.2,11.15,11.15,8520,54368.46,2723250,244500,06-MAY-2024,
OPTSTK,SBIN,30-May-2024,845.0,CE,13.05,13.05,8.35,9.95,9.95,1548,9922.19,409500,132750,06-MAY-2024,
OPTSTK,SBIN,30-May-2024,850.0,CE,14.75,16.9,7.2,8.8,8.8,13660,87950.19,6648750,160500,06-MAY-2024,
OPTSTK,SBIN,30-May-2024,855.0,CE,11.8,11.8,6.3,7.8,7.8,1004,6494.86,364500,129750,06-MAY-2024,
OPTSTK,SBIN,30-May-2024,860.0,CE,11.45,11.5,5.6,6.9,6.9,4515,29346.21,1230750,-57000,06-MAY-2024,
OPTSTK,SBIN,30-May-2024,865.0,CE,9.8,9.8,5.0,6.1,6.1,908,5931.19,258750,89250,06-MAY-2024,
OPTSTK,SBIN,30-May-2024,870.0,CE,8.85,8.85,4.4,5.4,5.4,3225,21168.26,1123500,27750,06-MAY-2024,
OPTSTK,SBIN,30-May-2024,875.0,CE,7.8,7.8,3.95,4.9,4.9,796,5251.66,170250,-34500,06-MAY-2024,
OPTSTK,SBIN,30-May-2024,880.0,CE,6.85,7.1,3.4,4.35,4.35,3016,19997.19,1309500,-127500,06-MAY-2024,
OPTSTK,SBIN,30-May-2024,885.0,CE,4.0,4.2,3.1,3.85,3.85,416,2772.36,159000,10500,06-MAY-2024,
OPTSTK,SBIN,30-May-2024,890.0,CE,5.35,5.5,2.7,3.45,3.45,1735,11623.01,943500,-123750,06-MAY-2024,
OPTSTK,SBIN,30-May-2024,895.0,CE,4.3,4.3,2.4,3.15,3.15,355,2390.63,210000,-9750,06-MAY-2024,
OPTSTK,SBIN,30-May-2024,900.0,CE,4.3,4.3,2.15,2.85,2.85,5225,35371.86,3013500,402750,06-MAY-2024,
OPTSTK,SBIN,30-May-2024,905.0,CE,2.85,2.85,2.05,2.55,2.55,215,1463.06,184500,-6000,06-MAY-2024,
OPTSTK,SBIN,30-May-2024,910.0,CE,3.3,3.4,1.7,2.25,2.25,1269,8680.78,328500,90000,06-MAY-2024,
OPTSTK,SBIN,30-May-2024,915.0,CE,1.9,2.2,1.55,2.05,2.05,221,1519.76,96750,2250,06-MAY-2024,
OPTSTK,SBIN,30-May-2024,920.0,CE,1.95,2.05,1.4,1.9,1.9,929,6422.15,653250,-1500,06-MAY-2024,
OPTSTK,SBIN,30-May-2024,925.0,CE,2.3,2.3,1.25,1.7,1.7,771,5357.66,538500,-28500,06-MAY-2024,
OPTSTK,SBIN,30-May-2024,930.0,CE,1.35,1.65,1.05,1.5,1.5,1130,7893.54,593250,6000,06-MAY-2024,
OPTSTK,SBIN,30-May-2024,940.0,CE,1.55,1.55,0.9,1.3,1.3,1174,8286.96,691500,85500,06-MAY-2024,
OPTSTK,SBIN,30-May-2024,630.0,PE,0.35,0.4,0.35,0.35,0.0,12,56.73,23250,2250,06-MAY-2024,
OPTSTK,SBIN,30-May-2024,640.0,PE,0.35,0.55,0.35,0.55,0.55,22,105.67,70500,-5250,06-MAY-2024,
OPTSTK,SBIN,30-May-2024,650.0,PE,0.5,0.75,0.5,0.6,0.6,238,1161.33,479250,-9000,06-MAY-2024,
OPTSTK,SBIN,30-May-2024,660.0,PE,0.75,0.8,0.55,0.65,0.65,29,143.7,85500,3750,06-MAY-2024,
OPTSTK,SBIN,30-May-2024,670.0,PE,0.9,0.95,0.55,0.65,0.65,72,362.19,138750,2250,06-MAY-2024,
OPTSTK,SBIN,30-May-2024,680.0,PE,0.8,1.2,0.7,0.85,0.85,235,1200.07,438750,32250,06-MAY-2024,
OPTSTK,SBIN,30-May-2024,685.0,PE,0.15,1.2,0.15,1.0,1.0,97,499.04,22500,13500,06-MAY-2024,
OPTSTK,SBIN,30-May-2024,690.0,PE,0.8,1.45,0.8,1.0,1.0,508,2632.98,162000,54000,06-MAY-2024,
OPTSTK,SBIN,30-May-2024,695.0,PE,0.75,1.4,0.75,1.15,1.15,100,522.09,34500,11250,06-MAY-2024,
OPTSTK,SBIN,30-May-2024,700.0,PE,0.8,1.85,0.8,1.3,1.3,2935,15439.95,1684500,-10500,06-MAY-2024,
OPTSTK,SBIN,30-May-2024,705.0,PE,1.2,2.05,1.2,1.55,1.55,453,2400.85,55500,-72750,06-MAY-2024,
OPTSTK,SBIN,30-May-2024,710.0,PE,0.9,2.35,0.9,1.75,1.75,893,4767.6,411750,-20250,06-MAY-2024,
OPTSTK,SBIN,30-May-2024,715.0,PE,1.25,2.7,1.25,2.05,2.05,374,2011.88,102000,57750,06-MAY-2024,
OPTSTK,SBIN,30-May-2024,720.0,PE,1.4,3.15,1.35,2.35,2.35,1823,9877.54,1568250,395250,06-MAY-2024,
OPTSTK,SBIN,30-May-2024,725.0,PE,2.1,3.55,2.1,2.8,2.8,636,3472.1,206250,112500,06-MAY-2024,
OPTSTK,SBIN,30-May-2024,730.0,PE,2.0,4.1,1.9,3.3,3.3,1973,10850.46,1500000,51750,06-MAY-2024,
OPTSTK,SBIN,30-May-2024,735.0,PE,2.7,4.75,2.65,3.8,3.8,862,4777.38,126000,4500,06-MAY-2024,
OPTSTK,SBIN,30-May-2024,740.0,PE,2.75,5.55,2.65,4.5,4.5,2973,16603.84,1540500,63000,06-MAY-2024,
OPTSTK,SBIN,30-May-2024,745.0,PE,3.65,6.45,3.55,5.35,5.35,748,4209.52,289500,129750,06-MAY-2024,
OPTSTK,SBIN,30-May-2024,750.0,PE,3.2,7.6,3.2,6.2,6.2,6363,36081.86,2932500,414000,06-MAY-2024,
OPTSTK,SBIN,30-May-2024,755.0,PE,3.55,8.6,3.55,7.1,7.1,1119,6394.72,395250,196500,06-MAY-2024,
OPTSTK,SBIN,30-May-2024,760.0,PE,4.5,9.9,4.5,8.05,8.05,4207,24230.64,1344000,16500,06-MAY-2024,
OPTSTK,SBIN,30-May-2024,765.0,PE,4.45,11.15,4.45,9.2,9.2,1169,6787.38,172500,-44250,06-MAY-2024,
OPTSTK,SBIN,30-May-2024,770.0,PE,5.25,12.8,4.95,10.6,10.6,5787,33871.61,1698750,-221250,06-MAY-2024,
OPTSTK,SBIN,30-May-2024,775.0,PE,6.95,14.45,6.95,12.05,12.05,2143,12645.13,379500,-74250,06-MAY-2024,
OPTSTK,SBIN,30-May-2024,780.0,PE,7.9,16.4,7.9,13.65,13.65,7948,47313.05,2127000,-6750,06-MAY-2024,
OPTSTK,SBIN,30-May-2024,785.0,PE,10.0,18.4,10.0,15.45,15.45,2173,13045.02,457500,27000,06-MAY-2024,
OPTSTK,SBIN,30-May-2024,790.0,PE,12.4,20.65,12.4,17.5,17.5,7276,44069.59,1149000,24750,06-MAY-2024,
OPTSTK,SBIN,30-May-2024,795.0,PE,11.95,23.05,11.95,19.6,19.6,3019,18445.22,264750,77250,06-MAY-2024,
OPTSTK,SBIN,30-May-2024,800.0,PE,12.45,25.85,11.65,22.05,22.05,16547,101995.58,3313500,359250,06-MAY-2024,
OPTSTK,SBIN,30-May-2024,805.0,PE,19.9,28.65,19.15,24.6,24.6,4955,30830.46,387750,104250,06-MAY-2024,
OPTSTK,SBIN,30-May-2024,810.0,PE,18.4,31.45,18.4,27.25,27.25,7248,45499.71,906000,108750,06-MAY-2024,
OPTSTK,SBIN,30-May-2024,815.0,PE,18.4,34.65,18.25,30.05,30.05,1376,8714.23,240000,-32250,06-MAY-2024,
OPTSTK,SBIN,30-May-2024,820.0,PE,21.0,37.7,19.95,33.2,33.2,3944,25205.41,1254750,40500,06-MAY-2024,
OPTSTK,SBIN,30-May-2024,825.0,PE,23.95,40.75,23.65,36.6,36.6,783,5047.23,397500,-84750,06-MAY-2024,
OPTSTK,SBIN,30-May-2024,830.0,PE,25.5,44.65,25.45,39.85,39.85,1955,12732.96,878250,-177000,06-MAY-2024,
OPTSTK,SBIN,30-May-2024,835.0,PE,28.7,47.3,28.7,43.35,43.35,199,1306.8,161250,-6750,06-MAY-2024,
OPTSTK,SBIN,30-May-2024,840.0,PE,36.6,51.65,33.65,47.1,47.1,617,4098.85,208500,15750,06-MAY-2024,
OPTSTK,SBIN,30-May-2024,845.0,PE,45.0,55.9,45.0,50.65,50.65,70,470.38,65250,27750,06-MAY-2024,
OPTSTK,SBIN,30-May-2024,850.0,PE,41.2,58.7,41.2,54.5,54.5,352,2385.36,438750,-46500,06-MAY-2024,
OPTSTK,SBIN,30-May-2024,855.0,PE,61.0,62.5,55.4,58.65,58.65,66,452.74,53250,34500,06-MAY-2024,
OPTSTK,SBIN,30-May-2024,860.0,PE,56.55,67.5,56.55,62.75,62.75,103,713.65,100500,56250,06-MAY-2024,
OPTSTK,SBIN,30-May-2024,865.0,PE,0.0,0.0,0.0,49.35,60.0,0,0.0,41250,0,06-MAY-2024,
OPTSTK,SBIN,30-May-2024,870.0,PE,70.0,76.0,68.3,72.55,64.1,44,310.88,42000,11250,06-MAY-2024,
OPTSTK,SBIN,30-May-2024,875.0,PE,0.0,0.0,0.0,60.0,68.3,0,0.0,20250,0,06-MAY-2024,
OPTSTK,SBIN,30-May-2024,880.0,PE,72.3,84.35,72.3,80.3,80.3,96,692.02,136500,50250,06-MAY-2024,
OPTSTK,SBIN,30-May-2024,885.0,PE,87.0,87.0,84.2,84.2,76.95,5,36.4,12000,2250,06-MAY-2024,
OPTSTK,SBIN,30-May-2024,890.0,PE,82.75,90.3,82.75,90.3,81.4,4,29.23,15000,1500,06-MAY-2024,
OPTSTK,SBIN,30-May-2024,895.0,PE,0.0,0.0,0.0,69.95,85.9,0,0.0,2250,0,06-MAY-2024,
OPTSTK,SBIN,30-May-2024,900.0,PE,88.2,102.3,88.2,96.3,90.45,20,149.56,135000,-1500,06-MAY-2024,
OPTSTK,SBIN,30-May-2024,905.0,PE,0.0,0.0,0.0,78.75,95.1,0,0.0,750,0,06-MAY-2024,
OPTSTK,SBIN,30-May-2024,910.0,PE,0.0,0.0,0.0,91.3,99.75,0,0.0,6000,0,06-MAY-2024,
OPTSTK,SBIN,30-May-2024,920.0,PE,116.5,119.75,113.45,119.05,119.05,74,575.49,70500,-52500,06-MAY-2024,
OPTSTK,SBIN,30-May-2024,930.0,PE,0.0,0.0,0.0,169.6,118.8,0,0.0,0,0,06-MAY-2024,
OPTSTK,SBIN,30-May-2024,940.0,PE,0.0,0.0,0.0,114.35,128.5,0,0.0,1500,0,06-MAY-2024,
OPTSTK,SBIN,27-Jun-2024,690.0,CE,0.0,0.0,0.0,87.85,127.15,0,0.0,0,0,06-MAY-2024,
OPTSTK,SBIN,27-Jun-2024,700.0,CE,110.0,119.55,110.0,116.45,116.45,72,440.86,40500,36750,06-MAY-2024,
OPTSTK,SBIN,27-Jun-2024,710.0,CE,0.0,0.0,0.0,73.75,109.15,0,0.0,0,0,06-MAY-2024,
OPTSTK,SBIN,27-Jun-2024,720.0,CE,0.0,0.0,0.0,67.25,100.5,0,0.0,0,0,06-MAY-2024,
OPTSTK,SBIN,27-Jun-2024,730.0,CE,0.0,0.0,0.0,61.1,92.1,0,0.0,0,0,06-MAY-2024,
OPTSTK,SBIN,27-Jun-2024,740.0,CE,0.0,0.0,0.0,38.5,84.05,0,0.0,3000,0,06-MAY-2024,
OPTSTK,SBIN,27-Jun-2024,745.0,CE,0.0,0.0,0.0,87.0,80.15,0,0.0,0,0,06-MAY-2024,
OPTSTK,SBIN,27-Jun-2024,750.0,CE,79.0,82.6,75.4,81.05,81.05,145,902.14,132750,-18000,06-MAY-2024,
OPTSTK,SBIN,27-Jun-2024,755.0,CE,0.0,0.0,0.0,79.4,72.6,0,0.0,0,0,06-MAY-2024,
OPTSTK,SBIN,27-Jun-2024,760.0,CE,0.0,0.0,0.0,44.85,68.95,0,0.0,0,0,06-MAY-2024,
OPTSTK,SBIN,27-Jun-2024,765.0,CE,0.0,0.0,0.0,71.15,65.4,0,0.0,750,0,06-MAY-2024,
OPTSTK,SBIN,27-Jun-2024,770.0,CE,64.25,68.45,62.85,68.45,68.45,33,207.12,102750,-13500,06-MAY-2024,
OPTSTK,SBIN,27-Jun-2024,775.0,CE,0.0,0.0,0.0,65.25,58.65,0,0.0,0,0,06-MAY-2024,
OPTSTK,SBIN,27-Jun-2024,780.0,CE,0.0,0.0,0.0,64.8,55.4,0,0.0,9750,0,06-MAY-2024,
OPTSTK,SBIN,27-Jun-2024,785.0,CE,0.0,0.0,0.0,58.8,52.3,0,0.0,0,0,06-MAY-2024,
OPTSTK,SBIN,27-Jun-2024,790.0,CE,0.0,0.0,0.0,56.8,49.3,0,0.0,3000,0,06-MAY-2024,
OPTSTK,SBIN,27-Jun-2024,795.0,CE,0.0,0.0,0.0,54.75,46.4,0,0.0,1500,0,06-MAY-2024,
OPTSTK,SBIN,27-Jun-2024,800.0,CE,51.0,52.4,45.2,51.25,51.25,250,1593.3,533250,31500,06-MAY-2024,
OPTSTK,SBIN,27-Jun-2024,805.0,CE,52.15,52.15,47.4,47.4,47.4,2,12.82,0,0,06-MAY-2024,
OPTSTK,SBIN,27-Jun-2024,810.0,CE,52.55,52.55,42.7,46.5,46.5,160,1025.54,62250,13500,06-MAY-2024,
OPTSTK,SBIN,27-Jun-2024,815.0,CE,0.0,0.0,0.0,42.7,35.95,0,0.0,750,0,06-MAY-2024,
OPTSTK,SBIN,27-Jun-2024,820.0,CE,38.75,43.65,38.7,40.3,40.3,41,264.7,63000,0,06-MAY-2024,
OPTSTK,SBIN,27-Jun-2024,825.0,CE,45.0,45.0,36.0,38.0,38.0,17,110.75,12750,9750,06-MAY-2024,
OPTSTK,SBIN,27-Jun-2024,830.0,CE,37.25,39.0,34.15,37.5,37.5,97,630.13,75000,10500,06-MAY-2024,
OPTSTK,SBIN,27-Jun-2024,835.0,CE,41.95,41.95,41.95,41.95,27.25,1,6.57,3000,750,06-MAY-2024,
OPTSTK,SBIN,27-Jun-2024,840.0,CE,27.0,35.5,27.0,32.25,25.35,19,124.46,84750,1500,06-MAY-2024,
OPTSTK,SBIN,27-Jun-2024,845.0,CE,0.0,0.0,0.0,28.55,23.55,0,0.0,0,0,06-MAY-2024,
OPTSTK,SBIN,27-Jun-2024,850.0,CE,36.0,36.0,26.3,30.2,30.2,1012,6670.17,385500,-85500,06-MAY-2024,
OPTSTK,SBIN,27-Jun-2024,855.0,CE,0.0,0.0,0.0,24.9,20.2,0,0.0,0,0,06-MAY-2024,
OPTSTK,SBIN,27-Jun-2024,860.0,CE,35.65,35.65,26.0,27.0,27.0,13,86.52,89250,1500,06-MAY-2024,
OPTSTK,SBIN,27-Jun-2024,865.0,CE,0.0,0.0,0.0,25.7,17.25,0,0.0,750,0,06-MAY-2024,
OPTSTK,SBIN,27-Jun-2024,870.0,CE,21.75,24.0,21.75,24.0,24.0,3,20.09,2250,1500,06-MAY-2024,
OPTSTK,SBIN,27-Jun-2024,875.0,CE,0.0,0.0,0.0,18.7,14.7,0,0.0,0,0,06-MAY-2024,
OPTSTK,SBIN,27-Jun-2024,880.0,CE,22.8,22.8,22.8,22.8,13.55,1,6.77,2250,750,06-MAY-2024,
OPTSTK,SBIN,27-Jun-2024,885.0,CE,0.0,0.0,0.0,16.1,12.4,0,0.0,0,0,06-MAY-2024,
OPTSTK,SBIN,27-Jun-2024,890.0,CE,0.0,0.0,0.0,18.9,11.4,0,0.0,3000,0,06-MAY-2024,
OPTSTK,SBIN,27-Jun-2024,900.0,CE,20.25,20.25,13.75,16.5,16.5,415,2851.68,425250,19500,06-MAY-2024,
OPTSTK,SBIN,27-Jun-2024,910.0,CE,13.75,21.0,13.0,13.15,13.15,17,118.11,7500,5250,06-MAY-2024,
OPTSTK,SBIN,27-Jun-2024,920.0,CE,15.55,15.55,8.45,12.8,12.8,30,209.88,177750,4500,06-MAY-2024,
OPTSTK,SBIN,27-Jun-2024,930.0,CE,0.0,0.0,0.0,4.4,5.45,0,0.0,0,0,06-MAY-2024,
OPTSTK,SBIN,27-Jun-2024,940.0,CE,10.3,10.5,9.8,10.35,10.35,17,121.16,29250,10500,06-MAY-2024,
OPTSTK,SBIN,27-Jun-2024,660.0,PE,4.0,4.6,4.0,4.6,0.85,12,59.78,9750,6000,06-MAY-2024,
OPTSTK,SBIN,27-Jun-2024,690.0,PE,0.0,0.0,0.0,5.1,2.25,0,0.0,9000,0,06-MAY-2024,
OPTSTK,SBIN,27-Jun-2024,700.0,PE,7.8,11.0,6.95,9.5,9.5,218,1160.29,336000,82500,06-MAY-2024,
OPTSTK,SBIN,27-Jun-2024,710.0,PE,0.0,0.0,0.0,5.3,4.05,0,0.0,3000,0,06-MAY-2024,
OPTSTK,SBIN,27-Jun-2024,720.0,PE,9.65,9.65,9.65,9.65,5.3,3,16.41,9750,2250,06-MAY-2024,
OPTSTK,SBIN,27-Jun-2024,730.0,PE,0.0,0.0,0.0,25.7,6.8,0,0.0,0,0,06-MAY-2024,
OPTSTK,SBIN,27-Jun-2024,740.0,PE,14.9,14.95,14.9,14.95,8.6,4,22.64,33000,3000,06-MAY-2024,
OPTSTK,SBIN,27-Jun-2024,745.0,PE,0.0,0.0,0.0,9.95,9.65,0,0.0,0,0,06-MAY-2024,
OPTSTK,SBIN,27-Jun-2024,750.0,PE,18.95,24.1,16.95,21.7,21.7,482,2787.68,640500,74250,06-MAY-2024,
OPTSTK,SBIN,27-Jun-2024,755.0,PE,0.0,0.0,0.0,15.5,12.05,0,0.0,1500,0,06-MAY-2024,
OPTSTK,SBIN,27-Jun-2024,760.0,PE,24.95,27.0,23.0,24.3,13.35,14,82.44,90750,-750,06-MAY-2024,
OPTSTK,SBIN,27-Jun-2024,765.0,PE,0.0,0.0,0.0,14.9,14.7,0,0.0,0,0,06-MAY-2024,
OPTSTK,SBIN,27-Jun-2024,770.0,PE,0.0,0.0,0.0,19.1,16.25,0,0.0,24750,0,06-MAY-2024,
OPTSTK,SBIN,27-Jun-2024,775.0,PE,0.0,0.0,0.0,17.85,17.85,0,0.0,0,0,06-MAY-2024,
OPTSTK,SBIN,27-Jun-2024,780.0,PE,24.25,36.05,24.2,33.05,33.05,123,749.05,132000,24750,06-MAY-2024,
OPTSTK,SBIN,27-Jun-2024,785.0,PE,0.0,0.0,0.0,21.25,21.4,0,0.0,0,0,06-MAY-2024,
OPTSTK,SBIN,27-Jun-2024,790.0,PE,35.0,35.0,35.0,35.0,23.35,1,6.18,750,750,06-MAY-2024,
OPTSTK,SBIN,27-Jun-2024,795.0,PE,0.0,0.0,0.0,25.05,25.4,0,0.0,0,0,06-MAY-2024,
OPTSTK,SBIN,27-Jun-2024,800.0,PE,30.0,45.9,30.0,42.1,42.1,807,5097.33,836250,248250,06-MAY-2024,
OPTSTK,SBIN,27-Jun-2024,805.0,PE,0.0,0.0,0.0,28.2,29.85,0,0.0,3750,0,06-MAY-2024,
OPTSTK,SBIN,27-Jun-2024,810.0,PE,51.45,51.45,43.0,46.35,46.35,24,154.18,102000,4500,06-MAY-2024,
OPTSTK,SBIN,27-Jun-2024,815.0,PE,0.0,0.0,0.0,33.9,34.75,0,0.0,0,0,06-MAY-2024,
OPTSTK,SBIN,27-Jun-2024,820.0,PE,54.2,55.1,48.0,52.8,37.35,15,97.91,41250,6750,06-MAY-2024,
OPTSTK,SBIN,27-Jun-2024,825.0,PE,0.0,0.0,0.0,38.95,40.1,0,0.0,0,0,06-MAY-2024,
OPTSTK,SBIN,27-Jun-2024,830.0,PE,54.0,60.45,54.0,56.75,56.75,17,113.12,58500,3000,06-MAY-2024,
OPTSTK,SBIN,27-Jun-2024,835.0,PE,0.0,0.0,0.0,44.4,45.85,0,0.0,0,0,06-MAY-2024,
OPTSTK,SBIN,27-Jun-2024,840.0,PE,0.0,0.0,0.0,89.55,48.9,0,0.0,0,0,06-MAY-2024,
OPTSTK,SBIN,27-Jun-2024,845.0,PE,0.0,0.0,0.0,50.25,52.0,0,0.0,0,0,06-MAY-2024,
OPTSTK,SBIN,27-Jun-2024,850.0,PE,66.0,73.9,66.0,71.95,71.95,110,758.87,72000,27750,06-MAY-2024,
OPTSTK,SBIN,27-Jun-2024,855.0,PE,0.0,0.0,0.0,56.45,58.6,0,0.0,0,0,06-MAY-2024,
OPTSTK,SBIN,27-Jun-2024,860.0,PE,0.0,0.0,0.0,105.1,62.05,0,0.0,0,0,06-MAY-2024,
OPTSTK,SBIN,27-Jun-2024,865.0,PE,0.0,0.0,0.0,63.05,65.55,0,0.0,0,0,06-MAY-2024,
OPTSTK,SBIN,27-Jun-2024,870.0,PE,0.0,0.0,0.0,113.2,69.15,0,0.0,0,0,06-MAY-2024,
OPTSTK,SBIN,27-Jun-2024,875.0,PE,0.0,0.0,0.0,70.0,72.9,0,0.0,0,0,06-MAY-2024,
OPTSTK,SBIN,27-Jun-2024,880.0,PE,0.0,0.0,0.0,121.5,76.65,0,0.0,0,0,06-MAY-2024,
OPTSTK,SBIN,27-Jun-2024,885.0,PE,0.0,0.0,0.0,77.3,80.5,0,0.0,0,0,06-MAY-2024,
OPTSTK,SBIN,27-Jun-2024,890.0,PE,0.0,0.0,0.0,130.0,84.4,0,0.0,0,0,06-MAY-2024,
OPTSTK,SBIN,27-Jun-2024,900.0,PE,100.0,110.0,100.0,105.55,105.55,98,739.64,60750,36750,06-MAY-2024,
OPTSTK,SBIN,27-Jun-2024,910.0,PE,0.0,0.0,0.0,147.45,100.8,0,0.0,0,0,06-MAY-2024,
OPTSTK,SBIN,27-Jun-2024,920.0,PE,0.0,0.0,0.0,156.4,109.35,0,0.0,0,0,06-MAY-2024,
OPTSTK,SBIN,27-Jun-2024,930.0,PE,0.0,0.0,0.0,165.45,118.1,0,0.0,0,0,06-MAY-2024,
OPTSTK,SBIN,27-Jun-2024,940.0,PE,0.0,0.0,0.0,174.6,127.0,0,0.0,0,0,06-MAY-2024,
OPTSTK,SBIN,25-Jul-2024,700.0,CE,0.0,0.0,0.0,131.35,124.95,0,0.0,0,0,06-MAY-2024,
OPTSTK,SBIN,25-Jul-2024,720.0,CE,0.0,0.0,0.0,114.75,108.45,0,0.0,0,0,06-MAY-2024,
OPTSTK,SBIN,25-Jul-2024,740.0,CE,0.0,0.0,0.0,99.15,92.95,0,0.0,0,0,06-MAY-2024,
OPTSTK,SBIN,25-Jul-2024,750.0,CE,0.0,0.0,0.0,91.8,85.7,0,0.0,0,0,06-MAY-2024,
OPTSTK,SBIN,25-Jul-2024,760.0,CE,0.0,0.0,0.0,84.7,78.7,0,0.0,0,0,06-MAY-2024,
OPTSTK,SBIN,25-Jul-2024,770.0,CE,0.0,0.0,0.0,77.95,72.05,0,0.0,0,0,06-MAY-2024,
OPTSTK,SBIN,25-Jul-2024,780.0,CE,0.0,0.0,0.0,71.5,65.8,0,0.0,0,0,06-MAY-2024,
OPTSTK,SBIN,25-Jul-2024,790.0,CE,0.0,0.0,0.0,65.4,59.85,0,0.0,0,0,06-MAY-2024,
OPTSTK,SBIN,25-Jul-2024,800.0,CE,60.0,62.0,56.1,61.7,61.7,9,58.05,8250,3750,06-MAY-2024,
OPTSTK,SBIN,25-Jul-2024,810.0,CE,0.0,0.0,0.0,54.25,49.1,0,0.0,0,0,06-MAY-2024,
OPTSTK,SBIN,25-Jul-2024,820.0,CE,0.0,0.0,0.0,60.0,44.2,0,0.0,2250,0,06-MAY-2024,
OPTSTK,SBIN,25-Jul-2024,830.0,CE,0.0,0.0,0.0,44.45,39.7,0,0.0,0,0,06-MAY-2024,
OPTSTK,SBIN,25-Jul-2024,840.0,CE,0.0,0.0,0.0,40.1,35.55,0,0.0,0,0,06-MAY-2024,
OPTSTK,SBIN,25-Jul-2024,850.0,CE,41.2,41.2,41.2,41.2,41.2,1,6.68,1500,750,06-MAY-2024,
OPTSTK,SBIN,25-Jul-2024,860.0,CE,0.0,0.0,0.0,32.25,28.2,0,0.0,0,0,06-MAY-2024,
OPTSTK,SBIN,25-Jul-2024,870.0,CE,0.0,0.0,0.0,28.85,25.0,0,0.0,0,0,06-MAY-2024,
OPTSTK,SBIN,25-Jul-2024,880.0,CE,0.0,0.0,0.0,25.7,22.1,0,0.0,0,0,06-MAY-2024,
OPTSTK,SBIN,25-Jul-2024,890.0,CE,0.0,0.0,0.0,22.8,19.5,0,0.0,0,0,06-MAY-2024,
OPTSTK,SBIN,25-Jul-2024,900.0,CE,0.0,0.0,0.0,20.25,17.15,0,0.0,0,0,06-MAY-2024,
OPTSTK,SBIN,25-Jul-2024,920.0,CE,0.0,0.0,0.0,15.75,13.1,0,0.0,0,0,06-MAY-2024,
OPTSTK,SBIN,25-Jul-2024,940.0,CE,0.0,0.0,0.0,12.15,9.9,0,0.0,0,0,06-MAY-2024,
OPTSTK,SBIN,25-Jul-2024,700.0,PE,0.0,0.0,0.0,6.0,6.1,0,0.0,0,0,06-MAY-2024,
OPTSTK,SBIN,25-Jul-2024,720.0,PE,0.0,0.0,0.0,10.95,9.25,0,0.0,2250,0,06-MAY-2024,
OPTSTK,SBIN,25-Jul-2024,740.0,PE,0.0,0.0,0.0,13.1,13.45,0,0.0,0,0,06-MAY-2024,
OPTSTK,SBIN,25-Jul-2024,750.0,PE,27.0,27.0,25.5,25.5,16.05,5,29.11,39750,1500,06-MAY-2024,
OPTSTK,SBIN,25-Jul-2024,760.0,PE,0.0,0.0,0.0,18.3,18.9,0,0.0,0,0,06-MAY-2024,
OPTSTK,SBIN,25-Jul-2024,770.0,PE,0.0,0.0,0.0,21.35,22.1,0,0.0,0,0,06-MAY-2024,
OPTSTK,SBIN,25-Jul-2024,780.0,PE,0.0,0.0,0.0,29.0,25.65,0,0.0,0,0,06-MAY-2024,
OPTSTK,SBIN,25-Jul-2024,790.0,PE,0.0,0.0,0.0,28.45,29.6,0,0.0,0,0,06-MAY-2024,
OPTSTK,SBIN,25-Jul-2024,800.0,PE,45.85,50.75,44.5,47.0,47.0,42,266.89,101250,8250,06-MAY-2024,
OPTSTK,SBIN,25-Jul-2024,810.0,PE,0.0,0.0,0.0,36.95,38.5,0,0.0,0,0,06-MAY-2024,
OPTSTK,SBIN,25-Jul-2024,820.0,PE,0.0,0.0,0.0,44.65,43.45,0,0.0,41250,0,06-MAY-2024,
OPTSTK,SBIN,25-Jul-2024,830.0,PE,0.0,0.0,0.0,50.0,48.8,0,0.0,6000,0,06-MAY-2024,
OPTSTK,SBIN,25-Jul-2024,840.0,PE,0.0,0.0,0.0,52.2,54.45,0,0.0,0,0,06-MAY-2024,
OPTSTK,SBIN,25-Jul-2024,850.0,PE,0.0,0.0,0.0,57.95,60.5,0,0.0,0,0,06-MAY-2024,
OPTSTK,SBIN,25-Jul-2024,860.0,PE,0.0,0.0,0.0,64.05,66.8,0,0.0,0,0,06-MAY-2024,
OPTSTK,SBIN,25-Jul-2024,870.0,PE,0.0,0.0,0.0,70.4,73.45,0,0.0,0,0,06-MAY-2024,
OPTSTK,SBIN,25-Jul-2024,880.0,PE,0.0,0.0,0.0,77.1,80.4,0,0.0,0,0,06-MAY-2024,
OPTSTK,SBIN,25-Jul-2024,890.0,PE,0.0,0.0,0.0,84.05,87.6,0,0.0,0,0,06-MAY-2024,
OPTSTK,SBIN,25-Jul-2024,900.0,PE,0.0,0.0,0.0,91.3,95.15,0,0.0,0,0,06-MAY-2024,
OPTSTK,SBIN,25-Jul-2024,920.0,PE,0.0,0.0,0.0,106.45,110.75,0,0.0,0,0,06-MAY-2024,
OPTSTK,SBIN,25-Jul-2024,940.0,PE,0.0,0.0,0.0,122.45,127.25,0,0.0,0,0,06-MAY-2024,
OPTSTK,SHREECEM,30-May-2024,20500.0,CE,0.0,0.0,0.0,5469.05,5132.6,0,0.0,0,0,06-MAY-2024,
OPTSTK,SHREECEM,30-May-2024,21000.0,CE,0.0,0.0,0.0,4950.0,4636.55,0,0.0,25,0,06-MAY-2024,
OPTSTK,SHREECEM,30-May-2024,21500.0,CE,0.0,0.0,0.0,4581.65,4142.85,0,0.0,0,0,06-MAY-2024,
OPTSTK,SHREECEM,30-May-2024,21750.0,CE,0.0,0.0,0.0,4294.3,3897.65,0,0.0,0,0,06-MAY-2024,
OPTSTK,SHREECEM,30-May-2024,22000.0,CE,0.0,0.0,0.0,3985.0,3654.0,0,0.0,50,0,06-MAY-2024,
OPTSTK,SHREECEM,30-May-2024,22250.0,CE,0.0,0.0,0.0,3849.05,3412.5,0,0.0,0,0,06-MAY-2024,
OPTSTK,SHREECEM,30-May-2024,22500.0,CE,0.0,0.0,0.0,3754.9,3173.85,0,0.0,0,0,06-MAY-2024,
OPTSTK,SHREECEM,30-May-2024,22750.0,CE,0.0,0.0,0.0,3421.15,2938.7,0,0.0,0,0,06-MAY-2024,
OPTSTK,SHREECEM,30-May-2024,23000.0,CE,2604.6,2604.6,2604.6,2604.6,2708.05,1,6.4,75,25,06-MAY-2024,
OPTSTK,SHREECEM,30-May-2024,23250.0,CE,0.0,0.0,0.0,2270.95,2482.8,0,0.0,25,0,06-MAY-2024,
OPTSTK,SHREECEM,30-May-2024,23500.0,CE,0.0,0.0,0.0,2570.0,2263.9,0,0.0,150,0,06-MAY-2024,
OPTSTK,SHREECEM,30-May-2024,23750.0,CE,0.0,0.0,0.0,1168.15,2052.5,0,0.0,25,0,06-MAY-2024,
OPTSTK,SHREECEM,30-May-2024,24000.0,CE,1749.95,1992.6,1749.95,1992.6,1849.6,5,32.29,700,25,06-MAY-2024,
OPTSTK,SHREECEM,30-May-2024,24250.0,CE,0.0,0.0,0.0,1999.0,1656.15,0,0.0,150,0,06-MAY-2024,
OPTSTK,SHREECEM,30-May-2024,24500.0,CE,1700.0,1700.0,1347.7,1595.0,1472.85,44,287.4,2000,0,06-MAY-2024,
OPTSTK,SHREECEM,30-May-2024,24750.0,CE,1400.0,1400.0,1400.0,1400.0,1301.2,1,6.53,325,-25,06-MAY-2024,
OPTSTK,SHREECEM,30-May-2024,25000.0,CE,1520.0,1905.0,1002.1,1182.2,1182.2,114,752.22,6950,-150,06-MAY-2024,
OPTSTK,SHREECEM,30-May-2024,25250.0,CE,1054.1,1129.1,900.0,1129.1,994.0,79,519.0,700,-50,06-MAY-2024,
OPTSTK,SHREECEM,30-May-2024,25500.0,CE,1073.0,1550.0,746.5,925.45,925.45,358,2372.76,2475,400,06-MAY-2024,
OPTSTK,SHREECEM,30-May-2024,25750.0,CE,1178.0,1355.0,672.8,796.7,796.7,55,366.72,625,100,06-MAY-2024,
OPTSTK,SHREECEM,30-May-2024,26000.0,CE,875.0,1263.25,564.3,675.15,675.15,1366,9154.68,6900,1025,06-MAY-2024,
OPTSTK,SHREECEM,30-May-2024,26250.0,CE,1070.1,1084.3,493.9,587.85,587.85,74,500.02,675,650,06-MAY-2024,
OPTSTK,SHREECEM,30-May-2024,26500.0,CE,626.2,984.7,412.85,474.9,474.9,726,4937.06,2725,1500,06-MAY-2024,
OPTSTK,SHREECEM,30-May-2024,26750.0,CE,400.0,452.05,382.5,429.45,429.45,7,47.54,25,25,06-MAY-2024,
OPTSTK,SHREECEM,30-May-2024,27000.0,CE,597.45,763.85,295.55,353.05,353.05,1915,13162.8,10025,4650,06-MAY-2024,
OPTSTK,SHREECEM,30-May-2024,27250.0,CE,279.45,279.45,279.45,279.45,279.45,1,6.88,200,0,06-MAY-2024,
OPTSTK,SHREECEM,30-May-2024,27500.0,CE,450.0,562.9,220.0,239.55,239.55,26,180.82,325,325,06-MAY-2024,
OPTSTK,SHREECEM,30-May-2024,27750.0,CE,475.4,475.4,196.05,201.0,201.0,6,42.0,50,50,06-MAY-2024,
OPTSTK,SHREECEM,30-May-2024,28000.0,CE,347.15,417.7,160.0,173.45,173.45,712,5034.19,7000,2200,06-MAY-2024,
OPTSTK,SHREECEM,30-May-2024,28250.0,CE,306.95,322.35,146.65,171.6,171.6,13,92.44,250,125,06-MAY-2024,
OPTSTK,SHREECEM,30-May-2024,28500.0,CE,180.0,252.0,117.7,130.7,130.7,42,300.88,4000,-25,06-MAY-2024,
OPTSTK,SHREECEM,30-May-2024,28750.0,CE,126.65,126.65,126.65,126.65,63.3,1,7.21,25,0,06-MAY-2024,
OPTSTK,SHREECEM,30-May-2024,29000.0,CE,155.0,247.0,92.25,112.65,112.65,2020,14719.38,9600,2225,06-MAY-2024,
OPTSTK,SHREECEM,30-May-2024,20500.0,PE,0.0,0.0,0.0,92.4,0.9,0,0.0,0,0,06-MAY-2024,
OPTSTK,SHREECEM,30-May-2024,21000.0,PE,0.0,0.0,0.0,13.05,2.55,0,0.0,25,0,06-MAY-2024,
OPTSTK,SHREECEM,30-May-2024,21500.0,PE,0.0,0.0,0.0,45.0,6.55,0,0.0,650,0,06-MAY-2024,
OPTSTK,SHREECEM,30-May-2024,21750.0,PE,0.0,0.0,0.0,95.7,10.15,0,0.0,0,0,06-MAY-2024,
OPTSTK,SHREECEM,30-May-2024,22000.0,PE,17.8,38.4,14.0,38.4,38.4,24,132.12,2525,-25,06-MAY-2024,
OPTSTK,SHREECEM,30-May-2024,22250.0,PE,0.0,0.0,0.0,144.25,22.75,0,0.0,0,0,06-MAY-2024,
OPTSTK,SHREECEM,30-May-2024,22500.0,PE,0.0,0.0,0.0,341.95,32.9,0,0.0,0,0,06-MAY-2024,
OPTSTK,SHREECEM,30-May-2024,22750.0,PE,104.75,104.75,104.3,104.75,46.65,41,234.26,325,300,06-MAY-2024,
OPTSTK,SHREECEM,30-May-2024,23000.0,PE,51.0,179.95,44.1,141.85,141.85,308,1780.33,4325,125,06-MAY-2024,
OPTSTK,SHREECEM,30-May-2024,23250.0,PE,86.0,181.55,51.6,149.95,88.4,18,105.1,50,0,06-MAY-2024,
OPTSTK,SHREECEM,30-May-2024,23500.0,PE,138.4,256.55,138.4,256.55,118.4,6,35.51,925,-25,06-MAY-2024,
OPTSTK,SHREECEM,30-May-2024,23750.0,PE,144.0,264.9,143.95,264.9,155.8,6,35.92,275,75,06-MAY-2024,
OPTSTK,SHREECEM,30-May-2024,24000.0,PE,150.0,402.0,84.65,257.7,257.7,948,5744.78,5875,-775,06-MAY-2024,
OPTSTK,SHREECEM,30-May-2024,24250.0,PE,241.75,246.5,224.8,244.25,257.15,5,30.61,250,50,06-MAY-2024,
OPTSTK,SHREECEM,30-May-2024,24500.0,PE,150.0,550.0,149.0,364.15,364.15,69,429.73,1700,325,06-MAY-2024,
OPTSTK,SHREECEM,30-May-2024,24750.0,PE,339.0,341.0,339.0,341.0,399.9,3,18.81,550,0,06-MAY-2024,
OPTSTK,SHREECEM,30-May-2024,25000.0,PE,350.0,745.0,225.0,513.4,513.4,2453,15701.96,10875,6600,06-MAY-2024,
OPTSTK,SHREECEM,30-May-2024,25250.0,PE,578.75,855.45,578.75,616.2,616.2,18,116.85,150,100,06-MAY-2024,
OPTSTK,SHREECEM,30-May-2024,25500.0,PE,500.0,1000.0,350.0,712.75,712.75,485,3175.71,2375,-800,06-MAY-2024,
OPTSTK,SHREECEM,30-May-2024,25750.0,PE,714.45,1073.8,439.95,877.9,877.9,50,331.43,950,-225,06-MAY-2024,
OPTSTK,SHREECEM,30-May-2024,26000.0,PE,799.95,1298.15,530.35,944.15,944.15,263,1764.35,4025,1975,06-MAY-2024,
OPTSTK,SHREECEM,30-May-2024,26250.0,PE,780.0,780.0,780.0,780.0,1121.55,1,6.75,25,25,06-MAY-2024,
OPTSTK,SHREECEM,30-May-2024,26500.0,PE,762.15,1523.25,762.15,1274.75,1284.5,13,89.61,325,25,06-MAY-2024,
OPTSTK,SHREECEM,30-May-2024,26750.0,PE,0.0,0.0,0.0,1684.2,1458.45,0,0.0,0,0,06-MAY-2024,
OPTSTK,SHREECEM,30-May-2024,27000.0,PE,1149.4,1822.75,1050.0,1822.75,1643.85,41,289.6,2925,0,06-MAY-2024,
OPTSTK,SHREECEM,30-May-2024,27250.0,PE,0.0,0.0,0.0,2001.9,1836.45,0,0.0,0,0,06-MAY-2024,
OPTSTK,SHREECEM,30-May-2024,27500.0,PE,0.0,0.0,0.0,2462.3,2038.4,0,0.0,0,0,06-MAY-2024,
OPTSTK,SHREECEM,30-May-2024,27750.0,PE,0.0,0.0,0.0,2346.15,2247.85,0,0.0,0,0,06-MAY-2024,
OPTSTK,SHREECEM,30-May-2024,28000.0,PE,1729.7,1729.7,1729.65,1729.65,2463.95,2,14.86,175,-50,06-MAY-2024,
OPTSTK,SHREECEM,30-May-2024,28250.0,PE,3005.55,3005.55,3005.55,3005.55,2685.75,1,7.81,25,25,06-MAY-2024,
OPTSTK,SHREECEM,30-May-2024,28500.0,PE,0.0,0.0,0.0,3164.3,2912.55,0,0.0,0,0,06-MAY-2024,
OPTSTK,SHREECEM,30-May-2024,29000.0,PE,0.0,0.0,0.0,4099.2,3378.1,0,0.0,25,0,06-MAY-2024,
OPTSTK,SHREECEM,27-Jun-2024,20500.0,CE,0.0,0.0,0.0,5622.75,5268.25,0,0.0,0,0,06-MAY-2024,
OPTSTK,SHREECEM,27-Jun-2024,21000.0,CE,0.0,0.0,0.0,5166.35,4788.7,0,0.0,0,0,06-MAY-2024,
OPTSTK,SHREECEM,27-Jun-2024,21500.0,CE,0.0,0.0,0.0,4721.75,4318.0,0,0.0,0,0,06-MAY-2024,
OPTSTK,SHREECEM,27-Jun-2024,21750.0,CE,0.0,0.0,0.0,2783.5,4086.95,0,0.0,0,0,06-MAY-2024,
OPTSTK,SHREECEM,27-Jun-2024,22000.0,CE,0.0,0.0,0.0,4291.35,3859.4,0,0.0,0,0,06-MAY-2024,
OPTSTK,SHREECEM,27-Jun-2024,22250.0,CE,0.0,0.0,0.0,2405.15,3635.8,0,0.0,0,0,06-MAY-2024,
OPTSTK,SHREECEM,27-Jun-2024,22500.0,CE,0.0,0.0,0.0,3877.5,3416.65,0,0.0,0,0,06-MAY-2024,
OPTSTK,SHREECEM,27-Jun-2024,22750.0,CE,0.0,0.0,0.0,2053.65,3202.5,0,0.0,0,0,06-MAY-2024,
OPTSTK,SHREECEM,27-Jun-2024,23000.0,CE,0.0,0.0,0.0,3482.4,2993.8,0,0.0,0,0,06-MAY-2024,
OPTSTK,SHREECEM,27-Jun-2024,23250.0,CE,0.0,0.0,0.0,1734.85,2791.05,0,0.0,0,0,06-MAY-2024,
OPTSTK,SHREECEM,27-Jun-2024,23500.0,CE,0.0,0.0,0.0,3109.1,2594.75,0,0.0,0,0,06-MAY-2024,
OPTSTK,SHREECEM,27-Jun-2024,23750.0,CE,0.0,0.0,0.0,1448.8,2405.3,0,0.0,0,0,06-MAY-2024,
OPTSTK,SHREECEM,27-Jun-2024,24000.0,CE,0.0,0.0,0.0,2756.1,2223.9,0,0.0,0,0,06-MAY-2024,
OPTSTK,SHREECEM,27-Jun-2024,24250.0,CE,0.0,0.0,0.0,1195.8,2048.3,0,0.0,0,0,06-MAY-2024,
OPTSTK,SHREECEM,27-Jun-2024,24500.0,CE,0.0,0.0,0.0,2428.75,1881.85,0,0.0,0,0,06-MAY-2024,
OPTSTK,SHREECEM,27-Jun-2024,24750.0,CE,0.0,0.0,0.0,975.6,1723.65,0,0.0,0,0,06-MAY-2024,
OPTSTK,SHREECEM,27-Jun-2024,25000.0,CE,0.0,0.0,0.0,2126.45,1573.8,0,0.0,0,0,06-MAY-2024,
OPTSTK,SHREECEM,27-Jun-2024,25250.0,CE,0.0,0.0,0.0,786.75,1432.5,0,0.0,0,0,06-MAY-2024,
OPTSTK,SHREECEM,27-Jun-2024,25500.0,CE,1520.0,1520.0,1500.0,1500.0,1299.75,11,74.3,275,275,06-MAY-2024,
OPTSTK,SHREECEM,27-Jun-2024,25750.0,CE,0.0,0.0,0.0,627.1,1175.45,0,0.0,0,0,06-MAY-2024,
OPTSTK,SHREECEM,27-Jun-2024,26000.0,CE,0.0,0.0,0.0,1598.45,1059.75,0,0.0,0,0,06-MAY-2024,
OPTSTK,SHREECEM,27-Jun-2024,26250.0,CE,0.0,0.0,0.0,495.4,952.35,0,0.0,0,0,06-MAY-2024,
OPTSTK,SHREECEM,27-Jun-2024,26500.0,CE,0.0,0.0,0.0,1372.45,853.15,0,0.0,0,0,06-MAY-2024,
OPTSTK,SHREECEM,27-Jun-2024,26750.0,CE,0.0,0.0,0.0,385.7,761.8,0,0.0,0,0,06-MAY-2024,
OPTSTK,SHREECEM,27-Jun-2024,27000.0,CE,1000.0,1000.0,809.7,960.05,960.05,4,27.91,50,25,06-MAY-2024,
OPTSTK,SHREECEM,27-Jun-2024,27250.0,CE,0.0,0.0,0.0,297.45,601.6,0,0.0,0,0,06-MAY-2024,
OPTSTK,SHREECEM,27-Jun-2024,27500.0,CE,0.0,0.0,0.0,992.6,532.05,0,0.0,0,0,06-MAY-2024,
OPTSTK,SHREECEM,27-Jun-2024,27750.0,CE,0.0,0.0,0.0,226.95,470.35,0,0.0,0,0,06-MAY-2024,
OPTSTK,SHREECEM,27-Jun-2024,28000.0,CE,0.0,0.0,0.0,836.2,412.8,0,0.0,0,0,06-MAY-2024,
OPTSTK,SHREECEM,27-Jun-2024,28250.0,CE,0.0,0.0,0.0,171.3,361.8,0,0.0,0,0,06-MAY-2024,
OPTSTK,SHREECEM,27-Jun-2024,28500.0,CE,0.0,0.0,0.0,700.2,316.1,0,0.0,0,0,06-MAY-2024,
OPTSTK,SHREECEM,27-Jun-2024,29000.0,CE,0.0,0.0,0.0,584.4,239.1,0,0.0,0,0,06-MAY-2024,
OPTSTK,SHREECEM,27-Jun-2024,20500.0,PE,0.0,0.0,0.0,73.55,19.9,0,0.0,0,0,06-MAY-2024,
OPTSTK,SHREECEM,27-Jun-2024,21000.0,PE,0.0,0.0,0.0,108.2,35.2,0,0.0,0,0,06-MAY-2024,
OPTSTK,SHREECEM,27-Jun-2024,21500.0,PE,0.0,0.0,0.0,154.65,59.3,0,0.0,0,0,06-MAY-2024,
OPTSTK,SHREECEM,27-Jun-2024,21750.0,PE,0.0,0.0,0.0,289.2,75.7,0,0.0,0,0,06-MAY-2024,
OPTSTK,SHREECEM,27-Jun-2024,22000.0,PE,0.0,0.0,0.0,215.3,95.55,0,0.0,0,0,06-MAY-2024,
OPTSTK,SHREECEM,27-Jun-2024,22250.0,PE,0.0,0.0,0.0,404.55,119.35,0,0.0,0,0,06-MAY-2024,
OPTSTK,SHREECEM,27-Jun-2024,22500.0,PE,0.0,0.0,0.0,292.5,147.65,0,0.0,0,0,06-MAY-2024,
OPTSTK,SHREECEM,27-Jun-2024,22750.0,PE,0.0,0.0,0.0,546.8,180.9,0,0.0,0,0,06-MAY-2024,
OPTSTK,SHREECEM,27-Jun-2024,23000.0,PE,0.0,0.0,0.0,388.5,219.65,0,0.0,0,0,06-MAY-2024,
OPTSTK,SHREECEM,27-Jun-2024,23250.0,PE,0.0,0.0,0.0,721.75,264.35,0,0.0,0,0,06-MAY-2024,
OPTSTK,SHREECEM,27-Jun-2024,23500.0,PE,0.0,0.0,0.0,506.25,315.45,0,0.0,0,0,06-MAY-2024,
OPTSTK,SHREECEM,27-Jun-2024,23750.0,PE,0.0,0.0,0.0,929.4,373.45,0,0.0,0,0,06-MAY-2024,
OPTSTK,SHREECEM,27-Jun-2024,24000.0,PE,0.0,0.0,0.0,644.3,439.45,0,0.0,0,0,06-MAY-2024,
OPTSTK,SHREECEM,27-Jun-2024,24250.0,PE,0.0,0.0,0.0,1170.15,511.3,0,0.0,0,0,06-MAY-2024,
OPTSTK,SHREECEM,27-Jun-2024,24500.0,PE,825.0,825.0,825.0,825.0,592.25,1,6.33,25,25,06-MAY-2024,
OPTSTK,SHREECEM,27-Jun-2024,24750.0,PE,0.0,0.0,0.0,1443.7,681.45,0,0.0,0,0,06-MAY-2024,
OPTSTK,SHREECEM,27-Jun-2024,25000.0,PE,750.0,1050.0,750.0,977.25,779.05,18,116.54,425,425,06-MAY-2024,
OPTSTK,SHREECEM,27-Jun-2024,25250.0,PE,0.0,0.0,0.0,1748.55,885.2,0,0.0,0,0,06-MAY-2024,
OPTSTK,SHREECEM,27-Jun-2024,25500.0,PE,850.0,1200.0,850.0,1200.0,999.85,39,257.9,850,850,06-MAY-2024,
OPTSTK,SHREECEM,27-Jun-2024,25750.0,PE,0.0,0.0,0.0,2082.65,1123.0,0,0.0,0,0,06-MAY-2024,
OPTSTK,SHREECEM,27-Jun-2024,26000.0,PE,1200.0,1200.0,1200.0,1200.0,1254.7,1,6.8,25,25,06-MAY-2024,
OPTSTK,SHREECEM,27-Jun-2024,26250.0,PE,0.0,0.0,0.0,2444.65,1394.75,0,0.0,0,0,06-MAY-2024,
OPTSTK,SHREECEM,27-Jun-2024,26500.0,PE,0.0,0.0,0.0,1716.0,1542.95,0,0.0,0,0,06-MAY-2024,
OPTSTK,SHREECEM,27-Jun-2024,26750.0,PE,0.0,0.0,0.0,2828.75,1699.0,0,0.0,0,0,06-MAY-2024,
OPTSTK,SHREECEM,27-Jun-2024,27000.0,PE,0.0,0.0,0.0,2005.45,1862.7,0,0.0,0,0,06-MAY-2024,
OPTSTK,SHREECEM,27-Jun-2024,27250.0,PE,0.0,0.0,0.0,3234.2,2033.65,0,0.0,0,0,06-MAY-2024,
OPTSTK,SHREECEM,27-Jun-2024,27500.0,PE,0.0,0.0,0.0,2318.25,2211.55,0,0.0,0,0,06-MAY-2024,
OPTSTK,SHREECEM,27-Jun-2024,27750.0,PE,0.0,0.0,0.0,3657.4,2397.25,0,0.0,0,0,06-MAY-2024,
OPTSTK,SHREECEM,27-Jun-2024,28000.0,PE,0.0,0.0,0.0,2652.95,2587.15,0,0.0,0,0,06-MAY-2024,
OPTSTK,SHREECEM,27-Jun-2024,28250.0,PE,0.0,0.0,0.0,4095.5,2783.55,0,0.0,0,0,06-MAY-2024,
OPTSTK,SHREECEM,27-Jun-2024,28500.0,PE,0.0,0.0,0.0,3007.95,2985.3,0,0.0,0,0,06-MAY-2024,
OPTSTK,SHREECEM,27-Jun-2024,29000.0,PE,0.0,0.0,0.0,3383.25,3403.15,0,0.0,0,0,06-MAY-2024,
OPTSTK,SHREECEM,25-Jul-2024,20000.0,CE,0.0,0.0,0.0,4468.25,5892.15,0,0.0,0,0,06-MAY-2024,
OPTSTK,SHREECEM,25-Jul-2024,21000.0,CE,0.0,0.0,0.0,3620.8,4961.65,0,0.0,0,0,06-MAY-2024,
OPTSTK,SHREECEM,25-Jul-2024,21500.0,CE,0.0,0.0,0.0,3225.95,4512.95,0,0.0,0,0,06-MAY-2024,
OPTSTK,SHREECEM,25-Jul-2024,22000.0,CE,0.0,0.0,0.0,2854.35,4078.75,0,0.0,0,0,06-MAY-2024,
OPTSTK,SHREECEM,25-Jul-2024,22500.0,CE,0.0,0.0,0.0,2505.2,3661.75,0,0.0,0,0,06-MAY-2024,
OPTSTK,SHREECEM,25-Jul-2024,23000.0,CE,0.0,0.0,0.0,2183.55,3264.55,0,0.0,0,0,06-MAY-2024,
OPTSTK,SHREECEM,25-Jul-2024,23500.0,CE,0.0,0.0,0.0,1889.0,2890.35,0,0.0,0,0,06-MAY-2024,
OPTSTK,SHREECEM,25-Jul-2024,24000.0,CE,0.0,0.0,0.0,1621.9,2538.2,0,0.0,0,0,06-MAY-2024,
OPTSTK,SHREECEM,25-Jul-2024,24500.0,CE,0.0,0.0,0.0,1382.1,2213.4,0,0.0,0,0,06-MAY-2024,
OPTSTK,SHREECEM,25-Jul-2024,25000.0,CE,0.0,0.0,0.0,1169.05,1915.55,0,0.0,0,0,06-MAY-2024,
OPTSTK,SHREECEM,25-Jul-2024,25500.0,CE,0.0,0.0,0.0,981.6,1645.15,0,0.0,0,0,06-MAY-2024,
OPTSTK,SHREECEM,25-Jul-2024,26000.0,CE,0.0,0.0,0.0,818.25,1402.05,0,0.0,0,0,06-MAY-2024,
OPTSTK,SHREECEM,25-Jul-2024,26500.0,CE,0.0,0.0,0.0,677.25,1185.85,0,0.0,0,0,06-MAY-2024,
OPTSTK,SHREECEM,25-Jul-2024,27000.0,CE,0.0,0.0,0.0,800.0,995.4,0,0.0,25,0,06-MAY-2024,
OPTSTK,SHREECEM,25-Jul-2024,27500.0,CE,0.0,0.0,0.0,455.15,829.3,0,0.0,0,0,06-MAY-2024,
OPTSTK,SHREECEM,25-Jul-2024,28000.0,CE,0.0,0.0,0.0,369.3,685.85,0,0.0,0,0,06-MAY-2024,
OPTSTK,SHREECEM,25-Jul-2024,29000.0,CE,0.0,0.0,0.0,238.5,459.85,0,0.0,0,0,06-MAY-2024,
OPTSTK,SHREECEM,25-Jul-2024,30000.0,CE,0.0,0.0,0.0,150.3,299.7,0,0.0,0,0,06-MAY-2024,
OPTSTK,SHREECEM,25-Jul-2024,20000.0,PE,0.0,0.0,0.0,135.45,38.85,0,0.0,0,0,06-MAY-2024,
OPTSTK,SHREECEM,25-Jul-2024,21000.0,PE,0.0,0.0,0.0,269.95,92.55,0,0.0,0,0,06-MAY-2024,
OPTSTK,SHREECEM,25-Jul-2024,21500.0,PE,0.0,0.0,0.0,366.05,135.95,0,0.0,0,0,06-MAY-2024,
OPTSTK,SHREECEM,25-Jul-2024,22000.0,PE,0.0,0.0,0.0,485.4,193.85,0,0.0,0,0,06-MAY-2024,
OPTSTK,SHREECEM,25-Jul-2024,22500.0,PE,0.0,0.0,0.0,627.25,268.9,0,0.0,0,0,06-MAY-2024,
OPTSTK,SHREECEM,25-Jul-2024,23000.0,PE,0.0,0.0,0.0,796.6,363.8,0,0.0,0,0,06-MAY-2024,
OPTSTK,SHREECEM,25-Jul-2024,23500.0,PE,700.0,700.0,700.0,700.0,481.7,1,6.05,25,25,06-MAY-2024,
OPTSTK,SHREECEM,25-Jul-2024,24000.0,PE,0.0,0.0,0.0,1216.9,621.65,0,0.0,0,0,06-MAY-2024,
OPTSTK,SHREECEM,25-Jul-2024,24500.0,PE,0.0,0.0,0.0,1468.05,788.95,0,0.0,0,0,06-MAY-2024,
OPTSTK,SHREECEM,25-Jul-2024,25000.0,PE,0.0,0.0,0.0,1745.95,983.2,0,0.0,0,0,06-MAY-2024,
OPTSTK,SHREECEM,25-Jul-2024,25500.0,PE,0.0,0.0,0.0,2049.5,1204.9,0,0.0,0,0,06-MAY-2024,
OPTSTK,SHREECEM,25-Jul-2024,26000.0,PE,0.0,0.0,0.0,2377.1,1453.9,0,0.0,0,0,06-MAY-2024,
OPTSTK,SHREECEM,25-Jul-2024,26500.0,PE,0.0,0.0,0.0,2727.05,1729.8,0,0.0,0,0,06-MAY-2024,
OPTSTK,SHREECEM,25-Jul-2024,27000.0,PE,0.0,0.0,0.0,3098.85,2031.45,0,0.0,0,0,06-MAY-2024,
OPTSTK,SHREECEM,25-Jul-2024,27500.0,PE,0.0,0.0,0.0,3486.9,2357.45,0,0.0,0,0,06-MAY-2024,
OPTSTK,SHREECEM,25-Jul-2024,28000.0,PE,0.0,0.0,0.0,3892.0,2706.1,0,0.0,0,0,06-MAY-2024,
OPTSTK,SHREECEM,25-Jul-2024,29000.0,PE,0.0,0.0,0.0,4743.15,3464.25,0,0.0,0,0,06-MAY-2024,
OPTSTK,SHREECEM,25-Jul-2024,30000.0,PE,0.0,0.0,0.0,5636.9,4288.3,0,0.0,0,0,06-MAY-2024,
OPTSTK,SHRIRAMFIN,30-May-2024,2040.0,CE,0.0,0.0,0.0,419.0,517.85,0,0.0,600,0,06-MAY-2024,
OPTSTK,SHRIRAMFIN,30-May-2024,2100.0,CE,0.0,0.0,0.0,326.75,459.25,0,0.0,900,0,06-MAY-2024,
OPTSTK,SHRIRAMFIN,30-May-2024,2160.0,CE,0.0,0.0,0.0,382.15,401.7,0,0.0,0,0,06-MAY-2024,
OPTSTK,SHRIRAMFIN,30-May-2024,2200.0,CE,0.0,0.0,0.0,309.0,364.25,0,0.0,1200,0,06-MAY-2024,
OPTSTK,SHRIRAMFIN,30-May-2024,2240.0,CE,0.0,0.0,0.0,272.05,327.75,0,0.0,300,0,06-MAY-2024,
OPTSTK,SHRIRAMFIN,30-May-2024,2280.0,CE,0.0,0.0,0.0,239.1,292.5,0,0.0,300,0,06-MAY-2024,
OPTSTK,SHRIRAMFIN,30-May-2024,2300.0,CE,0.0,0.0,0.0,275.65,275.45,0,0.0,19200,0,06-MAY-2024,
OPTSTK,SHRIRAMFIN,30-May-2024,2320.0,CE,0.0,0.0,0.0,207.4,258.8,0,0.0,300,0,06-MAY-2024,
OPTSTK,SHRIRAMFIN,30-May-2024,2340.0,CE,0.0,0.0,0.0,174.5,242.55,0,0.0,0,0,06-MAY-2024,
OPTSTK,SHRIRAMFIN,30-May-2024,2360.0,CE,0.0,0.0,0.0,230.0,226.8,0,0.0,9000,0,06-MAY-2024,
OPTSTK,SHRIRAMFIN,30-May-2024,2380.0,CE,0.0,0.0,0.0,214.25,211.55,0,0.0,3300,0,06-MAY-2024,
OPTSTK,SHRIRAMFIN,30-May-2024,2400.0,CE,191.0,191.0,156.25,187.3,196.95,19,146.51,53700,0,06-MAY-2024,
OPTSTK,SHRIRAMFIN,30-May-2024,2420.0,CE,0.0,0.0,0.0,200.5,182.65,0,0.0,6000,0,06-MAY-2024,
OPTSTK,SHRIRAMFIN,30-May-2024,2440.0,CE,0.0,0.0,0.0,207.6,169.1,0,0.0,12600,0,06-MAY-2024,
OPTSTK,SHRIRAMFIN,30-May-2024,2460.0,CE,123.45,145.0,123.45,140.0,140.0,3,23.36,20100,0,06-MAY-2024,
OPTSTK,SHRIRAMFIN,30-May-2024,2480.0,CE,0.0,0.0,0.0,186.0,143.75,0,0.0,8100,0,06-MAY-2024,
OPTSTK,SHRIRAMFIN,30-May-2024,2500.0,CE,150.0,150.0,93.65,114.85,114.85,179,1402.22,106800,-2700,06-MAY-2024,
OPTSTK,SHRIRAMFIN,30-May-2024,2520.0,CE,126.5,126.5,85.5,104.4,104.4,59,463.44,13500,900,06-MAY-2024,
OPTSTK,SHRIRAMFIN,30-May-2024,2540.0,CE,95.0,103.0,74.6,93.2,93.2,182,1436.6,22200,7200,06-MAY-2024,
OPTSTK,SHRIRAMFIN,30-May-2024,2560.0,CE,104.05,108.0,68.0,82.1,82.1,88,698.19,24600,3300,06-MAY-2024,
OPTSTK,SHRIRAMFIN,30-May-2024,2580.0,CE,98.65,101.0,59.0,74.6,74.6,158,1258.23,37500,4500,06-MAY-2024,
OPTSTK,SHRIRAMFIN,30-May-2024,2600.0,CE,91.0,91.0,53.0,65.7,65.7,1272,10173.52,226500,-6300,06-MAY-2024,
OPTSTK,SHRIRAMFIN,30-May-2024,2620.0,CE,77.4,79.0,48.0,58.85,58.85,143,1149.41,25800,-6300,06-MAY-2024,
OPTSTK,SHRIRAMFIN,30-May-2024,2640.0,CE,71.5,72.0,42.0,52.05,52.05,214,1728.02,64500,-16200,06-MAY-2024,
OPTSTK,SHRIRAMFIN,30-May-2024,2660.0,CE,63.45,63.5,34.6,45.2,45.2,275,2231.88,82500,-4800,06-MAY-2024,
OPTSTK,SHRIRAMFIN,30-May-2024,2680.0,CE,53.25,53.25,31.5,39.45,39.45,65,530.54,18900,-900,06-MAY-2024,
OPTSTK,SHRIRAMFIN,30-May-2024,2700.0,CE,49.0,51.3,27.7,34.4,34.4,738,6052.19,338700,-9600,06-MAY-2024,
OPTSTK,SHRIRAMFIN,30-May-2024,2720.0,CE,35.15,35.15,23.5,29.05,29.05,52,428.93,21900,-1500,06-MAY-2024,
OPTSTK,SHRIRAMFIN,30-May-2024,2740.0,CE,36.0,36.0,20.7,26.15,26.15,43,356.96,12900,0,06-MAY-2024,
OPTSTK,SHRIRAMFIN,30-May-2024,2760.0,CE,19.1,22.95,17.95,22.95,22.95,17,141.78,13500,-900,06-MAY-2024,
OPTSTK,SHRIRAMFIN,30-May-2024,2780.0,CE,29.0,29.0,16.3,20.5,29.9,26,218.53,17100,3300,06-MAY-2024,
OPTSTK,SHRIRAMFIN,30-May-2024,2800.0,CE,18.4,19.05,12.5,16.55,16.55,491,4148.99,159300,6000,06-MAY-2024,
OPTSTK,SHRIRAMFIN,30-May-2024,2840.0,CE,14.75,14.75,9.9,12.0,12.0,57,487.64,48900,-5100,06-MAY-2024,
OPTSTK,SHRIRAMFIN,30-May-2024,2880.0,CE,12.0,12.05,6.85,8.8,8.8,373,3232.52,131100,2400,06-MAY-2024,
OPTSTK,SHRIRAMFIN,30-May-2024,2920.0,CE,7.0,8.1,5.4,6.65,6.65,90,790.18,37200,2700,06-MAY-2024,
OPTSTK,SHRIRAMFIN,30-May-2024,2000.0,PE,1.6,1.6,1.0,1.0,1.0,3,18.01,6000,0,06-MAY-2024,
OPTSTK,SHRIRAMFIN,30-May-2024,2040.0,PE,1.4,1.4,1.05,1.05,0.9,2,12.24,15300,0,06-MAY-2024,
OPTSTK,SHRIRAMFIN,30-May-2024,2080.0,PE,1.25,1.25,1.2,1.2,1.55,2,12.48,36600,0,06-MAY-2024,
OPTSTK,SHRIRAMFIN,30-May-2024,2100.0,PE,1.5,2.5,1.5,2.0,2.0,28,176.56,62700,-1200,06-MAY-2024,
OPTSTK,SHRIRAMFIN,30-May-2024,2120.0,PE,1.5,1.5,1.5,1.5,2.6,1,6.36,11100,-300,06-MAY-2024,
OPTSTK,SHRIRAMFIN,30-May-2024,2140.0,PE,0.0,0.0,0.0,1.25,3.3,0,0.0,5700,0,06-MAY-2024,
OPTSTK,SHRIRAMFIN,30-May-2024,2160.0,PE,0.0,0.0,0.0,2.0,4.2,0,0.0,6000,0,06-MAY-2024,
OPTSTK,SHRIRAMFIN,30-May-2024,2180.0,PE,0.0,0.0,0.0,4.8,5.25,0,0.0,3900,0,06-MAY-2024,
OPTSTK,SHRIRAMFIN,30-May-2024,2200.0,PE,5.25,6.4,4.15,5.0,5.0,302,1997.99,90600,-20700,06-MAY-2024,
OPTSTK,SHRIRAMFIN,30-May-2024,2220.0,PE,6.85,6.85,5.8,5.8,8.05,5,33.39,12900,0,06-MAY-2024,
OPTSTK,SHRIRAMFIN,30-May-2024,2240.0,PE,7.65,11.75,6.7,6.95,6.95,15,101.14,3900,-2400,06-MAY-2024,
OPTSTK,SHRIRAMFIN,30-May-2024,2260.0,PE,7.25,10.25,7.25,10.25,12.0,10,68.08,8100,0,06-MAY-2024,
OPTSTK,SHRIRAMFIN,30-May-2024,2280.0,PE,12.9,12.9,12.0,12.0,14.45,2,13.75,4800,-300,06-MAY-2024,
OPTSTK,SHRIRAMFIN,30-May-2024,2300.0,PE,11.15,17.15,10.5,13.0,13.0,390,2706.0,268200,-12300,06-MAY-2024,
OPTSTK,SHRIRAMFIN,30-May-2024,2320.0,PE,0.0,0.0,0.0,12.15,20.55,0,0.0,10200,0,06-MAY-2024,
OPTSTK,SHRIRAMFIN,30-May-2024,2340.0,PE,18.0,20.4,16.0,16.3,16.3,24,169.8,16500,3900,06-MAY-2024,
OPTSTK,SHRIRAMFIN,30-May-2024,2360.0,PE,19.6,26.0,18.2,20.1,20.1,127,908.08,17400,-15300,06-MAY-2024,
OPTSTK,SHRIRAMFIN,30-May-2024,2380.0,PE,27.45,31.05,20.9,23.25,33.05,26,187.82,13200,-1500,06-MAY-2024,
OPTSTK,SHRIRAMFIN,30-May-2024,2400.0,PE,20.0,37.2,20.0,26.7,26.7,363,2645.01,153900,-6900,06-MAY-2024,
OPTSTK,SHRIRAMFIN,30-May-2024,2420.0,PE,43.0,43.0,28.55,30.95,30.95,73,536.84,14400,1200,06-MAY-2024,
OPTSTK,SHRIRAMFIN,30-May-2024,2440.0,PE,44.85,49.0,34.55,36.35,36.35,64,475.7,30900,600,06-MAY-2024,
OPTSTK,SHRIRAMFIN,30-May-2024,2460.0,PE,40.0,58.0,39.1,42.2,42.2,144,1081.32,24000,4200,06-MAY-2024,
OPTSTK,SHRIRAMFIN,30-May-2024,2480.0,PE,43.0,63.4,41.55,48.55,48.55,35,266.15,17400,-1200,06-MAY-2024,
OPTSTK,SHRIRAMFIN,30-May-2024,2500.0,PE,48.15,75.5,43.55,56.35,56.35,502,3858.03,75600,-23400,06-MAY-2024,
OPTSTK,SHRIRAMFIN,30-May-2024,2520.0,PE,58.15,86.25,58.15,65.5,65.5,85,661.39,15000,-4200,06-MAY-2024,
OPTSTK,SHRIRAMFIN,30-May-2024,2540.0,PE,73.4,96.55,68.8,74.25,74.25,227,1783.29,12600,3000,06-MAY-2024,
OPTSTK,SHRIRAMFIN,30-May-2024,2560.0,PE,75.0,107.6,74.25,85.55,85.55,142,1126.6,11700,-1500,06-MAY-2024,
OPTSTK,SHRIRAMFIN,30-May-2024,2580.0,PE,89.0,117.25,87.75,94.5,94.5,44,353.69,13500,-2400,06-MAY-2024,
OPTSTK,SHRIRAMFIN,30-May-2024,2600.0,PE,95.0,131.0,86.95,107.95,107.95,138,1121.6,65400,-5100,06-MAY-2024,
OPTSTK,SHRIRAMFIN,30-May-2024,2620.0,PE,105.4,141.75,105.4,117.5,135.05,34,279.42,6300,-3900,06-MAY-2024,
OPTSTK,SHRIRAMFIN,30-May-2024,2640.0,PE,120.4,146.35,120.4,131.0,147.55,22,183.11,17400,-600,06-MAY-2024,
OPTSTK,SHRIRAMFIN,30-May-2024,2660.0,PE,143.4,174.65,141.95,142.2,160.6,11,92.9,5100,-900,06-MAY-2024,
OPTSTK,SHRIRAMFIN,30-May-2024,2680.0,PE,0.0,0.0,0.0,122.85,174.2,0,0.0,4200,0,06-MAY-2024,
OPTSTK,SHRIRAMFIN,30-May-2024,2700.0,PE,156.6,204.9,156.6,186.75,188.3,15,129.76,9900,-3300,06-MAY-2024,
OPTSTK,SHRIRAMFIN,30-May-2024,2720.0,PE,0.0,0.0,0.0,127.1,203.05,0,0.0,3900,0,06-MAY-2024,
OPTSTK,SHRIRAMFIN,30-May-2024,2740.0,PE,0.0,0.0,0.0,129.55,218.15,0,0.0,300,0,06-MAY-2024,
OPTSTK,SHRIRAMFIN,30-May-2024,2760.0,PE,0.0,0.0,0.0,152.75,233.6,0,0.0,900,0,06-MAY-2024,
OPTSTK,SHRIRAMFIN,30-May-2024,2780.0,PE,0.0,0.0,0.0,423.8,249.55,0,0.0,0,0,06-MAY-2024,
OPTSTK,SHRIRAMFIN,30-May-2024,2800.0,PE,0.0,0.0,0.0,198.75,265.9,0,0.0,900,0,06-MAY-2024,
OPTSTK,SHRIRAMFIN,30-May-2024,2840.0,PE,0.0,0.0,0.0,283.4,299.65,0,0.0,300,0,06-MAY-2024,
OPTSTK,SHRIRAMFIN,30-May-2024,2880.0,PE,0.0,0.0,0.0,323.4,334.6,0,0.0,1500,0,06-MAY-2024,
OPTSTK,SHRIRAMFIN,30-May-2024,2920.0,PE,0.0,0.0,0.0,489.95,370.6,0,0.0,0,0,06-MAY-2024,
OPTSTK,SHRIRAMFIN,27-Jun-2024,2160.0,CE,0.0,0.0,0.0,317.65,428.95,0,0.0,0,0,06-MAY-2024,
OPTSTK,SHRIRAMFIN,27-Jun-2024,2200.0,CE,0.0,0.0,0.0,291.8,395.1,0,0.0,0,0,06-MAY-2024,
OPTSTK,SHRIRAMFIN,27-Jun-2024,2240.0,CE,0.0,0.0,0.0,267.4,362.4,0,0.0,0,0,06-MAY-2024,
OPTSTK,SHRIRAMFIN,27-Jun-2024,2280.0,CE,0.0,0.0,0.0,244.35,331.0,0,0.0,0,0,06-MAY-2024,
OPTSTK,SHRIRAMFIN,27-Jun-2024,2300.0,CE,0.0,0.0,0.0,289.0,315.8,0,0.0,0,0,06-MAY-2024,
OPTSTK,SHRIRAMFIN,27-Jun-2024,2320.0,CE,0.0,0.0,0.0,222.7,301.1,0,0.0,0,0,06-MAY-2024,
OPTSTK,SHRIRAMFIN,27-Jun-2024,2340.0,CE,0.0,0.0,0.0,262.6,286.65,0,0.0,0,0,06-MAY-2024,
OPTSTK,SHRIRAMFIN,27-Jun-2024,2360.0,CE,0.0,0.0,0.0,202.4,272.6,0,0.0,0,0,06-MAY-2024,
OPTSTK,SHRIRAMFIN,27-Jun-2024,2380.0,CE,0.0,0.0,0.0,237.75,258.85,0,0.0,0,0,06-MAY-2024,
OPTSTK,SHRIRAMFIN,27-Jun-2024,2400.0,CE,0.0,0.0,0.0,277.15,245.6,0,0.0,300,0,06-MAY-2024,
OPTSTK,SHRIRAMFIN,27-Jun-2024,2420.0,CE,0.0,0.0,0.0,214.45,232.8,0,0.0,0,0,06-MAY-2024,
OPTSTK,SHRIRAMFIN,27-Jun-2024,2440.0,CE,0.0,0.0,0.0,165.95,220.4,0,0.0,0,0,06-MAY-2024,
OPTSTK,SHRIRAMFIN,27-Jun-2024,2460.0,CE,0.0,0.0,0.0,192.7,208.45,0,0.0,0,0,06-MAY-2024,
OPTSTK,SHRIRAMFIN,27-Jun-2024,2480.0,CE,0.0,0.0,0.0,172.2,196.9,0,0.0,0,0,06-MAY-2024,
OPTSTK,SHRIRAMFIN,27-Jun-2024,2500.0,CE,0.0,0.0,0.0,195.0,185.8,0,0.0,900,0,06-MAY-2024,
OPTSTK,SHRIRAMFIN,27-Jun-2024,2520.0,CE,0.0,0.0,0.0,134.75,175.15,0,0.0,0,0,06-MAY-2024,
OPTSTK,SHRIRAMFIN,27-Jun-2024,2540.0,CE,0.0,0.0,0.0,153.95,164.85,0,0.0,0,0,06-MAY-2024,
OPTSTK,SHRIRAMFIN,27-Jun-2024,2560.0,CE,0.0,0.0,0.0,120.95,155.05,0,0.0,0,0,06-MAY-2024,
OPTSTK,SHRIRAMFIN,27-Jun-2024,2580.0,CE,0.0,0.0,0.0,136.85,145.65,0,0.0,0,0,06-MAY-2024,
OPTSTK,SHRIRAMFIN,27-Jun-2024,2600.0,CE,126.55,146.85,126.55,140.4,140.4,6,49.35,9300,1800,06-MAY-2024,
OPTSTK,SHRIRAMFIN,27-Jun-2024,2620.0,CE,0.0,0.0,0.0,121.25,128.05,0,0.0,0,0,06-MAY-2024,
OPTSTK,SHRIRAMFIN,27-Jun-2024,2640.0,CE,0.0,0.0,0.0,96.8,119.9,0,0.0,0,0,06-MAY-2024,
OPTSTK,SHRIRAMFIN,27-Jun-2024,2660.0,CE,0.0,0.0,0.0,107.0,112.1,0,0.0,0,0,06-MAY-2024,
OPTSTK,SHRIRAMFIN,27-Jun-2024,2680.0,CE,0.0,0.0,0.0,86.3,104.75,0,0.0,0,0,06-MAY-2024,
OPTSTK,SHRIRAMFIN,27-Jun-2024,2700.0,CE,0.0,0.0,0.0,94.15,97.7,0,0.0,0,0,06-MAY-2024,
OPTSTK,SHRIRAMFIN,27-Jun-2024,2720.0,CE,0.0,0.0,0.0,76.9,91.1,0,0.0,0,0,06-MAY-2024,
OPTSTK,SHRIRAMFIN,27-Jun-2024,2740.0,CE,0.0,0.0,0.0,82.55,84.8,0,0.0,0,0,06-MAY-2024,
OPTSTK,SHRIRAMFIN,27-Jun-2024,2760.0,CE,0.0,0.0,0.0,68.35,78.85,0,0.0,0,0,06-MAY-2024,
OPTSTK,SHRIRAMFIN,27-Jun-2024,2780.0,CE,0.0,0.0,0.0,72.25,73.3,0,0.0,0,0,06-MAY-2024,
OPTSTK,SHRIRAMFIN,27-Jun-2024,2800.0,CE,50.0,68.0,50.0,68.0,68.0,2,17.15,2100,600,06-MAY-2024,
OPTSTK,SHRIRAMFIN,27-Jun-2024,2840.0,CE,0.0,0.0,0.0,53.5,58.55,0,0.0,0,0,06-MAY-2024,
OPTSTK,SHRIRAMFIN,27-Jun-2024,2880.0,CE,0.0,0.0,0.0,50.0,50.0,0,0.0,300,0,06-MAY-2024,
OPTSTK,SHRIRAMFIN,27-Jun-2024,2920.0,CE,0.0,0.0,0.0,41.6,42.6,0,0.0,0,0,06-MAY-2024,
OPTSTK,SHRIRAMFIN,27-Jun-2024,2160.0,PE,0.0,0.0,0.0,79.25,19.15,0,0.0,0,0,06-MAY-2024,
OPTSTK,SHRIRAMFIN,27-Jun-2024,2200.0,PE,23.9,26.7,23.7,26.7,24.85,4,26.69,5400,900,06-MAY-2024,
OPTSTK,SHRIRAMFIN,27-Jun-2024,2240.0,PE,0.0,0.0,0.0,107.55,31.75,0,0.0,0,0,06-MAY-2024,
OPTSTK,SHRIRAMFIN,27-Jun-2024,2280.0,PE,0.0,0.0,0.0,123.8,39.95,0,0.0,0,0,06-MAY-2024,
OPTSTK,SHRIRAMFIN,27-Jun-2024,2300.0,PE,39.45,39.45,39.45,39.45,44.55,7,49.12,2100,0,06-MAY-2024,
OPTSTK,SHRIRAMFIN,27-Jun-2024,2320.0,PE,0.0,0.0,0.0,141.4,49.65,0,0.0,0,0,06-MAY-2024,
OPTSTK,SHRIRAMFIN,27-Jun-2024,2340.0,PE,0.0,0.0,0.0,81.4,55.0,0,0.0,0,0,06-MAY-2024,
OPTSTK,SHRIRAMFIN,27-Jun-2024,2360.0,PE,0.0,0.0,0.0,160.45,60.7,0,0.0,0,0,06-MAY-2024,
OPTSTK,SHRIRAMFIN,27-Jun-2024,2380.0,PE,0.0,0.0,0.0,96.05,66.75,0,0.0,0,0,06-MAY-2024,
OPTSTK,SHRIRAMFIN,27-Jun-2024,2400.0,PE,0.0,0.0,0.0,55.0,73.35,0,0.0,2700,0,06-MAY-2024,
OPTSTK,SHRIRAMFIN,27-Jun-2024,2420.0,PE,0.0,0.0,0.0,112.25,80.35,0,0.0,0,0,06-MAY-2024,
OPTSTK,SHRIRAMFIN,27-Jun-2024,2440.0,PE,0.0,0.0,0.0,202.55,87.75,0,0.0,0,0,06-MAY-2024,
OPTSTK,SHRIRAMFIN,27-Jun-2024,2460.0,PE,0.0,0.0,0.0,80.95,95.55,0,0.0,600,0,06-MAY-2024,
OPTSTK,SHRIRAMFIN,27-Jun-2024,2480.0,PE,0.0,0.0,0.0,225.6,103.8,0,0.0,0,0,06-MAY-2024,
OPTSTK,SHRIRAMFIN,27-Jun-2024,2500.0,PE,0.0,0.0,0.0,149.35,112.5,0,0.0,0,0,06-MAY-2024,
OPTSTK,SHRIRAMFIN,27-Jun-2024,2520.0,PE,0.0,0.0,0.0,249.9,121.6,0,0.0,0,0,06-MAY-2024,
OPTSTK,SHRIRAMFIN,27-Jun-2024,2540.0,PE,0.0,0.0,0.0,170.25,131.15,0,0.0,0,0,06-MAY-2024,
OPTSTK,SHRIRAMFIN,27-Jun-2024,2560.0,PE,0.0,0.0,0.0,275.4,141.1,0,0.0,0,0,06-MAY-2024,
OPTSTK,SHRIRAMFIN,27-Jun-2024,2580.0,PE,0.0,0.0,0.0,192.65,151.5,0,0.0,0,0,06-MAY-2024,
OPTSTK,SHRIRAMFIN,27-Jun-2024,2600.0,PE,0.0,0.0,0.0,130.0,162.3,0,0.0,300,0,06-MAY-2024,
OPTSTK,SHRIRAMFIN,27-Jun-2024,2620.0,PE,0.0,0.0,0.0,216.55,173.5,0,0.0,0,0,06-MAY-2024,
OPTSTK,SHRIRAMFIN,27-Jun-2024,2640.0,PE,0.0,0.0,0.0,329.8,185.15,0,0.0,0,0,06-MAY-2024,
OPTSTK,SHRIRAMFIN,27-Jun-2024,2660.0,PE,0.0,0.0,0.0,241.8,197.15,0,0.0,0,0,06-MAY-2024,
OPTSTK,SHRIRAMFIN,27-Jun-2024,2680.0,PE,0.0,0.0,0.0,358.6,209.55,0,0.0,0,0,06-MAY-2024,
OPTSTK,SHRIRAMFIN,27-Jun-2024,2700.0,PE,0.0,0.0,0.0,268.45,222.35,0,0.0,0,0,06-MAY-2024,
OPTSTK,SHRIRAMFIN,27-Jun-2024,2720.0,PE,0.0,0.0,0.0,388.5,235.5,0,0.0,0,0,06-MAY-2024,
OPTSTK,SHRIRAMFIN,27-Jun-2024,2740.0,PE,0.0,0.0,0.0,296.35,249.0,0,0.0,0,0,06-MAY-2024,
OPTSTK,SHRIRAMFIN,27-Jun-2024,2760.0,PE,0.0,0.0,0.0,419.2,262.9,0,0.0,0,0,06-MAY-2024,
OPTSTK,SHRIRAMFIN,27-Jun-2024,2780.0,PE,0.0,0.0,0.0,325.55,277.1,0,0.0,0,0,06-MAY-2024,
OPTSTK,SHRIRAMFIN,27-Jun-2024,2800.0,PE,0.0,0.0,0.0,450.65,291.6,0,0.0,0,0,06-MAY-2024,
OPTSTK,SHRIRAMFIN,27-Jun-2024,2840.0,PE,0.0,0.0,0.0,482.95,321.75,0,0.0,0,0,06-MAY-2024,
OPTSTK,SHRIRAMFIN,27-Jun-2024,2880.0,PE,0.0,0.0,0.0,515.95,352.8,0,0.0,0,0,06-MAY-2024,
OPTSTK,SHRIRAMFIN,27-Jun-2024,2920.0,PE,0.0,0.0,0.0,549.6,385.0,0,0.0,0,0,06-MAY-2024,
OPTSTK,SHRIRAMFIN,25-Jul-2024,2160.0,CE,0.0,0.0,0.0,422.5,456.95,0,0.0,0,0,06-MAY-2024,
OPTSTK,SHRIRAMFIN,25-Jul-2024,2240.0,CE,0.0,0.0,0.0,364.7,394.75,0,0.0,0,0,06-MAY-2024,
OPTSTK,SHRIRAMFIN,25-Jul-2024,2280.0,CE,0.0,0.0,0.0,337.45,365.5,0,0.0,0,0,06-MAY-2024,
OPTSTK,SHRIRAMFIN,25-Jul-2024,2320.0,CE,0.0,0.0,0.0,311.65,337.4,0,0.0,0,0,06-MAY-2024,
OPTSTK,SHRIRAMFIN,25-Jul-2024,2360.0,CE,0.0,0.0,0.0,287.1,310.55,0,0.0,0,0,06-MAY-2024,
OPTSTK,SHRIRAMFIN,25-Jul-2024,2400.0,CE,0.0,0.0,0.0,263.9,285.15,0,0.0,0,0,06-MAY-2024,
OPTSTK,SHRIRAMFIN,25-Jul-2024,2440.0,CE,0.0,0.0,0.0,242.0,261.1,0,0.0,0,0,06-MAY-2024,
OPTSTK,SHRIRAMFIN,25-Jul-2024,2480.0,CE,0.0,0.0,0.0,221.4,238.45,0,0.0,0,0,06-MAY-2024,
OPTSTK,SHRIRAMFIN,25-Jul-2024,2520.0,CE,0.0,0.0,0.0,202.05,217.2,0,0.0,0,0,06-MAY-2024,
OPTSTK,SHRIRAMFIN,25-Jul-2024,2560.0,CE,0.0,0.0,0.0,184.05,197.3,0,0.0,0,0,06-MAY-2024,
OPTSTK,SHRIRAMFIN,25-Jul-2024,2600.0,CE,0.0,0.0,0.0,167.25,178.75,0,0.0,0,0,06-MAY-2024,
OPTSTK,SHRIRAMFIN,25-Jul-2024,2640.0,CE,0.0,0.0,0.0,151.65,161.5,0,0.0,0,0,06-MAY-2024,
OPTSTK,SHRIRAMFIN,25-Jul-2024,2680.0,CE,0.0,0.0,0.0,137.2,145.6,0,0.0,0,0,06-MAY-2024,
OPTSTK,SHRIRAMFIN,25-Jul-2024,2720.0,CE,0.0,0.0,0.0,123.9,130.9,0,0.0,0,0,06-MAY-2024,
OPTSTK,SHRIRAMFIN,25-Jul-2024,2760.0,CE,0.0,0.0,0.0,111.65,117.4,0,0.0,0,0,06-MAY-2024,
OPTSTK,SHRIRAMFIN,25-Jul-2024,2800.0,CE,0.0,0.0,0.0,59.9,105.0,0,0.0,600,0,06-MAY-2024,
OPTSTK,SHRIRAMFIN,25-Jul-2024,2840.0,CE,0.0,0.0,0.0,90.2,93.75,0,0.0,0,0,06-MAY-2024,
OPTSTK,SHRIRAMFIN,25-Jul-2024,2880.0,CE,0.0,0.0,0.0,80.85,83.6,0,0.0,0,0,06-MAY-2024,
OPTSTK,SHRIRAMFIN,25-Jul-2024,2160.0,PE,0.0,0.0,0.0,51.65,35.25,0,0.0,0,0,06-MAY-2024,
OPTSTK,SHRIRAMFIN,25-Jul-2024,2240.0,PE,0.0,0.0,0.0,72.4,51.8,0,0.0,0,0,06-MAY-2024,
OPTSTK,SHRIRAMFIN,25-Jul-2024,2280.0,PE,0.0,0.0,0.0,84.45,61.95,0,0.0,0,0,06-MAY-2024,
OPTSTK,SHRIRAMFIN,25-Jul-2024,2320.0,PE,0.0,0.0,0.0,97.9,73.2,0,0.0,0,0,06-MAY-2024,
OPTSTK,SHRIRAMFIN,25-Jul-2024,2360.0,PE,0.0,0.0,0.0,112.65,85.7,0,0.0,0,0,06-MAY-2024,
OPTSTK,SHRIRAMFIN,25-Jul-2024,2400.0,PE,0.0,0.0,0.0,128.7,99.65,0,0.0,0,0,06-MAY-2024,
OPTSTK,SHRIRAMFIN,25-Jul-2024,2440.0,PE,0.0,0.0,0.0,146.05,115.0,0,0.0,0,0,06-MAY-2024,
OPTSTK,SHRIRAMFIN,25-Jul-2024,2480.0,PE,0.0,0.0,0.0,164.75,131.7,0,0.0,0,0,06-MAY-2024,
OPTSTK,SHRIRAMFIN,25-Jul-2024,2520.0,PE,0.0,0.0,0.0,184.7,149.8,0,0.0,0,0,06-MAY-2024,
OPTSTK,SHRIRAMFIN,25-Jul-2024,2560.0,PE,0.0,0.0,0.0,205.95,169.25,0,0.0,0,0,06-MAY-2024,
OPTSTK,SHRIRAMFIN,25-Jul-2024,2600.0,PE,0.0,0.0,0.0,228.4,190.1,0,0.0,0,0,06-MAY-2024,
OPTSTK,SHRIRAMFIN,25-Jul-2024,2640.0,PE,0.0,0.0,0.0,252.1,212.25,0,0.0,0,0,06-MAY-2024,
OPTSTK,SHRIRAMFIN,25-Jul-2024,2680.0,PE,0.0,0.0,0.0,276.95,235.65,0,0.0,0,0,06-MAY-2024,
OPTSTK,SHRIRAMFIN,25-Jul-2024,2720.0,PE,0.0,0.0,0.0,302.9,260.35,0,0.0,0,0,06-MAY-2024,
OPTSTK,SHRIRAMFIN,25-Jul-2024,2760.0,PE,0.0,0.0,0.0,329.95,286.2,0,0.0,0,0,06-MAY-2024,
OPTSTK,SHRIRAMFIN,25-Jul-2024,2800.0,PE,0.0,0.0,0.0,357.95,313.2,0,0.0,0,0,06-MAY-2024,
OPTSTK,SHRIRAMFIN,25-Jul-2024,2840.0,PE,0.0,0.0,0.0,387.05,341.3,0,0.0,0,0,06-MAY-2024,
OPTSTK,SHRIRAMFIN,25-Jul-2024,2880.0,PE,0.0,0.0,0.0,417.0,370.5,0,0.0,0,0,06-MAY-2024,
OPTSTK,SIEMENS,30-May-2024,4300.0,CE,0.0,0.0,0.0,650.0,1827.45,0,0.0,750,0,06-MAY-2024,
OPTSTK,SIEMENS,30-May-2024,4700.0,CE,0.0,0.0,0.0,1025.0,1429.35,0,0.0,2250,0,06-MAY-2024,
OPTSTK,SIEMENS,30-May-2024,5000.0,CE,0.0,0.0,0.0,930.25,1131.25,0,0.0,3600,0,06-MAY-2024,
OPTSTK,SIEMENS,30-May-2024,5100.0,CE,0.0,0.0,0.0,635.0,1032.4,0,0.0,900,0,06-MAY-2024,
OPTSTK,SIEMENS,30-May-2024,5200.0,CE,0.0,0.0,0.0,585.45,934.2,0,0.0,1350,0,06-MAY-2024,
OPTSTK,SIEMENS,30-May-2024,5250.0,CE,0.0,0.0,0.0,366.4,885.45,0,0.0,0,0,06-MAY-2024,
OPTSTK,SIEMENS,30-May-2024,5300.0,CE,0.0,0.0,0.0,99.45,837.1,0,0.0,0,0,06-MAY-2024,
OPTSTK,SIEMENS,30-May-2024,5350.0,CE,0.0,0.0,0.0,311.2,789.15,0,0.0,0,0,06-MAY-2024,
OPTSTK,SIEMENS,30-May-2024,5400.0,CE,0.0,0.0,0.0,554.0,741.8,0,0.0,300,0,06-MAY-2024,
OPTSTK,SIEMENS,30-May-2024,5450.0,CE,0.0,0.0,0.0,444.3,695.05,0,0.0,150,0,06-MAY-2024,
OPTSTK,SIEMENS,30-May-2024,5500.0,CE,625.0,663.85,601.55,663.85,649.1,12,110.37,4200,900,06-MAY-2024,
OPTSTK,SIEMENS,30-May-2024,5550.0,CE,0.0,0.0,0.0,218.3,604.05,0,0.0,0,0,06-MAY-2024,
OPTSTK,SIEMENS,30-May-2024,5600.0,CE,0.0,0.0,0.0,310.2,560.05,0,0.0,2550,0,06-MAY-2024,
OPTSTK,SIEMENS,30-May-2024,5650.0,CE,0.0,0.0,0.0,180.35,517.25,0,0.0,0,0,06-MAY-2024,
OPTSTK,SIEMENS,30-May-2024,5700.0,CE,457.0,577.95,437.0,479.45,475.75,62,576.09,12000,-900,06-MAY-2024,
OPTSTK,SIEMENS,30-May-2024,5750.0,CE,405.0,540.75,405.0,440.75,435.75,7,65.27,6150,-300,06-MAY-2024,
OPTSTK,SIEMENS,30-May-2024,5800.0,CE,370.0,501.15,339.45,437.65,437.65,131,1221.24,20700,-4950,06-MAY-2024,
OPTSTK,SIEMENS,30-May-2024,5850.0,CE,371.0,460.0,371.0,432.35,360.65,14,131.78,3300,150,06-MAY-2024,
OPTSTK,SIEMENS,30-May-2024,5900.0,CE,255.5,425.2,255.5,363.55,363.55,163,1522.8,16500,-3000,06-MAY-2024,
OPTSTK,SIEMENS,30-May-2024,5950.0,CE,250.0,324.5,237.7,324.5,324.5,17,158.96,4950,-1050,06-MAY-2024,
OPTSTK,SIEMENS,30-May-2024,6000.0,CE,209.0,359.35,209.0,307.8,307.8,1801,16950.33,43200,1800,06-MAY-2024,
OPTSTK,SIEMENS,30-May-2024,6050.0,CE,210.25,304.6,200.45,275.5,275.5,231,2182.5,4650,1950,06-MAY-2024,
OPTSTK,SIEMENS,30-May-2024,6100.0,CE,163.4,302.1,163.4,252.5,252.5,4889,46438.15,45150,25500,06-MAY-2024,
OPTSTK,SIEMENS,30-May-2024,6150.0,CE,190.0,274.95,160.75,228.5,228.5,905,8678.12,10950,8850,06-MAY-2024,
OPTSTK,SIEMENS,30-May-2024,6200.0,CE,150.0,249.75,141.9,202.5,202.5,2232,21453.12,39300,22050,06-MAY-2024,
OPTSTK,SIEMENS,30-May-2024,6250.0,CE,216.85,224.0,161.25,183.1,183.1,22,212.53,1800,600,06-MAY-2024,
OPTSTK,SIEMENS,30-May-2024,6300.0,CE,107.95,202.7,107.95,162.8,162.8,752,7284.48,21600,10500,06-MAY-2024,
OPTSTK,SIEMENS,30-May-2024,6350.0,CE,118.45,159.5,118.45,128.0,104.15,11,106.94,900,900,06-MAY-2024,
OPTSTK,SIEMENS,30-May-2024,6400.0,CE,76.5,160.1,72.2,128.4,128.4,717,7011.18,18900,900,06-MAY-2024,
OPTSTK,SIEMENS,30-May-2024,6450.0,CE,0.0,0.0,0.0,28.6,76.5,0,0.0,0,0,06-MAY-2024,
OPTSTK,SIEMENS,30-May-2024,6500.0,CE,59.95,127.6,53.6,99.65,99.65,2769,27401.08,80400,32850,06-MAY-2024,
OPTSTK,SIEMENS,30-May-2024,6600.0,CE,43.35,99.8,43.35,77.7,77.7,1131,11327.0,23550,19200,06-MAY-2024,
OPTSTK,SIEMENS,30-May-2024,4800.0,PE,0.0,0.0,0.0,30.0,0.1,0,0.0,150,0,06-MAY-2024,
OPTSTK,SIEMENS,30-May-2024,5000.0,PE,5.8,5.85,3.6,4.2,4.2,101,758.17,31200,-3750,06-MAY-2024,
OPTSTK,SIEMENS,30-May-2024,5100.0,PE,5.95,5.95,5.9,5.9,1.25,2,15.31,5250,0,06-MAY-2024,
OPTSTK,SIEMENS,30-May-2024,5200.0,PE,11.0,11.0,7.95,10.05,2.6,61,476.61,18300,-3000,06-MAY-2024,
OPTSTK,SIEMENS,30-May-2024,5250.0,PE,0.0,0.0,0.0,40.05,3.65,0,0.0,1950,0,06-MAY-2024,
OPTSTK,SIEMENS,30-May-2024,5300.0,PE,21.95,21.95,12.7,14.55,14.55,95,757.3,8550,3600,06-MAY-2024,
OPTSTK,SIEMENS,30-May-2024,5350.0,PE,0.0,0.0,0.0,27.8,6.9,0,0.0,1650,0,06-MAY-2024,
OPTSTK,SIEMENS,30-May-2024,5400.0,PE,31.4,31.7,18.0,21.85,21.85,144,1171.18,18600,1350,06-MAY-2024,
OPTSTK,SIEMENS,30-May-2024,5450.0,PE,34.15,34.15,25.05,26.2,26.2,7,57.52,1950,300,06-MAY-2024,
OPTSTK,SIEMENS,30-May-2024,5500.0,PE,35.0,45.0,26.1,32.0,32.0,411,3411.14,27750,4350,06-MAY-2024,
OPTSTK,SIEMENS,30-May-2024,5550.0,PE,36.65,39.95,33.0,39.95,20.85,9,75.42,600,600,06-MAY-2024,
OPTSTK,SIEMENS,30-May-2024,5600.0,PE,51.5,64.1,38.0,45.15,45.15,303,2567.56,9900,-6600,06-MAY-2024,
OPTSTK,SIEMENS,30-May-2024,5650.0,PE,60.0,60.0,54.15,54.25,54.25,14,119.79,2850,1050,06-MAY-2024,
OPTSTK,SIEMENS,30-May-2024,5700.0,PE,70.0,90.0,51.75,63.8,63.8,311,2688.78,22950,6150,06-MAY-2024,
OPTSTK,SIEMENS,30-May-2024,5750.0,PE,65.0,75.75,64.6,74.45,51.65,15,130.92,1800,600,06-MAY-2024,
OPTSTK,SIEMENS,30-May-2024,5800.0,PE,100.0,120.0,73.0,86.9,86.9,412,3640.75,22950,7650,06-MAY-2024,
OPTSTK,SIEMENS,30-May-2024,5850.0,PE,135.0,135.0,86.1,100.6,76.1,29,259.03,3000,150,06-MAY-2024,
OPTSTK,SIEMENS,30-May-2024,5900.0,PE,164.65,164.65,98.0,116.2,116.2,377,3404.45,15600,1650,06-MAY-2024,
OPTSTK,SIEMENS,30-May-2024,5950.0,PE,170.0,180.1,116.0,143.85,108.0,48,438.33,1800,-150,06-MAY-2024,
OPTSTK,SIEMENS,30-May-2024,6000.0,PE,225.0,225.0,130.0,154.3,154.3,817,7547.95,25650,18300,06-MAY-2024,
OPTSTK,SIEMENS,30-May-2024,6050.0,PE,233.75,233.75,152.05,177.0,177.0,104,971.81,3000,2550,06-MAY-2024,
OPTSTK,SIEMENS,30-May-2024,6100.0,PE,230.0,259.15,169.9,197.35,197.35,671,6335.96,19200,18450,06-MAY-2024,
OPTSTK,SIEMENS,30-May-2024,6150.0,PE,229.75,244.05,194.2,226.9,226.9,108,1030.37,3750,3750,06-MAY-2024,
OPTSTK,SIEMENS,30-May-2024,6200.0,PE,219.95,253.05,219.95,247.2,247.2,24,231.85,3150,1200,06-MAY-2024,
OPTSTK,SIEMENS,30-May-2024,6250.0,PE,0.0,0.0,0.0,847.25,252.8,0,0.0,0,0,06-MAY-2024,
OPTSTK,SIEMENS,30-May-2024,6300.0,PE,0.0,0.0,0.0,1137.15,284.1,0,0.0,0,0,06-MAY-2024,
OPTSTK,SIEMENS,30-May-2024,6350.0,PE,0.0,0.0,0.0,935.4,317.25,0,0.0,0,0,06-MAY-2024,
OPTSTK,SIEMENS,30-May-2024,6400.0,PE,389.35,389.35,365.5,365.5,352.2,2,20.33,0,0,06-MAY-2024,
OPTSTK,SIEMENS,30-May-2024,6450.0,PE,0.0,0.0,0.0,1025.7,389.15,0,0.0,0,0,06-MAY-2024,
OPTSTK,SIEMENS,30-May-2024,6500.0,PE,425.0,433.7,425.0,433.7,427.15,4,41.57,750,150,06-MAY-2024,
OPTSTK,SIEMENS,30-May-2024,6600.0,PE,540.65,540.65,523.1,523.15,523.15,4,42.76,450,450,06-MAY-2024,
OPTSTK,SIEMENS,27-Jun-2024,5000.0,CE,0.0,0.0,0.0,594.05,1167.2,0,0.0,0,0,06-MAY-2024,
OPTSTK,SIEMENS,27-Jun-2024,5100.0,CE,0.0,0.0,0.0,527.4,1072.65,0,0.0,0,0,06-MAY-2024,
OPTSTK,SIEMENS,27-Jun-2024,5200.0,CE,0.0,0.0,0.0,465.65,980.0,0,0.0,0,0,06-MAY-2024,
OPTSTK,SIEMENS,27-Jun-2024,5250.0,CE,0.0,0.0,0.0,629.25,934.5,0,0.0,0,0,06-MAY-2024,
OPTSTK,SIEMENS,27-Jun-2024,5300.0,CE,0.0,0.0,0.0,408.8,889.7,0,0.0,0,0,06-MAY-2024,
OPTSTK,SIEMENS,27-Jun-2024,5350.0,CE,0.0,0.0,0.0,555.95,845.6,0,0.0,0,0,06-MAY-2024,
OPTSTK,SIEMENS,27-Jun-2024,5400.0,CE,0.0,0.0,0.0,356.75,802.25,0,0.0,0,0,06-MAY-2024,
OPTSTK,SIEMENS,27-Jun-2024,5450.0,CE,0.0,0.0,0.0,487.2,759.8,0,0.0,0,0,06-MAY-2024,
OPTSTK,SIEMENS,27-Jun-2024,5500.0,CE,0.0,0.0,0.0,309.55,718.3,0,0.0,0,0,06-MAY-2024,
OPTSTK,SIEMENS,27-Jun-2024,5550.0,CE,0.0,0.0,0.0,423.95,677.75,0,0.0,0,0,06-MAY-2024,
OPTSTK,SIEMENS,27-Jun-2024,5600.0,CE,0.0,0.0,0.0,267.05,638.3,0,0.0,0,0,06-MAY-2024,
OPTSTK,SIEMENS,27-Jun-2024,5650.0,CE,0.0,0.0,0.0,366.05,599.95,0,0.0,0,0,06-MAY-2024,
OPTSTK,SIEMENS,27-Jun-2024,5700.0,CE,0.0,0.0,0.0,229.05,563.0,0,0.0,0,0,06-MAY-2024,
OPTSTK,SIEMENS,27-Jun-2024,5750.0,CE,0.0,0.0,0.0,313.6,527.0,0,0.0,0,0,06-MAY-2024,
OPTSTK,SIEMENS,27-Jun-2024,5800.0,CE,0.0,0.0,0.0,195.4,492.1,0,0.0,0,0,06-MAY-2024,
OPTSTK,SIEMENS,27-Jun-2024,5850.0,CE,0.0,0.0,0.0,266.55,458.8,0,0.0,0,0,06-MAY-2024,
OPTSTK,SIEMENS,27-Jun-2024,5900.0,CE,0.0,0.0,0.0,165.75,426.85,0,0.0,0,0,06-MAY-2024,
OPTSTK,SIEMENS,27-Jun-2024,5950.0,CE,0.0,0.0,0.0,224.8,396.3,0,0.0,0,0,06-MAY-2024,
OPTSTK,SIEMENS,27-Jun-2024,6000.0,CE,0.0,0.0,0.0,140.1,367.1,0,0.0,0,0,06-MAY-2024,
OPTSTK,SIEMENS,27-Jun-2024,6050.0,CE,0.0,0.0,0.0,188.15,339.35,0,0.0,0,0,06-MAY-2024,
OPTSTK,SIEMENS,27-Jun-2024,6100.0,CE,0.0,0.0,0.0,117.7,313.05,0,0.0,0,0,06-MAY-2024,
OPTSTK,SIEMENS,27-Jun-2024,6150.0,CE,0.0,0.0,0.0,156.25,288.1,0,0.0,0,0,06-MAY-2024,
OPTSTK,SIEMENS,27-Jun-2024,6200.0,CE,0.0,0.0,0.0,98.1,264.6,0,0.0,0,0,06-MAY-2024,
OPTSTK,SIEMENS,27-Jun-2024,6250.0,CE,0.0,0.0,0.0,128.75,242.45,0,0.0,0,0,06-MAY-2024,
OPTSTK,SIEMENS,27-Jun-2024,6300.0,CE,0.0,0.0,0.0,81.55,221.7,0,0.0,0,0,06-MAY-2024,
OPTSTK,SIEMENS,27-Jun-2024,6350.0,CE,0.0,0.0,0.0,105.7,202.25,0,0.0,0,0,06-MAY-2024,
OPTSTK,SIEMENS,27-Jun-2024,6400.0,CE,0.0,0.0,0.0,67.4,184.15,0,0.0,0,0,06-MAY-2024,
OPTSTK,SIEMENS,27-Jun-2024,6450.0,CE,0.0,0.0,0.0,85.65,167.3,0,0.0,0,0,06-MAY-2024,
OPTSTK,SIEMENS,27-Jun-2024,6500.0,CE,175.3,218.6,175.3,211.0,151.65,6,60.35,750,750,06-MAY-2024,
OPTSTK,SIEMENS,27-Jun-2024,6600.0,CE,143.2,162.1,143.2,162.1,123.75,3,30.37,300,300,06-MAY-2024,
OPTSTK,SIEMENS,27-Jun-2024,5000.0,PE,27.0,27.0,25.0,25.0,8.05,3,22.61,1350,450,06-MAY-2024,
OPTSTK,SIEMENS,27-Jun-2024,5100.0,PE,0.0,0.0,0.0,162.2,12.5,0,0.0,0,0,06-MAY-2024,
OPTSTK,SIEMENS,27-Jun-2024,5200.0,PE,0.0,0.0,0.0,198.7,18.8,0,0.0,0,0,06-MAY-2024,
OPTSTK,SIEMENS,27-Jun-2024,5250.0,PE,0.0,0.0,0.0,83.85,22.85,0,0.0,0,0,06-MAY-2024,
OPTSTK,SIEMENS,27-Jun-2024,5300.0,PE,0.0,0.0,0.0,240.0,27.5,0,0.0,0,0,06-MAY-2024,
OPTSTK,SIEMENS,27-Jun-2024,5350.0,PE,0.0,0.0,0.0,109.35,32.85,0,0.0,0,0,06-MAY-2024,
OPTSTK,SIEMENS,27-Jun-2024,5400.0,PE,0.0,0.0,0.0,286.2,39.05,0,0.0,0,0,06-MAY-2024,
OPTSTK,SIEMENS,27-Jun-2024,5450.0,PE,0.0,0.0,0.0,139.3,46.05,0,0.0,0,0,06-MAY-2024,
OPTSTK,SIEMENS,27-Jun-2024,5500.0,PE,75.0,77.0,75.0,77.0,54.0,3,25.09,450,450,06-MAY-2024,
OPTSTK,SIEMENS,27-Jun-2024,5550.0,PE,0.0,0.0,0.0,174.8,63.0,0,0.0,0,0,06-MAY-2024,
OPTSTK,SIEMENS,27-Jun-2024,5600.0,PE,90.0,90.0,90.0,90.0,73.0,1,8.53,150,150,06-MAY-2024,
OPTSTK,SIEMENS,27-Jun-2024,5650.0,PE,0.0,0.0,0.0,215.65,84.15,0,0.0,0,0,06-MAY-2024,
OPTSTK,SIEMENS,27-Jun-2024,5700.0,PE,0.0,0.0,0.0,453.15,96.65,0,0.0,0,0,06-MAY-2024,
OPTSTK,SIEMENS,27-Jun-2024,5750.0,PE,0.0,0.0,0.0,261.95,110.15,0,0.0,0,0,06-MAY-2024,
OPTSTK,SIEMENS,27-Jun-2024,5800.0,PE,0.0,0.0,0.0,517.65,124.75,0,0.0,0,0,06-MAY-2024,
OPTSTK,SIEMENS,27-Jun-2024,5850.0,PE,0.0,0.0,0.0,313.65,140.9,0,0.0,0,0,06-MAY-2024,
OPTSTK,SIEMENS,27-Jun-2024,5900.0,PE,0.0,0.0,0.0,586.25,158.45,0,0.0,0,0,06-MAY-2024,
OPTSTK,SIEMENS,27-Jun-2024,5950.0,PE,0.0,0.0,0.0,370.65,177.35,0,0.0,0,0,06-MAY-2024,
OPTSTK,SIEMENS,27-Jun-2024,6000.0,PE,0.0,0.0,0.0,658.8,197.7,0,0.0,0,0,06-MAY-2024,
OPTSTK,SIEMENS,27-Jun-2024,6050.0,PE,0.0,0.0,0.0,432.75,219.4,0,0.0,0,0,06-MAY-2024,
OPTSTK,SIEMENS,27-Jun-2024,6100.0,PE,0.0,0.0,0.0,734.65,242.6,0,0.0,0,0,06-MAY-2024,
OPTSTK,SIEMENS,27-Jun-2024,6150.0,PE,0.0,0.0,0.0,499.6,267.1,0,0.0,0,0,06-MAY-2024,
OPTSTK,SIEMENS,27-Jun-2024,6200.0,PE,0.0,0.0,0.0,813.25,293.1,0,0.0,0,0,06-MAY-2024,
OPTSTK,SIEMENS,27-Jun-2024,6250.0,PE,0.0,0.0,0.0,570.85,320.45,0,0.0,0,0,06-MAY-2024,
OPTSTK,SIEMENS,27-Jun-2024,6300.0,PE,0.0,0.0,0.0,894.9,349.2,0,0.0,0,0,06-MAY-2024,
OPTSTK,SIEMENS,27-Jun-2024,6350.0,PE,0.0,0.0,0.0,646.55,379.25,0,0.0,0,0,06-MAY-2024,
OPTSTK,SIEMENS,27-Jun-2024,6400.0,PE,0.0,0.0,0.0,979.0,410.6,0,0.0,0,0,06-MAY-2024,
OPTSTK,SIEMENS,27-Jun-2024,6450.0,PE,0.0,0.0,0.0,725.25,443.2,0,0.0,0,0,06-MAY-2024,
OPTSTK,SIEMENS,27-Jun-2024,6500.0,PE,0.0,0.0,0.0,1065.25,477.05,0,0.0,0,0,06-MAY-2024,
OPTSTK,SIEMENS,27-Jun-2024,6600.0,PE,0.0,0.0,0.0,1153.45,548.15,0,0.0,0,0,06-MAY-2024,
OPTSTK,SIEMENS,25-Jul-2024,5000.0,CE,0.0,0.0,0.0,884.7,1208.15,0,0.0,0,0,06-MAY-2024,
OPTSTK,SIEMENS,25-Jul-2024,5200.0,CE,0.0,0.0,0.0,729.35,1030.05,0,0.0,0,0,06-MAY-2024,
OPTSTK,SIEMENS,25-Jul-2024,5300.0,CE,0.0,0.0,0.0,657.55,944.8,0,0.0,0,0,06-MAY-2024,
OPTSTK,SIEMENS,25-Jul-2024,5400.0,CE,0.0,0.0,0.0,589.5,862.55,0,0.0,0,0,06-MAY-2024,
OPTSTK,SIEMENS,25-Jul-2024,5500.0,CE,0.0,0.0,0.0,526.1,783.7,0,0.0,0,0,06-MAY-2024,
OPTSTK,SIEMENS,25-Jul-2024,5600.0,CE,0.0,0.0,0.0,467.15,708.75,0,0.0,0,0,06-MAY-2024,
OPTSTK,SIEMENS,25-Jul-2024,5700.0,CE,0.0,0.0,0.0,412.75,637.5,0,0.0,0,0,06-MAY-2024,
OPTSTK,SIEMENS,25-Jul-2024,5800.0,CE,0.0,0.0,0.0,362.8,570.3,0,0.0,0,0,06-MAY-2024,
OPTSTK,SIEMENS,25-Jul-2024,5900.0,CE,0.0,0.0,0.0,317.35,507.8,0,0.0,0,0,06-MAY-2024,
OPTSTK,SIEMENS,25-Jul-2024,6000.0,CE,0.0,0.0,0.0,276.2,449.75,0,0.0,0,0,06-MAY-2024,
OPTSTK,SIEMENS,25-Jul-2024,6100.0,CE,0.0,0.0,0.0,239.2,396.3,0,0.0,0,0,06-MAY-2024,
OPTSTK,SIEMENS,25-Jul-2024,6200.0,CE,0.0,0.0,0.0,206.15,347.35,0,0.0,0,0,06-MAY-2024,
OPTSTK,SIEMENS,25-Jul-2024,6300.0,CE,0.0,0.0,0.0,176.85,302.85,0,0.0,0,0,06-MAY-2024,
OPTSTK,SIEMENS,25-Jul-2024,6400.0,CE,0.0,0.0,0.0,151.25,262.7,0,0.0,0,0,06-MAY-2024,
OPTSTK,SIEMENS,25-Jul-2024,6600.0,CE,0.0,0.0,0.0,108.75,194.65,0,0.0,0,0,06-MAY-2024,
OPTSTK,SIEMENS,25-Jul-2024,6800.0,CE,0.0,0.0,0.0,76.9,141.7,0,0.0,0,0,06-MAY-2024,
OPTSTK,SIEMENS,25-Jul-2024,5000.0,PE,0.0,0.0,0.0,64.85,21.5,0,0.0,0,0,06-MAY-2024,
OPTSTK,SIEMENS,25-Jul-2024,5200.0,PE,0.0,0.0,0.0,105.9,40.25,0,0.0,0,0,06-MAY-2024,
OPTSTK,SIEMENS,25-Jul-2024,5300.0,PE,0.0,0.0,0.0,132.3,53.4,0,0.0,0,0,06-MAY-2024,
OPTSTK,SIEMENS,25-Jul-2024,5400.0,PE,0.0,0.0,0.0,162.45,69.6,0,0.0,0,0,06-MAY-2024,
OPTSTK,SIEMENS,25-Jul-2024,5500.0,PE,0.0,0.0,0.0,197.25,89.15,0,0.0,0,0,06-MAY-2024,
OPTSTK,SIEMENS,25-Jul-2024,5600.0,PE,0.0,0.0,0.0,236.45,112.65,0,0.0,0,0,06-MAY-2024,
OPTSTK,SIEMENS,25-Jul-2024,5700.0,PE,0.0,0.0,0.0,280.25,139.8,0,0.0,0,0,06-MAY-2024,
OPTSTK,SIEMENS,25-Jul-2024,5800.0,PE,0.0,0.0,0.0,328.5,171.0,0,0.0,0,0,06-MAY-2024,
OPTSTK,SIEMENS,25-Jul-2024,5900.0,PE,0.0,0.0,0.0,381.2,206.9,0,0.0,0,0,06-MAY-2024,
OPTSTK,SIEMENS,25-Jul-2024,6000.0,PE,0.0,0.0,0.0,438.25,247.3,0,0.0,0,0,06-MAY-2024,
OPTSTK,SIEMENS,25-Jul-2024,6100.0,PE,0.0,0.0,0.0,499.5,292.25,0,0.0,0,0,06-MAY-2024,
OPTSTK,SIEMENS,25-Jul-2024,6200.0,PE,0.0,0.0,0.0,564.65,341.7,0,0.0,0,0,06-MAY-2024,
OPTSTK,SIEMENS,25-Jul-2024,6300.0,PE,0.0,0.0,0.0,633.5,395.65,0,0.0,0,0,06-MAY-2024,
OPTSTK,SIEMENS,25-Jul-2024,6400.0,PE,0.0,0.0,0.0,706.15,453.95,0,0.0,0,0,06-MAY-2024,
OPTSTK,SIEMENS,25-Jul-2024,6600.0,PE,0.0,0.0,0.0,860.0,582.75,0,0.0,0,0,06-MAY-2024,
OPTSTK,SIEMENS,25-Jul-2024,6800.0,PE,0.0,0.0,0.0,1024.55,726.65,0,0.0,0,0,06-MAY-2024,
OPTSTK,SRF,30-May-2024,2140.0,CE,0.0,0.0,0.0,452.4,457.75,0,0.0,0,0,06-MAY-2024,
OPTSTK,SRF,30-May-2024,2160.0,CE,0.0,0.0,0.0,307.35,438.0,0,0.0,0,0,06-MAY-2024,
OPTSTK,SRF,30-May-2024,2180.0,CE,0.0,0.0,0.0,415.6,418.25,0,0.0,0,0,06-MAY-2024,
OPTSTK,SRF,30-May-2024,2200.0,CE,0.0,0.0,0.0,387.0,398.55,0,0.0,750,0,06-MAY-2024,
OPTSTK,SRF,30-May-2024,2220.0,CE,0.0,0.0,0.0,379.7,378.95,0,0.0,0,0,06-MAY-2024,
OPTSTK,SRF,30-May-2024,2240.0,CE,0.0,0.0,0.0,249.85,359.5,0,0.0,0,0,06-MAY-2024,
OPTSTK,SRF,30-May-2024,2260.0,CE,0.0,0.0,0.0,344.9,340.15,0,0.0,0,0,06-MAY-2024,
OPTSTK,SRF,30-May-2024,2280.0,CE,0.0,0.0,0.0,223.65,320.95,0,0.0,0,0,06-MAY-2024,
OPTSTK,SRF,30-May-2024,2300.0,CE,0.0,0.0,0.0,250.0,302.0,0,0.0,375,0,06-MAY-2024,
OPTSTK,SRF,30-May-2024,2320.0,CE,0.0,0.0,0.0,199.15,283.3,0,0.0,0,0,06-MAY-2024,
OPTSTK,SRF,30-May-2024,2340.0,CE,0.0,0.0,0.0,279.35,264.85,0,0.0,0,0,06-MAY-2024,
OPTSTK,SRF,30-May-2024,2360.0,CE,0.0,0.0,0.0,176.5,246.8,0,0.0,0,0,06-MAY-2024,
OPTSTK,SRF,30-May-2024,2380.0,CE,0.0,0.0,0.0,212.35,229.15,0,0.0,750,0,06-MAY-2024,
OPTSTK,SRF,30-May-2024,2400.0,CE,223.0,244.75,222.95,233.0,211.95,8,78.97,3000,-375,06-MAY-2024,
OPTSTK,SRF,30-May-2024,2420.0,CE,0.0,0.0,0.0,269.5,195.3,0,0.0,0,0,06-MAY-2024,
OPTSTK,SRF,30-May-2024,2440.0,CE,0.0,0.0,0.0,136.5,179.2,0,0.0,0,0,06-MAY-2024,
OPTSTK,SRF,30-May-2024,2460.0,CE,0.0,0.0,0.0,160.0,163.7,0,0.0,375,0,06-MAY-2024,
OPTSTK,SRF,30-May-2024,2480.0,CE,0.0,0.0,0.0,145.15,149.0,0,0.0,2250,0,06-MAY-2024,
OPTSTK,SRF,30-May-2024,2500.0,CE,152.0,173.0,150.3,161.75,161.75,57,568.41,20625,-1125,06-MAY-2024,
OPTSTK,SRF,30-May-2024,2520.0,CE,0.0,0.0,0.0,171.15,121.5,0,0.0,1125,0,06-MAY-2024,
OPTSTK,SRF,30-May-2024,2540.0,CE,120.0,133.95,120.0,130.95,109.0,5,50.02,3000,-375,06-MAY-2024,
OPTSTK,SRF,30-May-2024,2560.0,CE,114.0,136.0,113.7,125.45,125.45,72,724.45,16875,-1500,06-MAY-2024,
OPTSTK,SRF,30-May-2024,2580.0,CE,110.0,121.5,101.5,115.1,115.1,57,575.89,3375,3000,06-MAY-2024,
OPTSTK,SRF,30-May-2024,2600.0,CE,96.05,114.55,91.0,104.3,104.3,1599,16206.19,201375,33750,06-MAY-2024,
OPTSTK,SRF,30-May-2024,2620.0,CE,88.05,104.85,87.25,94.55,94.55,149,1516.45,15750,1875,06-MAY-2024,
OPTSTK,SRF,30-May-2024,2640.0,CE,76.95,93.15,73.85,85.8,85.8,219,2236.4,64125,4125,06-MAY-2024,
OPTSTK,SRF,30-May-2024,2660.0,CE,60.85,84.0,60.85,77.25,77.25,130,1332.7,41250,-7125,06-MAY-2024,
OPTSTK,SRF,30-May-2024,2680.0,CE,60.0,75.0,57.0,68.25,68.25,199,2049.07,44625,7875,06-MAY-2024,
OPTSTK,SRF,30-May-2024,2700.0,CE,54.0,69.0,51.35,61.8,61.8,1224,12668.3,232125,-22500,06-MAY-2024,
OPTSTK,SRF,30-May-2024,2720.0,CE,50.0,56.05,50.0,54.25,54.25,15,155.97,11625,-2625,06-MAY-2024,
OPTSTK,SRF,30-May-2024,2740.0,CE,48.0,52.0,43.0,48.8,48.8,101,1055.37,20250,-3000,06-MAY-2024,
OPTSTK,SRF,30-May-2024,2760.0,CE,38.75,47.3,38.05,43.55,43.55,140,1470.64,15375,-4125,06-MAY-2024,
OPTSTK,SRF,30-May-2024,2780.0,CE,39.0,39.0,36.5,36.5,19.8,2,21.13,3750,375,06-MAY-2024,
OPTSTK,SRF,30-May-2024,2800.0,CE,27.2,38.5,27.2,34.25,34.25,1150,12217.59,214875,26625,06-MAY-2024,
OPTSTK,SRF,30-May-2024,2820.0,CE,0.0,0.0,0.0,24.85,13.8,0,0.0,6750,0,06-MAY-2024,
OPTSTK,SRF,30-May-2024,2840.0,CE,24.0,28.0,24.0,27.35,27.35,5,53.73,25500,750,06-MAY-2024,
OPTSTK,SRF,30-May-2024,2860.0,CE,18.8,20.5,18.0,20.5,9.45,15,161.91,13500,4125,06-MAY-2024,
OPTSTK,SRF,30-May-2024,2880.0,CE,16.4,22.5,16.4,20.65,20.65,226,2457.49,200250,-4500,06-MAY-2024,
OPTSTK,SRF,30-May-2024,2900.0,CE,17.8,20.25,14.65,18.45,18.45,107,1170.74,18375,15750,06-MAY-2024,
OPTSTK,SRF,30-May-2024,2920.0,CE,14.25,19.2,14.25,19.2,5.15,3,33.02,31875,375,06-MAY-2024,
OPTSTK,SRF,30-May-2024,2960.0,CE,9.45,13.2,9.45,12.55,12.55,71,791.33,16125,-4125,06-MAY-2024,
OPTSTK,SRF,30-May-2024,3000.0,CE,8.75,11.0,7.25,10.1,10.1,1568,17695.92,164250,49125,06-MAY-2024,
OPTSTK,SRF,30-May-2024,3040.0,CE,6.75,8.1,6.0,7.3,7.3,184,2102.73,47625,39375,06-MAY-2024,
OPTSTK,SRF,30-May-2024,2140.0,PE,3.55,3.55,3.55,3.55,3.55,4,32.15,1500,1500,06-MAY-2024,
OPTSTK,SRF,30-May-2024,2160.0,PE,0.0,0.0,0.0,38.5,0.35,0,0.0,0,0,06-MAY-2024,
OPTSTK,SRF,30-May-2024,2180.0,PE,0.0,0.0,0.0,8.7,0.55,0,0.0,0,0,06-MAY-2024,
OPTSTK,SRF,30-May-2024,2200.0,PE,4.0,9.6,4.0,8.8,8.8,114,943.87,30375,16875,06-MAY-2024,
OPTSTK,SRF,30-May-2024,2220.0,PE,0.0,0.0,0.0,12.3,1.1,0,0.0,0,0,06-MAY-2024,
OPTSTK,SRF,30-May-2024,2240.0,PE,0.0,0.0,0.0,59.55,1.5,0,0.0,0,0,06-MAY-2024,
OPTSTK,SRF,30-May-2024,2260.0,PE,0.0,0.0,0.0,17.05,2.05,0,0.0,0,0,06-MAY-2024,
OPTSTK,SRF,30-May-2024,2280.0,PE,3.85,10.9,3.85,10.9,10.9,32,274.77,6375,5250,06-MAY-2024,
OPTSTK,SRF,30-May-2024,2300.0,PE,12.1,20.75,10.0,17.4,17.4,245,2127.54,64500,10125,06-MAY-2024,
OPTSTK,SRF,30-May-2024,2320.0,PE,12.0,12.0,12.0,12.0,4.95,1,8.74,7875,0,06-MAY-2024,
OPTSTK,SRF,30-May-2024,2340.0,PE,0.0,0.0,0.0,30.5,6.45,0,0.0,0,0,06-MAY-2024,
OPTSTK,SRF,30-May-2024,2360.0,PE,18.2,29.6,18.2,28.0,28.0,64,572.38,12375,-3750,06-MAY-2024,
OPTSTK,SRF,30-May-2024,2380.0,PE,10.1,24.8,10.1,24.0,10.55,3,26.99,375,375,06-MAY-2024,
OPTSTK,SRF,30-May-2024,2400.0,PE,24.15,38.45,21.6,35.85,35.85,599,5461.28,97875,-33000,06-MAY-2024,
OPTSTK,SRF,30-May-2024,2420.0,PE,0.0,0.0,0.0,14.0,16.5,0,0.0,4125,0,06-MAY-2024,
OPTSTK,SRF,30-May-2024,2440.0,PE,0.0,0.0,0.0,34.9,20.3,0,0.0,10125,0,06-MAY-2024,
OPTSTK,SRF,30-May-2024,2460.0,PE,40.0,54.1,40.0,52.85,52.85,32,300.78,25875,2250,06-MAY-2024,
OPTSTK,SRF,30-May-2024,2480.0,PE,0.0,0.0,0.0,58.35,29.9,0,0.0,8250,0,06-MAY-2024,
OPTSTK,SRF,30-May-2024,2500.0,PE,55.0,69.75,45.0,61.2,61.2,1233,11838.08,189750,40500,06-MAY-2024,
OPTSTK,SRF,30-May-2024,2520.0,PE,0.0,0.0,0.0,61.15,42.25,0,0.0,17625,0,06-MAY-2024,
OPTSTK,SRF,30-May-2024,2540.0,PE,63.7,85.7,57.1,76.8,76.8,48,470.59,19125,1875,06-MAY-2024,
OPTSTK,SRF,30-May-2024,2560.0,PE,71.35,91.0,67.0,88.15,88.15,100,991.67,22125,-375,06-MAY-2024,
OPTSTK,SRF,30-May-2024,2580.0,PE,78.5,98.55,77.0,96.3,96.3,151,1514.33,18375,9000,06-MAY-2024,
OPTSTK,SRF,30-May-2024,2600.0,PE,89.7,113.0,85.0,105.55,105.55,413,4182.15,117375,20625,06-MAY-2024,
OPTSTK,SRF,30-May-2024,2620.0,PE,96.0,125.2,95.0,110.45,110.45,27,276.23,7500,2250,06-MAY-2024,
OPTSTK,SRF,30-May-2024,2640.0,PE,106.85,137.15,106.85,126.5,126.5,37,382.93,15000,-1500,06-MAY-2024,
OPTSTK,SRF,30-May-2024,2660.0,PE,131.0,141.7,124.7,138.0,138.0,31,324.69,13500,-6750,06-MAY-2024,
OPTSTK,SRF,30-May-2024,2680.0,PE,0.0,0.0,0.0,148.1,124.15,0,0.0,3750,0,06-MAY-2024,
OPTSTK,SRF,30-May-2024,2700.0,PE,149.95,165.4,138.4,160.95,160.95,98,1049.27,61125,4500,06-MAY-2024,
OPTSTK,SRF,30-May-2024,2720.0,PE,0.0,0.0,0.0,181.8,152.3,0,0.0,1875,0,06-MAY-2024,
OPTSTK,SRF,30-May-2024,2740.0,PE,180.05,180.05,179.5,179.5,167.45,3,32.84,750,-750,06-MAY-2024,
OPTSTK,SRF,30-May-2024,2760.0,PE,192.25,192.25,192.25,192.25,183.1,1,11.07,750,375,06-MAY-2024,
OPTSTK,SRF,30-May-2024,2780.0,PE,0.0,0.0,0.0,238.8,199.3,0,0.0,0,0,06-MAY-2024,
OPTSTK,SRF,30-May-2024,2800.0,PE,219.0,223.05,219.0,222.85,216.0,6,68.0,23625,0,06-MAY-2024,
OPTSTK,SRF,30-May-2024,2820.0,PE,0.0,0.0,0.0,218.85,233.15,0,0.0,375,0,06-MAY-2024,
OPTSTK,SRF,30-May-2024,2840.0,PE,0.0,0.0,0.0,212.4,250.7,0,0.0,375,0,06-MAY-2024,
OPTSTK,SRF,30-May-2024,2860.0,PE,0.0,0.0,0.0,300.5,268.6,0,0.0,0,0,06-MAY-2024,
OPTSTK,SRF,30-May-2024,2880.0,PE,0.0,0.0,0.0,461.65,286.8,0,0.0,0,0,06-MAY-2024,
OPTSTK,SRF,30-May-2024,2900.0,PE,0.0,0.0,0.0,284.75,305.3,0,0.0,375,0,06-MAY-2024,
OPTSTK,SRF,30-May-2024,2920.0,PE,0.0,0.0,0.0,278.0,324.0,0,0.0,3000,0,06-MAY-2024,
OPTSTK,SRF,30-May-2024,2960.0,PE,0.0,0.0,0.0,532.8,362.05,0,0.0,0,0,06-MAY-2024,
OPTSTK,SRF,30-May-2024,3000.0,PE,0.0,0.0,0.0,569.25,400.65,0,0.0,0,0,06-MAY-2024,
OPTSTK,SRF,30-May-2024,3040.0,PE,0.0,0.0,0.0,606.1,439.65,0,0.0,0,0,06-MAY-2024,
OPTSTK,SRF,27-Jun-2024,2140.0,CE,0.0,0.0,0.0,529.25,473.05,0,0.0,0,0,06-MAY-2024,
OPTSTK,SRF,27-Jun-2024,2160.0,CE,0.0,0.0,0.0,453.45,454.1,0,0.0,0,0,06-MAY-2024,
OPTSTK,SRF,27-Jun-2024,2180.0,CE,0.0,0.0,0.0,491.45,435.25,0,0.0,0,0,06-MAY-2024,
OPTSTK,SRF,27-Jun-2024,2200.0,CE,0.0,0.0,0.0,418.8,416.65,0,0.0,0,0,06-MAY-2024,
OPTSTK,SRF,27-Jun-2024,2220.0,CE,0.0,0.0,0.0,454.25,398.2,0,0.0,0,0,06-MAY-2024,
OPTSTK,SRF,27-Jun-2024,2240.0,CE,0.0,0.0,0.0,385.25,380.0,0,0.0,0,0,06-MAY-2024,
OPTSTK,SRF,27-Jun-2024,2260.0,CE,0.0,0.0,0.0,417.85,362.05,0,0.0,0,0,06-MAY-2024,
OPTSTK,SRF,27-Jun-2024,2280.0,CE,0.0,0.0,0.0,352.9,344.4,0,0.0,0,0,06-MAY-2024,
OPTSTK,SRF,27-Jun-2024,2300.0,CE,0.0,0.0,0.0,382.45,327.05,0,0.0,0,0,06-MAY-2024,
OPTSTK,SRF,27-Jun-2024,2320.0,CE,0.0,0.0,0.0,321.85,310.0,0,0.0,0,0,06-MAY-2024,
OPTSTK,SRF,27-Jun-2024,2340.0,CE,0.0,0.0,0.0,348.1,293.35,0,0.0,0,0,06-MAY-2024,
OPTSTK,SRF,27-Jun-2024,2360.0,CE,0.0,0.0,0.0,292.3,277.1,0,0.0,0,0,06-MAY-2024,
OPTSTK,SRF,27-Jun-2024,2380.0,CE,0.0,0.0,0.0,315.05,261.2,0,0.0,0,0,06-MAY-2024,
OPTSTK,SRF,27-Jun-2024,2400.0,CE,280.0,280.0,280.0,280.0,245.8,1,10.05,375,375,06-MAY-2024,
OPTSTK,SRF,27-Jun-2024,2420.0,CE,0.0,0.0,0.0,283.5,230.95,0,0.0,0,0,06-MAY-2024,
OPTSTK,SRF,27-Jun-2024,2440.0,CE,0.0,0.0,0.0,237.65,216.45,0,0.0,0,0,06-MAY-2024,
OPTSTK,SRF,27-Jun-2024,2460.0,CE,0.0,0.0,0.0,253.65,202.35,0,0.0,0,0,06-MAY-2024,
OPTSTK,SRF,27-Jun-2024,2480.0,CE,0.0,0.0,0.0,212.85,188.9,0,0.0,0,0,06-MAY-2024,
OPTSTK,SRF,27-Jun-2024,2500.0,CE,0.0,0.0,0.0,225.3,175.95,0,0.0,0,0,06-MAY-2024,
OPTSTK,SRF,27-Jun-2024,2520.0,CE,0.0,0.0,0.0,189.75,163.6,0,0.0,0,0,06-MAY-2024,
OPTSTK,SRF,27-Jun-2024,2540.0,CE,0.0,0.0,0.0,198.95,151.75,0,0.0,0,0,06-MAY-2024,
OPTSTK,SRF,27-Jun-2024,2560.0,CE,0.0,0.0,0.0,168.35,140.5,0,0.0,0,0,06-MAY-2024,
OPTSTK,SRF,27-Jun-2024,2580.0,CE,0.0,0.0,0.0,174.55,129.8,0,0.0,0,0,06-MAY-2024,
OPTSTK,SRF,27-Jun-2024,2600.0,CE,0.0,0.0,0.0,148.7,119.6,0,0.0,0,0,06-MAY-2024,
OPTSTK,SRF,27-Jun-2024,2620.0,CE,0.0,0.0,0.0,152.15,110.05,0,0.0,0,0,06-MAY-2024,
OPTSTK,SRF,27-Jun-2024,2640.0,CE,0.0,0.0,0.0,130.7,101.0,0,0.0,0,0,06-MAY-2024,
OPTSTK,SRF,27-Jun-2024,2660.0,CE,0.0,0.0,0.0,131.7,92.5,0,0.0,0,0,06-MAY-2024,
OPTSTK,SRF,27-Jun-2024,2680.0,CE,0.0,0.0,0.0,114.35,84.5,0,0.0,0,0,06-MAY-2024,
OPTSTK,SRF,27-Jun-2024,2700.0,CE,104.0,108.0,104.0,106.5,77.05,3,31.56,1125,1125,06-MAY-2024,
OPTSTK,SRF,27-Jun-2024,2720.0,CE,0.0,0.0,0.0,99.6,70.1,0,0.0,0,0,06-MAY-2024,
OPTSTK,SRF,27-Jun-2024,2740.0,CE,0.0,0.0,0.0,96.75,63.65,0,0.0,0,0,06-MAY-2024,
OPTSTK,SRF,27-Jun-2024,2760.0,CE,0.0,0.0,0.0,86.4,57.7,0,0.0,0,0,06-MAY-2024,
OPTSTK,SRF,27-Jun-2024,2780.0,CE,0.0,0.0,0.0,82.1,52.15,0,0.0,0,0,06-MAY-2024,
OPTSTK,SRF,27-Jun-2024,2800.0,CE,0.0,0.0,0.0,74.55,47.15,0,0.0,0,0,06-MAY-2024,
OPTSTK,SRF,27-Jun-2024,2820.0,CE,0.0,0.0,0.0,69.2,42.5,0,0.0,0,0,06-MAY-2024,
OPTSTK,SRF,27-Jun-2024,2840.0,CE,0.0,0.0,0.0,64.2,38.1,0,0.0,0,0,06-MAY-2024,
OPTSTK,SRF,27-Jun-2024,2860.0,CE,0.0,0.0,0.0,57.95,34.15,0,0.0,0,0,06-MAY-2024,
OPTSTK,SRF,27-Jun-2024,2880.0,CE,0.0,0.0,0.0,55.0,30.55,0,0.0,0,0,06-MAY-2024,
OPTSTK,SRF,27-Jun-2024,2900.0,CE,0.0,0.0,0.0,48.35,27.3,0,0.0,0,0,06-MAY-2024,
OPTSTK,SRF,27-Jun-2024,2920.0,CE,0.0,0.0,0.0,59.0,24.3,0,0.0,11250,0,06-MAY-2024,
OPTSTK,SRF,27-Jun-2024,2960.0,CE,0.0,0.0,0.0,39.7,19.2,0,0.0,0,0,06-MAY-2024,
OPTSTK,SRF,27-Jun-2024,3000.0,CE,41.45,49.65,39.6,47.8,47.8,412,4706.7,372000,114750,06-MAY-2024,
OPTSTK,SRF,27-Jun-2024,3040.0,CE,0.0,0.0,0.0,28.25,11.65,0,0.0,0,0,06-MAY-2024,
OPTSTK,SRF,27-Jun-2024,2140.0,PE,0.0,0.0,0.0,3.5,3.35,0,0.0,0,0,06-MAY-2024,
OPTSTK,SRF,27-Jun-2024,2160.0,PE,0.0,0.0,0.0,14.55,4.2,0,0.0,0,0,06-MAY-2024,
OPTSTK,SRF,27-Jun-2024,2180.0,PE,0.0,0.0,0.0,5.2,5.15,0,0.0,0,0,06-MAY-2024,
OPTSTK,SRF,27-Jun-2024,2200.0,PE,0.0,0.0,0.0,19.25,6.3,0,0.0,0,0,06-MAY-2024,
OPTSTK,SRF,27-Jun-2024,2220.0,PE,0.0,0.0,0.0,7.5,7.65,0,0.0,0,0,06-MAY-2024,
OPTSTK,SRF,27-Jun-2024,2240.0,PE,0.0,0.0,0.0,24.95,9.25,0,0.0,0,0,06-MAY-2024,
OPTSTK,SRF,27-Jun-2024,2260.0,PE,0.0,0.0,0.0,10.65,11.1,0,0.0,0,0,06-MAY-2024,
OPTSTK,SRF,27-Jun-2024,2280.0,PE,0.0,0.0,0.0,31.9,13.25,0,0.0,0,0,06-MAY-2024,
OPTSTK,SRF,27-Jun-2024,2300.0,PE,0.0,0.0,0.0,37.15,15.7,0,0.0,750,0,06-MAY-2024,
OPTSTK,SRF,27-Jun-2024,2320.0,PE,35.0,46.1,35.0,46.1,18.45,9,79.68,5250,2625,06-MAY-2024,
OPTSTK,SRF,27-Jun-2024,2340.0,PE,0.0,0.0,0.0,19.85,21.6,0,0.0,0,0,06-MAY-2024,
OPTSTK,SRF,27-Jun-2024,2360.0,PE,0.0,0.0,0.0,49.9,25.1,0,0.0,0,0,06-MAY-2024,
OPTSTK,SRF,27-Jun-2024,2380.0,PE,0.0,0.0,0.0,26.35,29.05,0,0.0,0,0,06-MAY-2024,
OPTSTK,SRF,27-Jun-2024,2400.0,PE,58.0,80.0,58.0,77.75,77.75,12,111.42,15750,1125,06-MAY-2024,
OPTSTK,SRF,27-Jun-2024,2420.0,PE,0.0,0.0,0.0,34.25,38.35,0,0.0,0,0,06-MAY-2024,
OPTSTK,SRF,27-Jun-2024,2440.0,PE,0.0,0.0,0.0,73.75,43.65,0,0.0,0,0,06-MAY-2024,
OPTSTK,SRF,27-Jun-2024,2460.0,PE,0.0,0.0,0.0,43.9,49.35,0,0.0,0,0,06-MAY-2024,
OPTSTK,SRF,27-Jun-2024,2480.0,PE,0.0,0.0,0.0,88.25,55.7,0,0.0,0,0,06-MAY-2024,
OPTSTK,SRF,27-Jun-2024,2500.0,PE,0.0,0.0,0.0,55.05,62.55,0,0.0,0,0,06-MAY-2024,
OPTSTK,SRF,27-Jun-2024,2520.0,PE,0.0,0.0,0.0,104.45,70.0,0,0.0,0,0,06-MAY-2024,
OPTSTK,SRF,27-Jun-2024,2540.0,PE,0.0,0.0,0.0,68.2,77.95,0,0.0,0,0,06-MAY-2024,
OPTSTK,SRF,27-Jun-2024,2560.0,PE,0.0,0.0,0.0,122.35,86.45,0,0.0,0,0,06-MAY-2024,
OPTSTK,SRF,27-Jun-2024,2580.0,PE,0.0,0.0,0.0,83.3,95.55,0,0.0,0,0,06-MAY-2024,
OPTSTK,SRF,27-Jun-2024,2600.0,PE,0.0,0.0,0.0,87.85,105.2,0,0.0,375,0,06-MAY-2024,
OPTSTK,SRF,27-Jun-2024,2620.0,PE,0.0,0.0,0.0,100.4,115.4,0,0.0,0,0,06-MAY-2024,
OPTSTK,SRF,27-Jun-2024,2640.0,PE,0.0,0.0,0.0,163.25,126.15,0,0.0,0,0,06-MAY-2024,
OPTSTK,SRF,27-Jun-2024,2660.0,PE,0.0,0.0,0.0,119.45,137.45,0,0.0,0,0,06-MAY-2024,
OPTSTK,SRF,27-Jun-2024,2680.0,PE,0.0,0.0,0.0,186.2,149.25,0,0.0,0,0,06-MAY-2024,
OPTSTK,SRF,27-Jun-2024,2700.0,PE,0.0,0.0,0.0,140.5,161.6,0,0.0,0,0,06-MAY-2024,
OPTSTK,SRF,27-Jun-2024,2720.0,PE,0.0,0.0,0.0,210.75,174.45,0,0.0,0,0,06-MAY-2024,
OPTSTK,SRF,27-Jun-2024,2740.0,PE,0.0,0.0,0.0,163.5,187.8,0,0.0,0,0,06-MAY-2024,
OPTSTK,SRF,27-Jun-2024,2760.0,PE,0.0,0.0,0.0,236.8,201.6,0,0.0,0,0,06-MAY-2024,
OPTSTK,SRF,27-Jun-2024,2780.0,PE,0.0,0.0,0.0,188.35,215.85,0,0.0,0,0,06-MAY-2024,
OPTSTK,SRF,27-Jun-2024,2800.0,PE,0.0,0.0,0.0,264.25,230.65,0,0.0,0,0,06-MAY-2024,
OPTSTK,SRF,27-Jun-2024,2820.0,PE,0.0,0.0,0.0,214.95,245.8,0,0.0,0,0,06-MAY-2024,
OPTSTK,SRF,27-Jun-2024,2840.0,PE,0.0,0.0,0.0,293.2,261.2,0,0.0,0,0,06-MAY-2024,
OPTSTK,SRF,27-Jun-2024,2860.0,PE,0.0,0.0,0.0,243.2,277.05,0,0.0,0,0,06-MAY-2024,
OPTSTK,SRF,27-Jun-2024,2880.0,PE,0.0,0.0,0.0,323.25,293.25,0,0.0,0,0,06-MAY-2024,
OPTSTK,SRF,27-Jun-2024,2900.0,PE,0.0,0.0,0.0,273.1,309.75,0,0.0,0,0,06-MAY-2024,
OPTSTK,SRF,27-Jun-2024,2920.0,PE,0.0,0.0,0.0,354.35,326.6,0,0.0,0,0,06-MAY-2024,
OPTSTK,SRF,27-Jun-2024,2960.0,PE,0.0,0.0,0.0,386.55,361.05,0,0.0,0,0,06-MAY-2024,
OPTSTK,SRF,27-Jun-2024,3000.0,PE,0.0,0.0,0.0,419.7,396.45,0,0.0,0,0,06-MAY-2024,
OPTSTK,SRF,27-Jun-2024,3040.0,PE,0.0,0.0,0.0,453.7,432.7,0,0.0,0,0,06-MAY-2024,
OPTSTK,SRF,25-Jul-2024,2160.0,CE,0.0,0.0,0.0,527.45,472.2,0,0.0,0,0,06-MAY-2024,
OPTSTK,SRF,25-Jul-2024,2200.0,CE,0.0,0.0,0.0,491.45,436.55,0,0.0,0,0,06-MAY-2024,
OPTSTK,SRF,25-Jul-2024,2240.0,CE,0.0,0.0,0.0,456.3,401.85,0,0.0,0,0,06-MAY-2024,
OPTSTK,SRF,25-Jul-2024,2280.0,CE,0.0,0.0,0.0,422.05,368.25,0,0.0,0,0,06-MAY-2024,
OPTSTK,SRF,25-Jul-2024,2320.0,CE,0.0,0.0,0.0,388.9,335.95,0,0.0,0,0,06-MAY-2024,
OPTSTK,SRF,25-Jul-2024,2360.0,CE,0.0,0.0,0.0,356.95,305.0,0,0.0,0,0,06-MAY-2024,
OPTSTK,SRF,25-Jul-2024,2400.0,CE,0.0,0.0,0.0,326.3,275.6,0,0.0,0,0,06-MAY-2024,
OPTSTK,SRF,25-Jul-2024,2440.0,CE,0.0,0.0,0.0,297.1,247.65,0,0.0,0,0,06-MAY-2024,
OPTSTK,SRF,25-Jul-2024,2480.0,CE,0.0,0.0,0.0,269.25,221.5,0,0.0,0,0,06-MAY-2024,
OPTSTK,SRF,25-Jul-2024,2520.0,CE,0.0,0.0,0.0,243.05,197.1,0,0.0,0,0,06-MAY-2024,
OPTSTK,SRF,25-Jul-2024,2560.0,CE,0.0,0.0,0.0,218.45,174.45,0,0.0,0,0,06-MAY-2024,
OPTSTK,SRF,25-Jul-2024,2600.0,CE,0.0,0.0,0.0,195.5,153.65,0,0.0,0,0,06-MAY-2024,
OPTSTK,SRF,25-Jul-2024,2640.0,CE,0.0,0.0,0.0,174.25,134.6,0,0.0,0,0,06-MAY-2024,
OPTSTK,SRF,25-Jul-2024,2680.0,CE,0.0,0.0,0.0,154.6,117.35,0,0.0,0,0,06-MAY-2024,
OPTSTK,SRF,25-Jul-2024,2720.0,CE,0.0,0.0,0.0,136.6,101.75,0,0.0,0,0,06-MAY-2024,
OPTSTK,SRF,25-Jul-2024,2760.0,CE,0.0,0.0,0.0,120.15,87.8,0,0.0,0,0,06-MAY-2024,
OPTSTK,SRF,25-Jul-2024,2800.0,CE,0.0,0.0,0.0,105.25,75.35,0,0.0,0,0,06-MAY-2024,
OPTSTK,SRF,25-Jul-2024,2840.0,CE,0.0,0.0,0.0,91.8,64.35,0,0.0,0,0,06-MAY-2024,
OPTSTK,SRF,25-Jul-2024,2880.0,CE,0.0,0.0,0.0,79.75,54.85,0,0.0,0,0,06-MAY-2024,
OPTSTK,SRF,25-Jul-2024,2920.0,CE,0.0,0.0,0.0,69.0,46.35,0,0.0,0,0,06-MAY-2024,
OPTSTK,SRF,25-Jul-2024,2960.0,CE,0.0,0.0,0.0,59.65,39.0,0,0.0,0,0,06-MAY-2024,
OPTSTK,SRF,25-Jul-2024,3040.0,CE,0.0,0.0,0.0,43.75,27.3,0,0.0,0,0,06-MAY-2024,
OPTSTK,SRF,25-Jul-2024,2160.0,PE,0.0,0.0,0.0,9.55,10.4,0,0.0,0,0,06-MAY-2024,
OPTSTK,SRF,25-Jul-2024,2200.0,PE,0.0,0.0,0.0,12.8,14.1,0,0.0,0,0,06-MAY-2024,
OPTSTK,SRF,25-Jul-2024,2240.0,PE,0.0,0.0,0.0,16.9,18.8,0,0.0,0,0,06-MAY-2024,
OPTSTK,SRF,25-Jul-2024,2280.0,PE,0.0,0.0,0.0,22.0,24.55,0,0.0,0,0,06-MAY-2024,
OPTSTK,SRF,25-Jul-2024,2320.0,PE,0.0,0.0,0.0,28.1,31.6,0,0.0,0,0,06-MAY-2024,
OPTSTK,SRF,25-Jul-2024,2360.0,PE,0.0,0.0,0.0,35.45,40.0,0,0.0,0,0,06-MAY-2024,
OPTSTK,SRF,25-Jul-2024,2400.0,PE,0.0,0.0,0.0,44.05,50.0,0,0.0,0,0,06-MAY-2024,
OPTSTK,SRF,25-Jul-2024,2440.0,PE,0.0,0.0,0.0,54.15,61.4,0,0.0,0,0,06-MAY-2024,
OPTSTK,SRF,25-Jul-2024,2480.0,PE,0.0,0.0,0.0,65.55,74.65,0,0.0,0,0,06-MAY-2024,
OPTSTK,SRF,25-Jul-2024,2520.0,PE,0.0,0.0,0.0,78.6,89.6,0,0.0,0,0,06-MAY-2024,
OPTSTK,SRF,25-Jul-2024,2560.0,PE,0.0,0.0,0.0,93.3,106.35,0,0.0,0,0,06-MAY-2024,
OPTSTK,SRF,25-Jul-2024,2600.0,PE,0.0,0.0,0.0,109.65,124.9,0,0.0,0,0,06-MAY-2024,
OPTSTK,SRF,25-Jul-2024,2640.0,PE,0.0,0.0,0.0,127.65,145.25,0,0.0,0,0,06-MAY-2024,
OPTSTK,SRF,25-Jul-2024,2680.0,PE,0.0,0.0,0.0,147.3,167.3,0,0.0,0,0,06-MAY-2024,
OPTSTK,SRF,25-Jul-2024,2720.0,PE,0.0,0.0,0.0,168.55,191.1,0,0.0,0,0,06-MAY-2024,
OPTSTK,SRF,25-Jul-2024,2760.0,PE,0.0,0.0,0.0,191.4,216.5,0,0.0,0,0,06-MAY-2024,
OPTSTK,SRF,25-Jul-2024,2800.0,PE,0.0,0.0,0.0,215.8,243.45,0,0.0,0,0,06-MAY-2024,
OPTSTK,SRF,25-Jul-2024,2840.0,PE,0.0,0.0,0.0,241.65,271.8,0,0.0,0,0,06-MAY-2024,
OPTSTK,SRF,25-Jul-2024,2880.0,PE,0.0,0.0,0.0,268.85,301.65,0,0.0,0,0,06-MAY-2024,
OPTSTK,SRF,25-Jul-2024,2920.0,PE,0.0,0.0,0.0,297.4,332.55,0,0.0,0,0,06-MAY-2024,
OPTSTK,SRF,25-Jul-2024,2960.0,PE,0.0,0.0,0.0,327.25,364.6,0,0.0,0,0,06-MAY-2024,
OPTSTK,SRF,25-Jul-2024,3040.0,PE,0.0,0.0,0.0,389.95,431.6,0,0.0,0,0,06-MAY-2024,
OPTSTK,SUNPHARMA,30-May-2024,1260.0,CE,0.0,0.0,0.0,341.9,275.0,0,0.0,0,0,06-MAY-2024,
OPTSTK,SUNPHARMA,30-May-2024,1280.0,CE,0.0,0.0,0.0,322.75,255.1,0,0.0,0,0,06-MAY-2024,
OPTSTK,SUNPHARMA,30-May-2024,1300.0,CE,0.0,0.0,0.0,303.75,235.25,0,0.0,0,0,06-MAY-2024,
OPTSTK,SUNPHARMA,30-May-2024,1320.0,CE,0.0,0.0,0.0,285.0,215.45,0,0.0,0,0,06-MAY-2024,
OPTSTK,SUNPHARMA,30-May-2024,1340.0,CE,0.0,0.0,0.0,180.0,195.7,0,0.0,2800,0,06-MAY-2024,
OPTSTK,SUNPHARMA,30-May-2024,1360.0,CE,0.0,0.0,0.0,248.35,176.15,0,0.0,0,0,06-MAY-2024,
OPTSTK,SUNPHARMA,30-May-2024,1380.0,CE,0.0,0.0,0.0,230.55,156.9,0,0.0,0,0,06-MAY-2024,
OPTSTK,SUNPHARMA,30-May-2024,1390.0,CE,0.0,0.0,0.0,249.75,147.4,0,0.0,0,0,06-MAY-2024,
OPTSTK,SUNPHARMA,30-May-2024,1400.0,CE,137.0,144.2,136.0,142.65,142.65,19,102.4,23450,-2450,06-MAY-2024,
OPTSTK,SUNPHARMA,30-May-2024,1410.0,CE,0.0,0.0,0.0,231.0,128.85,0,0.0,0,0,06-MAY-2024,
OPTSTK,SUNPHARMA,30-May-2024,1420.0,CE,0.0,0.0,0.0,119.9,119.8,0,0.0,1400,0,06-MAY-2024,
OPTSTK,SUNPHARMA,30-May-2024,1430.0,CE,98.55,98.55,98.55,98.55,111.0,1,5.34,1750,350,06-MAY-2024,
OPTSTK,SUNPHARMA,30-May-2024,1440.0,CE,90.2,90.2,90.2,90.2,102.4,1,5.35,9800,-350,06-MAY-2024,
OPTSTK,SUNPHARMA,30-May-2024,1450.0,CE,89.0,98.85,81.25,98.85,98.85,16,86.1,11550,2450,06-MAY-2024,
OPTSTK,SUNPHARMA,30-May-2024,1460.0,CE,81.05,91.4,73.45,90.75,90.75,35,189.08,10150,-350,06-MAY-2024,
OPTSTK,SUNPHARMA,30-May-2024,1470.0,CE,74.55,83.15,66.05,82.75,82.75,17,91.94,8400,-1400,06-MAY-2024,
OPTSTK,SUNPHARMA,30-May-2024,1480.0,CE,62.1,74.9,58.9,74.9,74.9,12,64.99,14350,1400,06-MAY-2024,
OPTSTK,SUNPHARMA,30-May-2024,1490.0,CE,57.55,69.15,55.25,67.9,67.9,56,304.12,72450,-3150,06-MAY-2024,
OPTSTK,SUNPHARMA,30-May-2024,1500.0,CE,48.4,62.0,45.75,60.4,60.4,741,4032.66,173950,-26600,06-MAY-2024,
OPTSTK,SUNPHARMA,30-May-2024,1510.0,CE,41.5,55.2,39.7,53.7,53.7,367,1999.75,56700,0,06-MAY-2024,
OPTSTK,SUNPHARMA,30-May-2024,1520.0,CE,36.05,49.05,34.25,47.35,47.35,1208,6602.49,182700,-19950,06-MAY-2024,
OPTSTK,SUNPHARMA,30-May-2024,1530.0,CE,35.0,43.4,29.2,41.5,41.5,3416,18754.48,395850,226800,06-MAY-2024,
OPTSTK,SUNPHARMA,30-May-2024,1540.0,CE,26.9,37.8,24.95,35.55,35.55,2360,12984.21,257250,53550,06-MAY-2024,
OPTSTK,SUNPHARMA,30-May-2024,1550.0,CE,22.8,35.0,21.0,30.8,30.8,2918,16110.27,1383900,1750,06-MAY-2024,
OPTSTK,SUNPHARMA,30-May-2024,1560.0,CE,19.15,28.05,18.05,26.1,26.1,1053,5833.01,159600,-2450,06-MAY-2024,
OPTSTK,SUNPHARMA,30-May-2024,1570.0,CE,16.1,24.25,15.0,21.65,21.65,1472,8190.7,605150,281050,06-MAY-2024,
OPTSTK,SUNPHARMA,30-May-2024,1580.0,CE,13.45,20.2,13.0,18.55,18.55,1383,7726.19,271250,107450,06-MAY-2024,
OPTSTK,SUNPHARMA,30-May-2024,1590.0,CE,11.75,17.45,11.35,15.9,15.9,297,1667.48,56350,10850,06-MAY-2024,
OPTSTK,SUNPHARMA,30-May-2024,1600.0,CE,10.0,15.0,9.7,14.2,14.2,2247,12679.77,624050,5250,06-MAY-2024,
OPTSTK,SUNPHARMA,30-May-2024,1610.0,CE,7.95,12.6,7.95,11.75,11.75,274,1553.55,65100,26250,06-MAY-2024,
OPTSTK,SUNPHARMA,30-May-2024,1620.0,CE,7.5,10.7,7.0,9.75,9.75,365,2080.2,135100,25550,06-MAY-2024,
OPTSTK,SUNPHARMA,30-May-2024,1630.0,CE,6.2,8.35,5.65,8.25,8.25,77,441.18,31500,3150,06-MAY-2024,
OPTSTK,SUNPHARMA,30-May-2024,1640.0,CE,5.5,7.8,4.85,7.25,7.25,81,466.55,49700,-1750,06-MAY-2024,
OPTSTK,SUNPHARMA,30-May-2024,1650.0,CE,4.35,6.5,4.25,5.9,5.9,310,1795.96,93800,-9800,06-MAY-2024,
OPTSTK,SUNPHARMA,30-May-2024,1660.0,CE,3.35,5.5,3.35,5.1,5.1,191,1112.79,26600,-2100,06-MAY-2024,
OPTSTK,SUNPHARMA,30-May-2024,1670.0,CE,3.5,4.5,3.2,4.3,4.3,249,1458.94,40950,10150,06-MAY-2024,
OPTSTK,SUNPHARMA,30-May-2024,1680.0,CE,0.0,0.0,0.0,44.25,3.05,0,0.0,0,0,06-MAY-2024,
OPTSTK,SUNPHARMA,30-May-2024,1690.0,CE,1.55,1.55,1.55,1.55,2.45,1,5.92,0,-350,06-MAY-2024,
OPTSTK,SUNPHARMA,30-May-2024,1700.0,CE,2.3,3.2,2.05,2.85,2.85,386,2300.18,188300,14000,06-MAY-2024,
OPTSTK,SUNPHARMA,30-May-2024,1720.0,CE,2.5,2.5,1.9,1.9,1.2,10,60.27,3500,700,06-MAY-2024,
OPTSTK,SUNPHARMA,30-May-2024,1730.0,CE,1.95,1.95,1.55,1.65,0.95,4,24.24,16100,350,06-MAY-2024,
OPTSTK,SUNPHARMA,30-May-2024,1740.0,CE,0.0,0.0,0.0,1.8,0.75,0,0.0,3850,0,06-MAY-2024,
OPTSTK,SUNPHARMA,30-May-2024,1760.0,CE,0.0,0.0,0.0,23.7,0.45,0,0.0,0,0,06-MAY-2024,
OPTSTK,SUNPHARMA,30-May-2024,1780.0,CE,0.0,0.0,0.0,1.8,0.25,0,0.0,1750,0,06-MAY-2024,
OPTSTK,SUNPHARMA,30-May-2024,1800.0,CE,1.05,1.15,0.75,1.15,1.15,12,75.64,35000,350,06-MAY-2024,
OPTSTK,SUNPHARMA,30-May-2024,1260.0,PE,0.0,0.0,0.0,1.1,0.05,0,0.0,0,0,06-MAY-2024,
OPTSTK,SUNPHARMA,30-May-2024,1280.0,PE,0.0,0.0,0.0,1.55,0.05,0,0.0,0,0,06-MAY-2024,
OPTSTK,SUNPHARMA,30-May-2024,1300.0,PE,1.2,1.2,0.7,0.8,0.8,102,464.4,45500,350,06-MAY-2024,
OPTSTK,SUNPHARMA,30-May-2024,1320.0,PE,0.0,0.0,0.0,3.1,0.2,0,0.0,0,0,06-MAY-2024,
OPTSTK,SUNPHARMA,30-May-2024,1340.0,PE,0.0,0.0,0.0,4.2,0.4,0,0.0,0,0,06-MAY-2024,
OPTSTK,SUNPHARMA,30-May-2024,1360.0,PE,0.0,0.0,0.0,5.7,0.75,0,0.0,0,0,06-MAY-2024,
OPTSTK,SUNPHARMA,30-May-2024,1380.0,PE,2.0,2.85,1.55,2.25,2.25,132,638.55,93450,-10150,06-MAY-2024,
OPTSTK,SUNPHARMA,30-May-2024,1390.0,PE,2.8,2.8,2.05,2.65,2.65,36,175.45,41300,7700,06-MAY-2024,
OPTSTK,SUNPHARMA,30-May-2024,1400.0,PE,4.6,4.85,2.5,3.35,3.35,539,2647.38,208600,-7000,06-MAY-2024,
OPTSTK,SUNPHARMA,30-May-2024,1410.0,PE,4.6,4.7,3.1,4.1,4.1,99,489.94,29050,-1750,06-MAY-2024,
OPTSTK,SUNPHARMA,30-May-2024,1420.0,PE,5.8,5.8,3.9,5.05,5.05,133,663.25,108850,2450,06-MAY-2024,
OPTSTK,SUNPHARMA,30-May-2024,1430.0,PE,7.3,7.5,4.95,5.9,5.9,74,371.93,30800,-4900,06-MAY-2024,
OPTSTK,SUNPHARMA,30-May-2024,1440.0,PE,9.4,9.4,6.05,7.75,7.75,76,384.98,35350,-3500,06-MAY-2024,
OPTSTK,SUNPHARMA,30-May-2024,1450.0,PE,11.15,11.6,7.4,9.4,9.4,329,1680.13,426650,-10850,06-MAY-2024,
OPTSTK,SUNPHARMA,30-May-2024,1460.0,PE,13.55,13.65,9.0,11.15,11.15,297,1529.0,93450,-4900,06-MAY-2024,
OPTSTK,SUNPHARMA,30-May-2024,1470.0,PE,14.45,15.55,10.75,13.0,13.0,87,451.57,40250,-5250,06-MAY-2024,
OPTSTK,SUNPHARMA,30-May-2024,1480.0,PE,15.5,18.3,12.5,15.1,15.1,275,1439.07,118650,18200,06-MAY-2024,
OPTSTK,SUNPHARMA,30-May-2024,1490.0,PE,19.25,21.1,14.95,17.7,17.7,132,696.49,61250,11900,06-MAY-2024,
OPTSTK,SUNPHARMA,30-May-2024,1500.0,PE,25.3,25.3,17.25,20.6,20.6,1552,8260.13,386050,50050,06-MAY-2024,
OPTSTK,SUNPHARMA,30-May-2024,1510.0,PE,29.25,29.25,20.3,23.2,23.2,367,1970.72,67900,14000,06-MAY-2024,
OPTSTK,SUNPHARMA,30-May-2024,1520.0,PE,34.6,35.75,23.6,27.0,27.0,1058,5731.21,101850,25550,06-MAY-2024,
OPTSTK,SUNPHARMA,30-May-2024,1530.0,PE,37.65,38.8,27.5,30.75,30.75,716,3913.89,76300,6650,06-MAY-2024,
OPTSTK,SUNPHARMA,30-May-2024,1540.0,PE,42.7,43.85,31.9,34.95,34.95,468,2581.02,80500,17850,06-MAY-2024,
OPTSTK,SUNPHARMA,30-May-2024,1550.0,PE,46.0,49.6,36.5,39.95,39.95,308,1714.67,143150,15050,06-MAY-2024,
OPTSTK,SUNPHARMA,30-May-2024,1560.0,PE,48.0,55.75,42.5,45.85,45.85,121,680.89,19950,10150,06-MAY-2024,
OPTSTK,SUNPHARMA,30-May-2024,1570.0,PE,63.45,63.45,49.4,51.85,51.85,60,340.99,7350,3500,06-MAY-2024,
OPTSTK,SUNPHARMA,30-May-2024,1580.0,PE,67.35,67.35,64.85,64.85,63.25,3,17.28,8750,350,06-MAY-2024,
OPTSTK,SUNPHARMA,30-May-2024,1590.0,PE,72.75,79.95,72.75,75.75,70.3,4,23.32,11550,1050,06-MAY-2024,
OPTSTK,SUNPHARMA,30-May-2024,1600.0,PE,77.0,88.1,71.0,72.4,72.4,123,722.53,73500,-2800,06-MAY-2024,
OPTSTK,SUNPHARMA,30-May-2024,1610.0,PE,85.0,95.85,85.0,92.25,85.4,9,53.58,10150,700,06-MAY-2024,
OPTSTK,SUNPHARMA,30-May-2024,1620.0,PE,93.6,94.7,89.45,89.45,93.4,7,41.98,6300,1050,06-MAY-2024,
OPTSTK,SUNPHARMA,30-May-2024,1630.0,PE,0.0,0.0,0.0,107.85,101.7,0,0.0,3500,0,06-MAY-2024,
OPTSTK,SUNPHARMA,30-May-2024,1640.0,PE,0.0,0.0,0.0,90.95,110.2,0,0.0,0,0,06-MAY-2024,
OPTSTK,SUNPHARMA,30-May-2024,1660.0,PE,0.0,0.0,0.0,137.05,127.85,0,0.0,0,0,06-MAY-2024,
OPTSTK,SUNPHARMA,30-May-2024,1680.0,PE,0.0,0.0,0.0,115.75,146.15,0,0.0,0,0,06-MAY-2024,
OPTSTK,SUNPHARMA,30-May-2024,1700.0,PE,0.0,0.0,0.0,188.0,164.95,0,0.0,700,0,06-MAY-2024,
OPTSTK,SUNPHARMA,30-May-2024,1720.0,PE,0.0,0.0,0.0,143.5,184.15,0,0.0,0,0,06-MAY-2024,
OPTSTK,SUNPHARMA,30-May-2024,1740.0,PE,0.0,0.0,0.0,158.45,203.55,0,0.0,0,0,06-MAY-2024,
OPTSTK,SUNPHARMA,30-May-2024,1760.0,PE,0.0,0.0,0.0,173.8,223.2,0,0.0,0,0,06-MAY-2024,
OPTSTK,SUNPHARMA,30-May-2024,1800.0,PE,0.0,0.0,0.0,285.0,262.7,0,0.0,700,0,06-MAY-2024,
OPTSTK,SUNPHARMA,30-May-2024,1820.0,PE,0.0,0.0,0.0,304.0,282.55,0,0.0,1400,0,06-MAY-2024,
OPTSTK,SUNPHARMA,27-Jun-2024,1260.0,CE,0.0,0.0,0.0,383.55,282.65,0,0.0,0,0,06-MAY-2024,
OPTSTK,SUNPHARMA,27-Jun-2024,1280.0,CE,0.0,0.0,0.0,364.2,263.15,0,0.0,0,0,06-MAY-2024,
OPTSTK,SUNPHARMA,27-Jun-2024,1300.0,CE,0.0,0.0,0.0,344.9,243.85,0,0.0,0,0,06-MAY-2024,
OPTSTK,SUNPHARMA,27-Jun-2024,1320.0,CE,0.0,0.0,0.0,325.75,224.75,0,0.0,0,0,06-MAY-2024,
OPTSTK,SUNPHARMA,27-Jun-2024,1340.0,CE,0.0,0.0,0.0,306.75,206.0,0,0.0,0,0,06-MAY-2024,
OPTSTK,SUNPHARMA,27-Jun-2024,1360.0,CE,0.0,0.0,0.0,287.95,187.6,0,0.0,0,0,06-MAY-2024,
OPTSTK,SUNPHARMA,27-Jun-2024,1380.0,CE,0.0,0.0,0.0,269.45,169.7,0,0.0,0,0,06-MAY-2024,
OPTSTK,SUNPHARMA,27-Jun-2024,1390.0,CE,0.0,0.0,0.0,158.55,161.0,0,0.0,0,0,06-MAY-2024,
OPTSTK,SUNPHARMA,27-Jun-2024,1400.0,CE,0.0,0.0,0.0,251.25,152.45,0,0.0,0,0,06-MAY-2024,
OPTSTK,SUNPHARMA,27-Jun-2024,1410.0,CE,0.0,0.0,0.0,142.3,144.1,0,0.0,0,0,06-MAY-2024,
OPTSTK,SUNPHARMA,27-Jun-2024,1420.0,CE,0.0,0.0,0.0,233.45,135.9,0,0.0,0,0,06-MAY-2024,
OPTSTK,SUNPHARMA,27-Jun-2024,1430.0,CE,0.0,0.0,0.0,126.9,127.95,0,0.0,0,0,06-MAY-2024,
OPTSTK,SUNPHARMA,27-Jun-2024,1440.0,CE,0.0,0.0,0.0,216.1,120.2,0,0.0,0,0,06-MAY-2024,
OPTSTK,SUNPHARMA,27-Jun-2024,1450.0,CE,0.0,0.0,0.0,112.35,112.65,0,0.0,0,0,06-MAY-2024,
OPTSTK,SUNPHARMA,27-Jun-2024,1460.0,CE,0.0,0.0,0.0,199.2,105.4,0,0.0,0,0,06-MAY-2024,
OPTSTK,SUNPHARMA,27-Jun-2024,1470.0,CE,0.0,0.0,0.0,98.75,98.35,0,0.0,0,0,06-MAY-2024,
OPTSTK,SUNPHARMA,27-Jun-2024,1480.0,CE,0.0,0.0,0.0,182.9,91.6,0,0.0,0,0,06-MAY-2024,
OPTSTK,SUNPHARMA,27-Jun-2024,1490.0,CE,0.0,0.0,0.0,86.15,85.1,0,0.0,0,0,06-MAY-2024,
OPTSTK,SUNPHARMA,27-Jun-2024,1500.0,CE,69.65,75.5,69.65,75.5,78.9,2,11.0,1400,350,06-MAY-2024,
OPTSTK,SUNPHARMA,27-Jun-2024,1510.0,CE,0.0,0.0,0.0,61.0,72.95,0,0.0,350,0,06-MAY-2024,
OPTSTK,SUNPHARMA,27-Jun-2024,1520.0,CE,0.0,0.0,0.0,152.15,67.35,0,0.0,0,0,06-MAY-2024,
OPTSTK,SUNPHARMA,27-Jun-2024,1530.0,CE,0.0,0.0,0.0,64.1,62.0,0,0.0,0,0,06-MAY-2024,
OPTSTK,SUNPHARMA,27-Jun-2024,1540.0,CE,0.0,0.0,0.0,52.05,56.9,0,0.0,350,0,06-MAY-2024,
OPTSTK,SUNPHARMA,27-Jun-2024,1550.0,CE,58.5,65.65,57.0,59.0,52.15,12,67.58,3500,3500,06-MAY-2024,
OPTSTK,SUNPHARMA,27-Jun-2024,1560.0,CE,0.0,0.0,0.0,124.3,47.65,0,0.0,0,0,06-MAY-2024,
OPTSTK,SUNPHARMA,27-Jun-2024,1570.0,CE,0.0,0.0,0.0,46.2,43.45,0,0.0,0,0,06-MAY-2024,
OPTSTK,SUNPHARMA,27-Jun-2024,1580.0,CE,0.0,0.0,0.0,111.6,39.5,0,0.0,0,0,06-MAY-2024,
OPTSTK,SUNPHARMA,27-Jun-2024,1590.0,CE,0.0,0.0,0.0,38.75,35.85,0,0.0,0,0,06-MAY-2024,
OPTSTK,SUNPHARMA,27-Jun-2024,1600.0,CE,30.0,45.85,30.0,45.85,45.85,124,712.96,43750,43400,06-MAY-2024,
OPTSTK,SUNPHARMA,27-Jun-2024,1610.0,CE,0.0,0.0,0.0,32.25,29.25,0,0.0,0,0,06-MAY-2024,
OPTSTK,SUNPHARMA,27-Jun-2024,1620.0,CE,0.0,0.0,0.0,88.65,26.35,0,0.0,0,0,06-MAY-2024,
OPTSTK,SUNPHARMA,27-Jun-2024,1630.0,CE,0.0,0.0,0.0,26.6,23.65,0,0.0,0,0,06-MAY-2024,
OPTSTK,SUNPHARMA,27-Jun-2024,1640.0,CE,0.0,0.0,0.0,78.4,21.3,0,0.0,0,0,06-MAY-2024,
OPTSTK,SUNPHARMA,27-Jun-2024,1660.0,CE,0.0,0.0,0.0,69.05,16.95,0,0.0,0,0,06-MAY-2024,
OPTSTK,SUNPHARMA,27-Jun-2024,1680.0,CE,0.0,0.0,0.0,60.45,13.35,0,0.0,0,0,06-MAY-2024,
OPTSTK,SUNPHARMA,27-Jun-2024,1700.0,CE,16.0,16.0,16.0,16.0,10.45,51,306.3,17850,17850,06-MAY-2024,
OPTSTK,SUNPHARMA,27-Jun-2024,1720.0,CE,0.0,0.0,0.0,45.75,8.1,0,0.0,0,0,06-MAY-2024,
OPTSTK,SUNPHARMA,27-Jun-2024,1740.0,CE,0.0,0.0,0.0,39.5,6.2,0,0.0,0,0,06-MAY-2024,
OPTSTK,SUNPHARMA,27-Jun-2024,1760.0,CE,0.0,0.0,0.0,33.9,4.7,0,0.0,0,0,06-MAY-2024,
OPTSTK,SUNPHARMA,27-Jun-2024,1260.0,PE,0.0,0.0,0.0,0.5,0.5,0,0.0,0,0,06-MAY-2024,
OPTSTK,SUNPHARMA,27-Jun-2024,1280.0,PE,0.0,0.0,0.0,0.75,0.8,0,0.0,0,0,06-MAY-2024,
OPTSTK,SUNPHARMA,27-Jun-2024,1300.0,PE,0.0,0.0,0.0,1.1,1.3,0,0.0,0,0,06-MAY-2024,
OPTSTK,SUNPHARMA,27-Jun-2024,1320.0,PE,0.0,0.0,0.0,1.6,2.0,0,0.0,0,0,06-MAY-2024,
OPTSTK,SUNPHARMA,27-Jun-2024,1340.0,PE,0.0,0.0,0.0,2.25,3.0,0,0.0,0,0,06-MAY-2024,
OPTSTK,SUNPHARMA,27-Jun-2024,1360.0,PE,0.0,0.0,0.0,3.1,4.45,0,0.0,0,0,06-MAY-2024,
OPTSTK,SUNPHARMA,27-Jun-2024,1380.0,PE,0.0,0.0,0.0,4.25,6.35,0,0.0,0,0,06-MAY-2024,
OPTSTK,SUNPHARMA,27-Jun-2024,1390.0,PE,0.0,0.0,0.0,10.95,7.55,0,0.0,0,0,06-MAY-2024,
OPTSTK,SUNPHARMA,27-Jun-2024,1400.0,PE,14.95,14.95,14.95,14.95,8.9,1,4.95,700,350,06-MAY-2024,
OPTSTK,SUNPHARMA,27-Jun-2024,1410.0,PE,0.0,0.0,0.0,14.5,10.4,0,0.0,0,0,06-MAY-2024,
OPTSTK,SUNPHARMA,27-Jun-2024,1420.0,PE,0.0,0.0,0.0,7.55,12.1,0,0.0,0,0,06-MAY-2024,
OPTSTK,SUNPHARMA,27-Jun-2024,1430.0,PE,0.0,0.0,0.0,18.8,14.05,0,0.0,0,0,06-MAY-2024,
OPTSTK,SUNPHARMA,27-Jun-2024,1440.0,PE,0.0,0.0,0.0,9.8,16.2,0,0.0,0,0,06-MAY-2024,
OPTSTK,SUNPHARMA,27-Jun-2024,1450.0,PE,23.0,23.5,23.0,23.5,18.55,4,20.62,4200,1400,06-MAY-2024,
OPTSTK,SUNPHARMA,27-Jun-2024,1460.0,PE,0.0,0.0,0.0,12.55,21.25,0,0.0,0,0,06-MAY-2024,
OPTSTK,SUNPHARMA,27-Jun-2024,1470.0,PE,0.0,0.0,0.0,30.15,24.05,0,0.0,0,0,06-MAY-2024,
OPTSTK,SUNPHARMA,27-Jun-2024,1480.0,PE,0.0,0.0,0.0,15.9,27.2,0,0.0,0,0,06-MAY-2024,
OPTSTK,SUNPHARMA,27-Jun-2024,1490.0,PE,0.0,0.0,0.0,37.3,30.6,0,0.0,0,0,06-MAY-2024,
OPTSTK,SUNPHARMA,27-Jun-2024,1500.0,PE,41.6,46.0,39.65,43.0,43.0,72,388.8,96250,22750,06-MAY-2024,
OPTSTK,SUNPHARMA,27-Jun-2024,1510.0,PE,0.0,0.0,0.0,45.5,38.25,0,0.0,0,0,06-MAY-2024,
OPTSTK,SUNPHARMA,27-Jun-2024,1520.0,PE,0.0,0.0,0.0,24.45,42.5,0,0.0,0,0,06-MAY-2024,
OPTSTK,SUNPHARMA,27-Jun-2024,1530.0,PE,0.0,0.0,0.0,54.75,47.05,0,0.0,0,0,06-MAY-2024,
OPTSTK,SUNPHARMA,27-Jun-2024,1540.0,PE,0.0,0.0,0.0,29.85,51.9,0,0.0,0,0,06-MAY-2024,
OPTSTK,SUNPHARMA,27-Jun-2024,1550.0,PE,0.0,0.0,0.0,65.05,57.0,0,0.0,0,0,06-MAY-2024,
OPTSTK,SUNPHARMA,27-Jun-2024,1560.0,PE,0.0,0.0,0.0,35.9,62.4,0,0.0,0,0,06-MAY-2024,
OPTSTK,SUNPHARMA,27-Jun-2024,1570.0,PE,0.0,0.0,0.0,76.35,68.1,0,0.0,0,0,06-MAY-2024,
OPTSTK,SUNPHARMA,27-Jun-2024,1580.0,PE,0.0,0.0,0.0,42.8,74.05,0,0.0,0,0,06-MAY-2024,
OPTSTK,SUNPHARMA,27-Jun-2024,1590.0,PE,0.0,0.0,0.0,88.65,80.3,0,0.0,0,0,06-MAY-2024,
OPTSTK,SUNPHARMA,27-Jun-2024,1600.0,PE,0.0,0.0,0.0,50.55,86.8,0,0.0,0,0,06-MAY-2024,
OPTSTK,SUNPHARMA,27-Jun-2024,1610.0,PE,0.0,0.0,0.0,101.9,93.55,0,0.0,0,0,06-MAY-2024,
OPTSTK,SUNPHARMA,27-Jun-2024,1620.0,PE,0.0,0.0,0.0,59.1,100.5,0,0.0,0,0,06-MAY-2024,
OPTSTK,SUNPHARMA,27-Jun-2024,1630.0,PE,0.0,0.0,0.0,116.05,107.75,0,0.0,0,0,06-MAY-2024,
OPTSTK,SUNPHARMA,27-Jun-2024,1640.0,PE,0.0,0.0,0.0,68.55,115.25,0,0.0,0,0,06-MAY-2024,
OPTSTK,SUNPHARMA,27-Jun-2024,1660.0,PE,0.0,0.0,0.0,78.8,130.7,0,0.0,0,0,06-MAY-2024,
OPTSTK,SUNPHARMA,27-Jun-2024,1680.0,PE,0.0,0.0,0.0,89.9,146.9,0,0.0,0,0,06-MAY-2024,
OPTSTK,SUNPHARMA,27-Jun-2024,1700.0,PE,0.0,0.0,0.0,101.8,163.8,0,0.0,0,0,06-MAY-2024,
OPTSTK,SUNPHARMA,27-Jun-2024,1720.0,PE,0.0,0.0,0.0,114.45,181.2,0,0.0,0,0,06-MAY-2024,
OPTSTK,SUNPHARMA,27-Jun-2024,1740.0,PE,0.0,0.0,0.0,127.85,199.15,0,0.0,0,0,06-MAY-2024,
OPTSTK,SUNPHARMA,27-Jun-2024,1760.0,PE,0.0,0.0,0.0,141.9,217.45,0,0.0,0,0,06-MAY-2024,
OPTSTK,SUNPHARMA,25-Jul-2024,1280.0,CE,0.0,0.0,0.0,266.95,271.9,0,0.0,0,0,06-MAY-2024,
OPTSTK,SUNPHARMA,25-Jul-2024,1320.0,CE,0.0,0.0,0.0,230.75,234.9,0,0.0,0,0,06-MAY-2024,
OPTSTK,SUNPHARMA,25-Jul-2024,1360.0,CE,0.0,0.0,0.0,196.3,199.55,0,0.0,0,0,06-MAY-2024,
OPTSTK,SUNPHARMA,25-Jul-2024,1380.0,CE,0.0,0.0,0.0,179.9,182.6,0,0.0,0,0,06-MAY-2024,
OPTSTK,SUNPHARMA,25-Jul-2024,1400.0,CE,0.0,0.0,0.0,164.1,166.3,0,0.0,0,0,06-MAY-2024,
OPTSTK,SUNPHARMA,25-Jul-2024,1420.0,CE,0.0,0.0,0.0,149.0,150.65,0,0.0,0,0,06-MAY-2024,
OPTSTK,SUNPHARMA,25-Jul-2024,1440.0,CE,0.0,0.0,0.0,134.7,135.85,0,0.0,0,0,06-MAY-2024,
OPTSTK,SUNPHARMA,25-Jul-2024,1460.0,CE,0.0,0.0,0.0,121.1,121.65,0,0.0,0,0,06-MAY-2024,
OPTSTK,SUNPHARMA,25-Jul-2024,1480.0,CE,0.0,0.0,0.0,108.35,108.45,0,0.0,0,0,06-MAY-2024,
OPTSTK,SUNPHARMA,25-Jul-2024,1500.0,CE,0.0,0.0,0.0,96.5,96.1,0,0.0,0,0,06-MAY-2024,
OPTSTK,SUNPHARMA,25-Jul-2024,1520.0,CE,0.0,0.0,0.0,85.5,84.7,0,0.0,0,0,06-MAY-2024,
OPTSTK,SUNPHARMA,25-Jul-2024,1540.0,CE,0.0,0.0,0.0,75.35,74.2,0,0.0,0,0,06-MAY-2024,
OPTSTK,SUNPHARMA,25-Jul-2024,1560.0,CE,0.0,0.0,0.0,66.05,64.6,0,0.0,0,0,06-MAY-2024,
OPTSTK,SUNPHARMA,25-Jul-2024,1580.0,CE,0.0,0.0,0.0,57.6,55.95,0,0.0,0,0,06-MAY-2024,
OPTSTK,SUNPHARMA,25-Jul-2024,1600.0,CE,0.0,0.0,0.0,50.0,48.15,0,0.0,0,0,06-MAY-2024,
OPTSTK,SUNPHARMA,25-Jul-2024,1620.0,CE,0.0,0.0,0.0,43.2,41.2,0,0.0,0,0,06-MAY-2024,
OPTSTK,SUNPHARMA,25-Jul-2024,1640.0,CE,0.0,0.0,0.0,37.1,35.05,0,0.0,0,0,06-MAY-2024,
OPTSTK,SUNPHARMA,25-Jul-2024,1680.0,CE,0.0,0.0,0.0,27.05,25.0,0,0.0,0,0,06-MAY-2024,
OPTSTK,SUNPHARMA,25-Jul-2024,1720.0,CE,0.0,0.0,0.0,19.25,17.35,0,0.0,0,0,06-MAY-2024,
OPTSTK,SUNPHARMA,25-Jul-2024,1760.0,CE,0.0,0.0,0.0,13.45,11.8,0,0.0,0,0,06-MAY-2024,
OPTSTK,SUNPHARMA,25-Jul-2024,1280.0,PE,0.0,0.0,0.0,3.7,2.5,0,0.0,0,0,06-MAY-2024,
OPTSTK,SUNPHARMA,25-Jul-2024,1320.0,PE,0.0,0.0,0.0,6.75,4.9,0,0.0,0,0,06-MAY-2024,
OPTSTK,SUNPHARMA,25-Jul-2024,1360.0,PE,0.0,0.0,0.0,11.6,8.9,0,0.0,0,0,06-MAY-2024,
OPTSTK,SUNPHARMA,25-Jul-2024,1380.0,PE,0.0,0.0,0.0,14.8,11.65,0,0.0,0,0,06-MAY-2024,
OPTSTK,SUNPHARMA,25-Jul-2024,1400.0,PE,0.0,0.0,0.0,18.7,15.0,0,0.0,0,0,06-MAY-2024,
OPTSTK,SUNPHARMA,25-Jul-2024,1420.0,PE,0.0,0.0,0.0,23.2,19.05,0,0.0,0,0,06-MAY-2024,
OPTSTK,SUNPHARMA,25-Jul-2024,1440.0,PE,0.0,0.0,0.0,28.55,23.9,0,0.0,0,0,06-MAY-2024,
OPTSTK,SUNPHARMA,25-Jul-2024,1460.0,PE,0.0,0.0,0.0,34.55,29.45,0,0.0,0,0,06-MAY-2024,
OPTSTK,SUNPHARMA,25-Jul-2024,1480.0,PE,0.0,0.0,0.0,41.5,35.9,0,0.0,0,0,06-MAY-2024,
OPTSTK,SUNPHARMA,25-Jul-2024,1500.0,PE,0.0,0.0,0.0,49.25,43.25,0,0.0,0,0,06-MAY-2024,
OPTSTK,SUNPHARMA,25-Jul-2024,1520.0,PE,0.0,0.0,0.0,57.9,51.5,0,0.0,0,0,06-MAY-2024,
OPTSTK,SUNPHARMA,25-Jul-2024,1540.0,PE,0.0,0.0,0.0,67.35,60.7,0,0.0,0,0,06-MAY-2024,
OPTSTK,SUNPHARMA,25-Jul-2024,1560.0,PE,0.0,0.0,0.0,77.75,70.8,0,0.0,0,0,06-MAY-2024,
OPTSTK,SUNPHARMA,25-Jul-2024,1580.0,PE,0.0,0.0,0.0,88.95,81.8,0,0.0,0,0,06-MAY-2024,
OPTSTK,SUNPHARMA,25-Jul-2024,1600.0,PE,0.0,0.0,0.0,100.95,93.7,0,0.0,0,0,06-MAY-2024,
OPTSTK,SUNPHARMA,25-Jul-2024,1620.0,PE,0.0,0.0,0.0,113.75,106.45,0,0.0,0,0,06-MAY-2024,
OPTSTK,SUNPHARMA,25-Jul-2024,1640.0,PE,0.0,0.0,0.0,127.3,119.95,0,0.0,0,0,06-MAY-2024,
OPTSTK,SUNPHARMA,25-Jul-2024,1680.0,PE,0.0,0.0,0.0,156.55,149.3,0,0.0,0,0,06-MAY-2024,
OPTSTK,SUNPHARMA,25-Jul-2024,1720.0,PE,0.0,0.0,0.0,188.05,181.0,0,0.0,0,0,06-MAY-2024,
OPTSTK,SUNPHARMA,25-Jul-2024,1760.0,PE,0.0,0.0,0.0,221.55,214.8,0,0.0,0,0,06-MAY-2024,
OPTSTK,SUNTV,30-May-2024,550.0,CE,0.0,0.0,0.0,116.0,106.15,0,0.0,1500,0,06-MAY-2024,
OPTSTK,SUNTV,30-May-2024,560.0,CE,0.0,0.0,0.0,89.0,96.5,0,0.0,0,0,06-MAY-2024,
OPTSTK,SUNTV,30-May-2024,580.0,CE,0.0,0.0,0.0,66.65,77.75,0,0.0,0,0,06-MAY-2024,
OPTSTK,SUNTV,30-May-2024,600.0,CE,0.0,0.0,0.0,59.0,60.3,0,0.0,30000,0,06-MAY-2024,
OPTSTK,SUNTV,30-May-2024,610.0,CE,0.0,0.0,0.0,62.0,52.2,0,0.0,12000,0,06-MAY-2024,
OPTSTK,SUNTV,30-May-2024,620.0,CE,0.0,0.0,0.0,52.05,44.7,0,0.0,58500,0,06-MAY-2024,
OPTSTK,SUNTV,30-May-2024,630.0,CE,37.0,37.0,37.0,37.0,37.75,3,30.01,58500,0,06-MAY-2024,
OPTSTK,SUNTV,30-May-2024,640.0,CE,31.05,31.05,30.95,30.95,31.45,2,20.13,138000,0,06-MAY-2024,
OPTSTK,SUNTV,30-May-2024,650.0,CE,33.4,33.4,24.75,28.0,25.9,35,355.88,256500,3000,06-MAY-2024,
OPTSTK,SUNTV,30-May-2024,660.0,CE,25.4,29.95,21.0,23.5,23.5,283,2902.35,480000,39000,06-MAY-2024,
OPTSTK,SUNTV,30-May-2024,670.0,CE,21.0,21.0,16.9,19.45,16.8,29,299.49,223500,-3000,06-MAY-2024,
OPTSTK,SUNTV,30-May-2024,680.0,CE,17.35,17.35,13.5,15.6,15.6,36,375.3,100500,10500,06-MAY-2024,
OPTSTK,SUNTV,30-May-2024,690.0,CE,13.0,13.0,11.6,12.3,10.3,4,42.12,30000,0,06-MAY-2024,
OPTSTK,SUNTV,30-May-2024,700.0,CE,12.0,12.0,8.5,9.8,9.8,206,2192.78,477000,-7500,06-MAY-2024,
OPTSTK,SUNTV,30-May-2024,710.0,CE,8.75,8.75,7.4,7.8,7.8,3,32.3,46500,-3000,06-MAY-2024,
OPTSTK,SUNTV,30-May-2024,720.0,CE,6.35,6.35,5.05,6.0,6.0,22,239.53,147000,6000,06-MAY-2024,
OPTSTK,SUNTV,30-May-2024,740.0,CE,4.3,4.3,2.95,3.4,2.35,31,345.68,72000,-7500,06-MAY-2024,
OPTSTK,SUNTV,30-May-2024,750.0,CE,3.55,3.55,2.5,2.8,1.7,23,259.68,141000,-1500,06-MAY-2024,
OPTSTK,SUNTV,30-May-2024,760.0,CE,2.65,2.65,1.8,2.2,2.2,93,1063.02,172500,70500,06-MAY-2024,
OPTSTK,SUNTV,30-May-2024,540.0,PE,0.0,0.0,0.0,0.75,0.25,0,0.0,4500,0,06-MAY-2024,
OPTSTK,SUNTV,30-May-2024,550.0,PE,0.8,1.15,0.8,1.0,0.45,17,140.49,381000,-1500,06-MAY-2024,
OPTSTK,SUNTV,30-May-2024,560.0,PE,1.5,1.5,1.5,1.5,0.75,4,33.69,33000,-6000,06-MAY-2024,
OPTSTK,SUNTV,30-May-2024,570.0,PE,2.15,2.45,1.8,1.95,1.25,5,42.9,33000,1500,06-MAY-2024,
OPTSTK,SUNTV,30-May-2024,580.0,PE,3.25,3.25,2.75,2.8,1.95,3,26.23,57000,0,06-MAY-2024,
OPTSTK,SUNTV,30-May-2024,590.0,PE,3.25,4.65,3.25,4.1,2.95,12,106.89,40500,-7500,06-MAY-2024,
OPTSTK,SUNTV,30-May-2024,600.0,PE,4.65,6.4,4.65,5.8,5.8,56,508.87,235500,-1500,06-MAY-2024,
OPTSTK,SUNTV,30-May-2024,610.0,PE,7.15,7.95,7.0,7.45,6.25,11,101.88,79500,3000,06-MAY-2024,
OPTSTK,SUNTV,30-May-2024,620.0,PE,9.65,11.4,9.0,10.1,8.7,15,141.75,109500,7500,06-MAY-2024,
OPTSTK,SUNTV,30-May-2024,630.0,PE,11.2,13.4,11.15,13.3,11.65,9,86.68,93000,0,06-MAY-2024,
OPTSTK,SUNTV,30-May-2024,640.0,PE,17.5,18.3,16.55,17.95,15.35,7,69.04,108000,3000,06-MAY-2024,
OPTSTK,SUNTV,30-May-2024,650.0,PE,20.2,23.55,19.8,21.05,21.05,29,292.25,73500,-9000,06-MAY-2024,
OPTSTK,SUNTV,30-May-2024,660.0,PE,27.3,27.6,24.7,24.7,24.8,4,41.17,72000,1500,06-MAY-2024,
OPTSTK,SUNTV,30-May-2024,670.0,PE,35.0,35.0,33.4,33.4,30.55,3,31.7,69000,1500,06-MAY-2024,
OPTSTK,SUNTV,30-May-2024,680.0,PE,0.0,0.0,0.0,38.75,36.95,0,0.0,31500,0,06-MAY-2024,
OPTSTK,SUNTV,30-May-2024,690.0,PE,0.0,0.0,0.0,40.4,43.95,0,0.0,4500,0,06-MAY-2024,
OPTSTK,SUNTV,30-May-2024,700.0,PE,51.1,53.75,51.1,53.75,51.5,2,22.57,15000,-1500,06-MAY-2024,
OPTSTK,SUNTV,30-May-2024,710.0,PE,0.0,0.0,0.0,106.7,59.55,0,0.0,0,0,06-MAY-2024,
OPTSTK,SUNTV,30-May-2024,720.0,PE,0.0,0.0,0.0,62.0,67.95,0,0.0,3000,0,06-MAY-2024,
OPTSTK,SUNTV,30-May-2024,740.0,PE,90.0,90.0,87.0,87.0,85.8,2,24.85,3000,3000,06-MAY-2024,
OPTSTK,SUNTV,27-Jun-2024,580.0,CE,0.0,0.0,0.0,55.75,85.65,0,0.0,0,0,06-MAY-2024,
OPTSTK,SUNTV,27-Jun-2024,600.0,CE,0.0,0.0,0.0,44.9,70.05,0,0.0,0,0,06-MAY-2024,
OPTSTK,SUNTV,27-Jun-2024,610.0,CE,0.0,0.0,0.0,53.45,62.85,0,0.0,0,0,06-MAY-2024,
OPTSTK,SUNTV,27-Jun-2024,620.0,CE,0.0,0.0,0.0,35.65,56.0,0,0.0,0,0,06-MAY-2024,
OPTSTK,SUNTV,27-Jun-2024,630.0,CE,0.0,0.0,0.0,42.1,49.65,0,0.0,0,0,06-MAY-2024,
OPTSTK,SUNTV,27-Jun-2024,640.0,CE,0.0,0.0,0.0,27.9,43.8,0,0.0,0,0,06-MAY-2024,
OPTSTK,SUNTV,27-Jun-2024,650.0,CE,0.0,0.0,0.0,32.5,38.4,0,0.0,0,0,06-MAY-2024,
OPTSTK,SUNTV,27-Jun-2024,660.0,CE,0.0,0.0,0.0,21.5,33.5,0,0.0,0,0,06-MAY-2024,
OPTSTK,SUNTV,27-Jun-2024,670.0,CE,0.0,0.0,0.0,24.6,29.0,0,0.0,0,0,06-MAY-2024,
OPTSTK,SUNTV,27-Jun-2024,680.0,CE,0.0,0.0,0.0,16.4,25.0,0,0.0,0,0,06-MAY-2024,
OPTSTK,SUNTV,27-Jun-2024,690.0,CE,0.0,0.0,0.0,18.3,21.45,0,0.0,0,0,06-MAY-2024,
OPTSTK,SUNTV,27-Jun-2024,700.0,CE,0.0,0.0,0.0,10.0,18.25,0,0.0,1500,0,06-MAY-2024,
OPTSTK,SUNTV,27-Jun-2024,710.0,CE,0.0,0.0,0.0,13.4,15.45,0,0.0,0,0,06-MAY-2024,
OPTSTK,SUNTV,27-Jun-2024,720.0,CE,0.0,0.0,0.0,9.15,13.05,0,0.0,0,0,06-MAY-2024,
OPTSTK,SUNTV,27-Jun-2024,740.0,CE,0.0,0.0,0.0,6.7,9.1,0,0.0,0,0,06-MAY-2024,
OPTSTK,SUNTV,27-Jun-2024,580.0,PE,9.0,11.5,9.0,11.5,11.5,18,159.46,25500,21000,06-MAY-2024,
OPTSTK,SUNTV,27-Jun-2024,600.0,PE,16.0,16.0,16.0,16.0,10.7,1,9.24,1500,1500,06-MAY-2024,
OPTSTK,SUNTV,27-Jun-2024,610.0,PE,21.0,21.9,21.0,21.9,13.4,2,18.94,3000,1500,06-MAY-2024,
OPTSTK,SUNTV,27-Jun-2024,620.0,PE,0.0,0.0,0.0,44.3,16.45,0,0.0,0,0,06-MAY-2024,
OPTSTK,SUNTV,27-Jun-2024,630.0,PE,0.0,0.0,0.0,29.25,20.05,0,0.0,0,0,06-MAY-2024,
OPTSTK,SUNTV,27-Jun-2024,640.0,PE,0.0,0.0,0.0,56.2,24.05,0,0.0,0,0,06-MAY-2024,
OPTSTK,SUNTV,27-Jun-2024,650.0,PE,0.0,0.0,0.0,39.4,28.55,0,0.0,0,0,06-MAY-2024,
OPTSTK,SUNTV,27-Jun-2024,660.0,PE,0.0,0.0,0.0,69.45,33.55,0,0.0,0,0,06-MAY-2024,
OPTSTK,SUNTV,27-Jun-2024,670.0,PE,0.0,0.0,0.0,51.25,38.95,0,0.0,0,0,06-MAY-2024,
OPTSTK,SUNTV,27-Jun-2024,680.0,PE,0.0,0.0,0.0,84.0,44.85,0,0.0,0,0,06-MAY-2024,
OPTSTK,SUNTV,27-Jun-2024,690.0,PE,0.0,0.0,0.0,64.7,51.15,0,0.0,0,0,06-MAY-2024,
OPTSTK,SUNTV,27-Jun-2024,700.0,PE,0.0,0.0,0.0,99.55,57.9,0,0.0,0,0,06-MAY-2024,
OPTSTK,SUNTV,27-Jun-2024,710.0,PE,0.0,0.0,0.0,79.5,65.0,0,0.0,0,0,06-MAY-2024,
OPTSTK,SUNTV,27-Jun-2024,720.0,PE,0.0,0.0,0.0,116.0,72.5,0,0.0,0,0,06-MAY-2024,
OPTSTK,SUNTV,27-Jun-2024,740.0,PE,0.0,0.0,0.0,133.2,88.35,0,0.0,0,0,06-MAY-2024,
OPTSTK,SUNTV,25-Jul-2024,560.0,CE,0.0,0.0,0.0,96.1,109.05,0,0.0,0,0,06-MAY-2024,
OPTSTK,SUNTV,25-Jul-2024,600.0,CE,0.0,0.0,0.0,68.15,78.5,0,0.0,0,0,06-MAY-2024,
OPTSTK,SUNTV,25-Jul-2024,620.0,CE,0.0,0.0,0.0,56.3,65.25,0,0.0,0,0,06-MAY-2024,
OPTSTK,SUNTV,25-Jul-2024,640.0,CE,0.0,0.0,0.0,45.95,53.5,0,0.0,0,0,06-MAY-2024,
OPTSTK,SUNTV,25-Jul-2024,660.0,CE,0.0,0.0,0.0,37.0,43.25,0,0.0,0,0,06-MAY-2024,
OPTSTK,SUNTV,25-Jul-2024,680.0,CE,0.0,0.0,0.0,29.45,34.5,0,0.0,0,0,06-MAY-2024,
OPTSTK,SUNTV,25-Jul-2024,700.0,CE,0.0,0.0,0.0,23.2,27.15,0,0.0,0,0,06-MAY-2024,
OPTSTK,SUNTV,25-Jul-2024,720.0,CE,0.0,0.0,0.0,18.05,21.1,0,0.0,0,0,06-MAY-2024,
OPTSTK,SUNTV,25-Jul-2024,760.0,CE,0.0,0.0,0.0,10.6,12.3,0,0.0,0,0,06-MAY-2024,
OPTSTK,SUNTV,25-Jul-2024,560.0,PE,0.0,0.0,0.0,11.0,7.05,0,0.0,0,0,06-MAY-2024,
OPTSTK,SUNTV,25-Jul-2024,600.0,PE,0.0,0.0,0.0,22.35,15.9,0,0.0,0,0,06-MAY-2024,
OPTSTK,SUNTV,25-Jul-2024,620.0,PE,0.0,0.0,0.0,30.15,22.3,0,0.0,0,0,06-MAY-2024,
OPTSTK,SUNTV,25-Jul-2024,640.0,PE,0.0,0.0,0.0,39.45,30.2,0,0.0,0,0,06-MAY-2024,
OPTSTK,SUNTV,25-Jul-2024,660.0,PE,0.0,0.0,0.0,50.15,39.65,0,0.0,0,0,06-MAY-2024,
OPTSTK,SUNTV,25-Jul-2024,680.0,PE,0.0,0.0,0.0,62.25,50.6,0,0.0,0,0,06-MAY-2024,
OPTSTK,SUNTV,25-Jul-2024,700.0,PE,0.0,0.0,0.0,75.6,62.9,0,0.0,0,0,06-MAY-2024,
OPTSTK,SUNTV,25-Jul-2024,720.0,PE,0.0,0.0,0.0,90.1,76.55,0,0.0,0,0,06-MAY-2024,
OPTSTK,SUNTV,25-Jul-2024,760.0,PE,0.0,0.0,0.0,121.9,107.1,0,0.0,0,0,06-MAY-2024,
OPTSTK,SYNGENE,30-May-2024,580.0,CE,0.0,0.0,0.0,140.4,96.55,0,0.0,0,0,06-MAY-2024,
OPTSTK,SYNGENE,30-May-2024,600.0,CE,0.0,0.0,0.0,123.1,77.45,0,0.0,0,0,06-MAY-2024,
OPTSTK,SYNGENE,30-May-2024,610.0,CE,0.0,0.0,0.0,104.25,68.3,0,0.0,0,0,06-MAY-2024,
OPTSTK,SYNGENE,30-May-2024,620.0,CE,0.0,0.0,0.0,106.7,59.5,0,0.0,0,0,06-MAY-2024,
OPTSTK,SYNGENE,30-May-2024,630.0,CE,0.0,0.0,0.0,87.45,51.1,0,0.0,0,0,06-MAY-2024,
OPTSTK,SYNGENE,30-May-2024,640.0,CE,46.55,46.55,46.55,46.55,43.3,1,6.86,1000,-1000,06-MAY-2024,
OPTSTK,SYNGENE,30-May-2024,650.0,CE,0.0,0.0,0.0,41.0,36.15,0,0.0,31000,0,06-MAY-2024,
OPTSTK,SYNGENE,30-May-2024,660.0,CE,0.0,0.0,0.0,45.8,29.65,0,0.0,3000,0,06-MAY-2024,
OPTSTK,SYNGENE,30-May-2024,670.0,CE,29.5,29.5,23.8,24.0,24.0,14,97.22,10000,-2000,06-MAY-2024,
OPTSTK,SYNGENE,30-May-2024,680.0,CE,24.8,26.0,18.6,19.35,19.35,163,1142.96,71000,43000,06-MAY-2024,
OPTSTK,SYNGENE,30-May-2024,690.0,CE,19.1,21.15,15.0,15.3,15.3,166,1174.81,130000,-8000,06-MAY-2024,
OPTSTK,SYNGENE,30-May-2024,700.0,CE,15.2,17.3,11.8,12.15,12.15,296,2113.18,473000,33000,06-MAY-2024,
OPTSTK,SYNGENE,30-May-2024,710.0,CE,13.15,13.15,9.2,9.3,9.3,65,468.08,126000,20000,06-MAY-2024,
OPTSTK,SYNGENE,30-May-2024,720.0,CE,9.1,10.6,7.05,7.2,7.2,157,1143.43,188000,-17000,06-MAY-2024,
OPTSTK,SYNGENE,30-May-2024,730.0,CE,7.9,7.9,5.5,5.55,5.55,59,434.36,104000,-8000,06-MAY-2024,
OPTSTK,SYNGENE,30-May-2024,740.0,CE,5.35,6.0,4.15,4.15,4.15,44,327.74,67000,-1000,06-MAY-2024,
OPTSTK,SYNGENE,30-May-2024,750.0,CE,4.1,4.9,3.1,3.2,3.2,198,1491.91,387000,43000,06-MAY-2024,
OPTSTK,SYNGENE,30-May-2024,760.0,CE,3.15,3.8,2.5,2.55,2.55,37,282.26,62000,5000,06-MAY-2024,
OPTSTK,SYNGENE,30-May-2024,770.0,CE,2.2,2.2,2.05,2.05,1.05,7,54.05,25000,-6000,06-MAY-2024,
OPTSTK,SYNGENE,30-May-2024,780.0,CE,1.65,1.8,1.55,1.6,0.7,25,195.42,53000,10000,06-MAY-2024,
OPTSTK,SYNGENE,30-May-2024,790.0,CE,1.2,1.3,1.15,1.2,0.45,15,118.68,86000,-2000,06-MAY-2024,
OPTSTK,SYNGENE,30-May-2024,800.0,CE,1.35,1.55,1.0,1.25,1.25,177,1418.05,752000,5000,06-MAY-2024,
OPTSTK,SYNGENE,30-May-2024,810.0,CE,0.95,2.0,0.95,1.0,1.0,5,40.55,32000,-3000,06-MAY-2024,
OPTSTK,SYNGENE,30-May-2024,820.0,CE,0.85,0.85,0.6,0.6,0.15,16,131.3,180000,-2000,06-MAY-2024,
OPTSTK,SYNGENE,30-May-2024,840.0,CE,0.35,0.45,0.35,0.45,0.45,10,84.04,184000,-1000,06-MAY-2024,
OPTSTK,SYNGENE,30-May-2024,580.0,PE,0.0,0.0,0.0,3.85,0.4,0,0.0,0,0,06-MAY-2024,
OPTSTK,SYNGENE,30-May-2024,600.0,PE,1.7,1.7,0.7,1.3,1.3,98,589.11,162000,-3000,06-MAY-2024,
OPTSTK,SYNGENE,30-May-2024,610.0,PE,0.0,0.0,0.0,4.25,2.05,0,0.0,0,0,06-MAY-2024,
OPTSTK,SYNGENE,30-May-2024,620.0,PE,2.2,2.8,2.1,2.7,2.7,35,217.81,122000,15000,06-MAY-2024,
OPTSTK,SYNGENE,30-May-2024,630.0,PE,2.9,3.9,2.7,3.85,3.85,42,266.08,106000,-4000,06-MAY-2024,
OPTSTK,SYNGENE,30-May-2024,640.0,PE,4.45,6.15,3.5,5.85,5.85,69,444.99,207000,27000,06-MAY-2024,
OPTSTK,SYNGENE,30-May-2024,650.0,PE,6.2,8.3,5.05,8.05,8.05,180,1182.5,634000,15000,06-MAY-2024,
OPTSTK,SYNGENE,30-May-2024,660.0,PE,9.25,11.35,8.0,11.05,11.05,52,348.6,301000,-2000,06-MAY-2024,
OPTSTK,SYNGENE,30-May-2024,670.0,PE,11.9,15.5,11.9,15.5,15.5,25,171.03,71000,4000,06-MAY-2024,
OPTSTK,SYNGENE,30-May-2024,680.0,PE,18.8,21.55,15.5,20.85,20.85,72,503.21,150000,3000,06-MAY-2024,
OPTSTK,SYNGENE,30-May-2024,690.0,PE,24.1,27.35,22.95,26.85,26.85,15,107.24,128000,0,06-MAY-2024,
OPTSTK,SYNGENE,30-May-2024,700.0,PE,27.05,34.1,27.05,33.55,33.55,32,234.08,243000,2000,06-MAY-2024,
OPTSTK,SYNGENE,30-May-2024,710.0,PE,37.9,40.6,37.9,40.6,40.6,3,22.49,46000,-1000,06-MAY-2024,
OPTSTK,SYNGENE,30-May-2024,720.0,PE,48.45,48.5,48.45,48.5,48.5,2,15.36,51000,-2000,06-MAY-2024,
OPTSTK,SYNGENE,30-May-2024,730.0,PE,0.0,0.0,0.0,49.55,57.75,0,0.0,31000,0,06-MAY-2024,
OPTSTK,SYNGENE,30-May-2024,740.0,PE,0.0,0.0,0.0,50.1,66.4,0,0.0,4000,0,06-MAY-2024,
OPTSTK,SYNGENE,30-May-2024,750.0,PE,0.0,0.0,0.0,69.5,75.35,0,0.0,57000,0,06-MAY-2024,
OPTSTK,SYNGENE,30-May-2024,760.0,PE,0.0,0.0,0.0,68.05,84.6,0,0.0,0,0,06-MAY-2024,
OPTSTK,SYNGENE,30-May-2024,770.0,PE,0.0,0.0,0.0,65.0,94.05,0,0.0,4000,0,06-MAY-2024,
OPTSTK,SYNGENE,30-May-2024,780.0,PE,98.0,102.0,98.0,102.0,103.65,2,17.6,1000,1000,06-MAY-2024,
OPTSTK,SYNGENE,30-May-2024,800.0,PE,120.0,122.0,120.0,122.0,123.15,2,18.42,2000,0,06-MAY-2024,
OPTSTK,SYNGENE,27-Jun-2024,580.0,CE,0.0,0.0,0.0,136.5,101.95,0,0.0,0,0,06-MAY-2024,
OPTSTK,SYNGENE,27-Jun-2024,600.0,CE,0.0,0.0,0.0,119.1,84.4,0,0.0,0,0,06-MAY-2024,
OPTSTK,SYNGENE,27-Jun-2024,610.0,CE,0.0,0.0,0.0,101.55,76.15,0,0.0,0,0,06-MAY-2024,
OPTSTK,SYNGENE,27-Jun-2024,620.0,CE,0.0,0.0,0.0,102.7,68.2,0,0.0,0,0,06-MAY-2024,
OPTSTK,SYNGENE,27-Jun-2024,630.0,CE,0.0,0.0,0.0,84.95,60.75,0,0.0,0,0,06-MAY-2024,
OPTSTK,SYNGENE,27-Jun-2024,640.0,CE,0.0,0.0,0.0,87.4,53.7,0,0.0,0,0,06-MAY-2024,
OPTSTK,SYNGENE,27-Jun-2024,650.0,CE,0.0,0.0,0.0,69.8,47.15,0,0.0,0,0,06-MAY-2024,
OPTSTK,SYNGENE,27-Jun-2024,660.0,CE,0.0,0.0,0.0,73.4,41.1,0,0.0,0,0,06-MAY-2024,
OPTSTK,SYNGENE,27-Jun-2024,670.0,CE,0.0,0.0,0.0,56.15,35.55,0,0.0,0,0,06-MAY-2024,
OPTSTK,SYNGENE,27-Jun-2024,680.0,CE,0.0,0.0,0.0,60.8,30.55,0,0.0,0,0,06-MAY-2024,
OPTSTK,SYNGENE,27-Jun-2024,690.0,CE,0.0,0.0,0.0,44.25,26.05,0,0.0,0,0,06-MAY-2024,
OPTSTK,SYNGENE,27-Jun-2024,700.0,CE,0.0,0.0,0.0,30.5,22.05,0,0.0,3000,0,06-MAY-2024,
OPTSTK,SYNGENE,27-Jun-2024,710.0,CE,0.0,0.0,0.0,34.2,18.55,0,0.0,0,0,06-MAY-2024,
OPTSTK,SYNGENE,27-Jun-2024,720.0,CE,0.0,0.0,0.0,25.6,15.45,0,0.0,1000,0,06-MAY-2024,
OPTSTK,SYNGENE,27-Jun-2024,730.0,CE,0.0,0.0,0.0,25.85,12.85,0,0.0,0,0,06-MAY-2024,
OPTSTK,SYNGENE,27-Jun-2024,740.0,CE,0.0,0.0,0.0,20.45,10.55,0,0.0,1000,0,06-MAY-2024,
OPTSTK,SYNGENE,27-Jun-2024,750.0,CE,0.0,0.0,0.0,13.0,8.6,0,0.0,1000,0,06-MAY-2024,
OPTSTK,SYNGENE,27-Jun-2024,760.0,CE,0.0,0.0,0.0,25.05,7.0,0,0.0,0,0,06-MAY-2024,
OPTSTK,SYNGENE,27-Jun-2024,770.0,CE,0.0,0.0,0.0,13.9,5.65,0,0.0,0,0,06-MAY-2024,
OPTSTK,SYNGENE,27-Jun-2024,780.0,CE,0.0,0.0,0.0,19.4,4.5,0,0.0,0,0,06-MAY-2024,
OPTSTK,SYNGENE,27-Jun-2024,800.0,CE,0.0,0.0,0.0,14.9,2.85,0,0.0,0,0,06-MAY-2024,
OPTSTK,SYNGENE,27-Jun-2024,580.0,PE,0.0,0.0,0.0,3.6,2.5,0,0.0,0,0,06-MAY-2024,
OPTSTK,SYNGENE,27-Jun-2024,600.0,PE,0.0,0.0,0.0,5.85,4.8,0,0.0,0,0,06-MAY-2024,
OPTSTK,SYNGENE,27-Jun-2024,610.0,PE,0.0,0.0,0.0,4.8,6.4,0,0.0,0,0,06-MAY-2024,
OPTSTK,SYNGENE,27-Jun-2024,620.0,PE,0.0,0.0,0.0,9.05,8.4,0,0.0,0,0,06-MAY-2024,
OPTSTK,SYNGENE,27-Jun-2024,630.0,PE,0.0,0.0,0.0,7.95,10.8,0,0.0,0,0,06-MAY-2024,
OPTSTK,SYNGENE,27-Jun-2024,640.0,PE,0.0,0.0,0.0,13.4,13.65,0,0.0,0,0,06-MAY-2024,
OPTSTK,SYNGENE,27-Jun-2024,650.0,PE,0.0,0.0,0.0,12.55,17.0,0,0.0,0,0,06-MAY-2024,
OPTSTK,SYNGENE,27-Jun-2024,660.0,PE,0.0,0.0,0.0,19.05,20.85,0,0.0,0,0,06-MAY-2024,
OPTSTK,SYNGENE,27-Jun-2024,670.0,PE,26.0,26.0,26.0,26.0,25.2,1,6.96,1000,1000,06-MAY-2024,
OPTSTK,SYNGENE,27-Jun-2024,680.0,PE,0.0,0.0,0.0,30.0,30.1,0,0.0,1000,0,06-MAY-2024,
OPTSTK,SYNGENE,27-Jun-2024,690.0,PE,0.0,0.0,0.0,26.5,35.5,0,0.0,0,0,06-MAY-2024,
OPTSTK,SYNGENE,27-Jun-2024,700.0,PE,0.0,0.0,0.0,40.0,41.4,0,0.0,6000,0,06-MAY-2024,
OPTSTK,SYNGENE,27-Jun-2024,710.0,PE,0.0,0.0,0.0,36.15,47.75,0,0.0,0,0,06-MAY-2024,
OPTSTK,SYNGENE,27-Jun-2024,720.0,PE,0.0,0.0,0.0,44.65,54.6,0,0.0,0,0,06-MAY-2024,
OPTSTK,SYNGENE,27-Jun-2024,730.0,PE,0.0,0.0,0.0,47.6,61.85,0,0.0,0,0,06-MAY-2024,
OPTSTK,SYNGENE,27-Jun-2024,740.0,PE,0.0,0.0,0.0,56.1,69.5,0,0.0,0,0,06-MAY-2024,
OPTSTK,SYNGENE,27-Jun-2024,750.0,PE,0.0,0.0,0.0,60.6,77.45,0,0.0,0,0,06-MAY-2024,
OPTSTK,SYNGENE,27-Jun-2024,760.0,PE,0.0,0.0,0.0,68.9,85.7,0,0.0,0,0,06-MAY-2024,
OPTSTK,SYNGENE,27-Jun-2024,770.0,PE,0.0,0.0,0.0,75.15,94.25,0,0.0,0,0,06-MAY-2024,
OPTSTK,SYNGENE,27-Jun-2024,780.0,PE,0.0,0.0,0.0,82.9,103.0,0,0.0,0,0,06-MAY-2024,
OPTSTK,SYNGENE,27-Jun-2024,800.0,PE,0.0,0.0,0.0,98.05,121.15,0,0.0,0,0,06-MAY-2024,
OPTSTK,SYNGENE,25-Jul-2024,560.0,CE,0.0,0.0,0.0,151.5,125.25,0,0.0,0,0,06-MAY-2024,
OPTSTK,SYNGENE,25-Jul-2024,600.0,CE,0.0,0.0,0.0,116.25,91.2,0,0.0,0,0,06-MAY-2024,
OPTSTK,SYNGENE,25-Jul-2024,620.0,CE,0.0,0.0,0.0,100.0,76.0,0,0.0,0,0,06-MAY-2024,
OPTSTK,SYNGENE,25-Jul-2024,640.0,CE,0.0,0.0,0.0,84.95,62.25,0,0.0,0,0,06-MAY-2024,
OPTSTK,SYNGENE,25-Jul-2024,660.0,CE,0.0,0.0,0.0,71.15,50.1,0,0.0,0,0,06-MAY-2024,
OPTSTK,SYNGENE,25-Jul-2024,680.0,CE,0.0,0.0,0.0,58.8,39.65,0,0.0,0,0,06-MAY-2024,
OPTSTK,SYNGENE,25-Jul-2024,700.0,CE,0.0,0.0,0.0,47.95,30.8,0,0.0,0,0,06-MAY-2024,
OPTSTK,SYNGENE,25-Jul-2024,720.0,CE,0.0,0.0,0.0,38.6,23.5,0,0.0,0,0,06-MAY-2024,
OPTSTK,SYNGENE,25-Jul-2024,740.0,CE,0.0,0.0,0.0,30.65,17.65,0,0.0,0,0,06-MAY-2024,
OPTSTK,SYNGENE,25-Jul-2024,760.0,CE,0.0,0.0,0.0,24.0,13.05,0,0.0,0,0,06-MAY-2024,
OPTSTK,SYNGENE,25-Jul-2024,800.0,CE,0.0,0.0,0.0,14.2,6.8,0,0.0,0,0,06-MAY-2024,
OPTSTK,SYNGENE,25-Jul-2024,560.0,PE,0.0,0.0,0.0,2.3,2.95,0,0.0,0,0,06-MAY-2024,
OPTSTK,SYNGENE,25-Jul-2024,600.0,PE,0.0,0.0,0.0,6.3,8.3,0,0.0,0,0,06-MAY-2024,
OPTSTK,SYNGENE,25-Jul-2024,620.0,PE,0.0,0.0,0.0,9.7,12.75,0,0.0,0,0,06-MAY-2024,
OPTSTK,SYNGENE,25-Jul-2024,640.0,PE,0.0,0.0,0.0,14.25,18.65,0,0.0,0,0,06-MAY-2024,
OPTSTK,SYNGENE,25-Jul-2024,660.0,PE,0.0,0.0,0.0,20.1,26.2,0,0.0,0,0,06-MAY-2024,
OPTSTK,SYNGENE,25-Jul-2024,680.0,PE,0.0,0.0,0.0,27.45,35.45,0,0.0,0,0,06-MAY-2024,
OPTSTK,SYNGENE,25-Jul-2024,700.0,PE,0.0,0.0,0.0,36.25,46.3,0,0.0,0,0,06-MAY-2024,
OPTSTK,SYNGENE,25-Jul-2024,720.0,PE,0.0,0.0,0.0,46.5,58.7,0,0.0,0,0,06-MAY-2024,
OPTSTK,SYNGENE,25-Jul-2024,740.0,PE,0.0,0.0,0.0,58.2,72.5,0,0.0,0,0,06-MAY-2024,
OPTSTK,SYNGENE,25-Jul-2024,760.0,PE,0.0,0.0,0.0,71.2,87.6,0,0.0,0,0,06-MAY-2024,
OPTSTK,SYNGENE,25-Jul-2024,800.0,PE,0.0,0.0,0.0,100.65,120.7,0,0.0,0,0,06-MAY-2024,
OPTSTK,TATACHEM,30-May-2024,920.0,CE,0.0,0.0,0.0,78.65,169.55,0,0.0,0,0,06-MAY-2024,
OPTSTK,TATACHEM,30-May-2024,940.0,CE,0.0,0.0,0.0,134.25,151.3,0,0.0,550,0,06-MAY-2024,
OPTSTK,TATACHEM,30-May-2024,960.0,CE,144.4,145.35,140.95,144.35,133.7,12,72.83,4950,0,06-MAY-2024,
OPTSTK,TATACHEM,30-May-2024,970.0,CE,0.0,0.0,0.0,148.8,125.2,0,0.0,0,0,06-MAY-2024,
OPTSTK,TATACHEM,30-May-2024,980.0,CE,0.0,0.0,0.0,89.85,116.95,0,0.0,6050,0,06-MAY-2024,
OPTSTK,TATACHEM,30-May-2024,990.0,CE,0.0,0.0,0.0,134.8,108.95,0,0.0,0,0,06-MAY-2024,
OPTSTK,TATACHEM,30-May-2024,1000.0,CE,91.0,94.5,91.0,94.0,94.0,6,36.05,47300,550,06-MAY-2024,
OPTSTK,TATACHEM,30-May-2024,1010.0,CE,87.55,87.55,81.45,81.55,93.75,7,42.1,22550,550,06-MAY-2024,
OPTSTK,TATACHEM,30-May-2024,1020.0,CE,80.3,80.35,80.3,80.35,80.35,2,12.1,32450,550,06-MAY-2024,
OPTSTK,TATACHEM,30-May-2024,1030.0,CE,70.8,71.55,70.8,71.55,79.65,2,12.11,8800,0,06-MAY-2024,
OPTSTK,TATACHEM,30-May-2024,1040.0,CE,58.25,66.0,56.55,64.15,73.15,7,42.42,31350,1100,06-MAY-2024,
OPTSTK,TATACHEM,30-May-2024,1050.0,CE,70.9,70.9,48.0,54.4,54.4,311,1886.03,105600,-66550,06-MAY-2024,
OPTSTK,TATACHEM,30-May-2024,1060.0,CE,54.0,54.0,45.2,49.1,49.1,14,85.4,60500,2750,06-MAY-2024,
OPTSTK,TATACHEM,30-May-2024,1070.0,CE,56.95,56.95,38.0,43.85,43.85,130,795.79,88550,0,06-MAY-2024,
OPTSTK,TATACHEM,30-May-2024,1080.0,CE,49.7,52.0,33.85,38.7,38.7,292,1798.82,104500,8800,06-MAY-2024,
OPTSTK,TATACHEM,30-May-2024,1090.0,CE,42.9,45.85,29.35,34.15,34.15,393,2434.81,107250,14850,06-MAY-2024,
OPTSTK,TATACHEM,30-May-2024,1100.0,CE,35.1,40.4,25.85,30.1,30.1,1494,9307.84,904750,26950,06-MAY-2024,
OPTSTK,TATACHEM,30-May-2024,1110.0,CE,32.95,35.55,23.1,26.2,26.2,273,1709.71,176550,1100,06-MAY-2024,
OPTSTK,TATACHEM,30-May-2024,1120.0,CE,28.75,31.5,19.95,22.9,22.9,471,2965.08,227150,7150,06-MAY-2024,
OPTSTK,TATACHEM,30-May-2024,1130.0,CE,24.95,27.55,17.55,20.05,20.05,405,2564.45,198550,550,06-MAY-2024,
OPTSTK,TATACHEM,30-May-2024,1140.0,CE,22.2,24.25,15.3,17.4,17.4,487,3103.87,289300,9350,06-MAY-2024,
OPTSTK,TATACHEM,30-May-2024,1150.0,CE,18.35,21.6,13.3,15.2,15.2,698,4477.78,638000,4400,06-MAY-2024,
OPTSTK,TATACHEM,30-May-2024,1160.0,CE,17.05,18.95,11.7,13.2,13.2,271,1750.5,155650,-8800,06-MAY-2024,
OPTSTK,TATACHEM,30-May-2024,1170.0,CE,14.0,16.4,10.15,11.45,11.45,225,1462.87,89650,6050,06-MAY-2024,
OPTSTK,TATACHEM,30-May-2024,1180.0,CE,13.15,14.4,9.1,9.9,9.9,211,1382.47,169950,3300,06-MAY-2024,
OPTSTK,TATACHEM,30-May-2024,1190.0,CE,12.7,12.7,8.0,8.4,8.4,24,158.33,55550,-4950,06-MAY-2024,
OPTSTK,TATACHEM,30-May-2024,1200.0,CE,9.7,11.3,6.9,7.7,7.7,810,5383.44,1060950,13750,06-MAY-2024,
OPTSTK,TATACHEM,30-May-2024,1210.0,CE,8.5,9.8,6.0,6.6,6.6,106,709.67,67650,3300,06-MAY-2024,
OPTSTK,TATACHEM,30-May-2024,1220.0,CE,7.85,8.65,5.3,5.9,5.9,178,1200.48,116600,-16500,06-MAY-2024,
OPTSTK,TATACHEM,30-May-2024,1230.0,CE,7.0,7.0,4.8,5.05,5.05,32,217.42,25300,-1100,06-MAY-2024,
OPTSTK,TATACHEM,30-May-2024,1240.0,CE,6.25,6.6,4.1,4.5,4.5,100,684.75,53900,-550,06-MAY-2024,
OPTSTK,TATACHEM,30-May-2024,1250.0,CE,5.4,6.1,3.65,4.0,4.0,297,2048.55,319000,-18150,06-MAY-2024,
OPTSTK,TATACHEM,30-May-2024,1260.0,CE,5.05,5.3,3.25,3.55,3.55,50,347.55,70950,-1100,06-MAY-2024,
OPTSTK,TATACHEM,30-May-2024,1270.0,CE,5.1,5.1,3.0,3.25,3.25,15,105.05,9350,0,06-MAY-2024,
OPTSTK,TATACHEM,30-May-2024,1280.0,CE,3.25,3.3,2.6,2.95,2.95,62,437.43,41800,-7150,06-MAY-2024,
OPTSTK,TATACHEM,30-May-2024,1290.0,CE,3.95,3.95,2.35,2.65,2.65,26,184.87,15950,1100,06-MAY-2024,
OPTSTK,TATACHEM,30-May-2024,1300.0,CE,3.65,3.65,2.15,2.45,2.45,671,4806.97,592350,-113850,06-MAY-2024,
OPTSTK,TATACHEM,30-May-2024,1310.0,CE,0.0,0.0,0.0,2.85,2.25,0,0.0,8250,0,06-MAY-2024,
OPTSTK,TATACHEM,30-May-2024,1320.0,CE,2.65,2.95,1.75,1.95,1.95,83,603.59,193600,6050,06-MAY-2024,
OPTSTK,TATACHEM,30-May-2024,1400.0,CE,1.45,1.8,1.25,1.5,1.5,68,524.12,419100,-2750,06-MAY-2024,
OPTSTK,TATACHEM,30-May-2024,900.0,PE,1.5,1.95,1.35,1.85,1.85,164,813.35,508200,-11000,06-MAY-2024,
OPTSTK,TATACHEM,30-May-2024,920.0,PE,2.1,2.55,2.05,2.3,2.85,31,157.23,43450,2750,06-MAY-2024,
OPTSTK,TATACHEM,30-May-2024,940.0,PE,2.5,3.15,2.5,3.05,3.05,78,404.45,84700,-12650,06-MAY-2024,
OPTSTK,TATACHEM,30-May-2024,950.0,PE,3.0,4.3,2.6,3.4,3.4,283,1483.93,278300,-17050,06-MAY-2024,
OPTSTK,TATACHEM,30-May-2024,960.0,PE,3.95,4.85,3.0,4.0,4.0,58,307.46,55000,1650,06-MAY-2024,
OPTSTK,TATACHEM,30-May-2024,970.0,PE,3.75,6.1,3.7,5.0,5.0,65,348.57,22550,5500,06-MAY-2024,
OPTSTK,TATACHEM,30-May-2024,980.0,PE,4.25,7.35,4.25,6.0,6.0,111,601.9,138600,-4400,06-MAY-2024,
OPTSTK,TATACHEM,30-May-2024,990.0,PE,5.25,9.1,5.25,7.2,7.2,61,334.56,29150,6050,06-MAY-2024,
OPTSTK,TATACHEM,30-May-2024,1000.0,PE,6.4,11.0,6.0,8.75,8.75,882,4891.99,840950,-46750,06-MAY-2024,
OPTSTK,TATACHEM,30-May-2024,1010.0,PE,7.6,13.2,7.6,10.6,10.6,96,538.78,39050,-4400,06-MAY-2024,
OPTSTK,TATACHEM,30-May-2024,1020.0,PE,9.2,15.8,9.2,12.7,12.7,211,1197.99,123750,-1100,06-MAY-2024,
OPTSTK,TATACHEM,30-May-2024,1030.0,PE,11.0,18.8,10.8,15.3,15.3,203,1167.29,131450,14850,06-MAY-2024,
OPTSTK,TATACHEM,30-May-2024,1040.0,PE,13.4,22.35,13.05,18.35,18.35,201,1169.26,141350,-2750,06-MAY-2024,
OPTSTK,TATACHEM,30-May-2024,1050.0,PE,17.3,26.65,15.5,21.8,21.8,480,2827.76,462550,-8250,06-MAY-2024,
OPTSTK,TATACHEM,30-May-2024,1060.0,PE,18.6,30.5,17.45,25.8,25.8,498,2976.34,208450,-82500,06-MAY-2024,
OPTSTK,TATACHEM,30-May-2024,1070.0,PE,21.95,35.65,21.5,30.3,30.3,469,2837.84,139150,-25850,06-MAY-2024,
OPTSTK,TATACHEM,30-May-2024,1080.0,PE,25.75,41.0,24.65,35.35,35.35,287,1758.94,189750,1650,06-MAY-2024,
OPTSTK,TATACHEM,30-May-2024,1090.0,PE,34.05,46.9,28.65,40.4,40.4,272,1687.1,60500,-6050,06-MAY-2024,
OPTSTK,TATACHEM,30-May-2024,1100.0,PE,31.1,53.05,31.1,46.3,46.3,402,2528.2,495550,15400,06-MAY-2024,
OPTSTK,TATACHEM,30-May-2024,1110.0,PE,40.3,59.7,40.2,53.1,53.1,81,516.56,56650,-1100,06-MAY-2024,
OPTSTK,TATACHEM,30-May-2024,1120.0,PE,67.0,67.0,53.55,59.35,59.35,8,51.92,61050,550,06-MAY-2024,
OPTSTK,TATACHEM,30-May-2024,1130.0,PE,61.55,66.8,61.55,66.5,66.5,5,32.85,45650,550,06-MAY-2024,
OPTSTK,TATACHEM,30-May-2024,1140.0,PE,68.85,70.45,68.0,70.45,78.45,45,299.23,58300,-1100,06-MAY-2024,
OPTSTK,TATACHEM,30-May-2024,1150.0,PE,73.65,89.45,73.65,81.5,81.5,16,108.28,110000,1100,06-MAY-2024,
OPTSTK,TATACHEM,30-May-2024,1160.0,PE,0.0,0.0,0.0,87.9,92.7,0,0.0,50050,0,06-MAY-2024,
OPTSTK,TATACHEM,30-May-2024,1170.0,PE,0.0,0.0,0.0,82.4,100.25,0,0.0,19800,0,06-MAY-2024,
OPTSTK,TATACHEM,30-May-2024,1180.0,PE,0.0,0.0,0.0,96.1,108.0,0,0.0,51150,0,06-MAY-2024,
OPTSTK,TATACHEM,30-May-2024,1190.0,PE,0.0,0.0,0.0,107.7,115.95,0,0.0,4400,0,06-MAY-2024,
OPTSTK,TATACHEM,30-May-2024,1200.0,PE,117.9,122.0,117.5,122.0,124.15,5,36.3,154550,550,06-MAY-2024,
OPTSTK,TATACHEM,30-May-2024,1210.0,PE,0.0,0.0,0.0,122.3,132.55,0,0.0,1650,0,06-MAY-2024,
OPTSTK,TATACHEM,30-May-2024,1220.0,PE,0.0,0.0,0.0,263.5,141.1,0,0.0,0,0,06-MAY-2024,
OPTSTK,TATACHEM,30-May-2024,1230.0,PE,0.0,0.0,0.0,137.7,149.8,0,0.0,550,0,06-MAY-2024,
OPTSTK,TATACHEM,30-May-2024,1240.0,PE,0.0,0.0,0.0,146.2,158.7,0,0.0,3300,0,06-MAY-2024,
OPTSTK,TATACHEM,30-May-2024,1250.0,PE,0.0,0.0,0.0,174.05,167.7,0,0.0,56100,0,06-MAY-2024,
OPTSTK,TATACHEM,30-May-2024,1260.0,PE,0.0,0.0,0.0,155.85,176.8,0,0.0,6050,0,06-MAY-2024,
OPTSTK,TATACHEM,30-May-2024,1280.0,PE,0.0,0.0,0.0,320.0,195.35,0,0.0,0,0,06-MAY-2024,
OPTSTK,TATACHEM,30-May-2024,1300.0,PE,0.0,0.0,0.0,235.0,214.2,0,0.0,36300,0,06-MAY-2024,
OPTSTK,TATACHEM,30-May-2024,1320.0,PE,0.0,0.0,0.0,214.0,233.35,0,0.0,8250,0,06-MAY-2024,
OPTSTK,TATACHEM,27-Jun-2024,920.0,CE,0.0,0.0,0.0,200.65,183.1,0,0.0,0,0,06-MAY-2024,
OPTSTK,TATACHEM,27-Jun-2024,940.0,CE,0.0,0.0,0.0,155.65,166.75,0,0.0,1100,0,06-MAY-2024,
OPTSTK,TATACHEM,27-Jun-2024,960.0,CE,0.0,0.0,0.0,171.65,151.1,0,0.0,0,0,06-MAY-2024,
OPTSTK,TATACHEM,27-Jun-2024,970.0,CE,0.0,0.0,0.0,175.0,143.6,0,0.0,0,0,06-MAY-2024,
OPTSTK,TATACHEM,27-Jun-2024,980.0,CE,0.0,0.0,0.0,158.1,136.3,0,0.0,0,0,06-MAY-2024,
OPTSTK,TATACHEM,27-Jun-2024,990.0,CE,0.0,0.0,0.0,160.05,129.2,0,0.0,0,0,06-MAY-2024,
OPTSTK,TATACHEM,27-Jun-2024,1000.0,CE,99.25,99.25,99.25,99.25,122.25,1,6.04,7150,-550,06-MAY-2024,
OPTSTK,TATACHEM,27-Jun-2024,1010.0,CE,0.0,0.0,0.0,145.75,115.55,0,0.0,0,0,06-MAY-2024,
OPTSTK,TATACHEM,27-Jun-2024,1020.0,CE,0.0,0.0,0.0,133.15,109.1,0,0.0,0,0,06-MAY-2024,
OPTSTK,TATACHEM,27-Jun-2024,1030.0,CE,0.0,0.0,0.0,132.2,102.9,0,0.0,0,0,06-MAY-2024,
OPTSTK,TATACHEM,27-Jun-2024,1040.0,CE,0.0,0.0,0.0,121.75,96.9,0,0.0,0,0,06-MAY-2024,
OPTSTK,TATACHEM,27-Jun-2024,1050.0,CE,0.0,0.0,0.0,75.7,91.15,0,0.0,1100,0,06-MAY-2024,
OPTSTK,TATACHEM,27-Jun-2024,1060.0,CE,0.0,0.0,0.0,111.0,85.6,0,0.0,0,0,06-MAY-2024,
OPTSTK,TATACHEM,27-Jun-2024,1070.0,CE,0.0,0.0,0.0,107.65,80.3,0,0.0,0,0,06-MAY-2024,
OPTSTK,TATACHEM,27-Jun-2024,1080.0,CE,0.0,0.0,0.0,101.0,75.25,0,0.0,0,0,06-MAY-2024,
OPTSTK,TATACHEM,27-Jun-2024,1090.0,CE,0.0,0.0,0.0,96.55,70.4,0,0.0,0,0,06-MAY-2024,
OPTSTK,TATACHEM,27-Jun-2024,1100.0,CE,45.1,53.0,41.0,53.0,53.0,88,555.8,147400,32450,06-MAY-2024,
OPTSTK,TATACHEM,27-Jun-2024,1110.0,CE,0.0,0.0,0.0,86.3,61.45,0,0.0,0,0,06-MAY-2024,
OPTSTK,TATACHEM,27-Jun-2024,1120.0,CE,0.0,0.0,0.0,82.95,57.25,0,0.0,0,0,06-MAY-2024,
OPTSTK,TATACHEM,27-Jun-2024,1130.0,CE,0.0,0.0,0.0,76.85,53.3,0,0.0,0,0,06-MAY-2024,
OPTSTK,TATACHEM,27-Jun-2024,1140.0,CE,0.0,0.0,0.0,74.9,49.6,0,0.0,0,0,06-MAY-2024,
OPTSTK,TATACHEM,27-Jun-2024,1150.0,CE,0.0,0.0,0.0,68.15,46.05,0,0.0,0,0,06-MAY-2024,
OPTSTK,TATACHEM,27-Jun-2024,1160.0,CE,0.0,0.0,0.0,67.5,42.75,0,0.0,0,0,06-MAY-2024,
OPTSTK,TATACHEM,27-Jun-2024,1170.0,CE,0.0,0.0,0.0,60.25,39.6,0,0.0,0,0,06-MAY-2024,
OPTSTK,TATACHEM,27-Jun-2024,1180.0,CE,0.0,0.0,0.0,60.7,36.65,0,0.0,0,0,06-MAY-2024,
OPTSTK,TATACHEM,27-Jun-2024,1190.0,CE,20.6,20.6,20.6,20.6,33.85,4,26.63,2200,2200,06-MAY-2024,
OPTSTK,TATACHEM,27-Jun-2024,1200.0,CE,23.0,25.5,20.05,24.8,24.8,62,416.88,57750,1100,06-MAY-2024,
OPTSTK,TATACHEM,27-Jun-2024,1210.0,CE,0.0,0.0,0.0,46.6,28.9,0,0.0,0,0,06-MAY-2024,
OPTSTK,TATACHEM,27-Jun-2024,1220.0,CE,0.0,0.0,0.0,48.75,26.65,0,0.0,0,0,06-MAY-2024,
OPTSTK,TATACHEM,27-Jun-2024,1230.0,CE,0.0,0.0,0.0,40.75,24.55,0,0.0,0,0,06-MAY-2024,
OPTSTK,TATACHEM,27-Jun-2024,1240.0,CE,0.0,0.0,0.0,43.6,22.5,0,0.0,0,0,06-MAY-2024,
OPTSTK,TATACHEM,27-Jun-2024,1260.0,CE,0.0,0.0,0.0,38.9,18.95,0,0.0,0,0,06-MAY-2024,
OPTSTK,TATACHEM,27-Jun-2024,1280.0,CE,0.0,0.0,0.0,17.85,15.9,0,0.0,550,0,06-MAY-2024,
OPTSTK,TATACHEM,27-Jun-2024,1300.0,CE,10.0,10.0,10.0,10.0,13.3,1,7.2,15950,0,06-MAY-2024,
OPTSTK,TATACHEM,27-Jun-2024,920.0,PE,0.0,0.0,0.0,10.0,11.15,0,0.0,7700,0,06-MAY-2024,
OPTSTK,TATACHEM,27-Jun-2024,940.0,PE,0.0,0.0,0.0,15.0,14.6,0,0.0,6600,0,06-MAY-2024,
OPTSTK,TATACHEM,27-Jun-2024,960.0,PE,22.0,29.0,22.0,29.0,29.0,69,374.04,36850,31900,06-MAY-2024,
OPTSTK,TATACHEM,27-Jun-2024,970.0,PE,0.0,0.0,0.0,20.05,21.15,0,0.0,0,0,06-MAY-2024,
OPTSTK,TATACHEM,27-Jun-2024,980.0,PE,31.65,33.25,30.35,33.25,23.75,5,27.8,28050,0,06-MAY-2024,
OPTSTK,TATACHEM,27-Jun-2024,990.0,PE,0.0,0.0,0.0,24.85,26.55,0,0.0,0,0,06-MAY-2024,
OPTSTK,TATACHEM,27-Jun-2024,1000.0,PE,29.0,42.35,29.0,42.0,42.0,199,1135.42,226050,27500,06-MAY-2024,
OPTSTK,TATACHEM,27-Jun-2024,1010.0,PE,0.0,0.0,0.0,30.3,32.7,0,0.0,0,0,06-MAY-2024,
OPTSTK,TATACHEM,27-Jun-2024,1020.0,PE,0.0,0.0,0.0,54.05,36.15,0,0.0,0,0,06-MAY-2024,
OPTSTK,TATACHEM,27-Jun-2024,1030.0,PE,0.0,0.0,0.0,36.5,39.8,0,0.0,0,0,06-MAY-2024,
OPTSTK,TATACHEM,27-Jun-2024,1040.0,PE,0.0,0.0,0.0,62.25,43.75,0,0.0,0,0,06-MAY-2024,
OPTSTK,TATACHEM,27-Jun-2024,1050.0,PE,54.5,63.0,54.5,63.0,63.0,12,73.19,9900,6600,06-MAY-2024,
OPTSTK,TATACHEM,27-Jun-2024,1060.0,PE,0.0,0.0,0.0,71.15,52.25,0,0.0,0,0,06-MAY-2024,
OPTSTK,TATACHEM,27-Jun-2024,1070.0,PE,0.0,0.0,0.0,51.4,56.85,0,0.0,0,0,06-MAY-2024,
OPTSTK,TATACHEM,27-Jun-2024,1080.0,PE,65.0,75.0,65.0,75.0,61.65,2,12.65,1650,1100,06-MAY-2024,
OPTSTK,TATACHEM,27-Jun-2024,1090.0,PE,0.0,0.0,0.0,60.1,66.75,0,0.0,0,0,06-MAY-2024,
OPTSTK,TATACHEM,27-Jun-2024,1100.0,PE,87.45,90.0,86.65,90.0,72.05,5,32.65,42900,-550,06-MAY-2024,
OPTSTK,TATACHEM,27-Jun-2024,1110.0,PE,0.0,0.0,0.0,69.55,77.55,0,0.0,0,0,06-MAY-2024,
OPTSTK,TATACHEM,27-Jun-2024,1120.0,PE,0.0,0.0,0.0,102.05,83.3,0,0.0,0,0,06-MAY-2024,
OPTSTK,TATACHEM,27-Jun-2024,1130.0,PE,0.0,0.0,0.0,79.85,89.25,0,0.0,0,0,06-MAY-2024,
OPTSTK,TATACHEM,27-Jun-2024,1140.0,PE,0.0,0.0,0.0,113.65,95.4,0,0.0,0,0,06-MAY-2024,
OPTSTK,TATACHEM,27-Jun-2024,1150.0,PE,0.0,0.0,0.0,90.95,101.75,0,0.0,0,0,06-MAY-2024,
OPTSTK,TATACHEM,27-Jun-2024,1160.0,PE,0.0,0.0,0.0,125.9,108.3,0,0.0,0,0,06-MAY-2024,
OPTSTK,TATACHEM,27-Jun-2024,1170.0,PE,0.0,0.0,0.0,102.8,115.1,0,0.0,0,0,06-MAY-2024,
OPTSTK,TATACHEM,27-Jun-2024,1180.0,PE,0.0,0.0,0.0,138.7,122.05,0,0.0,0,0,06-MAY-2024,
OPTSTK,TATACHEM,27-Jun-2024,1190.0,PE,0.0,0.0,0.0,115.35,129.15,0,0.0,0,0,06-MAY-2024,
OPTSTK,TATACHEM,27-Jun-2024,1200.0,PE,0.0,0.0,0.0,132.9,136.45,0,0.0,1650,0,06-MAY-2024,
OPTSTK,TATACHEM,27-Jun-2024,1210.0,PE,0.0,0.0,0.0,128.6,144.0,0,0.0,0,0,06-MAY-2024,
OPTSTK,TATACHEM,27-Jun-2024,1220.0,PE,0.0,0.0,0.0,166.05,151.6,0,0.0,0,0,06-MAY-2024,
OPTSTK,TATACHEM,27-Jun-2024,1230.0,PE,0.0,0.0,0.0,142.55,159.4,0,0.0,0,0,06-MAY-2024,
OPTSTK,TATACHEM,27-Jun-2024,1240.0,PE,0.0,0.0,0.0,180.55,167.3,0,0.0,0,0,06-MAY-2024,
OPTSTK,TATACHEM,27-Jun-2024,1260.0,PE,0.0,0.0,0.0,195.5,183.55,0,0.0,0,0,06-MAY-2024,
OPTSTK,TATACHEM,27-Jun-2024,1280.0,PE,0.0,0.0,0.0,210.9,200.25,0,0.0,0,0,06-MAY-2024,
OPTSTK,TATACHEM,25-Jul-2024,920.0,CE,0.0,0.0,0.0,227.7,196.45,0,0.0,0,0,06-MAY-2024,
OPTSTK,TATACHEM,25-Jul-2024,960.0,CE,0.0,0.0,0.0,197.0,166.7,0,0.0,0,0,06-MAY-2024,
OPTSTK,TATACHEM,25-Jul-2024,980.0,CE,0.0,0.0,0.0,182.6,152.8,0,0.0,0,0,06-MAY-2024,
OPTSTK,TATACHEM,25-Jul-2024,1000.0,CE,0.0,0.0,0.0,168.8,139.65,0,0.0,0,0,06-MAY-2024,
OPTSTK,TATACHEM,25-Jul-2024,1020.0,CE,0.0,0.0,0.0,155.6,127.2,0,0.0,0,0,06-MAY-2024,
OPTSTK,TATACHEM,25-Jul-2024,1040.0,CE,0.0,0.0,0.0,143.15,115.55,0,0.0,0,0,06-MAY-2024,
OPTSTK,TATACHEM,25-Jul-2024,1060.0,CE,0.0,0.0,0.0,131.35,104.65,0,0.0,0,0,06-MAY-2024,
OPTSTK,TATACHEM,25-Jul-2024,1080.0,CE,0.0,0.0,0.0,120.25,94.5,0,0.0,0,0,06-MAY-2024,
OPTSTK,TATACHEM,25-Jul-2024,1100.0,CE,0.0,0.0,0.0,109.85,85.05,0,0.0,0,0,06-MAY-2024,
OPTSTK,TATACHEM,25-Jul-2024,1120.0,CE,0.0,0.0,0.0,100.05,76.35,0,0.0,0,0,06-MAY-2024,
OPTSTK,TATACHEM,25-Jul-2024,1140.0,CE,0.0,0.0,0.0,90.95,68.35,0,0.0,0,0,06-MAY-2024,
OPTSTK,TATACHEM,25-Jul-2024,1160.0,CE,0.0,0.0,0.0,82.5,61.0,0,0.0,0,0,06-MAY-2024,
OPTSTK,TATACHEM,25-Jul-2024,1180.0,CE,0.0,0.0,0.0,74.7,54.3,0,0.0,0,0,06-MAY-2024,
OPTSTK,TATACHEM,25-Jul-2024,1200.0,CE,0.0,0.0,0.0,67.45,48.2,0,0.0,0,0,06-MAY-2024,
OPTSTK,TATACHEM,25-Jul-2024,1220.0,CE,0.0,0.0,0.0,60.8,42.7,0,0.0,0,0,06-MAY-2024,
OPTSTK,TATACHEM,25-Jul-2024,1240.0,CE,0.0,0.0,0.0,54.7,37.8,0,0.0,0,0,06-MAY-2024,
OPTSTK,TATACHEM,25-Jul-2024,1280.0,CE,0.0,0.0,0.0,44.05,29.25,0,0.0,0,0,06-MAY-2024,
OPTSTK,TATACHEM,25-Jul-2024,920.0,PE,0.0,0.0,0.0,18.0,19.5,0,0.0,6050,0,06-MAY-2024,
OPTSTK,TATACHEM,25-Jul-2024,960.0,PE,0.0,0.0,0.0,26.9,29.1,0,0.0,0,0,06-MAY-2024,
OPTSTK,TATACHEM,25-Jul-2024,980.0,PE,0.0,0.0,0.0,32.1,34.9,0,0.0,0,0,06-MAY-2024,
OPTSTK,TATACHEM,25-Jul-2024,1000.0,PE,0.0,0.0,0.0,40.0,41.35,0,0.0,4950,0,06-MAY-2024,
OPTSTK,TATACHEM,25-Jul-2024,1020.0,PE,0.0,0.0,0.0,44.4,48.65,0,0.0,0,0,06-MAY-2024,
OPTSTK,TATACHEM,25-Jul-2024,1040.0,PE,0.0,0.0,0.0,51.55,56.65,0,0.0,0,0,06-MAY-2024,
OPTSTK,TATACHEM,25-Jul-2024,1060.0,PE,0.0,0.0,0.0,59.4,65.45,0,0.0,0,0,06-MAY-2024,
OPTSTK,TATACHEM,25-Jul-2024,1080.0,PE,0.0,0.0,0.0,67.95,74.95,0,0.0,0,0,06-MAY-2024,
OPTSTK,TATACHEM,25-Jul-2024,1100.0,PE,0.0,0.0,0.0,77.15,85.2,0,0.0,0,0,06-MAY-2024,
OPTSTK,TATACHEM,25-Jul-2024,1120.0,PE,0.0,0.0,0.0,87.05,96.2,0,0.0,0,0,06-MAY-2024,
OPTSTK,TATACHEM,25-Jul-2024,1140.0,PE,0.0,0.0,0.0,97.6,107.85,0,0.0,0,0,06-MAY-2024,
OPTSTK,TATACHEM,25-Jul-2024,1160.0,PE,0.0,0.0,0.0,108.75,120.2,0,0.0,0,0,06-MAY-2024,
OPTSTK,TATACHEM,25-Jul-2024,1180.0,PE,0.0,0.0,0.0,120.55,133.2,0,0.0,0,0,06-MAY-2024,
OPTSTK,TATACHEM,25-Jul-2024,1200.0,PE,0.0,0.0,0.0,133.0,146.8,0,0.0,0,0,06-MAY-2024,
OPTSTK,TATACHEM,25-Jul-2024,1220.0,PE,0.0,0.0,0.0,145.95,160.95,0,0.0,0,0,06-MAY-2024,
OPTSTK,TATACHEM,25-Jul-2024,1240.0,PE,0.0,0.0,0.0,159.5,175.75,0,0.0,0,0,06-MAY-2024,
OPTSTK,TATACHEM,25-Jul-2024,1280.0,PE,0.0,0.0,0.0,188.1,206.6,0,0.0,0,0,06-MAY-2024,
OPTSTK,TATACOMM,30-May-2024,1440.0,CE,0.0,0.0,0.0,514.45,292.3,0,0.0,0,0,06-MAY-2024,
OPTSTK,TATACOMM,30-May-2024,1480.0,CE,0.0,0.0,0.0,477.5,253.8,0,0.0,0,0,06-MAY-2024,
OPTSTK,TATACOMM,30-May-2024,1520.0,CE,0.0,0.0,0.0,441.4,216.5,0,0.0,0,0,06-MAY-2024,
OPTSTK,TATACOMM,30-May-2024,1540.0,CE,0.0,0.0,0.0,491.95,198.45,0,0.0,0,0,06-MAY-2024,
OPTSTK,TATACOMM,30-May-2024,1560.0,CE,0.0,0.0,0.0,406.2,180.95,0,0.0,0,0,06-MAY-2024,
OPTSTK,TATACOMM,30-May-2024,1580.0,CE,0.0,0.0,0.0,454.05,164.05,0,0.0,0,0,06-MAY-2024,
OPTSTK,TATACOMM,30-May-2024,1600.0,CE,0.0,0.0,0.0,170.8,147.8,0,0.0,5500,0,06-MAY-2024,
OPTSTK,TATACOMM,30-May-2024,1620.0,CE,0.0,0.0,0.0,416.8,132.35,0,0.0,0,0,06-MAY-2024,
OPTSTK,TATACOMM,30-May-2024,1640.0,CE,116.0,116.0,116.0,116.0,117.7,1,8.78,5500,-500,06-MAY-2024,
OPTSTK,TATACOMM,30-May-2024,1660.0,CE,102.3,102.75,100.75,102.75,104.05,4,35.24,500,500,06-MAY-2024,
OPTSTK,TATACOMM,30-May-2024,1680.0,CE,0.0,0.0,0.0,82.7,91.3,0,0.0,1000,0,06-MAY-2024,
OPTSTK,TATACOMM,30-May-2024,1700.0,CE,74.95,76.95,65.0,70.65,70.65,73,646.24,94000,5000,06-MAY-2024,
OPTSTK,TATACOMM,30-May-2024,1720.0,CE,61.75,65.15,54.0,60.6,60.6,265,2360.93,53500,22500,06-MAY-2024,
OPTSTK,TATACOMM,30-May-2024,1740.0,CE,51.05,54.3,45.0,50.75,50.75,203,1817.97,64500,-19000,06-MAY-2024,
OPTSTK,TATACOMM,30-May-2024,1760.0,CE,42.75,45.0,37.8,42.15,42.15,179,1612.53,151000,-12500,06-MAY-2024,
OPTSTK,TATACOMM,30-May-2024,1780.0,CE,34.0,36.85,31.0,34.8,34.8,43,390.08,29000,-1500,06-MAY-2024,
OPTSTK,TATACOMM,30-May-2024,1800.0,CE,29.35,31.0,25.0,27.95,27.95,498,4551.27,456500,-2500,06-MAY-2024,
OPTSTK,TATACOMM,30-May-2024,1820.0,CE,24.15,24.15,20.7,22.5,22.5,28,257.92,23500,1000,06-MAY-2024,
OPTSTK,TATACOMM,30-May-2024,1840.0,CE,18.0,19.5,16.7,18.5,24.75,18,167.2,29500,-1000,06-MAY-2024,
OPTSTK,TATACOMM,30-May-2024,1860.0,CE,16.5,16.5,13.3,14.7,14.7,49,459.29,148500,3500,06-MAY-2024,
OPTSTK,TATACOMM,30-May-2024,1880.0,CE,11.45,12.55,10.65,11.95,11.95,36,340.45,29500,-500,06-MAY-2024,
OPTSTK,TATACOMM,30-May-2024,1900.0,CE,11.35,11.35,8.65,9.75,9.75,414,3953.16,405500,19000,06-MAY-2024,
OPTSTK,TATACOMM,30-May-2024,1920.0,CE,7.55,7.55,7.0,7.0,10.75,8,77.08,9500,0,06-MAY-2024,
OPTSTK,TATACOMM,30-May-2024,1940.0,CE,5.7,7.0,5.7,6.55,8.6,10,97.31,6500,-500,06-MAY-2024,
OPTSTK,TATACOMM,30-May-2024,1960.0,CE,5.95,6.6,5.45,5.45,6.8,7,68.8,30500,-500,06-MAY-2024,
OPTSTK,TATACOMM,30-May-2024,1980.0,CE,6.75,6.75,4.25,4.55,5.35,17,168.72,11000,6000,06-MAY-2024,
OPTSTK,TATACOMM,30-May-2024,2000.0,CE,4.8,5.2,3.85,4.25,4.25,382,3828.13,442000,1500,06-MAY-2024,
OPTSTK,TATACOMM,30-May-2024,2020.0,CE,3.75,3.75,3.75,3.75,3.75,3,30.35,36000,0,06-MAY-2024,
OPTSTK,TATACOMM,30-May-2024,2040.0,CE,0.0,0.0,0.0,3.3,2.5,0,0.0,7500,0,06-MAY-2024,
OPTSTK,TATACOMM,30-May-2024,2060.0,CE,0.0,0.0,0.0,2.7,1.9,0,0.0,16500,0,06-MAY-2024,
OPTSTK,TATACOMM,30-May-2024,2100.0,CE,1.65,1.75,1.4,1.55,1.55,73,767.05,200500,-3000,06-MAY-2024,
OPTSTK,TATACOMM,30-May-2024,2200.0,CE,1.0,1.0,0.75,0.75,0.75,5,55.02,83000,-1000,06-MAY-2024,
OPTSTK,TATACOMM,30-May-2024,1440.0,PE,0.0,0.0,0.0,5.1,1.15,0,0.0,0,0,06-MAY-2024,
OPTSTK,TATACOMM,30-May-2024,1480.0,PE,0.0,0.0,0.0,7.45,2.5,0,0.0,0,0,06-MAY-2024,
OPTSTK,TATACOMM,30-May-2024,1500.0,PE,3.3,4.0,2.45,2.45,3.55,37,278.11,61000,2500,06-MAY-2024,
OPTSTK,TATACOMM,30-May-2024,1520.0,PE,0.0,0.0,0.0,3.9,5.0,0,0.0,3000,0,06-MAY-2024,
OPTSTK,TATACOMM,30-May-2024,1540.0,PE,6.35,6.35,3.9,3.9,6.85,2,15.45,0,-1000,06-MAY-2024,
OPTSTK,TATACOMM,30-May-2024,1560.0,PE,6.2,8.75,5.05,5.6,5.6,134,1049.12,100000,-8500,06-MAY-2024,
OPTSTK,TATACOMM,30-May-2024,1580.0,PE,9.9,9.9,7.35,7.8,7.8,41,325.5,7500,6500,06-MAY-2024,
OPTSTK,TATACOMM,30-May-2024,1600.0,PE,10.2,14.55,9.0,10.3,10.3,296,2384.79,229500,2000,06-MAY-2024,
OPTSTK,TATACOMM,30-May-2024,1620.0,PE,18.0,18.0,12.3,13.7,13.7,10,81.68,10000,1500,06-MAY-2024,
OPTSTK,TATACOMM,30-May-2024,1640.0,PE,21.0,24.0,15.2,17.75,17.75,248,2059.2,38500,17000,06-MAY-2024,
OPTSTK,TATACOMM,30-May-2024,1660.0,PE,23.8,29.75,20.75,23.3,23.3,68,572.48,67500,1000,06-MAY-2024,
OPTSTK,TATACOMM,30-May-2024,1680.0,PE,28.0,34.2,25.8,29.45,29.45,34,290.67,18500,-2500,06-MAY-2024,
OPTSTK,TATACOMM,30-May-2024,1700.0,PE,38.05,45.55,32.3,36.55,36.55,373,3242.61,230500,-6500,06-MAY-2024,
OPTSTK,TATACOMM,30-May-2024,1720.0,PE,47.0,54.45,41.75,45.35,45.35,71,626.77,51000,1500,06-MAY-2024,
OPTSTK,TATACOMM,30-May-2024,1740.0,PE,62.8,63.9,51.0,55.1,55.1,41,367.91,59000,-1000,06-MAY-2024,
OPTSTK,TATACOMM,30-May-2024,1760.0,PE,72.0,78.5,63.15,68.0,68.0,13,118.97,60500,2000,06-MAY-2024,
OPTSTK,TATACOMM,30-May-2024,1780.0,PE,86.0,86.0,86.0,86.0,89.9,1,9.33,2000,0,06-MAY-2024,
OPTSTK,TATACOMM,30-May-2024,1800.0,PE,103.6,103.65,88.0,91.0,103.0,17,161.04,229000,-500,06-MAY-2024,
OPTSTK,TATACOMM,30-May-2024,1820.0,PE,0.0,0.0,0.0,110.75,116.95,0,0.0,13000,0,06-MAY-2024,
OPTSTK,TATACOMM,30-May-2024,1840.0,PE,0.0,0.0,0.0,125.05,131.75,0,0.0,8000,0,06-MAY-2024,
OPTSTK,TATACOMM,30-May-2024,1860.0,PE,135.0,135.0,135.0,135.0,147.2,1,9.97,38500,500,06-MAY-2024,
OPTSTK,TATACOMM,30-May-2024,1880.0,PE,153.35,153.35,153.35,153.35,163.35,2,20.33,10000,1000,06-MAY-2024,
OPTSTK,TATACOMM,30-May-2024,1900.0,PE,192.0,192.0,168.5,168.5,180.1,8,82.9,153500,-1000,06-MAY-2024,
OPTSTK,TATACOMM,30-May-2024,1920.0,PE,0.0,0.0,0.0,184.0,197.4,0,0.0,3500,0,06-MAY-2024,
OPTSTK,TATACOMM,30-May-2024,1940.0,PE,0.0,0.0,0.0,210.0,215.15,0,0.0,9500,0,06-MAY-2024,
OPTSTK,TATACOMM,30-May-2024,1960.0,PE,0.0,0.0,0.0,208.15,233.25,0,0.0,19500,0,06-MAY-2024,
OPTSTK,TATACOMM,30-May-2024,2000.0,PE,263.75,263.75,260.0,260.0,270.45,4,45.21,59500,500,06-MAY-2024,
OPTSTK,TATACOMM,30-May-2024,2040.0,PE,0.0,0.0,0.0,183.0,308.6,0,0.0,0,0,06-MAY-2024,
OPTSTK,TATACOMM,30-May-2024,2100.0,PE,0.0,0.0,0.0,344.3,366.9,0,0.0,11000,0,06-MAY-2024,
OPTSTK,TATACOMM,30-May-2024,2160.0,PE,0.0,0.0,0.0,410.0,426.0,0,0.0,500,0,06-MAY-2024,
OPTSTK,TATACOMM,27-Jun-2024,1440.0,CE,0.0,0.0,0.0,598.75,306.7,0,0.0,0,0,06-MAY-2024,
OPTSTK,TATACOMM,27-Jun-2024,1480.0,CE,0.0,0.0,0.0,560.8,271.3,0,0.0,0,0,06-MAY-2024,
OPTSTK,TATACOMM,27-Jun-2024,1520.0,CE,0.0,0.0,0.0,523.35,237.55,0,0.0,0,0,06-MAY-2024,
OPTSTK,TATACOMM,27-Jun-2024,1540.0,CE,0.0,0.0,0.0,246.6,221.35,0,0.0,0,0,06-MAY-2024,
OPTSTK,TATACOMM,27-Jun-2024,1560.0,CE,0.0,0.0,0.0,486.6,205.75,0,0.0,0,0,06-MAY-2024,
OPTSTK,TATACOMM,27-Jun-2024,1580.0,CE,0.0,0.0,0.0,216.0,190.65,0,0.0,0,0,06-MAY-2024,
OPTSTK,TATACOMM,27-Jun-2024,1600.0,CE,0.0,0.0,0.0,450.65,176.25,0,0.0,0,0,06-MAY-2024,
OPTSTK,TATACOMM,27-Jun-2024,1620.0,CE,0.0,0.0,0.0,187.5,162.3,0,0.0,0,0,06-MAY-2024,
OPTSTK,TATACOMM,27-Jun-2024,1640.0,CE,0.0,0.0,0.0,415.6,149.1,0,0.0,0,0,06-MAY-2024,
OPTSTK,TATACOMM,27-Jun-2024,1660.0,CE,0.0,0.0,0.0,161.35,136.55,0,0.0,0,0,06-MAY-2024,
OPTSTK,TATACOMM,27-Jun-2024,1680.0,CE,0.0,0.0,0.0,381.65,124.7,0,0.0,0,0,06-MAY-2024,
OPTSTK,TATACOMM,27-Jun-2024,1700.0,CE,0.0,0.0,0.0,137.6,113.55,0,0.0,0,0,06-MAY-2024,
OPTSTK,TATACOMM,27-Jun-2024,1720.0,CE,0.0,0.0,0.0,349.0,103.1,0,0.0,0,0,06-MAY-2024,
OPTSTK,TATACOMM,27-Jun-2024,1740.0,CE,0.0,0.0,0.0,116.3,93.3,0,0.0,0,0,06-MAY-2024,
OPTSTK,TATACOMM,27-Jun-2024,1760.0,CE,0.0,0.0,0.0,317.65,84.15,0,0.0,0,0,06-MAY-2024,
OPTSTK,TATACOMM,27-Jun-2024,1780.0,CE,0.0,0.0,0.0,97.4,75.7,0,0.0,0,0,06-MAY-2024,
OPTSTK,TATACOMM,27-Jun-2024,1800.0,CE,67.75,75.5,67.0,74.65,74.65,99,926.62,66000,29500,06-MAY-2024,
OPTSTK,TATACOMM,27-Jun-2024,1820.0,CE,0.0,0.0,0.0,80.8,60.75,0,0.0,0,0,06-MAY-2024,
OPTSTK,TATACOMM,27-Jun-2024,1840.0,CE,0.0,0.0,0.0,259.65,54.15,0,0.0,0,0,06-MAY-2024,
OPTSTK,TATACOMM,27-Jun-2024,1860.0,CE,0.0,0.0,0.0,66.5,48.15,0,0.0,0,0,06-MAY-2024,
OPTSTK,TATACOMM,27-Jun-2024,1880.0,CE,0.0,0.0,0.0,233.05,42.65,0,0.0,0,0,06-MAY-2024,
OPTSTK,TATACOMM,27-Jun-2024,1900.0,CE,40.0,45.0,40.0,43.75,43.75,17,165.0,8000,5500,06-MAY-2024,
OPTSTK,TATACOMM,27-Jun-2024,1920.0,CE,0.0,0.0,0.0,208.25,33.35,0,0.0,0,0,06-MAY-2024,
OPTSTK,TATACOMM,27-Jun-2024,1940.0,CE,0.0,0.0,0.0,43.95,29.25,0,0.0,0,0,06-MAY-2024,
OPTSTK,TATACOMM,27-Jun-2024,1960.0,CE,0.0,0.0,0.0,185.25,25.65,0,0.0,0,0,06-MAY-2024,
OPTSTK,TATACOMM,27-Jun-2024,2000.0,CE,0.0,0.0,0.0,164.05,19.55,0,0.0,0,0,06-MAY-2024,
OPTSTK,TATACOMM,27-Jun-2024,2040.0,CE,0.0,0.0,0.0,144.6,14.75,0,0.0,0,0,06-MAY-2024,
OPTSTK,TATACOMM,27-Jun-2024,1440.0,PE,0.0,0.0,0.0,2.6,7.35,0,0.0,0,0,06-MAY-2024,
OPTSTK,TATACOMM,27-Jun-2024,1480.0,PE,0.0,0.0,0.0,3.95,11.55,0,0.0,0,0,06-MAY-2024,
OPTSTK,TATACOMM,27-Jun-2024,1520.0,PE,0.0,0.0,0.0,5.8,17.35,0,0.0,0,0,06-MAY-2024,
OPTSTK,TATACOMM,27-Jun-2024,1540.0,PE,0.0,0.0,0.0,23.9,21.0,0,0.0,0,0,06-MAY-2024,
OPTSTK,TATACOMM,27-Jun-2024,1560.0,PE,0.0,0.0,0.0,8.3,25.15,0,0.0,0,0,06-MAY-2024,
OPTSTK,TATACOMM,27-Jun-2024,1580.0,PE,0.0,0.0,0.0,32.8,29.9,0,0.0,0,0,06-MAY-2024,
OPTSTK,TATACOMM,27-Jun-2024,1600.0,PE,37.0,45.0,36.95,43.45,43.45,80,656.04,61500,28500,06-MAY-2024,
OPTSTK,TATACOMM,27-Jun-2024,1620.0,PE,0.0,0.0,0.0,43.8,41.1,0,0.0,0,0,06-MAY-2024,
OPTSTK,TATACOMM,27-Jun-2024,1640.0,PE,0.0,0.0,0.0,15.9,47.7,0,0.0,0,0,06-MAY-2024,
OPTSTK,TATACOMM,27-Jun-2024,1660.0,PE,0.0,0.0,0.0,57.15,54.95,0,0.0,0,0,06-MAY-2024,
OPTSTK,TATACOMM,27-Jun-2024,1680.0,PE,0.0,0.0,0.0,21.25,62.9,0,0.0,0,0,06-MAY-2024,
OPTSTK,TATACOMM,27-Jun-2024,1700.0,PE,0.0,0.0,0.0,72.9,71.55,0,0.0,0,0,06-MAY-2024,
OPTSTK,TATACOMM,27-Jun-2024,1720.0,PE,0.0,0.0,0.0,27.85,80.85,0,0.0,0,0,06-MAY-2024,
OPTSTK,TATACOMM,27-Jun-2024,1740.0,PE,0.0,0.0,0.0,91.1,90.85,0,0.0,0,0,06-MAY-2024,
OPTSTK,TATACOMM,27-Jun-2024,1760.0,PE,0.0,0.0,0.0,35.8,101.55,0,0.0,0,0,06-MAY-2024,
OPTSTK,TATACOMM,27-Jun-2024,1780.0,PE,0.0,0.0,0.0,111.65,112.9,0,0.0,0,0,06-MAY-2024,
OPTSTK,TATACOMM,27-Jun-2024,1800.0,PE,0.0,0.0,0.0,110.0,124.85,0,0.0,2000,0,06-MAY-2024,
OPTSTK,TATACOMM,27-Jun-2024,1820.0,PE,0.0,0.0,0.0,134.6,137.5,0,0.0,0,0,06-MAY-2024,
OPTSTK,TATACOMM,27-Jun-2024,1840.0,PE,0.0,0.0,0.0,56.35,150.7,0,0.0,0,0,06-MAY-2024,
OPTSTK,TATACOMM,27-Jun-2024,1860.0,PE,0.0,0.0,0.0,159.75,164.45,0,0.0,0,0,06-MAY-2024,
OPTSTK,TATACOMM,27-Jun-2024,1880.0,PE,0.0,0.0,0.0,69.05,178.8,0,0.0,0,0,06-MAY-2024,
OPTSTK,TATACOMM,27-Jun-2024,1900.0,PE,0.0,0.0,0.0,187.0,193.75,0,0.0,0,0,06-MAY-2024,
OPTSTK,TATACOMM,27-Jun-2024,1920.0,PE,0.0,0.0,0.0,83.55,209.05,0,0.0,0,0,06-MAY-2024,
OPTSTK,TATACOMM,27-Jun-2024,1940.0,PE,0.0,0.0,0.0,216.2,224.75,0,0.0,0,0,06-MAY-2024,
OPTSTK,TATACOMM,27-Jun-2024,1960.0,PE,0.0,0.0,0.0,99.8,240.95,0,0.0,0,0,06-MAY-2024,
OPTSTK,TATACOMM,27-Jun-2024,2000.0,PE,0.0,0.0,0.0,250.0,274.45,0,0.0,1000,0,06-MAY-2024,
OPTSTK,TATACOMM,27-Jun-2024,2040.0,PE,0.0,0.0,0.0,137.75,309.25,0,0.0,0,0,06-MAY-2024,
OPTSTK,TATACOMM,25-Jul-2024,1440.0,CE,0.0,0.0,0.0,346.45,322.45,0,0.0,0,0,06-MAY-2024,
OPTSTK,TATACOMM,25-Jul-2024,1520.0,CE,0.0,0.0,0.0,281.95,257.6,0,0.0,0,0,06-MAY-2024,
OPTSTK,TATACOMM,25-Jul-2024,1560.0,CE,0.0,0.0,0.0,252.2,227.9,0,0.0,0,0,06-MAY-2024,
OPTSTK,TATACOMM,25-Jul-2024,1600.0,CE,0.0,0.0,0.0,224.2,200.05,0,0.0,0,0,06-MAY-2024,
OPTSTK,TATACOMM,25-Jul-2024,1640.0,CE,0.0,0.0,0.0,198.1,174.4,0,0.0,0,0,06-MAY-2024,
OPTSTK,TATACOMM,25-Jul-2024,1680.0,CE,0.0,0.0,0.0,174.05,150.95,0,0.0,0,0,06-MAY-2024,
OPTSTK,TATACOMM,25-Jul-2024,1720.0,CE,0.0,0.0,0.0,152.05,129.75,0,0.0,0,0,06-MAY-2024,
OPTSTK,TATACOMM,25-Jul-2024,1760.0,CE,0.0,0.0,0.0,132.05,110.7,0,0.0,0,0,06-MAY-2024,
OPTSTK,TATACOMM,25-Jul-2024,1800.0,CE,0.0,0.0,0.0,114.05,93.75,0,0.0,0,0,06-MAY-2024,
OPTSTK,TATACOMM,25-Jul-2024,1840.0,CE,0.0,0.0,0.0,97.95,78.9,0,0.0,0,0,06-MAY-2024,
OPTSTK,TATACOMM,25-Jul-2024,1880.0,CE,0.0,0.0,0.0,83.65,65.95,0,0.0,0,0,06-MAY-2024,
OPTSTK,TATACOMM,25-Jul-2024,1920.0,CE,0.0,0.0,0.0,71.05,54.75,0,0.0,0,0,06-MAY-2024,
OPTSTK,TATACOMM,25-Jul-2024,1960.0,CE,0.0,0.0,0.0,60.05,45.25,0,0.0,0,0,06-MAY-2024,
OPTSTK,TATACOMM,25-Jul-2024,2000.0,CE,0.0,0.0,0.0,50.65,37.1,0,0.0,0,0,06-MAY-2024,
OPTSTK,TATACOMM,25-Jul-2024,2080.0,CE,0.0,0.0,0.0,35.3,24.5,0,0.0,0,0,06-MAY-2024,
OPTSTK,TATACOMM,25-Jul-2024,1440.0,PE,0.0,0.0,0.0,17.05,15.2,0,0.0,0,0,06-MAY-2024,
OPTSTK,TATACOMM,25-Jul-2024,1520.0,PE,0.0,0.0,0.0,31.1,29.1,0,0.0,0,0,06-MAY-2024,
OPTSTK,TATACOMM,25-Jul-2024,1560.0,PE,0.0,0.0,0.0,40.65,38.75,0,0.0,0,0,06-MAY-2024,
OPTSTK,TATACOMM,25-Jul-2024,1600.0,PE,0.0,0.0,0.0,51.9,50.25,0,0.0,0,0,06-MAY-2024,
OPTSTK,TATACOMM,25-Jul-2024,1640.0,PE,0.0,0.0,0.0,65.1,64.0,0,0.0,0,0,06-MAY-2024,
OPTSTK,TATACOMM,25-Jul-2024,1680.0,PE,0.0,0.0,0.0,80.35,79.9,0,0.0,0,0,06-MAY-2024,
OPTSTK,TATACOMM,25-Jul-2024,1720.0,PE,0.0,0.0,0.0,97.6,98.05,0,0.0,0,0,06-MAY-2024,
OPTSTK,TATACOMM,25-Jul-2024,1760.0,PE,0.0,0.0,0.0,116.9,118.35,0,0.0,0,0,06-MAY-2024,
OPTSTK,TATACOMM,25-Jul-2024,1800.0,PE,0.0,0.0,0.0,138.15,140.8,0,0.0,0,0,06-MAY-2024,
OPTSTK,TATACOMM,25-Jul-2024,1840.0,PE,0.0,0.0,0.0,161.3,165.3,0,0.0,0,0,06-MAY-2024,
OPTSTK,TATACOMM,25-Jul-2024,1880.0,PE,0.0,0.0,0.0,186.3,191.7,0,0.0,0,0,06-MAY-2024,
OPTSTK,TATACOMM,25-Jul-2024,1920.0,PE,0.0,0.0,0.0,213.0,219.9,0,0.0,0,0,06-MAY-2024,
OPTSTK,TATACOMM,25-Jul-2024,1960.0,PE,0.0,0.0,0.0,241.3,249.8,0,0.0,0,0,06-MAY-2024,
OPTSTK,TATACOMM,25-Jul-2024,2000.0,PE,0.0,0.0,0.0,271.1,280.95,0,0.0,0,0,06-MAY-2024,
OPTSTK,TATACOMM,25-Jul-2024,2080.0,PE,0.0,0.0,0.0,334.35,347.1,0,0.0,0,0,06-MAY-2024,
OPTSTK,TATACONSUM,30-May-2024,920.0,CE,0.0,0.0,0.0,186.0,182.5,0,0.0,64800,0,06-MAY-2024,
OPTSTK,TATACONSUM,30-May-2024,940.0,CE,0.0,0.0,0.0,157.6,162.8,0,0.0,18900,0,06-MAY-2024,
OPTSTK,TATACONSUM,30-May-2024,960.0,CE,0.0,0.0,0.0,249.2,143.25,0,0.0,0,0,06-MAY-2024,
OPTSTK,TATACONSUM,30-May-2024,970.0,CE,0.0,0.0,0.0,143.65,133.6,0,0.0,0,0,06-MAY-2024,
OPTSTK,TATACONSUM,30-May-2024,980.0,CE,122.35,128.65,122.35,128.65,124.05,4,19.89,0,0,06-MAY-2024,
OPTSTK,TATACONSUM,30-May-2024,990.0,CE,0.0,0.0,0.0,126.6,114.7,0,0.0,0,0,06-MAY-2024,
OPTSTK,TATACONSUM,30-May-2024,1000.0,CE,99.0,105.8,99.0,105.8,105.5,2,9.92,15750,450,06-MAY-2024,
OPTSTK,TATACONSUM,30-May-2024,1010.0,CE,91.0,91.0,91.0,91.0,96.5,2,9.9,4050,900,06-MAY-2024,
OPTSTK,TATACONSUM,30-May-2024,1020.0,CE,87.0,87.0,87.0,87.0,87.8,1,4.98,29700,0,06-MAY-2024,
OPTSTK,TATACONSUM,30-May-2024,1030.0,CE,0.0,0.0,0.0,87.5,79.4,0,0.0,1800,0,06-MAY-2024,
OPTSTK,TATACONSUM,30-May-2024,1040.0,CE,67.8,71.1,64.55,66.85,71.35,9,44.84,900,450,06-MAY-2024,
OPTSTK,TATACONSUM,30-May-2024,1050.0,CE,0.0,0.0,0.0,57.6,63.65,0,0.0,17550,0,06-MAY-2024,
OPTSTK,TATACONSUM,30-May-2024,1060.0,CE,53.25,53.75,51.25,53.75,56.45,4,20.03,3150,900,06-MAY-2024,
OPTSTK,TATACONSUM,30-May-2024,1070.0,CE,44.25,44.5,43.2,43.2,43.2,5,25.06,12600,1350,06-MAY-2024,
OPTSTK,TATACONSUM,30-May-2024,1080.0,CE,42.0,43.9,35.4,37.3,37.3,123,618.86,52200,-3600,06-MAY-2024,
OPTSTK,TATACONSUM,30-May-2024,1090.0,CE,36.0,38.4,30.0,31.65,31.65,346,1748.43,103050,13500,06-MAY-2024,
OPTSTK,TATACONSUM,30-May-2024,1100.0,CE,29.85,32.75,25.0,27.15,27.15,2617,13286.2,649350,-10800,06-MAY-2024,
OPTSTK,TATACONSUM,30-May-2024,1110.0,CE,29.9,29.9,21.2,22.8,22.8,829,4229.93,300150,-9900,06-MAY-2024,
OPTSTK,TATACONSUM,30-May-2024,1120.0,CE,19.5,23.45,17.65,19.05,19.05,1280,6566.44,554850,-13950,06-MAY-2024,
OPTSTK,TATACONSUM,30-May-2024,1130.0,CE,17.85,19.65,15.0,16.2,16.2,716,3695.13,306450,-9000,06-MAY-2024,
OPTSTK,TATACONSUM,30-May-2024,1140.0,CE,15.0,16.2,12.3,13.5,13.5,569,2954.72,260100,-21600,06-MAY-2024,
OPTSTK,TATACONSUM,30-May-2024,1150.0,CE,12.65,13.7,10.35,11.3,11.3,1556,8134.62,847800,-5400,06-MAY-2024,
OPTSTK,TATACONSUM,30-May-2024,1160.0,CE,10.25,11.25,8.75,9.45,9.45,543,2858.57,343800,19800,06-MAY-2024,
OPTSTK,TATACONSUM,30-May-2024,1170.0,CE,8.8,9.5,7.25,7.95,7.95,251,1330.67,248850,4950,06-MAY-2024,
OPTSTK,TATACONSUM,30-May-2024,1180.0,CE,7.45,7.8,6.1,6.65,6.65,228,1217.75,391950,4950,06-MAY-2024,
OPTSTK,TATACONSUM,30-May-2024,1190.0,CE,5.45,6.6,5.3,5.55,5.75,31,166.8,151650,-1350,06-MAY-2024,
OPTSTK,TATACONSUM,30-May-2024,1200.0,CE,5.15,5.55,4.4,4.8,4.8,1036,5617.02,2013300,-13500,06-MAY-2024,
OPTSTK,TATACONSUM,30-May-2024,1210.0,CE,4.45,4.6,3.8,3.9,3.9,44,240.41,90900,1800,06-MAY-2024,
OPTSTK,TATACONSUM,30-May-2024,1220.0,CE,3.35,3.85,3.05,3.25,3.25,143,787.21,171450,2700,06-MAY-2024,
OPTSTK,TATACONSUM,30-May-2024,1230.0,CE,3.0,3.0,2.6,2.75,2.75,64,355.03,72000,1800,06-MAY-2024,
OPTSTK,TATACONSUM,30-May-2024,1240.0,CE,2.45,2.7,2.2,2.35,2.35,149,833.01,54900,-6300,06-MAY-2024,
OPTSTK,TATACONSUM,30-May-2024,1250.0,CE,2.0,2.3,1.8,1.95,1.95,358,2016.98,411750,16200,06-MAY-2024,
OPTSTK,TATACONSUM,30-May-2024,1260.0,CE,2.35,2.35,1.25,1.35,1.35,11,62.45,30600,-1350,06-MAY-2024,
OPTSTK,TATACONSUM,30-May-2024,1270.0,CE,1.25,1.6,1.25,1.6,0.7,2,11.44,62100,-450,06-MAY-2024,
OPTSTK,TATACONSUM,30-May-2024,1280.0,CE,0.0,0.0,0.0,1.75,0.55,0,0.0,2250,0,06-MAY-2024,
OPTSTK,TATACONSUM,30-May-2024,1290.0,CE,1.9,1.9,0.8,0.9,0.9,22,127.8,21150,-4950,06-MAY-2024,
OPTSTK,TATACONSUM,30-May-2024,1300.0,CE,1.0,1.05,0.85,1.0,1.0,200,1170.85,568350,-21150,06-MAY-2024,
OPTSTK,TATACONSUM,30-May-2024,1320.0,CE,0.6,0.6,0.6,0.6,0.6,2,11.88,56250,-900,06-MAY-2024,
OPTSTK,TATACONSUM,30-May-2024,1340.0,CE,0.0,0.0,0.0,6.5,0.1,0,0.0,900,0,06-MAY-2024,
OPTSTK,TATACONSUM,30-May-2024,1400.0,CE,0.6,0.65,0.55,0.65,0.05,5,31.51,249750,-900,06-MAY-2024,
OPTSTK,TATACONSUM,30-May-2024,920.0,PE,0.7,0.7,0.55,0.7,0.15,12,49.71,14850,2250,06-MAY-2024,
OPTSTK,TATACONSUM,30-May-2024,940.0,PE,0.0,0.0,0.0,1.1,0.3,0,0.0,0,0,06-MAY-2024,
OPTSTK,TATACONSUM,30-May-2024,950.0,PE,0.0,0.0,0.0,1.4,0.45,0,0.0,450,0,06-MAY-2024,
OPTSTK,TATACONSUM,30-May-2024,960.0,PE,0.0,0.0,0.0,1.1,0.65,0,0.0,16650,0,06-MAY-2024,
OPTSTK,TATACONSUM,30-May-2024,970.0,PE,0.0,0.0,0.0,5.6,0.95,0,0.0,0,0,06-MAY-2024,
OPTSTK,TATACONSUM,30-May-2024,980.0,PE,2.6,2.85,2.2,2.5,2.5,90,397.9,51750,-5400,06-MAY-2024,
OPTSTK,TATACONSUM,30-May-2024,990.0,PE,1.9,3.4,1.9,3.15,3.15,19,84.88,17100,0,06-MAY-2024,
OPTSTK,TATACONSUM,30-May-2024,1000.0,PE,3.4,4.35,2.8,3.9,3.9,433,1955.59,675900,-23400,06-MAY-2024,
OPTSTK,TATACONSUM,30-May-2024,1010.0,PE,3.8,5.05,3.35,4.6,4.6,39,177.98,57600,1350,06-MAY-2024,
OPTSTK,TATACONSUM,30-May-2024,1020.0,PE,4.7,6.2,3.9,5.6,5.6,268,1236.58,142650,-6300,06-MAY-2024,
OPTSTK,TATACONSUM,30-May-2024,1030.0,PE,5.25,7.45,5.25,6.95,6.95,94,438.48,81900,-7200,06-MAY-2024,
OPTSTK,TATACONSUM,30-May-2024,1040.0,PE,6.95,9.2,6.35,8.45,8.45,225,1061.32,126450,-4950,06-MAY-2024,
OPTSTK,TATACONSUM,30-May-2024,1050.0,PE,10.2,11.45,7.4,10.65,10.65,609,2905.85,564300,-47250,06-MAY-2024,
OPTSTK,TATACONSUM,30-May-2024,1060.0,PE,11.8,14.0,9.6,12.8,12.8,376,1814.25,155250,-13950,06-MAY-2024,
OPTSTK,TATACONSUM,30-May-2024,1070.0,PE,14.85,17.35,12.95,15.95,15.95,118,576.29,129150,1800,06-MAY-2024,
OPTSTK,TATACONSUM,30-May-2024,1080.0,PE,17.95,21.85,15.0,19.65,19.65,327,1617.5,344250,1350,06-MAY-2024,
OPTSTK,TATACONSUM,30-May-2024,1090.0,PE,20.95,26.6,18.65,24.05,24.05,249,1247.68,404100,1350,06-MAY-2024,
OPTSTK,TATACONSUM,30-May-2024,1100.0,PE,27.0,32.25,22.85,28.95,28.95,1656,8407.15,955350,-10350,06-MAY-2024,
OPTSTK,TATACONSUM,30-May-2024,1110.0,PE,31.5,36.8,27.95,34.7,34.7,249,1281.74,271350,4500,06-MAY-2024,
OPTSTK,TATACONSUM,30-May-2024,1120.0,PE,37.1,43.05,37.1,41.3,41.3,55,287.38,148500,-900,06-MAY-2024,
OPTSTK,TATACONSUM,30-May-2024,1130.0,PE,44.75,49.75,44.75,48.0,46.25,30,159.1,79650,450,06-MAY-2024,
OPTSTK,TATACONSUM,30-May-2024,1140.0,PE,0.0,0.0,0.0,55.75,52.9,0,0.0,29250,0,06-MAY-2024,
OPTSTK,TATACONSUM,30-May-2024,1150.0,PE,63.65,65.55,60.0,64.5,64.5,16,87.43,166500,-450,06-MAY-2024,
OPTSTK,TATACONSUM,30-May-2024,1160.0,PE,69.85,71.55,69.85,71.55,67.55,2,11.07,40500,450,06-MAY-2024,
OPTSTK,TATACONSUM,30-May-2024,1170.0,PE,80.9,81.25,80.9,81.25,75.4,2,11.25,64800,-900,06-MAY-2024,
OPTSTK,TATACONSUM,30-May-2024,1180.0,PE,83.4,89.55,83.4,89.55,83.6,3,17.09,50850,0,06-MAY-2024,
OPTSTK,TATACONSUM,30-May-2024,1190.0,PE,0.0,0.0,0.0,87.35,92.1,0,0.0,79200,0,06-MAY-2024,
OPTSTK,TATACONSUM,30-May-2024,1200.0,PE,108.0,108.0,108.0,108.0,100.85,4,23.54,236250,0,06-MAY-2024,
OPTSTK,TATACONSUM,30-May-2024,1210.0,PE,0.0,0.0,0.0,113.75,109.85,0,0.0,0,0,06-MAY-2024,
OPTSTK,TATACONSUM,30-May-2024,1220.0,PE,0.0,0.0,0.0,64.2,119.0,0,0.0,0,0,06-MAY-2024,
OPTSTK,TATACONSUM,30-May-2024,1230.0,PE,0.0,0.0,0.0,130.05,128.35,0,0.0,0,0,06-MAY-2024,
OPTSTK,TATACONSUM,30-May-2024,1240.0,PE,0.0,0.0,0.0,75.4,137.8,0,0.0,0,0,06-MAY-2024,
OPTSTK,TATACONSUM,30-May-2024,1250.0,PE,0.0,0.0,0.0,96.8,147.35,0,0.0,9000,0,06-MAY-2024,
OPTSTK,TATACONSUM,30-May-2024,1260.0,PE,0.0,0.0,0.0,87.6,157.0,0,0.0,0,0,06-MAY-2024,
OPTSTK,TATACONSUM,30-May-2024,1280.0,PE,0.0,0.0,0.0,100.7,176.5,0,0.0,0,0,06-MAY-2024,
OPTSTK,TATACONSUM,30-May-2024,1300.0,PE,193.9,193.9,191.85,191.85,196.15,2,13.43,36000,-900,06-MAY-2024,
OPTSTK,TATACONSUM,27-Jun-2024,920.0,CE,0.0,0.0,0.0,196.65,189.1,0,0.0,0,0,06-MAY-2024,
OPTSTK,TATACONSUM,27-Jun-2024,940.0,CE,0.0,0.0,0.0,178.8,170.25,0,0.0,0,0,06-MAY-2024,
OPTSTK,TATACONSUM,27-Jun-2024,960.0,CE,0.0,0.0,0.0,161.5,151.9,0,0.0,0,0,06-MAY-2024,
OPTSTK,TATACONSUM,27-Jun-2024,970.0,CE,0.0,0.0,0.0,154.45,143.0,0,0.0,0,0,06-MAY-2024,
OPTSTK,TATACONSUM,27-Jun-2024,980.0,CE,0.0,0.0,0.0,144.95,134.25,0,0.0,0,0,06-MAY-2024,
OPTSTK,TATACONSUM,27-Jun-2024,990.0,CE,0.0,0.0,0.0,137.35,125.7,0,0.0,0,0,06-MAY-2024,
OPTSTK,TATACONSUM,27-Jun-2024,1000.0,CE,0.0,0.0,0.0,129.15,117.35,0,0.0,0,0,06-MAY-2024,
OPTSTK,TATACONSUM,27-Jun-2024,1010.0,CE,0.0,0.0,0.0,121.1,109.25,0,0.0,0,0,06-MAY-2024,
OPTSTK,TATACONSUM,27-Jun-2024,1020.0,CE,0.0,0.0,0.0,114.3,101.4,0,0.0,0,0,06-MAY-2024,
OPTSTK,TATACONSUM,27-Jun-2024,1030.0,CE,0.0,0.0,0.0,105.75,93.85,0,0.0,0,0,06-MAY-2024,
OPTSTK,TATACONSUM,27-Jun-2024,1040.0,CE,0.0,0.0,0.0,100.3,86.65,0,0.0,0,0,06-MAY-2024,
OPTSTK,TATACONSUM,27-Jun-2024,1050.0,CE,0.0,0.0,0.0,91.5,79.65,0,0.0,0,0,06-MAY-2024,
OPTSTK,TATACONSUM,27-Jun-2024,1060.0,CE,0.0,0.0,0.0,87.4,73.05,0,0.0,0,0,06-MAY-2024,
OPTSTK,TATACONSUM,27-Jun-2024,1070.0,CE,0.0,0.0,0.0,78.4,66.75,0,0.0,0,0,06-MAY-2024,
OPTSTK,TATACONSUM,27-Jun-2024,1080.0,CE,0.0,0.0,0.0,75.6,60.8,0,0.0,0,0,06-MAY-2024,
OPTSTK,TATACONSUM,27-Jun-2024,1090.0,CE,0.0,0.0,0.0,48.85,55.2,0,0.0,1350,0,06-MAY-2024,
OPTSTK,TATACONSUM,27-Jun-2024,1100.0,CE,0.0,0.0,0.0,46.5,49.95,0,0.0,3150,0,06-MAY-2024,
OPTSTK,TATACONSUM,27-Jun-2024,1110.0,CE,0.0,0.0,0.0,55.8,45.05,0,0.0,0,0,06-MAY-2024,
OPTSTK,TATACONSUM,27-Jun-2024,1120.0,CE,0.0,0.0,0.0,55.2,40.5,0,0.0,0,0,06-MAY-2024,
OPTSTK,TATACONSUM,27-Jun-2024,1130.0,CE,0.0,0.0,0.0,46.35,36.25,0,0.0,0,0,06-MAY-2024,
OPTSTK,TATACONSUM,27-Jun-2024,1140.0,CE,0.0,0.0,0.0,46.65,32.35,0,0.0,0,0,06-MAY-2024,
OPTSTK,TATACONSUM,27-Jun-2024,1150.0,CE,0.0,0.0,0.0,38.15,28.8,0,0.0,0,0,06-MAY-2024,
OPTSTK,TATACONSUM,27-Jun-2024,1160.0,CE,0.0,0.0,0.0,60.0,25.55,0,0.0,900,0,06-MAY-2024,
OPTSTK,TATACONSUM,27-Jun-2024,1170.0,CE,0.0,0.0,0.0,31.05,22.55,0,0.0,0,0,06-MAY-2024,
OPTSTK,TATACONSUM,27-Jun-2024,1180.0,CE,0.0,0.0,0.0,32.5,19.85,0,0.0,0,0,06-MAY-2024,
OPTSTK,TATACONSUM,27-Jun-2024,1190.0,CE,0.0,0.0,0.0,25.0,17.5,0,0.0,0,0,06-MAY-2024,
OPTSTK,TATACONSUM,27-Jun-2024,1200.0,CE,16.2,22.5,16.2,20.0,20.0,141,774.02,57150,53550,06-MAY-2024,
OPTSTK,TATACONSUM,27-Jun-2024,1210.0,CE,0.0,0.0,0.0,20.0,13.3,0,0.0,0,0,06-MAY-2024,
OPTSTK,TATACONSUM,27-Jun-2024,1220.0,CE,0.0,0.0,0.0,22.05,11.55,0,0.0,0,0,06-MAY-2024,
OPTSTK,TATACONSUM,27-Jun-2024,1230.0,CE,0.0,0.0,0.0,15.75,10.05,0,0.0,0,0,06-MAY-2024,
OPTSTK,TATACONSUM,27-Jun-2024,1240.0,CE,0.0,0.0,0.0,17.9,8.65,0,0.0,0,0,06-MAY-2024,
OPTSTK,TATACONSUM,27-Jun-2024,1260.0,CE,0.0,0.0,0.0,14.45,6.4,0,0.0,0,0,06-MAY-2024,
OPTSTK,TATACONSUM,27-Jun-2024,1280.0,CE,0.0,0.0,0.0,11.6,4.65,0,0.0,0,0,06-MAY-2024,
OPTSTK,TATACONSUM,27-Jun-2024,1360.0,CE,0.0,0.0,0.0,8.1,1.2,0,0.0,900,0,06-MAY-2024,
OPTSTK,TATACONSUM,27-Jun-2024,920.0,PE,0.0,0.0,0.0,4.0,1.45,0,0.0,0,0,06-MAY-2024,
OPTSTK,TATACONSUM,27-Jun-2024,940.0,PE,0.0,0.0,0.0,5.8,2.4,0,0.0,0,0,06-MAY-2024,
OPTSTK,TATACONSUM,27-Jun-2024,960.0,PE,0.0,0.0,0.0,8.15,3.9,0,0.0,0,0,06-MAY-2024,
OPTSTK,TATACONSUM,27-Jun-2024,970.0,PE,0.0,0.0,0.0,6.0,4.85,0,0.0,0,0,06-MAY-2024,
OPTSTK,TATACONSUM,27-Jun-2024,980.0,PE,0.0,0.0,0.0,11.25,6.0,0,0.0,0,0,06-MAY-2024,
OPTSTK,TATACONSUM,27-Jun-2024,990.0,PE,0.0,0.0,0.0,5.35,7.3,0,0.0,0,0,06-MAY-2024,
OPTSTK,TATACONSUM,27-Jun-2024,1000.0,PE,12.0,12.0,11.2,11.2,8.9,4,18.2,1800,1800,06-MAY-2024,
OPTSTK,TATACONSUM,27-Jun-2024,1010.0,PE,0.0,0.0,0.0,12.15,10.7,0,0.0,0,0,06-MAY-2024,
OPTSTK,TATACONSUM,27-Jun-2024,1020.0,PE,0.0,0.0,0.0,19.9,12.75,0,0.0,0,0,06-MAY-2024,
OPTSTK,TATACONSUM,27-Jun-2024,1030.0,PE,0.0,0.0,0.0,16.6,15.1,0,0.0,0,0,06-MAY-2024,
OPTSTK,TATACONSUM,27-Jun-2024,1040.0,PE,0.0,0.0,0.0,25.55,17.75,0,0.0,0,0,06-MAY-2024,
OPTSTK,TATACONSUM,27-Jun-2024,1050.0,PE,0.0,0.0,0.0,22.1,20.7,0,0.0,0,0,06-MAY-2024,
OPTSTK,TATACONSUM,27-Jun-2024,1060.0,PE,0.0,0.0,0.0,32.3,23.95,0,0.0,0,0,06-MAY-2024,
OPTSTK,TATACONSUM,27-Jun-2024,1070.0,PE,0.0,0.0,0.0,28.7,27.55,0,0.0,0,0,06-MAY-2024,
OPTSTK,TATACONSUM,27-Jun-2024,1080.0,PE,0.0,0.0,0.0,40.1,31.5,0,0.0,0,0,06-MAY-2024,
OPTSTK,TATACONSUM,27-Jun-2024,1090.0,PE,0.0,0.0,0.0,36.55,35.8,0,0.0,0,0,06-MAY-2024,
OPTSTK,TATACONSUM,27-Jun-2024,1100.0,PE,0.0,0.0,0.0,49.0,40.45,0,0.0,0,0,06-MAY-2024,
OPTSTK,TATACONSUM,27-Jun-2024,1110.0,PE,0.0,0.0,0.0,45.65,45.45,0,0.0,0,0,06-MAY-2024,
OPTSTK,TATACONSUM,27-Jun-2024,1120.0,PE,0.0,0.0,0.0,59.0,50.8,0,0.0,0,0,06-MAY-2024,
OPTSTK,TATACONSUM,27-Jun-2024,1130.0,PE,0.0,0.0,0.0,55.95,56.45,0,0.0,0,0,06-MAY-2024,
OPTSTK,TATACONSUM,27-Jun-2024,1140.0,PE,0.0,0.0,0.0,70.05,62.45,0,0.0,0,0,06-MAY-2024,
OPTSTK,TATACONSUM,27-Jun-2024,1150.0,PE,0.0,0.0,0.0,67.45,68.8,0,0.0,0,0,06-MAY-2024,
OPTSTK,TATACONSUM,27-Jun-2024,1160.0,PE,0.0,0.0,0.0,82.15,75.45,0,0.0,0,0,06-MAY-2024,
OPTSTK,TATACONSUM,27-Jun-2024,1170.0,PE,0.0,0.0,0.0,80.1,82.35,0,0.0,0,0,06-MAY-2024,
OPTSTK,TATACONSUM,27-Jun-2024,1180.0,PE,0.0,0.0,0.0,95.2,89.55,0,0.0,0,0,06-MAY-2024,
OPTSTK,TATACONSUM,27-Jun-2024,1190.0,PE,0.0,0.0,0.0,93.8,97.1,0,0.0,0,0,06-MAY-2024,
OPTSTK,TATACONSUM,27-Jun-2024,1200.0,PE,0.0,0.0,0.0,109.2,104.75,0,0.0,0,0,06-MAY-2024,
OPTSTK,TATACONSUM,27-Jun-2024,1210.0,PE,0.0,0.0,0.0,108.55,112.7,0,0.0,0,0,06-MAY-2024,
OPTSTK,TATACONSUM,27-Jun-2024,1220.0,PE,0.0,0.0,0.0,124.05,120.85,0,0.0,0,0,06-MAY-2024,
OPTSTK,TATACONSUM,27-Jun-2024,1230.0,PE,0.0,0.0,0.0,124.1,129.2,0,0.0,0,0,06-MAY-2024,
OPTSTK,TATACONSUM,27-Jun-2024,1240.0,PE,0.0,0.0,0.0,139.55,137.75,0,0.0,0,0,06-MAY-2024,
OPTSTK,TATACONSUM,27-Jun-2024,1260.0,PE,0.0,0.0,0.0,155.75,155.25,0,0.0,0,0,06-MAY-2024,
OPTSTK,TATACONSUM,27-Jun-2024,1280.0,PE,0.0,0.0,0.0,172.5,173.3,0,0.0,0,0,06-MAY-2024,
OPTSTK,TATACONSUM,25-Jul-2024,880.0,CE,0.0,0.0,0.0,244.15,233.65,0,0.0,0,0,06-MAY-2024,
OPTSTK,TATACONSUM,25-Jul-2024,920.0,CE,0.0,0.0,0.0,207.3,196.4,0,0.0,0,0,06-MAY-2024,
OPTSTK,TATACONSUM,25-Jul-2024,960.0,CE,0.0,0.0,0.0,172.3,161.1,0,0.0,0,0,06-MAY-2024,
OPTSTK,TATACONSUM,25-Jul-2024,980.0,CE,0.0,0.0,0.0,155.7,144.4,0,0.0,0,0,06-MAY-2024,
OPTSTK,TATACONSUM,25-Jul-2024,1000.0,CE,0.0,0.0,0.0,139.85,128.5,0,0.0,0,0,06-MAY-2024,
OPTSTK,TATACONSUM,25-Jul-2024,1020.0,CE,0.0,0.0,0.0,124.9,113.55,0,0.0,0,0,06-MAY-2024,
OPTSTK,TATACONSUM,25-Jul-2024,1040.0,CE,0.0,0.0,0.0,110.75,99.45,0,0.0,0,0,06-MAY-2024,
OPTSTK,TATACONSUM,25-Jul-2024,1060.0,CE,0.0,0.0,0.0,97.55,86.45,0,0.0,0,0,06-MAY-2024,
OPTSTK,TATACONSUM,25-Jul-2024,1080.0,CE,0.0,0.0,0.0,85.4,74.6,0,0.0,0,0,06-MAY-2024,
OPTSTK,TATACONSUM,25-Jul-2024,1100.0,CE,0.0,0.0,0.0,74.25,63.8,0,0.0,0,0,06-MAY-2024,
OPTSTK,TATACONSUM,25-Jul-2024,1120.0,CE,0.0,0.0,0.0,64.15,54.15,0,0.0,0,0,06-MAY-2024,
OPTSTK,TATACONSUM,25-Jul-2024,1140.0,CE,0.0,0.0,0.0,55.05,45.6,0,0.0,0,0,06-MAY-2024,
OPTSTK,TATACONSUM,25-Jul-2024,1160.0,CE,0.0,0.0,0.0,46.9,38.05,0,0.0,0,0,06-MAY-2024,
OPTSTK,TATACONSUM,25-Jul-2024,1180.0,CE,0.0,0.0,0.0,39.7,31.5,0,0.0,0,0,06-MAY-2024,
OPTSTK,TATACONSUM,25-Jul-2024,1200.0,CE,0.0,0.0,0.0,33.4,25.9,0,0.0,0,0,06-MAY-2024,
OPTSTK,TATACONSUM,25-Jul-2024,1220.0,CE,0.0,0.0,0.0,27.95,21.2,0,0.0,0,0,06-MAY-2024,
OPTSTK,TATACONSUM,25-Jul-2024,1240.0,CE,0.0,0.0,0.0,23.25,17.1,0,0.0,0,0,06-MAY-2024,
OPTSTK,TATACONSUM,25-Jul-2024,1280.0,CE,0.0,0.0,0.0,15.75,10.95,0,0.0,0,0,06-MAY-2024,
OPTSTK,TATACONSUM,25-Jul-2024,1320.0,CE,0.0,0.0,0.0,10.45,6.8,0,0.0,0,0,06-MAY-2024,
OPTSTK,TATACONSUM,25-Jul-2024,880.0,PE,0.0,0.0,0.0,2.05,1.6,0,0.0,0,0,06-MAY-2024,
OPTSTK,TATACONSUM,25-Jul-2024,920.0,PE,0.0,0.0,0.0,4.45,3.7,0,0.0,0,0,06-MAY-2024,
OPTSTK,TATACONSUM,25-Jul-2024,960.0,PE,0.0,0.0,0.0,8.7,7.75,0,0.0,0,0,06-MAY-2024,
OPTSTK,TATACONSUM,25-Jul-2024,980.0,PE,0.0,0.0,0.0,11.75,10.75,0,0.0,0,0,06-MAY-2024,
OPTSTK,TATACONSUM,25-Jul-2024,1000.0,PE,0.0,0.0,0.0,15.55,14.55,0,0.0,0,0,06-MAY-2024,
OPTSTK,TATACONSUM,25-Jul-2024,1020.0,PE,0.0,0.0,0.0,20.25,19.25,0,0.0,0,0,06-MAY-2024,
OPTSTK,TATACONSUM,25-Jul-2024,1040.0,PE,0.0,0.0,0.0,25.7,24.85,0,0.0,0,0,06-MAY-2024,
OPTSTK,TATACONSUM,25-Jul-2024,1060.0,PE,0.0,0.0,0.0,32.2,31.55,0,0.0,0,0,06-MAY-2024,
OPTSTK,TATACONSUM,25-Jul-2024,1080.0,PE,0.0,0.0,0.0,39.65,39.35,0,0.0,0,0,06-MAY-2024,
OPTSTK,TATACONSUM,25-Jul-2024,1100.0,PE,0.0,0.0,0.0,48.15,48.3,0,0.0,0,0,06-MAY-2024,
OPTSTK,TATACONSUM,25-Jul-2024,1120.0,PE,0.0,0.0,0.0,57.65,58.3,0,0.0,0,0,06-MAY-2024,
OPTSTK,TATACONSUM,25-Jul-2024,1140.0,PE,0.0,0.0,0.0,68.2,69.4,0,0.0,0,0,06-MAY-2024,
OPTSTK,TATACONSUM,25-Jul-2024,1160.0,PE,0.0,0.0,0.0,79.7,81.55,0,0.0,0,0,06-MAY-2024,
OPTSTK,TATACONSUM,25-Jul-2024,1180.0,PE,0.0,0.0,0.0,92.15,94.7,0,0.0,0,0,06-MAY-2024,
OPTSTK,TATACONSUM,25-Jul-2024,1200.0,PE,0.0,0.0,0.0,105.5,108.8,0,0.0,0,0,06-MAY-2024,
OPTSTK,TATACONSUM,25-Jul-2024,1220.0,PE,0.0,0.0,0.0,119.65,123.75,0,0.0,0,0,06-MAY-2024,
OPTSTK,TATACONSUM,25-Jul-2024,1240.0,PE,0.0,0.0,0.0,134.6,139.35,0,0.0,0,0,06-MAY-2024,
OPTSTK,TATACONSUM,25-Jul-2024,1280.0,PE,0.0,0.0,0.0,166.4,172.6,0,0.0,0,0,06-MAY-2024,
OPTSTK,TATACONSUM,25-Jul-2024,1320.0,PE,0.0,0.0,0.0,200.35,207.8,0,0.0,0,0,06-MAY-2024,
OPTSTK,TATAMOTORS,30-May-2024,820.0,CE,198.6,201.0,198.6,201.0,200.1,2,29.06,82650,0,06-MAY-2024,
OPTSTK,TATAMOTORS,30-May-2024,840.0,CE,174.95,174.95,174.95,174.95,180.4,1,14.46,74100,-1425,06-MAY-2024,
OPTSTK,TATAMOTORS,30-May-2024,860.0,CE,0.0,0.0,0.0,179.0,160.8,0,0.0,42750,0,06-MAY-2024,
OPTSTK,TATAMOTORS,30-May-2024,870.0,CE,0.0,0.0,0.0,155.0,151.15,0,0.0,4275,0,06-MAY-2024,
OPTSTK,TATAMOTORS,30-May-2024,880.0,CE,0.0,0.0,0.0,139.9,141.6,0,0.0,11400,0,06-MAY-2024,
OPTSTK,TATAMOTORS,30-May-2024,900.0,CE,127.6,127.6,114.4,124.35,124.35,16,232.94,460275,1425,06-MAY-2024,
OPTSTK,TATAMOTORS,30-May-2024,910.0,CE,0.0,0.0,0.0,102.05,113.7,0,0.0,32775,0,06-MAY-2024,
OPTSTK,TATAMOTORS,30-May-2024,920.0,CE,0.0,0.0,0.0,101.1,104.85,0,0.0,101175,0,06-MAY-2024,
OPTSTK,TATAMOTORS,30-May-2024,930.0,CE,92.5,97.6,92.5,97.6,96.2,4,58.35,139650,-1425,06-MAY-2024,
OPTSTK,TATAMOTORS,30-May-2024,940.0,CE,90.25,90.45,80.4,88.8,87.85,14,204.55,48450,5700,06-MAY-2024,
OPTSTK,TATAMOTORS,30-May-2024,950.0,CE,79.6,82.8,72.25,79.65,79.65,106,1551.36,517275,-69825,06-MAY-2024,
OPTSTK,TATAMOTORS,30-May-2024,960.0,CE,69.8,73.35,68.15,71.95,71.95,13,191.0,145350,5700,06-MAY-2024,
OPTSTK,TATAMOTORS,30-May-2024,970.0,CE,66.0,66.95,57.75,64.75,64.75,55,809.7,259350,14250,06-MAY-2024,
OPTSTK,TATAMOTORS,30-May-2024,980.0,CE,59.0,59.2,51.1,57.45,57.45,98,1446.3,407550,-11400,06-MAY-2024,
OPTSTK,TATAMOTORS,30-May-2024,990.0,CE,50.5,52.6,45.05,50.6,50.6,112,1658.85,376200,-5700,06-MAY-2024,
OPTSTK,TATAMOTORS,30-May-2024,1000.0,CE,43.9,47.1,39.3,44.6,44.6,1579,23477.83,2902725,7125,06-MAY-2024,
OPTSTK,TATAMOTORS,30-May-2024,1010.0,CE,39.5,41.4,33.8,39.0,39.0,1529,22827.18,1145700,15675,06-MAY-2024,
OPTSTK,TATAMOTORS,30-May-2024,1020.0,CE,35.4,36.0,29.35,34.0,34.0,2942,44147.03,2691825,99750,06-MAY-2024,
OPTSTK,TATAMOTORS,30-May-2024,1030.0,CE,38.5,38.5,25.15,29.4,29.4,1976,29802.48,2251500,129675,06-MAY-2024,
OPTSTK,TATAMOTORS,30-May-2024,1040.0,CE,27.0,27.2,21.6,25.2,25.2,2193,33263.75,2765925,-92625,06-MAY-2024,
OPTSTK,TATAMOTORS,30-May-2024,1050.0,CE,22.0,23.45,18.2,21.6,21.6,2953,45047.05,3810450,72675,06-MAY-2024,
OPTSTK,TATAMOTORS,30-May-2024,1060.0,CE,18.5,19.0,15.35,18.35,18.35,1889,29002.29,1682925,65550,06-MAY-2024,
OPTSTK,TATAMOTORS,30-May-2024,1070.0,CE,15.9,16.75,13.0,15.55,15.55,959,14823.71,1286775,38475,06-MAY-2024,
OPTSTK,TATAMOTORS,30-May-2024,1080.0,CE,12.85,14.0,10.75,13.1,13.1,982,15285.03,1078725,-11400,06-MAY-2024,
OPTSTK,TATAMOTORS,30-May-2024,1090.0,CE,11.7,12.0,9.05,11.05,11.05,511,8013.95,635550,8550,06-MAY-2024,
OPTSTK,TATAMOTORS,30-May-2024,1100.0,CE,10.0,10.3,7.5,9.4,9.4,2804,44305.43,5121450,-32775,06-MAY-2024,
OPTSTK,TATAMOTORS,30-May-2024,1110.0,CE,8.45,8.55,6.25,7.8,7.8,379,6034.86,597075,-14250,06-MAY-2024,
OPTSTK,TATAMOTORS,30-May-2024,1120.0,CE,7.15,7.15,5.25,6.5,6.5,529,8489.49,1028850,-14250,06-MAY-2024,
OPTSTK,TATAMOTORS,30-May-2024,1130.0,CE,5.55,5.75,4.55,5.45,5.45,116,1876.49,173850,15675,06-MAY-2024,
OPTSTK,TATAMOTORS,30-May-2024,1140.0,CE,4.95,4.95,3.75,4.5,4.5,931,15180.84,1373700,0,06-MAY-2024,
OPTSTK,TATAMOTORS,30-May-2024,1160.0,CE,3.25,3.6,2.65,3.1,3.1,820,13589.88,1303875,293550,06-MAY-2024,
OPTSTK,TATAMOTORS,30-May-2024,1180.0,CE,2.65,2.65,1.95,2.3,2.3,1050,17689.55,2570700,190950,06-MAY-2024,
OPTSTK,TATAMOTORS,30-May-2024,820.0,PE,0.5,0.55,0.3,0.4,0.15,100,1169.06,391875,-8550,06-MAY-2024,
OPTSTK,TATAMOTORS,30-May-2024,840.0,PE,0.7,0.8,0.55,0.75,0.75,115,1377.63,218025,-44175,06-MAY-2024,
OPTSTK,TATAMOTORS,30-May-2024,860.0,PE,0.8,1.15,0.75,1.1,1.1,319,3913.73,913425,105450,06-MAY-2024,
OPTSTK,TATAMOTORS,30-May-2024,870.0,PE,1.05,1.45,1.0,1.35,1.35,146,1812.6,257925,47025,06-MAY-2024,
OPTSTK,TATAMOTORS,30-May-2024,880.0,PE,1.35,2.0,1.25,1.75,1.75,156,1959.86,477375,17100,06-MAY-2024,
OPTSTK,TATAMOTORS,30-May-2024,890.0,PE,1.65,2.5,1.6,2.2,2.2,160,2033.84,302100,34200,06-MAY-2024,
OPTSTK,TATAMOTORS,30-May-2024,900.0,PE,2.35,3.25,2.0,2.8,2.8,1143,14702.93,2097600,111150,06-MAY-2024,
OPTSTK,TATAMOTORS,30-May-2024,910.0,PE,2.65,4.05,2.55,3.5,3.5,244,3175.87,369075,-8550,06-MAY-2024,
OPTSTK,TATAMOTORS,30-May-2024,920.0,PE,3.25,5.15,3.05,4.3,4.3,791,10419.28,1328100,-7125,06-MAY-2024,
OPTSTK,TATAMOTORS,30-May-2024,930.0,PE,4.2,6.45,4.05,5.4,5.4,384,5118.16,1212675,32775,06-MAY-2024,
OPTSTK,TATAMOTORS,30-May-2024,940.0,PE,5.45,8.1,5.2,6.95,6.95,883,11913.74,1034550,-171000,06-MAY-2024,
OPTSTK,TATAMOTORS,30-May-2024,950.0,PE,7.4,10.25,6.55,8.7,8.7,1885,25756.24,2878500,438900,06-MAY-2024,
OPTSTK,TATAMOTORS,30-May-2024,960.0,PE,8.55,12.5,8.4,10.65,10.65,1093,15118.57,941925,35625,06-MAY-2024,
OPTSTK,TATAMOTORS,30-May-2024,970.0,PE,11.4,15.15,10.25,13.05,13.05,1141,15982.55,1771275,-48450,06-MAY-2024,
OPTSTK,TATAMOTORS,30-May-2024,980.0,PE,13.2,18.5,13.05,16.0,16.0,1359,19287.45,1536150,58425,06-MAY-2024,
OPTSTK,TATAMOTORS,30-May-2024,990.0,PE,16.55,22.35,16.2,19.35,19.35,723,10402.14,847875,-39900,06-MAY-2024,
OPTSTK,TATAMOTORS,30-May-2024,1000.0,PE,20.05,26.75,18.7,23.15,23.15,2349,34265.02,2555025,116850,06-MAY-2024,
OPTSTK,TATAMOTORS,30-May-2024,1010.0,PE,24.15,31.55,23.7,27.55,27.55,1621,23974.93,2798700,22800,06-MAY-2024,
OPTSTK,TATAMOTORS,30-May-2024,1020.0,PE,28.9,36.85,28.35,32.45,32.45,1411,21162.46,1550400,106875,06-MAY-2024,
OPTSTK,TATAMOTORS,30-May-2024,1030.0,PE,34.2,41.8,33.5,37.95,37.95,473,7197.21,921975,14250,06-MAY-2024,
OPTSTK,TATAMOTORS,30-May-2024,1040.0,PE,39.05,48.0,39.0,43.75,43.75,221,3412.3,524400,25650,06-MAY-2024,
OPTSTK,TATAMOTORS,30-May-2024,1050.0,PE,46.95,55.0,45.4,49.9,49.9,70,1098.17,648375,-7125,06-MAY-2024,
OPTSTK,TATAMOTORS,30-May-2024,1060.0,PE,61.5,62.05,54.35,56.7,56.7,46,733.33,326325,18525,06-MAY-2024,
OPTSTK,TATAMOTORS,30-May-2024,1070.0,PE,65.95,65.95,63.6,63.6,63.6,4,64.68,229425,0,06-MAY-2024,
OPTSTK,TATAMOTORS,30-May-2024,1080.0,PE,74.05,78.05,69.75,71.7,71.7,26,427.63,143925,7125,06-MAY-2024,
OPTSTK,TATAMOTORS,30-May-2024,1090.0,PE,81.55,86.3,77.7,78.35,80.05,10,166.93,168150,1425,06-MAY-2024,
OPTSTK,TATAMOTORS,30-May-2024,1100.0,PE,86.0,93.1,85.4,88.8,88.8,19,322.12,450300,12825,06-MAY-2024,
OPTSTK,TATAMOTORS,30-May-2024,1110.0,PE,0.0,0.0,0.0,95.1,96.4,0,0.0,115425,0,06-MAY-2024,
OPTSTK,TATAMOTORS,30-May-2024,1120.0,PE,0.0,0.0,0.0,103.85,104.95,0,0.0,149625,0,06-MAY-2024,
OPTSTK,TATAMOTORS,30-May-2024,1130.0,PE,0.0,0.0,0.0,96.8,113.75,0,0.0,2850,0,06-MAY-2024,
OPTSTK,TATAMOTORS,30-May-2024,1140.0,PE,0.0,0.0,0.0,120.0,122.7,0,0.0,37050,0,06-MAY-2024,
OPTSTK,TATAMOTORS,30-May-2024,1160.0,PE,144.0,144.0,144.0,144.0,141.15,1,18.58,51300,-1425,06-MAY-2024,
OPTSTK,TATAMOTORS,27-Jun-2024,860.0,CE,0.0,0.0,0.0,162.2,169.2,0,0.0,0,0,06-MAY-2024,
OPTSTK,TATAMOTORS,27-Jun-2024,880.0,CE,0.0,0.0,0.0,146.7,151.45,0,0.0,0,0,06-MAY-2024,
OPTSTK,TATAMOTORS,27-Jun-2024,900.0,CE,139.0,140.0,139.0,140.0,134.4,5,74.04,7125,7125,06-MAY-2024,
OPTSTK,TATAMOTORS,27-Jun-2024,910.0,CE,0.0,0.0,0.0,119.2,126.2,0,0.0,0,0,06-MAY-2024,
OPTSTK,TATAMOTORS,27-Jun-2024,920.0,CE,0.0,0.0,0.0,118.15,118.25,0,0.0,0,0,06-MAY-2024,
OPTSTK,TATAMOTORS,27-Jun-2024,930.0,CE,0.0,0.0,0.0,104.65,110.55,0,0.0,0,0,06-MAY-2024,
OPTSTK,TATAMOTORS,27-Jun-2024,940.0,CE,0.0,0.0,0.0,105.25,103.1,0,0.0,0,0,06-MAY-2024,
OPTSTK,TATAMOTORS,27-Jun-2024,950.0,CE,103.0,103.0,100.0,100.0,95.9,2,29.96,28500,2850,06-MAY-2024,
OPTSTK,TATAMOTORS,27-Jun-2024,960.0,CE,0.0,0.0,0.0,77.1,88.95,0,0.0,2850,0,06-MAY-2024,
OPTSTK,TATAMOTORS,27-Jun-2024,970.0,CE,0.0,0.0,0.0,78.75,82.35,0,0.0,0,0,06-MAY-2024,
OPTSTK,TATAMOTORS,27-Jun-2024,980.0,CE,0.0,0.0,0.0,82.15,76.05,0,0.0,0,0,06-MAY-2024,
OPTSTK,TATAMOTORS,27-Jun-2024,990.0,CE,0.0,0.0,0.0,67.5,70.05,0,0.0,0,0,06-MAY-2024,
OPTSTK,TATAMOTORS,27-Jun-2024,1000.0,CE,71.95,72.9,66.5,71.7,71.7,50,762.83,336300,-5700,06-MAY-2024,
OPTSTK,TATAMOTORS,27-Jun-2024,1010.0,CE,61.55,64.7,61.55,64.7,58.95,2,30.58,2850,-1425,06-MAY-2024,
OPTSTK,TATAMOTORS,27-Jun-2024,1020.0,CE,62.0,62.3,58.05,61.25,61.25,12,184.8,34200,5700,06-MAY-2024,
OPTSTK,TATAMOTORS,27-Jun-2024,1030.0,CE,56.45,57.35,56.4,57.35,57.35,4,61.93,41325,0,06-MAY-2024,
OPTSTK,TATAMOTORS,27-Jun-2024,1040.0,CE,50.0,52.2,46.35,49.45,44.7,10,155.31,49875,0,06-MAY-2024,
OPTSTK,TATAMOTORS,27-Jun-2024,1050.0,CE,47.35,50.65,44.0,48.5,48.5,34,531.55,133950,8550,06-MAY-2024,
OPTSTK,TATAMOTORS,27-Jun-2024,1060.0,CE,0.0,0.0,0.0,41.8,36.65,0,0.0,27075,0,06-MAY-2024,
OPTSTK,TATAMOTORS,27-Jun-2024,1070.0,CE,0.0,0.0,0.0,35.65,33.1,0,0.0,2850,0,06-MAY-2024,
OPTSTK,TATAMOTORS,27-Jun-2024,1080.0,CE,0.0,0.0,0.0,34.9,29.8,0,0.0,2850,0,06-MAY-2024,
OPTSTK,TATAMOTORS,27-Jun-2024,1090.0,CE,0.0,0.0,0.0,27.65,26.75,0,0.0,0,0,06-MAY-2024,
OPTSTK,TATAMOTORS,27-Jun-2024,1100.0,CE,30.35,32.05,28.8,31.65,31.65,283,4559.63,611325,64125,06-MAY-2024,
OPTSTK,TATAMOTORS,27-Jun-2024,1110.0,CE,0.0,0.0,0.0,22.65,21.45,0,0.0,0,0,06-MAY-2024,
OPTSTK,TATAMOTORS,27-Jun-2024,1120.0,CE,25.0,26.5,25.0,26.5,19.15,9,146.95,22800,4275,06-MAY-2024,
OPTSTK,TATAMOTORS,27-Jun-2024,1130.0,CE,0.0,0.0,0.0,18.35,17.0,0,0.0,0,0,06-MAY-2024,
OPTSTK,TATAMOTORS,27-Jun-2024,1140.0,CE,21.0,21.55,21.0,21.5,15.1,31,512.99,55575,35625,06-MAY-2024,
OPTSTK,TATAMOTORS,27-Jun-2024,1160.0,CE,0.0,0.0,0.0,16.0,11.8,0,0.0,19950,0,06-MAY-2024,
OPTSTK,TATAMOTORS,27-Jun-2024,860.0,PE,7.0,8.5,7.0,8.5,4.1,2,24.73,25650,2850,06-MAY-2024,
OPTSTK,TATAMOTORS,27-Jun-2024,880.0,PE,10.15,10.5,10.15,10.5,6.15,2,25.37,38475,1425,06-MAY-2024,
OPTSTK,TATAMOTORS,27-Jun-2024,900.0,PE,13.0,20.0,9.6,15.7,15.7,73,951.4,562875,21375,06-MAY-2024,
OPTSTK,TATAMOTORS,27-Jun-2024,910.0,PE,0.0,0.0,0.0,9.7,10.65,0,0.0,12825,0,06-MAY-2024,
OPTSTK,TATAMOTORS,27-Jun-2024,920.0,PE,0.0,0.0,0.0,14.0,12.55,0,0.0,9975,0,06-MAY-2024,
OPTSTK,TATAMOTORS,27-Jun-2024,930.0,PE,0.0,0.0,0.0,21.75,14.75,0,0.0,0,0,06-MAY-2024,
OPTSTK,TATAMOTORS,27-Jun-2024,940.0,PE,0.0,0.0,0.0,23.15,17.2,0,0.0,5700,0,06-MAY-2024,
OPTSTK,TATAMOTORS,27-Jun-2024,950.0,PE,30.0,30.15,26.2,27.9,27.9,47,655.23,186675,21375,06-MAY-2024,
OPTSTK,TATAMOTORS,27-Jun-2024,960.0,PE,27.5,32.0,27.5,32.0,22.85,4,56.37,71250,2850,06-MAY-2024,
OPTSTK,TATAMOTORS,27-Jun-2024,970.0,PE,0.0,0.0,0.0,39.65,26.15,0,0.0,4275,0,06-MAY-2024,
OPTSTK,TATAMOTORS,27-Jun-2024,980.0,PE,0.0,0.0,0.0,42.7,29.75,0,0.0,27075,0,06-MAY-2024,
OPTSTK,TATAMOTORS,27-Jun-2024,990.0,PE,0.0,0.0,0.0,43.85,33.65,0,0.0,0,0,06-MAY-2024,
OPTSTK,TATAMOTORS,27-Jun-2024,1000.0,PE,41.25,50.0,41.2,46.75,46.75,66,985.01,404700,31350,06-MAY-2024,
OPTSTK,TATAMOTORS,27-Jun-2024,1010.0,PE,0.0,0.0,0.0,57.9,42.35,0,0.0,11400,0,06-MAY-2024,
OPTSTK,TATAMOTORS,27-Jun-2024,1020.0,PE,57.0,58.35,54.75,56.0,56.0,16,245.31,62700,12825,06-MAY-2024,
OPTSTK,TATAMOTORS,27-Jun-2024,1030.0,PE,0.0,0.0,0.0,65.0,52.3,0,0.0,1425,0,06-MAY-2024,
OPTSTK,TATAMOTORS,27-Jun-2024,1040.0,PE,0.0,0.0,0.0,66.0,57.75,0,0.0,15675,0,06-MAY-2024,
OPTSTK,TATAMOTORS,27-Jun-2024,1050.0,PE,0.0,0.0,0.0,69.35,63.5,0,0.0,37050,0,06-MAY-2024,
OPTSTK,TATAMOTORS,27-Jun-2024,1060.0,PE,0.0,0.0,0.0,95.35,69.55,0,0.0,0,0,06-MAY-2024,
OPTSTK,TATAMOTORS,27-Jun-2024,1070.0,PE,0.0,0.0,0.0,88.95,75.85,0,0.0,0,0,06-MAY-2024,
OPTSTK,TATAMOTORS,27-Jun-2024,1080.0,PE,0.0,0.0,0.0,108.35,82.45,0,0.0,0,0,06-MAY-2024,
OPTSTK,TATAMOTORS,27-Jun-2024,1090.0,PE,0.0,0.0,0.0,102.75,89.3,0,0.0,0,0,06-MAY-2024,
OPTSTK,TATAMOTORS,27-Jun-2024,1100.0,PE,106.05,107.0,106.05,106.75,106.75,22,378.3,65550,5700,06-MAY-2024,
OPTSTK,TATAMOTORS,27-Jun-2024,1110.0,PE,0.0,0.0,0.0,117.5,103.8,0,0.0,0,0,06-MAY-2024,
OPTSTK,TATAMOTORS,27-Jun-2024,1120.0,PE,0.0,0.0,0.0,136.7,111.4,0,0.0,0,0,06-MAY-2024,
OPTSTK,TATAMOTORS,27-Jun-2024,1130.0,PE,0.0,0.0,0.0,132.95,119.15,0,0.0,0,0,06-MAY-2024,
OPTSTK,TATAMOTORS,27-Jun-2024,1140.0,PE,0.0,0.0,0.0,151.85,127.15,0,0.0,0,0,06-MAY-2024,
OPTSTK,TATAMOTORS,27-Jun-2024,1160.0,PE,150.0,150.0,150.0,150.0,143.65,1,18.66,1425,1425,06-MAY-2024,
OPTSTK,TATAMOTORS,25-Jul-2024,840.0,CE,0.0,0.0,0.0,185.7,195.55,0,0.0,0,0,06-MAY-2024,
OPTSTK,TATAMOTORS,25-Jul-2024,880.0,CE,0.0,0.0,0.0,153.35,161.55,0,0.0,0,0,06-MAY-2024,
OPTSTK,TATAMOTORS,25-Jul-2024,900.0,CE,0.0,0.0,0.0,138.25,145.6,0,0.0,0,0,06-MAY-2024,
OPTSTK,TATAMOTORS,25-Jul-2024,920.0,CE,0.0,0.0,0.0,124.05,130.45,0,0.0,0,0,06-MAY-2024,
OPTSTK,TATAMOTORS,25-Jul-2024,940.0,CE,0.0,0.0,0.0,110.65,116.2,0,0.0,0,0,06-MAY-2024,
OPTSTK,TATAMOTORS,25-Jul-2024,960.0,CE,0.0,0.0,0.0,98.2,102.8,0,0.0,0,0,06-MAY-2024,
OPTSTK,TATAMOTORS,25-Jul-2024,980.0,CE,0.0,0.0,0.0,86.75,90.45,0,0.0,0,0,06-MAY-2024,
OPTSTK,TATAMOTORS,25-Jul-2024,1000.0,CE,80.0,82.0,78.0,80.9,80.9,16,95.11,8250,8250,06-MAY-2024,
OPTSTK,TATAMOTORS,25-Jul-2024,1020.0,CE,0.0,0.0,0.0,66.55,68.75,0,0.0,0,0,06-MAY-2024,
OPTSTK,TATAMOTORS,25-Jul-2024,1040.0,CE,0.0,0.0,0.0,57.85,59.4,0,0.0,0,0,06-MAY-2024,
OPTSTK,TATAMOTORS,25-Jul-2024,1060.0,CE,0.0,0.0,0.0,50.05,51.0,0,0.0,0,0,06-MAY-2024,
OPTSTK,TATAMOTORS,25-Jul-2024,1080.0,CE,0.0,0.0,0.0,43.1,43.55,0,0.0,0,0,06-MAY-2024,
OPTSTK,TATAMOTORS,25-Jul-2024,1100.0,CE,37.0,39.5,37.0,39.05,39.05,3,18.78,1650,1650,06-MAY-2024,
OPTSTK,TATAMOTORS,25-Jul-2024,1120.0,CE,0.0,0.0,0.0,31.45,31.15,0,0.0,0,0,06-MAY-2024,
OPTSTK,TATAMOTORS,25-Jul-2024,1160.0,CE,21.0,23.2,21.0,23.2,23.2,4,26.01,3850,1650,06-MAY-2024,
OPTSTK,TATAMOTORS,25-Jul-2024,1200.0,CE,0.0,0.0,0.0,15.9,15.0,0,0.0,0,0,06-MAY-2024,
OPTSTK,TATAMOTORS,25-Jul-2024,840.0,PE,0.0,0.0,0.0,9.3,6.05,0,0.0,0,0,06-MAY-2024,
OPTSTK,TATAMOTORS,25-Jul-2024,880.0,PE,0.0,0.0,0.0,16.2,11.45,0,0.0,0,0,06-MAY-2024,
OPTSTK,TATAMOTORS,25-Jul-2024,900.0,PE,20.0,21.6,18.5,20.25,20.25,28,141.69,113300,9350,06-MAY-2024,
OPTSTK,TATAMOTORS,25-Jul-2024,920.0,PE,0.0,0.0,0.0,26.2,19.7,0,0.0,0,0,06-MAY-2024,
OPTSTK,TATAMOTORS,25-Jul-2024,940.0,PE,0.0,0.0,0.0,32.4,25.15,0,0.0,0,0,06-MAY-2024,
OPTSTK,TATAMOTORS,25-Jul-2024,960.0,PE,0.0,0.0,0.0,39.65,31.45,0,0.0,0,0,06-MAY-2024,
OPTSTK,TATAMOTORS,25-Jul-2024,980.0,PE,0.0,0.0,0.0,47.8,38.75,0,0.0,0,0,06-MAY-2024,
OPTSTK,TATAMOTORS,25-Jul-2024,1000.0,PE,55.0,55.0,47.0,51.55,51.55,4,23.12,17600,1100,06-MAY-2024,
OPTSTK,TATAMOTORS,25-Jul-2024,1020.0,PE,0.0,0.0,0.0,66.9,56.45,0,0.0,0,0,06-MAY-2024,
OPTSTK,TATAMOTORS,25-Jul-2024,1040.0,PE,0.0,0.0,0.0,77.85,66.75,0,0.0,0,0,06-MAY-2024,
OPTSTK,TATAMOTORS,25-Jul-2024,1060.0,PE,0.0,0.0,0.0,89.65,78.05,0,0.0,0,0,06-MAY-2024,
OPTSTK,TATAMOTORS,25-Jul-2024,1080.0,PE,0.0,0.0,0.0,102.3,90.25,0,0.0,0,0,06-MAY-2024,
OPTSTK,TATAMOTORS,25-Jul-2024,1100.0,PE,0.0,0.0,0.0,115.8,103.35,0,0.0,0,0,06-MAY-2024,
OPTSTK,TATAMOTORS,25-Jul-2024,1120.0,PE,0.0,0.0,0.0,129.95,117.25,0,0.0,0,0,06-MAY-2024,
OPTSTK,TATAMOTORS,25-Jul-2024,1160.0,PE,0.0,0.0,0.0,160.4,147.3,0,0.0,0,0,06-MAY-2024,
OPTSTK,TATAMOTORS,25-Jul-2024,1200.0,PE,0.0,0.0,0.0,193.0,179.85,0,0.0,0,0,06-MAY-2024,
OPTSTK,TATAPOWER,30-May-2024,350.0,CE,0.0,0.0,0.0,102.1,98.0,0,0.0,67500,0,06-MAY-2024,
OPTSTK,TATAPOWER,30-May-2024,360.0,CE,0.0,0.0,0.0,98.95,88.2,0,0.0,60750,0,06-MAY-2024,
OPTSTK,TATAPOWER,30-May-2024,370.0,CE,0.0,0.0,0.0,62.0,78.45,0,0.0,27000,0,06-MAY-2024,
OPTSTK,TATAPOWER,30-May-2024,375.0,CE,0.0,0.0,0.0,57.2,73.65,0,0.0,47250,0,06-MAY-2024,
OPTSTK,TATAPOWER,30-May-2024,380.0,CE,0.0,0.0,0.0,80.0,68.9,0,0.0,91125,0,06-MAY-2024,
OPTSTK,TATAPOWER,30-May-2024,390.0,CE,68.1,68.1,68.1,68.1,59.65,2,30.92,23625,-6750,06-MAY-2024,
OPTSTK,TATAPOWER,30-May-2024,395.0,CE,0.0,0.0,0.0,27.65,55.2,0,0.0,0,0,06-MAY-2024,
OPTSTK,TATAPOWER,30-May-2024,400.0,CE,51.0,56.05,47.2,50.9,50.9,60,916.73,796500,3375,06-MAY-2024,
OPTSTK,TATAPOWER,30-May-2024,405.0,CE,0.0,0.0,0.0,53.9,46.6,0,0.0,13500,0,06-MAY-2024,
OPTSTK,TATAPOWER,30-May-2024,410.0,CE,42.8,43.0,42.6,42.8,42.8,6,91.71,266625,-6750,06-MAY-2024,
OPTSTK,TATAPOWER,30-May-2024,415.0,CE,39.5,39.5,38.75,38.75,38.75,3,45.98,81000,-3375,06-MAY-2024,
OPTSTK,TATAPOWER,30-May-2024,420.0,CE,36.0,37.75,34.6,34.65,34.65,14,215.45,357750,-3375,06-MAY-2024,
OPTSTK,TATAPOWER,30-May-2024,425.0,CE,37.3,37.3,29.6,32.4,31.4,19,293.52,330750,0,06-MAY-2024,
OPTSTK,TATAPOWER,30-May-2024,430.0,CE,35.0,35.0,24.9,27.4,27.4,99,1530.99,1414125,-13500,06-MAY-2024,
OPTSTK,TATAPOWER,30-May-2024,435.0,CE,30.0,30.0,22.9,24.65,24.65,72,1117.36,786375,27000,06-MAY-2024,
OPTSTK,TATAPOWER,30-May-2024,440.0,CE,28.45,28.45,19.25,21.75,21.75,553,8627.71,1701000,-10125,06-MAY-2024,
OPTSTK,TATAPOWER,30-May-2024,445.0,CE,24.45,24.45,17.0,19.2,19.2,392,6146.44,560250,84375,06-MAY-2024,
OPTSTK,TATAPOWER,30-May-2024,450.0,CE,23.05,23.3,14.65,16.8,16.8,2679,42258.63,4343625,826875,06-MAY-2024,
OPTSTK,TATAPOWER,30-May-2024,455.0,CE,18.75,20.35,12.75,14.6,14.6,854,13564.78,1302750,293625,06-MAY-2024,
OPTSTK,TATAPOWER,30-May-2024,460.0,CE,17.6,18.5,10.95,12.7,12.7,2672,42704.85,4620375,118125,06-MAY-2024,
OPTSTK,TATAPOWER,30-May-2024,465.0,CE,15.1,15.5,9.5,11.1,11.1,598,9618.03,1356750,91125,06-MAY-2024,
OPTSTK,TATAPOWER,30-May-2024,470.0,CE,13.2,13.45,8.1,9.45,9.45,2778,44994.9,3709125,361125,06-MAY-2024,
OPTSTK,TATAPOWER,30-May-2024,475.0,CE,11.55,11.55,7.0,8.2,8.2,445,7267.04,617625,10125,06-MAY-2024,
OPTSTK,TATAPOWER,30-May-2024,480.0,CE,9.95,10.05,6.0,7.05,7.05,1909,31407.61,3857625,172125,06-MAY-2024,
OPTSTK,TATAPOWER,30-May-2024,485.0,CE,8.6,8.7,5.25,6.0,6.0,237,3931.29,357750,70875,06-MAY-2024,
OPTSTK,TATAPOWER,30-May-2024,490.0,CE,7.15,7.45,4.35,5.1,5.1,956,15989.95,2369250,-57375,06-MAY-2024,
OPTSTK,TATAPOWER,30-May-2024,495.0,CE,6.2,6.45,3.85,4.4,4.4,142,2394.72,236250,141750,06-MAY-2024,
OPTSTK,TATAPOWER,30-May-2024,500.0,CE,5.45,5.7,3.2,3.75,3.75,2548,43342.61,5896125,-469125,06-MAY-2024,
OPTSTK,TATAPOWER,30-May-2024,510.0,CE,3.8,4.0,2.35,2.75,2.75,693,11996.86,1582875,47250,06-MAY-2024,
OPTSTK,TATAPOWER,30-May-2024,520.0,CE,2.8,2.95,1.8,2.0,2.0,957,16865.17,1215000,526500,06-MAY-2024,
OPTSTK,TATAPOWER,30-May-2024,320.0,PE,0.25,0.25,0.25,0.25,0.0,4,43.23,81000,3375,06-MAY-2024,
OPTSTK,TATAPOWER,30-May-2024,330.0,PE,0.15,0.25,0.15,0.25,0.25,3,33.43,33750,0,06-MAY-2024,
OPTSTK,TATAPOWER,30-May-2024,340.0,PE,0.3,0.35,0.3,0.35,0.35,7,80.4,104625,13500,06-MAY-2024,
OPTSTK,TATAPOWER,30-May-2024,350.0,PE,0.35,0.4,0.35,0.4,0.1,36,425.69,489375,0,06-MAY-2024,
OPTSTK,TATAPOWER,30-May-2024,360.0,PE,0.45,0.55,0.4,0.5,0.5,33,401.47,442125,-43875,06-MAY-2024,
OPTSTK,TATAPOWER,30-May-2024,365.0,PE,0.55,0.65,0.45,0.55,0.3,13,160.38,202500,0,06-MAY-2024,
OPTSTK,TATAPOWER,30-May-2024,370.0,PE,0.5,0.9,0.5,0.8,0.8,87,1088.49,1022625,0,06-MAY-2024,
OPTSTK,TATAPOWER,30-May-2024,375.0,PE,0.6,0.95,0.6,0.8,0.6,92,1166.88,158625,33750,06-MAY-2024,
OPTSTK,TATAPOWER,30-May-2024,380.0,PE,0.65,1.25,0.6,1.15,1.15,641,8242.84,1039500,23625,06-MAY-2024,
OPTSTK,TATAPOWER,30-May-2024,385.0,PE,0.7,1.6,0.7,1.4,1.4,150,1955.06,165375,-162000,06-MAY-2024,
OPTSTK,TATAPOWER,30-May-2024,390.0,PE,0.9,1.95,0.9,1.7,1.7,617,8153.01,1377000,-307125,06-MAY-2024,
OPTSTK,TATAPOWER,30-May-2024,395.0,PE,1.2,2.5,1.2,2.2,2.2,93,1245.63,195750,27000,06-MAY-2024,
OPTSTK,TATAPOWER,30-May-2024,400.0,PE,1.45,3.2,1.45,2.7,2.7,1501,20388.39,3867750,270000,06-MAY-2024,
OPTSTK,TATAPOWER,30-May-2024,405.0,PE,1.85,3.9,1.8,3.45,3.45,305,4199.99,459000,-57375,06-MAY-2024,
OPTSTK,TATAPOWER,30-May-2024,410.0,PE,2.4,4.8,2.25,4.2,4.2,689,9622.87,1765125,0,06-MAY-2024,
OPTSTK,TATAPOWER,30-May-2024,415.0,PE,2.9,5.75,2.85,5.15,5.15,268,3794.64,580500,64125,06-MAY-2024,
OPTSTK,TATAPOWER,30-May-2024,420.0,PE,3.65,7.25,3.55,6.3,6.3,1378,19805.5,3145500,273375,06-MAY-2024,
OPTSTK,TATAPOWER,30-May-2024,425.0,PE,4.5,8.55,4.5,7.6,7.6,405,5903.92,961875,-27000,06-MAY-2024,
OPTSTK,TATAPOWER,30-May-2024,430.0,PE,5.55,10.6,5.55,9.15,9.15,1525,22582.55,2868750,-91125,06-MAY-2024,
OPTSTK,TATAPOWER,30-May-2024,435.0,PE,6.8,12.55,6.75,11.05,11.05,730,10964.13,1350000,-101250,06-MAY-2024,
OPTSTK,TATAPOWER,30-May-2024,440.0,PE,8.4,14.85,8.35,13.1,13.1,1477,22535.62,2379375,6750,06-MAY-2024,
OPTSTK,TATAPOWER,30-May-2024,445.0,PE,10.15,17.3,10.15,15.45,15.45,793,12296.61,1012500,330750,06-MAY-2024,
OPTSTK,TATAPOWER,30-May-2024,450.0,PE,12.15,20.0,12.1,18.05,18.05,1414,22263.98,2409750,-3375,06-MAY-2024,
OPTSTK,TATAPOWER,30-May-2024,455.0,PE,14.45,23.25,14.45,20.9,20.9,392,6269.58,651375,-13500,06-MAY-2024,
OPTSTK,TATAPOWER,30-May-2024,460.0,PE,17.05,25.95,17.05,24.0,24.0,310,5038.62,1525500,-151875,06-MAY-2024,
OPTSTK,TATAPOWER,30-May-2024,465.0,PE,20.05,29.75,20.05,25.5,27.6,39,644.78,246375,10125,06-MAY-2024,
OPTSTK,TATAPOWER,30-May-2024,470.0,PE,23.5,33.15,23.5,30.25,30.25,26,438.11,472500,-3375,06-MAY-2024,
OPTSTK,TATAPOWER,30-May-2024,475.0,PE,35.35,37.0,30.6,32.5,34.55,5,85.94,77625,-3375,06-MAY-2024,
OPTSTK,TATAPOWER,30-May-2024,480.0,PE,38.6,39.0,35.7,35.7,38.3,5,87.36,172125,-6750,06-MAY-2024,
OPTSTK,TATAPOWER,30-May-2024,485.0,PE,40.55,42.25,40.55,42.25,42.25,2,35.53,20250,0,06-MAY-2024,
OPTSTK,TATAPOWER,30-May-2024,490.0,PE,39.1,48.0,38.15,42.05,46.25,21,378.54,47250,0,06-MAY-2024,
OPTSTK,TATAPOWER,30-May-2024,495.0,PE,46.6,46.6,46.6,46.6,50.4,1,18.27,6750,0,06-MAY-2024,
OPTSTK,TATAPOWER,30-May-2024,500.0,PE,0.0,0.0,0.0,47.2,54.7,0,0.0,47250,0,06-MAY-2024,
OPTSTK,TATAPOWER,30-May-2024,510.0,PE,0.0,0.0,0.0,112.95,63.6,0,0.0,0,0,06-MAY-2024,
OPTSTK,TATAPOWER,30-May-2024,520.0,PE,0.0,0.0,0.0,140.5,72.8,0,0.0,0,0,06-MAY-2024,
OPTSTK,TATAPOWER,27-Jun-2024,380.0,CE,0.0,0.0,0.0,41.95,73.9,0,0.0,0,0,06-MAY-2024,
OPTSTK,TATAPOWER,27-Jun-2024,390.0,CE,0.0,0.0,0.0,36.6,65.55,0,0.0,0,0,06-MAY-2024,
OPTSTK,TATAPOWER,27-Jun-2024,395.0,CE,0.0,0.0,0.0,52.4,61.55,0,0.0,0,0,06-MAY-2024,
OPTSTK,TATAPOWER,27-Jun-2024,400.0,CE,0.0,0.0,0.0,66.0,57.7,0,0.0,3375,0,06-MAY-2024,
OPTSTK,TATAPOWER,27-Jun-2024,405.0,CE,0.0,0.0,0.0,45.7,53.95,0,0.0,0,0,06-MAY-2024,
OPTSTK,TATAPOWER,27-Jun-2024,410.0,CE,0.0,0.0,0.0,27.4,50.35,0,0.0,0,0,06-MAY-2024,
OPTSTK,TATAPOWER,27-Jun-2024,415.0,CE,0.0,0.0,0.0,39.55,46.85,0,0.0,0,0,06-MAY-2024,
OPTSTK,TATAPOWER,27-Jun-2024,420.0,CE,0.0,0.0,0.0,48.5,43.5,0,0.0,3375,0,06-MAY-2024,
OPTSTK,TATAPOWER,27-Jun-2024,425.0,CE,0.0,0.0,0.0,34.0,40.3,0,0.0,0,0,06-MAY-2024,
OPTSTK,TATAPOWER,27-Jun-2024,430.0,CE,0.0,0.0,0.0,20.1,37.25,0,0.0,0,0,06-MAY-2024,
OPTSTK,TATAPOWER,27-Jun-2024,435.0,CE,0.0,0.0,0.0,29.0,34.4,0,0.0,0,0,06-MAY-2024,
OPTSTK,TATAPOWER,27-Jun-2024,440.0,CE,0.0,0.0,0.0,39.35,31.65,0,0.0,13500,0,06-MAY-2024,
OPTSTK,TATAPOWER,27-Jun-2024,445.0,CE,0.0,0.0,0.0,30.9,29.05,0,0.0,0,0,06-MAY-2024,
OPTSTK,TATAPOWER,27-Jun-2024,450.0,CE,35.9,35.9,30.5,32.4,32.4,33,538.67,216000,6750,06-MAY-2024,
OPTSTK,TATAPOWER,27-Jun-2024,455.0,CE,31.6,31.6,31.6,31.6,24.35,1,16.42,16875,0,06-MAY-2024,
OPTSTK,TATAPOWER,27-Jun-2024,460.0,CE,29.85,29.85,26.0,28.4,28.4,22,362.52,138375,33750,06-MAY-2024,
OPTSTK,TATAPOWER,27-Jun-2024,465.0,CE,0.0,0.0,0.0,26.75,20.2,0,0.0,6750,0,06-MAY-2024,
OPTSTK,TATAPOWER,27-Jun-2024,470.0,CE,22.3,26.35,22.3,24.4,18.35,6,100.17,135000,10125,06-MAY-2024,
OPTSTK,TATAPOWER,27-Jun-2024,475.0,CE,0.0,0.0,0.0,14.25,16.65,0,0.0,0,0,06-MAY-2024,
OPTSTK,TATAPOWER,27-Jun-2024,480.0,CE,20.5,20.95,20.5,20.95,15.05,2,33.79,40500,6750,06-MAY-2024,
OPTSTK,TATAPOWER,27-Jun-2024,485.0,CE,0.0,0.0,0.0,11.75,13.55,0,0.0,0,0,06-MAY-2024,
OPTSTK,TATAPOWER,27-Jun-2024,490.0,CE,0.0,0.0,0.0,19.25,12.2,0,0.0,16875,0,06-MAY-2024,
OPTSTK,TATAPOWER,27-Jun-2024,495.0,CE,0.0,0.0,0.0,9.6,11.0,0,0.0,0,0,06-MAY-2024,
OPTSTK,TATAPOWER,27-Jun-2024,500.0,CE,15.6,16.25,14.1,15.3,15.3,40,695.56,745875,13500,06-MAY-2024,
OPTSTK,TATAPOWER,27-Jun-2024,510.0,CE,10.65,13.0,10.65,12.25,12.25,7,123.29,87750,-6750,06-MAY-2024,
OPTSTK,TATAPOWER,27-Jun-2024,520.0,CE,11.4,11.85,10.8,11.35,11.35,8,143.37,23625,20250,06-MAY-2024,
OPTSTK,TATAPOWER,27-Jun-2024,340.0,PE,1.3,1.4,1.3,1.4,0.6,2,23.04,54000,6750,06-MAY-2024,
OPTSTK,TATAPOWER,27-Jun-2024,370.0,PE,4.0,5.9,4.0,4.75,4.75,32,405.39,273375,64125,06-MAY-2024,
OPTSTK,TATAPOWER,27-Jun-2024,380.0,PE,5.0,6.6,5.0,6.5,3.65,7,91.25,84375,20250,06-MAY-2024,
OPTSTK,TATAPOWER,27-Jun-2024,390.0,PE,6.15,8.5,6.15,8.45,5.25,3,40.26,114750,6750,06-MAY-2024,
OPTSTK,TATAPOWER,27-Jun-2024,395.0,PE,0.0,0.0,0.0,11.0,6.2,0,0.0,0,0,06-MAY-2024,
OPTSTK,TATAPOWER,27-Jun-2024,400.0,PE,11.0,12.1,10.4,11.5,11.5,72,999.15,853875,64125,06-MAY-2024,
OPTSTK,TATAPOWER,27-Jun-2024,405.0,PE,0.0,0.0,0.0,5.95,8.45,0,0.0,6750,0,06-MAY-2024,
OPTSTK,TATAPOWER,27-Jun-2024,410.0,PE,14.65,14.65,12.5,12.5,9.8,2,28.59,37125,6750,06-MAY-2024,
OPTSTK,TATAPOWER,27-Jun-2024,415.0,PE,0.0,0.0,0.0,17.9,11.25,0,0.0,0,0,06-MAY-2024,
OPTSTK,TATAPOWER,27-Jun-2024,420.0,PE,15.6,19.2,15.6,17.8,17.8,13,191.92,195750,0,06-MAY-2024,
OPTSTK,TATAPOWER,27-Jun-2024,425.0,PE,0.0,0.0,0.0,22.2,14.65,0,0.0,0,0,06-MAY-2024,
OPTSTK,TATAPOWER,27-Jun-2024,430.0,PE,20.0,22.0,19.85,22.0,16.55,8,121.75,81000,20250,06-MAY-2024,
OPTSTK,TATAPOWER,27-Jun-2024,435.0,PE,0.0,0.0,0.0,27.05,18.6,0,0.0,0,0,06-MAY-2024,
OPTSTK,TATAPOWER,27-Jun-2024,440.0,PE,25.55,26.7,24.4,26.55,26.55,10,157.24,114750,10125,06-MAY-2024,
OPTSTK,TATAPOWER,27-Jun-2024,445.0,PE,0.0,0.0,0.0,14.5,23.2,0,0.0,3375,0,06-MAY-2024,
OPTSTK,TATAPOWER,27-Jun-2024,450.0,PE,30.45,31.3,29.15,31.3,25.7,13,210.6,162000,23625,06-MAY-2024,
OPTSTK,TATAPOWER,27-Jun-2024,455.0,PE,0.0,0.0,0.0,38.45,28.35,0,0.0,0,0,06-MAY-2024,
OPTSTK,TATAPOWER,27-Jun-2024,460.0,PE,34.35,34.45,34.25,34.25,31.15,9,150.14,43875,10125,06-MAY-2024,
OPTSTK,TATAPOWER,27-Jun-2024,465.0,PE,0.0,0.0,0.0,44.9,34.1,0,0.0,0,0,06-MAY-2024,
OPTSTK,TATAPOWER,27-Jun-2024,470.0,PE,42.35,42.35,42.35,42.35,37.2,1,17.29,10125,3375,06-MAY-2024,
OPTSTK,TATAPOWER,27-Jun-2024,475.0,PE,0.0,0.0,0.0,51.85,40.45,0,0.0,0,0,06-MAY-2024,
OPTSTK,TATAPOWER,27-Jun-2024,480.0,PE,0.0,0.0,0.0,85.75,43.8,0,0.0,0,0,06-MAY-2024,
OPTSTK,TATAPOWER,27-Jun-2024,485.0,PE,0.0,0.0,0.0,59.2,47.3,0,0.0,0,0,06-MAY-2024,
OPTSTK,TATAPOWER,27-Jun-2024,490.0,PE,0.0,0.0,0.0,94.15,50.85,0,0.0,0,0,06-MAY-2024,
OPTSTK,TATAPOWER,27-Jun-2024,495.0,PE,0.0,0.0,0.0,66.95,54.6,0,0.0,0,0,06-MAY-2024,
OPTSTK,TATAPOWER,27-Jun-2024,500.0,PE,61.3,66.2,61.3,62.5,58.4,4,76.1,16875,13500,06-MAY-2024,
OPTSTK,TATAPOWER,27-Jun-2024,510.0,PE,69.25,69.25,69.25,69.25,66.35,1,19.54,3375,3375,06-MAY-2024,
OPTSTK,TATAPOWER,27-Jun-2024,520.0,PE,78.75,78.75,78.75,78.75,74.6,1,20.2,3375,3375,06-MAY-2024,
OPTSTK,TATAPOWER,25-Jul-2024,380.0,CE,0.0,0.0,0.0,68.85,78.9,0,0.0,0,0,06-MAY-2024,
OPTSTK,TATAPOWER,25-Jul-2024,400.0,CE,0.0,0.0,0.0,55.15,63.8,0,0.0,0,0,06-MAY-2024,
OPTSTK,TATAPOWER,25-Jul-2024,410.0,CE,0.0,0.0,0.0,49.05,56.85,0,0.0,0,0,06-MAY-2024,
OPTSTK,TATAPOWER,25-Jul-2024,420.0,CE,0.0,0.0,0.0,43.35,50.45,0,0.0,0,0,06-MAY-2024,
OPTSTK,TATAPOWER,25-Jul-2024,430.0,CE,0.0,0.0,0.0,38.2,44.5,0,0.0,0,0,06-MAY-2024,
OPTSTK,TATAPOWER,25-Jul-2024,440.0,CE,0.0,0.0,0.0,33.45,39.05,0,0.0,0,0,06-MAY-2024,
OPTSTK,TATAPOWER,25-Jul-2024,450.0,CE,0.0,0.0,0.0,29.15,34.05,0,0.0,0,0,06-MAY-2024,
OPTSTK,TATAPOWER,25-Jul-2024,460.0,CE,0.0,0.0,0.0,25.35,29.6,0,0.0,0,0,06-MAY-2024,
OPTSTK,TATAPOWER,25-Jul-2024,470.0,CE,0.0,0.0,0.0,21.9,25.55,0,0.0,0,0,06-MAY-2024,
OPTSTK,TATAPOWER,25-Jul-2024,480.0,CE,0.0,0.0,0.0,18.85,21.95,0,0.0,0,0,06-MAY-2024,
OPTSTK,TATAPOWER,25-Jul-2024,490.0,CE,0.0,0.0,0.0,16.15,18.8,0,0.0,0,0,06-MAY-2024,
OPTSTK,TATAPOWER,25-Jul-2024,500.0,CE,0.0,0.0,0.0,13.85,16.0,0,0.0,0,0,06-MAY-2024,
OPTSTK,TATAPOWER,25-Jul-2024,520.0,CE,0.0,0.0,0.0,9.95,11.45,0,0.0,0,0,06-MAY-2024,
OPTSTK,TATAPOWER,25-Jul-2024,380.0,PE,0.0,0.0,0.0,10.5,6.6,0,0.0,0,0,06-MAY-2024,
OPTSTK,TATAPOWER,25-Jul-2024,400.0,PE,14.55,14.85,12.5,14.25,14.25,13,72.67,29700,10800,06-MAY-2024,
OPTSTK,TATAPOWER,25-Jul-2024,410.0,PE,0.0,0.0,0.0,20.15,14.1,0,0.0,0,0,06-MAY-2024,
OPTSTK,TATAPOWER,25-Jul-2024,420.0,PE,0.0,0.0,0.0,24.35,17.5,0,0.0,0,0,06-MAY-2024,
OPTSTK,TATAPOWER,25-Jul-2024,430.0,PE,0.0,0.0,0.0,28.95,21.4,0,0.0,0,0,06-MAY-2024,
OPTSTK,TATAPOWER,25-Jul-2024,440.0,PE,0.0,0.0,0.0,34.05,25.8,0,0.0,0,0,06-MAY-2024,
OPTSTK,TATAPOWER,25-Jul-2024,450.0,PE,0.0,0.0,0.0,39.6,30.65,0,0.0,0,0,06-MAY-2024,
OPTSTK,TATAPOWER,25-Jul-2024,460.0,PE,0.0,0.0,0.0,45.55,36.0,0,0.0,0,0,06-MAY-2024,
OPTSTK,TATAPOWER,25-Jul-2024,470.0,PE,0.0,0.0,0.0,51.95,41.8,0,0.0,0,0,06-MAY-2024,
OPTSTK,TATAPOWER,25-Jul-2024,480.0,PE,0.0,0.0,0.0,58.75,48.05,0,0.0,0,0,06-MAY-2024,
OPTSTK,TATAPOWER,25-Jul-2024,490.0,PE,0.0,0.0,0.0,65.85,54.75,0,0.0,0,0,06-MAY-2024,
OPTSTK,TATAPOWER,25-Jul-2024,500.0,PE,0.0,0.0,0.0,73.35,61.8,0,0.0,0,0,06-MAY-2024,
OPTSTK,TATAPOWER,25-Jul-2024,520.0,PE,0.0,0.0,0.0,89.15,76.95,0,0.0,0,0,06-MAY-2024,
OPTSTK,TATASTEEL,30-May-2024,140.0,CE,0.0,0.0,0.0,28.35,28.35,0,0.0,572000,0,06-MAY-2024,
OPTSTK,TATASTEEL,30-May-2024,144.0,CE,24.75,24.75,24.75,24.75,24.5,1,9.28,38500,5500,06-MAY-2024,
OPTSTK,TATASTEEL,30-May-2024,146.0,CE,0.0,0.0,0.0,25.0,22.6,0,0.0,88000,0,06-MAY-2024,
OPTSTK,TATASTEEL,30-May-2024,148.0,CE,0.0,0.0,0.0,19.0,20.75,0,0.0,22000,0,06-MAY-2024,
OPTSTK,TATASTEEL,30-May-2024,149.0,CE,0.0,0.0,0.0,17.4,19.85,0,0.0,16500,0,06-MAY-2024,
OPTSTK,TATASTEEL,30-May-2024,150.0,CE,17.1,20.0,17.0,19.15,19.15,18,166.7,1859000,0,06-MAY-2024,
OPTSTK,TATASTEEL,30-May-2024,151.0,CE,0.0,0.0,0.0,17.7,18.05,0,0.0,38500,0,06-MAY-2024,
OPTSTK,TATASTEEL,30-May-2024,152.0,CE,0.0,0.0,0.0,19.2,17.2,0,0.0,22000,0,06-MAY-2024,
OPTSTK,TATASTEEL,30-May-2024,153.0,CE,0.0,0.0,0.0,17.1,16.35,0,0.0,11000,0,06-MAY-2024,
OPTSTK,TATASTEEL,30-May-2024,154.0,CE,15.75,15.75,15.75,15.75,15.5,1,9.33,27500,5500,06-MAY-2024,
OPTSTK,TATASTEEL,30-May-2024,155.0,CE,15.15,15.3,13.2,15.3,14.65,36,335.07,1881000,-121000,06-MAY-2024,
OPTSTK,TATASTEEL,30-May-2024,156.0,CE,14.55,14.65,12.55,14.65,13.85,5,46.76,44000,0,06-MAY-2024,
OPTSTK,TATASTEEL,30-May-2024,157.0,CE,11.65,11.65,11.65,11.65,13.1,1,9.27,66000,-5500,06-MAY-2024,
OPTSTK,TATASTEEL,30-May-2024,158.0,CE,13.2,14.0,11.15,14.0,12.35,3,28.17,159500,11000,06-MAY-2024,
OPTSTK,TATASTEEL,30-May-2024,159.0,CE,12.4,12.4,11.65,11.65,11.6,4,37.64,88000,0,06-MAY-2024,
OPTSTK,TATASTEEL,30-May-2024,160.0,CE,10.9,11.95,9.3,11.2,11.2,451,4238.8,3927000,71500,06-MAY-2024,
OPTSTK,TATASTEEL,30-May-2024,161.0,CE,11.0,11.0,9.1,10.35,10.35,14,131.79,159500,22000,06-MAY-2024,
OPTSTK,TATASTEEL,30-May-2024,162.0,CE,8.8,10.25,8.0,9.75,9.75,39,367.59,451000,-22000,06-MAY-2024,
OPTSTK,TATASTEEL,30-May-2024,163.0,CE,9.25,9.6,7.4,9.1,9.1,23,217.64,308000,-22000,06-MAY-2024,
OPTSTK,TATASTEEL,30-May-2024,164.0,CE,8.65,9.1,7.15,8.5,8.5,76,718.91,335500,5500,06-MAY-2024,
OPTSTK,TATASTEEL,30-May-2024,165.0,CE,8.05,8.65,6.4,7.8,7.8,1610,15282.84,6259000,-286000,06-MAY-2024,
OPTSTK,TATASTEEL,30-May-2024,166.0,CE,7.5,7.9,5.9,7.35,7.35,860,8178.93,1254000,0,06-MAY-2024,
OPTSTK,TATASTEEL,30-May-2024,167.0,CE,6.6,7.35,5.45,6.75,6.75,1470,14023.68,1655500,-209000,06-MAY-2024,
OPTSTK,TATASTEEL,30-May-2024,168.0,CE,6.0,6.95,5.0,6.25,6.25,2079,19895.82,3305500,-22000,06-MAY-2024,
OPTSTK,TATASTEEL,30-May-2024,169.0,CE,6.0,6.3,4.65,5.75,5.75,2017,19364.6,2882000,-187000,06-MAY-2024,
OPTSTK,TATASTEEL,30-May-2024,170.0,CE,5.4,5.85,4.2,5.3,5.3,5905,56886.93,21576500,-401500,06-MAY-2024,
OPTSTK,TATASTEEL,30-May-2024,171.0,CE,5.05,5.3,3.9,4.9,4.9,1451,14022.15,1622500,-143000,06-MAY-2024,
OPTSTK,TATASTEEL,30-May-2024,172.0,CE,4.7,4.9,3.55,4.5,4.5,1405,13621.15,1980000,-66000,06-MAY-2024,
OPTSTK,TATASTEEL,30-May-2024,173.0,CE,4.35,4.45,3.25,4.1,4.1,958,9324.41,973500,-132000,06-MAY-2024,
OPTSTK,TATASTEEL,30-May-2024,174.0,CE,4.0,4.05,2.95,3.75,3.75,962,9396.28,946000,-115500,06-MAY-2024,
OPTSTK,TATASTEEL,30-May-2024,175.0,CE,3.5,3.75,2.7,3.4,3.4,2813,27583.42,11203500,49500,06-MAY-2024,
OPTSTK,TATASTEEL,30-May-2024,176.0,CE,3.25,3.35,2.45,3.1,3.1,669,6585.35,819500,77000,06-MAY-2024,
OPTSTK,TATASTEEL,30-May-2024,177.0,CE,3.05,3.05,2.25,2.85,2.85,706,6978.16,781000,22000,06-MAY-2024,
OPTSTK,TATASTEEL,30-May-2024,178.0,CE,2.7,2.8,2.05,2.55,2.55,591,5865.69,984500,115500,06-MAY-2024,
OPTSTK,TATASTEEL,30-May-2024,179.0,CE,2.5,2.5,1.85,2.35,2.35,124,1235.98,489500,16500,06-MAY-2024,
OPTSTK,TATASTEEL,30-May-2024,180.0,CE,2.3,2.3,1.7,2.1,2.1,4480,44848.61,22451000,16500,06-MAY-2024,
OPTSTK,TATASTEEL,30-May-2024,182.0,CE,1.85,1.85,1.4,1.7,1.7,342,3454.36,2282500,357500,06-MAY-2024,
OPTSTK,TATASTEEL,30-May-2024,184.0,CE,1.6,1.6,1.15,1.4,1.4,181,1845.23,1193500,88000,06-MAY-2024,
OPTSTK,TATASTEEL,30-May-2024,185.0,CE,1.4,1.4,1.05,1.3,1.3,1639,16785.46,7298500,88000,06-MAY-2024,
OPTSTK,TATASTEEL,30-May-2024,186.0,CE,1.25,1.25,0.95,1.15,1.15,177,1821.31,1127500,-82500,06-MAY-2024,
OPTSTK,TATASTEEL,30-May-2024,188.0,CE,1.0,1.05,0.8,0.95,0.95,765,7947.55,4356000,-115500,06-MAY-2024,
OPTSTK,TATASTEEL,30-May-2024,190.0,CE,0.95,0.95,0.65,0.75,0.75,4474,46937.09,9229000,49500,06-MAY-2024,
OPTSTK,TATASTEEL,30-May-2024,130.0,PE,0.1,0.15,0.1,0.15,0.15,46,329.16,1358500,-154000,06-MAY-2024,
OPTSTK,TATASTEEL,30-May-2024,138.0,PE,0.15,0.2,0.1,0.1,0.1,282,2142.8,1600500,407000,06-MAY-2024,
OPTSTK,TATASTEEL,30-May-2024,140.0,PE,0.2,0.25,0.15,0.25,0.25,1225,9447.94,3195500,-445500,06-MAY-2024,
OPTSTK,TATASTEEL,30-May-2024,142.0,PE,0.25,0.3,0.25,0.25,0.25,65,508.62,264000,33000,06-MAY-2024,
OPTSTK,TATASTEEL,30-May-2024,144.0,PE,0.3,0.4,0.25,0.3,0.3,167,1325.48,1138500,242000,06-MAY-2024,
OPTSTK,TATASTEEL,30-May-2024,146.0,PE,0.4,0.55,0.35,0.4,0.4,238,1917.04,2095500,27500,06-MAY-2024,
OPTSTK,TATASTEEL,30-May-2024,148.0,PE,0.5,0.75,0.45,0.55,0.55,219,1789.66,995500,-22000,06-MAY-2024,
OPTSTK,TATASTEEL,30-May-2024,149.0,PE,0.55,0.8,0.55,0.6,0.6,45,370.44,555500,-38500,06-MAY-2024,
OPTSTK,TATASTEEL,30-May-2024,150.0,PE,0.75,1.0,0.6,0.7,0.7,2597,21529.24,12287000,-374000,06-MAY-2024,
OPTSTK,TATASTEEL,30-May-2024,151.0,PE,0.75,1.05,0.7,0.8,0.8,181,1511.45,858000,77000,06-MAY-2024,
OPTSTK,TATASTEEL,30-May-2024,152.0,PE,0.95,1.25,0.8,0.95,0.95,196,1648.98,1155000,55000,06-MAY-2024,
OPTSTK,TATASTEEL,30-May-2024,153.0,PE,0.95,1.4,0.9,1.05,1.05,194,1643.93,951500,126500,06-MAY-2024,
OPTSTK,TATASTEEL,30-May-2024,154.0,PE,1.1,1.6,1.05,1.25,1.25,79,674.49,803000,5500,06-MAY-2024,
OPTSTK,TATASTEEL,30-May-2024,155.0,PE,1.25,1.85,1.2,1.35,1.35,1110,9549.1,6875000,-170500,06-MAY-2024,
OPTSTK,TATASTEEL,30-May-2024,156.0,PE,1.4,2.1,1.4,1.6,1.6,185,1603.4,676500,27500,06-MAY-2024,
OPTSTK,TATASTEEL,30-May-2024,157.0,PE,1.6,2.35,1.55,1.8,1.8,284,2481.11,847000,-22000,06-MAY-2024,
OPTSTK,TATASTEEL,30-May-2024,158.0,PE,1.85,2.65,1.75,2.0,2.0,467,4113.29,946000,110000,06-MAY-2024,
OPTSTK,TATASTEEL,30-May-2024,159.0,PE,2.05,2.95,1.95,2.2,2.2,239,2120.91,396000,11000,06-MAY-2024,
OPTSTK,TATASTEEL,30-May-2024,160.0,PE,2.4,3.3,2.15,2.5,2.5,2156,19279.06,10582000,1622500,06-MAY-2024,
OPTSTK,TATASTEEL,30-May-2024,161.0,PE,2.6,3.7,2.55,2.8,2.8,181,1632.98,473000,-11000,06-MAY-2024,
OPTSTK,TATASTEEL,30-May-2024,162.0,PE,3.05,4.1,2.8,3.1,3.1,409,3719.11,792000,-38500,06-MAY-2024,
OPTSTK,TATASTEEL,30-May-2024,163.0,PE,3.3,4.55,3.05,3.45,3.45,339,3108.04,836000,99000,06-MAY-2024,
OPTSTK,TATASTEEL,30-May-2024,164.0,PE,3.75,5.0,3.45,3.8,3.8,691,6388.19,913000,264000,06-MAY-2024,
OPTSTK,TATASTEEL,30-May-2024,165.0,PE,4.3,5.5,3.7,4.25,4.25,2273,21187.63,6886000,1072500,06-MAY-2024,
OPTSTK,TATASTEEL,30-May-2024,166.0,PE,4.65,6.05,4.1,4.65,4.65,1411,13270.14,1358500,148500,06-MAY-2024,
OPTSTK,TATASTEEL,30-May-2024,167.0,PE,4.95,6.55,4.55,5.1,5.1,1418,13434.82,1397000,71500,06-MAY-2024,
OPTSTK,TATASTEEL,30-May-2024,168.0,PE,5.55,7.15,5.0,5.6,5.6,1509,14415.94,2519000,154000,06-MAY-2024,
OPTSTK,TATASTEEL,30-May-2024,169.0,PE,6.15,7.7,5.55,6.05,6.05,868,8365.75,1182500,143000,06-MAY-2024,
OPTSTK,TATASTEEL,30-May-2024,170.0,PE,6.5,8.35,5.95,6.65,6.65,1493,14520.22,6512000,77000,06-MAY-2024,
OPTSTK,TATASTEEL,30-May-2024,171.0,PE,7.2,8.85,6.55,7.3,7.3,167,1638.75,544500,71500,06-MAY-2024,
OPTSTK,TATASTEEL,30-May-2024,172.0,PE,7.7,9.5,7.1,7.2,7.95,59,583.69,313500,33000,06-MAY-2024,
OPTSTK,TATASTEEL,30-May-2024,173.0,PE,8.7,9.7,7.9,8.45,8.45,29,289.5,203500,-22000,06-MAY-2024,
OPTSTK,TATASTEEL,30-May-2024,174.0,PE,8.8,10.5,8.4,9.0,9.0,30,302.21,198000,27500,06-MAY-2024,
OPTSTK,TATASTEEL,30-May-2024,175.0,PE,9.55,11.7,8.95,9.75,9.75,126,1280.4,3459500,-49500,06-MAY-2024,
OPTSTK,TATASTEEL,30-May-2024,176.0,PE,10.15,12.45,9.75,10.45,10.45,16,164.23,154000,5500,06-MAY-2024,
OPTSTK,TATASTEEL,30-May-2024,177.0,PE,11.55,12.6,10.7,10.7,11.3,12,124.28,159500,5500,06-MAY-2024,
OPTSTK,TATASTEEL,30-May-2024,178.0,PE,11.65,11.85,11.15,11.35,12.05,6,62.53,77000,-5500,06-MAY-2024,
OPTSTK,TATASTEEL,30-May-2024,179.0,PE,12.05,14.2,12.05,12.05,12.8,17,179.37,93500,27500,06-MAY-2024,
OPTSTK,TATASTEEL,30-May-2024,180.0,PE,14.05,15.35,12.8,13.25,13.25,22,234.36,1127500,-33000,06-MAY-2024,
OPTSTK,TATASTEEL,30-May-2024,182.0,PE,14.6,14.6,14.6,14.6,15.2,1,10.81,170500,0,06-MAY-2024,
OPTSTK,TATASTEEL,30-May-2024,184.0,PE,0.0,0.0,0.0,18.25,16.85,0,0.0,253000,0,06-MAY-2024,
OPTSTK,TATASTEEL,30-May-2024,186.0,PE,0.0,0.0,0.0,19.5,18.6,0,0.0,33000,0,06-MAY-2024,
OPTSTK,TATASTEEL,30-May-2024,188.0,PE,20.9,21.9,20.05,20.5,20.35,6,68.82,88000,-11000,06-MAY-2024,
OPTSTK,TATASTEEL,30-May-2024,190.0,PE,0.0,0.0,0.0,21.85,22.15,0,0.0,357500,0,06-MAY-2024,
OPTSTK,TATASTEEL,27-Jun-2024,144.0,CE,0.0,0.0,0.0,19.05,26.15,0,0.0,0,0,06-MAY-2024,
OPTSTK,TATASTEEL,27-Jun-2024,146.0,CE,0.0,0.0,0.0,17.75,24.4,0,0.0,0,0,06-MAY-2024,
OPTSTK,TATASTEEL,27-Jun-2024,148.0,CE,0.0,0.0,0.0,16.5,22.75,0,0.0,0,0,06-MAY-2024,
OPTSTK,TATASTEEL,27-Jun-2024,150.0,CE,0.0,0.0,0.0,21.75,21.1,0,0.0,5500,0,06-MAY-2024,
OPTSTK,TATASTEEL,27-Jun-2024,152.0,CE,0.0,0.0,0.0,14.15,19.55,0,0.0,0,0,06-MAY-2024,
OPTSTK,TATASTEEL,27-Jun-2024,153.0,CE,0.0,0.0,0.0,19.85,18.8,0,0.0,0,0,06-MAY-2024,
OPTSTK,TATASTEEL,27-Jun-2024,154.0,CE,0.0,0.0,0.0,18.0,18.05,0,0.0,5500,0,06-MAY-2024,
OPTSTK,TATASTEEL,27-Jun-2024,155.0,CE,0.0,0.0,0.0,18.4,17.3,0,0.0,0,0,06-MAY-2024,
OPTSTK,TATASTEEL,27-Jun-2024,156.0,CE,0.0,0.0,0.0,12.05,16.6,0,0.0,0,0,06-MAY-2024,
OPTSTK,TATASTEEL,27-Jun-2024,157.0,CE,0.0,0.0,0.0,17.0,15.9,0,0.0,0,0,06-MAY-2024,
OPTSTK,TATASTEEL,27-Jun-2024,158.0,CE,0.0,0.0,0.0,11.1,15.2,0,0.0,0,0,06-MAY-2024,
OPTSTK,TATASTEEL,27-Jun-2024,159.0,CE,0.0,0.0,0.0,15.7,14.55,0,0.0,0,0,06-MAY-2024,
OPTSTK,TATASTEEL,27-Jun-2024,160.0,CE,15.5,15.5,15.5,15.5,13.9,2,19.3,148500,11000,06-MAY-2024,
OPTSTK,TATASTEEL,27-Jun-2024,161.0,CE,0.0,0.0,0.0,14.45,13.25,0,0.0,0,0,06-MAY-2024,
OPTSTK,TATASTEEL,27-Jun-2024,162.0,CE,0.0,0.0,0.0,9.35,12.65,0,0.0,0,0,06-MAY-2024,
OPTSTK,TATASTEEL,27-Jun-2024,163.0,CE,0.0,0.0,0.0,13.25,12.05,0,0.0,0,0,06-MAY-2024,
OPTSTK,TATASTEEL,27-Jun-2024,164.0,CE,0.0,0.0,0.0,8.55,11.5,0,0.0,0,0,06-MAY-2024,
OPTSTK,TATASTEEL,27-Jun-2024,165.0,CE,12.0,12.9,12.0,12.9,10.95,3,29.28,55000,0,06-MAY-2024,
OPTSTK,TATASTEEL,27-Jun-2024,166.0,CE,0.0,0.0,0.0,10.9,10.4,0,0.0,0,0,06-MAY-2024,
OPTSTK,TATASTEEL,27-Jun-2024,167.0,CE,0.0,0.0,0.0,11.1,9.85,0,0.0,0,0,06-MAY-2024,
OPTSTK,TATASTEEL,27-Jun-2024,168.0,CE,9.75,11.15,9.75,11.15,11.15,9,88.56,33000,16500,06-MAY-2024,
OPTSTK,TATASTEEL,27-Jun-2024,169.0,CE,10.3,10.55,10.25,10.55,10.55,3,29.59,11000,0,06-MAY-2024,
OPTSTK,TATASTEEL,27-Jun-2024,170.0,CE,9.3,10.85,8.8,10.4,10.4,141,1395.69,1199000,93500,06-MAY-2024,
OPTSTK,TATASTEEL,27-Jun-2024,171.0,CE,0.0,0.0,0.0,9.15,7.95,0,0.0,0,0,06-MAY-2024,
OPTSTK,TATASTEEL,27-Jun-2024,172.0,CE,0.0,0.0,0.0,5.9,7.55,0,0.0,0,0,06-MAY-2024,
OPTSTK,TATASTEEL,27-Jun-2024,173.0,CE,0.0,0.0,0.0,8.3,7.1,0,0.0,0,0,06-MAY-2024,
OPTSTK,TATASTEEL,27-Jun-2024,174.0,CE,5.3,7.45,5.3,7.45,6.75,2,19.84,5500,5500,06-MAY-2024,
OPTSTK,TATASTEEL,27-Jun-2024,175.0,CE,7.0,8.4,7.0,8.3,8.3,23,231.27,247500,55000,06-MAY-2024,
OPTSTK,TATASTEEL,27-Jun-2024,176.0,CE,0.0,0.0,0.0,5.0,6.0,0,0.0,33000,0,06-MAY-2024,
OPTSTK,TATASTEEL,27-Jun-2024,177.0,CE,7.5,7.5,7.5,7.5,7.5,1,10.14,16500,5500,06-MAY-2024,
OPTSTK,TATASTEEL,27-Jun-2024,178.0,CE,0.0,0.0,0.0,4.4,5.3,0,0.0,0,0,06-MAY-2024,
OPTSTK,TATASTEEL,27-Jun-2024,179.0,CE,0.0,0.0,0.0,4.25,5.0,0,0.0,0,0,06-MAY-2024,
OPTSTK,TATASTEEL,27-Jun-2024,180.0,CE,6.05,6.75,5.35,6.6,6.6,203,2077.91,1309000,247500,06-MAY-2024,
OPTSTK,TATASTEEL,27-Jun-2024,182.0,CE,0.0,0.0,0.0,5.1,4.15,0,0.0,5500,0,06-MAY-2024,
OPTSTK,TATASTEEL,27-Jun-2024,184.0,CE,4.5,5.0,4.5,5.0,3.65,9,93.41,225500,0,06-MAY-2024,
OPTSTK,TATASTEEL,27-Jun-2024,186.0,CE,0.0,0.0,0.0,3.85,3.2,0,0.0,88000,0,06-MAY-2024,
OPTSTK,TATASTEEL,27-Jun-2024,188.0,CE,0.0,0.0,0.0,3.5,2.75,0,0.0,60500,0,06-MAY-2024,
OPTSTK,TATASTEEL,27-Jun-2024,190.0,CE,3.2,4.05,2.65,3.95,3.95,178,1896.09,1633500,385000,06-MAY-2024,
OPTSTK,TATASTEEL,27-Jun-2024,140.0,PE,1.4,1.55,1.2,1.55,1.55,31,240.96,247500,121000,06-MAY-2024,
OPTSTK,TATASTEEL,27-Jun-2024,144.0,PE,1.75,1.75,1.75,1.75,1.05,1,8.01,44000,0,06-MAY-2024,
OPTSTK,TATASTEEL,27-Jun-2024,146.0,PE,3.95,3.95,3.95,3.95,3.95,1,8.24,55000,5500,06-MAY-2024,
OPTSTK,TATASTEEL,27-Jun-2024,148.0,PE,0.0,0.0,0.0,2.7,1.6,0,0.0,38500,0,06-MAY-2024,
OPTSTK,TATASTEEL,27-Jun-2024,150.0,PE,3.4,3.7,2.8,3.5,3.5,150,1264.81,2040500,550000,06-MAY-2024,
OPTSTK,TATASTEEL,27-Jun-2024,152.0,PE,0.0,0.0,0.0,7.6,2.4,0,0.0,0,0,06-MAY-2024,
OPTSTK,TATASTEEL,27-Jun-2024,153.0,PE,0.0,0.0,0.0,3.2,2.6,0,0.0,0,0,06-MAY-2024,
OPTSTK,TATASTEEL,27-Jun-2024,154.0,PE,0.0,0.0,0.0,8.5,2.85,0,0.0,0,0,06-MAY-2024,
OPTSTK,TATASTEEL,27-Jun-2024,155.0,PE,4.25,4.25,4.25,4.25,3.1,2,17.51,154000,5500,06-MAY-2024,
OPTSTK,TATASTEEL,27-Jun-2024,156.0,PE,0.0,0.0,0.0,9.45,3.4,0,0.0,0,0,06-MAY-2024,
OPTSTK,TATASTEEL,27-Jun-2024,157.0,PE,0.0,0.0,0.0,4.35,3.65,0,0.0,0,0,06-MAY-2024,
OPTSTK,TATASTEEL,27-Jun-2024,158.0,PE,0.0,0.0,0.0,10.45,4.0,0,0.0,0,0,06-MAY-2024,
OPTSTK,TATASTEEL,27-Jun-2024,159.0,PE,0.0,0.0,0.0,5.0,4.3,0,0.0,0,0,06-MAY-2024,
OPTSTK,TATASTEEL,27-Jun-2024,160.0,PE,6.15,7.25,5.8,6.75,6.75,131,1199.5,1320000,313500,06-MAY-2024,
OPTSTK,TATASTEEL,27-Jun-2024,161.0,PE,0.0,0.0,0.0,5.75,5.0,0,0.0,0,0,06-MAY-2024,
OPTSTK,TATASTEEL,27-Jun-2024,162.0,PE,0.0,0.0,0.0,12.6,5.4,0,0.0,0,0,06-MAY-2024,
OPTSTK,TATASTEEL,27-Jun-2024,163.0,PE,0.0,0.0,0.0,6.5,5.8,0,0.0,0,0,06-MAY-2024,
OPTSTK,TATASTEEL,27-Jun-2024,164.0,PE,0.0,0.0,0.0,7.95,6.2,0,0.0,5500,0,06-MAY-2024,
OPTSTK,TATASTEEL,27-Jun-2024,165.0,PE,8.15,10.2,8.1,9.85,9.85,18,172.17,181500,71500,06-MAY-2024,
OPTSTK,TATASTEEL,27-Jun-2024,166.0,PE,0.0,0.0,0.0,6.5,7.1,0,0.0,0,0,06-MAY-2024,
OPTSTK,TATASTEEL,27-Jun-2024,167.0,PE,0.0,0.0,0.0,8.3,7.55,0,0.0,0,0,06-MAY-2024,
OPTSTK,TATASTEEL,27-Jun-2024,168.0,PE,0.0,0.0,0.0,7.8,8.05,0,0.0,22000,0,06-MAY-2024,
OPTSTK,TATASTEEL,27-Jun-2024,169.0,PE,0.0,0.0,0.0,9.3,8.55,0,0.0,0,0,06-MAY-2024,
OPTSTK,TATASTEEL,27-Jun-2024,170.0,PE,10.8,11.6,10.5,11.35,11.35,32,318.48,506000,93500,06-MAY-2024,
OPTSTK,TATASTEEL,27-Jun-2024,171.0,PE,0.0,0.0,0.0,10.35,9.6,0,0.0,0,0,06-MAY-2024,
OPTSTK,TATASTEEL,27-Jun-2024,172.0,PE,0.0,0.0,0.0,18.95,10.15,0,0.0,0,0,06-MAY-2024,
OPTSTK,TATASTEEL,27-Jun-2024,173.0,PE,0.0,0.0,0.0,11.45,10.75,0,0.0,0,0,06-MAY-2024,
OPTSTK,TATASTEEL,27-Jun-2024,174.0,PE,0.0,0.0,0.0,20.4,11.35,0,0.0,0,0,06-MAY-2024,
OPTSTK,TATASTEEL,27-Jun-2024,175.0,PE,0.0,0.0,0.0,13.75,11.95,0,0.0,5500,0,06-MAY-2024,
OPTSTK,TATASTEEL,27-Jun-2024,176.0,PE,0.0,0.0,0.0,21.85,12.55,0,0.0,0,0,06-MAY-2024,
OPTSTK,TATASTEEL,27-Jun-2024,177.0,PE,0.0,0.0,0.0,13.85,13.2,0,0.0,0,0,06-MAY-2024,
OPTSTK,TATASTEEL,27-Jun-2024,178.0,PE,0.0,0.0,0.0,23.35,13.85,0,0.0,0,0,06-MAY-2024,
OPTSTK,TATASTEEL,27-Jun-2024,179.0,PE,0.0,0.0,0.0,15.15,14.55,0,0.0,0,0,06-MAY-2024,
OPTSTK,TATASTEEL,27-Jun-2024,180.0,PE,17.0,17.0,16.5,16.5,15.25,2,21.64,22000,0,06-MAY-2024,
OPTSTK,TATASTEEL,27-Jun-2024,182.0,PE,0.0,0.0,0.0,26.45,16.65,0,0.0,0,0,06-MAY-2024,
OPTSTK,TATASTEEL,27-Jun-2024,184.0,PE,0.0,0.0,0.0,28.05,18.15,0,0.0,0,0,06-MAY-2024,
OPTSTK,TATASTEEL,27-Jun-2024,186.0,PE,0.0,0.0,0.0,29.7,19.65,0,0.0,0,0,06-MAY-2024,
OPTSTK,TATASTEEL,27-Jun-2024,188.0,PE,0.0,0.0,0.0,31.35,21.25,0,0.0,0,0,06-MAY-2024,
OPTSTK,TATASTEEL,27-Jun-2024,190.0,PE,0.0,0.0,0.0,33.05,22.85,0,0.0,0,0,06-MAY-2024,
OPTSTK,TATASTEEL,25-Jul-2024,144.0,CE,0.0,0.0,0.0,28.65,27.8,0,0.0,0,0,06-MAY-2024,
OPTSTK,TATASTEEL,25-Jul-2024,148.0,CE,0.0,0.0,0.0,25.55,24.65,0,0.0,0,0,06-MAY-2024,
OPTSTK,TATASTEEL,25-Jul-2024,152.0,CE,0.0,0.0,0.0,22.6,21.65,0,0.0,0,0,06-MAY-2024,
OPTSTK,TATASTEEL,25-Jul-2024,154.0,CE,0.0,0.0,0.0,21.2,20.25,0,0.0,0,0,06-MAY-2024,
OPTSTK,TATASTEEL,25-Jul-2024,156.0,CE,0.0,0.0,0.0,19.9,18.85,0,0.0,0,0,06-MAY-2024,
OPTSTK,TATASTEEL,25-Jul-2024,158.0,CE,0.0,0.0,0.0,18.6,17.55,0,0.0,0,0,06-MAY-2024,
OPTSTK,TATASTEEL,25-Jul-2024,160.0,CE,0.0,0.0,0.0,17.35,16.3,0,0.0,0,0,06-MAY-2024,
OPTSTK,TATASTEEL,25-Jul-2024,162.0,CE,0.0,0.0,0.0,16.2,15.1,0,0.0,0,0,06-MAY-2024,
OPTSTK,TATASTEEL,25-Jul-2024,164.0,CE,0.0,0.0,0.0,15.05,14.0,0,0.0,0,0,06-MAY-2024,
OPTSTK,TATASTEEL,25-Jul-2024,166.0,CE,0.0,0.0,0.0,14.0,12.9,0,0.0,0,0,06-MAY-2024,
OPTSTK,TATASTEEL,25-Jul-2024,168.0,CE,0.0,0.0,0.0,9.5,11.9,0,0.0,5500,0,06-MAY-2024,
OPTSTK,TATASTEEL,25-Jul-2024,170.0,CE,13.0,13.0,13.0,13.0,10.95,2,20.13,11000,0,06-MAY-2024,
OPTSTK,TATASTEEL,25-Jul-2024,172.0,CE,0.0,0.0,0.0,11.1,10.05,0,0.0,0,0,06-MAY-2024,
OPTSTK,TATASTEEL,25-Jul-2024,174.0,CE,0.0,0.0,0.0,10.25,9.2,0,0.0,0,0,06-MAY-2024,
OPTSTK,TATASTEEL,25-Jul-2024,176.0,CE,0.0,0.0,0.0,9.45,8.4,0,0.0,0,0,06-MAY-2024,
OPTSTK,TATASTEEL,25-Jul-2024,178.0,CE,0.0,0.0,0.0,8.7,7.65,0,0.0,0,0,06-MAY-2024,
OPTSTK,TATASTEEL,25-Jul-2024,180.0,CE,0.0,0.0,0.0,8.0,7.0,0,0.0,0,0,06-MAY-2024,
OPTSTK,TATASTEEL,25-Jul-2024,184.0,CE,0.0,0.0,0.0,6.7,5.75,0,0.0,0,0,06-MAY-2024,
OPTSTK,TATASTEEL,25-Jul-2024,188.0,CE,0.0,0.0,0.0,5.6,4.7,0,0.0,0,0,06-MAY-2024,
OPTSTK,TATASTEEL,25-Jul-2024,144.0,PE,3.0,3.0,3.0,3.0,1.95,1,8.08,16500,5500,06-MAY-2024,
OPTSTK,TATASTEEL,25-Jul-2024,148.0,PE,0.0,0.0,0.0,3.15,2.7,0,0.0,0,0,06-MAY-2024,
OPTSTK,TATASTEEL,25-Jul-2024,152.0,PE,0.0,0.0,0.0,4.15,3.65,0,0.0,0,0,06-MAY-2024,
OPTSTK,TATASTEEL,25-Jul-2024,154.0,PE,0.0,0.0,0.0,4.75,4.2,0,0.0,0,0,06-MAY-2024,
OPTSTK,TATASTEEL,25-Jul-2024,156.0,PE,0.0,0.0,0.0,5.35,4.8,0,0.0,0,0,06-MAY-2024,
OPTSTK,TATASTEEL,25-Jul-2024,158.0,PE,0.0,0.0,0.0,6.05,5.45,0,0.0,0,0,06-MAY-2024,
OPTSTK,TATASTEEL,25-Jul-2024,160.0,PE,0.0,0.0,0.0,6.75,6.2,0,0.0,0,0,06-MAY-2024,
OPTSTK,TATASTEEL,25-Jul-2024,162.0,PE,0.0,0.0,0.0,7.55,6.95,0,0.0,0,0,06-MAY-2024,
OPTSTK,TATASTEEL,25-Jul-2024,164.0,PE,0.0,0.0,0.0,8.4,7.8,0,0.0,0,0,06-MAY-2024,
OPTSTK,TATASTEEL,25-Jul-2024,166.0,PE,0.0,0.0,0.0,9.3,8.7,0,0.0,0,0,06-MAY-2024,
OPTSTK,TATASTEEL,25-Jul-2024,168.0,PE,0.0,0.0,0.0,10.25,9.65,0,0.0,0,0,06-MAY-2024,
OPTSTK,TATASTEEL,25-Jul-2024,170.0,PE,0.0,0.0,0.0,11.25,10.65,0,0.0,0,0,06-MAY-2024,
OPTSTK,TATASTEEL,25-Jul-2024,172.0,PE,0.0,0.0,0.0,12.3,11.7,0,0.0,0,0,06-MAY-2024,
OPTSTK,TATASTEEL,25-Jul-2024,174.0,PE,0.0,0.0,0.0,13.4,12.85,0,0.0,0,0,06-MAY-2024,
OPTSTK,TATASTEEL,25-Jul-2024,176.0,PE,0.0,0.0,0.0,14.55,14.0,0,0.0,0,0,06-MAY-2024,
OPTSTK,TATASTEEL,25-Jul-2024,178.0,PE,0.0,0.0,0.0,15.8,15.25,0,0.0,0,0,06-MAY-2024,
OPTSTK,TATASTEEL,25-Jul-2024,180.0,PE,0.0,0.0,0.0,17.05,16.55,0,0.0,0,0,06-MAY-2024,
OPTSTK,TATASTEEL,25-Jul-2024,184.0,PE,0.0,0.0,0.0,19.7,19.25,0,0.0,0,0,06-MAY-2024,
OPTSTK,TATASTEEL,25-Jul-2024,188.0,PE,0.0,0.0,0.0,22.5,22.15,0,0.0,0,0,06-MAY-2024,
OPTSTK,TCS,30-May-2024,3200.0,CE,0.0,0.0,0.0,955.6,735.85,0,0.0,0,0,06-MAY-2024,
OPTSTK,TCS,30-May-2024,3300.0,CE,0.0,0.0,0.0,622.8,636.45,0,0.0,0,0,06-MAY-2024,
OPTSTK,TCS,30-May-2024,3400.0,CE,506.6,506.6,506.6,506.6,537.45,1,6.83,525,0,06-MAY-2024,
OPTSTK,TCS,30-May-2024,3450.0,CE,0.0,0.0,0.0,485.75,488.35,0,0.0,0,0,06-MAY-2024,
OPTSTK,TCS,30-May-2024,3500.0,CE,404.55,434.6,404.55,424.1,439.8,3,20.58,1750,0,06-MAY-2024,
OPTSTK,TCS,30-May-2024,3550.0,CE,0.0,0.0,0.0,302.75,392.05,0,0.0,350,0,06-MAY-2024,
OPTSTK,TCS,30-May-2024,3600.0,CE,268.0,334.0,268.0,320.0,320.0,33,225.77,16275,-5075,06-MAY-2024,
OPTSTK,TCS,30-May-2024,3650.0,CE,242.0,283.7,242.0,273.85,273.85,29,198.57,6650,175,06-MAY-2024,
OPTSTK,TCS,30-May-2024,3700.0,CE,194.85,240.05,193.2,226.45,226.45,313,2149.33,35700,-3500,06-MAY-2024,
OPTSTK,TCS,30-May-2024,3750.0,CE,140.7,200.0,140.65,183.65,183.65,236,1623.67,22925,-1750,06-MAY-2024,
OPTSTK,TCS,30-May-2024,3800.0,CE,109.95,162.5,104.25,147.0,147.0,2672,18422.33,131075,-132125,06-MAY-2024,
OPTSTK,TCS,30-May-2024,3850.0,CE,82.25,127.6,80.65,113.35,113.35,3611,25018.09,233625,-88900,06-MAY-2024,
OPTSTK,TCS,30-May-2024,3900.0,CE,59.9,98.0,56.15,85.05,85.05,24355,169853.09,564025,-200550,06-MAY-2024,
OPTSTK,TCS,30-May-2024,3950.0,CE,45.25,73.5,43.25,61.9,61.9,11260,79094.56,294700,19600,06-MAY-2024,
OPTSTK,TCS,30-May-2024,4000.0,CE,30.95,53.5,29.55,43.8,43.8,26193,185455.97,1151850,178500,06-MAY-2024,
OPTSTK,TCS,30-May-2024,4050.0,CE,21.0,37.75,21.0,30.3,30.3,3224,23029.1,153475,-25375,06-MAY-2024,
OPTSTK,TCS,30-May-2024,4100.0,CE,16.05,26.3,15.45,20.7,20.7,7723,55712.84,522900,17150,06-MAY-2024,
OPTSTK,TCS,30-May-2024,4150.0,CE,11.85,18.5,11.85,14.6,14.6,2837,20681.39,74025,20825,06-MAY-2024,
OPTSTK,TCS,30-May-2024,4200.0,CE,8.8,13.15,8.7,10.7,10.7,6234,45943.7,477750,-19950,06-MAY-2024,
OPTSTK,TCS,30-May-2024,4250.0,CE,6.45,9.5,6.45,7.9,7.9,1663,12392.78,78575,15225,06-MAY-2024,
OPTSTK,TCS,30-May-2024,4300.0,CE,5.4,7.1,5.3,6.05,6.05,2613,19691.57,231700,-29050,06-MAY-2024,
OPTSTK,TCS,30-May-2024,4350.0,CE,4.4,6.05,4.0,4.5,4.5,1024,7803.87,40950,4900,06-MAY-2024,
OPTSTK,TCS,30-May-2024,4400.0,CE,3.7,4.15,2.7,3.4,3.4,1140,8785.24,175525,7175,06-MAY-2024,
OPTSTK,TCS,30-May-2024,4500.0,CE,3.15,3.15,2.15,2.65,2.65,1062,8368.32,329875,26950,06-MAY-2024,
OPTSTK,TCS,30-May-2024,4600.0,CE,1.95,2.45,1.65,2.1,2.1,789,6354.44,73150,18900,06-MAY-2024,
OPTSTK,TCS,30-May-2024,3200.0,PE,1.9,1.9,1.1,1.4,1.4,32,179.28,4725,2625,06-MAY-2024,
OPTSTK,TCS,30-May-2024,3300.0,PE,2.25,2.25,1.45,1.5,1.5,53,306.23,19075,1925,06-MAY-2024,
OPTSTK,TCS,30-May-2024,3400.0,PE,3.25,3.25,2.1,2.35,2.35,123,732.36,141925,1050,06-MAY-2024,
OPTSTK,TCS,30-May-2024,3440.0,PE,2.85,2.85,2.85,2.85,1.25,2,12.04,2625,-350,06-MAY-2024,
OPTSTK,TCS,30-May-2024,3450.0,PE,4.55,5.0,2.3,2.9,2.9,56,338.38,30450,-700,06-MAY-2024,
OPTSTK,TCS,30-May-2024,3500.0,PE,5.25,5.5,3.9,4.3,4.3,1073,6580.31,193725,-1225,06-MAY-2024,
OPTSTK,TCS,30-May-2024,3550.0,PE,6.65,6.95,5.05,5.55,5.55,983,6116.59,36225,-7000,06-MAY-2024,
OPTSTK,TCS,30-May-2024,3600.0,PE,9.65,9.7,7.0,7.7,7.7,3866,24410.47,273175,-146125,06-MAY-2024,
OPTSTK,TCS,30-May-2024,3650.0,PE,14.3,14.45,9.7,11.0,11.0,2854,18285.19,76825,-35525,06-MAY-2024,
OPTSTK,TCS,30-May-2024,3700.0,PE,28.7,28.7,14.3,16.0,16.0,3823,24861.53,258125,-56700,06-MAY-2024,
OPTSTK,TCS,30-May-2024,3750.0,PE,38.0,38.0,21.35,23.85,23.85,2195,14496.96,131600,15750,06-MAY-2024,
OPTSTK,TCS,30-May-2024,3800.0,PE,54.15,56.6,31.5,35.3,35.3,5499,36913.05,371875,-22225,06-MAY-2024,
OPTSTK,TCS,30-May-2024,3850.0,PE,68.05,68.95,46.45,51.2,51.2,3166,21620.6,201950,9450,06-MAY-2024,
OPTSTK,TCS,30-May-2024,3900.0,PE,98.1,101.0,66.15,72.55,72.55,7354,51136.19,308525,8050,06-MAY-2024,
OPTSTK,TCS,30-May-2024,3950.0,PE,125.1,125.25,91.6,98.85,98.85,1788,12669.43,83650,26950,06-MAY-2024,
OPTSTK,TCS,30-May-2024,4000.0,PE,162.0,162.2,120.75,130.6,130.6,1553,11222.86,235375,21700,06-MAY-2024,
OPTSTK,TCS,30-May-2024,4050.0,PE,175.0,176.4,157.8,167.0,167.0,184,1357.3,42700,-5600,06-MAY-2024,
OPTSTK,TCS,30-May-2024,4100.0,PE,232.0,232.0,195.35,205.55,205.55,207,1559.28,107450,-525,06-MAY-2024,
OPTSTK,TCS,30-May-2024,4150.0,PE,244.05,251.65,239.45,250.55,250.55,9,69.24,17150,-1225,06-MAY-2024,
OPTSTK,TCS,30-May-2024,4200.0,PE,329.05,329.05,281.7,288.5,279.6,93,731.57,92400,-8050,06-MAY-2024,
OPTSTK,TCS,30-May-2024,4250.0,PE,0.0,0.0,0.0,371.0,323.15,0,0.0,0,0,06-MAY-2024,
OPTSTK,TCS,30-May-2024,4300.0,PE,415.0,415.0,384.7,384.7,368.45,53,435.73,22225,-8225,06-MAY-2024,
OPTSTK,TCS,30-May-2024,4400.0,PE,484.0,490.0,484.0,484.0,462.65,4,34.2,7700,0,06-MAY-2024,
OPTSTK,TCS,30-May-2024,4500.0,PE,0.0,0.0,0.0,585.3,559.75,0,0.0,0,0,06-MAY-2024,
OPTSTK,TCS,30-May-2024,4600.0,PE,0.0,0.0,0.0,736.0,658.3,0,0.0,700,0,06-MAY-2024,
OPTSTK,TCS,27-Jun-2024,3200.0,CE,0.0,0.0,0.0,740.85,755.15,0,0.0,0,0,06-MAY-2024,
OPTSTK,TCS,27-Jun-2024,3300.0,CE,0.0,0.0,0.0,648.8,657.95,0,0.0,0,0,06-MAY-2024,
OPTSTK,TCS,27-Jun-2024,3400.0,CE,0.0,0.0,0.0,560.35,562.75,0,0.0,0,0,06-MAY-2024,
OPTSTK,TCS,27-Jun-2024,3450.0,CE,0.0,0.0,0.0,465.55,516.35,0,0.0,0,0,06-MAY-2024,
OPTSTK,TCS,27-Jun-2024,3500.0,CE,0.0,0.0,0.0,476.75,471.0,0,0.0,0,0,06-MAY-2024,
OPTSTK,TCS,27-Jun-2024,3550.0,CE,0.0,0.0,0.0,382.1,427.0,0,0.0,0,0,06-MAY-2024,
OPTSTK,TCS,27-Jun-2024,3600.0,CE,0.0,0.0,0.0,399.05,384.5,0,0.0,0,0,06-MAY-2024,
OPTSTK,TCS,27-Jun-2024,3650.0,CE,0.0,0.0,0.0,306.1,343.85,0,0.0,0,0,06-MAY-2024,
OPTSTK,TCS,27-Jun-2024,3700.0,CE,280.0,301.55,280.0,301.55,305.25,26,181.82,3325,-700,06-MAY-2024,
OPTSTK,TCS,27-Jun-2024,3750.0,CE,0.0,0.0,0.0,210.8,268.85,0,0.0,175,0,06-MAY-2024,
OPTSTK,TCS,27-Jun-2024,3800.0,CE,194.35,238.35,188.7,234.9,235.0,43,302.8,17325,2975,06-MAY-2024,
OPTSTK,TCS,27-Jun-2024,3850.0,CE,0.0,0.0,0.0,181.15,203.75,0,0.0,0,0,06-MAY-2024,
OPTSTK,TCS,27-Jun-2024,3900.0,CE,143.6,185.55,143.6,174.25,174.25,134,954.84,46200,3850,06-MAY-2024,
OPTSTK,TCS,27-Jun-2024,3950.0,CE,0.0,0.0,0.0,133.6,149.3,0,0.0,0,0,06-MAY-2024,
OPTSTK,TCS,27-Jun-2024,4000.0,CE,98.95,135.95,98.95,131.35,131.35,798,5760.39,150325,-3150,06-MAY-2024,
OPTSTK,TCS,27-Jun-2024,4050.0,CE,0.0,0.0,0.0,95.75,105.7,0,0.0,0,0,06-MAY-2024,
OPTSTK,TCS,27-Jun-2024,4100.0,CE,70.05,99.45,70.05,93.95,93.95,108,792.06,16800,5775,06-MAY-2024,
OPTSTK,TCS,27-Jun-2024,4150.0,CE,0.0,0.0,0.0,66.7,72.25,0,0.0,0,0,06-MAY-2024,
OPTSTK,TCS,27-Jun-2024,4200.0,CE,44.65,69.15,44.65,64.55,64.55,293,2185.09,58275,12075,06-MAY-2024,
OPTSTK,TCS,27-Jun-2024,4250.0,CE,0.0,0.0,0.0,45.2,47.7,0,0.0,0,0,06-MAY-2024,
OPTSTK,TCS,27-Jun-2024,4300.0,CE,36.0,45.45,34.25,43.2,43.2,64,486.39,8575,7350,06-MAY-2024,
OPTSTK,TCS,27-Jun-2024,4400.0,CE,29.9,30.4,29.0,30.4,24.0,7,54.26,875,875,06-MAY-2024,
OPTSTK,TCS,27-Jun-2024,4500.0,CE,19.5,21.0,15.3,16.0,14.5,33,260.96,6825,4725,06-MAY-2024,
OPTSTK,TCS,27-Jun-2024,3200.0,PE,5.35,5.35,5.35,5.35,1.1,1,5.6,350,0,06-MAY-2024,
OPTSTK,TCS,27-Jun-2024,3300.0,PE,0.0,0.0,0.0,13.5,2.9,0,0.0,0,0,06-MAY-2024,
OPTSTK,TCS,27-Jun-2024,3400.0,PE,11.8,14.7,11.8,14.7,6.65,3,17.91,8400,175,06-MAY-2024,
OPTSTK,TCS,27-Jun-2024,3450.0,PE,0.0,0.0,0.0,20.1,9.75,0,0.0,0,0,06-MAY-2024,
OPTSTK,TCS,27-Jun-2024,3500.0,PE,25.0,26.0,24.0,26.0,26.0,4,24.67,4200,175,06-MAY-2024,
OPTSTK,TCS,27-Jun-2024,3550.0,PE,0.0,0.0,0.0,35.35,19.35,0,0.0,0,0,06-MAY-2024,
OPTSTK,TCS,27-Jun-2024,3600.0,PE,39.0,42.0,37.3,40.95,40.95,19,121.0,29925,1400,06-MAY-2024,
OPTSTK,TCS,27-Jun-2024,3650.0,PE,0.0,0.0,0.0,58.15,35.2,0,0.0,0,0,06-MAY-2024,
OPTSTK,TCS,27-Jun-2024,3700.0,PE,68.65,68.65,57.6,64.55,64.55,69,454.22,37625,4725,06-MAY-2024,
OPTSTK,TCS,27-Jun-2024,3750.0,PE,0.0,0.0,0.0,89.45,59.2,0,0.0,0,0,06-MAY-2024,
OPTSTK,TCS,27-Jun-2024,3800.0,PE,99.7,101.0,89.0,97.2,97.2,452,3081.08,116725,38325,06-MAY-2024,
OPTSTK,TCS,27-Jun-2024,3850.0,PE,0.0,0.0,0.0,130.65,93.0,0,0.0,0,0,06-MAY-2024,
OPTSTK,TCS,27-Jun-2024,3900.0,PE,138.0,142.95,128.0,138.55,138.55,135,953.04,19425,16450,06-MAY-2024,
OPTSTK,TCS,27-Jun-2024,3950.0,PE,0.0,0.0,0.0,181.9,137.55,0,0.0,0,0,06-MAY-2024,
OPTSTK,TCS,27-Jun-2024,4000.0,PE,190.0,192.0,178.0,191.0,191.0,54,395.56,20300,6300,06-MAY-2024,
OPTSTK,TCS,27-Jun-2024,4050.0,PE,0.0,0.0,0.0,242.8,192.9,0,0.0,0,0,06-MAY-2024,
OPTSTK,TCS,27-Jun-2024,4100.0,PE,218.7,218.7,218.7,218.7,224.45,2,15.11,350,350,06-MAY-2024,
OPTSTK,TCS,27-Jun-2024,4150.0,PE,0.0,0.0,0.0,312.45,258.4,0,0.0,0,0,06-MAY-2024,
OPTSTK,TCS,27-Jun-2024,4200.0,PE,0.0,0.0,0.0,343.0,294.8,0,0.0,0,0,06-MAY-2024,
OPTSTK,TCS,27-Jun-2024,4250.0,PE,0.0,0.0,0.0,389.7,332.9,0,0.0,0,0,06-MAY-2024,
OPTSTK,TCS,27-Jun-2024,4300.0,PE,0.0,0.0,0.0,416.75,372.9,0,0.0,0,0,06-MAY-2024,
OPTSTK,TCS,27-Jun-2024,4400.0,PE,0.0,0.0,0.0,495.65,457.6,0,0.0,0,0,06-MAY-2024,
OPTSTK,TCS,27-Jun-2024,4500.0,PE,0.0,0.0,0.0,579.35,547.1,0,0.0,0,0,06-MAY-2024,
OPTSTK,TCS,25-Jul-2024,3200.0,CE,0.0,0.0,0.0,718.3,775.8,0,0.0,0,0,06-MAY-2024,
OPTSTK,TCS,25-Jul-2024,3400.0,CE,0.0,0.0,0.0,539.45,590.25,0,0.0,0,0,06-MAY-2024,
OPTSTK,TCS,25-Jul-2024,3500.0,CE,0.0,0.0,0.0,457.0,503.1,0,0.0,0,0,06-MAY-2024,
OPTSTK,TCS,25-Jul-2024,3600.0,CE,0.0,0.0,0.0,380.95,421.4,0,0.0,0,0,06-MAY-2024,
OPTSTK,TCS,25-Jul-2024,3700.0,CE,0.0,0.0,0.0,311.75,346.6,0,0.0,0,0,06-MAY-2024,
OPTSTK,TCS,25-Jul-2024,3800.0,CE,0.0,0.0,0.0,250.75,279.25,0,0.0,0,0,06-MAY-2024,
OPTSTK,TCS,25-Jul-2024,3900.0,CE,0.0,0.0,0.0,197.95,220.6,0,0.0,0,0,06-MAY-2024,
OPTSTK,TCS,25-Jul-2024,4000.0,CE,160.0,160.0,160.0,160.0,170.6,1,7.28,175,175,06-MAY-2024,
OPTSTK,TCS,25-Jul-2024,4100.0,CE,0.0,0.0,0.0,116.7,129.25,0,0.0,0,0,06-MAY-2024,
OPTSTK,TCS,25-Jul-2024,4200.0,CE,0.0,0.0,0.0,87.15,95.85,0,0.0,0,0,06-MAY-2024,
OPTSTK,TCS,25-Jul-2024,4300.0,CE,0.0,0.0,0.0,64.05,69.85,0,0.0,0,0,06-MAY-2024,
OPTSTK,TCS,25-Jul-2024,4400.0,CE,45.45,50.0,44.45,48.3,48.3,19,147.81,6650,3325,06-MAY-2024,
OPTSTK,TCS,25-Jul-2024,3200.0,PE,0.0,0.0,0.0,12.0,4.2,0,0.0,1050,0,06-MAY-2024,
OPTSTK,TCS,25-Jul-2024,3400.0,PE,24.0,24.75,24.0,24.75,15.45,2,11.98,1400,350,06-MAY-2024,
OPTSTK,TCS,25-Jul-2024,3500.0,PE,0.0,0.0,0.0,40.0,26.7,0,0.0,175,0,06-MAY-2024,
OPTSTK,TCS,25-Jul-2024,3600.0,PE,0.0,0.0,0.0,63.7,43.45,0,0.0,0,0,06-MAY-2024,
OPTSTK,TCS,25-Jul-2024,3700.0,PE,73.05,83.0,71.0,83.0,67.05,10,66.09,9100,1050,06-MAY-2024,
OPTSTK,TCS,25-Jul-2024,3800.0,PE,0.0,0.0,0.0,129.9,98.15,0,0.0,0,0,06-MAY-2024,
OPTSTK,TCS,25-Jul-2024,3900.0,PE,0.0,0.0,0.0,175.35,137.9,0,0.0,0,0,06-MAY-2024,
OPTSTK,TCS,25-Jul-2024,4000.0,PE,200.05,205.0,200.05,205.0,205.0,2,14.7,350,350,06-MAY-2024,
OPTSTK,TCS,25-Jul-2024,4100.0,PE,0.0,0.0,0.0,290.5,243.35,0,0.0,0,0,06-MAY-2024,
OPTSTK,TCS,25-Jul-2024,4200.0,PE,0.0,0.0,0.0,359.1,308.4,0,0.0,0,0,06-MAY-2024,
OPTSTK,TCS,25-Jul-2024,4300.0,PE,0.0,0.0,0.0,434.2,380.8,0,0.0,0,0,06-MAY-2024,
OPTSTK,TCS,25-Jul-2024,4400.0,PE,0.0,0.0,0.0,514.5,459.0,0,0.0,0,0,06-MAY-2024,
OPTSTK,TECHM,30-May-2024,1000.0,CE,0.0,0.0,0.0,310.0,266.9,0,0.0,600,0,06-MAY-2024,
OPTSTK,TECHM,30-May-2024,1060.0,CE,0.0,0.0,0.0,206.1,207.6,0,0.0,0,0,06-MAY-2024,
OPTSTK,TECHM,30-May-2024,1080.0,CE,0.0,0.0,0.0,224.6,188.05,0,0.0,0,0,06-MAY-2024,
OPTSTK,TECHM,30-May-2024,1100.0,CE,160.0,175.0,160.0,175.0,168.8,7,53.04,48600,-600,06-MAY-2024,
OPTSTK,TECHM,30-May-2024,1120.0,CE,0.0,0.0,0.0,90.0,149.95,0,0.0,600,0,06-MAY-2024,
OPTSTK,TECHM,30-May-2024,1130.0,CE,0.0,0.0,0.0,146.65,140.75,0,0.0,0,0,06-MAY-2024,
OPTSTK,TECHM,30-May-2024,1140.0,CE,0.0,0.0,0.0,145.0,131.7,0,0.0,600,0,06-MAY-2024,
OPTSTK,TECHM,30-May-2024,1150.0,CE,127.0,127.0,127.0,127.0,122.85,1,7.66,21000,-600,06-MAY-2024,
OPTSTK,TECHM,30-May-2024,1160.0,CE,0.0,0.0,0.0,67.5,114.2,0,0.0,3000,0,06-MAY-2024,
OPTSTK,TECHM,30-May-2024,1170.0,CE,0.0,0.0,0.0,124.7,105.8,0,0.0,5400,0,06-MAY-2024,
OPTSTK,TECHM,30-May-2024,1180.0,CE,87.65,89.7,87.65,89.7,97.65,3,22.83,17400,-1800,06-MAY-2024,
OPTSTK,TECHM,30-May-2024,1190.0,CE,87.85,89.8,87.85,89.5,89.5,5,38.36,40200,1800,06-MAY-2024,
OPTSTK,TECHM,30-May-2024,1200.0,CE,70.35,84.0,70.35,80.7,80.7,48,368.41,192600,-8400,06-MAY-2024,
OPTSTK,TECHM,30-May-2024,1210.0,CE,71.0,74.2,71.0,72.95,72.95,38,292.2,18000,-15000,06-MAY-2024,
OPTSTK,TECHM,30-May-2024,1220.0,CE,65.0,66.5,59.6,65.4,65.4,51,392.92,81000,12600,06-MAY-2024,
OPTSTK,TECHM,30-May-2024,1230.0,CE,55.75,60.0,55.75,57.9,57.9,17,131.38,37800,3000,06-MAY-2024,
OPTSTK,TECHM,30-May-2024,1240.0,CE,43.85,53.0,43.0,51.95,51.95,53,409.81,55200,1200,06-MAY-2024,
OPTSTK,TECHM,30-May-2024,1250.0,CE,39.8,47.5,35.85,45.25,45.25,726,5633.07,179400,-10200,06-MAY-2024,
OPTSTK,TECHM,30-May-2024,1260.0,CE,36.6,41.8,31.0,39.6,39.6,3189,24849.01,332400,157200,06-MAY-2024,
OPTSTK,TECHM,30-May-2024,1270.0,CE,29.9,36.05,26.2,34.15,34.15,1098,8585.5,187200,32400,06-MAY-2024,
OPTSTK,TECHM,30-May-2024,1280.0,CE,27.1,31.05,22.5,29.3,29.3,913,7165.88,307200,7200,06-MAY-2024,
OPTSTK,TECHM,30-May-2024,1290.0,CE,23.35,26.4,18.85,25.05,25.05,458,3610.13,157800,-5400,06-MAY-2024,
OPTSTK,TECHM,30-May-2024,1300.0,CE,19.75,22.8,15.8,21.15,21.15,2480,19648.02,1395000,-22800,06-MAY-2024,
OPTSTK,TECHM,30-May-2024,1310.0,CE,16.75,19.25,13.55,17.9,17.9,839,6680.88,240600,-31200,06-MAY-2024,
OPTSTK,TECHM,30-May-2024,1320.0,CE,14.15,16.0,11.25,15.0,15.0,619,4955.15,445800,6600,06-MAY-2024,
OPTSTK,TECHM,30-May-2024,1330.0,CE,11.6,13.5,9.65,12.65,12.65,331,2664.86,342000,-24000,06-MAY-2024,
OPTSTK,TECHM,30-May-2024,1340.0,CE,10.2,11.55,7.95,10.35,10.35,605,4901.35,292800,-47400,06-MAY-2024,
OPTSTK,TECHM,30-May-2024,1350.0,CE,7.8,9.65,6.6,8.75,8.75,637,5191.77,635400,-51000,06-MAY-2024,
OPTSTK,TECHM,30-May-2024,1360.0,CE,7.2,7.95,5.25,7.2,7.2,825,6765.73,1005000,-9600,06-MAY-2024,
OPTSTK,TECHM,30-May-2024,1370.0,CE,6.0,6.45,4.55,6.1,6.1,170,1403.15,211200,-7200,06-MAY-2024,
OPTSTK,TECHM,30-May-2024,1380.0,CE,5.15,5.6,3.75,5.05,5.05,260,2160.13,886800,-600,06-MAY-2024,
OPTSTK,TECHM,30-May-2024,1390.0,CE,4.05,4.8,3.55,4.3,4.3,129,1079.08,89400,18600,06-MAY-2024,
OPTSTK,TECHM,30-May-2024,1400.0,CE,3.45,4.25,2.75,3.8,3.8,1060,8927.09,1345800,11400,06-MAY-2024,
OPTSTK,TECHM,30-May-2024,1410.0,CE,2.55,3.4,2.4,3.2,3.2,197,1669.96,84000,-40800,06-MAY-2024,
OPTSTK,TECHM,30-May-2024,1420.0,CE,2.6,3.0,2.05,2.75,2.75,199,1698.42,113400,-23400,06-MAY-2024,
OPTSTK,TECHM,30-May-2024,1430.0,CE,1.8,2.5,1.8,2.35,2.35,70,601.53,34200,-7800,06-MAY-2024,
OPTSTK,TECHM,30-May-2024,1440.0,CE,2.15,2.3,1.85,2.05,2.05,141,1219.99,124200,7800,06-MAY-2024,
OPTSTK,TECHM,30-May-2024,1450.0,CE,1.95,2.05,1.35,1.75,1.75,263,2290.91,246600,6000,06-MAY-2024,
OPTSTK,TECHM,30-May-2024,1460.0,CE,1.85,2.95,1.25,1.65,1.65,19,166.64,78000,3000,06-MAY-2024,
OPTSTK,TECHM,30-May-2024,1470.0,CE,1.95,1.95,1.45,1.45,1.45,3,26.48,24000,0,06-MAY-2024,
OPTSTK,TECHM,30-May-2024,1480.0,CE,1.2,1.35,1.0,1.15,1.15,213,1893.02,568200,-26400,06-MAY-2024,
OPTSTK,TECHM,30-May-2024,1490.0,CE,0.95,1.05,0.7,0.95,0.95,29,259.41,358200,1200,06-MAY-2024,
OPTSTK,TECHM,30-May-2024,1000.0,PE,0.55,0.55,0.5,0.5,0.05,2,12.0,52800,-600,06-MAY-2024,
OPTSTK,TECHM,30-May-2024,1020.0,PE,0.0,0.0,0.0,1.5,0.1,0,0.0,2400,0,06-MAY-2024,
OPTSTK,TECHM,30-May-2024,1040.0,PE,0.0,0.0,0.0,0.85,0.2,0,0.0,10800,0,06-MAY-2024,
OPTSTK,TECHM,30-May-2024,1060.0,PE,0.0,0.0,0.0,0.85,0.45,0,0.0,58800,0,06-MAY-2024,
OPTSTK,TECHM,30-May-2024,1070.0,PE,0.0,0.0,0.0,4.15,0.6,0,0.0,3600,0,06-MAY-2024,
OPTSTK,TECHM,30-May-2024,1080.0,PE,1.15,1.25,0.9,0.95,0.95,26,168.63,55800,-3600,06-MAY-2024,
OPTSTK,TECHM,30-May-2024,1090.0,PE,0.0,0.0,0.0,1.55,1.1,0,0.0,4200,0,06-MAY-2024,
OPTSTK,TECHM,30-May-2024,1100.0,PE,1.95,2.1,1.55,1.65,1.65,108,713.98,456000,1800,06-MAY-2024,
OPTSTK,TECHM,30-May-2024,1110.0,PE,2.25,2.5,1.7,1.75,1.75,63,420.34,25800,-18600,06-MAY-2024,
OPTSTK,TECHM,30-May-2024,1120.0,PE,2.3,2.7,2.0,2.1,2.1,36,242.4,71400,-600,06-MAY-2024,
OPTSTK,TECHM,30-May-2024,1130.0,PE,3.1,3.25,2.35,2.4,2.4,32,217.5,14400,-2400,06-MAY-2024,
OPTSTK,TECHM,30-May-2024,1140.0,PE,4.0,4.0,2.85,2.9,2.9,33,226.33,70800,3600,06-MAY-2024,
OPTSTK,TECHM,30-May-2024,1150.0,PE,4.3,5.05,3.45,3.5,3.5,182,1260.18,216600,-8400,06-MAY-2024,
OPTSTK,TECHM,30-May-2024,1160.0,PE,5.2,6.0,4.1,4.35,4.35,210,1467.72,188400,-37200,06-MAY-2024,
OPTSTK,TECHM,30-May-2024,1170.0,PE,6.3,7.35,5.15,5.25,5.25,50,352.76,50400,-6600,06-MAY-2024,
OPTSTK,TECHM,30-May-2024,1180.0,PE,7.45,8.75,6.05,6.35,6.35,351,2500.1,234600,60000,06-MAY-2024,
OPTSTK,TECHM,30-May-2024,1190.0,PE,9.35,10.6,7.25,7.8,7.8,267,1919.41,51000,-9000,06-MAY-2024,
OPTSTK,TECHM,30-May-2024,1200.0,PE,11.05,12.6,8.8,9.4,9.4,732,5315.19,555000,-12600,06-MAY-2024,
OPTSTK,TECHM,30-May-2024,1210.0,PE,14.0,14.35,10.8,11.35,11.35,109,799.65,69000,-6600,06-MAY-2024,
OPTSTK,TECHM,30-May-2024,1220.0,PE,15.85,17.75,12.9,13.8,13.8,296,2192.68,190800,6000,06-MAY-2024,
OPTSTK,TECHM,30-May-2024,1230.0,PE,19.25,21.5,15.55,16.5,16.5,278,2081.95,61800,0,06-MAY-2024,
OPTSTK,TECHM,30-May-2024,1240.0,PE,22.0,25.55,18.5,19.65,19.65,343,2596.19,177000,1800,06-MAY-2024,
OPTSTK,TECHM,30-May-2024,1250.0,PE,25.85,30.05,21.9,23.45,23.45,675,5163.88,221400,-22200,06-MAY-2024,
OPTSTK,TECHM,30-May-2024,1260.0,PE,39.0,39.0,25.75,27.7,27.7,701,5422.46,151800,-6000,06-MAY-2024,
OPTSTK,TECHM,30-May-2024,1270.0,PE,36.15,39.25,30.4,32.65,32.65,177,1384.5,133200,6600,06-MAY-2024,
OPTSTK,TECHM,30-May-2024,1280.0,PE,42.1,45.5,35.35,37.55,37.55,125,989.62,269400,6000,06-MAY-2024,
OPTSTK,TECHM,30-May-2024,1290.0,PE,43.25,51.65,40.85,43.2,43.2,42,336.45,143400,-1200,06-MAY-2024,
OPTSTK,TECHM,30-May-2024,1300.0,PE,57.5,58.2,46.75,49.1,49.1,157,1273.96,560400,-4200,06-MAY-2024,
OPTSTK,TECHM,30-May-2024,1310.0,PE,58.5,61.75,57.0,57.0,65.35,5,41.06,63600,0,06-MAY-2024,
OPTSTK,TECHM,30-May-2024,1320.0,PE,73.9,73.9,60.5,62.55,62.55,11,91.55,108000,-600,06-MAY-2024,
OPTSTK,TECHM,30-May-2024,1330.0,PE,76.95,78.05,70.15,70.2,70.2,6,50.51,71400,0,06-MAY-2024,
OPTSTK,TECHM,30-May-2024,1340.0,PE,81.8,86.0,81.8,82.35,86.9,15,128.21,71400,3000,06-MAY-2024,
OPTSTK,TECHM,30-May-2024,1350.0,PE,88.45,88.45,85.9,86.25,86.25,6,51.72,94200,-1200,06-MAY-2024,
OPTSTK,TECHM,30-May-2024,1360.0,PE,0.0,0.0,0.0,89.85,102.65,0,0.0,54000,0,06-MAY-2024,
OPTSTK,TECHM,30-May-2024,1370.0,PE,0.0,0.0,0.0,95.5,110.9,0,0.0,13200,0,06-MAY-2024,
OPTSTK,TECHM,30-May-2024,1380.0,PE,119.8,121.4,118.5,118.5,119.4,3,26.99,59400,-600,06-MAY-2024,
OPTSTK,TECHM,30-May-2024,1390.0,PE,0.0,0.0,0.0,117.15,128.1,0,0.0,21600,0,06-MAY-2024,
OPTSTK,TECHM,30-May-2024,1400.0,PE,132.95,142.3,132.95,133.4,136.95,5,46.11,148800,-600,06-MAY-2024,
OPTSTK,TECHM,30-May-2024,1410.0,PE,0.0,0.0,0.0,101.4,145.95,0,0.0,4200,0,06-MAY-2024,
OPTSTK,TECHM,30-May-2024,1420.0,PE,0.0,0.0,0.0,126.7,155.1,0,0.0,1200,0,06-MAY-2024,
OPTSTK,TECHM,30-May-2024,1440.0,PE,0.0,0.0,0.0,174.05,173.75,0,0.0,7800,0,06-MAY-2024,
OPTSTK,TECHM,30-May-2024,1460.0,PE,0.0,0.0,0.0,204.15,192.8,0,0.0,0,0,06-MAY-2024,
OPTSTK,TECHM,30-May-2024,1480.0,PE,0.0,0.0,0.0,174.0,212.1,0,0.0,23400,0,06-MAY-2024,
OPTSTK,TECHM,27-Jun-2024,1060.0,CE,0.0,0.0,0.0,216.55,216.65,0,0.0,0,0,06-MAY-2024,
OPTSTK,TECHM,27-Jun-2024,1080.0,CE,0.0,0.0,0.0,199.7,198.4,0,0.0,0,0,06-MAY-2024,
OPTSTK,TECHM,27-Jun-2024,1100.0,CE,0.0,0.0,0.0,183.45,180.65,0,0.0,0,0,06-MAY-2024,
OPTSTK,TECHM,27-Jun-2024,1120.0,CE,0.0,0.0,0.0,167.85,163.45,0,0.0,0,0,06-MAY-2024,
OPTSTK,TECHM,27-Jun-2024,1130.0,CE,0.0,0.0,0.0,102.35,155.15,0,0.0,0,0,06-MAY-2024,
OPTSTK,TECHM,27-Jun-2024,1140.0,CE,0.0,0.0,0.0,152.95,147.0,0,0.0,0,0,06-MAY-2024,
OPTSTK,TECHM,27-Jun-2024,1150.0,CE,0.0,0.0,0.0,89.5,139.05,0,0.0,0,0,06-MAY-2024,
OPTSTK,TECHM,27-Jun-2024,1160.0,CE,0.0,0.0,0.0,138.75,131.3,0,0.0,0,0,06-MAY-2024,
OPTSTK,TECHM,27-Jun-2024,1170.0,CE,0.0,0.0,0.0,77.75,123.8,0,0.0,0,0,06-MAY-2024,
OPTSTK,TECHM,27-Jun-2024,1180.0,CE,0.0,0.0,0.0,125.25,116.55,0,0.0,0,0,06-MAY-2024,
OPTSTK,TECHM,27-Jun-2024,1190.0,CE,0.0,0.0,0.0,67.05,109.4,0,0.0,0,0,06-MAY-2024,
OPTSTK,TECHM,27-Jun-2024,1200.0,CE,0.0,0.0,0.0,112.65,102.6,0,0.0,0,0,06-MAY-2024,
OPTSTK,TECHM,27-Jun-2024,1210.0,CE,0.0,0.0,0.0,57.35,96.05,0,0.0,0,0,06-MAY-2024,
OPTSTK,TECHM,27-Jun-2024,1220.0,CE,0.0,0.0,0.0,100.9,89.75,0,0.0,0,0,06-MAY-2024,
OPTSTK,TECHM,27-Jun-2024,1230.0,CE,0.0,0.0,0.0,48.75,83.7,0,0.0,0,0,06-MAY-2024,
OPTSTK,TECHM,27-Jun-2024,1240.0,CE,0.0,0.0,0.0,89.95,77.9,0,0.0,0,0,06-MAY-2024,
OPTSTK,TECHM,27-Jun-2024,1250.0,CE,0.0,0.0,0.0,85.0,72.4,0,0.0,600,0,06-MAY-2024,
OPTSTK,TECHM,27-Jun-2024,1260.0,CE,0.0,0.0,0.0,79.85,67.15,0,0.0,0,0,06-MAY-2024,
OPTSTK,TECHM,27-Jun-2024,1270.0,CE,0.0,0.0,0.0,34.4,62.15,0,0.0,0,0,06-MAY-2024,
OPTSTK,TECHM,27-Jun-2024,1280.0,CE,0.0,0.0,0.0,70.6,57.4,0,0.0,0,0,06-MAY-2024,
OPTSTK,TECHM,27-Jun-2024,1290.0,CE,0.0,0.0,0.0,28.6,52.95,0,0.0,0,0,06-MAY-2024,
OPTSTK,TECHM,27-Jun-2024,1300.0,CE,46.35,54.05,46.35,52.6,52.6,20,162.22,31800,7200,06-MAY-2024,
OPTSTK,TECHM,27-Jun-2024,1310.0,CE,0.0,0.0,0.0,23.65,44.8,0,0.0,0,0,06-MAY-2024,
OPTSTK,TECHM,27-Jun-2024,1320.0,CE,0.0,0.0,0.0,54.45,41.05,0,0.0,0,0,06-MAY-2024,
OPTSTK,TECHM,27-Jun-2024,1330.0,CE,0.0,0.0,0.0,19.35,37.6,0,0.0,0,0,06-MAY-2024,
OPTSTK,TECHM,27-Jun-2024,1340.0,CE,0.0,0.0,0.0,47.55,34.35,0,0.0,0,0,06-MAY-2024,
OPTSTK,TECHM,27-Jun-2024,1350.0,CE,33.2,33.2,33.0,33.0,33.0,2,16.59,3000,1200,06-MAY-2024,
OPTSTK,TECHM,27-Jun-2024,1360.0,CE,0.0,0.0,0.0,41.3,28.5,0,0.0,0,0,06-MAY-2024,
OPTSTK,TECHM,27-Jun-2024,1370.0,CE,0.0,0.0,0.0,12.75,25.95,0,0.0,0,0,06-MAY-2024,
OPTSTK,TECHM,27-Jun-2024,1380.0,CE,0.0,0.0,0.0,35.75,23.55,0,0.0,0,0,06-MAY-2024,
OPTSTK,TECHM,27-Jun-2024,1390.0,CE,0.0,0.0,0.0,10.25,21.3,0,0.0,0,0,06-MAY-2024,
OPTSTK,TECHM,27-Jun-2024,1400.0,CE,21.0,23.45,20.25,23.45,19.25,10,85.31,47400,2400,06-MAY-2024,
OPTSTK,TECHM,27-Jun-2024,1410.0,CE,0.0,0.0,0.0,8.2,17.35,0,0.0,0,0,06-MAY-2024,
OPTSTK,TECHM,27-Jun-2024,1420.0,CE,0.0,0.0,0.0,26.5,15.65,0,0.0,0,0,06-MAY-2024,
OPTSTK,TECHM,27-Jun-2024,1440.0,CE,0.0,0.0,0.0,22.7,12.6,0,0.0,0,0,06-MAY-2024,
OPTSTK,TECHM,27-Jun-2024,1460.0,CE,0.0,0.0,0.0,17.9,10.1,0,0.0,600,0,06-MAY-2024,
OPTSTK,TECHM,27-Jun-2024,1480.0,CE,0.0,0.0,0.0,16.45,8.05,0,0.0,0,0,06-MAY-2024,
OPTSTK,TECHM,27-Jun-2024,1060.0,PE,0.0,0.0,0.0,9.5,3.5,0,0.0,0,0,06-MAY-2024,
OPTSTK,TECHM,27-Jun-2024,1080.0,PE,0.0,0.0,0.0,12.3,5.0,0,0.0,0,0,06-MAY-2024,
OPTSTK,TECHM,27-Jun-2024,1100.0,PE,0.0,0.0,0.0,8.15,7.05,0,0.0,17400,0,06-MAY-2024,
OPTSTK,TECHM,27-Jun-2024,1120.0,PE,0.0,0.0,0.0,19.7,9.7,0,0.0,0,0,06-MAY-2024,
OPTSTK,TECHM,27-Jun-2024,1130.0,PE,0.0,0.0,0.0,27.85,11.25,0,0.0,0,0,06-MAY-2024,
OPTSTK,TECHM,27-Jun-2024,1140.0,PE,0.0,0.0,0.0,8.0,13.0,0,0.0,1200,0,06-MAY-2024,
OPTSTK,TECHM,27-Jun-2024,1150.0,PE,0.0,0.0,0.0,34.8,14.95,0,0.0,0,0,06-MAY-2024,
OPTSTK,TECHM,27-Jun-2024,1160.0,PE,0.0,0.0,0.0,29.9,17.1,0,0.0,0,0,06-MAY-2024,
OPTSTK,TECHM,27-Jun-2024,1170.0,PE,0.0,0.0,0.0,42.8,19.5,0,0.0,0,0,06-MAY-2024,
OPTSTK,TECHM,27-Jun-2024,1180.0,PE,0.0,0.0,0.0,36.1,22.15,0,0.0,0,0,06-MAY-2024,
OPTSTK,TECHM,27-Jun-2024,1190.0,PE,0.0,0.0,0.0,51.8,24.9,0,0.0,0,0,06-MAY-2024,
OPTSTK,TECHM,27-Jun-2024,1200.0,PE,30.0,30.0,27.25,29.15,29.15,30,221.12,59400,3000,06-MAY-2024,
OPTSTK,TECHM,27-Jun-2024,1210.0,PE,0.0,0.0,0.0,61.9,31.35,0,0.0,0,0,06-MAY-2024,
OPTSTK,TECHM,27-Jun-2024,1220.0,PE,0.0,0.0,0.0,51.0,34.9,0,0.0,0,0,06-MAY-2024,
OPTSTK,TECHM,27-Jun-2024,1230.0,PE,0.0,0.0,0.0,73.0,38.75,0,0.0,0,0,06-MAY-2024,
OPTSTK,TECHM,27-Jun-2024,1240.0,PE,0.0,0.0,0.0,45.0,42.9,0,0.0,6000,0,06-MAY-2024,
OPTSTK,TECHM,27-Jun-2024,1250.0,PE,0.0,0.0,0.0,50.0,47.25,0,0.0,1200,0,06-MAY-2024,
OPTSTK,TECHM,27-Jun-2024,1260.0,PE,0.0,0.0,0.0,69.25,51.9,0,0.0,0,0,06-MAY-2024,
OPTSTK,TECHM,27-Jun-2024,1270.0,PE,0.0,0.0,0.0,98.2,56.8,0,0.0,0,0,06-MAY-2024,
OPTSTK,TECHM,27-Jun-2024,1280.0,PE,0.0,0.0,0.0,79.65,62.0,0,0.0,0,0,06-MAY-2024,
OPTSTK,TECHM,27-Jun-2024,1290.0,PE,0.0,0.0,0.0,112.1,67.4,0,0.0,0,0,06-MAY-2024,
OPTSTK,TECHM,27-Jun-2024,1300.0,PE,0.0,0.0,0.0,76.9,73.1,0,0.0,12600,0,06-MAY-2024,
OPTSTK,TECHM,27-Jun-2024,1310.0,PE,0.0,0.0,0.0,126.95,79.05,0,0.0,0,0,06-MAY-2024,
OPTSTK,TECHM,27-Jun-2024,1320.0,PE,0.0,0.0,0.0,102.8,85.2,0,0.0,0,0,06-MAY-2024,
OPTSTK,TECHM,27-Jun-2024,1330.0,PE,0.0,0.0,0.0,142.4,91.65,0,0.0,0,0,06-MAY-2024,
OPTSTK,TECHM,27-Jun-2024,1340.0,PE,0.0,0.0,0.0,115.5,98.3,0,0.0,0,0,06-MAY-2024,
OPTSTK,TECHM,27-Jun-2024,1350.0,PE,0.0,0.0,0.0,158.55,105.15,0,0.0,0,0,06-MAY-2024,
OPTSTK,TECHM,27-Jun-2024,1360.0,PE,0.0,0.0,0.0,128.9,112.25,0,0.0,0,0,06-MAY-2024,
OPTSTK,TECHM,27-Jun-2024,1370.0,PE,0.0,0.0,0.0,175.3,119.6,0,0.0,0,0,06-MAY-2024,
OPTSTK,TECHM,27-Jun-2024,1380.0,PE,0.0,0.0,0.0,143.0,127.1,0,0.0,0,0,06-MAY-2024,
OPTSTK,TECHM,27-Jun-2024,1390.0,PE,0.0,0.0,0.0,192.5,134.7,0,0.0,0,0,06-MAY-2024,
OPTSTK,TECHM,27-Jun-2024,1400.0,PE,0.0,0.0,0.0,157.8,142.55,0,0.0,0,0,06-MAY-2024,
OPTSTK,TECHM,27-Jun-2024,1410.0,PE,0.0,0.0,0.0,210.2,150.6,0,0.0,0,0,06-MAY-2024,
OPTSTK,TECHM,27-Jun-2024,1420.0,PE,0.0,0.0,0.0,173.05,158.75,0,0.0,0,0,06-MAY-2024,
OPTSTK,TECHM,27-Jun-2024,1440.0,PE,0.0,0.0,0.0,188.85,175.55,0,0.0,0,0,06-MAY-2024,
OPTSTK,TECHM,27-Jun-2024,1460.0,PE,0.0,0.0,0.0,205.15,192.8,0,0.0,0,0,06-MAY-2024,
OPTSTK,TECHM,27-Jun-2024,1480.0,PE,0.0,0.0,0.0,221.9,210.55,0,0.0,0,0,06-MAY-2024,
OPTSTK,TECHM,25-Jul-2024,1040.0,CE,0.0,0.0,0.0,182.5,244.45,0,0.0,0,0,06-MAY-2024,
OPTSTK,TECHM,25-Jul-2024,1080.0,CE,0.0,0.0,0.0,151.4,209.5,0,0.0,0,0,06-MAY-2024,
OPTSTK,TECHM,25-Jul-2024,1120.0,CE,0.0,0.0,0.0,123.25,176.65,0,0.0,0,0,06-MAY-2024,
OPTSTK,TECHM,25-Jul-2024,1140.0,CE,0.0,0.0,0.0,110.45,161.2,0,0.0,0,0,06-MAY-2024,
OPTSTK,TECHM,25-Jul-2024,1160.0,CE,0.0,0.0,0.0,98.5,146.5,0,0.0,0,0,06-MAY-2024,
OPTSTK,TECHM,25-Jul-2024,1180.0,CE,0.0,0.0,0.0,87.45,132.45,0,0.0,0,0,06-MAY-2024,
OPTSTK,TECHM,25-Jul-2024,1200.0,CE,0.0,0.0,0.0,77.25,119.3,0,0.0,0,0,06-MAY-2024,
OPTSTK,TECHM,25-Jul-2024,1220.0,CE,0.0,0.0,0.0,67.9,106.95,0,0.0,0,0,06-MAY-2024,
OPTSTK,TECHM,25-Jul-2024,1240.0,CE,0.0,0.0,0.0,59.45,95.45,0,0.0,0,0,06-MAY-2024,
OPTSTK,TECHM,25-Jul-2024,1260.0,CE,0.0,0.0,0.0,51.8,84.85,0,0.0,0,0,06-MAY-2024,
OPTSTK,TECHM,25-Jul-2024,1280.0,CE,0.0,0.0,0.0,44.9,75.05,0,0.0,0,0,06-MAY-2024,
OPTSTK,TECHM,25-Jul-2024,1300.0,CE,0.0,0.0,0.0,50.0,66.1,0,0.0,7200,0,06-MAY-2024,
OPTSTK,TECHM,25-Jul-2024,1320.0,CE,0.0,0.0,0.0,33.3,57.95,0,0.0,0,0,06-MAY-2024,
OPTSTK,TECHM,25-Jul-2024,1340.0,CE,0.0,0.0,0.0,28.55,50.55,0,0.0,0,0,06-MAY-2024,
OPTSTK,TECHM,25-Jul-2024,1360.0,CE,0.0,0.0,0.0,24.3,43.95,0,0.0,0,0,06-MAY-2024,
OPTSTK,TECHM,25-Jul-2024,1380.0,CE,0.0,0.0,0.0,20.65,38.05,0,0.0,0,0,06-MAY-2024,
OPTSTK,TECHM,25-Jul-2024,1400.0,CE,0.0,0.0,0.0,35.0,32.85,0,0.0,600,0,06-MAY-2024,
OPTSTK,TECHM,25-Jul-2024,1440.0,CE,0.0,0.0,0.0,12.35,24.05,0,0.0,0,0,06-MAY-2024,
OPTSTK,TECHM,25-Jul-2024,1480.0,CE,0.0,0.0,0.0,8.55,17.4,0,0.0,0,0,06-MAY-2024,
OPTSTK,TECHM,25-Jul-2024,1040.0,PE,0.0,0.0,0.0,13.4,5.8,0,0.0,0,0,06-MAY-2024,
OPTSTK,TECHM,25-Jul-2024,1080.0,PE,0.0,0.0,0.0,21.6,10.15,0,0.0,0,0,06-MAY-2024,
OPTSTK,TECHM,25-Jul-2024,1120.0,PE,0.0,0.0,0.0,32.75,16.7,0,0.0,0,0,06-MAY-2024,
OPTSTK,TECHM,25-Jul-2024,1140.0,PE,0.0,0.0,0.0,39.55,20.9,0,0.0,0,0,06-MAY-2024,
OPTSTK,TECHM,25-Jul-2024,1160.0,PE,0.0,0.0,0.0,47.25,25.9,0,0.0,0,0,06-MAY-2024,
OPTSTK,TECHM,25-Jul-2024,1180.0,PE,0.0,0.0,0.0,55.85,31.55,0,0.0,0,0,06-MAY-2024,
OPTSTK,TECHM,25-Jul-2024,1200.0,PE,0.0,0.0,0.0,65.3,38.05,0,0.0,0,0,06-MAY-2024,
OPTSTK,TECHM,25-Jul-2024,1220.0,PE,0.0,0.0,0.0,75.6,45.4,0,0.0,0,0,06-MAY-2024,
OPTSTK,TECHM,25-Jul-2024,1240.0,PE,0.0,0.0,0.0,86.75,53.6,0,0.0,0,0,06-MAY-2024,
OPTSTK,TECHM,25-Jul-2024,1260.0,PE,0.0,0.0,0.0,98.75,62.65,0,0.0,0,0,06-MAY-2024,
OPTSTK,TECHM,25-Jul-2024,1280.0,PE,0.0,0.0,0.0,111.5,72.55,0,0.0,0,0,06-MAY-2024,
OPTSTK,TECHM,25-Jul-2024,1300.0,PE,0.0,0.0,0.0,125.0,83.3,0,0.0,0,0,06-MAY-2024,
OPTSTK,TECHM,25-Jul-2024,1320.0,PE,0.0,0.0,0.0,139.15,94.8,0,0.0,0,0,06-MAY-2024,
OPTSTK,TECHM,25-Jul-2024,1340.0,PE,0.0,0.0,0.0,154.05,107.15,0,0.0,0,0,06-MAY-2024,
OPTSTK,TECHM,25-Jul-2024,1360.0,PE,0.0,0.0,0.0,169.45,120.2,0,0.0,0,0,06-MAY-2024,
OPTSTK,TECHM,25-Jul-2024,1380.0,PE,0.0,0.0,0.0,185.4,133.95,0,0.0,0,0,06-MAY-2024,
OPTSTK,TECHM,25-Jul-2024,1400.0,PE,0.0,0.0,0.0,201.85,148.45,0,0.0,0,0,06-MAY-2024,
OPTSTK,TECHM,25-Jul-2024,1440.0,PE,0.0,0.0,0.0,236.0,179.05,0,0.0,0,0,06-MAY-2024,
OPTSTK,TECHM,25-Jul-2024,1480.0,PE,0.0,0.0,0.0,271.55,211.75,0,0.0,0,0,06-MAY-2024,
OPTSTK,TITAN,30-May-2024,2840.0,CE,0.0,0.0,0.0,783.1,454.6,0,0.0,0,0,06-MAY-2024,
OPTSTK,TITAN,30-May-2024,2860.0,CE,0.0,0.0,0.0,689.45,435.05,0,0.0,0,0,06-MAY-2024,
OPTSTK,TITAN,30-May-2024,2880.0,CE,0.0,0.0,0.0,800.1,415.65,0,0.0,0,0,06-MAY-2024,
OPTSTK,TITAN,30-May-2024,2900.0,CE,0.0,0.0,0.0,746.3,396.4,0,0.0,0,0,06-MAY-2024,
OPTSTK,TITAN,30-May-2024,2920.0,CE,0.0,0.0,0.0,754.2,377.25,0,0.0,0,0,06-MAY-2024,
OPTSTK,TITAN,30-May-2024,2940.0,CE,0.0,0.0,0.0,706.95,358.35,0,0.0,0,0,06-MAY-2024,
OPTSTK,TITAN,30-May-2024,2960.0,CE,0.0,0.0,0.0,724.2,339.6,0,0.0,0,0,06-MAY-2024,
OPTSTK,TITAN,30-May-2024,2980.0,CE,0.0,0.0,0.0,730.55,321.15,0,0.0,0,0,06-MAY-2024,
OPTSTK,TITAN,30-May-2024,3000.0,CE,350.0,350.0,301.7,301.7,302.95,9,52.32,1225,1225,06-MAY-2024,
OPTSTK,TITAN,30-May-2024,3020.0,CE,0.0,0.0,0.0,756.25,285.05,0,0.0,0,0,06-MAY-2024,
OPTSTK,TITAN,30-May-2024,3040.0,CE,0.0,0.0,0.0,649.95,267.55,0,0.0,0,0,06-MAY-2024,
OPTSTK,TITAN,30-May-2024,3060.0,CE,0.0,0.0,0.0,717.4,250.45,0,0.0,0,0,06-MAY-2024,
OPTSTK,TITAN,30-May-2024,3080.0,CE,367.15,367.15,232.8,245.5,245.5,39,227.23,11025,0,06-MAY-2024,
OPTSTK,TITAN,30-May-2024,3100.0,CE,0.0,0.0,0.0,741.85,217.55,0,0.0,0,0,06-MAY-2024,
OPTSTK,TITAN,30-May-2024,3120.0,CE,331.7,331.7,202.0,213.6,213.6,67,393.53,2975,875,06-MAY-2024,
OPTSTK,TITAN,30-May-2024,3140.0,CE,0.0,0.0,0.0,703.25,186.85,0,0.0,0,0,06-MAY-2024,
OPTSTK,TITAN,30-May-2024,3160.0,CE,180.0,186.0,180.0,184.55,184.55,8,46.79,1225,1225,06-MAY-2024,
OPTSTK,TITAN,30-May-2024,3180.0,CE,169.1,169.1,159.4,159.4,158.15,4,23.42,525,525,06-MAY-2024,
OPTSTK,TITAN,30-May-2024,3200.0,CE,280.0,280.0,144.0,154.5,154.5,693,4079.64,57050,40775,06-MAY-2024,
OPTSTK,TITAN,30-May-2024,3220.0,CE,160.95,161.15,134.2,134.2,132.25,5,29.44,875,875,06-MAY-2024,
OPTSTK,TITAN,30-May-2024,3240.0,CE,174.3,174.3,118.85,128.5,128.5,456,2688.22,17675,17675,06-MAY-2024,
OPTSTK,TITAN,30-May-2024,3260.0,CE,136.5,140.5,107.25,116.3,116.3,223,1316.86,11900,11900,06-MAY-2024,
OPTSTK,TITAN,30-May-2024,3280.0,CE,115.15,126.25,96.05,104.65,104.65,1516,8978.19,82250,82250,06-MAY-2024,
OPTSTK,TITAN,30-May-2024,3300.0,CE,174.75,174.75,86.05,93.95,93.95,9108,54219.55,429800,420350,06-MAY-2024,
OPTSTK,TITAN,30-May-2024,3320.0,CE,125.0,126.05,76.7,83.65,83.65,2629,15703.29,116725,114100,06-MAY-2024,
OPTSTK,TITAN,30-May-2024,3340.0,CE,125.0,135.0,67.95,74.45,74.45,2447,14661.67,107800,103425,06-MAY-2024,
OPTSTK,TITAN,30-May-2024,3360.0,CE,135.2,135.25,60.0,65.6,65.6,2375,14288.87,113050,102375,06-MAY-2024,
OPTSTK,TITAN,30-May-2024,3380.0,CE,120.65,125.25,52.65,58.0,58.0,2698,16308.87,116550,112000,06-MAY-2024,
OPTSTK,TITAN,30-May-2024,3400.0,CE,168.9,168.9,46.1,50.75,50.75,16620,100788.53,774725,750925,06-MAY-2024,
OPTSTK,TITAN,30-May-2024,3420.0,CE,95.65,98.0,40.65,44.75,44.75,2378,14479.45,111300,103600,06-MAY-2024,
OPTSTK,TITAN,30-May-2024,3440.0,CE,115.0,115.0,35.4,39.35,39.35,4609,28173.28,181125,175525,06-MAY-2024,
OPTSTK,TITAN,30-May-2024,3460.0,CE,130.0,130.0,31.3,34.8,34.8,4622,28356.73,150150,144200,06-MAY-2024,
OPTSTK,TITAN,30-May-2024,3480.0,CE,98.0,98.05,27.95,30.8,30.8,5209,32117.11,130550,126525,06-MAY-2024,
OPTSTK,TITAN,30-May-2024,3500.0,CE,106.0,106.0,25.0,27.85,27.85,20905,129392.02,720475,659750,06-MAY-2024,
OPTSTK,TITAN,30-May-2024,3520.0,CE,97.65,97.65,22.2,24.55,24.55,2332,14504.58,103425,82600,06-MAY-2024,
OPTSTK,TITAN,30-May-2024,3540.0,CE,102.0,102.0,19.75,22.0,22.0,3519,21990.59,141750,89250,06-MAY-2024,
OPTSTK,TITAN,30-May-2024,3560.0,CE,76.3,76.3,17.55,19.6,19.6,3924,24614.99,186550,117250,06-MAY-2024,
OPTSTK,TITAN,30-May-2024,3580.0,CE,61.55,61.55,15.6,17.3,17.3,2460,15506.83,149100,56700,06-MAY-2024,
OPTSTK,TITAN,30-May-2024,3600.0,CE,70.0,70.0,13.9,15.35,15.35,17195,108921.21,958475,316225,06-MAY-2024,
OPTSTK,TITAN,30-May-2024,3620.0,CE,53.0,53.0,12.35,13.7,13.7,2115,13461.3,111125,-6825,06-MAY-2024,
OPTSTK,TITAN,30-May-2024,3640.0,CE,50.15,50.15,11.0,12.2,12.2,2113,13513.94,105700,26075,06-MAY-2024,
OPTSTK,TITAN,30-May-2024,3660.0,CE,29.05,29.05,9.7,10.7,10.7,4365,28060.02,104825,22750,06-MAY-2024,
OPTSTK,TITAN,30-May-2024,3680.0,CE,21.6,22.8,8.8,9.65,9.65,2333,15071.17,63000,-1925,06-MAY-2024,
OPTSTK,TITAN,30-May-2024,3700.0,CE,25.0,32.95,7.75,8.65,8.65,15139,98298.8,896000,-44800,06-MAY-2024,
OPTSTK,TITAN,30-May-2024,3720.0,CE,13.5,13.85,7.1,7.8,7.8,1221,7969.02,41825,-47950,06-MAY-2024,
OPTSTK,TITAN,30-May-2024,3740.0,CE,20.0,20.0,6.35,7.05,7.05,1553,10188.51,76650,35000,06-MAY-2024,
OPTSTK,TITAN,30-May-2024,3760.0,CE,18.0,18.0,5.85,6.3,6.3,1318,8690.51,35000,-5250,06-MAY-2024,
OPTSTK,TITAN,30-May-2024,3780.0,CE,33.55,33.55,5.25,5.75,5.75,947,6275.88,38850,8050,06-MAY-2024,
OPTSTK,TITAN,30-May-2024,3800.0,CE,20.1,20.1,4.7,5.05,5.05,9682,64490.64,552650,213500,06-MAY-2024,
OPTSTK,TITAN,30-May-2024,3820.0,CE,6.35,7.35,4.4,4.75,4.75,647,4331.73,23975,-9800,06-MAY-2024,
OPTSTK,TITAN,30-May-2024,3840.0,CE,17.0,17.0,1.25,4.45,4.45,719,4838.28,19425,-15575,06-MAY-2024,
OPTSTK,TITAN,30-May-2024,3860.0,CE,7.0,7.0,3.85,4.25,4.25,379,2563.46,13300,-23100,06-MAY-2024,
OPTSTK,TITAN,30-May-2024,3880.0,CE,11.1,11.35,3.25,3.55,3.55,381,2589.78,13125,-15575,06-MAY-2024,
OPTSTK,TITAN,30-May-2024,3900.0,CE,10.0,10.0,2.75,3.25,3.25,3412,23309.77,184800,-57750,06-MAY-2024,
OPTSTK,TITAN,30-May-2024,3920.0,CE,3.6,5.0,2.8,2.8,2.8,67,460.03,8400,-7175,06-MAY-2024,
OPTSTK,TITAN,30-May-2024,3940.0,CE,3.6,11.95,2.5,2.9,2.9,100,690.06,13125,-7175,06-MAY-2024,
OPTSTK,TITAN,30-May-2024,3960.0,CE,13.6,13.6,2.1,2.8,2.8,196,1359.31,11200,-11025,06-MAY-2024,
OPTSTK,TITAN,30-May-2024,3980.0,CE,3.25,3.25,2.5,2.6,0.25,23,160.31,11725,-3150,06-MAY-2024,
OPTSTK,TITAN,30-May-2024,4000.0,CE,6.05,6.05,2.25,2.45,2.45,4095,28684.72,330575,-42175,06-MAY-2024,
OPTSTK,TITAN,30-May-2024,4020.0,CE,3.95,3.95,3.15,3.15,0.15,5,35.2,3675,0,06-MAY-2024,
OPTSTK,TITAN,30-May-2024,4040.0,CE,2.3,3.2,1.95,2.2,2.2,107,756.94,12950,-1400,06-MAY-2024,
OPTSTK,TITAN,30-May-2024,4080.0,CE,5.5,5.5,1.4,1.9,1.9,65,464.34,6475,2275,06-MAY-2024,
OPTSTK,TITAN,30-May-2024,4120.0,CE,7.1,7.1,1.25,1.85,1.85,231,1666.2,24150,-875,06-MAY-2024,
OPTSTK,TITAN,30-May-2024,4160.0,CE,1.15,1.85,1.15,1.8,1.8,22,160.22,3500,525,06-MAY-2024,
OPTSTK,TITAN,30-May-2024,4200.0,CE,4.5,4.5,1.0,1.75,1.75,658,4838.08,66675,-1750,06-MAY-2024,
OPTSTK,TITAN,30-May-2024,4320.0,CE,2.0,2.0,0.45,1.0,0.0,13,98.3,2100,525,06-MAY-2024,
OPTSTK,TITAN,30-May-2024,2840.0,PE,0.0,0.0,0.0,1.85,1.25,0,0.0,0,0,06-MAY-2024,
OPTSTK,TITAN,30-May-2024,2860.0,PE,0.0,0.0,0.0,0.5,1.65,0,0.0,0,0,06-MAY-2024,
OPTSTK,TITAN,30-May-2024,2880.0,PE,0.0,0.0,0.0,3.4,2.15,0,0.0,0,0,06-MAY-2024,
OPTSTK,TITAN,30-May-2024,2900.0,PE,6.2,7.45,5.0,6.55,6.55,497,2527.79,38150,38150,06-MAY-2024,
OPTSTK,TITAN,30-May-2024,2920.0,PE,0.0,0.0,0.0,3.15,3.55,0,0.0,0,0,06-MAY-2024,
OPTSTK,TITAN,30-May-2024,2940.0,PE,2.4,8.75,2.4,5.1,5.1,7,36.07,1050,1050,06-MAY-2024,
OPTSTK,TITAN,30-May-2024,2960.0,PE,8.0,12.1,5.95,9.95,9.95,997,5179.9,77525,77525,06-MAY-2024,
OPTSTK,TITAN,30-May-2024,2980.0,PE,9.9,15.3,7.5,12.2,12.2,286,1497.52,6125,6125,06-MAY-2024,
OPTSTK,TITAN,30-May-2024,3000.0,PE,14.0,17.85,8.85,13.9,13.9,1886,9944.94,118650,118650,06-MAY-2024,
OPTSTK,TITAN,30-May-2024,3020.0,PE,16.15,20.1,10.2,15.6,15.6,539,2863.11,29925,29925,06-MAY-2024,
OPTSTK,TITAN,30-May-2024,3040.0,PE,8.4,23.55,6.5,17.85,17.85,2494,13335.52,89950,89950,06-MAY-2024,
OPTSTK,TITAN,30-May-2024,3060.0,PE,14.85,26.8,12.35,20.1,20.1,451,2430.32,30625,30625,06-MAY-2024,
OPTSTK,TITAN,30-May-2024,3080.0,PE,4.55,30.9,4.55,23.05,23.05,2284,12390.68,85925,69475,06-MAY-2024,
OPTSTK,TITAN,30-May-2024,3100.0,PE,16.4,35.35,16.4,27.05,27.05,1875,10258.35,109375,109375,06-MAY-2024,
OPTSTK,TITAN,30-May-2024,3120.0,PE,17.0,39.8,10.8,30.4,30.4,2457,13529.71,72450,67550,06-MAY-2024,
OPTSTK,TITAN,30-May-2024,3140.0,PE,22.3,41.25,22.3,33.45,33.45,231,1282.29,19600,19600,06-MAY-2024,
OPTSTK,TITAN,30-May-2024,3160.0,PE,23.0,50.1,13.65,39.05,39.05,1430,7994.32,63525,59150,06-MAY-2024,
OPTSTK,TITAN,30-May-2024,3180.0,PE,30.65,55.85,29.7,43.4,43.4,224,1264.06,9275,9275,06-MAY-2024,
OPTSTK,TITAN,30-May-2024,3200.0,PE,23.85,63.1,18.05,49.2,49.2,15116,85824.04,386925,54250,06-MAY-2024,
OPTSTK,TITAN,30-May-2024,3220.0,PE,40.25,69.8,39.5,55.35,55.35,290,1662.63,19600,19600,06-MAY-2024,
OPTSTK,TITAN,30-May-2024,3240.0,PE,20.4,77.65,20.4,62.2,62.2,2725,15731.88,69125,67375,06-MAY-2024,
OPTSTK,TITAN,30-May-2024,3260.0,PE,48.0,85.9,48.0,69.8,69.8,627,3651.45,35000,35000,06-MAY-2024,
OPTSTK,TITAN,30-May-2024,3280.0,PE,33.75,94.8,30.45,78.6,78.6,3982,23376.15,87850,9800,06-MAY-2024,
OPTSTK,TITAN,30-May-2024,3300.0,PE,39.15,104.35,32.5,87.55,87.55,18171,107330.87,386925,152075,06-MAY-2024,
OPTSTK,TITAN,30-May-2024,3320.0,PE,37.65,112.3,35.35,97.55,97.55,3431,20414.58,53725,30975,06-MAY-2024,
OPTSTK,TITAN,30-May-2024,3340.0,PE,47.5,126.6,38.15,108.4,108.4,2879,17266.54,48300,18900,06-MAY-2024,
OPTSTK,TITAN,30-May-2024,3360.0,PE,51.95,137.95,48.75,119.5,119.5,3442,20797.98,47950,10850,06-MAY-2024,
OPTSTK,TITAN,30-May-2024,3380.0,PE,51.65,150.2,50.35,132.05,132.05,3827,23238.92,134225,63700,06-MAY-2024,
OPTSTK,TITAN,30-May-2024,3400.0,PE,66.0,164.1,49.55,144.2,144.2,12906,79208.05,427175,-339325,06-MAY-2024,
OPTSTK,TITAN,30-May-2024,3420.0,PE,61.95,177.5,61.45,158.65,158.65,1465,9056.66,43575,-28700,06-MAY-2024,
OPTSTK,TITAN,30-May-2024,3440.0,PE,69.7,187.05,69.3,172.7,172.7,1275,7934.73,33250,-10675,06-MAY-2024,
OPTSTK,TITAN,30-May-2024,3460.0,PE,78.05,206.0,77.8,187.7,187.7,886,5557.63,41125,-5600,06-MAY-2024,
OPTSTK,TITAN,30-May-2024,3480.0,PE,90.0,217.5,84.85,202.2,202.2,603,3815.57,35700,-19950,06-MAY-2024,
OPTSTK,TITAN,30-May-2024,3500.0,PE,95.0,241.8,95.0,220.05,220.05,5772,36822.86,298725,9975,06-MAY-2024,
OPTSTK,TITAN,30-May-2024,3520.0,PE,104.3,253.5,104.0,234.7,234.7,642,4140.53,41650,-31150,06-MAY-2024,
OPTSTK,TITAN,30-May-2024,3540.0,PE,117.05,269.85,116.3,253.7,253.7,542,3525.01,26250,-37450,06-MAY-2024,
OPTSTK,TITAN,30-May-2024,3560.0,PE,130.0,280.0,126.9,273.45,273.45,362,2382.82,25375,-23275,06-MAY-2024,
OPTSTK,TITAN,30-May-2024,3580.0,PE,154.65,294.9,154.65,288.45,288.45,208,1384.89,44625,-18375,06-MAY-2024,
OPTSTK,TITAN,30-May-2024,3600.0,PE,154.95,324.75,152.95,307.5,307.5,1611,10772.64,302225,-95550,06-MAY-2024,
OPTSTK,TITAN,30-May-2024,3620.0,PE,201.15,341.5,192.8,322.0,322.0,55,372.55,36225,-4725,06-MAY-2024,
OPTSTK,TITAN,30-May-2024,3640.0,PE,230.0,330.5,214.05,330.5,351.15,18,123.86,16450,-700,06-MAY-2024,
OPTSTK,TITAN,30-May-2024,3660.0,PE,349.4,351.95,349.4,351.95,369.75,5,35.08,17325,-875,06-MAY-2024,
OPTSTK,TITAN,30-May-2024,3680.0,PE,367.95,367.95,367.95,367.95,388.55,1,7.08,11725,0,06-MAY-2024,
OPTSTK,TITAN,30-May-2024,3700.0,PE,245.0,419.05,241.55,402.9,402.9,115,807.22,77350,875,06-MAY-2024,
OPTSTK,TITAN,30-May-2024,3720.0,PE,0.0,0.0,0.0,210.5,426.55,0,0.0,7525,0,06-MAY-2024,
OPTSTK,TITAN,30-May-2024,3740.0,PE,417.5,417.5,417.5,417.5,445.8,2,14.55,4200,350,06-MAY-2024,
OPTSTK,TITAN,30-May-2024,3760.0,PE,0.0,0.0,0.0,212.4,465.1,0,0.0,1050,0,06-MAY-2024,
OPTSTK,TITAN,30-May-2024,3780.0,PE,395.85,395.85,395.85,395.85,484.55,3,21.92,4550,-525,06-MAY-2024,
OPTSTK,TITAN,30-May-2024,3800.0,PE,406.6,515.0,406.6,492.5,492.5,11,81.97,55650,-350,06-MAY-2024,
OPTSTK,TITAN,30-May-2024,3820.0,PE,0.0,0.0,0.0,245.2,523.6,0,0.0,2975,0,06-MAY-2024,
OPTSTK,TITAN,30-May-2024,3840.0,PE,0.0,0.0,0.0,309.85,543.25,0,0.0,5250,0,06-MAY-2024,
OPTSTK,TITAN,30-May-2024,3880.0,PE,0.0,0.0,0.0,291.0,582.65,0,0.0,0,0,06-MAY-2024,
OPTSTK,TITAN,30-May-2024,3900.0,PE,420.0,580.0,420.0,580.0,602.4,6,46.31,8400,175,06-MAY-2024,
OPTSTK,TITAN,30-May-2024,3920.0,PE,0.0,0.0,0.0,367.5,622.2,0,0.0,1225,0,06-MAY-2024,
OPTSTK,TITAN,30-May-2024,3960.0,PE,0.0,0.0,0.0,386.0,661.8,0,0.0,1750,0,06-MAY-2024,
OPTSTK,TITAN,30-May-2024,4000.0,PE,650.0,650.0,650.0,650.0,701.5,2,16.27,12425,0,06-MAY-2024,
OPTSTK,TITAN,30-May-2024,4040.0,PE,0.0,0.0,0.0,406.4,741.25,0,0.0,0,0,06-MAY-2024,
OPTSTK,TITAN,30-May-2024,4080.0,PE,0.0,0.0,0.0,437.7,781.05,0,0.0,0,0,06-MAY-2024,
OPTSTK,TITAN,30-May-2024,4200.0,PE,0.0,0.0,0.0,586.45,900.4,0,0.0,175,0,06-MAY-2024,
OPTSTK,TITAN,27-Jun-2024,2840.0,CE,0.0,0.0,0.0,726.85,478.4,0,0.0,0,0,06-MAY-2024,
OPTSTK,TITAN,27-Jun-2024,2860.0,CE,0.0,0.0,0.0,748.55,460.1,0,0.0,0,0,06-MAY-2024,
OPTSTK,TITAN,27-Jun-2024,2880.0,CE,0.0,0.0,0.0,974.45,442.05,0,0.0,0,0,06-MAY-2024,
OPTSTK,TITAN,27-Jun-2024,2900.0,CE,0.0,0.0,0.0,709.75,424.2,0,0.0,0,0,06-MAY-2024,
OPTSTK,TITAN,27-Jun-2024,2920.0,CE,0.0,0.0,0.0,745.1,406.6,0,0.0,0,0,06-MAY-2024,
OPTSTK,TITAN,27-Jun-2024,2940.0,CE,0.0,0.0,0.0,671.2,389.25,0,0.0,0,0,06-MAY-2024,
OPTSTK,TITAN,27-Jun-2024,2960.0,CE,0.0,0.0,0.0,896.9,372.2,0,0.0,0,0,06-MAY-2024,
OPTSTK,TITAN,27-Jun-2024,2980.0,CE,0.0,0.0,0.0,633.0,355.45,0,0.0,0,0,06-MAY-2024,
OPTSTK,TITAN,27-Jun-2024,3000.0,CE,0.0,0.0,0.0,795.55,339.0,0,0.0,0,0,06-MAY-2024,
OPTSTK,TITAN,27-Jun-2024,3020.0,CE,0.0,0.0,0.0,595.25,322.9,0,0.0,0,0,06-MAY-2024,
OPTSTK,TITAN,27-Jun-2024,3040.0,CE,0.0,0.0,0.0,820.15,307.15,0,0.0,0,0,06-MAY-2024,
OPTSTK,TITAN,27-Jun-2024,3060.0,CE,0.0,0.0,0.0,557.95,291.75,0,0.0,0,0,06-MAY-2024,
OPTSTK,TITAN,27-Jun-2024,3080.0,CE,0.0,0.0,0.0,782.15,276.75,0,0.0,0,0,06-MAY-2024,
OPTSTK,TITAN,27-Jun-2024,3100.0,CE,0.0,0.0,0.0,521.3,262.25,0,0.0,0,0,06-MAY-2024,
OPTSTK,TITAN,27-Jun-2024,3120.0,CE,0.0,0.0,0.0,744.55,247.9,0,0.0,0,0,06-MAY-2024,
OPTSTK,TITAN,27-Jun-2024,3140.0,CE,0.0,0.0,0.0,485.35,234.15,0,0.0,0,0,06-MAY-2024,
OPTSTK,TITAN,27-Jun-2024,3160.0,CE,0.0,0.0,0.0,707.25,220.85,0,0.0,0,0,06-MAY-2024,
OPTSTK,TITAN,27-Jun-2024,3180.0,CE,0.0,0.0,0.0,450.2,207.95,0,0.0,0,0,06-MAY-2024,
OPTSTK,TITAN,27-Jun-2024,3200.0,CE,252.6,252.6,252.6,252.6,195.55,1,6.04,175,175,06-MAY-2024,
OPTSTK,TITAN,27-Jun-2024,3220.0,CE,0.0,0.0,0.0,416.05,183.6,0,0.0,0,0,06-MAY-2024,
OPTSTK,TITAN,27-Jun-2024,3240.0,CE,0.0,0.0,0.0,634.2,172.15,0,0.0,0,0,06-MAY-2024,
OPTSTK,TITAN,27-Jun-2024,3260.0,CE,0.0,0.0,0.0,382.95,161.15,0,0.0,0,0,06-MAY-2024,
OPTSTK,TITAN,27-Jun-2024,3280.0,CE,0.0,0.0,0.0,598.55,150.6,0,0.0,0,0,06-MAY-2024,
OPTSTK,TITAN,27-Jun-2024,3300.0,CE,195.95,209.0,179.0,186.15,186.15,36,219.91,4375,4375,06-MAY-2024,
OPTSTK,TITAN,27-Jun-2024,3320.0,CE,0.0,0.0,0.0,563.6,130.9,0,0.0,0,0,06-MAY-2024,
OPTSTK,TITAN,27-Jun-2024,3340.0,CE,0.0,0.0,0.0,320.4,121.8,0,0.0,0,0,06-MAY-2024,
OPTSTK,TITAN,27-Jun-2024,3360.0,CE,0.0,0.0,0.0,529.4,113.1,0,0.0,0,0,06-MAY-2024,
OPTSTK,TITAN,27-Jun-2024,3380.0,CE,0.0,0.0,0.0,291.3,104.9,0,0.0,0,0,06-MAY-2024,
OPTSTK,TITAN,27-Jun-2024,3400.0,CE,155.0,178.25,136.0,139.75,139.75,189,1172.7,23100,23100,06-MAY-2024,
OPTSTK,TITAN,27-Jun-2024,3420.0,CE,0.0,0.0,0.0,263.4,89.8,0,0.0,0,0,06-MAY-2024,
OPTSTK,TITAN,27-Jun-2024,3440.0,CE,0.0,0.0,0.0,463.55,82.85,0,0.0,0,0,06-MAY-2024,
OPTSTK,TITAN,27-Jun-2024,3460.0,CE,0.0,0.0,0.0,237.2,76.35,0,0.0,0,0,06-MAY-2024,
OPTSTK,TITAN,27-Jun-2024,3480.0,CE,0.0,0.0,0.0,432.1,70.25,0,0.0,0,0,06-MAY-2024,
OPTSTK,TITAN,27-Jun-2024,3500.0,CE,112.5,125.0,102.5,109.4,109.4,102,644.4,11025,10675,06-MAY-2024,
OPTSTK,TITAN,27-Jun-2024,3520.0,CE,0.0,0.0,0.0,401.65,59.2,0,0.0,0,0,06-MAY-2024,
OPTSTK,TITAN,27-Jun-2024,3540.0,CE,0.0,0.0,0.0,189.7,54.35,0,0.0,0,0,06-MAY-2024,
OPTSTK,TITAN,27-Jun-2024,3560.0,CE,0.0,0.0,0.0,165.0,49.75,0,0.0,350,0,06-MAY-2024,
OPTSTK,TITAN,27-Jun-2024,3580.0,CE,0.0,0.0,0.0,153.0,45.3,0,0.0,350,0,06-MAY-2024,
OPTSTK,TITAN,27-Jun-2024,3600.0,CE,90.0,90.0,70.0,75.2,75.2,195,1255.19,22225,18900,06-MAY-2024,
OPTSTK,TITAN,27-Jun-2024,3620.0,CE,0.0,0.0,0.0,148.85,37.6,0,0.0,0,0,06-MAY-2024,
OPTSTK,TITAN,27-Jun-2024,3640.0,CE,0.0,0.0,0.0,317.3,34.15,0,0.0,0,0,06-MAY-2024,
OPTSTK,TITAN,27-Jun-2024,3660.0,CE,0.0,0.0,0.0,130.9,31.0,0,0.0,0,0,06-MAY-2024,
OPTSTK,TITAN,27-Jun-2024,3680.0,CE,0.0,0.0,0.0,291.65,28.1,0,0.0,0,0,06-MAY-2024,
OPTSTK,TITAN,27-Jun-2024,3700.0,CE,55.2,62.55,50.0,54.9,54.9,49,322.08,8400,4550,06-MAY-2024,
OPTSTK,TITAN,27-Jun-2024,3720.0,CE,0.0,0.0,0.0,111.45,22.95,0,0.0,175,0,06-MAY-2024,
OPTSTK,TITAN,27-Jun-2024,3740.0,CE,0.0,0.0,0.0,99.75,20.7,0,0.0,0,0,06-MAY-2024,
OPTSTK,TITAN,27-Jun-2024,3760.0,CE,0.0,0.0,0.0,244.3,18.65,0,0.0,0,0,06-MAY-2024,
OPTSTK,TITAN,27-Jun-2024,3780.0,CE,0.0,0.0,0.0,86.45,16.8,0,0.0,0,0,06-MAY-2024,
OPTSTK,TITAN,27-Jun-2024,3800.0,CE,31.95,39.0,31.95,39.0,15.05,4,26.85,700,700,06-MAY-2024,
OPTSTK,TITAN,27-Jun-2024,3820.0,CE,35.0,35.0,35.0,35.0,13.5,1,6.74,350,175,06-MAY-2024,
OPTSTK,TITAN,27-Jun-2024,3840.0,CE,0.0,0.0,0.0,202.3,12.1,0,0.0,0,0,06-MAY-2024,
OPTSTK,TITAN,27-Jun-2024,3880.0,CE,0.0,0.0,0.0,183.25,9.65,0,0.0,0,0,06-MAY-2024,
OPTSTK,TITAN,27-Jun-2024,3920.0,CE,0.0,0.0,0.0,165.5,7.7,0,0.0,0,0,06-MAY-2024,
OPTSTK,TITAN,27-Jun-2024,3960.0,CE,0.0,0.0,0.0,149.05,6.05,0,0.0,0,0,06-MAY-2024,
OPTSTK,TITAN,27-Jun-2024,4000.0,CE,19.0,22.0,19.0,20.5,20.5,8,56.28,1400,1400,06-MAY-2024,
OPTSTK,TITAN,27-Jun-2024,4040.0,CE,19.3,19.3,19.3,19.3,3.7,1,7.1,175,175,06-MAY-2024,
OPTSTK,TITAN,27-Jun-2024,4080.0,CE,0.0,0.0,0.0,106.95,2.9,0,0.0,0,0,06-MAY-2024,
OPTSTK,TITAN,27-Jun-2024,2840.0,PE,0.0,0.0,0.0,2.4,8.85,0,0.0,0,0,06-MAY-2024,
OPTSTK,TITAN,27-Jun-2024,2860.0,PE,0.0,0.0,0.0,1.55,10.4,0,0.0,0,0,06-MAY-2024,
OPTSTK,TITAN,27-Jun-2024,2880.0,PE,18.3,18.3,18.3,18.3,18.3,5,25.36,875,875,06-MAY-2024,
OPTSTK,TITAN,27-Jun-2024,2900.0,PE,0.0,0.0,0.0,2.3,14.1,0,0.0,0,0,06-MAY-2024,
OPTSTK,TITAN,27-Jun-2024,2920.0,PE,0.0,0.0,0.0,2.9,16.25,0,0.0,0,0,06-MAY-2024,
OPTSTK,TITAN,27-Jun-2024,2940.0,PE,0.0,0.0,0.0,3.25,18.7,0,0.0,0,0,06-MAY-2024,
OPTSTK,TITAN,27-Jun-2024,2960.0,PE,0.0,0.0,0.0,2.2,21.45,0,0.0,0,0,06-MAY-2024,
OPTSTK,TITAN,27-Jun-2024,2980.0,PE,0.0,0.0,0.0,4.55,24.5,0,0.0,0,0,06-MAY-2024,
OPTSTK,TITAN,27-Jun-2024,3000.0,PE,0.0,0.0,0.0,4.15,27.85,0,0.0,0,0,06-MAY-2024,
OPTSTK,TITAN,27-Jun-2024,3020.0,PE,0.0,0.0,0.0,6.25,31.5,0,0.0,0,0,06-MAY-2024,
OPTSTK,TITAN,27-Jun-2024,3040.0,PE,49.45,54.05,49.45,54.05,54.05,18,97.43,2100,2100,06-MAY-2024,
OPTSTK,TITAN,27-Jun-2024,3060.0,PE,0.0,0.0,0.0,8.5,39.95,0,0.0,0,0,06-MAY-2024,
OPTSTK,TITAN,27-Jun-2024,3080.0,PE,0.0,0.0,0.0,5.35,44.75,0,0.0,0,0,06-MAY-2024,
OPTSTK,TITAN,27-Jun-2024,3100.0,PE,42.75,85.0,42.75,74.4,74.4,57,316.55,7875,7875,06-MAY-2024,
OPTSTK,TITAN,27-Jun-2024,3120.0,PE,0.0,0.0,0.0,6.95,55.5,0,0.0,0,0,06-MAY-2024,
OPTSTK,TITAN,27-Jun-2024,3140.0,PE,0.0,0.0,0.0,14.85,61.55,0,0.0,0,0,06-MAY-2024,
OPTSTK,TITAN,27-Jun-2024,3160.0,PE,0.0,0.0,0.0,9.0,68.05,0,0.0,0,0,06-MAY-2024,
OPTSTK,TITAN,27-Jun-2024,3180.0,PE,0.0,0.0,0.0,19.25,74.95,0,0.0,0,0,06-MAY-2024,
OPTSTK,TITAN,27-Jun-2024,3200.0,PE,57.6,120.0,50.0,108.65,108.65,249,1434.57,27475,25375,06-MAY-2024,
OPTSTK,TITAN,27-Jun-2024,3220.0,PE,0.0,0.0,0.0,24.6,90.2,0,0.0,0,0,06-MAY-2024,
OPTSTK,TITAN,27-Jun-2024,3240.0,PE,0.0,0.0,0.0,14.5,98.5,0,0.0,0,0,06-MAY-2024,
OPTSTK,TITAN,27-Jun-2024,3260.0,PE,0.0,0.0,0.0,31.0,107.3,0,0.0,0,0,06-MAY-2024,
OPTSTK,TITAN,27-Jun-2024,3280.0,PE,0.0,0.0,0.0,18.15,116.55,0,0.0,0,0,06-MAY-2024,
OPTSTK,TITAN,27-Jun-2024,3300.0,PE,97.05,164.0,97.05,152.3,152.3,122,734.65,12775,12775,06-MAY-2024,
OPTSTK,TITAN,27-Jun-2024,3320.0,PE,0.0,0.0,0.0,22.45,136.45,0,0.0,0,0,06-MAY-2024,
OPTSTK,TITAN,27-Jun-2024,3340.0,PE,180.0,180.0,180.0,180.0,147.1,1,6.16,175,175,06-MAY-2024,
OPTSTK,TITAN,27-Jun-2024,3360.0,PE,190.0,190.0,190.0,190.0,158.25,1,6.21,175,175,06-MAY-2024,
OPTSTK,TITAN,27-Jun-2024,3380.0,PE,0.0,0.0,0.0,57.8,169.8,0,0.0,0,0,06-MAY-2024,
OPTSTK,TITAN,27-Jun-2024,3400.0,PE,117.3,222.2,113.75,208.35,208.35,112,698.55,8050,5075,06-MAY-2024,
OPTSTK,TITAN,27-Jun-2024,3420.0,PE,0.0,0.0,0.0,69.4,194.3,0,0.0,0,0,06-MAY-2024,
OPTSTK,TITAN,27-Jun-2024,3440.0,PE,0.0,0.0,0.0,40.3,207.15,0,0.0,0,0,06-MAY-2024,
OPTSTK,TITAN,27-Jun-2024,3460.0,PE,0.0,0.0,0.0,82.75,220.45,0,0.0,0,0,06-MAY-2024,
OPTSTK,TITAN,27-Jun-2024,3480.0,PE,0.0,0.0,0.0,48.1,234.15,0,0.0,0,0,06-MAY-2024,
OPTSTK,TITAN,27-Jun-2024,3500.0,PE,219.0,251.95,219.0,251.95,248.2,5,32.73,1575,875,06-MAY-2024,
OPTSTK,TITAN,27-Jun-2024,3520.0,PE,0.0,0.0,0.0,56.95,262.65,0,0.0,0,0,06-MAY-2024,
OPTSTK,TITAN,27-Jun-2024,3540.0,PE,0.0,0.0,0.0,114.25,277.65,0,0.0,0,0,06-MAY-2024,
OPTSTK,TITAN,27-Jun-2024,3560.0,PE,0.0,0.0,0.0,67.05,292.8,0,0.0,0,0,06-MAY-2024,
OPTSTK,TITAN,27-Jun-2024,3580.0,PE,0.0,0.0,0.0,132.45,308.15,0,0.0,0,0,06-MAY-2024,
OPTSTK,TITAN,27-Jun-2024,3600.0,PE,256.85,337.1,256.85,337.1,323.95,55,376.59,10150,9100,06-MAY-2024,
OPTSTK,TITAN,27-Jun-2024,3620.0,PE,0.0,0.0,0.0,152.35,340.05,0,0.0,0,0,06-MAY-2024,
OPTSTK,TITAN,27-Jun-2024,3640.0,PE,0.0,0.0,0.0,90.45,356.4,0,0.0,0,0,06-MAY-2024,
OPTSTK,TITAN,27-Jun-2024,3660.0,PE,0.0,0.0,0.0,173.9,373.05,0,0.0,0,0,06-MAY-2024,
OPTSTK,TITAN,27-Jun-2024,3680.0,PE,0.0,0.0,0.0,104.1,389.95,0,0.0,0,0,06-MAY-2024,
OPTSTK,TITAN,27-Jun-2024,3700.0,PE,0.0,0.0,0.0,197.05,407.05,0,0.0,0,0,06-MAY-2024,
OPTSTK,TITAN,27-Jun-2024,3720.0,PE,0.0,0.0,0.0,119.05,424.4,0,0.0,0,0,06-MAY-2024,
OPTSTK,TITAN,27-Jun-2024,3740.0,PE,0.0,0.0,0.0,221.75,441.95,0,0.0,0,0,06-MAY-2024,
OPTSTK,TITAN,27-Jun-2024,3760.0,PE,0.0,0.0,0.0,135.3,459.65,0,0.0,0,0,06-MAY-2024,
OPTSTK,TITAN,27-Jun-2024,3780.0,PE,0.0,0.0,0.0,247.95,477.6,0,0.0,0,0,06-MAY-2024,
OPTSTK,TITAN,27-Jun-2024,3800.0,PE,0.0,0.0,0.0,152.9,495.65,0,0.0,0,0,06-MAY-2024,
OPTSTK,TITAN,27-Jun-2024,3820.0,PE,0.0,0.0,0.0,275.55,513.9,0,0.0,0,0,06-MAY-2024,
OPTSTK,TITAN,27-Jun-2024,3840.0,PE,0.0,0.0,0.0,171.85,532.3,0,0.0,0,0,06-MAY-2024,
OPTSTK,TITAN,27-Jun-2024,3880.0,PE,0.0,0.0,0.0,192.1,569.45,0,0.0,0,0,06-MAY-2024,
OPTSTK,TITAN,27-Jun-2024,3920.0,PE,0.0,0.0,0.0,213.65,607.05,0,0.0,0,0,06-MAY-2024,
OPTSTK,TITAN,27-Jun-2024,3960.0,PE,0.0,0.0,0.0,236.45,645.0,0,0.0,0,0,06-MAY-2024,
OPTSTK,TITAN,27-Jun-2024,4000.0,PE,0.0,0.0,0.0,260.55,683.3,0,0.0,0,0,06-MAY-2024,
OPTSTK,TITAN,27-Jun-2024,4040.0,PE,0.0,0.0,0.0,285.8,721.85,0,0.0,0,0,06-MAY-2024,
OPTSTK,TITAN,27-Jun-2024,4080.0,PE,0.0,0.0,0.0,312.25,760.6,0,0.0,0,0,06-MAY-2024,
OPTSTK,TITAN,25-Jul-2024,2840.0,CE,0.0,0.0,0.0,778.85,504.05,0,0.0,0,0,06-MAY-2024,
OPTSTK,TITAN,25-Jul-2024,2880.0,CE,0.0,0.0,0.0,748.4,469.65,0,0.0,0,0,06-MAY-2024,
OPTSTK,TITAN,25-Jul-2024,2920.0,CE,0.0,0.0,0.0,710.8,436.2,0,0.0,0,0,06-MAY-2024,
OPTSTK,TITAN,25-Jul-2024,2960.0,CE,0.0,0.0,0.0,673.65,403.8,0,0.0,0,0,06-MAY-2024,
OPTSTK,TITAN,25-Jul-2024,3000.0,CE,0.0,0.0,0.0,637.0,372.55,0,0.0,0,0,06-MAY-2024,
OPTSTK,TITAN,25-Jul-2024,3040.0,CE,0.0,0.0,0.0,600.9,342.55,0,0.0,0,0,06-MAY-2024,
OPTSTK,TITAN,25-Jul-2024,3080.0,CE,0.0,0.0,0.0,565.45,313.9,0,0.0,0,0,06-MAY-2024,
OPTSTK,TITAN,25-Jul-2024,3120.0,CE,0.0,0.0,0.0,530.75,286.4,0,0.0,0,0,06-MAY-2024,
OPTSTK,TITAN,25-Jul-2024,3160.0,CE,0.0,0.0,0.0,496.9,260.5,0,0.0,0,0,06-MAY-2024,
OPTSTK,TITAN,25-Jul-2024,3200.0,CE,0.0,0.0,0.0,463.9,236.05,0,0.0,0,0,06-MAY-2024,
OPTSTK,TITAN,25-Jul-2024,3240.0,CE,0.0,0.0,0.0,431.95,213.1,0,0.0,0,0,06-MAY-2024,
OPTSTK,TITAN,25-Jul-2024,3280.0,CE,0.0,0.0,0.0,401.0,191.7,0,0.0,0,0,06-MAY-2024,
OPTSTK,TITAN,25-Jul-2024,3320.0,CE,0.0,0.0,0.0,371.35,171.75,0,0.0,0,0,06-MAY-2024,
OPTSTK,TITAN,25-Jul-2024,3360.0,CE,0.0,0.0,0.0,342.7,153.3,0,0.0,0,0,06-MAY-2024,
OPTSTK,TITAN,25-Jul-2024,3400.0,CE,0.0,0.0,0.0,315.2,136.35,0,0.0,0,0,06-MAY-2024,
OPTSTK,TITAN,25-Jul-2024,3440.0,CE,0.0,0.0,0.0,289.15,120.8,0,0.0,0,0,06-MAY-2024,
OPTSTK,TITAN,25-Jul-2024,3480.0,CE,0.0,0.0,0.0,264.45,106.65,0,0.0,0,0,06-MAY-2024,
OPTSTK,TITAN,25-Jul-2024,3520.0,CE,0.0,0.0,0.0,241.15,93.8,0,0.0,0,0,06-MAY-2024,
OPTSTK,TITAN,25-Jul-2024,3560.0,CE,0.0,0.0,0.0,219.2,82.15,0,0.0,0,0,06-MAY-2024,
OPTSTK,TITAN,25-Jul-2024,3600.0,CE,0.0,0.0,0.0,198.6,71.9,0,0.0,0,0,06-MAY-2024,
OPTSTK,TITAN,25-Jul-2024,3640.0,CE,0.0,0.0,0.0,179.35,62.6,0,0.0,0,0,06-MAY-2024,
OPTSTK,TITAN,25-Jul-2024,3680.0,CE,0.0,0.0,0.0,161.5,54.15,0,0.0,0,0,06-MAY-2024,
OPTSTK,TITAN,25-Jul-2024,3720.0,CE,0.0,0.0,0.0,144.95,46.8,0,0.0,0,0,06-MAY-2024,
OPTSTK,TITAN,25-Jul-2024,3760.0,CE,0.0,0.0,0.0,129.7,40.3,0,0.0,0,0,06-MAY-2024,
OPTSTK,TITAN,25-Jul-2024,3800.0,CE,0.0,0.0,0.0,115.7,34.6,0,0.0,0,0,06-MAY-2024,
OPTSTK,TITAN,25-Jul-2024,3840.0,CE,0.0,0.0,0.0,102.9,29.55,0,0.0,0,0,06-MAY-2024,
OPTSTK,TITAN,25-Jul-2024,3920.0,CE,0.0,0.0,0.0,80.6,21.4,0,0.0,0,0,06-MAY-2024,
OPTSTK,TITAN,25-Jul-2024,4000.0,CE,0.0,0.0,0.0,62.5,15.3,0,0.0,0,0,06-MAY-2024,
OPTSTK,TITAN,25-Jul-2024,4080.0,CE,0.0,0.0,0.0,47.85,10.8,0,0.0,0,0,06-MAY-2024,
OPTSTK,TITAN,25-Jul-2024,2840.0,PE,0.0,0.0,0.0,3.1,18.9,0,0.0,0,0,06-MAY-2024,
OPTSTK,TITAN,25-Jul-2024,2880.0,PE,0.0,0.0,0.0,5.3,23.9,0,0.0,0,0,06-MAY-2024,
OPTSTK,TITAN,25-Jul-2024,2920.0,PE,0.0,0.0,0.0,7.0,29.8,0,0.0,0,0,06-MAY-2024,
OPTSTK,TITAN,25-Jul-2024,2960.0,PE,0.0,0.0,0.0,9.1,36.8,0,0.0,0,0,06-MAY-2024,
OPTSTK,TITAN,25-Jul-2024,3000.0,PE,55.0,55.0,55.0,55.0,44.9,2,10.69,350,350,06-MAY-2024,
OPTSTK,TITAN,25-Jul-2024,3040.0,PE,0.0,0.0,0.0,14.9,54.2,0,0.0,0,0,06-MAY-2024,
OPTSTK,TITAN,25-Jul-2024,3080.0,PE,0.0,0.0,0.0,18.75,64.95,0,0.0,0,0,06-MAY-2024,
OPTSTK,TITAN,25-Jul-2024,3120.0,PE,0.0,0.0,0.0,23.35,76.85,0,0.0,0,0,06-MAY-2024,
OPTSTK,TITAN,25-Jul-2024,3160.0,PE,0.0,0.0,0.0,28.75,90.3,0,0.0,0,0,06-MAY-2024,
OPTSTK,TITAN,25-Jul-2024,3200.0,PE,0.0,0.0,0.0,35.05,105.2,0,0.0,0,0,06-MAY-2024,
OPTSTK,TITAN,25-Jul-2024,3240.0,PE,0.0,0.0,0.0,42.3,121.65,0,0.0,0,0,06-MAY-2024,
OPTSTK,TITAN,25-Jul-2024,3280.0,PE,0.0,0.0,0.0,50.65,139.6,0,0.0,0,0,06-MAY-2024,
OPTSTK,TITAN,25-Jul-2024,3320.0,PE,0.0,0.0,0.0,60.3,159.0,0,0.0,0,0,06-MAY-2024,
OPTSTK,TITAN,25-Jul-2024,3360.0,PE,0.0,0.0,0.0,70.9,179.95,0,0.0,0,0,06-MAY-2024,
OPTSTK,TITAN,25-Jul-2024,3400.0,PE,125.0,125.0,85.0,85.0,202.35,2,12.26,350,350,06-MAY-2024,
OPTSTK,TITAN,25-Jul-2024,3440.0,PE,0.0,0.0,0.0,95.95,226.2,0,0.0,0,0,06-MAY-2024,
OPTSTK,TITAN,25-Jul-2024,3480.0,PE,0.0,0.0,0.0,110.55,251.35,0,0.0,0,0,06-MAY-2024,
OPTSTK,TITAN,25-Jul-2024,3520.0,PE,0.0,0.0,0.0,126.45,277.9,0,0.0,0,0,06-MAY-2024,
OPTSTK,TITAN,25-Jul-2024,3560.0,PE,0.0,0.0,0.0,143.8,305.65,0,0.0,0,0,06-MAY-2024,
OPTSTK,TITAN,25-Jul-2024,3600.0,PE,0.0,0.0,0.0,162.5,334.75,0,0.0,0,0,06-MAY-2024,
OPTSTK,TITAN,25-Jul-2024,3640.0,PE,0.0,0.0,0.0,182.5,364.8,0,0.0,0,0,06-MAY-2024,
OPTSTK,TITAN,25-Jul-2024,3680.0,PE,0.0,0.0,0.0,203.95,395.75,0,0.0,0,0,06-MAY-2024,
OPTSTK,TITAN,25-Jul-2024,3720.0,PE,0.0,0.0,0.0,226.7,427.75,0,0.0,0,0,06-MAY-2024,
OPTSTK,TITAN,25-Jul-2024,3760.0,PE,0.0,0.0,0.0,250.7,460.6,0,0.0,0,0,06-MAY-2024,
OPTSTK,TITAN,25-Jul-2024,3800.0,PE,0.0,0.0,0.0,275.95,494.25,0,0.0,0,0,06-MAY-2024,
OPTSTK,TITAN,25-Jul-2024,3840.0,PE,0.0,0.0,0.0,302.45,528.6,0,0.0,0,0,06-MAY-2024,
OPTSTK,TITAN,25-Jul-2024,3920.0,PE,0.0,0.0,0.0,358.7,599.2,0,0.0,0,0,06-MAY-2024,
OPTSTK,TITAN,25-Jul-2024,4000.0,PE,0.0,0.0,0.0,419.15,671.8,0,0.0,0,0,06-MAY-2024,
OPTSTK,TITAN,25-Jul-2024,4080.0,PE,0.0,0.0,0.0,483.05,746.05,0,0.0,0,0,06-MAY-2024,
OPTSTK,TORNTPHARM,30-May-2024,2160.0,CE,0.0,0.0,0.0,460.0,567.2,0,0.0,1000,0,06-MAY-2024,
OPTSTK,TORNTPHARM,30-May-2024,2200.0,CE,0.0,0.0,0.0,499.0,527.4,0,0.0,1000,0,06-MAY-2024,
OPTSTK,TORNTPHARM,30-May-2024,2240.0,CE,0.0,0.0,0.0,478.75,487.7,0,0.0,0,0,06-MAY-2024,
OPTSTK,TORNTPHARM,30-May-2024,2280.0,CE,0.0,0.0,0.0,443.5,448.0,0,0.0,0,0,06-MAY-2024,
OPTSTK,TORNTPHARM,30-May-2024,2300.0,CE,0.0,0.0,0.0,400.0,428.25,0,0.0,1500,0,06-MAY-2024,
OPTSTK,TORNTPHARM,30-May-2024,2320.0,CE,0.0,0.0,0.0,409.2,408.55,0,0.0,0,0,06-MAY-2024,
OPTSTK,TORNTPHARM,30-May-2024,2360.0,CE,0.0,0.0,0.0,375.95,369.35,0,0.0,0,0,06-MAY-2024,
OPTSTK,TORNTPHARM,30-May-2024,2400.0,CE,0.0,0.0,0.0,344.0,330.65,0,0.0,0,0,06-MAY-2024,
OPTSTK,TORNTPHARM,30-May-2024,2420.0,CE,0.0,0.0,0.0,245.65,311.55,0,0.0,0,0,06-MAY-2024,
OPTSTK,TORNTPHARM,30-May-2024,2440.0,CE,0.0,0.0,0.0,313.35,292.7,0,0.0,0,0,06-MAY-2024,
OPTSTK,TORNTPHARM,30-May-2024,2460.0,CE,0.0,0.0,0.0,216.6,274.1,0,0.0,0,0,06-MAY-2024,
OPTSTK,TORNTPHARM,30-May-2024,2480.0,CE,0.0,0.0,0.0,284.2,255.85,0,0.0,0,0,06-MAY-2024,
OPTSTK,TORNTPHARM,30-May-2024,2500.0,CE,279.7,279.7,236.1,236.45,238.0,26,179.06,4750,0,06-MAY-2024,
OPTSTK,TORNTPHARM,30-May-2024,2520.0,CE,0.0,0.0,0.0,256.4,220.55,0,0.0,0,0,06-MAY-2024,
OPTSTK,TORNTPHARM,30-May-2024,2540.0,CE,0.0,0.0,0.0,164.4,203.55,0,0.0,0,0,06-MAY-2024,
OPTSTK,TORNTPHARM,30-May-2024,2560.0,CE,0.0,0.0,0.0,243.45,187.15,0,0.0,500,0,06-MAY-2024,
OPTSTK,TORNTPHARM,30-May-2024,2580.0,CE,0.0,0.0,0.0,141.55,171.3,0,0.0,0,0,06-MAY-2024,
OPTSTK,TORNTPHARM,30-May-2024,2600.0,CE,0.0,0.0,0.0,142.25,156.25,0,0.0,1000,0,06-MAY-2024,
OPTSTK,TORNTPHARM,30-May-2024,2620.0,CE,0.0,0.0,0.0,174.7,141.65,0,0.0,750,0,06-MAY-2024,
OPTSTK,TORNTPHARM,30-May-2024,2640.0,CE,0.0,0.0,0.0,101.9,127.9,0,0.0,1250,0,06-MAY-2024,
OPTSTK,TORNTPHARM,30-May-2024,2660.0,CE,0.0,0.0,0.0,132.65,114.95,0,0.0,2500,0,06-MAY-2024,
OPTSTK,TORNTPHARM,30-May-2024,2680.0,CE,0.0,0.0,0.0,125.4,102.8,0,0.0,4000,0,06-MAY-2024,
OPTSTK,TORNTPHARM,30-May-2024,2700.0,CE,120.0,130.75,94.8,106.7,106.7,581,4080.06,65000,4500,06-MAY-2024,
OPTSTK,TORNTPHARM,30-May-2024,2720.0,CE,110.25,114.65,87.9,96.55,96.55,77,542.41,13750,7000,06-MAY-2024,
OPTSTK,TORNTPHARM,30-May-2024,2740.0,CE,95.05,107.0,76.35,85.05,85.05,204,1443.37,34000,-3500,06-MAY-2024,
OPTSTK,TORNTPHARM,30-May-2024,2760.0,CE,90.85,98.65,68.05,74.85,74.85,291,2070.29,17250,5750,06-MAY-2024,
OPTSTK,TORNTPHARM,30-May-2024,2780.0,CE,81.75,89.3,61.25,69.45,69.45,185,1319.81,18500,-3250,06-MAY-2024,
OPTSTK,TORNTPHARM,30-May-2024,2800.0,CE,72.0,80.1,53.15,62.05,62.05,1613,11547.65,106500,2750,06-MAY-2024,
OPTSTK,TORNTPHARM,30-May-2024,2820.0,CE,0.0,0.0,0.0,48.6,40.65,0,0.0,0,0,06-MAY-2024,
OPTSTK,TORNTPHARM,30-May-2024,2840.0,CE,48.8,51.45,42.9,44.95,44.95,11,79.42,2500,1750,06-MAY-2024,
OPTSTK,TORNTPHARM,30-May-2024,2860.0,CE,0.0,0.0,0.0,48.95,29.8,0,0.0,1750,0,06-MAY-2024,
OPTSTK,TORNTPHARM,30-May-2024,2880.0,CE,40.0,40.0,40.0,40.0,25.2,3,21.9,11250,250,06-MAY-2024,
OPTSTK,TORNTPHARM,30-May-2024,2900.0,CE,41.3,47.75,28.3,33.2,33.2,326,2391.44,33500,2750,06-MAY-2024,
OPTSTK,TORNTPHARM,30-May-2024,2920.0,CE,0.0,0.0,0.0,50.75,17.8,0,0.0,500,0,06-MAY-2024,
OPTSTK,TORNTPHARM,30-May-2024,2940.0,CE,0.0,0.0,0.0,25.5,14.85,0,0.0,0,0,06-MAY-2024,
OPTSTK,TORNTPHARM,30-May-2024,2960.0,CE,0.0,0.0,0.0,29.95,12.3,0,0.0,3750,0,06-MAY-2024,
OPTSTK,TORNTPHARM,30-May-2024,2980.0,CE,0.0,0.0,0.0,20.25,10.15,0,0.0,0,0,06-MAY-2024,
OPTSTK,TORNTPHARM,30-May-2024,3000.0,CE,25.0,28.5,15.25,16.1,16.1,197,1487.77,31500,1750,06-MAY-2024,
OPTSTK,TORNTPHARM,30-May-2024,3040.0,CE,18.9,18.9,16.75,16.75,5.5,2,15.28,5250,-250,06-MAY-2024,
OPTSTK,TORNTPHARM,30-May-2024,3080.0,CE,15.0,17.45,9.7,9.7,3.6,33,255.16,12750,-250,06-MAY-2024,
OPTSTK,TORNTPHARM,30-May-2024,3120.0,CE,0.0,0.0,0.0,31.65,2.25,0,0.0,0,0,06-MAY-2024,
OPTSTK,TORNTPHARM,30-May-2024,2160.0,PE,0.0,0.0,0.0,0.15,0.05,0,0.0,500,0,06-MAY-2024,
OPTSTK,TORNTPHARM,30-May-2024,2240.0,PE,0.0,0.0,0.0,12.0,0.15,0,0.0,0,0,06-MAY-2024,
OPTSTK,TORNTPHARM,30-May-2024,2280.0,PE,0.0,0.0,0.0,16.0,0.3,0,0.0,0,0,06-MAY-2024,
OPTSTK,TORNTPHARM,30-May-2024,2320.0,PE,0.0,0.0,0.0,20.95,0.65,0,0.0,0,0,06-MAY-2024,
OPTSTK,TORNTPHARM,30-May-2024,2360.0,PE,0.0,0.0,0.0,27.0,1.25,0,0.0,0,0,06-MAY-2024,
OPTSTK,TORNTPHARM,30-May-2024,2400.0,PE,5.9,5.9,5.9,5.9,2.4,1,6.01,6500,250,06-MAY-2024,
OPTSTK,TORNTPHARM,30-May-2024,2420.0,PE,0.0,0.0,0.0,35.5,3.2,0,0.0,0,0,06-MAY-2024,
OPTSTK,TORNTPHARM,30-May-2024,2440.0,PE,0.0,0.0,0.0,7.8,4.25,0,0.0,1500,0,06-MAY-2024,
OPTSTK,TORNTPHARM,30-May-2024,2460.0,PE,0.0,0.0,0.0,17.0,5.6,0,0.0,2250,0,06-MAY-2024,
OPTSTK,TORNTPHARM,30-May-2024,2480.0,PE,0.0,0.0,0.0,14.5,7.25,0,0.0,250,0,06-MAY-2024,
OPTSTK,TORNTPHARM,30-May-2024,2500.0,PE,15.0,25.4,14.0,23.1,23.1,74,466.38,29750,-3750,06-MAY-2024,
OPTSTK,TORNTPHARM,30-May-2024,2520.0,PE,0.0,0.0,0.0,15.1,11.7,0,0.0,3750,0,06-MAY-2024,
OPTSTK,TORNTPHARM,30-May-2024,2540.0,PE,0.0,0.0,0.0,23.4,14.65,0,0.0,9500,0,06-MAY-2024,
OPTSTK,TORNTPHARM,30-May-2024,2560.0,PE,0.0,0.0,0.0,26.1,18.15,0,0.0,750,0,06-MAY-2024,
OPTSTK,TORNTPHARM,30-May-2024,2580.0,PE,0.0,0.0,0.0,28.35,22.2,0,0.0,500,0,06-MAY-2024,
OPTSTK,TORNTPHARM,30-May-2024,2600.0,PE,37.0,49.0,37.0,46.4,46.4,35,231.34,25000,500,06-MAY-2024,
OPTSTK,TORNTPHARM,30-May-2024,2620.0,PE,46.75,49.05,46.5,49.0,32.35,6,40.01,9500,500,06-MAY-2024,
OPTSTK,TORNTPHARM,30-May-2024,2640.0,PE,34.0,58.0,34.0,54.6,38.55,8,53.84,3250,250,06-MAY-2024,
OPTSTK,TORNTPHARM,30-May-2024,2660.0,PE,0.0,0.0,0.0,49.1,45.5,0,0.0,5250,0,06-MAY-2024,
OPTSTK,TORNTPHARM,30-May-2024,2680.0,PE,61.05,61.05,61.05,61.05,53.25,1,6.85,1500,0,06-MAY-2024,
OPTSTK,TORNTPHARM,30-May-2024,2700.0,PE,65.5,90.15,60.5,83.9,83.9,135,937.74,21750,-1000,06-MAY-2024,
OPTSTK,TORNTPHARM,30-May-2024,2720.0,PE,0.0,0.0,0.0,147.75,71.25,0,0.0,0,0,06-MAY-2024,
OPTSTK,TORNTPHARM,30-May-2024,2740.0,PE,89.6,111.3,79.85,107.8,81.45,36,255.45,3500,-500,06-MAY-2024,
OPTSTK,TORNTPHARM,30-May-2024,2760.0,PE,80.25,118.0,80.25,118.0,92.55,6,42.9,4750,250,06-MAY-2024,
OPTSTK,TORNTPHARM,30-May-2024,2780.0,PE,0.0,0.0,0.0,115.05,104.4,0,0.0,500,0,06-MAY-2024,
OPTSTK,TORNTPHARM,30-May-2024,2800.0,PE,125.1,132.45,125.1,131.6,131.6,3,21.97,3500,0,06-MAY-2024,
OPTSTK,TORNTPHARM,30-May-2024,2820.0,PE,0.0,0.0,0.0,233.55,130.45,0,0.0,0,0,06-MAY-2024,
OPTSTK,TORNTPHARM,30-May-2024,2840.0,PE,0.0,0.0,0.0,147.55,144.55,0,0.0,1000,0,06-MAY-2024,
OPTSTK,TORNTPHARM,30-May-2024,2860.0,PE,0.0,0.0,0.0,263.9,159.45,0,0.0,0,0,06-MAY-2024,
OPTSTK,TORNTPHARM,30-May-2024,2880.0,PE,0.0,0.0,0.0,244.2,174.7,0,0.0,0,0,06-MAY-2024,
OPTSTK,TORNTPHARM,30-May-2024,2900.0,PE,0.0,0.0,0.0,295.8,190.7,0,0.0,0,0,06-MAY-2024,
OPTSTK,TORNTPHARM,30-May-2024,2920.0,PE,0.0,0.0,0.0,272.05,207.15,0,0.0,0,0,06-MAY-2024,
OPTSTK,TORNTPHARM,30-May-2024,2940.0,PE,0.0,0.0,0.0,222.85,224.1,0,0.0,250,0,06-MAY-2024,
OPTSTK,TORNTPHARM,30-May-2024,2960.0,PE,0.0,0.0,0.0,301.3,241.45,0,0.0,0,0,06-MAY-2024,
OPTSTK,TORNTPHARM,30-May-2024,2980.0,PE,0.0,0.0,0.0,363.2,259.2,0,0.0,0,0,06-MAY-2024,
OPTSTK,TORNTPHARM,30-May-2024,3000.0,PE,0.0,0.0,0.0,250.0,277.3,0,0.0,250,0,06-MAY-2024,
OPTSTK,TORNTPHARM,30-May-2024,3040.0,PE,0.0,0.0,0.0,363.05,314.3,0,0.0,0,0,06-MAY-2024,
OPTSTK,TORNTPHARM,30-May-2024,3080.0,PE,0.0,0.0,0.0,395.55,352.15,0,0.0,0,0,06-MAY-2024,
OPTSTK,TORNTPHARM,30-May-2024,3120.0,PE,0.0,0.0,0.0,428.9,390.7,0,0.0,0,0,06-MAY-2024,
OPTSTK,TORNTPHARM,27-Jun-2024,2240.0,CE,0.0,0.0,0.0,416.95,502.65,0,0.0,0,0,06-MAY-2024,
OPTSTK,TORNTPHARM,27-Jun-2024,2280.0,CE,0.0,0.0,0.0,382.85,464.4,0,0.0,0,0,06-MAY-2024,
OPTSTK,TORNTPHARM,27-Jun-2024,2320.0,CE,0.0,0.0,0.0,349.95,426.75,0,0.0,0,0,06-MAY-2024,
OPTSTK,TORNTPHARM,27-Jun-2024,2360.0,CE,0.0,0.0,0.0,318.4,389.85,0,0.0,0,0,06-MAY-2024,
OPTSTK,TORNTPHARM,27-Jun-2024,2400.0,CE,0.0,0.0,0.0,288.25,353.9,0,0.0,0,0,06-MAY-2024,
OPTSTK,TORNTPHARM,27-Jun-2024,2420.0,CE,0.0,0.0,0.0,326.7,336.4,0,0.0,0,0,06-MAY-2024,
OPTSTK,TORNTPHARM,27-Jun-2024,2440.0,CE,0.0,0.0,0.0,259.7,319.15,0,0.0,0,0,06-MAY-2024,
OPTSTK,TORNTPHARM,27-Jun-2024,2460.0,CE,0.0,0.0,0.0,294.3,302.25,0,0.0,0,0,06-MAY-2024,
OPTSTK,TORNTPHARM,27-Jun-2024,2480.0,CE,0.0,0.0,0.0,232.7,285.75,0,0.0,0,0,06-MAY-2024,
OPTSTK,TORNTPHARM,27-Jun-2024,2500.0,CE,0.0,0.0,0.0,263.4,269.65,0,0.0,0,0,06-MAY-2024,
OPTSTK,TORNTPHARM,27-Jun-2024,2520.0,CE,0.0,0.0,0.0,207.5,253.95,0,0.0,0,0,06-MAY-2024,
OPTSTK,TORNTPHARM,27-Jun-2024,2540.0,CE,0.0,0.0,0.0,234.3,238.7,0,0.0,0,0,06-MAY-2024,
OPTSTK,TORNTPHARM,27-Jun-2024,2560.0,CE,0.0,0.0,0.0,184.05,224.05,0,0.0,0,0,06-MAY-2024,
OPTSTK,TORNTPHARM,27-Jun-2024,2580.0,CE,0.0,0.0,0.0,206.9,209.6,0,0.0,0,0,06-MAY-2024,
OPTSTK,TORNTPHARM,27-Jun-2024,2600.0,CE,0.0,0.0,0.0,162.45,195.85,0,0.0,0,0,06-MAY-2024,
OPTSTK,TORNTPHARM,27-Jun-2024,2620.0,CE,0.0,0.0,0.0,181.5,182.6,0,0.0,0,0,06-MAY-2024,
OPTSTK,TORNTPHARM,27-Jun-2024,2640.0,CE,0.0,0.0,0.0,142.6,169.9,0,0.0,0,0,06-MAY-2024,
OPTSTK,TORNTPHARM,27-Jun-2024,2660.0,CE,0.0,0.0,0.0,158.15,157.7,0,0.0,0,0,06-MAY-2024,
OPTSTK,TORNTPHARM,27-Jun-2024,2680.0,CE,0.0,0.0,0.0,124.55,146.1,0,0.0,0,0,06-MAY-2024,
OPTSTK,TORNTPHARM,27-Jun-2024,2700.0,CE,0.0,0.0,0.0,136.85,135.05,0,0.0,0,0,06-MAY-2024,
OPTSTK,TORNTPHARM,27-Jun-2024,2720.0,CE,0.0,0.0,0.0,108.2,124.6,0,0.0,0,0,06-MAY-2024,
OPTSTK,TORNTPHARM,27-Jun-2024,2740.0,CE,0.0,0.0,0.0,117.55,114.65,0,0.0,0,0,06-MAY-2024,
OPTSTK,TORNTPHARM,27-Jun-2024,2760.0,CE,0.0,0.0,0.0,93.5,105.3,0,0.0,0,0,06-MAY-2024,
OPTSTK,TORNTPHARM,27-Jun-2024,2780.0,CE,0.0,0.0,0.0,100.25,96.5,0,0.0,0,0,06-MAY-2024,
OPTSTK,TORNTPHARM,27-Jun-2024,2800.0,CE,0.0,0.0,0.0,80.4,88.2,0,0.0,0,0,06-MAY-2024,
OPTSTK,TORNTPHARM,27-Jun-2024,2820.0,CE,0.0,0.0,0.0,84.95,80.45,0,0.0,0,0,06-MAY-2024,
OPTSTK,TORNTPHARM,27-Jun-2024,2840.0,CE,0.0,0.0,0.0,68.8,73.25,0,0.0,0,0,06-MAY-2024,
OPTSTK,TORNTPHARM,27-Jun-2024,2860.0,CE,0.0,0.0,0.0,71.4,66.5,0,0.0,0,0,06-MAY-2024,
OPTSTK,TORNTPHARM,27-Jun-2024,2880.0,CE,0.0,0.0,0.0,58.7,60.25,0,0.0,0,0,06-MAY-2024,
OPTSTK,TORNTPHARM,27-Jun-2024,2900.0,CE,0.0,0.0,0.0,59.65,54.5,0,0.0,0,0,06-MAY-2024,
OPTSTK,TORNTPHARM,27-Jun-2024,2920.0,CE,0.0,0.0,0.0,49.65,49.15,0,0.0,0,0,06-MAY-2024,
OPTSTK,TORNTPHARM,27-Jun-2024,2940.0,CE,0.0,0.0,0.0,49.6,44.4,0,0.0,0,0,06-MAY-2024,
OPTSTK,TORNTPHARM,27-Jun-2024,2960.0,CE,0.0,0.0,0.0,41.9,39.8,0,0.0,0,0,06-MAY-2024,
OPTSTK,TORNTPHARM,27-Jun-2024,2980.0,CE,0.0,0.0,0.0,40.8,35.7,0,0.0,0,0,06-MAY-2024,
OPTSTK,TORNTPHARM,27-Jun-2024,3000.0,CE,0.0,0.0,0.0,35.15,31.9,0,0.0,0,0,06-MAY-2024,
OPTSTK,TORNTPHARM,27-Jun-2024,3040.0,CE,0.0,0.0,0.0,29.35,25.35,0,0.0,0,0,06-MAY-2024,
OPTSTK,TORNTPHARM,27-Jun-2024,3080.0,CE,0.0,0.0,0.0,24.4,20.0,0,0.0,0,0,06-MAY-2024,
OPTSTK,TORNTPHARM,27-Jun-2024,3120.0,CE,0.0,0.0,0.0,20.2,15.65,0,0.0,0,0,06-MAY-2024,
OPTSTK,TORNTPHARM,27-Jun-2024,2240.0,PE,0.0,0.0,0.0,16.3,2.35,0,0.0,0,0,06-MAY-2024,
OPTSTK,TORNTPHARM,27-Jun-2024,2280.0,PE,0.0,0.0,0.0,21.5,3.7,0,0.0,0,0,06-MAY-2024,
OPTSTK,TORNTPHARM,27-Jun-2024,2320.0,PE,0.0,0.0,0.0,27.9,5.65,0,0.0,0,0,06-MAY-2024,
OPTSTK,TORNTPHARM,27-Jun-2024,2360.0,PE,0.0,0.0,0.0,35.6,8.35,0,0.0,0,0,06-MAY-2024,
OPTSTK,TORNTPHARM,27-Jun-2024,2400.0,PE,0.0,0.0,0.0,44.75,12.0,0,0.0,0,0,06-MAY-2024,
OPTSTK,TORNTPHARM,27-Jun-2024,2420.0,PE,0.0,0.0,0.0,22.05,14.25,0,0.0,0,0,06-MAY-2024,
OPTSTK,TORNTPHARM,27-Jun-2024,2440.0,PE,0.0,0.0,0.0,55.5,16.8,0,0.0,0,0,06-MAY-2024,
OPTSTK,TORNTPHARM,27-Jun-2024,2460.0,PE,0.0,0.0,0.0,29.15,19.7,0,0.0,0,0,06-MAY-2024,
OPTSTK,TORNTPHARM,27-Jun-2024,2480.0,PE,0.0,0.0,0.0,67.75,23.0,0,0.0,0,0,06-MAY-2024,
OPTSTK,TORNTPHARM,27-Jun-2024,2500.0,PE,0.0,0.0,0.0,37.75,26.7,0,0.0,0,0,06-MAY-2024,
OPTSTK,TORNTPHARM,27-Jun-2024,2520.0,PE,0.0,0.0,0.0,81.85,30.8,0,0.0,0,0,06-MAY-2024,
OPTSTK,TORNTPHARM,27-Jun-2024,2540.0,PE,0.0,0.0,0.0,48.15,35.35,0,0.0,0,0,06-MAY-2024,
OPTSTK,TORNTPHARM,27-Jun-2024,2560.0,PE,0.0,0.0,0.0,97.7,40.45,0,0.0,0,0,06-MAY-2024,
OPTSTK,TORNTPHARM,27-Jun-2024,2580.0,PE,0.0,0.0,0.0,60.25,45.8,0,0.0,0,0,06-MAY-2024,
OPTSTK,TORNTPHARM,27-Jun-2024,2600.0,PE,0.0,0.0,0.0,115.35,51.85,0,0.0,0,0,06-MAY-2024,
OPTSTK,TORNTPHARM,27-Jun-2024,2620.0,PE,0.0,0.0,0.0,74.35,58.4,0,0.0,0,0,06-MAY-2024,
OPTSTK,TORNTPHARM,27-Jun-2024,2640.0,PE,0.0,0.0,0.0,134.8,65.5,0,0.0,0,0,06-MAY-2024,
OPTSTK,TORNTPHARM,27-Jun-2024,2660.0,PE,0.0,0.0,0.0,90.5,73.1,0,0.0,0,0,06-MAY-2024,
OPTSTK,TORNTPHARM,27-Jun-2024,2680.0,PE,0.0,0.0,0.0,156.05,81.3,0,0.0,0,0,06-MAY-2024,
OPTSTK,TORNTPHARM,27-Jun-2024,2700.0,PE,0.0,0.0,0.0,108.7,90.05,0,0.0,0,0,06-MAY-2024,
OPTSTK,TORNTPHARM,27-Jun-2024,2720.0,PE,0.0,0.0,0.0,179.0,99.35,0,0.0,0,0,06-MAY-2024,
OPTSTK,TORNTPHARM,27-Jun-2024,2740.0,PE,0.0,0.0,0.0,128.9,109.25,0,0.0,0,0,06-MAY-2024,
OPTSTK,TORNTPHARM,27-Jun-2024,2760.0,PE,0.0,0.0,0.0,203.6,119.65,0,0.0,0,0,06-MAY-2024,
OPTSTK,TORNTPHARM,27-Jun-2024,2780.0,PE,0.0,0.0,0.0,151.1,130.65,0,0.0,0,0,06-MAY-2024,
OPTSTK,TORNTPHARM,27-Jun-2024,2800.0,PE,0.0,0.0,0.0,229.75,142.15,0,0.0,0,0,06-MAY-2024,
OPTSTK,TORNTPHARM,27-Jun-2024,2820.0,PE,0.0,0.0,0.0,175.25,154.2,0,0.0,0,0,06-MAY-2024,
OPTSTK,TORNTPHARM,27-Jun-2024,2840.0,PE,0.0,0.0,0.0,257.45,166.8,0,0.0,0,0,06-MAY-2024,
OPTSTK,TORNTPHARM,27-Jun-2024,2860.0,PE,0.0,0.0,0.0,201.25,179.85,0,0.0,0,0,06-MAY-2024,
OPTSTK,TORNTPHARM,27-Jun-2024,2880.0,PE,0.0,0.0,0.0,286.6,193.4,0,0.0,0,0,06-MAY-2024,
OPTSTK,TORNTPHARM,27-Jun-2024,2900.0,PE,0.0,0.0,0.0,229.0,207.4,0,0.0,0,0,06-MAY-2024,
OPTSTK,TORNTPHARM,27-Jun-2024,2920.0,PE,0.0,0.0,0.0,316.9,221.85,0,0.0,0,0,06-MAY-2024,
OPTSTK,TORNTPHARM,27-Jun-2024,2940.0,PE,0.0,0.0,0.0,258.45,236.9,0,0.0,0,0,06-MAY-2024,
OPTSTK,TORNTPHARM,27-Jun-2024,2960.0,PE,0.0,0.0,0.0,348.4,252.1,0,0.0,0,0,06-MAY-2024,
OPTSTK,TORNTPHARM,27-Jun-2024,2980.0,PE,0.0,0.0,0.0,289.1,267.75,0,0.0,0,0,06-MAY-2024,
OPTSTK,TORNTPHARM,27-Jun-2024,3000.0,PE,0.0,0.0,0.0,380.95,283.8,0,0.0,0,0,06-MAY-2024,
OPTSTK,TORNTPHARM,27-Jun-2024,3040.0,PE,0.0,0.0,0.0,414.45,316.85,0,0.0,0,0,06-MAY-2024,
OPTSTK,TORNTPHARM,27-Jun-2024,3080.0,PE,0.0,0.0,0.0,448.75,351.05,0,0.0,0,0,06-MAY-2024,
OPTSTK,TORNTPHARM,27-Jun-2024,3120.0,PE,0.0,0.0,0.0,483.85,386.3,0,0.0,0,0,06-MAY-2024,
OPTSTK,TORNTPHARM,25-Jul-2024,2240.0,CE,0.0,0.0,0.0,505.15,519.45,0,0.0,0,0,06-MAY-2024,
OPTSTK,TORNTPHARM,25-Jul-2024,2320.0,CE,0.0,0.0,0.0,434.55,446.8,0,0.0,0,0,06-MAY-2024,
OPTSTK,TORNTPHARM,25-Jul-2024,2400.0,CE,0.0,0.0,0.0,368.0,377.85,0,0.0,0,0,06-MAY-2024,
OPTSTK,TORNTPHARM,25-Jul-2024,2440.0,CE,0.0,0.0,0.0,336.55,345.1,0,0.0,0,0,06-MAY-2024,
OPTSTK,TORNTPHARM,25-Jul-2024,2480.0,CE,0.0,0.0,0.0,306.45,313.65,0,0.0,0,0,06-MAY-2024,
OPTSTK,TORNTPHARM,25-Jul-2024,2520.0,CE,0.0,0.0,0.0,277.9,283.8,0,0.0,0,0,06-MAY-2024,
OPTSTK,TORNTPHARM,25-Jul-2024,2560.0,CE,0.0,0.0,0.0,250.75,255.25,0,0.0,0,0,06-MAY-2024,
OPTSTK,TORNTPHARM,25-Jul-2024,2600.0,CE,0.0,0.0,0.0,225.3,228.55,0,0.0,0,0,06-MAY-2024,
OPTSTK,TORNTPHARM,25-Jul-2024,2640.0,CE,0.0,0.0,0.0,201.5,203.55,0,0.0,0,0,06-MAY-2024,
OPTSTK,TORNTPHARM,25-Jul-2024,2680.0,CE,0.0,0.0,0.0,179.45,180.35,0,0.0,0,0,06-MAY-2024,
OPTSTK,TORNTPHARM,25-Jul-2024,2720.0,CE,0.0,0.0,0.0,159.0,158.95,0,0.0,0,0,06-MAY-2024,
OPTSTK,TORNTPHARM,25-Jul-2024,2760.0,CE,0.0,0.0,0.0,140.3,139.3,0,0.0,0,0,06-MAY-2024,
OPTSTK,TORNTPHARM,25-Jul-2024,2800.0,CE,0.0,0.0,0.0,123.2,121.5,0,0.0,0,0,06-MAY-2024,
OPTSTK,TORNTPHARM,25-Jul-2024,2840.0,CE,0.0,0.0,0.0,107.7,105.35,0,0.0,0,0,06-MAY-2024,
OPTSTK,TORNTPHARM,25-Jul-2024,2880.0,CE,0.0,0.0,0.0,93.75,90.9,0,0.0,0,0,06-MAY-2024,
OPTSTK,TORNTPHARM,25-Jul-2024,2920.0,CE,0.0,0.0,0.0,81.25,78.05,0,0.0,0,0,06-MAY-2024,
OPTSTK,TORNTPHARM,25-Jul-2024,2960.0,CE,0.0,0.0,0.0,70.05,66.6,0,0.0,0,0,06-MAY-2024,
OPTSTK,TORNTPHARM,25-Jul-2024,3040.0,CE,0.0,0.0,0.0,51.55,47.9,0,0.0,0,0,06-MAY-2024,
OPTSTK,TORNTPHARM,25-Jul-2024,3120.0,CE,0.0,0.0,0.0,37.25,33.75,0,0.0,0,0,06-MAY-2024,
OPTSTK,TORNTPHARM,25-Jul-2024,2240.0,PE,0.0,0.0,0.0,10.4,6.85,0,0.0,0,0,06-MAY-2024,
OPTSTK,TORNTPHARM,25-Jul-2024,2320.0,PE,0.0,0.0,0.0,18.35,12.95,0,0.0,0,0,06-MAY-2024,
OPTSTK,TORNTPHARM,25-Jul-2024,2400.0,PE,0.0,0.0,0.0,30.35,22.7,0,0.0,0,0,06-MAY-2024,
OPTSTK,TORNTPHARM,25-Jul-2024,2440.0,PE,0.0,0.0,0.0,38.2,29.3,0,0.0,0,0,06-MAY-2024,
OPTSTK,TORNTPHARM,25-Jul-2024,2480.0,PE,0.0,0.0,0.0,47.4,37.25,0,0.0,0,0,06-MAY-2024,
OPTSTK,TORNTPHARM,25-Jul-2024,2520.0,PE,0.0,0.0,0.0,58.1,46.75,0,0.0,0,0,06-MAY-2024,
OPTSTK,TORNTPHARM,25-Jul-2024,2560.0,PE,0.0,0.0,0.0,70.2,57.6,0,0.0,0,0,06-MAY-2024,
OPTSTK,TORNTPHARM,25-Jul-2024,2600.0,PE,0.0,0.0,0.0,84.05,70.25,0,0.0,0,0,06-MAY-2024,
OPTSTK,TORNTPHARM,25-Jul-2024,2640.0,PE,0.0,0.0,0.0,99.55,84.6,0,0.0,0,0,06-MAY-2024,
OPTSTK,TORNTPHARM,25-Jul-2024,2680.0,PE,0.0,0.0,0.0,116.75,100.8,0,0.0,0,0,06-MAY-2024,
OPTSTK,TORNTPHARM,25-Jul-2024,2720.0,PE,0.0,0.0,0.0,135.6,118.75,0,0.0,0,0,06-MAY-2024,
OPTSTK,TORNTPHARM,25-Jul-2024,2760.0,PE,0.0,0.0,0.0,156.15,138.5,0,0.0,0,0,06-MAY-2024,
OPTSTK,TORNTPHARM,25-Jul-2024,2800.0,PE,0.0,0.0,0.0,178.35,160.0,0,0.0,0,0,06-MAY-2024,
OPTSTK,TORNTPHARM,25-Jul-2024,2840.0,PE,0.0,0.0,0.0,202.15,183.3,0,0.0,0,0,06-MAY-2024,
OPTSTK,TORNTPHARM,25-Jul-2024,2880.0,PE,0.0,0.0,0.0,227.45,208.2,0,0.0,0,0,06-MAY-2024,
OPTSTK,TORNTPHARM,25-Jul-2024,2920.0,PE,0.0,0.0,0.0,254.2,234.65,0,0.0,0,0,06-MAY-2024,
OPTSTK,TORNTPHARM,25-Jul-2024,2960.0,PE,0.0,0.0,0.0,282.3,262.65,0,0.0,0,0,06-MAY-2024,
OPTSTK,TORNTPHARM,25-Jul-2024,3040.0,PE,0.0,0.0,0.0,342.35,322.65,0,0.0,0,0,06-MAY-2024,
OPTSTK,TORNTPHARM,25-Jul-2024,3120.0,PE,0.0,0.0,0.0,406.6,387.2,0,0.0,0,0,06-MAY-2024,
OPTSTK,TRENT,30-May-2024,3300.0,CE,0.0,0.0,0.0,948.0,1224.4,0,0.0,1600,0,06-MAY-2024,
OPTSTK,TRENT,30-May-2024,3400.0,CE,0.0,0.0,0.0,799.15,1125.05,0,0.0,2800,0,06-MAY-2024,
OPTSTK,TRENT,30-May-2024,3450.0,CE,0.0,0.0,0.0,600.3,1075.45,0,0.0,0,0,06-MAY-2024,
OPTSTK,TRENT,30-May-2024,3500.0,CE,0.0,0.0,0.0,862.45,1025.95,0,0.0,800,0,06-MAY-2024,
OPTSTK,TRENT,30-May-2024,3550.0,CE,0.0,0.0,0.0,524.6,976.6,0,0.0,0,0,06-MAY-2024,
OPTSTK,TRENT,30-May-2024,3600.0,CE,964.8,964.8,964.8,964.8,927.45,1,9.12,800,0,06-MAY-2024,
OPTSTK,TRENT,30-May-2024,3650.0,CE,0.0,0.0,0.0,454.1,878.5,0,0.0,0,0,06-MAY-2024,
OPTSTK,TRENT,30-May-2024,3700.0,CE,869.7,869.7,869.7,869.7,829.9,1,9.13,3400,0,06-MAY-2024,
OPTSTK,TRENT,30-May-2024,3750.0,CE,0.0,0.0,0.0,389.7,781.7,0,0.0,0,0,06-MAY-2024,
OPTSTK,TRENT,30-May-2024,3800.0,CE,772.0,772.0,744.2,744.2,734.0,2,18.23,1200,0,06-MAY-2024,
OPTSTK,TRENT,30-May-2024,3850.0,CE,0.0,0.0,0.0,851.15,686.95,0,0.0,0,0,06-MAY-2024,
OPTSTK,TRENT,30-May-2024,3900.0,CE,677.55,677.55,677.55,677.55,640.65,1,9.15,1200,0,06-MAY-2024,
OPTSTK,TRENT,30-May-2024,3950.0,CE,0.0,0.0,0.0,370.55,595.3,0,0.0,400,0,06-MAY-2024,
OPTSTK,TRENT,30-May-2024,4000.0,CE,559.05,559.05,542.7,542.7,551.05,2,18.2,96600,0,06-MAY-2024,
OPTSTK,TRENT,30-May-2024,4050.0,CE,0.0,0.0,0.0,296.3,508.0,0,0.0,0,0,06-MAY-2024,
OPTSTK,TRENT,30-May-2024,4100.0,CE,447.0,447.0,447.0,447.0,466.3,1,9.09,14400,0,06-MAY-2024,
OPTSTK,TRENT,30-May-2024,4150.0,CE,0.0,0.0,0.0,446.0,426.15,0,0.0,7400,0,06-MAY-2024,
OPTSTK,TRENT,30-May-2024,4200.0,CE,392.85,392.85,368.3,374.1,374.1,4,36.61,37000,-200,06-MAY-2024,
OPTSTK,TRENT,30-May-2024,4250.0,CE,345.0,345.0,345.0,345.0,351.2,4,36.76,10200,0,06-MAY-2024,
OPTSTK,TRENT,30-May-2024,4300.0,CE,325.0,353.0,287.15,304.0,304.0,37,340.91,84800,-3200,06-MAY-2024,
OPTSTK,TRENT,30-May-2024,4350.0,CE,280.35,280.35,267.4,267.4,283.7,3,27.73,15000,-400,06-MAY-2024,
OPTSTK,TRENT,30-May-2024,4400.0,CE,255.0,280.75,222.8,237.9,237.9,69,640.28,47600,-3600,06-MAY-2024,
OPTSTK,TRENT,30-May-2024,4450.0,CE,227.6,245.35,195.3,195.3,224.75,18,168.05,8400,200,06-MAY-2024,
OPTSTK,TRENT,30-May-2024,4500.0,CE,210.0,221.0,168.0,182.05,182.05,1360,12743.79,196400,-16800,06-MAY-2024,
OPTSTK,TRENT,30-May-2024,4550.0,CE,184.95,193.85,146.35,158.0,158.0,416,3925.57,37600,600,06-MAY-2024,
OPTSTK,TRENT,30-May-2024,4600.0,CE,165.05,169.0,128.0,137.25,137.25,967,9176.0,184600,-3000,06-MAY-2024,
OPTSTK,TRENT,30-May-2024,4650.0,CE,128.0,147.3,110.65,118.15,118.15,194,1852.3,43600,-2400,06-MAY-2024,
OPTSTK,TRENT,30-May-2024,4700.0,CE,115.45,128.85,92.45,101.45,101.45,605,5815.81,155600,-4400,06-MAY-2024,
OPTSTK,TRENT,30-May-2024,4750.0,CE,101.2,109.5,81.0,87.4,87.4,245,2373.57,18600,2400,06-MAY-2024,
OPTSTK,TRENT,30-May-2024,4800.0,CE,87.45,94.05,67.0,74.6,74.6,466,4546.72,183800,-13000,06-MAY-2024,
OPTSTK,TRENT,30-May-2024,4850.0,CE,72.9,78.15,58.55,62.15,62.15,130,1278.81,12600,0,06-MAY-2024,
OPTSTK,TRENT,30-May-2024,4900.0,CE,60.45,67.5,47.8,53.75,53.75,597,5916.21,206400,-1400,06-MAY-2024,
OPTSTK,TRENT,30-May-2024,4950.0,CE,56.0,56.0,41.3,45.65,45.65,49,489.7,18400,800,06-MAY-2024,
OPTSTK,TRENT,30-May-2024,5000.0,CE,45.5,49.8,34.35,38.5,38.5,652,6572.64,180600,-10000,06-MAY-2024,
OPTSTK,TRENT,30-May-2024,5050.0,CE,37.0,37.0,30.75,32.45,32.45,17,172.83,9800,-400,06-MAY-2024,
OPTSTK,TRENT,30-May-2024,5100.0,CE,32.05,35.45,24.85,27.15,27.15,149,1528.41,84600,-4400,06-MAY-2024,
OPTSTK,TRENT,30-May-2024,5150.0,CE,28.9,29.45,20.25,22.25,22.25,159,1645.28,94600,-2400,06-MAY-2024,
OPTSTK,TRENT,30-May-2024,5200.0,CE,20.8,24.4,16.55,18.45,18.45,222,2317.46,17400,-3600,06-MAY-2024,
OPTSTK,TRENT,30-May-2024,5250.0,CE,20.05,20.5,13.5,15.2,15.2,223,2348.73,49400,10800,06-MAY-2024,
OPTSTK,TRENT,30-May-2024,3300.0,PE,0.0,0.0,0.0,1.9,0.15,0,0.0,1800,0,06-MAY-2024,
OPTSTK,TRENT,30-May-2024,3400.0,PE,0.0,0.0,0.0,1.5,0.3,0,0.0,27400,0,06-MAY-2024,
OPTSTK,TRENT,30-May-2024,3450.0,PE,0.0,0.0,0.0,60.15,0.5,0,0.0,0,0,06-MAY-2024,
OPTSTK,TRENT,30-May-2024,3500.0,PE,1.25,3.75,1.25,2.05,2.05,5,35.02,66200,-200,06-MAY-2024,
OPTSTK,TRENT,30-May-2024,3550.0,PE,0.0,0.0,0.0,83.25,1.2,0,0.0,0,0,06-MAY-2024,
OPTSTK,TRENT,30-May-2024,3600.0,PE,3.7,5.2,3.6,3.6,1.8,14,100.91,35200,-1000,06-MAY-2024,
OPTSTK,TRENT,30-May-2024,3650.0,PE,0.0,0.0,0.0,31.8,2.6,0,0.0,400,0,06-MAY-2024,
OPTSTK,TRENT,30-May-2024,3700.0,PE,5.0,6.85,3.35,5.35,5.35,34,251.95,36800,2000,06-MAY-2024,
OPTSTK,TRENT,30-May-2024,3750.0,PE,0.0,0.0,0.0,5.2,5.35,0,0.0,2200,0,06-MAY-2024,
OPTSTK,TRENT,30-May-2024,3800.0,PE,6.35,9.7,5.2,6.35,6.35,158,1203.16,76800,-6400,06-MAY-2024,
OPTSTK,TRENT,30-May-2024,3850.0,PE,9.85,12.4,8.35,8.35,8.35,26,200.73,1200,-1800,06-MAY-2024,
OPTSTK,TRENT,30-May-2024,3900.0,PE,11.05,15.35,9.75,10.1,10.1,175,1369.19,64600,3400,06-MAY-2024,
OPTSTK,TRENT,30-May-2024,3950.0,PE,17.65,17.65,12.35,12.4,12.4,5,39.64,22200,400,06-MAY-2024,
OPTSTK,TRENT,30-May-2024,4000.0,PE,20.3,25.0,16.0,17.2,17.2,463,3722.37,182000,-1600,06-MAY-2024,
OPTSTK,TRENT,30-May-2024,4050.0,PE,24.65,30.0,20.7,21.55,21.55,26,211.83,4600,-1400,06-MAY-2024,
OPTSTK,TRENT,30-May-2024,4100.0,PE,29.55,37.6,24.8,27.2,27.2,205,1693.25,80800,-5800,06-MAY-2024,
OPTSTK,TRENT,30-May-2024,4150.0,PE,32.75,45.1,30.65,34.4,34.4,25,209.32,12200,200,06-MAY-2024,
OPTSTK,TRENT,30-May-2024,4200.0,PE,42.2,58.0,36.85,43.35,43.35,375,3185.01,141000,-1000,06-MAY-2024,
OPTSTK,TRENT,30-May-2024,4250.0,PE,55.05,69.95,45.7,53.9,53.9,62,534.01,15200,-600,06-MAY-2024,
OPTSTK,TRENT,30-May-2024,4300.0,PE,66.15,84.0,56.6,66.6,66.6,285,2491.64,132800,-6800,06-MAY-2024,
OPTSTK,TRENT,30-May-2024,4350.0,PE,73.5,98.7,72.75,83.25,83.25,63,558.61,36600,-200,06-MAY-2024,
OPTSTK,TRENT,30-May-2024,4400.0,PE,93.35,122.0,82.4,99.55,99.55,247,2224.45,91600,800,06-MAY-2024,
OPTSTK,TRENT,30-May-2024,4450.0,PE,117.0,142.45,114.4,119.95,119.95,79,722.99,15000,1000,06-MAY-2024,
OPTSTK,TRENT,30-May-2024,4500.0,PE,121.85,169.0,118.65,141.3,141.3,776,7211.71,129800,2400,06-MAY-2024,
OPTSTK,TRENT,30-May-2024,4550.0,PE,144.95,195.6,143.5,169.25,169.25,140,1321.53,15400,-800,06-MAY-2024,
OPTSTK,TRENT,30-May-2024,4600.0,PE,165.1,223.55,165.1,197.45,197.45,138,1323.25,51000,-5000,06-MAY-2024,
OPTSTK,TRENT,30-May-2024,4650.0,PE,208.05,245.45,208.05,245.0,252.05,13,127.11,8600,0,06-MAY-2024,
OPTSTK,TRENT,30-May-2024,4700.0,PE,252.75,290.0,241.35,261.5,261.5,34,337.8,26200,-800,06-MAY-2024,
OPTSTK,TRENT,30-May-2024,4750.0,PE,0.0,0.0,0.0,290.0,317.7,0,0.0,2000,0,06-MAY-2024,
OPTSTK,TRENT,30-May-2024,4800.0,PE,334.95,345.0,331.15,331.15,353.25,4,41.08,4600,600,06-MAY-2024,
OPTSTK,TRENT,30-May-2024,4850.0,PE,0.0,0.0,0.0,883.95,390.7,0,0.0,0,0,06-MAY-2024,
OPTSTK,TRENT,30-May-2024,4900.0,PE,0.0,0.0,0.0,429.7,429.35,0,0.0,2800,0,06-MAY-2024,
OPTSTK,TRENT,30-May-2024,4950.0,PE,471.05,471.1,471.05,471.1,469.55,2,21.68,400,-200,06-MAY-2024,
OPTSTK,TRENT,30-May-2024,5000.0,PE,0.0,0.0,0.0,520.0,511.0,0,0.0,5600,0,06-MAY-2024,
OPTSTK,TRENT,30-May-2024,5050.0,PE,0.0,0.0,0.0,546.1,553.65,0,0.0,1400,0,06-MAY-2024,
OPTSTK,TRENT,30-May-2024,5100.0,PE,0.0,0.0,0.0,499.15,597.3,0,0.0,200,0,06-MAY-2024,
OPTSTK,TRENT,30-May-2024,5150.0,PE,0.0,0.0,0.0,525.45,641.9,0,0.0,600,0,06-MAY-2024,
OPTSTK,TRENT,30-May-2024,5200.0,PE,0.0,0.0,0.0,1263.3,687.25,0,0.0,0,0,06-MAY-2024,
OPTSTK,TRENT,30-May-2024,5250.0,PE,0.0,0.0,0.0,599.65,733.35,0,0.0,0,0,06-MAY-2024,
OPTSTK,TRENT,27-Jun-2024,3450.0,CE,0.0,0.0,0.0,937.05,1102.1,0,0.0,0,0,06-MAY-2024,
OPTSTK,TRENT,27-Jun-2024,3500.0,CE,0.0,0.0,0.0,614.65,1054.7,0,0.0,0,0,06-MAY-2024,
OPTSTK,TRENT,27-Jun-2024,3550.0,CE,0.0,0.0,0.0,848.25,1007.8,0,0.0,0,0,06-MAY-2024,
OPTSTK,TRENT,27-Jun-2024,3600.0,CE,0.0,0.0,0.0,545.5,961.4,0,0.0,0,0,06-MAY-2024,
OPTSTK,TRENT,27-Jun-2024,3650.0,CE,0.0,0.0,0.0,762.75,915.6,0,0.0,0,0,06-MAY-2024,
OPTSTK,TRENT,27-Jun-2024,3700.0,CE,0.0,0.0,0.0,481.55,870.5,0,0.0,0,0,06-MAY-2024,
OPTSTK,TRENT,27-Jun-2024,3750.0,CE,0.0,0.0,0.0,681.1,826.15,0,0.0,0,0,06-MAY-2024,
OPTSTK,TRENT,27-Jun-2024,3800.0,CE,0.0,0.0,0.0,422.65,782.6,0,0.0,0,0,06-MAY-2024,
OPTSTK,TRENT,27-Jun-2024,3850.0,CE,0.0,0.0,0.0,603.85,740.0,0,0.0,0,0,06-MAY-2024,
OPTSTK,TRENT,27-Jun-2024,3900.0,CE,0.0,0.0,0.0,368.9,698.35,0,0.0,0,0,06-MAY-2024,
OPTSTK,TRENT,27-Jun-2024,3950.0,CE,0.0,0.0,0.0,531.55,657.8,0,0.0,0,0,06-MAY-2024,
OPTSTK,TRENT,27-Jun-2024,4000.0,CE,0.0,0.0,0.0,320.15,618.35,0,0.0,0,0,06-MAY-2024,
OPTSTK,TRENT,27-Jun-2024,4050.0,CE,0.0,0.0,0.0,464.15,580.1,0,0.0,0,0,06-MAY-2024,
OPTSTK,TRENT,27-Jun-2024,4100.0,CE,0.0,0.0,0.0,276.4,543.25,0,0.0,0,0,06-MAY-2024,
OPTSTK,TRENT,27-Jun-2024,4150.0,CE,0.0,0.0,0.0,402.5,507.55,0,0.0,0,0,06-MAY-2024,
OPTSTK,TRENT,27-Jun-2024,4200.0,CE,0.0,0.0,0.0,237.35,473.0,0,0.0,0,0,06-MAY-2024,
OPTSTK,TRENT,27-Jun-2024,4250.0,CE,0.0,0.0,0.0,346.45,440.1,0,0.0,0,0,06-MAY-2024,
OPTSTK,TRENT,27-Jun-2024,4300.0,CE,0.0,0.0,0.0,440.0,408.65,0,0.0,200,0,06-MAY-2024,
OPTSTK,TRENT,27-Jun-2024,4350.0,CE,0.0,0.0,0.0,295.95,378.6,0,0.0,0,0,06-MAY-2024,
OPTSTK,TRENT,27-Jun-2024,4400.0,CE,0.0,0.0,0.0,409.0,350.05,0,0.0,2200,0,06-MAY-2024,
OPTSTK,TRENT,27-Jun-2024,4450.0,CE,0.0,0.0,0.0,251.0,323.0,0,0.0,0,0,06-MAY-2024,
OPTSTK,TRENT,27-Jun-2024,4500.0,CE,315.25,357.95,315.25,330.0,297.35,8,77.34,3600,400,06-MAY-2024,
OPTSTK,TRENT,27-Jun-2024,4550.0,CE,0.0,0.0,0.0,211.35,273.2,0,0.0,0,0,06-MAY-2024,
OPTSTK,TRENT,27-Jun-2024,4600.0,CE,285.0,285.0,285.0,285.0,250.5,4,39.08,8800,-200,06-MAY-2024,
OPTSTK,TRENT,27-Jun-2024,4650.0,CE,0.0,0.0,0.0,176.7,229.2,0,0.0,0,0,06-MAY-2024,
OPTSTK,TRENT,27-Jun-2024,4700.0,CE,246.25,247.05,202.85,224.95,224.95,4,39.46,2600,-400,06-MAY-2024,
OPTSTK,TRENT,27-Jun-2024,4750.0,CE,0.0,0.0,0.0,146.7,190.65,0,0.0,0,0,06-MAY-2024,
OPTSTK,TRENT,27-Jun-2024,4800.0,CE,0.0,0.0,0.0,226.2,173.4,0,0.0,600,0,06-MAY-2024,
OPTSTK,TRENT,27-Jun-2024,4850.0,CE,0.0,0.0,0.0,121.2,157.35,0,0.0,0,0,06-MAY-2024,
OPTSTK,TRENT,27-Jun-2024,4900.0,CE,0.0,0.0,0.0,178.0,142.5,0,0.0,5400,0,06-MAY-2024,
OPTSTK,TRENT,27-Jun-2024,4950.0,CE,0.0,0.0,0.0,99.3,128.85,0,0.0,0,0,06-MAY-2024,
OPTSTK,TRENT,27-Jun-2024,5000.0,CE,128.65,128.65,128.65,128.65,116.45,1,10.25,4000,0,06-MAY-2024,
OPTSTK,TRENT,27-Jun-2024,5050.0,CE,0.0,0.0,0.0,80.85,104.95,0,0.0,0,0,06-MAY-2024,
OPTSTK,TRENT,27-Jun-2024,5100.0,CE,0.0,0.0,0.0,103.45,94.2,0,0.0,1200,0,06-MAY-2024,
OPTSTK,TRENT,27-Jun-2024,5150.0,CE,0.0,0.0,0.0,65.45,84.5,0,0.0,0,0,06-MAY-2024,
OPTSTK,TRENT,27-Jun-2024,5200.0,CE,0.0,0.0,0.0,40.35,75.7,0,0.0,0,0,06-MAY-2024,
OPTSTK,TRENT,27-Jun-2024,5250.0,CE,45.0,65.1,45.0,65.1,67.7,2,21.22,200,0,06-MAY-2024,
OPTSTK,TRENT,27-Jun-2024,3450.0,PE,0.0,0.0,0.0,20.65,7.5,0,0.0,0,0,06-MAY-2024,
OPTSTK,TRENT,27-Jun-2024,3500.0,PE,0.0,0.0,0.0,104.1,9.6,0,0.0,0,0,06-MAY-2024,
OPTSTK,TRENT,27-Jun-2024,3550.0,PE,0.0,0.0,0.0,30.6,12.15,0,0.0,0,0,06-MAY-2024,
OPTSTK,TRENT,27-Jun-2024,3600.0,PE,0.0,0.0,0.0,133.2,15.25,0,0.0,0,0,06-MAY-2024,
OPTSTK,TRENT,27-Jun-2024,3650.0,PE,0.0,0.0,0.0,43.8,18.95,0,0.0,0,0,06-MAY-2024,
OPTSTK,TRENT,27-Jun-2024,3700.0,PE,0.0,0.0,0.0,167.45,23.35,0,0.0,0,0,06-MAY-2024,
OPTSTK,TRENT,27-Jun-2024,3750.0,PE,0.0,0.0,0.0,60.9,28.45,0,0.0,0,0,06-MAY-2024,
OPTSTK,TRENT,27-Jun-2024,3800.0,PE,0.0,0.0,0.0,206.75,34.4,0,0.0,0,0,06-MAY-2024,
OPTSTK,TRENT,27-Jun-2024,3850.0,PE,0.0,0.0,0.0,82.4,41.3,0,0.0,0,0,06-MAY-2024,
OPTSTK,TRENT,27-Jun-2024,3900.0,PE,0.0,0.0,0.0,55.0,49.15,0,0.0,1600,0,06-MAY-2024,
OPTSTK,TRENT,27-Jun-2024,3950.0,PE,0.0,0.0,0.0,76.25,58.05,0,0.0,2000,0,06-MAY-2024,
OPTSTK,TRENT,27-Jun-2024,4000.0,PE,79.25,90.1,79.25,90.1,68.1,2,16.33,12400,0,06-MAY-2024,
OPTSTK,TRENT,27-Jun-2024,4050.0,PE,0.0,0.0,0.0,140.25,79.3,0,0.0,0,0,06-MAY-2024,
OPTSTK,TRENT,27-Jun-2024,4100.0,PE,0.0,0.0,0.0,355.1,91.95,0,0.0,0,0,06-MAY-2024,
OPTSTK,TRENT,27-Jun-2024,4150.0,PE,0.0,0.0,0.0,177.3,105.7,0,0.0,0,0,06-MAY-2024,
OPTSTK,TRENT,27-Jun-2024,4200.0,PE,0.0,0.0,0.0,414.3,120.7,0,0.0,0,0,06-MAY-2024,
OPTSTK,TRENT,27-Jun-2024,4250.0,PE,0.0,0.0,0.0,220.0,137.25,0,0.0,0,0,06-MAY-2024,
OPTSTK,TRENT,27-Jun-2024,4300.0,PE,188.0,188.0,188.0,188.0,155.3,1,8.97,600,200,06-MAY-2024,
OPTSTK,TRENT,27-Jun-2024,4350.0,PE,0.0,0.0,0.0,268.25,174.75,0,0.0,0,0,06-MAY-2024,
OPTSTK,TRENT,27-Jun-2024,4400.0,PE,210.0,215.0,210.0,215.0,195.7,4,36.9,3400,0,06-MAY-2024,
OPTSTK,TRENT,27-Jun-2024,4450.0,PE,0.0,0.0,0.0,322.05,218.1,0,0.0,0,0,06-MAY-2024,
OPTSTK,TRENT,27-Jun-2024,4500.0,PE,262.95,275.0,262.95,275.0,241.95,3,28.62,3000,600,06-MAY-2024,
OPTSTK,TRENT,27-Jun-2024,4550.0,PE,0.0,0.0,0.0,381.15,267.25,0,0.0,0,0,06-MAY-2024,
OPTSTK,TRENT,27-Jun-2024,4600.0,PE,0.0,0.0,0.0,289.95,294.05,0,0.0,200,0,06-MAY-2024,
OPTSTK,TRENT,27-Jun-2024,4650.0,PE,0.0,0.0,0.0,445.25,322.2,0,0.0,0,0,06-MAY-2024,
OPTSTK,TRENT,27-Jun-2024,4700.0,PE,0.0,0.0,0.0,771.2,351.8,0,0.0,0,0,06-MAY-2024,
OPTSTK,TRENT,27-Jun-2024,4750.0,PE,0.0,0.0,0.0,514.0,382.7,0,0.0,0,0,06-MAY-2024,
OPTSTK,TRENT,27-Jun-2024,4800.0,PE,0.0,0.0,0.0,852.4,414.9,0,0.0,0,0,06-MAY-2024,
OPTSTK,TRENT,27-Jun-2024,4850.0,PE,0.0,0.0,0.0,587.25,448.35,0,0.0,0,0,06-MAY-2024,
OPTSTK,TRENT,27-Jun-2024,4900.0,PE,0.0,0.0,0.0,936.15,483.0,0,0.0,0,0,06-MAY-2024,
OPTSTK,TRENT,27-Jun-2024,4950.0,PE,0.0,0.0,0.0,664.05,518.75,0,0.0,0,0,06-MAY-2024,
OPTSTK,TRENT,27-Jun-2024,5000.0,PE,0.0,0.0,0.0,1022.05,555.9,0,0.0,0,0,06-MAY-2024,
OPTSTK,TRENT,27-Jun-2024,5050.0,PE,0.0,0.0,0.0,744.4,593.85,0,0.0,0,0,06-MAY-2024,
OPTSTK,TRENT,27-Jun-2024,5100.0,PE,0.0,0.0,0.0,1109.9,632.6,0,0.0,0,0,06-MAY-2024,
OPTSTK,TRENT,27-Jun-2024,5150.0,PE,0.0,0.0,0.0,827.75,672.4,0,0.0,0,0,06-MAY-2024,
OPTSTK,TRENT,27-Jun-2024,5200.0,PE,0.0,0.0,0.0,1199.45,713.05,0,0.0,0,0,06-MAY-2024,
OPTSTK,TRENT,27-Jun-2024,5250.0,PE,0.0,0.0,0.0,913.7,754.55,0,0.0,0,0,06-MAY-2024,
OPTSTK,TRENT,25-Jul-2024,3500.0,CE,0.0,0.0,0.0,932.35,1088.95,0,0.0,0,0,06-MAY-2024,
OPTSTK,TRENT,25-Jul-2024,3600.0,CE,0.0,0.0,0.0,849.95,1000.55,0,0.0,0,0,06-MAY-2024,
OPTSTK,TRENT,25-Jul-2024,3700.0,CE,0.0,0.0,0.0,771.15,915.0,0,0.0,0,0,06-MAY-2024,
OPTSTK,TRENT,25-Jul-2024,3800.0,CE,0.0,0.0,0.0,696.4,832.7,0,0.0,0,0,06-MAY-2024,
OPTSTK,TRENT,25-Jul-2024,3900.0,CE,0.0,0.0,0.0,625.7,754.05,0,0.0,0,0,06-MAY-2024,
OPTSTK,TRENT,25-Jul-2024,4000.0,CE,0.0,0.0,0.0,559.3,679.55,0,0.0,0,0,06-MAY-2024,
OPTSTK,TRENT,25-Jul-2024,4100.0,CE,0.0,0.0,0.0,497.7,609.15,0,0.0,0,0,06-MAY-2024,
OPTSTK,TRENT,25-Jul-2024,4200.0,CE,0.0,0.0,0.0,440.8,543.1,0,0.0,0,0,06-MAY-2024,
OPTSTK,TRENT,25-Jul-2024,4300.0,CE,0.0,0.0,0.0,388.55,481.95,0,0.0,0,0,06-MAY-2024,
OPTSTK,TRENT,25-Jul-2024,4400.0,CE,0.0,0.0,0.0,340.9,425.55,0,0.0,0,0,06-MAY-2024,
OPTSTK,TRENT,25-Jul-2024,4500.0,CE,0.0,0.0,0.0,297.75,373.9,0,0.0,0,0,06-MAY-2024,
OPTSTK,TRENT,25-Jul-2024,4600.0,CE,0.0,0.0,0.0,258.95,326.85,0,0.0,0,0,06-MAY-2024,
OPTSTK,TRENT,25-Jul-2024,4700.0,CE,0.0,0.0,0.0,224.2,284.4,0,0.0,0,0,06-MAY-2024,
OPTSTK,TRENT,25-Jul-2024,4800.0,CE,0.0,0.0,0.0,193.35,246.3,0,0.0,0,0,06-MAY-2024,
OPTSTK,TRENT,25-Jul-2024,4900.0,CE,0.0,0.0,0.0,166.05,212.3,0,0.0,0,0,06-MAY-2024,
OPTSTK,TRENT,25-Jul-2024,5000.0,CE,0.0,0.0,0.0,142.3,182.2,0,0.0,0,0,06-MAY-2024,
OPTSTK,TRENT,25-Jul-2024,5100.0,CE,0.0,0.0,0.0,121.4,155.9,0,0.0,0,0,06-MAY-2024,
OPTSTK,TRENT,25-Jul-2024,5200.0,CE,0.0,0.0,0.0,103.0,132.8,0,0.0,0,0,06-MAY-2024,
OPTSTK,TRENT,25-Jul-2024,3500.0,PE,0.0,0.0,0.0,46.0,24.55,0,0.0,0,0,06-MAY-2024,
OPTSTK,TRENT,25-Jul-2024,3600.0,PE,0.0,0.0,0.0,61.8,34.6,0,0.0,0,0,06-MAY-2024,
OPTSTK,TRENT,25-Jul-2024,3700.0,PE,0.0,0.0,0.0,81.2,47.45,0,0.0,0,0,06-MAY-2024,
OPTSTK,TRENT,25-Jul-2024,3800.0,PE,0.0,0.0,0.0,104.65,63.6,0,0.0,0,0,06-MAY-2024,
OPTSTK,TRENT,25-Jul-2024,3900.0,PE,0.0,0.0,0.0,132.1,83.35,0,0.0,0,0,06-MAY-2024,
OPTSTK,TRENT,25-Jul-2024,4000.0,PE,0.0,0.0,0.0,163.9,107.3,0,0.0,0,0,06-MAY-2024,
OPTSTK,TRENT,25-Jul-2024,4100.0,PE,0.0,0.0,0.0,200.5,135.3,0,0.0,0,0,06-MAY-2024,
OPTSTK,TRENT,25-Jul-2024,4200.0,PE,0.0,0.0,0.0,241.8,167.65,0,0.0,0,0,06-MAY-2024,
OPTSTK,TRENT,25-Jul-2024,4300.0,PE,0.0,0.0,0.0,287.75,204.95,0,0.0,0,0,06-MAY-2024,
OPTSTK,TRENT,25-Jul-2024,4400.0,PE,0.0,0.0,0.0,338.3,246.95,0,0.0,0,0,06-MAY-2024,
OPTSTK,TRENT,25-Jul-2024,4500.0,PE,0.0,0.0,0.0,393.35,293.7,0,0.0,0,0,06-MAY-2024,
OPTSTK,TRENT,25-Jul-2024,4600.0,PE,0.0,0.0,0.0,452.7,345.1,0,0.0,0,0,06-MAY-2024,
OPTSTK,TRENT,25-Jul-2024,4700.0,PE,0.0,0.0,0.0,516.2,401.05,0,0.0,0,0,06-MAY-2024,
OPTSTK,TRENT,25-Jul-2024,4800.0,PE,0.0,0.0,0.0,583.5,461.35,0,0.0,0,0,06-MAY-2024,
OPTSTK,TRENT,25-Jul-2024,4900.0,PE,0.0,0.0,0.0,654.4,525.8,0,0.0,0,0,06-MAY-2024,
OPTSTK,TRENT,25-Jul-2024,5000.0,PE,0.0,0.0,0.0,728.85,594.1,0,0.0,0,0,06-MAY-2024,
OPTSTK,TRENT,25-Jul-2024,5100.0,PE,0.0,0.0,0.0,806.15,666.25,0,0.0,0,0,06-MAY-2024,
OPTSTK,TRENT,25-Jul-2024,5200.0,PE,0.0,0.0,0.0,885.9,741.5,0,0.0,0,0,06-MAY-2024,
OPTSTK,TVSMOTOR,30-May-2024,1680.0,CE,0.0,0.0,0.0,494.6,384.7,0,0.0,0,0,06-MAY-2024,
OPTSTK,TVSMOTOR,30-May-2024,1700.0,CE,0.0,0.0,0.0,385.1,364.95,0,0.0,6300,0,06-MAY-2024,
OPTSTK,TVSMOTOR,30-May-2024,1720.0,CE,0.0,0.0,0.0,220.0,345.2,0,0.0,3850,0,06-MAY-2024,
OPTSTK,TVSMOTOR,30-May-2024,1760.0,CE,0.0,0.0,0.0,421.45,306.1,0,0.0,0,0,06-MAY-2024,
OPTSTK,TVSMOTOR,30-May-2024,1780.0,CE,0.0,0.0,0.0,235.0,286.75,0,0.0,1050,0,06-MAY-2024,
OPTSTK,TVSMOTOR,30-May-2024,1800.0,CE,257.0,274.0,257.0,272.15,267.6,9,65.07,37800,2800,06-MAY-2024,
OPTSTK,TVSMOTOR,30-May-2024,1820.0,CE,0.0,0.0,0.0,362.75,248.7,0,0.0,0,0,06-MAY-2024,
OPTSTK,TVSMOTOR,30-May-2024,1840.0,CE,0.0,0.0,0.0,136.0,230.15,0,0.0,350,0,06-MAY-2024,
OPTSTK,TVSMOTOR,30-May-2024,1860.0,CE,0.0,0.0,0.0,327.25,212.0,0,0.0,0,0,06-MAY-2024,
OPTSTK,TVSMOTOR,30-May-2024,1880.0,CE,199.55,199.55,199.55,199.55,194.3,1,7.27,4550,0,06-MAY-2024,
OPTSTK,TVSMOTOR,30-May-2024,1900.0,CE,172.95,172.95,172.95,172.95,177.15,1,7.25,41650,0,06-MAY-2024,
OPTSTK,TVSMOTOR,30-May-2024,1920.0,CE,0.0,0.0,0.0,200.0,160.65,0,0.0,4900,0,06-MAY-2024,
OPTSTK,TVSMOTOR,30-May-2024,1940.0,CE,153.1,153.1,144.1,144.1,144.85,4,29.24,12600,0,06-MAY-2024,
OPTSTK,TVSMOTOR,30-May-2024,1960.0,CE,137.15,147.0,135.65,147.0,147.0,8,58.86,16450,350,06-MAY-2024,
OPTSTK,TVSMOTOR,30-May-2024,1980.0,CE,133.3,133.3,133.3,133.3,115.55,1,7.39,24850,-350,06-MAY-2024,
OPTSTK,TVSMOTOR,30-May-2024,2000.0,CE,118.6,124.85,101.95,119.0,119.0,51,377.37,133000,-4550,06-MAY-2024,
OPTSTK,TVSMOTOR,30-May-2024,2020.0,CE,108.95,110.45,92.95,108.2,89.9,9,66.95,17150,-700,06-MAY-2024,
OPTSTK,TVSMOTOR,30-May-2024,2040.0,CE,95.0,101.9,81.7,98.55,98.55,135,1007.74,44450,9100,06-MAY-2024,
OPTSTK,TVSMOTOR,30-May-2024,2060.0,CE,88.0,92.4,73.45,85.95,85.95,206,1546.7,51450,1400,06-MAY-2024,
OPTSTK,TVSMOTOR,30-May-2024,2080.0,CE,78.45,82.55,64.15,75.5,75.5,230,1734.31,101500,-8750,06-MAY-2024,
OPTSTK,TVSMOTOR,30-May-2024,2100.0,CE,71.95,72.5,55.5,67.6,67.6,540,4092.6,308000,-9100,06-MAY-2024,
OPTSTK,TVSMOTOR,30-May-2024,2120.0,CE,59.0,63.5,49.4,59.0,59.0,112,853.26,61250,1400,06-MAY-2024,
OPTSTK,TVSMOTOR,30-May-2024,2140.0,CE,49.95,55.0,42.55,51.7,51.7,113,865.63,48650,2800,06-MAY-2024,
OPTSTK,TVSMOTOR,30-May-2024,2160.0,CE,44.75,48.0,36.45,44.95,44.95,160,1233.5,42000,6300,06-MAY-2024,
OPTSTK,TVSMOTOR,30-May-2024,2180.0,CE,38.65,41.5,33.35,38.9,38.9,29,225.2,17850,3500,06-MAY-2024,
OPTSTK,TVSMOTOR,30-May-2024,2200.0,CE,34.7,37.1,27.2,34.45,34.45,440,3438.99,229250,0,06-MAY-2024,
OPTSTK,TVSMOTOR,30-May-2024,2220.0,CE,25.15,31.4,23.6,29.5,29.5,51,401.28,17500,-4550,06-MAY-2024,
OPTSTK,TVSMOTOR,30-May-2024,2240.0,CE,25.4,27.65,20.85,23.15,13.65,39,309.14,32550,2100,06-MAY-2024,
OPTSTK,TVSMOTOR,30-May-2024,2260.0,CE,22.0,22.65,17.4,22.45,22.45,18,143.7,24500,2800,06-MAY-2024,
OPTSTK,TVSMOTOR,30-May-2024,2280.0,CE,15.8,19.0,15.55,19.0,8.85,9,72.37,8050,1400,06-MAY-2024,
OPTSTK,TVSMOTOR,30-May-2024,2300.0,CE,16.35,17.05,12.8,16.15,16.15,246,1993.58,167650,7350,06-MAY-2024,
OPTSTK,TVSMOTOR,30-May-2024,2320.0,CE,13.55,15.15,11.95,14.4,5.55,23,187.86,6300,3850,06-MAY-2024,
OPTSTK,TVSMOTOR,30-May-2024,2340.0,CE,10.65,12.45,9.6,11.4,4.35,63,518.56,28700,12250,06-MAY-2024,
OPTSTK,TVSMOTOR,30-May-2024,2360.0,CE,9.65,9.65,9.65,9.65,3.4,1,8.29,350,350,06-MAY-2024,
OPTSTK,TVSMOTOR,30-May-2024,2400.0,CE,8.1,8.7,6.4,7.95,7.95,429,3615.08,225050,19250,06-MAY-2024,
OPTSTK,TVSMOTOR,30-May-2024,1680.0,PE,0.0,0.0,0.0,4.9,0.25,0,0.0,0,0,06-MAY-2024,
OPTSTK,TVSMOTOR,30-May-2024,1700.0,PE,3.0,3.0,3.0,3.0,0.35,2,11.92,4900,350,06-MAY-2024,
OPTSTK,TVSMOTOR,30-May-2024,1720.0,PE,0.0,0.0,0.0,7.2,0.55,0,0.0,0,0,06-MAY-2024,
OPTSTK,TVSMOTOR,30-May-2024,1760.0,PE,4.4,5.3,3.9,5.0,5.0,161,994.51,68950,1050,06-MAY-2024,
OPTSTK,TVSMOTOR,30-May-2024,1780.0,PE,0.0,0.0,0.0,17.7,1.75,0,0.0,1750,0,06-MAY-2024,
OPTSTK,TVSMOTOR,30-May-2024,1800.0,PE,7.1,8.9,6.35,7.7,7.7,182,1151.34,100800,9800,06-MAY-2024,
OPTSTK,TVSMOTOR,30-May-2024,1820.0,PE,8.0,8.55,8.0,8.55,3.55,22,140.78,5600,-350,06-MAY-2024,
OPTSTK,TVSMOTOR,30-May-2024,1840.0,PE,10.15,12.8,9.5,11.8,11.8,35,226.74,12950,4200,06-MAY-2024,
OPTSTK,TVSMOTOR,30-May-2024,1860.0,PE,13.35,15.15,12.1,14.35,14.35,34,223.0,37450,2450,06-MAY-2024,
OPTSTK,TVSMOTOR,30-May-2024,1880.0,PE,17.8,18.45,15.45,17.3,17.3,16,106.24,12250,1050,06-MAY-2024,
OPTSTK,TVSMOTOR,30-May-2024,1900.0,PE,19.7,24.35,17.95,21.0,21.0,123,826.81,107800,7000,06-MAY-2024,
OPTSTK,TVSMOTOR,30-May-2024,1920.0,PE,24.25,29.4,22.85,25.25,25.25,18,122.55,22050,-1750,06-MAY-2024,
OPTSTK,TVSMOTOR,30-May-2024,1940.0,PE,28.85,35.6,26.3,30.15,30.15,77,531.22,30100,700,06-MAY-2024,
OPTSTK,TVSMOTOR,30-May-2024,1960.0,PE,33.6,41.95,31.85,35.55,35.55,86,600.76,25900,2800,06-MAY-2024,
OPTSTK,TVSMOTOR,30-May-2024,1980.0,PE,37.55,48.85,37.55,41.85,41.85,75,530.82,21350,3500,06-MAY-2024,
OPTSTK,TVSMOTOR,30-May-2024,2000.0,PE,47.7,57.55,42.5,48.6,48.6,239,1714.47,105350,-1050,06-MAY-2024,
OPTSTK,TVSMOTOR,30-May-2024,2020.0,PE,55.5,65.6,51.25,56.65,56.65,85,617.96,21350,-1750,06-MAY-2024,
OPTSTK,TVSMOTOR,30-May-2024,2040.0,PE,65.0,75.4,59.8,65.1,65.1,134,988.03,29750,-2100,06-MAY-2024,
OPTSTK,TVSMOTOR,30-May-2024,2060.0,PE,76.0,84.65,67.65,74.65,74.65,116,866.82,25200,700,06-MAY-2024,
OPTSTK,TVSMOTOR,30-May-2024,2080.0,PE,78.75,95.75,77.75,84.4,84.4,51,386.51,29050,-1400,06-MAY-2024,
OPTSTK,TVSMOTOR,30-May-2024,2100.0,PE,90.45,110.0,90.0,95.8,95.8,96,739.22,75950,-3850,06-MAY-2024,
OPTSTK,TVSMOTOR,30-May-2024,2120.0,PE,118.75,118.75,118.75,118.75,96.0,1,7.83,9100,-350,06-MAY-2024,
OPTSTK,TVSMOTOR,30-May-2024,2140.0,PE,128.0,128.05,118.65,118.65,109.2,4,31.7,2800,-350,06-MAY-2024,
OPTSTK,TVSMOTOR,30-May-2024,2160.0,PE,129.85,129.85,129.85,129.85,123.25,1,8.01,5600,0,06-MAY-2024,
OPTSTK,TVSMOTOR,30-May-2024,2180.0,PE,0.0,0.0,0.0,136.2,138.15,0,0.0,1400,0,06-MAY-2024,
OPTSTK,TVSMOTOR,30-May-2024,2200.0,PE,168.0,168.0,159.0,162.95,162.95,34,281.45,68950,-4200,06-MAY-2024,
OPTSTK,TVSMOTOR,30-May-2024,2220.0,PE,0.0,0.0,0.0,159.0,169.8,0,0.0,0,0,06-MAY-2024,
OPTSTK,TVSMOTOR,30-May-2024,2240.0,PE,189.45,189.45,189.45,189.45,186.6,1,8.5,350,350,06-MAY-2024,
OPTSTK,TVSMOTOR,30-May-2024,2260.0,PE,0.0,0.0,0.0,254.0,203.85,0,0.0,700,0,06-MAY-2024,
OPTSTK,TVSMOTOR,30-May-2024,2280.0,PE,0.0,0.0,0.0,231.15,221.55,0,0.0,700,0,06-MAY-2024,
OPTSTK,TVSMOTOR,30-May-2024,2300.0,PE,0.0,0.0,0.0,247.0,239.65,0,0.0,62300,0,06-MAY-2024,
OPTSTK,TVSMOTOR,30-May-2024,2320.0,PE,0.0,0.0,0.0,213.4,258.1,0,0.0,0,0,06-MAY-2024,
OPTSTK,TVSMOTOR,30-May-2024,2360.0,PE,0.0,0.0,0.0,241.25,295.75,0,0.0,0,0,06-MAY-2024,
OPTSTK,TVSMOTOR,30-May-2024,2400.0,PE,347.0,350.0,336.0,336.0,334.2,5,48.06,48300,350,06-MAY-2024,
OPTSTK,TVSMOTOR,27-Jun-2024,1680.0,CE,0.0,0.0,0.0,506.7,397.0,0,0.0,0,0,06-MAY-2024,
OPTSTK,TVSMOTOR,27-Jun-2024,1720.0,CE,0.0,0.0,0.0,469.65,359.3,0,0.0,0,0,06-MAY-2024,
OPTSTK,TVSMOTOR,27-Jun-2024,1760.0,CE,0.0,0.0,0.0,433.4,322.55,0,0.0,0,0,06-MAY-2024,
OPTSTK,TVSMOTOR,27-Jun-2024,1800.0,CE,0.0,0.0,0.0,398.05,287.05,0,0.0,0,0,06-MAY-2024,
OPTSTK,TVSMOTOR,27-Jun-2024,1820.0,CE,0.0,0.0,0.0,235.75,269.8,0,0.0,0,0,06-MAY-2024,
OPTSTK,TVSMOTOR,27-Jun-2024,1840.0,CE,0.0,0.0,0.0,363.75,253.0,0,0.0,0,0,06-MAY-2024,
OPTSTK,TVSMOTOR,27-Jun-2024,1860.0,CE,0.0,0.0,0.0,205.9,236.65,0,0.0,0,0,06-MAY-2024,
OPTSTK,TVSMOTOR,27-Jun-2024,1880.0,CE,0.0,0.0,0.0,330.8,220.8,0,0.0,0,0,06-MAY-2024,
OPTSTK,TVSMOTOR,27-Jun-2024,1900.0,CE,0.0,0.0,0.0,178.05,205.45,0,0.0,0,0,06-MAY-2024,
OPTSTK,TVSMOTOR,27-Jun-2024,1920.0,CE,0.0,0.0,0.0,299.2,190.75,0,0.0,0,0,06-MAY-2024,
OPTSTK,TVSMOTOR,27-Jun-2024,1940.0,CE,0.0,0.0,0.0,152.6,176.4,0,0.0,0,0,06-MAY-2024,
OPTSTK,TVSMOTOR,27-Jun-2024,1960.0,CE,0.0,0.0,0.0,269.25,162.8,0,0.0,0,0,06-MAY-2024,
OPTSTK,TVSMOTOR,27-Jun-2024,1980.0,CE,0.0,0.0,0.0,129.55,149.85,0,0.0,0,0,06-MAY-2024,
OPTSTK,TVSMOTOR,27-Jun-2024,2000.0,CE,0.0,0.0,0.0,240.9,137.5,0,0.0,0,0,06-MAY-2024,
OPTSTK,TVSMOTOR,27-Jun-2024,2020.0,CE,0.0,0.0,0.0,108.95,125.85,0,0.0,0,0,06-MAY-2024,
OPTSTK,TVSMOTOR,27-Jun-2024,2040.0,CE,0.0,0.0,0.0,214.25,114.8,0,0.0,0,0,06-MAY-2024,
OPTSTK,TVSMOTOR,27-Jun-2024,2060.0,CE,0.0,0.0,0.0,90.75,104.45,0,0.0,0,0,06-MAY-2024,
OPTSTK,TVSMOTOR,27-Jun-2024,2080.0,CE,0.0,0.0,0.0,189.55,94.75,0,0.0,0,0,06-MAY-2024,
OPTSTK,TVSMOTOR,27-Jun-2024,2100.0,CE,95.0,95.0,95.0,95.0,85.7,1,7.68,8400,350,06-MAY-2024,
OPTSTK,TVSMOTOR,27-Jun-2024,2120.0,CE,0.0,0.0,0.0,166.8,77.25,0,0.0,0,0,06-MAY-2024,
OPTSTK,TVSMOTOR,27-Jun-2024,2140.0,CE,0.0,0.0,0.0,61.15,69.45,0,0.0,0,0,06-MAY-2024,
OPTSTK,TVSMOTOR,27-Jun-2024,2160.0,CE,0.0,0.0,0.0,145.95,62.3,0,0.0,0,0,06-MAY-2024,
OPTSTK,TVSMOTOR,27-Jun-2024,2180.0,CE,0.0,0.0,0.0,49.5,55.65,0,0.0,0,0,06-MAY-2024,
OPTSTK,TVSMOTOR,27-Jun-2024,2200.0,CE,0.0,0.0,0.0,126.95,49.6,0,0.0,0,0,06-MAY-2024,
OPTSTK,TVSMOTOR,27-Jun-2024,2220.0,CE,0.0,0.0,0.0,39.8,44.1,0,0.0,0,0,06-MAY-2024,
OPTSTK,TVSMOTOR,27-Jun-2024,2240.0,CE,0.0,0.0,0.0,109.85,39.2,0,0.0,0,0,06-MAY-2024,
OPTSTK,TVSMOTOR,27-Jun-2024,2260.0,CE,0.0,0.0,0.0,31.6,34.65,0,0.0,0,0,06-MAY-2024,
OPTSTK,TVSMOTOR,27-Jun-2024,2280.0,CE,0.0,0.0,0.0,94.55,30.45,0,0.0,0,0,06-MAY-2024,
OPTSTK,TVSMOTOR,27-Jun-2024,2320.0,CE,0.0,0.0,0.0,80.9,23.5,0,0.0,0,0,06-MAY-2024,
OPTSTK,TVSMOTOR,27-Jun-2024,2360.0,CE,0.0,0.0,0.0,68.85,17.9,0,0.0,0,0,06-MAY-2024,
OPTSTK,TVSMOTOR,27-Jun-2024,2400.0,CE,0.0,0.0,0.0,58.45,13.5,0,0.0,0,0,06-MAY-2024,
OPTSTK,TVSMOTOR,27-Jun-2024,1680.0,PE,0.0,0.0,0.0,4.85,2.9,0,0.0,0,0,06-MAY-2024,
OPTSTK,TVSMOTOR,27-Jun-2024,1720.0,PE,0.0,0.0,0.0,7.05,4.85,0,0.0,0,0,06-MAY-2024,
OPTSTK,TVSMOTOR,27-Jun-2024,1760.0,PE,0.0,0.0,0.0,10.05,7.7,0,0.0,0,0,06-MAY-2024,
OPTSTK,TVSMOTOR,27-Jun-2024,1800.0,PE,21.9,22.1,21.9,22.1,11.75,2,12.75,700,700,06-MAY-2024,
OPTSTK,TVSMOTOR,27-Jun-2024,1820.0,PE,0.0,0.0,0.0,27.2,14.3,0,0.0,0,0,06-MAY-2024,
OPTSTK,TVSMOTOR,27-Jun-2024,1840.0,PE,0.0,0.0,0.0,19.05,17.3,0,0.0,0,0,06-MAY-2024,
OPTSTK,TVSMOTOR,27-Jun-2024,1860.0,PE,0.0,0.0,0.0,36.85,20.75,0,0.0,0,0,06-MAY-2024,
OPTSTK,TVSMOTOR,27-Jun-2024,1880.0,PE,0.0,0.0,0.0,25.35,24.7,0,0.0,0,0,06-MAY-2024,
OPTSTK,TVSMOTOR,27-Jun-2024,1900.0,PE,40.0,45.0,40.0,45.0,29.15,4,27.21,2450,1050,06-MAY-2024,
OPTSTK,TVSMOTOR,27-Jun-2024,1920.0,PE,0.0,0.0,0.0,33.05,34.2,0,0.0,0,0,06-MAY-2024,
OPTSTK,TVSMOTOR,27-Jun-2024,1940.0,PE,0.0,0.0,0.0,62.55,39.7,0,0.0,0,0,06-MAY-2024,
OPTSTK,TVSMOTOR,27-Jun-2024,1960.0,PE,0.0,0.0,0.0,42.35,45.85,0,0.0,0,0,06-MAY-2024,
OPTSTK,TVSMOTOR,27-Jun-2024,1980.0,PE,0.0,0.0,0.0,79.0,52.7,0,0.0,0,0,06-MAY-2024,
OPTSTK,TVSMOTOR,27-Jun-2024,2000.0,PE,0.0,0.0,0.0,81.1,60.15,0,0.0,4200,0,06-MAY-2024,
OPTSTK,TVSMOTOR,27-Jun-2024,2020.0,PE,0.0,0.0,0.0,97.85,68.25,0,0.0,0,0,06-MAY-2024,
OPTSTK,TVSMOTOR,27-Jun-2024,2040.0,PE,0.0,0.0,0.0,65.95,77.05,0,0.0,0,0,06-MAY-2024,
OPTSTK,TVSMOTOR,27-Jun-2024,2060.0,PE,0.0,0.0,0.0,119.15,86.45,0,0.0,0,0,06-MAY-2024,
OPTSTK,TVSMOTOR,27-Jun-2024,2080.0,PE,0.0,0.0,0.0,80.55,96.55,0,0.0,0,0,06-MAY-2024,
OPTSTK,TVSMOTOR,27-Jun-2024,2100.0,PE,0.0,0.0,0.0,140.05,107.3,0,0.0,700,0,06-MAY-2024,
OPTSTK,TVSMOTOR,27-Jun-2024,2120.0,PE,0.0,0.0,0.0,97.05,118.65,0,0.0,0,0,06-MAY-2024,
OPTSTK,TVSMOTOR,27-Jun-2024,2140.0,PE,0.0,0.0,0.0,168.55,130.65,0,0.0,0,0,06-MAY-2024,
OPTSTK,TVSMOTOR,27-Jun-2024,2160.0,PE,0.0,0.0,0.0,115.5,143.25,0,0.0,0,0,06-MAY-2024,
OPTSTK,TVSMOTOR,27-Jun-2024,2180.0,PE,0.0,0.0,0.0,196.4,156.45,0,0.0,0,0,06-MAY-2024,
OPTSTK,TVSMOTOR,27-Jun-2024,2200.0,PE,0.0,0.0,0.0,135.8,170.2,0,0.0,0,0,06-MAY-2024,
OPTSTK,TVSMOTOR,27-Jun-2024,2220.0,PE,0.0,0.0,0.0,226.25,184.45,0,0.0,0,0,06-MAY-2024,
OPTSTK,TVSMOTOR,27-Jun-2024,2240.0,PE,0.0,0.0,0.0,157.95,199.35,0,0.0,0,0,06-MAY-2024,
OPTSTK,TVSMOTOR,27-Jun-2024,2260.0,PE,0.0,0.0,0.0,257.5,214.6,0,0.0,0,0,06-MAY-2024,
OPTSTK,TVSMOTOR,27-Jun-2024,2280.0,PE,0.0,0.0,0.0,181.95,230.25,0,0.0,0,0,06-MAY-2024,
OPTSTK,TVSMOTOR,27-Jun-2024,2320.0,PE,0.0,0.0,0.0,207.6,262.8,0,0.0,0,0,06-MAY-2024,
OPTSTK,TVSMOTOR,27-Jun-2024,2360.0,PE,0.0,0.0,0.0,234.85,296.8,0,0.0,0,0,06-MAY-2024,
OPTSTK,TVSMOTOR,27-Jun-2024,2400.0,PE,0.0,0.0,0.0,263.7,332.0,0,0.0,0,0,06-MAY-2024,
OPTSTK,TVSMOTOR,25-Jul-2024,1680.0,CE,0.0,0.0,0.0,370.3,411.0,0,0.0,0,0,06-MAY-2024,
OPTSTK,TVSMOTOR,25-Jul-2024,1760.0,CE,0.0,0.0,0.0,303.8,340.3,0,0.0,0,0,06-MAY-2024,
OPTSTK,TVSMOTOR,25-Jul-2024,1800.0,CE,0.0,0.0,0.0,272.75,306.85,0,0.0,0,0,06-MAY-2024,
OPTSTK,TVSMOTOR,25-Jul-2024,1840.0,CE,0.0,0.0,0.0,243.5,274.9,0,0.0,0,0,06-MAY-2024,
OPTSTK,TVSMOTOR,25-Jul-2024,1880.0,CE,0.0,0.0,0.0,215.9,244.75,0,0.0,0,0,06-MAY-2024,
OPTSTK,TVSMOTOR,25-Jul-2024,1920.0,CE,0.0,0.0,0.0,190.35,216.2,0,0.0,0,0,06-MAY-2024,
OPTSTK,TVSMOTOR,25-Jul-2024,1960.0,CE,0.0,0.0,0.0,166.8,189.8,0,0.0,0,0,06-MAY-2024,
OPTSTK,TVSMOTOR,25-Jul-2024,2000.0,CE,0.0,0.0,0.0,145.25,165.5,0,0.0,0,0,06-MAY-2024,
OPTSTK,TVSMOTOR,25-Jul-2024,2040.0,CE,0.0,0.0,0.0,125.7,143.25,0,0.0,0,0,06-MAY-2024,
OPTSTK,TVSMOTOR,25-Jul-2024,2080.0,CE,0.0,0.0,0.0,108.1,123.15,0,0.0,0,0,06-MAY-2024,
OPTSTK,TVSMOTOR,25-Jul-2024,2120.0,CE,0.0,0.0,0.0,92.45,105.1,0,0.0,0,0,06-MAY-2024,
OPTSTK,TVSMOTOR,25-Jul-2024,2160.0,CE,0.0,0.0,0.0,78.55,89.1,0,0.0,0,0,06-MAY-2024,
OPTSTK,TVSMOTOR,25-Jul-2024,2200.0,CE,0.0,0.0,0.0,66.4,75.0,0,0.0,0,0,06-MAY-2024,
OPTSTK,TVSMOTOR,25-Jul-2024,2240.0,CE,0.0,0.0,0.0,55.85,62.75,0,0.0,0,0,06-MAY-2024,
OPTSTK,TVSMOTOR,25-Jul-2024,2280.0,CE,0.0,0.0,0.0,46.7,52.2,0,0.0,0,0,06-MAY-2024,
OPTSTK,TVSMOTOR,25-Jul-2024,2320.0,CE,0.0,0.0,0.0,38.8,43.15,0,0.0,0,0,06-MAY-2024,
OPTSTK,TVSMOTOR,25-Jul-2024,2400.0,CE,0.0,0.0,0.0,26.4,28.8,0,0.0,0,0,06-MAY-2024,
OPTSTK,TVSMOTOR,25-Jul-2024,1680.0,PE,0.0,0.0,0.0,14.2,7.7,0,0.0,0,0,06-MAY-2024,
OPTSTK,TVSMOTOR,25-Jul-2024,1760.0,PE,0.0,0.0,0.0,26.25,15.75,0,0.0,0,0,06-MAY-2024,
OPTSTK,TVSMOTOR,25-Jul-2024,1800.0,PE,0.0,0.0,0.0,34.5,21.65,0,0.0,0,0,06-MAY-2024,
OPTSTK,TVSMOTOR,25-Jul-2024,1840.0,PE,0.0,0.0,0.0,44.5,29.05,0,0.0,0,0,06-MAY-2024,
OPTSTK,TVSMOTOR,25-Jul-2024,1880.0,PE,0.0,0.0,0.0,56.2,38.25,0,0.0,0,0,06-MAY-2024,
OPTSTK,TVSMOTOR,25-Jul-2024,1920.0,PE,0.0,0.0,0.0,69.95,49.1,0,0.0,0,0,06-MAY-2024,
OPTSTK,TVSMOTOR,25-Jul-2024,1960.0,PE,0.0,0.0,0.0,85.65,62.1,0,0.0,0,0,06-MAY-2024,
OPTSTK,TVSMOTOR,25-Jul-2024,2000.0,PE,0.0,0.0,0.0,103.35,77.1,0,0.0,0,0,06-MAY-2024,
OPTSTK,TVSMOTOR,25-Jul-2024,2040.0,PE,0.0,0.0,0.0,123.1,94.25,0,0.0,0,0,06-MAY-2024,
OPTSTK,TVSMOTOR,25-Jul-2024,2080.0,PE,0.0,0.0,0.0,144.8,113.5,0,0.0,0,0,06-MAY-2024,
OPTSTK,TVSMOTOR,25-Jul-2024,2120.0,PE,0.0,0.0,0.0,168.4,134.85,0,0.0,0,0,06-MAY-2024,
OPTSTK,TVSMOTOR,25-Jul-2024,2160.0,PE,0.0,0.0,0.0,193.8,158.2,0,0.0,0,0,06-MAY-2024,
OPTSTK,TVSMOTOR,25-Jul-2024,2200.0,PE,0.0,0.0,0.0,220.9,183.5,0,0.0,0,0,06-MAY-2024,
OPTSTK,TVSMOTOR,25-Jul-2024,2240.0,PE,0.0,0.0,0.0,249.65,210.55,0,0.0,0,0,06-MAY-2024,
OPTSTK,TVSMOTOR,25-Jul-2024,2280.0,PE,0.0,0.0,0.0,279.8,239.4,0,0.0,0,0,06-MAY-2024,
OPTSTK,TVSMOTOR,25-Jul-2024,2320.0,PE,0.0,0.0,0.0,311.15,269.7,0,0.0,0,0,06-MAY-2024,
OPTSTK,TVSMOTOR,25-Jul-2024,2400.0,PE,0.0,0.0,0.0,377.3,334.1,0,0.0,0,0,06-MAY-2024,
OPTSTK,UBL,30-May-2024,1760.0,CE,0.0,0.0,0.0,75.65,235.2,0,0.0,0,0,06-MAY-2024,
OPTSTK,UBL,30-May-2024,1800.0,CE,0.0,0.0,0.0,244.2,197.95,0,0.0,3600,0,06-MAY-2024,
OPTSTK,UBL,30-May-2024,1840.0,CE,0.0,0.0,0.0,47.75,162.6,0,0.0,0,0,06-MAY-2024,
OPTSTK,UBL,30-May-2024,1860.0,CE,0.0,0.0,0.0,192.6,145.85,0,0.0,10400,0,06-MAY-2024,
OPTSTK,UBL,30-May-2024,1880.0,CE,145.7,145.7,145.7,145.7,129.9,1,8.1,150400,0,06-MAY-2024,
OPTSTK,UBL,30-May-2024,1900.0,CE,130.0,137.1,116.1,125.25,125.25,14,113.56,58000,-2400,06-MAY-2024,
OPTSTK,UBL,30-May-2024,1920.0,CE,0.0,0.0,0.0,148.0,100.6,0,0.0,5600,0,06-MAY-2024,
OPTSTK,UBL,30-May-2024,1940.0,CE,0.0,0.0,0.0,133.85,87.45,0,0.0,7200,0,06-MAY-2024,
OPTSTK,UBL,30-May-2024,1960.0,CE,93.85,102.55,84.8,92.75,92.75,99,812.8,22400,6000,06-MAY-2024,
OPTSTK,UBL,30-May-2024,1980.0,CE,92.5,92.85,82.35,83.05,83.05,15,123.91,5200,3200,06-MAY-2024,
OPTSTK,UBL,30-May-2024,2000.0,CE,75.0,89.2,66.0,74.65,74.65,668,5548.06,322800,37200,06-MAY-2024,
OPTSTK,UBL,30-May-2024,2020.0,CE,85.5,85.5,60.0,66.7,66.7,26,217.32,23200,3600,06-MAY-2024,
OPTSTK,UBL,30-May-2024,2040.0,CE,68.0,71.85,52.75,60.95,60.95,87,730.78,78800,4800,06-MAY-2024,
OPTSTK,UBL,30-May-2024,2060.0,CE,55.0,65.0,48.4,52.75,52.75,61,516.13,43200,2000,06-MAY-2024,
OPTSTK,UBL,30-May-2024,2080.0,CE,56.1,56.1,42.0,47.5,47.5,93,791.77,101200,-7600,06-MAY-2024,
OPTSTK,UBL,30-May-2024,2100.0,CE,45.05,52.0,37.0,42.6,42.6,671,5755.84,250800,-4400,06-MAY-2024,
OPTSTK,UBL,30-May-2024,2120.0,CE,44.8,44.8,35.95,36.4,36.4,19,163.96,63200,-1600,06-MAY-2024,
OPTSTK,UBL,30-May-2024,2140.0,CE,29.35,38.3,28.5,34.0,34.0,55,478.15,22000,8400,06-MAY-2024,
OPTSTK,UBL,30-May-2024,2160.0,CE,26.0,33.35,24.15,32.4,10.25,76,665.49,35200,1600,06-MAY-2024,
OPTSTK,UBL,30-May-2024,2180.0,CE,0.0,0.0,0.0,37.6,7.95,0,0.0,8000,0,06-MAY-2024,
OPTSTK,UBL,30-May-2024,2200.0,CE,22.6,28.7,19.65,23.5,23.5,496,4411.72,122000,19600,06-MAY-2024,
OPTSTK,UBL,30-May-2024,2220.0,CE,17.6,21.15,17.6,19.0,4.7,9,80.61,10000,-400,06-MAY-2024,
OPTSTK,UBL,30-May-2024,2240.0,CE,18.0,20.0,18.0,20.0,3.55,3,27.1,30400,0,06-MAY-2024,
OPTSTK,UBL,30-May-2024,2280.0,CE,13.1,13.2,12.5,13.2,1.95,9,82.54,40000,800,06-MAY-2024,
OPTSTK,UBL,30-May-2024,2320.0,CE,10.0,13.0,9.0,10.6,10.6,237,2209.88,88800,22400,06-MAY-2024,
OPTSTK,UBL,30-May-2024,1600.0,PE,0.0,0.0,0.0,29.05,0.05,0,0.0,400,0,06-MAY-2024,
OPTSTK,UBL,30-May-2024,1700.0,PE,9.95,22.1,8.45,15.85,15.85,1335,9176.72,102400,55600,06-MAY-2024,
OPTSTK,UBL,30-May-2024,1740.0,PE,0.0,0.0,0.0,20.0,1.6,0,0.0,800,0,06-MAY-2024,
OPTSTK,UBL,30-May-2024,1760.0,PE,0.0,0.0,0.0,3.45,2.4,0,0.0,23600,0,06-MAY-2024,
OPTSTK,UBL,30-May-2024,1800.0,PE,21.0,41.55,19.3,32.65,32.65,238,1744.6,199200,14000,06-MAY-2024,
OPTSTK,UBL,30-May-2024,1840.0,PE,40.0,51.5,40.0,42.05,42.05,16,120.63,5600,800,06-MAY-2024,
OPTSTK,UBL,30-May-2024,1860.0,PE,0.0,0.0,0.0,19.6,12.55,0,0.0,2800,0,06-MAY-2024,
OPTSTK,UBL,30-May-2024,1880.0,PE,34.55,50.1,34.55,50.1,16.5,5,38.45,21200,400,06-MAY-2024,
OPTSTK,UBL,30-May-2024,1900.0,PE,42.8,75.95,42.8,63.5,63.5,182,1428.82,107200,4800,06-MAY-2024,
OPTSTK,UBL,30-May-2024,1920.0,PE,0.0,0.0,0.0,37.65,27.05,0,0.0,1600,0,06-MAY-2024,
OPTSTK,UBL,30-May-2024,1940.0,PE,0.0,0.0,0.0,48.7,33.8,0,0.0,12400,0,06-MAY-2024,
OPTSTK,UBL,30-May-2024,1960.0,PE,72.0,98.55,72.0,93.25,93.25,14,114.82,8400,3200,06-MAY-2024,
OPTSTK,UBL,30-May-2024,1980.0,PE,0.0,0.0,0.0,232.7,50.6,0,0.0,0,0,06-MAY-2024,
OPTSTK,UBL,30-May-2024,2000.0,PE,99.0,130.0,85.0,112.75,112.75,384,3236.91,188000,28800,06-MAY-2024,
OPTSTK,UBL,30-May-2024,2020.0,PE,109.75,120.0,109.75,120.0,120.0,2,17.07,10000,800,06-MAY-2024,
OPTSTK,UBL,30-May-2024,2040.0,PE,0.0,0.0,0.0,127.6,83.9,0,0.0,5200,0,06-MAY-2024,
OPTSTK,UBL,30-May-2024,2060.0,PE,0.0,0.0,0.0,304.8,97.05,0,0.0,0,0,06-MAY-2024,
OPTSTK,UBL,30-May-2024,2080.0,PE,0.0,0.0,0.0,354.1,111.2,0,0.0,0,0,06-MAY-2024,
OPTSTK,UBL,30-May-2024,2100.0,PE,191.4,197.0,190.5,190.5,126.25,4,36.7,2800,-400,06-MAY-2024,
OPTSTK,UBL,30-May-2024,2120.0,PE,190.1,196.6,186.7,189.85,189.85,6,55.47,4800,800,06-MAY-2024,
OPTSTK,UBL,30-May-2024,2140.0,PE,211.75,211.75,211.75,211.75,211.75,1,9.4,400,400,06-MAY-2024,
OPTSTK,UBL,30-May-2024,2160.0,PE,0.0,0.0,0.0,165.25,175.6,0,0.0,1600,0,06-MAY-2024,
OPTSTK,UBL,30-May-2024,2180.0,PE,0.0,0.0,0.0,419.05,193.2,0,0.0,0,0,06-MAY-2024,
OPTSTK,UBL,30-May-2024,2200.0,PE,0.0,0.0,0.0,224.45,211.3,0,0.0,1600,0,06-MAY-2024,
OPTSTK,UBL,30-May-2024,2220.0,PE,0.0,0.0,0.0,457.95,229.75,0,0.0,0,0,06-MAY-2024,
OPTSTK,UBL,30-May-2024,2240.0,PE,0.0,0.0,0.0,504.55,248.5,0,0.0,0,0,06-MAY-2024,
OPTSTK,UBL,30-May-2024,2280.0,PE,0.0,0.0,0.0,543.1,286.75,0,0.0,0,0,06-MAY-2024,
OPTSTK,UBL,30-May-2024,2320.0,PE,0.0,0.0,0.0,581.85,325.65,0,0.0,0,0,06-MAY-2024,
OPTSTK,UBL,27-Jun-2024,1760.0,CE,0.0,0.0,0.0,92.5,253.5,0,0.0,0,0,06-MAY-2024,
OPTSTK,UBL,27-Jun-2024,1800.0,CE,0.0,0.0,0.0,74.7,219.65,0,0.0,0,0,06-MAY-2024,
OPTSTK,UBL,27-Jun-2024,1840.0,CE,0.0,0.0,0.0,59.6,187.85,0,0.0,0,0,06-MAY-2024,
OPTSTK,UBL,27-Jun-2024,1860.0,CE,0.0,0.0,0.0,212.4,172.9,0,0.0,0,0,06-MAY-2024,
OPTSTK,UBL,27-Jun-2024,1880.0,CE,0.0,0.0,0.0,46.9,158.4,0,0.0,0,0,06-MAY-2024,
OPTSTK,UBL,27-Jun-2024,1900.0,CE,0.0,0.0,0.0,182.95,144.7,0,0.0,0,0,06-MAY-2024,
OPTSTK,UBL,27-Jun-2024,1920.0,CE,0.0,0.0,0.0,36.55,131.7,0,0.0,0,0,06-MAY-2024,
OPTSTK,UBL,27-Jun-2024,1940.0,CE,0.0,0.0,0.0,155.7,119.45,0,0.0,0,0,06-MAY-2024,
OPTSTK,UBL,27-Jun-2024,1960.0,CE,0.0,0.0,0.0,28.05,107.9,0,0.0,0,0,06-MAY-2024,
OPTSTK,UBL,27-Jun-2024,1980.0,CE,0.0,0.0,0.0,131.15,97.1,0,0.0,0,0,06-MAY-2024,
OPTSTK,UBL,27-Jun-2024,2000.0,CE,0.0,0.0,0.0,115.0,87.05,0,0.0,2000,0,06-MAY-2024,
OPTSTK,UBL,27-Jun-2024,2020.0,CE,109.15,109.15,109.15,109.15,77.75,2,17.03,800,800,06-MAY-2024,
OPTSTK,UBL,27-Jun-2024,2040.0,CE,0.0,0.0,0.0,16.0,69.2,0,0.0,0,0,06-MAY-2024,
OPTSTK,UBL,27-Jun-2024,2060.0,CE,0.0,0.0,0.0,89.8,61.3,0,0.0,0,0,06-MAY-2024,
OPTSTK,UBL,27-Jun-2024,2080.0,CE,0.0,0.0,0.0,11.85,54.1,0,0.0,0,0,06-MAY-2024,
OPTSTK,UBL,27-Jun-2024,2100.0,CE,69.95,69.95,69.95,69.95,47.6,1,8.67,800,400,06-MAY-2024,
OPTSTK,UBL,27-Jun-2024,2120.0,CE,0.0,0.0,0.0,8.7,41.7,0,0.0,0,0,06-MAY-2024,
OPTSTK,UBL,27-Jun-2024,2140.0,CE,0.0,0.0,0.0,58.7,36.4,0,0.0,0,0,06-MAY-2024,
OPTSTK,UBL,27-Jun-2024,2160.0,CE,0.0,0.0,0.0,6.3,31.75,0,0.0,0,0,06-MAY-2024,
OPTSTK,UBL,27-Jun-2024,2180.0,CE,0.0,0.0,0.0,46.65,27.45,0,0.0,0,0,06-MAY-2024,
OPTSTK,UBL,27-Jun-2024,2200.0,CE,0.0,0.0,0.0,4.55,23.7,0,0.0,0,0,06-MAY-2024,
OPTSTK,UBL,27-Jun-2024,2220.0,CE,0.0,0.0,0.0,36.75,20.35,0,0.0,0,0,06-MAY-2024,
OPTSTK,UBL,27-Jun-2024,2240.0,CE,0.0,0.0,0.0,3.25,17.45,0,0.0,0,0,06-MAY-2024,
OPTSTK,UBL,27-Jun-2024,2280.0,CE,0.0,0.0,0.0,4.9,12.65,0,0.0,0,0,06-MAY-2024,
OPTSTK,UBL,27-Jun-2024,2320.0,CE,0.0,0.0,0.0,1.6,9.05,0,0.0,0,0,06-MAY-2024,
OPTSTK,UBL,27-Jun-2024,1760.0,PE,0.0,0.0,0.0,85.1,10.7,0,0.0,0,0,06-MAY-2024,
OPTSTK,UBL,27-Jun-2024,1800.0,PE,0.0,0.0,0.0,40.0,16.4,0,0.0,400,0,06-MAY-2024,
OPTSTK,UBL,27-Jun-2024,1840.0,PE,0.0,0.0,0.0,130.75,24.15,0,0.0,0,0,06-MAY-2024,
OPTSTK,UBL,27-Jun-2024,1860.0,PE,0.0,0.0,0.0,26.7,29.0,0,0.0,0,0,06-MAY-2024,
OPTSTK,UBL,27-Jun-2024,1880.0,PE,0.0,0.0,0.0,157.35,34.35,0,0.0,0,0,06-MAY-2024,
OPTSTK,UBL,27-Jun-2024,1900.0,PE,0.0,0.0,0.0,36.75,40.45,0,0.0,0,0,06-MAY-2024,
OPTSTK,UBL,27-Jun-2024,1920.0,PE,0.0,0.0,0.0,186.3,47.25,0,0.0,0,0,06-MAY-2024,
OPTSTK,UBL,27-Jun-2024,1940.0,PE,0.0,0.0,0.0,49.05,54.75,0,0.0,0,0,06-MAY-2024,
OPTSTK,UBL,27-Jun-2024,1960.0,PE,0.0,0.0,0.0,217.05,63.0,0,0.0,0,0,06-MAY-2024,
OPTSTK,UBL,27-Jun-2024,1980.0,PE,0.0,0.0,0.0,63.95,72.0,0,0.0,0,0,06-MAY-2024,
OPTSTK,UBL,27-Jun-2024,2000.0,PE,0.0,0.0,0.0,249.6,81.75,0,0.0,0,0,06-MAY-2024,
OPTSTK,UBL,27-Jun-2024,2020.0,PE,0.0,0.0,0.0,81.5,92.25,0,0.0,0,0,06-MAY-2024,
OPTSTK,UBL,27-Jun-2024,2040.0,PE,0.0,0.0,0.0,283.55,103.45,0,0.0,0,0,06-MAY-2024,
OPTSTK,UBL,27-Jun-2024,2060.0,PE,0.0,0.0,0.0,101.65,115.4,0,0.0,0,0,06-MAY-2024,
OPTSTK,UBL,27-Jun-2024,2080.0,PE,0.0,0.0,0.0,318.75,128.0,0,0.0,0,0,06-MAY-2024,
OPTSTK,UBL,27-Jun-2024,2100.0,PE,0.0,0.0,0.0,124.35,141.25,0,0.0,0,0,06-MAY-2024,
OPTSTK,UBL,27-Jun-2024,2120.0,PE,0.0,0.0,0.0,354.85,155.15,0,0.0,0,0,06-MAY-2024,
OPTSTK,UBL,27-Jun-2024,2140.0,PE,0.0,0.0,0.0,149.5,169.65,0,0.0,0,0,06-MAY-2024,
OPTSTK,UBL,27-Jun-2024,2160.0,PE,0.0,0.0,0.0,391.75,184.8,0,0.0,0,0,06-MAY-2024,
OPTSTK,UBL,27-Jun-2024,2180.0,PE,0.0,0.0,0.0,176.95,200.25,0,0.0,0,0,06-MAY-2024,
OPTSTK,UBL,27-Jun-2024,2200.0,PE,0.0,0.0,0.0,429.3,216.3,0,0.0,0,0,06-MAY-2024,
OPTSTK,UBL,27-Jun-2024,2220.0,PE,0.0,0.0,0.0,206.55,232.8,0,0.0,0,0,06-MAY-2024,
OPTSTK,UBL,27-Jun-2024,2240.0,PE,0.0,0.0,0.0,467.25,249.65,0,0.0,0,0,06-MAY-2024,
OPTSTK,UBL,27-Jun-2024,2280.0,PE,0.0,0.0,0.0,440.85,284.45,0,0.0,0,0,06-MAY-2024,
OPTSTK,UBL,27-Jun-2024,2320.0,PE,0.0,0.0,0.0,544.2,320.45,0,0.0,0,0,06-MAY-2024,
OPTSTK,UBL,25-Jul-2024,1760.0,CE,0.0,0.0,0.0,312.15,271.95,0,0.0,0,0,06-MAY-2024,
OPTSTK,UBL,25-Jul-2024,1840.0,CE,0.0,0.0,0.0,248.65,210.2,0,0.0,0,0,06-MAY-2024,
OPTSTK,UBL,25-Jul-2024,1880.0,CE,0.0,0.0,0.0,219.55,182.3,0,0.0,0,0,06-MAY-2024,
OPTSTK,UBL,25-Jul-2024,1920.0,CE,0.0,0.0,0.0,192.35,156.75,0,0.0,0,0,06-MAY-2024,
OPTSTK,UBL,25-Jul-2024,1960.0,CE,0.0,0.0,0.0,167.35,133.5,0,0.0,0,0,06-MAY-2024,
OPTSTK,UBL,25-Jul-2024,2000.0,CE,0.0,0.0,0.0,144.5,112.7,0,0.0,0,0,06-MAY-2024,
OPTSTK,UBL,25-Jul-2024,2040.0,CE,0.0,0.0,0.0,123.85,94.25,0,0.0,0,0,06-MAY-2024,
OPTSTK,UBL,25-Jul-2024,2080.0,CE,0.0,0.0,0.0,105.35,78.1,0,0.0,0,0,06-MAY-2024,
OPTSTK,UBL,25-Jul-2024,2120.0,CE,0.0,0.0,0.0,88.95,64.1,0,0.0,0,0,06-MAY-2024,
OPTSTK,UBL,25-Jul-2024,2160.0,CE,0.0,0.0,0.0,74.5,52.2,0,0.0,0,0,06-MAY-2024,
OPTSTK,UBL,25-Jul-2024,2200.0,CE,0.0,0.0,0.0,62.0,42.2,0,0.0,0,0,06-MAY-2024,
OPTSTK,UBL,25-Jul-2024,2240.0,CE,0.0,0.0,0.0,51.2,33.7,0,0.0,0,0,06-MAY-2024,
OPTSTK,UBL,25-Jul-2024,2320.0,CE,0.0,0.0,0.0,34.25,21.0,0,0.0,0,0,06-MAY-2024,
OPTSTK,UBL,25-Jul-2024,1760.0,PE,0.0,0.0,0.0,18.05,19.45,0,0.0,0,0,06-MAY-2024,
OPTSTK,UBL,25-Jul-2024,1840.0,PE,0.0,0.0,0.0,33.05,36.45,0,0.0,0,0,06-MAY-2024,
OPTSTK,UBL,25-Jul-2024,1880.0,PE,0.0,0.0,0.0,43.25,47.85,0,0.0,0,0,06-MAY-2024,
OPTSTK,UBL,25-Jul-2024,1920.0,PE,0.0,0.0,0.0,55.35,61.65,0,0.0,0,0,06-MAY-2024,
OPTSTK,UBL,25-Jul-2024,1960.0,PE,0.0,0.0,0.0,69.6,77.85,0,0.0,0,0,06-MAY-2024,
OPTSTK,UBL,25-Jul-2024,2000.0,PE,0.0,0.0,0.0,86.05,96.4,0,0.0,0,0,06-MAY-2024,
OPTSTK,UBL,25-Jul-2024,2040.0,PE,0.0,0.0,0.0,104.65,117.3,0,0.0,0,0,06-MAY-2024,
OPTSTK,UBL,25-Jul-2024,2080.0,PE,0.0,0.0,0.0,125.4,140.5,0,0.0,0,0,06-MAY-2024,
OPTSTK,UBL,25-Jul-2024,2120.0,PE,0.0,0.0,0.0,148.3,165.9,0,0.0,0,0,06-MAY-2024,
OPTSTK,UBL,25-Jul-2024,2160.0,PE,0.0,0.0,0.0,173.15,193.35,0,0.0,0,0,06-MAY-2024,
OPTSTK,UBL,25-Jul-2024,2200.0,PE,0.0,0.0,0.0,199.9,222.7,0,0.0,0,0,06-MAY-2024,
OPTSTK,UBL,25-Jul-2024,2240.0,PE,0.0,0.0,0.0,228.4,253.6,0,0.0,0,0,06-MAY-2024,
OPTSTK,UBL,25-Jul-2024,2320.0,PE,0.0,0.0,0.0,290.0,319.65,0,0.0,0,0,06-MAY-2024,
OPTSTK,ULTRACEMCO,30-May-2024,8400.0,CE,0.0,0.0,0.0,1686.55,1417.1,0,0.0,0,0,06-MAY-2024,
OPTSTK,ULTRACEMCO,30-May-2024,8600.0,CE,0.0,0.0,0.0,1510.85,1220.8,0,0.0,0,0,06-MAY-2024,
OPTSTK,ULTRACEMCO,30-May-2024,8700.0,CE,0.0,0.0,0.0,1205.7,1123.9,0,0.0,0,0,06-MAY-2024,
OPTSTK,ULTRACEMCO,30-May-2024,8800.0,CE,0.0,0.0,0.0,1342.3,1028.25,0,0.0,0,0,06-MAY-2024,
OPTSTK,ULTRACEMCO,30-May-2024,8900.0,CE,0.0,0.0,0.0,994.95,934.4,0,0.0,0,0,06-MAY-2024,
OPTSTK,ULTRACEMCO,30-May-2024,9000.0,CE,925.15,925.15,924.5,924.5,842.75,3,29.77,4900,0,06-MAY-2024,
OPTSTK,ULTRACEMCO,30-May-2024,9100.0,CE,0.0,0.0,0.0,878.55,753.95,0,0.0,0,0,06-MAY-2024,
OPTSTK,ULTRACEMCO,30-May-2024,9200.0,CE,0.0,0.0,0.0,759.5,668.65,0,0.0,600,0,06-MAY-2024,
OPTSTK,ULTRACEMCO,30-May-2024,9300.0,CE,568.55,595.7,568.55,582.15,582.15,2,19.76,3300,100,06-MAY-2024,
OPTSTK,ULTRACEMCO,30-May-2024,9400.0,CE,0.0,0.0,0.0,565.0,511.4,0,0.0,3100,0,06-MAY-2024,
OPTSTK,ULTRACEMCO,30-May-2024,9500.0,CE,500.05,500.1,428.05,428.05,439.75,10,99.85,13700,0,06-MAY-2024,
OPTSTK,ULTRACEMCO,30-May-2024,9600.0,CE,394.1,400.0,357.0,357.0,357.0,5,49.9,14500,0,06-MAY-2024,
OPTSTK,ULTRACEMCO,30-May-2024,9700.0,CE,365.0,381.1,281.0,296.7,296.7,73,731.73,90400,-200,06-MAY-2024,
OPTSTK,ULTRACEMCO,30-May-2024,9800.0,CE,275.65,320.45,228.95,239.8,239.8,556,5596.75,28700,1600,06-MAY-2024,
OPTSTK,ULTRACEMCO,30-May-2024,9900.0,CE,225.0,265.95,181.35,192.95,192.95,1110,11236.52,44200,4700,06-MAY-2024,
OPTSTK,ULTRACEMCO,30-May-2024,10000.0,CE,185.05,215.45,143.95,152.4,152.4,1999,20348.94,230400,-9500,06-MAY-2024,
OPTSTK,ULTRACEMCO,30-May-2024,10100.0,CE,163.25,170.2,112.5,119.7,119.7,504,5162.63,55200,500,06-MAY-2024,
OPTSTK,ULTRACEMCO,30-May-2024,10200.0,CE,116.05,136.4,86.8,92.6,92.6,752,7751.59,92200,3400,06-MAY-2024,
OPTSTK,ULTRACEMCO,30-May-2024,10300.0,CE,96.0,105.0,65.7,70.15,70.15,727,7548.84,73800,800,06-MAY-2024,
OPTSTK,ULTRACEMCO,30-May-2024,10400.0,CE,66.6,80.65,50.55,53.1,53.1,759,7941.35,45900,7100,06-MAY-2024,
OPTSTK,ULTRACEMCO,30-May-2024,10500.0,CE,61.0,64.0,39.0,41.25,41.25,1385,14609.65,229000,6300,06-MAY-2024,
OPTSTK,ULTRACEMCO,30-May-2024,10600.0,CE,44.3,49.9,30.3,31.6,31.6,487,5179.37,38400,-300,06-MAY-2024,
OPTSTK,ULTRACEMCO,30-May-2024,10700.0,CE,38.0,39.0,23.7,25.3,25.3,399,4281.64,28800,-4700,06-MAY-2024,
OPTSTK,ULTRACEMCO,30-May-2024,10800.0,CE,30.0,30.6,19.25,19.6,19.6,257,2781.7,27800,1600,06-MAY-2024,
OPTSTK,ULTRACEMCO,30-May-2024,10900.0,CE,22.75,24.2,15.85,16.25,16.25,98,1070.02,6700,3300,06-MAY-2024,
OPTSTK,ULTRACEMCO,30-May-2024,11000.0,CE,19.95,20.05,13.2,13.35,13.35,797,8779.1,113300,6300,06-MAY-2024,
OPTSTK,ULTRACEMCO,30-May-2024,11200.0,CE,12.75,12.75,8.8,9.15,9.15,19,212.99,11800,-600,06-MAY-2024,
OPTSTK,ULTRACEMCO,30-May-2024,11400.0,CE,9.4,10.45,7.1,7.65,7.65,201,2293.03,62600,-2100,06-MAY-2024,
OPTSTK,ULTRACEMCO,30-May-2024,8400.0,PE,0.0,0.0,0.0,2.55,1.5,0,0.0,700,0,06-MAY-2024,
OPTSTK,ULTRACEMCO,30-May-2024,8500.0,PE,4.45,4.45,2.75,3.2,3.2,965,8205.7,20400,100,06-MAY-2024,
OPTSTK,ULTRACEMCO,30-May-2024,8600.0,PE,0.0,0.0,0.0,5.15,4.25,0,0.0,1600,0,06-MAY-2024,
OPTSTK,ULTRACEMCO,30-May-2024,8700.0,PE,8.05,8.4,8.0,8.4,6.85,3,26.12,1800,-100,06-MAY-2024,
OPTSTK,ULTRACEMCO,30-May-2024,8800.0,PE,8.9,9.4,5.15,7.45,7.45,22,193.76,16100,0,06-MAY-2024,
OPTSTK,ULTRACEMCO,30-May-2024,8900.0,PE,11.7,12.65,11.35,11.55,16.45,6,53.47,5200,-400,06-MAY-2024,
OPTSTK,ULTRACEMCO,30-May-2024,9000.0,PE,17.0,21.7,10.75,16.2,16.2,455,4102.46,82000,-1100,06-MAY-2024,
OPTSTK,ULTRACEMCO,30-May-2024,9100.0,PE,23.0,30.2,15.0,23.9,23.9,115,1049.14,6700,-1400,06-MAY-2024,
OPTSTK,ULTRACEMCO,30-May-2024,9200.0,PE,29.15,40.8,23.6,34.0,34.0,351,3240.22,45000,4100,06-MAY-2024,
OPTSTK,ULTRACEMCO,30-May-2024,9300.0,PE,41.0,55.65,30.25,48.15,48.15,428,3998.07,25300,-5100,06-MAY-2024,
OPTSTK,ULTRACEMCO,30-May-2024,9400.0,PE,54.8,72.75,41.1,67.05,67.05,464,4388.63,30900,4300,06-MAY-2024,
OPTSTK,ULTRACEMCO,30-May-2024,9500.0,PE,75.9,97.45,57.05,90.45,90.45,642,6150.21,82900,-8200,06-MAY-2024,
OPTSTK,ULTRACEMCO,30-May-2024,9600.0,PE,83.05,128.45,75.75,120.3,120.3,382,3707.54,26400,-2700,06-MAY-2024,
OPTSTK,ULTRACEMCO,30-May-2024,9700.0,PE,115.45,166.25,103.9,156.0,156.0,471,4635.45,44100,-500,06-MAY-2024,
OPTSTK,ULTRACEMCO,30-May-2024,9800.0,PE,168.55,213.0,137.05,200.9,200.9,1173,11713.59,35600,4900,06-MAY-2024,
OPTSTK,ULTRACEMCO,30-May-2024,9900.0,PE,220.65,267.85,178.75,252.1,252.1,448,4537.45,32000,2100,06-MAY-2024,
OPTSTK,ULTRACEMCO,30-May-2024,10000.0,PE,259.0,323.05,228.4,311.5,311.5,180,1849.19,65300,-2000,06-MAY-2024,
OPTSTK,ULTRACEMCO,30-May-2024,10100.0,PE,333.5,380.0,318.0,372.2,372.2,32,334.36,14000,-100,06-MAY-2024,
OPTSTK,ULTRACEMCO,30-May-2024,10200.0,PE,360.25,450.2,360.25,439.65,486.7,20,212.59,6200,800,06-MAY-2024,
OPTSTK,ULTRACEMCO,30-May-2024,10300.0,PE,521.1,527.5,509.85,509.85,562.05,3,32.45,5000,0,06-MAY-2024,
OPTSTK,ULTRACEMCO,30-May-2024,10400.0,PE,627.75,627.75,627.75,627.75,641.8,1,11.02,4000,100,06-MAY-2024,
OPTSTK,ULTRACEMCO,30-May-2024,10500.0,PE,590.0,696.55,590.0,690.05,725.35,11,122.82,5800,300,06-MAY-2024,
OPTSTK,ULTRACEMCO,30-May-2024,10600.0,PE,746.85,786.05,746.85,769.25,812.25,3,34.1,900,300,06-MAY-2024,
OPTSTK,ULTRACEMCO,30-May-2024,10700.0,PE,0.0,0.0,0.0,677.25,901.95,0,0.0,700,0,06-MAY-2024,
OPTSTK,ULTRACEMCO,30-May-2024,10800.0,PE,0.0,0.0,0.0,757.55,993.9,0,0.0,700,0,06-MAY-2024,
OPTSTK,ULTRACEMCO,30-May-2024,10900.0,PE,0.0,0.0,0.0,1111.7,1087.7,0,0.0,0,0,06-MAY-2024,
OPTSTK,ULTRACEMCO,30-May-2024,11000.0,PE,0.0,0.0,0.0,986.0,1182.95,0,0.0,500,0,06-MAY-2024,
OPTSTK,ULTRACEMCO,30-May-2024,11200.0,PE,0.0,0.0,0.0,1259.7,1376.65,0,0.0,0,0,06-MAY-2024,
OPTSTK,ULTRACEMCO,30-May-2024,11400.0,PE,0.0,0.0,0.0,1422.7,1572.95,0,0.0,0,0,06-MAY-2024,
OPTSTK,ULTRACEMCO,27-Jun-2024,8400.0,CE,0.0,0.0,0.0,1546.15,1478.75,0,0.0,0,0,06-MAY-2024,
OPTSTK,ULTRACEMCO,27-Jun-2024,8600.0,CE,0.0,0.0,0.0,1373.1,1293.2,0,0.0,0,0,06-MAY-2024,
OPTSTK,ULTRACEMCO,27-Jun-2024,8700.0,CE,0.0,0.0,0.0,1152.9,1202.95,0,0.0,0,0,06-MAY-2024,
OPTSTK,ULTRACEMCO,27-Jun-2024,8800.0,CE,0.0,0.0,0.0,1208.1,1114.8,0,0.0,0,0,06-MAY-2024,
OPTSTK,ULTRACEMCO,27-Jun-2024,8900.0,CE,0.0,0.0,0.0,987.65,1029.0,0,0.0,0,0,06-MAY-2024,
OPTSTK,ULTRACEMCO,27-Jun-2024,9000.0,CE,0.0,0.0,0.0,1052.55,945.9,0,0.0,0,0,06-MAY-2024,
OPTSTK,ULTRACEMCO,27-Jun-2024,9100.0,CE,0.0,0.0,0.0,834.25,865.8,0,0.0,0,0,06-MAY-2024,
OPTSTK,ULTRACEMCO,27-Jun-2024,9200.0,CE,0.0,0.0,0.0,907.9,788.9,0,0.0,0,0,06-MAY-2024,
OPTSTK,ULTRACEMCO,27-Jun-2024,9300.0,CE,0.0,0.0,0.0,693.25,715.85,0,0.0,0,0,06-MAY-2024,
OPTSTK,ULTRACEMCO,27-Jun-2024,9400.0,CE,0.0,0.0,0.0,774.45,645.85,0,0.0,0,0,06-MAY-2024,
OPTSTK,ULTRACEMCO,27-Jun-2024,9500.0,CE,0.0,0.0,0.0,567.3,580.25,0,0.0,0,0,06-MAY-2024,
OPTSTK,ULTRACEMCO,27-Jun-2024,9600.0,CE,0.0,0.0,0.0,653.85,518.75,0,0.0,0,0,06-MAY-2024,
OPTSTK,ULTRACEMCO,27-Jun-2024,9700.0,CE,525.0,525.0,525.0,525.0,461.4,1,10.22,100,100,06-MAY-2024,
OPTSTK,ULTRACEMCO,27-Jun-2024,9800.0,CE,475.0,504.05,475.0,490.0,490.0,13,133.71,1300,1300,06-MAY-2024,
OPTSTK,ULTRACEMCO,27-Jun-2024,9900.0,CE,0.0,0.0,0.0,361.5,359.45,0,0.0,0,0,06-MAY-2024,
OPTSTK,ULTRACEMCO,27-Jun-2024,10000.0,CE,398.1,474.6,380.35,410.7,410.7,44,457.8,5600,2100,06-MAY-2024,
OPTSTK,ULTRACEMCO,27-Jun-2024,10100.0,CE,0.0,0.0,0.0,360.0,274.3,0,0.0,800,0,06-MAY-2024,
OPTSTK,ULTRACEMCO,27-Jun-2024,10200.0,CE,304.45,326.25,304.45,326.25,326.25,3,31.55,1500,100,06-MAY-2024,
OPTSTK,ULTRACEMCO,27-Jun-2024,10300.0,CE,276.0,276.0,276.0,276.0,276.0,1,10.57,100,0,06-MAY-2024,
OPTSTK,ULTRACEMCO,27-Jun-2024,10400.0,CE,223.25,223.25,223.25,223.25,175.75,1,10.62,200,0,06-MAY-2024,
OPTSTK,ULTRACEMCO,27-Jun-2024,10500.0,CE,0.0,0.0,0.0,170.0,150.4,0,0.0,100,0,06-MAY-2024,
OPTSTK,ULTRACEMCO,27-Jun-2024,10600.0,CE,0.0,0.0,0.0,237.9,127.4,0,0.0,0,0,06-MAY-2024,
OPTSTK,ULTRACEMCO,27-Jun-2024,10700.0,CE,0.0,0.0,0.0,120.05,107.6,0,0.0,0,0,06-MAY-2024,
OPTSTK,ULTRACEMCO,27-Jun-2024,10800.0,CE,0.0,0.0,0.0,188.65,90.4,0,0.0,0,0,06-MAY-2024,
OPTSTK,ULTRACEMCO,27-Jun-2024,10900.0,CE,0.0,0.0,0.0,87.4,75.55,0,0.0,0,0,06-MAY-2024,
OPTSTK,ULTRACEMCO,27-Jun-2024,11000.0,CE,0.0,0.0,0.0,100.7,62.8,0,0.0,200,0,06-MAY-2024,
OPTSTK,ULTRACEMCO,27-Jun-2024,11200.0,CE,0.0,0.0,0.0,114.25,42.75,0,0.0,0,0,06-MAY-2024,
OPTSTK,ULTRACEMCO,27-Jun-2024,11400.0,CE,0.0,0.0,0.0,87.65,28.55,0,0.0,0,0,06-MAY-2024,
OPTSTK,ULTRACEMCO,27-Jun-2024,8400.0,PE,0.0,0.0,0.0,46.85,15.3,0,0.0,0,0,06-MAY-2024,
OPTSTK,ULTRACEMCO,27-Jun-2024,8600.0,PE,0.0,0.0,0.0,30.0,27.7,0,0.0,100,0,06-MAY-2024,
OPTSTK,ULTRACEMCO,27-Jun-2024,8700.0,PE,25.0,25.0,25.0,25.0,36.45,2,17.45,600,0,06-MAY-2024,
OPTSTK,ULTRACEMCO,27-Jun-2024,8800.0,PE,0.0,0.0,0.0,34.9,47.25,0,0.0,1200,0,06-MAY-2024,
OPTSTK,ULTRACEMCO,27-Jun-2024,8900.0,PE,70.0,70.0,70.0,70.0,60.4,2,17.94,500,0,06-MAY-2024,
OPTSTK,ULTRACEMCO,27-Jun-2024,9000.0,PE,91.0,120.35,86.55,112.9,112.9,13,118.37,4600,-500,06-MAY-2024,
OPTSTK,ULTRACEMCO,27-Jun-2024,9100.0,PE,0.0,0.0,0.0,136.4,95.1,0,0.0,0,0,06-MAY-2024,
OPTSTK,ULTRACEMCO,27-Jun-2024,9200.0,PE,0.0,0.0,0.0,108.0,117.2,0,0.0,200,0,06-MAY-2024,
OPTSTK,ULTRACEMCO,27-Jun-2024,9300.0,PE,0.0,0.0,0.0,141.0,143.1,0,0.0,100,0,06-MAY-2024,
OPTSTK,ULTRACEMCO,27-Jun-2024,9400.0,PE,0.0,0.0,0.0,257.3,172.1,0,0.0,0,0,06-MAY-2024,
OPTSTK,ULTRACEMCO,27-Jun-2024,9500.0,PE,170.0,270.0,170.0,260.0,260.0,79,769.32,13500,5500,06-MAY-2024,
OPTSTK,ULTRACEMCO,27-Jun-2024,9600.0,PE,0.0,0.0,0.0,210.35,242.9,0,0.0,100,0,06-MAY-2024,
OPTSTK,ULTRACEMCO,27-Jun-2024,9700.0,PE,0.0,0.0,0.0,351.3,284.55,0,0.0,0,0,06-MAY-2024,
OPTSTK,ULTRACEMCO,27-Jun-2024,9800.0,PE,0.0,0.0,0.0,379.95,330.45,0,0.0,1000,0,06-MAY-2024,
OPTSTK,ULTRACEMCO,27-Jun-2024,9900.0,PE,0.0,0.0,0.0,453.6,380.55,0,0.0,0,0,06-MAY-2024,
OPTSTK,ULTRACEMCO,27-Jun-2024,10000.0,PE,360.0,435.35,360.0,425.25,434.9,5,52.04,1800,0,06-MAY-2024,
OPTSTK,ULTRACEMCO,27-Jun-2024,10100.0,PE,0.0,0.0,0.0,570.95,493.35,0,0.0,0,0,06-MAY-2024,
OPTSTK,ULTRACEMCO,27-Jun-2024,10200.0,PE,0.0,0.0,0.0,636.9,555.75,0,0.0,0,0,06-MAY-2024,
OPTSTK,ULTRACEMCO,27-Jun-2024,10300.0,PE,0.0,0.0,0.0,702.4,621.9,0,0.0,0,0,06-MAY-2024,
OPTSTK,ULTRACEMCO,27-Jun-2024,10400.0,PE,0.0,0.0,0.0,762.6,691.7,0,0.0,0,0,06-MAY-2024,
OPTSTK,ULTRACEMCO,27-Jun-2024,10500.0,PE,0.0,0.0,0.0,847.05,765.3,0,0.0,0,0,06-MAY-2024,
OPTSTK,ULTRACEMCO,27-Jun-2024,10600.0,PE,0.0,0.0,0.0,899.3,841.3,0,0.0,0,0,06-MAY-2024,
OPTSTK,ULTRACEMCO,27-Jun-2024,10700.0,PE,0.0,0.0,0.0,1002.1,920.45,0,0.0,0,0,06-MAY-2024,
OPTSTK,ULTRACEMCO,27-Jun-2024,10800.0,PE,0.0,0.0,0.0,1046.5,1002.2,0,0.0,0,0,06-MAY-2024,
OPTSTK,ULTRACEMCO,27-Jun-2024,10900.0,PE,0.0,0.0,0.0,1167.0,1086.35,0,0.0,0,0,06-MAY-2024,
OPTSTK,ULTRACEMCO,27-Jun-2024,11000.0,PE,0.0,0.0,0.0,1201.7,1172.55,0,0.0,0,0,06-MAY-2024,
OPTSTK,ULTRACEMCO,27-Jun-2024,11200.0,PE,0.0,0.0,0.0,1364.95,1350.45,0,0.0,0,0,06-MAY-2024,
OPTSTK,ULTRACEMCO,27-Jun-2024,11400.0,PE,0.0,0.0,0.0,1534.75,1534.2,0,0.0,0,0,06-MAY-2024,
OPTSTK,ULTRACEMCO,25-Jul-2024,8000.0,CE,0.0,0.0,0.0,1850.2,1916.7,0,0.0,0,0,06-MAY-2024,
OPTSTK,ULTRACEMCO,25-Jul-2024,8400.0,CE,0.0,0.0,0.0,1489.4,1546.35,0,0.0,0,0,06-MAY-2024,
OPTSTK,ULTRACEMCO,25-Jul-2024,8800.0,CE,0.0,0.0,0.0,1157.05,1201.1,0,0.0,0,0,06-MAY-2024,
OPTSTK,ULTRACEMCO,25-Jul-2024,9000.0,CE,0.0,0.0,0.0,1005.0,1041.8,0,0.0,0,0,06-MAY-2024,
OPTSTK,ULTRACEMCO,25-Jul-2024,9200.0,CE,0.0,0.0,0.0,863.8,893.7,0,0.0,0,0,06-MAY-2024,
OPTSTK,ULTRACEMCO,25-Jul-2024,9400.0,CE,0.0,0.0,0.0,734.85,757.0,0,0.0,0,0,06-MAY-2024,
OPTSTK,ULTRACEMCO,25-Jul-2024,9600.0,CE,0.0,0.0,0.0,618.45,633.8,0,0.0,0,0,06-MAY-2024,
OPTSTK,ULTRACEMCO,25-Jul-2024,9800.0,CE,0.0,0.0,0.0,514.85,524.15,0,0.0,0,0,06-MAY-2024,
OPTSTK,ULTRACEMCO,25-Jul-2024,10000.0,CE,0.0,0.0,0.0,500.0,428.0,0,0.0,100,0,06-MAY-2024,
OPTSTK,ULTRACEMCO,25-Jul-2024,10200.0,CE,0.0,0.0,0.0,345.3,345.15,0,0.0,0,0,06-MAY-2024,
OPTSTK,ULTRACEMCO,25-Jul-2024,10400.0,CE,0.0,0.0,0.0,278.2,274.85,0,0.0,0,0,06-MAY-2024,
OPTSTK,ULTRACEMCO,25-Jul-2024,10600.0,CE,0.0,0.0,0.0,221.8,216.15,0,0.0,0,0,06-MAY-2024,
OPTSTK,ULTRACEMCO,25-Jul-2024,10800.0,CE,0.0,0.0,0.0,175.55,168.5,0,0.0,0,0,06-MAY-2024,
OPTSTK,ULTRACEMCO,25-Jul-2024,11000.0,CE,0.0,0.0,0.0,136.8,129.1,0,0.0,0,0,06-MAY-2024,
OPTSTK,ULTRACEMCO,25-Jul-2024,11200.0,CE,0.0,0.0,0.0,105.8,97.95,0,0.0,0,0,06-MAY-2024,
OPTSTK,ULTRACEMCO,25-Jul-2024,11600.0,CE,0.0,0.0,0.0,61.4,54.45,0,0.0,0,0,06-MAY-2024,
OPTSTK,ULTRACEMCO,25-Jul-2024,8000.0,PE,0.0,0.0,0.0,21.95,13.3,0,0.0,0,0,06-MAY-2024,
OPTSTK,ULTRACEMCO,25-Jul-2024,8400.0,PE,0.0,0.0,0.0,53.95,36.65,0,0.0,0,0,06-MAY-2024,
OPTSTK,ULTRACEMCO,25-Jul-2024,8800.0,PE,0.0,0.0,0.0,114.35,85.1,0,0.0,0,0,06-MAY-2024,
OPTSTK,ULTRACEMCO,25-Jul-2024,9000.0,PE,0.0,0.0,0.0,158.7,122.65,0,0.0,0,0,06-MAY-2024,
OPTSTK,ULTRACEMCO,25-Jul-2024,9200.0,PE,0.0,0.0,0.0,213.9,171.35,0,0.0,0,0,06-MAY-2024,
OPTSTK,ULTRACEMCO,25-Jul-2024,9400.0,PE,0.0,0.0,0.0,281.35,231.5,0,0.0,0,0,06-MAY-2024,
OPTSTK,ULTRACEMCO,25-Jul-2024,9600.0,PE,0.0,0.0,0.0,361.35,305.15,0,0.0,0,0,06-MAY-2024,
OPTSTK,ULTRACEMCO,25-Jul-2024,9800.0,PE,0.0,0.0,0.0,454.1,392.3,0,0.0,0,0,06-MAY-2024,
OPTSTK,ULTRACEMCO,25-Jul-2024,10000.0,PE,0.0,0.0,0.0,559.6,493.0,0,0.0,0,0,06-MAY-2024,
OPTSTK,ULTRACEMCO,25-Jul-2024,10200.0,PE,0.0,0.0,0.0,677.35,607.0,0,0.0,0,0,06-MAY-2024,
OPTSTK,ULTRACEMCO,25-Jul-2024,10400.0,PE,0.0,0.0,0.0,806.65,733.55,0,0.0,0,0,06-MAY-2024,
OPTSTK,ULTRACEMCO,25-Jul-2024,10600.0,PE,0.0,0.0,0.0,946.6,871.65,0,0.0,0,0,06-MAY-2024,
OPTSTK,ULTRACEMCO,25-Jul-2024,10800.0,PE,0.0,0.0,0.0,1096.75,1020.85,0,0.0,0,0,06-MAY-2024,
OPTSTK,ULTRACEMCO,25-Jul-2024,11000.0,PE,0.0,0.0,0.0,1254.4,1178.3,0,0.0,0,0,06-MAY-2024,
OPTSTK,ULTRACEMCO,25-Jul-2024,11200.0,PE,0.0,0.0,0.0,1419.75,1344.0,0,0.0,0,0,06-MAY-2024,
OPTSTK,ULTRACEMCO,25-Jul-2024,11600.0,PE,0.0,0.0,0.0,1768.15,1694.2,0,0.0,0,0,06-MAY-2024,
OPTSTK,UPL,30-May-2024,400.0,CE,0.0,0.0,0.0,85.9,85.4,0,0.0,1300,0,06-MAY-2024,
OPTSTK,UPL,30-May-2024,420.0,CE,0.0,0.0,0.0,66.15,66.0,0,0.0,0,0,06-MAY-2024,
OPTSTK,UPL,30-May-2024,430.0,CE,0.0,0.0,0.0,70.95,56.65,0,0.0,1300,0,06-MAY-2024,
OPTSTK,UPL,30-May-2024,440.0,CE,63.1,63.1,63.1,63.1,47.75,1,6.54,11700,-1300,06-MAY-2024,
OPTSTK,UPL,30-May-2024,445.0,CE,49.8,49.8,46.2,46.2,46.2,3,19.22,3900,3900,06-MAY-2024,
OPTSTK,UPL,30-May-2024,450.0,CE,46.0,46.0,41.55,41.7,41.7,13,83.31,62400,1300,06-MAY-2024,
OPTSTK,UPL,30-May-2024,455.0,CE,42.65,42.65,37.5,40.9,35.45,18,115.64,13000,10400,06-MAY-2024,
OPTSTK,UPL,30-May-2024,460.0,CE,40.3,40.3,33.95,34.0,34.0,12,77.38,23400,0,06-MAY-2024,
OPTSTK,UPL,30-May-2024,465.0,CE,36.1,36.1,29.9,30.35,28.2,6,38.77,10400,0,06-MAY-2024,
OPTSTK,UPL,30-May-2024,470.0,CE,32.7,32.7,26.0,27.05,27.05,16,103.73,59800,-7800,06-MAY-2024,
OPTSTK,UPL,30-May-2024,475.0,CE,28.0,28.0,22.95,22.95,21.85,17,110.52,59800,9100,06-MAY-2024,
OPTSTK,UPL,30-May-2024,480.0,CE,29.5,29.5,20.2,21.3,21.3,271,1768.45,152100,52000,06-MAY-2024,
OPTSTK,UPL,30-May-2024,485.0,CE,24.05,24.05,17.7,18.8,18.8,175,1146.91,85800,58500,06-MAY-2024,
OPTSTK,UPL,30-May-2024,490.0,CE,21.6,23.5,15.3,16.5,16.5,907,5983.94,362700,139100,06-MAY-2024,
OPTSTK,UPL,30-May-2024,495.0,CE,18.85,20.8,13.35,14.3,14.3,544,3612.36,209300,59800,06-MAY-2024,
OPTSTK,UPL,30-May-2024,500.0,CE,16.15,18.2,11.45,12.45,12.45,2265,15123.63,1521000,305500,06-MAY-2024,
OPTSTK,UPL,30-May-2024,505.0,CE,13.9,15.8,9.9,10.85,10.85,391,2626.48,352300,39000,06-MAY-2024,
OPTSTK,UPL,30-May-2024,510.0,CE,12.5,13.7,8.45,9.3,9.3,1613,10909.55,1064700,208000,06-MAY-2024,
OPTSTK,UPL,30-May-2024,515.0,CE,10.3,11.65,7.25,8.05,8.05,322,2192.73,247000,28600,06-MAY-2024,
OPTSTK,UPL,30-May-2024,520.0,CE,8.9,10.0,6.15,6.85,6.85,1178,8078.19,1336400,206700,06-MAY-2024,
OPTSTK,UPL,30-May-2024,525.0,CE,7.0,8.5,5.2,5.75,5.75,114,787.25,270400,36400,06-MAY-2024,
OPTSTK,UPL,30-May-2024,530.0,CE,6.2,7.1,4.4,4.95,4.95,640,4453.66,760500,91000,06-MAY-2024,
OPTSTK,UPL,30-May-2024,535.0,CE,5.45,5.85,3.75,4.2,4.2,42,294.5,102700,5200,06-MAY-2024,
OPTSTK,UPL,30-May-2024,540.0,CE,4.5,5.05,3.3,3.5,3.5,505,3569.69,702000,55900,06-MAY-2024,
OPTSTK,UPL,30-May-2024,545.0,CE,3.45,3.45,2.9,3.05,1.7,15,106.88,93600,0,06-MAY-2024,
OPTSTK,UPL,30-May-2024,550.0,CE,3.15,3.55,2.35,2.55,2.55,769,5525.84,1453400,-98800,06-MAY-2024,
OPTSTK,UPL,30-May-2024,555.0,CE,2.75,3.05,2.05,2.1,2.1,27,195.65,63700,5200,06-MAY-2024,
OPTSTK,UPL,30-May-2024,560.0,CE,2.35,2.35,1.7,1.8,1.8,110,803.51,403000,18200,06-MAY-2024,
OPTSTK,UPL,30-May-2024,570.0,CE,1.65,1.65,1.25,1.3,1.3,131,973.04,592800,59800,06-MAY-2024,
OPTSTK,UPL,30-May-2024,580.0,CE,1.35,1.45,1.05,1.1,1.1,305,2304.31,854100,70200,06-MAY-2024,
OPTSTK,UPL,30-May-2024,400.0,PE,0.45,0.8,0.45,0.55,0.55,239,1244.5,457600,196300,06-MAY-2024,
OPTSTK,UPL,30-May-2024,420.0,PE,0.95,1.65,0.95,1.3,1.3,101,553.18,119600,57200,06-MAY-2024,
OPTSTK,UPL,30-May-2024,430.0,PE,1.5,2.4,1.5,1.95,1.95,79,443.47,130000,28600,06-MAY-2024,
OPTSTK,UPL,30-May-2024,440.0,PE,1.8,3.65,1.75,3.05,3.05,155,892.81,309400,55900,06-MAY-2024,
OPTSTK,UPL,30-May-2024,445.0,PE,3.15,3.95,3.15,3.95,3.95,23,134.1,28600,28600,06-MAY-2024,
OPTSTK,UPL,30-May-2024,450.0,PE,3.0,5.45,2.45,4.75,4.75,507,2993.32,665600,182000,06-MAY-2024,
OPTSTK,UPL,30-May-2024,455.0,PE,3.7,6.3,3.7,5.85,5.85,78,467.1,81900,52000,06-MAY-2024,
OPTSTK,UPL,30-May-2024,460.0,PE,4.2,7.8,4.15,7.1,7.1,637,3864.39,427700,174200,06-MAY-2024,
OPTSTK,UPL,30-May-2024,465.0,PE,5.45,9.3,5.45,8.55,8.55,76,467.33,66300,15600,06-MAY-2024,
OPTSTK,UPL,30-May-2024,470.0,PE,5.7,11.2,5.55,10.3,10.3,334,2081.39,334100,48100,06-MAY-2024,
OPTSTK,UPL,30-May-2024,475.0,PE,7.65,13.25,6.8,12.15,12.15,131,826.91,106600,35100,06-MAY-2024,
OPTSTK,UPL,30-May-2024,480.0,PE,9.05,15.45,8.1,14.35,14.35,831,5324.26,520000,59800,06-MAY-2024,
OPTSTK,UPL,30-May-2024,485.0,PE,10.5,17.85,9.9,16.7,16.7,264,1716.74,136500,18200,06-MAY-2024,
OPTSTK,UPL,30-May-2024,490.0,PE,13.05,20.6,11.3,19.3,19.3,506,3336.0,397800,54600,06-MAY-2024,
OPTSTK,UPL,30-May-2024,495.0,PE,14.8,23.55,13.6,22.2,22.2,163,1089.41,106600,3900,06-MAY-2024,
OPTSTK,UPL,30-May-2024,500.0,PE,17.6,26.7,15.85,25.35,25.35,439,2981.39,1053000,42900,06-MAY-2024,
OPTSTK,UPL,30-May-2024,505.0,PE,21.6,29.5,21.6,28.65,28.65,47,324.71,162500,11700,06-MAY-2024,
OPTSTK,UPL,30-May-2024,510.0,PE,24.85,33.0,21.1,32.25,32.25,77,539.0,332800,-28600,06-MAY-2024,
OPTSTK,UPL,30-May-2024,515.0,PE,28.0,35.45,24.5,35.0,35.25,13,92.24,58500,7800,06-MAY-2024,
OPTSTK,UPL,30-May-2024,520.0,PE,31.65,41.2,31.2,39.1,39.15,56,405.94,487500,-2600,06-MAY-2024,
OPTSTK,UPL,30-May-2024,525.0,PE,40.15,44.75,40.15,40.65,43.2,5,36.83,50700,2600,06-MAY-2024,
OPTSTK,UPL,30-May-2024,530.0,PE,39.3,49.4,39.3,47.25,47.25,28,209.41,176800,11700,06-MAY-2024,
OPTSTK,UPL,30-May-2024,535.0,PE,49.3,52.35,49.3,51.65,51.65,17,129.48,49400,16900,06-MAY-2024,
OPTSTK,UPL,30-May-2024,540.0,PE,47.5,56.0,45.05,56.0,56.25,9,68.88,153400,1300,06-MAY-2024,
OPTSTK,UPL,30-May-2024,545.0,PE,0.0,0.0,0.0,46.1,60.8,0,0.0,27300,0,06-MAY-2024,
OPTSTK,UPL,30-May-2024,550.0,PE,57.9,57.95,57.9,57.9,65.4,3,23.7,702000,1300,06-MAY-2024,
OPTSTK,UPL,30-May-2024,555.0,PE,0.0,0.0,0.0,61.0,70.1,0,0.0,16900,0,06-MAY-2024,
OPTSTK,UPL,30-May-2024,560.0,PE,66.9,66.9,66.9,66.9,74.85,2,16.29,91000,1300,06-MAY-2024,
OPTSTK,UPL,30-May-2024,570.0,PE,0.0,0.0,0.0,75.0,84.45,0,0.0,351000,0,06-MAY-2024,
OPTSTK,UPL,30-May-2024,580.0,PE,86.4,86.4,86.4,86.4,94.2,1,8.66,2600,1300,06-MAY-2024,
OPTSTK,UPL,27-Jun-2024,420.0,CE,0.0,0.0,0.0,55.15,70.7,0,0.0,0,0,06-MAY-2024,
OPTSTK,UPL,27-Jun-2024,430.0,CE,0.0,0.0,0.0,48.5,62.25,0,0.0,0,0,06-MAY-2024,
OPTSTK,UPL,27-Jun-2024,440.0,CE,0.0,0.0,0.0,42.35,54.25,0,0.0,0,0,06-MAY-2024,
OPTSTK,UPL,27-Jun-2024,445.0,CE,0.0,0.0,0.0,71.6,50.45,0,0.0,0,0,06-MAY-2024,
OPTSTK,UPL,27-Jun-2024,450.0,CE,0.0,0.0,0.0,36.75,46.8,0,0.0,0,0,06-MAY-2024,
OPTSTK,UPL,27-Jun-2024,455.0,CE,0.0,0.0,0.0,63.6,43.25,0,0.0,0,0,06-MAY-2024,
OPTSTK,UPL,27-Jun-2024,460.0,CE,0.0,0.0,0.0,31.65,39.85,0,0.0,0,0,06-MAY-2024,
OPTSTK,UPL,27-Jun-2024,465.0,CE,0.0,0.0,0.0,56.1,36.65,0,0.0,0,0,06-MAY-2024,
OPTSTK,UPL,27-Jun-2024,470.0,CE,0.0,0.0,0.0,27.1,33.6,0,0.0,0,0,06-MAY-2024,
OPTSTK,UPL,27-Jun-2024,475.0,CE,0.0,0.0,0.0,49.05,30.75,0,0.0,0,0,06-MAY-2024,
OPTSTK,UPL,27-Jun-2024,480.0,CE,0.0,0.0,0.0,23.05,28.05,0,0.0,0,0,06-MAY-2024,
OPTSTK,UPL,27-Jun-2024,485.0,CE,0.0,0.0,0.0,42.55,25.5,0,0.0,0,0,06-MAY-2024,
OPTSTK,UPL,27-Jun-2024,490.0,CE,0.0,0.0,0.0,19.5,23.1,0,0.0,0,0,06-MAY-2024,
OPTSTK,UPL,27-Jun-2024,495.0,CE,0.0,0.0,0.0,36.6,20.9,0,0.0,0,0,06-MAY-2024,
OPTSTK,UPL,27-Jun-2024,500.0,CE,31.05,31.7,25.0,26.45,26.45,157,1075.75,167700,101400,06-MAY-2024,
OPTSTK,UPL,27-Jun-2024,505.0,CE,0.0,0.0,0.0,31.25,16.9,0,0.0,0,0,06-MAY-2024,
OPTSTK,UPL,27-Jun-2024,510.0,CE,22.0,22.5,21.15,21.5,21.5,11,76.04,15600,7800,06-MAY-2024,
OPTSTK,UPL,27-Jun-2024,515.0,CE,0.0,0.0,0.0,26.45,13.55,0,0.0,0,0,06-MAY-2024,
OPTSTK,UPL,27-Jun-2024,520.0,CE,19.2,19.2,18.0,18.0,12.05,3,21.01,11700,3900,06-MAY-2024,
OPTSTK,UPL,27-Jun-2024,525.0,CE,0.0,0.0,0.0,22.2,10.7,0,0.0,0,0,06-MAY-2024,
OPTSTK,UPL,27-Jun-2024,530.0,CE,0.0,0.0,0.0,9.35,9.5,0,0.0,0,0,06-MAY-2024,
OPTSTK,UPL,27-Jun-2024,535.0,CE,0.0,0.0,0.0,18.5,8.4,0,0.0,0,0,06-MAY-2024,
OPTSTK,UPL,27-Jun-2024,540.0,CE,11.0,14.0,9.2,14.0,14.0,7,50.26,3900,2600,06-MAY-2024,
OPTSTK,UPL,27-Jun-2024,545.0,CE,0.0,0.0,0.0,15.25,6.5,0,0.0,0,0,06-MAY-2024,
OPTSTK,UPL,27-Jun-2024,550.0,CE,10.0,12.95,10.0,10.95,5.7,9,65.7,13000,7800,06-MAY-2024,
OPTSTK,UPL,27-Jun-2024,555.0,CE,0.0,0.0,0.0,12.5,5.0,0,0.0,0,0,06-MAY-2024,
OPTSTK,UPL,27-Jun-2024,560.0,CE,8.5,8.5,8.5,8.5,4.35,1,7.39,1300,1300,06-MAY-2024,
OPTSTK,UPL,27-Jun-2024,570.0,CE,7.5,7.75,7.5,7.65,7.65,9,67.58,15600,9100,06-MAY-2024,
OPTSTK,UPL,27-Jun-2024,580.0,CE,5.95,6.25,5.95,6.25,2.45,2,15.23,2600,2600,06-MAY-2024,
OPTSTK,UPL,27-Jun-2024,420.0,PE,0.0,0.0,0.0,11.65,3.0,0,0.0,0,0,06-MAY-2024,
OPTSTK,UPL,27-Jun-2024,430.0,PE,0.0,0.0,0.0,14.8,4.4,0,0.0,0,0,06-MAY-2024,
OPTSTK,UPL,27-Jun-2024,440.0,PE,0.0,0.0,0.0,18.5,6.3,0,0.0,0,0,06-MAY-2024,
OPTSTK,UPL,27-Jun-2024,445.0,PE,0.0,0.0,0.0,5.15,7.45,0,0.0,0,0,06-MAY-2024,
OPTSTK,UPL,27-Jun-2024,450.0,PE,8.7,13.65,8.7,13.35,13.35,54,324.97,183300,63700,06-MAY-2024,
OPTSTK,UPL,27-Jun-2024,455.0,PE,0.0,0.0,0.0,7.0,10.15,0,0.0,0,0,06-MAY-2024,
OPTSTK,UPL,27-Jun-2024,460.0,PE,13.0,15.5,13.0,15.5,11.75,4,24.66,6500,5200,06-MAY-2024,
OPTSTK,UPL,27-Jun-2024,465.0,PE,0.0,0.0,0.0,9.35,13.5,0,0.0,0,0,06-MAY-2024,
OPTSTK,UPL,27-Jun-2024,470.0,PE,0.0,0.0,0.0,32.7,15.4,0,0.0,0,0,06-MAY-2024,
OPTSTK,UPL,27-Jun-2024,475.0,PE,0.0,0.0,0.0,12.2,17.45,0,0.0,0,0,06-MAY-2024,
OPTSTK,UPL,27-Jun-2024,480.0,PE,19.8,24.0,18.05,21.0,19.7,10,65.05,27300,6500,06-MAY-2024,
OPTSTK,UPL,27-Jun-2024,485.0,PE,0.0,0.0,0.0,15.55,22.1,0,0.0,0,0,06-MAY-2024,
OPTSTK,UPL,27-Jun-2024,490.0,PE,0.0,0.0,0.0,44.75,24.65,0,0.0,0,0,06-MAY-2024,
OPTSTK,UPL,27-Jun-2024,495.0,PE,0.0,0.0,0.0,19.5,27.4,0,0.0,0,0,06-MAY-2024,
OPTSTK,UPL,27-Jun-2024,500.0,PE,30.45,36.75,29.1,36.7,36.7,32,221.32,128700,31200,06-MAY-2024,
OPTSTK,UPL,27-Jun-2024,505.0,PE,0.0,0.0,0.0,24.0,33.3,0,0.0,0,0,06-MAY-2024,
OPTSTK,UPL,27-Jun-2024,510.0,PE,0.0,0.0,0.0,58.55,36.5,0,0.0,0,0,06-MAY-2024,
OPTSTK,UPL,27-Jun-2024,515.0,PE,0.0,0.0,0.0,29.1,39.85,0,0.0,0,0,06-MAY-2024,
OPTSTK,UPL,27-Jun-2024,520.0,PE,0.0,0.0,0.0,24.35,43.3,0,0.0,1300,0,06-MAY-2024,
OPTSTK,UPL,27-Jun-2024,525.0,PE,0.0,0.0,0.0,34.7,46.9,0,0.0,0,0,06-MAY-2024,
OPTSTK,UPL,27-Jun-2024,530.0,PE,0.0,0.0,0.0,73.9,50.65,0,0.0,0,0,06-MAY-2024,
OPTSTK,UPL,27-Jun-2024,535.0,PE,0.0,0.0,0.0,40.85,54.5,0,0.0,0,0,06-MAY-2024,
OPTSTK,UPL,27-Jun-2024,540.0,PE,0.0,0.0,0.0,82.05,58.45,0,0.0,0,0,06-MAY-2024,
OPTSTK,UPL,27-Jun-2024,545.0,PE,0.0,0.0,0.0,47.55,62.5,0,0.0,0,0,06-MAY-2024,
OPTSTK,UPL,27-Jun-2024,550.0,PE,0.0,0.0,0.0,90.45,66.65,0,0.0,0,0,06-MAY-2024,
OPTSTK,UPL,27-Jun-2024,555.0,PE,0.0,0.0,0.0,54.65,70.85,0,0.0,0,0,06-MAY-2024,
OPTSTK,UPL,27-Jun-2024,560.0,PE,0.0,0.0,0.0,99.1,75.2,0,0.0,0,0,06-MAY-2024,
OPTSTK,UPL,27-Jun-2024,570.0,PE,0.0,0.0,0.0,107.95,84.0,0,0.0,0,0,06-MAY-2024,
OPTSTK,UPL,27-Jun-2024,580.0,PE,0.0,0.0,0.0,116.95,93.1,0,0.0,0,0,06-MAY-2024,
OPTSTK,UPL,25-Jul-2024,420.0,CE,0.0,0.0,0.0,97.4,75.55,0,0.0,0,0,06-MAY-2024,
OPTSTK,UPL,25-Jul-2024,440.0,CE,0.0,0.0,0.0,80.8,60.1,0,0.0,0,0,06-MAY-2024,
OPTSTK,UPL,25-Jul-2024,450.0,CE,0.0,0.0,0.0,73.05,53.05,0,0.0,0,0,06-MAY-2024,
OPTSTK,UPL,25-Jul-2024,460.0,CE,0.0,0.0,0.0,65.7,46.5,0,0.0,0,0,06-MAY-2024,
OPTSTK,UPL,25-Jul-2024,470.0,CE,0.0,0.0,0.0,58.75,40.5,0,0.0,0,0,06-MAY-2024,
OPTSTK,UPL,25-Jul-2024,480.0,CE,0.0,0.0,0.0,52.3,35.05,0,0.0,0,0,06-MAY-2024,
OPTSTK,UPL,25-Jul-2024,490.0,CE,0.0,0.0,0.0,46.3,30.1,0,0.0,0,0,06-MAY-2024,
OPTSTK,UPL,25-Jul-2024,500.0,CE,0.0,0.0,0.0,40.75,25.65,0,0.0,0,0,06-MAY-2024,
OPTSTK,UPL,25-Jul-2024,510.0,CE,0.0,0.0,0.0,35.7,21.75,0,0.0,0,0,06-MAY-2024,
OPTSTK,UPL,25-Jul-2024,520.0,CE,0.0,0.0,0.0,31.1,18.3,0,0.0,0,0,06-MAY-2024,
OPTSTK,UPL,25-Jul-2024,530.0,CE,0.0,0.0,0.0,26.95,15.3,0,0.0,0,0,06-MAY-2024,
OPTSTK,UPL,25-Jul-2024,540.0,CE,0.0,0.0,0.0,23.25,12.75,0,0.0,0,0,06-MAY-2024,
OPTSTK,UPL,25-Jul-2024,550.0,CE,0.0,0.0,0.0,19.95,10.55,0,0.0,0,0,06-MAY-2024,
OPTSTK,UPL,25-Jul-2024,560.0,CE,0.0,0.0,0.0,17.0,8.65,0,0.0,0,0,06-MAY-2024,
OPTSTK,UPL,25-Jul-2024,580.0,CE,0.0,0.0,0.0,12.25,5.7,0,0.0,0,0,06-MAY-2024,
OPTSTK,UPL,25-Jul-2024,420.0,PE,0.0,0.0,0.0,3.9,5.5,0,0.0,0,0,06-MAY-2024,
OPTSTK,UPL,25-Jul-2024,440.0,PE,0.0,0.0,0.0,7.0,9.75,0,0.0,0,0,06-MAY-2024,
OPTSTK,UPL,25-Jul-2024,450.0,PE,15.0,15.85,15.0,15.45,15.45,2,12.1,2600,2600,06-MAY-2024,
OPTSTK,UPL,25-Jul-2024,460.0,PE,0.0,0.0,0.0,11.5,15.85,0,0.0,0,0,06-MAY-2024,
OPTSTK,UPL,25-Jul-2024,470.0,PE,0.0,0.0,0.0,14.4,19.65,0,0.0,0,0,06-MAY-2024,
OPTSTK,UPL,25-Jul-2024,480.0,PE,0.0,0.0,0.0,17.75,24.05,0,0.0,0,0,06-MAY-2024,
OPTSTK,UPL,25-Jul-2024,490.0,PE,0.0,0.0,0.0,21.55,28.95,0,0.0,0,0,06-MAY-2024,
OPTSTK,UPL,25-Jul-2024,500.0,PE,0.0,0.0,0.0,25.8,34.35,0,0.0,0,0,06-MAY-2024,
OPTSTK,UPL,25-Jul-2024,510.0,PE,0.0,0.0,0.0,30.6,40.3,0,0.0,0,0,06-MAY-2024,
OPTSTK,UPL,25-Jul-2024,520.0,PE,0.0,0.0,0.0,35.8,46.7,0,0.0,0,0,06-MAY-2024,
OPTSTK,UPL,25-Jul-2024,530.0,PE,0.0,0.0,0.0,41.45,53.5,0,0.0,0,0,06-MAY-2024,
OPTSTK,UPL,25-Jul-2024,540.0,PE,0.0,0.0,0.0,47.6,60.8,0,0.0,0,0,06-MAY-2024,
OPTSTK,UPL,25-Jul-2024,550.0,PE,0.0,0.0,0.0,54.1,68.45,0,0.0,0,0,06-MAY-2024,
OPTSTK,UPL,25-Jul-2024,560.0,PE,0.0,0.0,0.0,61.0,76.35,0,0.0,0,0,06-MAY-2024,
OPTSTK,UPL,25-Jul-2024,580.0,PE,0.0,0.0,0.0,75.9,93.15,0,0.0,0,0,06-MAY-2024,
OPTSTK,VEDL,30-May-2024,260.0,CE,0.0,0.0,0.0,156.35,151.7,0,0.0,20700,0,06-MAY-2024,
OPTSTK,VEDL,30-May-2024,265.0,CE,0.0,0.0,0.0,112.05,146.75,0,0.0,4600,0,06-MAY-2024,
OPTSTK,VEDL,30-May-2024,270.0,CE,0.0,0.0,0.0,114.6,141.75,0,0.0,18400,0,06-MAY-2024,
OPTSTK,VEDL,30-May-2024,280.0,CE,0.0,0.0,0.0,120.5,131.8,0,0.0,57500,0,06-MAY-2024,
OPTSTK,VEDL,30-May-2024,290.0,CE,0.0,0.0,0.0,130.0,121.85,0,0.0,9200,0,06-MAY-2024,
OPTSTK,VEDL,30-May-2024,300.0,CE,115.0,115.0,107.5,110.0,111.9,9,84.92,292100,-16100,06-MAY-2024,
OPTSTK,VEDL,30-May-2024,310.0,CE,104.0,104.0,104.0,104.0,102.0,2,19.04,48300,0,06-MAY-2024,
OPTSTK,VEDL,30-May-2024,320.0,CE,89.5,89.5,89.5,89.5,92.15,2,18.83,94300,-4600,06-MAY-2024,
OPTSTK,VEDL,30-May-2024,325.0,CE,0.0,0.0,0.0,76.0,87.2,0,0.0,55200,0,06-MAY-2024,
OPTSTK,VEDL,30-May-2024,330.0,CE,0.0,0.0,0.0,83.0,82.35,0,0.0,181700,0,06-MAY-2024,
OPTSTK,VEDL,30-May-2024,335.0,CE,0.0,0.0,0.0,48.5,77.5,0,0.0,2300,0,06-MAY-2024,
OPTSTK,VEDL,30-May-2024,340.0,CE,70.0,70.0,70.0,70.0,72.7,1,9.43,52900,-2300,06-MAY-2024,
OPTSTK,VEDL,30-May-2024,345.0,CE,0.0,0.0,0.0,65.0,68.0,0,0.0,75900,0,06-MAY-2024,
OPTSTK,VEDL,30-May-2024,350.0,CE,71.5,71.5,58.05,65.5,63.35,34,324.84,289800,-27600,06-MAY-2024,
OPTSTK,VEDL,30-May-2024,355.0,CE,0.0,0.0,0.0,49.0,58.75,0,0.0,6900,0,06-MAY-2024,
OPTSTK,VEDL,30-May-2024,360.0,CE,55.0,56.1,52.65,52.75,54.3,11,104.74,259900,-2300,06-MAY-2024,
OPTSTK,VEDL,30-May-2024,365.0,CE,54.45,54.45,46.4,48.7,50.0,3,28.62,64400,0,06-MAY-2024,
OPTSTK,VEDL,30-May-2024,370.0,CE,45.0,47.8,40.55,45.8,45.8,184,1756.39,312800,-154100,06-MAY-2024,
OPTSTK,VEDL,30-May-2024,375.0,CE,38.05,42.75,36.5,41.1,41.1,6,57.25,78200,-4600,06-MAY-2024,
OPTSTK,VEDL,30-May-2024,380.0,CE,37.2,39.4,32.25,37.35,37.35,125,1198.84,568100,-101200,06-MAY-2024,
OPTSTK,VEDL,30-May-2024,385.0,CE,33.9,33.9,30.5,32.3,34.25,12,115.15,213900,-6900,06-MAY-2024,
OPTSTK,VEDL,30-May-2024,390.0,CE,33.65,33.65,25.25,29.5,29.5,67,645.47,915400,0,06-MAY-2024,
OPTSTK,VEDL,30-May-2024,395.0,CE,27.2,27.65,22.15,27.05,27.05,33,319.03,179400,-2300,06-MAY-2024,
OPTSTK,VEDL,30-May-2024,400.0,CE,27.0,27.05,19.0,22.8,22.8,933,9056.12,2539200,-16100,06-MAY-2024,
OPTSTK,VEDL,30-May-2024,405.0,CE,24.45,24.55,16.45,20.2,20.2,394,3846.93,460000,39100,06-MAY-2024,
OPTSTK,VEDL,30-May-2024,410.0,CE,21.2,21.25,14.0,17.4,17.4,2459,24134.13,1883700,144900,06-MAY-2024,
OPTSTK,VEDL,30-May-2024,415.0,CE,18.35,18.65,12.1,15.0,15.0,1286,12706.09,1113200,52900,06-MAY-2024,
OPTSTK,VEDL,30-May-2024,420.0,CE,15.0,16.45,10.3,12.8,12.8,3650,36306.72,3256800,117300,06-MAY-2024,
OPTSTK,VEDL,30-May-2024,425.0,CE,13.95,13.95,8.75,10.9,10.9,1125,11269.4,731400,23000,06-MAY-2024,
OPTSTK,VEDL,30-May-2024,430.0,CE,11.65,12.0,7.35,9.1,9.1,2059,20784.21,3592600,57500,06-MAY-2024,
OPTSTK,VEDL,30-May-2024,435.0,CE,9.65,9.8,6.25,7.75,7.75,880,8955.43,538200,27600,06-MAY-2024,
OPTSTK,VEDL,30-May-2024,440.0,CE,8.25,8.45,5.35,6.55,6.55,1308,13428.6,1262700,11500,06-MAY-2024,
OPTSTK,VEDL,30-May-2024,445.0,CE,6.95,6.95,4.6,5.55,5.55,268,2775.89,239200,-39100,06-MAY-2024,
OPTSTK,VEDL,30-May-2024,450.0,CE,5.95,6.05,3.75,4.55,4.55,1639,17134.5,2539200,-66700,06-MAY-2024,
OPTSTK,VEDL,30-May-2024,455.0,CE,5.1,5.1,3.2,3.85,3.85,807,8516.33,1301800,-43700,06-MAY-2024,
OPTSTK,VEDL,30-May-2024,460.0,CE,3.55,3.8,2.7,3.25,3.25,508,5411.68,262200,262200,06-MAY-2024,
OPTSTK,VEDL,30-May-2024,245.0,PE,0.6,0.6,0.2,0.2,0.2,2,11.28,2300,0,06-MAY-2024,
OPTSTK,VEDL,30-May-2024,250.0,PE,0.4,0.45,0.4,0.45,0.45,10,57.6,598000,-2300,06-MAY-2024,
OPTSTK,VEDL,30-May-2024,255.0,PE,0.5,0.5,0.5,0.5,0.0,1,5.87,2300,2300,06-MAY-2024,
OPTSTK,VEDL,30-May-2024,260.0,PE,0.3,0.3,0.3,0.3,0.3,1,5.98,20700,0,06-MAY-2024,
OPTSTK,VEDL,30-May-2024,265.0,PE,0.5,0.5,0.5,0.5,0.0,1,6.1,6900,2300,06-MAY-2024,
OPTSTK,VEDL,30-May-2024,270.0,PE,0.0,0.0,0.0,0.45,0.0,0,0.0,39100,0,06-MAY-2024,
OPTSTK,VEDL,30-May-2024,280.0,PE,0.4,0.45,0.4,0.45,0.0,4,25.79,96600,-2300,06-MAY-2024,
OPTSTK,VEDL,30-May-2024,290.0,PE,0.75,0.75,0.55,0.55,0.05,4,26.73,239200,0,06-MAY-2024,
OPTSTK,VEDL,30-May-2024,300.0,PE,0.5,0.6,0.5,0.6,0.6,59,407.86,1750300,-34500,06-MAY-2024,
OPTSTK,VEDL,30-May-2024,305.0,PE,0.0,0.0,0.0,0.5,0.05,0,0.0,16100,0,06-MAY-2024,
OPTSTK,VEDL,30-May-2024,310.0,PE,0.5,0.65,0.5,0.65,0.65,10,71.43,202400,-4600,06-MAY-2024,
OPTSTK,VEDL,30-May-2024,315.0,PE,0.95,0.95,0.95,0.95,0.1,2,14.53,41400,0,06-MAY-2024,
OPTSTK,VEDL,30-May-2024,320.0,PE,0.65,0.85,0.65,0.8,0.8,111,818.91,979800,-9200,06-MAY-2024,
OPTSTK,VEDL,30-May-2024,325.0,PE,0.7,0.8,0.7,0.75,0.2,6,44.95,167900,-2300,06-MAY-2024,
OPTSTK,VEDL,30-May-2024,330.0,PE,0.75,1.0,0.7,0.9,0.9,156,1187.16,1108600,-117300,06-MAY-2024,
OPTSTK,VEDL,30-May-2024,335.0,PE,0.8,1.1,0.8,0.95,0.95,113,873.38,195500,-57500,06-MAY-2024,
OPTSTK,VEDL,30-May-2024,340.0,PE,0.9,1.3,0.85,1.15,1.15,293,2299.0,883200,-82800,06-MAY-2024,
OPTSTK,VEDL,30-May-2024,345.0,PE,1.1,1.55,1.1,1.35,1.35,44,350.51,147200,-11500,06-MAY-2024,
OPTSTK,VEDL,30-May-2024,350.0,PE,1.1,2.0,1.1,1.6,1.6,700,5661.55,2033200,-181700,06-MAY-2024,
OPTSTK,VEDL,30-May-2024,355.0,PE,1.3,2.3,1.25,1.85,1.85,176,1444.11,326600,87400,06-MAY-2024,
OPTSTK,VEDL,30-May-2024,360.0,PE,1.55,2.8,1.5,2.25,2.25,365,3041.24,1067200,-48300,06-MAY-2024,
OPTSTK,VEDL,30-May-2024,365.0,PE,1.95,3.2,1.85,2.7,2.7,195,1649.1,349600,-4600,06-MAY-2024,
OPTSTK,VEDL,30-May-2024,370.0,PE,2.2,4.0,2.2,3.2,3.2,464,3983.64,1653700,-57500,06-MAY-2024,
OPTSTK,VEDL,30-May-2024,375.0,PE,3.05,4.8,3.05,3.85,3.85,359,3128.79,519800,-59800,06-MAY-2024,
OPTSTK,VEDL,30-May-2024,380.0,PE,3.4,5.95,3.2,4.7,4.7,856,7577.2,1782500,-200100,06-MAY-2024,
OPTSTK,VEDL,30-May-2024,385.0,PE,3.8,7.2,3.8,5.7,5.7,396,3558.68,844100,-29900,06-MAY-2024,
OPTSTK,VEDL,30-May-2024,390.0,PE,4.65,8.7,4.65,6.9,6.9,1119,10220.13,1582400,-108100,06-MAY-2024,
OPTSTK,VEDL,30-May-2024,395.0,PE,5.65,10.55,5.6,8.4,8.4,598,5554.5,614100,-9200,06-MAY-2024,
OPTSTK,VEDL,30-May-2024,400.0,PE,6.9,12.65,6.9,10.15,10.15,2000,18880.82,2525400,-163300,06-MAY-2024,
OPTSTK,VEDL,30-May-2024,405.0,PE,8.6,15.1,8.55,12.15,12.15,1090,10467.13,439300,23000,06-MAY-2024,
OPTSTK,VEDL,30-May-2024,410.0,PE,10.4,17.7,10.4,14.55,14.55,2187,21358.43,1161500,55200,06-MAY-2024,
OPTSTK,VEDL,30-May-2024,415.0,PE,13.2,20.6,13.1,17.05,17.05,602,5984.28,319700,2300,06-MAY-2024,
OPTSTK,VEDL,30-May-2024,420.0,PE,15.35,23.6,15.35,19.85,19.85,567,5733.05,1101700,-62100,06-MAY-2024,
OPTSTK,VEDL,30-May-2024,425.0,PE,20.2,26.95,20.2,23.4,23.4,57,587.61,78200,11500,06-MAY-2024,
OPTSTK,VEDL,30-May-2024,430.0,PE,22.15,30.55,22.15,26.15,26.15,75,787.16,200100,13800,06-MAY-2024,
OPTSTK,VEDL,30-May-2024,435.0,PE,29.25,34.65,27.75,29.35,29.35,55,588.36,52900,25300,06-MAY-2024,
OPTSTK,VEDL,30-May-2024,440.0,PE,33.0,37.0,32.45,32.45,35.35,4,43.67,78200,4600,06-MAY-2024,
OPTSTK,VEDL,30-May-2024,445.0,PE,0.0,0.0,0.0,46.8,39.15,0,0.0,4600,0,06-MAY-2024,
OPTSTK,VEDL,30-May-2024,450.0,PE,40.95,45.5,39.3,42.15,43.05,9,102.07,36800,0,06-MAY-2024,
OPTSTK,VEDL,30-May-2024,455.0,PE,46.0,46.0,46.0,46.0,47.1,1,11.52,0,-2300,06-MAY-2024,
OPTSTK,VEDL,30-May-2024,460.0,PE,47.35,55.65,47.35,50.05,50.05,5,58.72,6900,6900,06-MAY-2024,
OPTSTK,VEDL,27-Jun-2024,360.0,CE,0.0,0.0,0.0,70.0,60.6,0,0.0,4600,0,06-MAY-2024,
OPTSTK,VEDL,27-Jun-2024,370.0,CE,0.0,0.0,0.0,3.65,53.05,0,0.0,0,0,06-MAY-2024,
OPTSTK,VEDL,27-Jun-2024,375.0,CE,0.0,0.0,0.0,32.1,49.45,0,0.0,0,0,06-MAY-2024,
OPTSTK,VEDL,27-Jun-2024,380.0,CE,41.05,41.05,41.05,41.05,46.0,1,9.68,71300,2300,06-MAY-2024,
OPTSTK,VEDL,27-Jun-2024,385.0,CE,0.0,0.0,0.0,27.15,42.7,0,0.0,0,0,06-MAY-2024,
OPTSTK,VEDL,27-Jun-2024,390.0,CE,0.0,0.0,0.0,3.7,39.6,0,0.0,0,0,06-MAY-2024,
OPTSTK,VEDL,27-Jun-2024,395.0,CE,0.0,0.0,0.0,22.8,36.6,0,0.0,0,0,06-MAY-2024,
OPTSTK,VEDL,27-Jun-2024,400.0,CE,36.0,40.5,35.5,37.0,33.75,11,110.93,131100,13800,06-MAY-2024,
OPTSTK,VEDL,27-Jun-2024,405.0,CE,0.0,0.0,0.0,29.25,31.05,0,0.0,2300,0,06-MAY-2024,
OPTSTK,VEDL,27-Jun-2024,410.0,CE,36.3,36.3,30.95,33.0,33.0,17,173.17,46000,16100,06-MAY-2024,
OPTSTK,VEDL,27-Jun-2024,415.0,CE,0.0,0.0,0.0,23.15,26.15,0,0.0,2300,0,06-MAY-2024,
OPTSTK,VEDL,27-Jun-2024,420.0,CE,31.55,31.55,27.2,29.05,29.05,19,196.12,147200,9200,06-MAY-2024,
OPTSTK,VEDL,27-Jun-2024,425.0,CE,25.0,26.0,25.0,26.0,21.8,11,114.08,25300,25300,06-MAY-2024,
OPTSTK,VEDL,27-Jun-2024,430.0,CE,23.5,25.65,23.45,25.65,19.85,5,52.23,57500,6900,06-MAY-2024,
OPTSTK,VEDL,27-Jun-2024,435.0,CE,0.0,0.0,0.0,10.55,18.05,0,0.0,0,0,06-MAY-2024,
OPTSTK,VEDL,27-Jun-2024,440.0,CE,21.05,21.05,21.05,21.05,21.05,1,10.6,16100,0,06-MAY-2024,
OPTSTK,VEDL,27-Jun-2024,450.0,CE,17.8,18.85,16.8,18.15,18.15,32,344.44,234600,0,06-MAY-2024,
OPTSTK,VEDL,27-Jun-2024,460.0,CE,15.25,15.9,14.9,15.1,10.85,8,87.47,9200,9200,06-MAY-2024,
OPTSTK,VEDL,27-Jun-2024,300.0,PE,1.75,1.75,1.35,1.7,0.45,16,110.97,119600,0,06-MAY-2024,
OPTSTK,VEDL,27-Jun-2024,330.0,PE,3.35,3.35,3.35,3.35,2.05,1,7.66,59800,0,06-MAY-2024,
OPTSTK,VEDL,27-Jun-2024,360.0,PE,9.95,10.0,9.25,10.0,6.35,7,59.53,158700,6900,06-MAY-2024,
OPTSTK,VEDL,27-Jun-2024,370.0,PE,0.0,0.0,0.0,79.6,8.75,0,0.0,0,0,06-MAY-2024,
OPTSTK,VEDL,27-Jun-2024,375.0,PE,0.0,0.0,0.0,21.35,10.1,0,0.0,0,0,06-MAY-2024,
OPTSTK,VEDL,27-Jun-2024,380.0,PE,13.5,16.55,13.5,15.75,11.6,16,145.55,36800,25300,06-MAY-2024,
OPTSTK,VEDL,27-Jun-2024,385.0,PE,0.0,0.0,0.0,26.3,13.25,0,0.0,0,0,06-MAY-2024,
OPTSTK,VEDL,27-Jun-2024,390.0,PE,20.3,20.3,18.2,19.15,19.15,18,169.42,23000,23000,06-MAY-2024,
OPTSTK,VEDL,27-Jun-2024,395.0,PE,0.0,0.0,0.0,31.8,17.0,0,0.0,0,0,06-MAY-2024,
OPTSTK,VEDL,27-Jun-2024,400.0,PE,23.0,25.75,22.2,23.45,19.15,18,175.4,172500,0,06-MAY-2024,
OPTSTK,VEDL,27-Jun-2024,405.0,PE,0.0,0.0,0.0,37.85,21.4,0,0.0,0,0,06-MAY-2024,
OPTSTK,VEDL,27-Jun-2024,410.0,PE,28.35,28.35,28.3,28.35,28.35,2,20.16,11500,2300,06-MAY-2024,
OPTSTK,VEDL,27-Jun-2024,415.0,PE,0.0,0.0,0.0,44.45,26.35,0,0.0,0,0,06-MAY-2024,
OPTSTK,VEDL,27-Jun-2024,420.0,PE,36.0,36.0,32.35,32.8,29.1,4,41.71,25300,4600,06-MAY-2024,
OPTSTK,VEDL,27-Jun-2024,425.0,PE,0.0,0.0,0.0,51.5,31.95,0,0.0,0,0,06-MAY-2024,
OPTSTK,VEDL,27-Jun-2024,430.0,PE,0.0,0.0,0.0,89.65,34.95,0,0.0,0,0,06-MAY-2024,
OPTSTK,VEDL,27-Jun-2024,435.0,PE,0.0,0.0,0.0,59.05,38.05,0,0.0,0,0,06-MAY-2024,
OPTSTK,VEDL,27-Jun-2024,440.0,PE,0.0,0.0,0.0,42.0,41.35,0,0.0,20700,0,06-MAY-2024,
OPTSTK,VEDL,27-Jun-2024,450.0,PE,0.0,0.0,0.0,44.0,48.25,0,0.0,4600,0,06-MAY-2024,
OPTSTK,VEDL,27-Jun-2024,460.0,PE,57.0,57.0,57.0,57.0,55.65,1,11.89,2300,2300,06-MAY-2024,
OPTSTK,VEDL,25-Jul-2024,360.0,CE,0.0,0.0,0.0,46.65,66.35,0,0.0,0,0,06-MAY-2024,
OPTSTK,VEDL,25-Jul-2024,370.0,CE,0.0,0.0,0.0,41.05,59.25,0,0.0,0,0,06-MAY-2024,
OPTSTK,VEDL,25-Jul-2024,380.0,CE,0.0,0.0,0.0,35.9,52.7,0,0.0,0,0,06-MAY-2024,
OPTSTK,VEDL,25-Jul-2024,390.0,CE,0.0,0.0,0.0,31.25,46.6,0,0.0,0,0,06-MAY-2024,
OPTSTK,VEDL,25-Jul-2024,400.0,CE,0.0,0.0,0.0,27.1,41.0,0,0.0,0,0,06-MAY-2024,
OPTSTK,VEDL,25-Jul-2024,410.0,CE,0.0,0.0,0.0,23.35,35.85,0,0.0,0,0,06-MAY-2024,
OPTSTK,VEDL,25-Jul-2024,420.0,CE,0.0,0.0,0.0,20.05,31.25,0,0.0,0,0,06-MAY-2024,
OPTSTK,VEDL,25-Jul-2024,430.0,CE,0.0,0.0,0.0,17.15,27.05,0,0.0,0,0,06-MAY-2024,
OPTSTK,VEDL,25-Jul-2024,440.0,CE,0.0,0.0,0.0,14.6,23.35,0,0.0,0,0,06-MAY-2024,
OPTSTK,VEDL,25-Jul-2024,450.0,CE,0.0,0.0,0.0,12.4,20.05,0,0.0,0,0,06-MAY-2024,
OPTSTK,VEDL,25-Jul-2024,460.0,CE,0.0,0.0,0.0,10.5,17.15,0,0.0,0,0,06-MAY-2024,
OPTSTK,VEDL,25-Jul-2024,360.0,PE,0.0,0.0,0.0,19.1,10.15,0,0.0,0,0,06-MAY-2024,
OPTSTK,VEDL,25-Jul-2024,370.0,PE,0.0,0.0,0.0,23.3,12.9,0,0.0,0,0,06-MAY-2024,
OPTSTK,VEDL,25-Jul-2024,380.0,PE,0.0,0.0,0.0,28.0,16.15,0,0.0,0,0,06-MAY-2024,
OPTSTK,VEDL,25-Jul-2024,390.0,PE,0.0,0.0,0.0,33.15,19.9,0,0.0,0,0,06-MAY-2024,
OPTSTK,VEDL,25-Jul-2024,400.0,PE,0.0,0.0,0.0,38.8,24.15,0,0.0,0,0,06-MAY-2024,
OPTSTK,VEDL,25-Jul-2024,410.0,PE,0.0,0.0,0.0,44.9,28.9,0,0.0,0,0,06-MAY-2024,
OPTSTK,VEDL,25-Jul-2024,420.0,PE,0.0,0.0,0.0,51.4,34.1,0,0.0,0,0,06-MAY-2024,
OPTSTK,VEDL,25-Jul-2024,430.0,PE,0.0,0.0,0.0,58.35,39.75,0,0.0,0,0,06-MAY-2024,
OPTSTK,VEDL,25-Jul-2024,440.0,PE,0.0,0.0,0.0,65.6,45.9,0,0.0,0,0,06-MAY-2024,
OPTSTK,VEDL,25-Jul-2024,450.0,PE,0.0,0.0,0.0,73.25,52.45,0,0.0,0,0,06-MAY-2024,
OPTSTK,VEDL,25-Jul-2024,460.0,PE,0.0,0.0,0.0,81.1,59.35,0,0.0,0,0,06-MAY-2024,
OPTSTK,VOLTAS,30-May-2024,1000.0,CE,0.0,0.0,0.0,293.0,451.85,0,0.0,1200,0,06-MAY-2024,
OPTSTK,VOLTAS,30-May-2024,1100.0,CE,0.0,0.0,0.0,325.0,352.3,0,0.0,1800,0,06-MAY-2024,
OPTSTK,VOLTAS,30-May-2024,1150.0,CE,0.0,0.0,0.0,283.35,302.65,0,0.0,600,0,06-MAY-2024,
OPTSTK,VOLTAS,30-May-2024,1160.0,CE,0.0,0.0,0.0,97.8,292.75,0,0.0,600,0,06-MAY-2024,
OPTSTK,VOLTAS,30-May-2024,1170.0,CE,0.0,0.0,0.0,233.3,282.85,0,0.0,600,0,06-MAY-2024,
OPTSTK,VOLTAS,30-May-2024,1200.0,CE,265.0,272.0,265.0,268.0,253.3,3,26.43,19200,-1200,06-MAY-2024,
OPTSTK,VOLTAS,30-May-2024,1240.0,CE,0.0,0.0,0.0,200.0,214.5,0,0.0,1200,0,06-MAY-2024,
OPTSTK,VOLTAS,30-May-2024,1250.0,CE,0.0,0.0,0.0,209.3,204.95,0,0.0,5400,0,06-MAY-2024,
OPTSTK,VOLTAS,30-May-2024,1280.0,CE,0.0,0.0,0.0,167.75,176.9,0,0.0,3000,0,06-MAY-2024,
OPTSTK,VOLTAS,30-May-2024,1290.0,CE,0.0,0.0,0.0,180.65,167.8,0,0.0,1800,0,06-MAY-2024,
OPTSTK,VOLTAS,30-May-2024,1300.0,CE,190.5,192.0,163.0,163.9,163.9,27,238.65,42600,-9000,06-MAY-2024,
OPTSTK,VOLTAS,30-May-2024,1310.0,CE,174.95,174.95,174.95,174.95,150.05,1,8.9,2400,0,06-MAY-2024,
OPTSTK,VOLTAS,30-May-2024,1320.0,CE,150.0,150.0,150.0,150.0,150.0,1,8.82,31800,0,06-MAY-2024,
OPTSTK,VOLTAS,30-May-2024,1330.0,CE,0.0,0.0,0.0,97.5,133.0,0,0.0,600,0,06-MAY-2024,
OPTSTK,VOLTAS,30-May-2024,1340.0,CE,0.0,0.0,0.0,147.15,124.8,0,0.0,29400,0,06-MAY-2024,
OPTSTK,VOLTAS,30-May-2024,1350.0,CE,147.75,147.75,123.25,124.1,124.1,17,150.85,31800,-4800,06-MAY-2024,
OPTSTK,VOLTAS,30-May-2024,1360.0,CE,141.75,141.75,141.75,141.75,109.05,1,9.01,7800,-600,06-MAY-2024,
OPTSTK,VOLTAS,30-May-2024,1370.0,CE,0.0,0.0,0.0,131.55,101.65,0,0.0,9000,0,06-MAY-2024,
OPTSTK,VOLTAS,30-May-2024,1380.0,CE,109.0,109.0,109.0,109.0,94.35,1,8.93,10200,-600,06-MAY-2024,
OPTSTK,VOLTAS,30-May-2024,1390.0,CE,116.4,116.4,100.0,100.0,87.4,5,44.8,8400,600,06-MAY-2024,
OPTSTK,VOLTAS,30-May-2024,1400.0,CE,112.4,116.05,88.45,90.55,90.55,178,1599.63,176400,-39600,06-MAY-2024,
OPTSTK,VOLTAS,30-May-2024,1410.0,CE,0.0,0.0,0.0,97.55,74.45,0,0.0,52800,0,06-MAY-2024,
OPTSTK,VOLTAS,30-May-2024,1420.0,CE,96.9,97.5,77.9,78.55,78.55,18,162.65,119400,0,06-MAY-2024,
OPTSTK,VOLTAS,30-May-2024,1430.0,CE,91.95,91.95,72.25,73.9,73.9,43,388.5,47400,3600,06-MAY-2024,
OPTSTK,VOLTAS,30-May-2024,1440.0,CE,86.0,86.0,67.7,68.85,68.85,84,761.02,40200,-1800,06-MAY-2024,
OPTSTK,VOLTAS,30-May-2024,1450.0,CE,78.8,80.0,62.1,64.1,64.1,348,3168.1,173400,13200,06-MAY-2024,
OPTSTK,VOLTAS,30-May-2024,1460.0,CE,73.05,73.05,58.0,59.55,59.55,207,1889.61,63600,-19200,06-MAY-2024,
OPTSTK,VOLTAS,30-May-2024,1470.0,CE,67.0,68.0,53.25,54.9,54.9,224,2053.81,61800,15000,06-MAY-2024,
OPTSTK,VOLTAS,30-May-2024,1480.0,CE,63.0,66.65,48.85,51.1,51.1,543,5000.02,87000,27000,06-MAY-2024,
OPTSTK,VOLTAS,30-May-2024,1490.0,CE,60.8,61.65,44.75,47.2,47.2,558,5160.44,63000,-52800,06-MAY-2024,
OPTSTK,VOLTAS,30-May-2024,1500.0,CE,54.95,57.5,41.65,43.8,43.8,2236,20757.09,651600,173400,06-MAY-2024,
OPTSTK,VOLTAS,30-May-2024,1510.0,CE,50.0,50.0,37.35,40.2,40.2,129,1201.1,56400,-8400,06-MAY-2024,
OPTSTK,VOLTAS,30-May-2024,1520.0,CE,45.1,45.8,35.35,36.8,36.8,199,1861.59,67200,7200,06-MAY-2024,
OPTSTK,VOLTAS,30-May-2024,1530.0,CE,43.05,43.55,32.3,33.85,33.85,170,1597.02,69600,6000,06-MAY-2024,
OPTSTK,VOLTAS,30-May-2024,1540.0,CE,36.45,38.4,29.4,30.9,30.9,192,1811.62,77400,3600,06-MAY-2024,
OPTSTK,VOLTAS,30-May-2024,1550.0,CE,37.25,37.25,26.55,28.3,28.3,731,6932.16,283200,13200,06-MAY-2024,
OPTSTK,VOLTAS,30-May-2024,1560.0,CE,32.2,32.2,24.6,25.9,25.9,177,1685.11,102000,600,06-MAY-2024,
OPTSTK,VOLTAS,30-May-2024,1570.0,CE,26.75,29.1,22.4,23.45,23.45,96,918.24,43200,40200,06-MAY-2024,
OPTSTK,VOLTAS,30-May-2024,1580.0,CE,26.5,26.5,20.0,21.35,21.35,160,1537.95,139800,8400,06-MAY-2024,
OPTSTK,VOLTAS,30-May-2024,1590.0,CE,23.6,23.6,23.55,23.55,23.55,2,19.36,1200,1200,06-MAY-2024,
OPTSTK,VOLTAS,30-May-2024,1600.0,CE,23.1,23.55,16.25,17.95,17.95,1150,11169.79,300000,45000,06-MAY-2024,
OPTSTK,VOLTAS,30-May-2024,1620.0,CE,18.2,19.45,13.2,14.6,14.6,162,1589.91,120000,5400,06-MAY-2024,
OPTSTK,VOLTAS,30-May-2024,1640.0,CE,17.5,17.5,10.95,11.9,11.9,621,6158.83,97800,21000,06-MAY-2024,
OPTSTK,VOLTAS,30-May-2024,1660.0,CE,11.0,11.9,8.95,9.8,9.8,245,2455.05,58200,58200,06-MAY-2024,
OPTSTK,VOLTAS,30-May-2024,1060.0,PE,0.0,0.0,0.0,6.9,0.0,0,0.0,600,0,06-MAY-2024,
OPTSTK,VOLTAS,30-May-2024,1100.0,PE,0.0,0.0,0.0,1.2,0.05,0,0.0,36000,0,06-MAY-2024,
OPTSTK,VOLTAS,30-May-2024,1120.0,PE,0.0,0.0,0.0,5.85,0.05,0,0.0,600,0,06-MAY-2024,
OPTSTK,VOLTAS,30-May-2024,1150.0,PE,1.35,1.35,1.3,1.35,1.35,5,34.54,61200,600,06-MAY-2024,
OPTSTK,VOLTAS,30-May-2024,1160.0,PE,0.0,0.0,0.0,2.2,0.2,0,0.0,1200,0,06-MAY-2024,
OPTSTK,VOLTAS,30-May-2024,1170.0,PE,2.0,2.0,2.0,2.0,2.0,1,7.03,0,-600,06-MAY-2024,
OPTSTK,VOLTAS,30-May-2024,1200.0,PE,2.35,3.55,2.2,3.35,3.35,267,1926.86,244800,57600,06-MAY-2024,
OPTSTK,VOLTAS,30-May-2024,1220.0,PE,0.0,0.0,0.0,2.25,0.95,0,0.0,600,0,06-MAY-2024,
OPTSTK,VOLTAS,30-May-2024,1230.0,PE,0.0,0.0,0.0,3.6,1.25,0,0.0,11400,0,06-MAY-2024,
OPTSTK,VOLTAS,30-May-2024,1240.0,PE,0.0,0.0,0.0,3.3,1.6,0,0.0,600,0,06-MAY-2024,
OPTSTK,VOLTAS,30-May-2024,1250.0,PE,4.0,6.0,3.5,5.9,5.9,500,3764.71,155400,-42600,06-MAY-2024,
OPTSTK,VOLTAS,30-May-2024,1260.0,PE,4.3,4.3,4.3,4.3,2.5,2,15.17,14400,600,06-MAY-2024,
OPTSTK,VOLTAS,30-May-2024,1270.0,PE,0.0,0.0,0.0,7.9,3.1,0,0.0,15600,0,06-MAY-2024,
OPTSTK,VOLTAS,30-May-2024,1280.0,PE,5.8,8.75,5.5,8.65,8.65,165,1273.83,48600,21600,06-MAY-2024,
OPTSTK,VOLTAS,30-May-2024,1290.0,PE,0.0,0.0,0.0,8.5,4.65,0,0.0,33000,0,06-MAY-2024,
OPTSTK,VOLTAS,30-May-2024,1300.0,PE,7.0,11.8,6.9,11.5,11.5,1005,7893.88,384600,-51600,06-MAY-2024,
OPTSTK,VOLTAS,30-May-2024,1310.0,PE,8.75,8.75,8.5,8.75,6.8,25,197.8,25800,7200,06-MAY-2024,
OPTSTK,VOLTAS,30-May-2024,1320.0,PE,9.8,14.7,9.05,14.45,14.45,106,847.0,50400,-10200,06-MAY-2024,
OPTSTK,VOLTAS,30-May-2024,1330.0,PE,12.65,14.7,10.4,14.7,14.7,45,362.4,32400,2400,06-MAY-2024,
OPTSTK,VOLTAS,30-May-2024,1340.0,PE,10.25,14.55,10.25,14.55,11.4,48,389.69,65400,6000,06-MAY-2024,
OPTSTK,VOLTAS,30-May-2024,1350.0,PE,12.5,21.65,12.5,21.15,21.15,621,5091.89,257400,-1800,06-MAY-2024,
OPTSTK,VOLTAS,30-May-2024,1360.0,PE,16.2,24.2,15.35,23.75,23.75,128,1059.65,62400,-1800,06-MAY-2024,
OPTSTK,VOLTAS,30-May-2024,1370.0,PE,17.6,26.5,16.4,26.35,26.35,36,300.51,24600,1200,06-MAY-2024,
OPTSTK,VOLTAS,30-May-2024,1380.0,PE,18.35,30.4,18.35,30.1,30.1,121,1021.4,45000,-10800,06-MAY-2024,
OPTSTK,VOLTAS,30-May-2024,1390.0,PE,22.0,31.8,22.0,31.75,23.8,74,628.8,21600,-600,06-MAY-2024,
OPTSTK,VOLTAS,30-May-2024,1400.0,PE,21.75,37.8,21.75,37.15,37.15,1206,10342.8,343200,-93000,06-MAY-2024,
OPTSTK,VOLTAS,30-May-2024,1410.0,PE,29.0,41.5,28.75,40.45,40.45,65,562.78,88200,-1200,06-MAY-2024,
OPTSTK,VOLTAS,30-May-2024,1420.0,PE,31.95,45.85,31.95,45.25,45.25,165,1442.71,144600,26400,06-MAY-2024,
OPTSTK,VOLTAS,30-May-2024,1430.0,PE,36.4,50.7,35.7,50.15,50.15,154,1359.92,34200,-1200,06-MAY-2024,
OPTSTK,VOLTAS,30-May-2024,1440.0,PE,36.55,55.85,36.55,55.0,55.0,293,2612.32,58200,-19200,06-MAY-2024,
OPTSTK,VOLTAS,30-May-2024,1450.0,PE,37.9,61.45,37.9,60.3,60.3,893,8051.27,268800,175800,06-MAY-2024,
OPTSTK,VOLTAS,30-May-2024,1460.0,PE,44.95,66.25,44.0,65.5,65.5,278,2530.44,38400,-3600,06-MAY-2024,
OPTSTK,VOLTAS,30-May-2024,1470.0,PE,49.8,72.05,49.7,71.35,71.35,256,2349.95,62400,6600,06-MAY-2024,
OPTSTK,VOLTAS,30-May-2024,1480.0,PE,54.35,77.6,52.0,76.9,76.9,283,2619.52,38400,-11400,06-MAY-2024,
OPTSTK,VOLTAS,30-May-2024,1490.0,PE,58.75,83.75,56.5,83.5,83.5,239,2232.73,24600,4200,06-MAY-2024,
OPTSTK,VOLTAS,30-May-2024,1500.0,PE,61.0,90.45,61.0,89.35,89.35,529,5010.89,90600,-1200,06-MAY-2024,
OPTSTK,VOLTAS,30-May-2024,1510.0,PE,0.0,0.0,0.0,70.45,83.95,0,0.0,1200,0,06-MAY-2024,
OPTSTK,VOLTAS,30-May-2024,1520.0,PE,0.0,0.0,0.0,75.55,90.9,0,0.0,2400,0,06-MAY-2024,
OPTSTK,VOLTAS,30-May-2024,1530.0,PE,0.0,0.0,0.0,296.15,98.1,0,0.0,0,0,06-MAY-2024,
OPTSTK,VOLTAS,30-May-2024,1540.0,PE,0.0,0.0,0.0,100.75,105.6,0,0.0,2400,0,06-MAY-2024,
OPTSTK,VOLTAS,30-May-2024,1550.0,PE,95.0,123.95,95.0,123.8,123.8,20,199.6,12000,-600,06-MAY-2024,
OPTSTK,VOLTAS,30-May-2024,1560.0,PE,0.0,0.0,0.0,424.1,121.1,0,0.0,0,0,06-MAY-2024,
OPTSTK,VOLTAS,30-May-2024,1570.0,PE,0.0,0.0,0.0,253.3,129.2,0,0.0,0,0,06-MAY-2024,
OPTSTK,VOLTAS,30-May-2024,1580.0,PE,0.0,0.0,0.0,112.0,137.5,0,0.0,2400,0,06-MAY-2024,
OPTSTK,VOLTAS,30-May-2024,1590.0,PE,0.0,0.0,0.0,271.8,145.95,0,0.0,0,0,06-MAY-2024,
OPTSTK,VOLTAS,30-May-2024,1600.0,PE,0.0,0.0,0.0,143.4,154.55,0,0.0,600,0,06-MAY-2024,
OPTSTK,VOLTAS,30-May-2024,1620.0,PE,0.0,0.0,0.0,159.8,172.25,0,0.0,600,0,06-MAY-2024,
OPTSTK,VOLTAS,30-May-2024,1640.0,PE,0.0,0.0,0.0,468.9,190.4,0,0.0,0,0,06-MAY-2024,
OPTSTK,VOLTAS,30-May-2024,1660.0,PE,0.0,0.0,0.0,450.65,208.95,0,0.0,0,0,06-MAY-2024,
OPTSTK,VOLTAS,27-Jun-2024,1300.0,CE,0.0,0.0,0.0,17.85,177.7,0,0.0,0,0,06-MAY-2024,
OPTSTK,VOLTAS,27-Jun-2024,1320.0,CE,0.0,0.0,0.0,15.0,162.1,0,0.0,0,0,06-MAY-2024,
OPTSTK,VOLTAS,27-Jun-2024,1340.0,CE,0.0,0.0,0.0,12.55,147.3,0,0.0,0,0,06-MAY-2024,
OPTSTK,VOLTAS,27-Jun-2024,1350.0,CE,0.0,0.0,0.0,134.2,140.15,0,0.0,0,0,06-MAY-2024,
OPTSTK,VOLTAS,27-Jun-2024,1360.0,CE,0.0,0.0,0.0,10.45,133.15,0,0.0,0,0,06-MAY-2024,
OPTSTK,VOLTAS,27-Jun-2024,1370.0,CE,0.0,0.0,0.0,121.55,126.4,0,0.0,0,0,06-MAY-2024,
OPTSTK,VOLTAS,27-Jun-2024,1380.0,CE,0.0,0.0,0.0,8.65,119.85,0,0.0,0,0,06-MAY-2024,
OPTSTK,VOLTAS,27-Jun-2024,1390.0,CE,0.0,0.0,0.0,109.65,113.55,0,0.0,0,0,06-MAY-2024,
OPTSTK,VOLTAS,27-Jun-2024,1400.0,CE,0.0,0.0,0.0,80.0,107.4,0,0.0,600,0,06-MAY-2024,
OPTSTK,VOLTAS,27-Jun-2024,1410.0,CE,0.0,0.0,0.0,98.6,101.5,0,0.0,0,0,06-MAY-2024,
OPTSTK,VOLTAS,27-Jun-2024,1420.0,CE,0.0,0.0,0.0,10.5,95.8,0,0.0,0,0,06-MAY-2024,
OPTSTK,VOLTAS,27-Jun-2024,1430.0,CE,0.0,0.0,0.0,88.3,90.3,0,0.0,0,0,06-MAY-2024,
OPTSTK,VOLTAS,27-Jun-2024,1440.0,CE,0.0,0.0,0.0,4.85,85.0,0,0.0,0,0,06-MAY-2024,
OPTSTK,VOLTAS,27-Jun-2024,1450.0,CE,0.0,0.0,0.0,78.75,79.95,0,0.0,0,0,06-MAY-2024,
OPTSTK,VOLTAS,27-Jun-2024,1460.0,CE,0.0,0.0,0.0,7.3,75.1,0,0.0,0,0,06-MAY-2024,
OPTSTK,VOLTAS,27-Jun-2024,1470.0,CE,0.0,0.0,0.0,70.0,70.45,0,0.0,0,0,06-MAY-2024,
OPTSTK,VOLTAS,27-Jun-2024,1480.0,CE,0.0,0.0,0.0,90.1,66.05,0,0.0,1200,0,06-MAY-2024,
OPTSTK,VOLTAS,27-Jun-2024,1490.0,CE,0.0,0.0,0.0,61.95,61.8,0,0.0,0,0,06-MAY-2024,
OPTSTK,VOLTAS,27-Jun-2024,1500.0,CE,91.0,95.5,82.0,86.75,86.75,127,1209.4,62400,21600,06-MAY-2024,
OPTSTK,VOLTAS,27-Jun-2024,1510.0,CE,0.0,0.0,0.0,54.65,53.95,0,0.0,0,0,06-MAY-2024,
OPTSTK,VOLTAS,27-Jun-2024,1520.0,CE,0.0,0.0,0.0,2.15,50.35,0,0.0,0,0,06-MAY-2024,
OPTSTK,VOLTAS,27-Jun-2024,1530.0,CE,0.0,0.0,0.0,48.0,46.9,0,0.0,0,0,06-MAY-2024,
OPTSTK,VOLTAS,27-Jun-2024,1540.0,CE,0.0,0.0,0.0,8.75,43.65,0,0.0,0,0,06-MAY-2024,
OPTSTK,VOLTAS,27-Jun-2024,1550.0,CE,0.0,0.0,0.0,42.05,40.55,0,0.0,0,0,06-MAY-2024,
OPTSTK,VOLTAS,27-Jun-2024,1560.0,CE,0.0,0.0,0.0,1.4,37.65,0,0.0,0,0,06-MAY-2024,
OPTSTK,VOLTAS,27-Jun-2024,1570.0,CE,0.0,0.0,0.0,36.65,34.9,0,0.0,0,0,06-MAY-2024,
OPTSTK,VOLTAS,27-Jun-2024,1580.0,CE,0.0,0.0,0.0,13.85,32.4,0,0.0,0,0,06-MAY-2024,
OPTSTK,VOLTAS,27-Jun-2024,1590.0,CE,0.0,0.0,0.0,31.95,30.0,0,0.0,0,0,06-MAY-2024,
OPTSTK,VOLTAS,27-Jun-2024,1600.0,CE,0.0,0.0,0.0,0.9,27.75,0,0.0,0,0,06-MAY-2024,
OPTSTK,VOLTAS,27-Jun-2024,1620.0,CE,0.0,0.0,0.0,11.6,23.6,0,0.0,0,0,06-MAY-2024,
OPTSTK,VOLTAS,27-Jun-2024,1640.0,CE,40.0,40.0,40.0,40.0,20.0,2,20.16,1200,1200,06-MAY-2024,
OPTSTK,VOLTAS,27-Jun-2024,1660.0,CE,0.0,0.0,0.0,12.15,16.9,0,0.0,0,0,06-MAY-2024,
OPTSTK,VOLTAS,27-Jun-2024,1300.0,PE,20.5,20.5,20.5,20.5,17.1,1,7.92,1200,600,06-MAY-2024,
OPTSTK,VOLTAS,27-Jun-2024,1320.0,PE,0.0,0.0,0.0,18.75,21.3,0,0.0,600,0,06-MAY-2024,
OPTSTK,VOLTAS,27-Jun-2024,1340.0,PE,0.0,0.0,0.0,225.05,26.3,0,0.0,0,0,06-MAY-2024,
OPTSTK,VOLTAS,27-Jun-2024,1350.0,PE,0.0,0.0,0.0,39.85,29.05,0,0.0,0,0,06-MAY-2024,
OPTSTK,VOLTAS,27-Jun-2024,1360.0,PE,0.0,0.0,0.0,242.55,31.95,0,0.0,0,0,06-MAY-2024,
OPTSTK,VOLTAS,27-Jun-2024,1370.0,PE,0.0,0.0,0.0,46.95,35.1,0,0.0,0,0,06-MAY-2024,
OPTSTK,VOLTAS,27-Jun-2024,1380.0,PE,0.0,0.0,0.0,20.0,38.45,0,0.0,600,0,06-MAY-2024,
OPTSTK,VOLTAS,27-Jun-2024,1390.0,PE,0.0,0.0,0.0,54.85,42.0,0,0.0,0,0,06-MAY-2024,
OPTSTK,VOLTAS,27-Jun-2024,1400.0,PE,54.0,54.4,54.0,54.4,45.8,3,26.17,5400,1800,06-MAY-2024,
OPTSTK,VOLTAS,27-Jun-2024,1410.0,PE,0.0,0.0,0.0,63.5,49.75,0,0.0,0,0,06-MAY-2024,
OPTSTK,VOLTAS,27-Jun-2024,1420.0,PE,0.0,0.0,0.0,253.8,53.95,0,0.0,0,0,06-MAY-2024,
OPTSTK,VOLTAS,27-Jun-2024,1430.0,PE,0.0,0.0,0.0,72.95,58.35,0,0.0,0,0,06-MAY-2024,
OPTSTK,VOLTAS,27-Jun-2024,1440.0,PE,0.0,0.0,0.0,315.55,63.0,0,0.0,0,0,06-MAY-2024,
OPTSTK,VOLTAS,27-Jun-2024,1450.0,PE,0.0,0.0,0.0,83.15,67.8,0,0.0,0,0,06-MAY-2024,
OPTSTK,VOLTAS,27-Jun-2024,1460.0,PE,0.0,0.0,0.0,289.9,72.85,0,0.0,0,0,06-MAY-2024,
OPTSTK,VOLTAS,27-Jun-2024,1470.0,PE,0.0,0.0,0.0,94.15,78.1,0,0.0,0,0,06-MAY-2024,
OPTSTK,VOLTAS,27-Jun-2024,1480.0,PE,0.0,0.0,0.0,353.25,83.6,0,0.0,0,0,06-MAY-2024,
OPTSTK,VOLTAS,27-Jun-2024,1490.0,PE,0.0,0.0,0.0,105.85,89.25,0,0.0,0,0,06-MAY-2024,
OPTSTK,VOLTAS,27-Jun-2024,1500.0,PE,105.0,109.5,105.0,109.5,95.15,6,57.85,11400,2400,06-MAY-2024,
OPTSTK,VOLTAS,27-Jun-2024,1510.0,PE,0.0,0.0,0.0,118.3,101.2,0,0.0,0,0,06-MAY-2024,
OPTSTK,VOLTAS,27-Jun-2024,1520.0,PE,0.0,0.0,0.0,391.4,107.45,0,0.0,0,0,06-MAY-2024,
OPTSTK,VOLTAS,27-Jun-2024,1530.0,PE,0.0,0.0,0.0,131.45,113.95,0,0.0,0,0,06-MAY-2024,
OPTSTK,VOLTAS,27-Jun-2024,1540.0,PE,0.0,0.0,0.0,291.7,120.55,0,0.0,0,0,06-MAY-2024,
OPTSTK,VOLTAS,27-Jun-2024,1550.0,PE,0.0,0.0,0.0,145.2,127.4,0,0.0,0,0,06-MAY-2024,
OPTSTK,VOLTAS,27-Jun-2024,1560.0,PE,0.0,0.0,0.0,429.95,134.4,0,0.0,0,0,06-MAY-2024,
OPTSTK,VOLTAS,27-Jun-2024,1570.0,PE,0.0,0.0,0.0,159.6,141.55,0,0.0,0,0,06-MAY-2024,
OPTSTK,VOLTAS,27-Jun-2024,1580.0,PE,0.0,0.0,0.0,261.95,148.95,0,0.0,0,0,06-MAY-2024,
OPTSTK,VOLTAS,27-Jun-2024,1590.0,PE,0.0,0.0,0.0,174.6,156.4,0,0.0,0,0,06-MAY-2024,
OPTSTK,VOLTAS,27-Jun-2024,1600.0,PE,0.0,0.0,0.0,468.75,164.05,0,0.0,0,0,06-MAY-2024,
OPTSTK,VOLTAS,27-Jun-2024,1620.0,PE,0.0,0.0,0.0,292.15,179.7,0,0.0,0,0,06-MAY-2024,
OPTSTK,VOLTAS,27-Jun-2024,1640.0,PE,0.0,0.0,0.0,460.65,195.9,0,0.0,0,0,06-MAY-2024,
OPTSTK,VOLTAS,27-Jun-2024,1660.0,PE,0.0,0.0,0.0,267.25,212.6,0,0.0,0,0,06-MAY-2024,
OPTSTK,VOLTAS,25-Jul-2024,1280.0,CE,0.0,0.0,0.0,200.8,210.2,0,0.0,0,0,06-MAY-2024,
OPTSTK,VOLTAS,25-Jul-2024,1320.0,CE,0.0,0.0,0.0,172.6,180.45,0,0.0,0,0,06-MAY-2024,
OPTSTK,VOLTAS,25-Jul-2024,1360.0,CE,0.0,0.0,0.0,147.0,153.1,0,0.0,0,0,06-MAY-2024,
OPTSTK,VOLTAS,25-Jul-2024,1380.0,CE,0.0,0.0,0.0,135.15,140.45,0,0.0,0,0,06-MAY-2024,
OPTSTK,VOLTAS,25-Jul-2024,1400.0,CE,0.0,0.0,0.0,123.95,128.5,0,0.0,0,0,06-MAY-2024,
OPTSTK,VOLTAS,25-Jul-2024,1420.0,CE,0.0,0.0,0.0,113.4,117.2,0,0.0,0,0,06-MAY-2024,
OPTSTK,VOLTAS,25-Jul-2024,1440.0,CE,0.0,0.0,0.0,103.5,106.6,0,0.0,0,0,06-MAY-2024,
OPTSTK,VOLTAS,25-Jul-2024,1460.0,CE,0.0,0.0,0.0,94.2,96.7,0,0.0,0,0,06-MAY-2024,
OPTSTK,VOLTAS,25-Jul-2024,1480.0,CE,0.0,0.0,0.0,85.55,87.45,0,0.0,0,0,06-MAY-2024,
OPTSTK,VOLTAS,25-Jul-2024,1500.0,CE,0.0,0.0,0.0,77.55,78.9,0,0.0,0,0,06-MAY-2024,
OPTSTK,VOLTAS,25-Jul-2024,1520.0,CE,0.0,0.0,0.0,70.1,70.95,0,0.0,0,0,06-MAY-2024,
OPTSTK,VOLTAS,25-Jul-2024,1540.0,CE,0.0,0.0,0.0,63.2,63.65,0,0.0,0,0,06-MAY-2024,
OPTSTK,VOLTAS,25-Jul-2024,1560.0,CE,0.0,0.0,0.0,56.9,56.95,0,0.0,0,0,06-MAY-2024,
OPTSTK,VOLTAS,25-Jul-2024,1580.0,CE,0.0,0.0,0.0,51.1,50.8,0,0.0,0,0,06-MAY-2024,
OPTSTK,VOLTAS,25-Jul-2024,1600.0,CE,0.0,0.0,0.0,45.75,45.25,0,0.0,0,0,06-MAY-2024,
OPTSTK,VOLTAS,25-Jul-2024,1640.0,CE,0.0,0.0,0.0,36.6,35.65,0,0.0,0,0,06-MAY-2024,
OPTSTK,VOLTAS,25-Jul-2024,1280.0,PE,0.0,0.0,0.0,30.3,22.75,0,0.0,0,0,06-MAY-2024,
OPTSTK,VOLTAS,25-Jul-2024,1320.0,PE,0.0,0.0,0.0,41.35,32.4,0,0.0,0,0,06-MAY-2024,
OPTSTK,VOLTAS,25-Jul-2024,1360.0,PE,0.0,0.0,0.0,55.0,44.4,0,0.0,0,0,06-MAY-2024,
OPTSTK,VOLTAS,25-Jul-2024,1380.0,PE,0.0,0.0,0.0,62.8,51.45,0,0.0,0,0,06-MAY-2024,
OPTSTK,VOLTAS,25-Jul-2024,1400.0,PE,0.0,0.0,0.0,71.25,59.15,0,0.0,0,0,06-MAY-2024,
OPTSTK,VOLTAS,25-Jul-2024,1420.0,PE,0.0,0.0,0.0,80.35,67.55,0,0.0,0,0,06-MAY-2024,
OPTSTK,VOLTAS,25-Jul-2024,1440.0,PE,0.0,0.0,0.0,90.05,76.65,0,0.0,0,0,06-MAY-2024,
OPTSTK,VOLTAS,25-Jul-2024,1460.0,PE,0.0,0.0,0.0,100.45,86.4,0,0.0,0,0,06-MAY-2024,
OPTSTK,VOLTAS,25-Jul-2024,1480.0,PE,0.0,0.0,0.0,111.45,96.85,0,0.0,0,0,06-MAY-2024,
OPTSTK,VOLTAS,25-Jul-2024,1500.0,PE,0.0,0.0,0.0,123.05,108.0,0,0.0,0,0,06-MAY-2024,
OPTSTK,VOLTAS,25-Jul-2024,1520.0,PE,0.0,0.0,0.0,135.25,119.75,0,0.0,0,0,06-MAY-2024,
OPTSTK,VOLTAS,25-Jul-2024,1540.0,PE,0.0,0.0,0.0,148.0,132.1,0,0.0,0,0,06-MAY-2024,
OPTSTK,VOLTAS,25-Jul-2024,1560.0,PE,0.0,0.0,0.0,161.3,145.1,0,0.0,0,0,06-MAY-2024,
OPTSTK,VOLTAS,25-Jul-2024,1580.0,PE,0.0,0.0,0.0,175.15,158.65,0,0.0,0,0,06-MAY-2024,
OPTSTK,VOLTAS,25-Jul-2024,1600.0,PE,0.0,0.0,0.0,189.45,172.75,0,0.0,0,0,06-MAY-2024,
OPTSTK,VOLTAS,25-Jul-2024,1640.0,PE,0.0,0.0,0.0,219.55,202.5,0,0.0,0,0,06-MAY-2024,
OPTSTK,WIPRO,30-May-2024,380.0,CE,0.0,0.0,0.0,84.5,80.45,0,0.0,0,0,06-MAY-2024,
OPTSTK,WIPRO,30-May-2024,390.0,CE,0.0,0.0,0.0,60.65,70.6,0,0.0,1500,0,06-MAY-2024,
OPTSTK,WIPRO,30-May-2024,400.0,CE,64.0,64.0,61.6,62.0,62.0,8,55.51,30000,0,06-MAY-2024,
OPTSTK,WIPRO,30-May-2024,405.0,CE,0.0,0.0,0.0,81.45,56.0,0,0.0,0,0,06-MAY-2024,
OPTSTK,WIPRO,30-May-2024,410.0,CE,0.0,0.0,0.0,117.2,51.3,0,0.0,0,0,06-MAY-2024,
OPTSTK,WIPRO,30-May-2024,415.0,CE,47.2,47.2,47.2,47.2,46.65,1,6.93,1500,1500,06-MAY-2024,
OPTSTK,WIPRO,30-May-2024,420.0,CE,43.0,43.5,43.0,43.5,42.15,3,20.84,64500,-4500,06-MAY-2024,
OPTSTK,WIPRO,30-May-2024,425.0,CE,39.15,40.5,37.95,38.15,38.15,20,139.24,30000,19500,06-MAY-2024,
OPTSTK,WIPRO,30-May-2024,430.0,CE,33.15,35.9,33.15,35.45,33.65,13,90.63,99000,9000,06-MAY-2024,
OPTSTK,WIPRO,30-May-2024,435.0,CE,29.65,31.6,29.65,29.75,29.75,8,55.87,31500,1500,06-MAY-2024,
OPTSTK,WIPRO,30-May-2024,440.0,CE,26.85,27.7,25.65,25.9,25.9,34,238.12,181500,12000,06-MAY-2024,
OPTSTK,WIPRO,30-May-2024,445.0,CE,23.55,23.8,21.8,21.9,21.9,13,91.28,55500,-6000,06-MAY-2024,
OPTSTK,WIPRO,30-May-2024,450.0,CE,17.45,20.75,17.45,18.75,18.75,429,3020.98,631500,39000,06-MAY-2024,
OPTSTK,WIPRO,30-May-2024,455.0,CE,15.05,17.55,14.6,15.75,15.75,324,2290.75,235500,-40500,06-MAY-2024,
OPTSTK,WIPRO,30-May-2024,460.0,CE,12.15,14.8,11.85,12.95,12.95,2694,19143.93,1861500,174000,06-MAY-2024,
OPTSTK,WIPRO,30-May-2024,465.0,CE,10.6,12.4,10.0,10.65,10.65,1977,14128.89,1320000,381000,06-MAY-2024,
OPTSTK,WIPRO,30-May-2024,470.0,CE,8.45,10.1,8.2,8.7,8.7,3713,26698.68,2596500,541500,06-MAY-2024,
OPTSTK,WIPRO,30-May-2024,475.0,CE,7.0,8.25,6.65,6.95,6.95,1069,7738.82,1065000,-48000,06-MAY-2024,
OPTSTK,WIPRO,30-May-2024,480.0,CE,5.35,6.7,5.35,5.6,5.6,1790,13053.18,2712000,-31500,06-MAY-2024,
OPTSTK,WIPRO,30-May-2024,485.0,CE,4.75,5.4,4.4,4.55,4.55,486,3571.54,463500,3000,06-MAY-2024,
OPTSTK,WIPRO,30-May-2024,490.0,CE,3.95,4.4,3.5,3.65,3.65,1024,7587.59,1491000,-114000,06-MAY-2024,
OPTSTK,WIPRO,30-May-2024,495.0,CE,3.2,3.6,2.8,2.9,2.9,199,1487.04,529500,6000,06-MAY-2024,
OPTSTK,WIPRO,30-May-2024,500.0,CE,2.45,3.0,2.2,2.4,2.4,1952,14717.42,5505000,-52500,06-MAY-2024,
OPTSTK,WIPRO,30-May-2024,505.0,CE,2.05,2.3,1.85,1.95,1.95,69,524.85,289500,-4500,06-MAY-2024,
OPTSTK,WIPRO,30-May-2024,510.0,CE,1.6,1.9,1.45,1.5,1.5,348,2670.82,1155000,160500,06-MAY-2024,
OPTSTK,WIPRO,30-May-2024,515.0,CE,1.35,1.55,1.2,1.25,1.25,42,325.31,160500,-6000,06-MAY-2024,
OPTSTK,WIPRO,30-May-2024,520.0,CE,1.2,1.25,1.0,1.05,1.05,284,2220.0,1152000,43500,06-MAY-2024,
OPTSTK,WIPRO,30-May-2024,525.0,CE,0.9,1.1,0.85,0.9,0.9,73,575.91,295500,-10500,06-MAY-2024,
OPTSTK,WIPRO,30-May-2024,530.0,CE,0.75,0.85,0.7,0.75,0.75,120,955.4,568500,-21000,06-MAY-2024,
OPTSTK,WIPRO,30-May-2024,535.0,CE,0.6,0.7,0.55,0.7,0.7,7,56.24,49500,0,06-MAY-2024,
OPTSTK,WIPRO,30-May-2024,540.0,CE,0.6,0.6,0.5,0.5,0.5,146,1183.8,327000,0,06-MAY-2024,
OPTSTK,WIPRO,30-May-2024,550.0,CE,0.45,0.5,0.4,0.45,0.45,148,1221.99,2161500,-52500,06-MAY-2024,
OPTSTK,WIPRO,30-May-2024,560.0,CE,0.35,0.35,0.35,0.35,0.05,4,33.62,93000,3000,06-MAY-2024,
OPTSTK,WIPRO,30-May-2024,570.0,CE,0.3,0.3,0.3,0.3,0.3,11,94.09,117000,-6000,06-MAY-2024,
OPTSTK,WIPRO,30-May-2024,580.0,CE,0.25,0.25,0.25,0.25,0.05,2,17.4,430500,0,06-MAY-2024,
OPTSTK,WIPRO,30-May-2024,600.0,CE,0.25,0.25,0.2,0.25,0.25,21,189.07,226500,-4500,06-MAY-2024,
OPTSTK,WIPRO,30-May-2024,360.0,PE,0.4,1.8,0.2,0.25,0.25,63,340.83,70500,37500,06-MAY-2024,
OPTSTK,WIPRO,30-May-2024,380.0,PE,0.35,0.35,0.3,0.3,0.05,13,74.16,147000,9000,06-MAY-2024,
OPTSTK,WIPRO,30-May-2024,390.0,PE,0.3,0.4,0.3,0.4,0.15,61,357.15,186000,6000,06-MAY-2024,
OPTSTK,WIPRO,30-May-2024,400.0,PE,0.6,0.65,0.5,0.6,0.6,111,666.94,982500,22500,06-MAY-2024,
OPTSTK,WIPRO,30-May-2024,405.0,PE,0.65,0.65,0.6,0.65,0.65,11,66.93,22500,3000,06-MAY-2024,
OPTSTK,WIPRO,30-May-2024,410.0,PE,0.8,0.9,0.75,0.8,0.8,58,357.4,297000,-3000,06-MAY-2024,
OPTSTK,WIPRO,30-May-2024,415.0,PE,1.0,1.15,0.95,1.05,1.05,32,199.71,112500,19500,06-MAY-2024,
OPTSTK,WIPRO,30-May-2024,420.0,PE,1.6,1.7,1.25,1.4,1.4,392,2477.7,1101000,157500,06-MAY-2024,
OPTSTK,WIPRO,30-May-2024,425.0,PE,1.85,2.0,1.6,1.9,1.9,114,729.86,366000,9000,06-MAY-2024,
OPTSTK,WIPRO,30-May-2024,430.0,PE,2.5,2.65,2.15,2.45,2.45,397,2574.88,850500,120000,06-MAY-2024,
OPTSTK,WIPRO,30-May-2024,435.0,PE,3.7,3.75,2.85,3.25,3.25,466,3062.89,369000,64500,06-MAY-2024,
OPTSTK,WIPRO,30-May-2024,440.0,PE,4.65,4.95,3.7,4.2,4.2,556,3704.08,1290000,16500,06-MAY-2024,
OPTSTK,WIPRO,30-May-2024,445.0,PE,5.95,5.95,4.85,5.5,5.5,342,2310.42,226500,4500,06-MAY-2024,
OPTSTK,WIPRO,30-May-2024,450.0,PE,7.3,7.85,6.3,7.0,7.0,1233,8451.44,1387500,43500,06-MAY-2024,
OPTSTK,WIPRO,30-May-2024,455.0,PE,9.2,10.0,8.0,8.9,8.9,551,3833.19,382500,0,06-MAY-2024,
OPTSTK,WIPRO,30-May-2024,460.0,PE,11.9,12.4,10.1,11.1,11.1,1338,9450.52,1681500,487500,06-MAY-2024,
OPTSTK,WIPRO,30-May-2024,465.0,PE,14.3,15.3,12.55,13.65,13.65,396,2842.7,490500,103500,06-MAY-2024,
OPTSTK,WIPRO,30-May-2024,470.0,PE,18.0,18.0,15.6,16.65,16.65,90,656.76,768000,15000,06-MAY-2024,
OPTSTK,WIPRO,30-May-2024,475.0,PE,19.0,20.5,19.0,20.15,20.15,19,140.96,255000,0,06-MAY-2024,
OPTSTK,WIPRO,30-May-2024,480.0,PE,25.0,25.0,22.2,23.85,23.85,28,211.4,892500,6000,06-MAY-2024,
OPTSTK,WIPRO,30-May-2024,485.0,PE,28.05,28.05,26.5,27.5,27.5,11,84.5,123000,7500,06-MAY-2024,
OPTSTK,WIPRO,30-May-2024,490.0,PE,32.1,32.3,30.0,31.3,31.3,19,148.53,352500,7500,06-MAY-2024,
OPTSTK,WIPRO,30-May-2024,495.0,PE,36.4,36.4,34.4,35.5,37.1,10,79.51,211500,9000,06-MAY-2024,
OPTSTK,WIPRO,30-May-2024,500.0,PE,40.75,40.95,38.4,40.35,40.35,70,566.72,873000,-3000,06-MAY-2024,
OPTSTK,WIPRO,30-May-2024,505.0,PE,45.65,45.75,43.15,43.45,45.8,8,65.9,58500,7500,06-MAY-2024,
OPTSTK,WIPRO,30-May-2024,510.0,PE,0.0,0.0,0.0,53.7,50.35,0,0.0,192000,0,06-MAY-2024,
OPTSTK,WIPRO,30-May-2024,515.0,PE,0.0,0.0,0.0,53.8,55.0,0,0.0,37500,0,06-MAY-2024,
OPTSTK,WIPRO,30-May-2024,520.0,PE,0.0,0.0,0.0,54.5,59.7,0,0.0,139500,0,06-MAY-2024,
OPTSTK,WIPRO,30-May-2024,525.0,PE,0.0,0.0,0.0,59.3,64.45,0,0.0,12000,0,06-MAY-2024,
OPTSTK,WIPRO,30-May-2024,530.0,PE,0.0,0.0,0.0,63.0,69.3,0,0.0,55500,0,06-MAY-2024,
OPTSTK,WIPRO,30-May-2024,535.0,PE,0.0,0.0,0.0,71.0,74.15,0,0.0,3000,0,06-MAY-2024,
OPTSTK,WIPRO,30-May-2024,540.0,PE,0.0,0.0,0.0,62.5,79.05,0,0.0,9000,0,06-MAY-2024,
OPTSTK,WIPRO,30-May-2024,550.0,PE,0.0,0.0,0.0,78.0,88.95,0,0.0,121500,0,06-MAY-2024,
OPTSTK,WIPRO,30-May-2024,560.0,PE,0.0,0.0,0.0,85.55,98.85,0,0.0,22500,0,06-MAY-2024,
OPTSTK,WIPRO,30-May-2024,570.0,PE,0.0,0.0,0.0,93.0,108.75,0,0.0,12000,0,06-MAY-2024,
OPTSTK,WIPRO,27-Jun-2024,380.0,CE,0.0,0.0,0.0,107.85,83.15,0,0.0,0,0,06-MAY-2024,
OPTSTK,WIPRO,27-Jun-2024,390.0,CE,0.0,0.0,0.0,98.6,73.7,0,0.0,0,0,06-MAY-2024,
OPTSTK,WIPRO,27-Jun-2024,400.0,CE,0.0,0.0,0.0,89.55,64.6,0,0.0,0,0,06-MAY-2024,
OPTSTK,WIPRO,27-Jun-2024,405.0,CE,0.0,0.0,0.0,64.1,60.15,0,0.0,0,0,06-MAY-2024,
OPTSTK,WIPRO,27-Jun-2024,410.0,CE,0.0,0.0,0.0,80.8,55.85,0,0.0,0,0,06-MAY-2024,
OPTSTK,WIPRO,27-Jun-2024,415.0,CE,0.0,0.0,0.0,55.75,51.65,0,0.0,0,0,06-MAY-2024,
OPTSTK,WIPRO,27-Jun-2024,420.0,CE,0.0,0.0,0.0,72.35,47.55,0,0.0,0,0,06-MAY-2024,
OPTSTK,WIPRO,27-Jun-2024,425.0,CE,0.0,0.0,0.0,47.9,43.65,0,0.0,0,0,06-MAY-2024,
OPTSTK,WIPRO,27-Jun-2024,430.0,CE,0.0,0.0,0.0,64.35,39.95,0,0.0,0,0,06-MAY-2024,
OPTSTK,WIPRO,27-Jun-2024,435.0,CE,0.0,0.0,0.0,40.65,36.35,0,0.0,0,0,06-MAY-2024,
OPTSTK,WIPRO,27-Jun-2024,440.0,CE,0.0,0.0,0.0,56.75,32.95,0,0.0,0,0,06-MAY-2024,
OPTSTK,WIPRO,27-Jun-2024,445.0,CE,0.0,0.0,0.0,34.05,29.75,0,0.0,0,0,06-MAY-2024,
OPTSTK,WIPRO,27-Jun-2024,450.0,CE,0.0,0.0,0.0,25.65,26.75,0,0.0,1500,0,06-MAY-2024,
OPTSTK,WIPRO,27-Jun-2024,455.0,CE,0.0,0.0,0.0,28.15,23.95,0,0.0,0,0,06-MAY-2024,
OPTSTK,WIPRO,27-Jun-2024,460.0,CE,23.25,26.4,21.65,25.3,25.3,51,371.31,61500,27000,06-MAY-2024,
OPTSTK,WIPRO,27-Jun-2024,465.0,CE,0.0,0.0,0.0,22.95,18.9,0,0.0,0,0,06-MAY-2024,
OPTSTK,WIPRO,27-Jun-2024,470.0,CE,22.05,22.05,19.35,20.55,20.55,18,132.37,49500,7500,06-MAY-2024,
OPTSTK,WIPRO,27-Jun-2024,475.0,CE,0.0,0.0,0.0,18.4,14.7,0,0.0,1500,0,06-MAY-2024,
OPTSTK,WIPRO,27-Jun-2024,480.0,CE,13.0,17.15,13.0,16.55,16.55,15,111.63,81000,1500,06-MAY-2024,
OPTSTK,WIPRO,27-Jun-2024,485.0,CE,0.0,0.0,0.0,14.65,11.2,0,0.0,0,0,06-MAY-2024,
OPTSTK,WIPRO,27-Jun-2024,490.0,CE,0.0,0.0,0.0,26.9,9.75,0,0.0,0,0,06-MAY-2024,
OPTSTK,WIPRO,27-Jun-2024,495.0,CE,0.0,0.0,0.0,11.5,8.4,0,0.0,0,0,06-MAY-2024,
OPTSTK,WIPRO,27-Jun-2024,500.0,CE,9.3,11.15,9.0,10.35,10.35,97,742.58,391500,48000,06-MAY-2024,
OPTSTK,WIPRO,27-Jun-2024,505.0,CE,0.0,0.0,0.0,8.9,6.2,0,0.0,0,0,06-MAY-2024,
OPTSTK,WIPRO,27-Jun-2024,510.0,CE,7.25,7.25,7.25,7.25,5.3,1,7.75,1500,1500,06-MAY-2024,
OPTSTK,WIPRO,27-Jun-2024,515.0,CE,0.0,0.0,0.0,6.8,4.5,0,0.0,0,0,06-MAY-2024,
OPTSTK,WIPRO,27-Jun-2024,520.0,CE,0.0,0.0,0.0,15.6,3.8,0,0.0,0,0,06-MAY-2024,
OPTSTK,WIPRO,27-Jun-2024,530.0,CE,0.0,0.0,0.0,4.15,2.7,0,0.0,1500,0,06-MAY-2024,
OPTSTK,WIPRO,27-Jun-2024,540.0,CE,3.7,4.7,3.35,4.35,4.35,14,114.21,97500,10500,06-MAY-2024,
OPTSTK,WIPRO,27-Jun-2024,380.0,PE,0.0,0.0,0.0,1.0,0.6,0,0.0,0,0,06-MAY-2024,
OPTSTK,WIPRO,27-Jun-2024,390.0,PE,0.0,0.0,0.0,1.55,1.05,0,0.0,0,0,06-MAY-2024,
OPTSTK,WIPRO,27-Jun-2024,400.0,PE,2.5,3.5,2.5,3.35,1.8,7,42.31,30000,7500,06-MAY-2024,
OPTSTK,WIPRO,27-Jun-2024,405.0,PE,0.0,0.0,0.0,3.0,2.35,0,0.0,0,0,06-MAY-2024,
OPTSTK,WIPRO,27-Jun-2024,410.0,PE,3.4,4.7,3.4,4.7,2.95,5,31.03,6000,6000,06-MAY-2024,
OPTSTK,WIPRO,27-Jun-2024,415.0,PE,0.0,0.0,0.0,4.55,3.7,0,0.0,0,0,06-MAY-2024,
OPTSTK,WIPRO,27-Jun-2024,420.0,PE,0.0,0.0,0.0,6.2,4.6,0,0.0,88500,0,06-MAY-2024,
OPTSTK,WIPRO,27-Jun-2024,425.0,PE,0.0,0.0,0.0,6.55,5.65,0,0.0,0,0,06-MAY-2024,
OPTSTK,WIPRO,27-Jun-2024,430.0,PE,7.55,8.65,7.55,7.7,6.85,4,26.28,51000,1500,06-MAY-2024,
OPTSTK,WIPRO,27-Jun-2024,435.0,PE,0.0,0.0,0.0,9.2,8.2,0,0.0,0,0,06-MAY-2024,
OPTSTK,WIPRO,27-Jun-2024,440.0,PE,11.0,12.45,11.0,12.45,12.45,19,128.69,39000,25500,06-MAY-2024,
OPTSTK,WIPRO,27-Jun-2024,445.0,PE,0.0,0.0,0.0,12.45,11.5,0,0.0,0,0,06-MAY-2024,
OPTSTK,WIPRO,27-Jun-2024,450.0,PE,15.3,15.95,14.0,15.95,15.95,52,362.86,133500,6000,06-MAY-2024,
OPTSTK,WIPRO,27-Jun-2024,455.0,PE,0.0,0.0,0.0,16.45,15.6,0,0.0,0,0,06-MAY-2024,
OPTSTK,WIPRO,27-Jun-2024,460.0,PE,20.0,20.5,20.0,20.5,17.95,3,21.6,9000,4500,06-MAY-2024,
OPTSTK,WIPRO,27-Jun-2024,465.0,PE,0.0,0.0,0.0,23.85,20.45,0,0.0,1500,0,06-MAY-2024,
OPTSTK,WIPRO,27-Jun-2024,470.0,PE,0.0,0.0,0.0,26.95,23.2,0,0.0,7500,0,06-MAY-2024,
OPTSTK,WIPRO,27-Jun-2024,475.0,PE,0.0,0.0,0.0,26.5,26.15,0,0.0,0,0,06-MAY-2024,
OPTSTK,WIPRO,27-Jun-2024,480.0,PE,0.0,0.0,0.0,19.9,29.25,0,0.0,4500,0,06-MAY-2024,
OPTSTK,WIPRO,27-Jun-2024,485.0,PE,0.0,0.0,0.0,32.6,32.55,0,0.0,0,0,06-MAY-2024,
OPTSTK,WIPRO,27-Jun-2024,490.0,PE,0.0,0.0,0.0,42.0,36.05,0,0.0,1500,0,06-MAY-2024,
OPTSTK,WIPRO,27-Jun-2024,495.0,PE,0.0,0.0,0.0,39.3,39.65,0,0.0,0,0,06-MAY-2024,
OPTSTK,WIPRO,27-Jun-2024,500.0,PE,44.5,44.5,42.05,43.1,43.45,15,122.21,49500,22500,06-MAY-2024,
OPTSTK,WIPRO,27-Jun-2024,505.0,PE,0.0,0.0,0.0,46.55,47.35,0,0.0,0,0,06-MAY-2024,
OPTSTK,WIPRO,27-Jun-2024,510.0,PE,0.0,0.0,0.0,39.65,51.4,0,0.0,0,0,06-MAY-2024,
OPTSTK,WIPRO,27-Jun-2024,515.0,PE,0.0,0.0,0.0,54.35,55.55,0,0.0,0,0,06-MAY-2024,
OPTSTK,WIPRO,27-Jun-2024,520.0,PE,0.0,0.0,0.0,46.2,59.8,0,0.0,0,0,06-MAY-2024,
OPTSTK,WIPRO,27-Jun-2024,530.0,PE,0.0,0.0,0.0,53.2,68.6,0,0.0,0,0,06-MAY-2024,
OPTSTK,WIPRO,27-Jun-2024,540.0,PE,0.0,0.0,0.0,60.7,77.65,0,0.0,0,0,06-MAY-2024,
OPTSTK,WIPRO,25-Jul-2024,380.0,CE,0.0,0.0,0.0,89.8,86.2,0,0.0,0,0,06-MAY-2024,
OPTSTK,WIPRO,25-Jul-2024,400.0,CE,0.0,0.0,0.0,72.35,68.55,0,0.0,0,0,06-MAY-2024,
OPTSTK,WIPRO,25-Jul-2024,410.0,CE,0.0,0.0,0.0,64.25,60.3,0,0.0,0,0,06-MAY-2024,
OPTSTK,WIPRO,25-Jul-2024,420.0,CE,0.0,0.0,0.0,56.55,52.5,0,0.0,0,0,06-MAY-2024,
OPTSTK,WIPRO,25-Jul-2024,430.0,CE,0.0,0.0,0.0,49.35,45.3,0,0.0,0,0,06-MAY-2024,
OPTSTK,WIPRO,25-Jul-2024,440.0,CE,0.0,0.0,0.0,42.7,38.65,0,0.0,0,0,06-MAY-2024,
OPTSTK,WIPRO,25-Jul-2024,450.0,CE,0.0,0.0,0.0,36.65,32.65,0,0.0,0,0,06-MAY-2024,
OPTSTK,WIPRO,25-Jul-2024,460.0,CE,0.0,0.0,0.0,31.15,27.3,0,0.0,0,0,06-MAY-2024,
OPTSTK,WIPRO,25-Jul-2024,470.0,CE,0.0,0.0,0.0,26.3,22.55,0,0.0,0,0,06-MAY-2024,
OPTSTK,WIPRO,25-Jul-2024,480.0,CE,0.0,0.0,0.0,21.95,18.45,0,0.0,0,0,06-MAY-2024,
OPTSTK,WIPRO,25-Jul-2024,490.0,CE,0.0,0.0,0.0,18.2,14.95,0,0.0,0,0,06-MAY-2024,
OPTSTK,WIPRO,25-Jul-2024,500.0,CE,0.0,0.0,0.0,14.95,11.95,0,0.0,0,0,06-MAY-2024,
OPTSTK,WIPRO,25-Jul-2024,510.0,CE,0.0,0.0,0.0,12.2,9.5,0,0.0,0,0,06-MAY-2024,
OPTSTK,WIPRO,25-Jul-2024,520.0,CE,0.0,0.0,0.0,9.9,7.45,0,0.0,0,0,06-MAY-2024,
OPTSTK,WIPRO,25-Jul-2024,540.0,CE,0.0,0.0,0.0,6.3,4.5,0,0.0,0,0,06-MAY-2024,
OPTSTK,WIPRO,25-Jul-2024,380.0,PE,0.0,0.0,0.0,1.9,1.5,0,0.0,0,0,06-MAY-2024,
OPTSTK,WIPRO,25-Jul-2024,400.0,PE,4.25,6.0,4.25,5.4,3.55,3,18.23,6000,1500,06-MAY-2024,
OPTSTK,WIPRO,25-Jul-2024,410.0,PE,0.0,0.0,0.0,5.85,5.15,0,0.0,0,0,06-MAY-2024,
OPTSTK,WIPRO,25-Jul-2024,420.0,PE,0.0,0.0,0.0,7.95,7.25,0,0.0,0,0,06-MAY-2024,
OPTSTK,WIPRO,25-Jul-2024,430.0,PE,0.0,0.0,0.0,10.6,9.85,0,0.0,0,0,06-MAY-2024,
OPTSTK,WIPRO,25-Jul-2024,440.0,PE,0.0,0.0,0.0,13.75,13.05,0,0.0,0,0,06-MAY-2024,
OPTSTK,WIPRO,25-Jul-2024,450.0,PE,0.0,0.0,0.0,17.5,16.9,0,0.0,0,0,06-MAY-2024,
OPTSTK,WIPRO,25-Jul-2024,460.0,PE,0.0,0.0,0.0,21.85,21.35,0,0.0,0,0,06-MAY-2024,
OPTSTK,WIPRO,25-Jul-2024,470.0,PE,0.0,0.0,0.0,26.8,26.5,0,0.0,0,0,06-MAY-2024,
OPTSTK,WIPRO,25-Jul-2024,480.0,PE,0.0,0.0,0.0,32.3,32.2,0,0.0,0,0,06-MAY-2024,
OPTSTK,WIPRO,25-Jul-2024,490.0,PE,0.0,0.0,0.0,38.35,38.55,0,0.0,0,0,06-MAY-2024,
OPTSTK,WIPRO,25-Jul-2024,500.0,PE,0.0,0.0,0.0,44.95,45.4,0,0.0,0,0,06-MAY-2024,
OPTSTK,WIPRO,25-Jul-2024,510.0,PE,0.0,0.0,0.0,52.0,52.8,0,0.0,0,0,06-MAY-2024,
OPTSTK,WIPRO,25-Jul-2024,520.0,PE,0.0,0.0,0.0,59.5,60.6,0,0.0,0,0,06-MAY-2024,
OPTSTK,WIPRO,25-Jul-2024,540.0,PE,0.0,0.0,0.0,75.55,77.3,0,0.0,0,0,06-MAY-2024,
OPTSTK,ZEEL,30-May-2024,115.0,CE,0.0,0.0,0.0,31.05,24.2,0,0.0,0,0,06-MAY-2024,
OPTSTK,ZEEL,30-May-2024,117.5,CE,0.0,0.0,0.0,29.35,22.25,0,0.0,0,0,06-MAY-2024,
OPTSTK,ZEEL,30-May-2024,120.0,CE,21.0,21.0,19.05,19.05,19.05,12,50.32,66000,21000,06-MAY-2024,
OPTSTK,ZEEL,30-May-2024,122.5,CE,0.0,0.0,0.0,26.2,18.65,0,0.0,0,0,06-MAY-2024,
OPTSTK,ZEEL,30-May-2024,125.0,CE,0.0,0.0,0.0,23.5,16.95,0,0.0,6000,0,06-MAY-2024,
OPTSTK,ZEEL,30-May-2024,127.5,CE,0.0,0.0,0.0,21.25,15.4,0,0.0,9000,0,06-MAY-2024,
OPTSTK,ZEEL,30-May-2024,130.0,CE,14.25,14.25,10.9,11.2,11.2,63,268.35,204000,69000,06-MAY-2024,
OPTSTK,ZEEL,30-May-2024,132.5,CE,10.95,10.95,9.3,9.3,9.3,6,25.65,18000,18000,06-MAY-2024,
OPTSTK,ZEEL,30-May-2024,135.0,CE,9.9,9.9,7.7,7.95,7.95,126,541.92,234000,117000,06-MAY-2024,
OPTSTK,ZEEL,30-May-2024,137.5,CE,8.15,8.65,6.5,6.7,6.7,103,447.55,150000,90000,06-MAY-2024,
OPTSTK,ZEEL,30-May-2024,140.0,CE,9.7,9.95,5.35,5.65,5.65,1460,6422.83,2202000,1224000,06-MAY-2024,
OPTSTK,ZEEL,30-May-2024,142.5,CE,7.4,7.4,4.7,4.8,4.8,88,391.04,261000,66000,06-MAY-2024,
OPTSTK,ZEEL,30-May-2024,145.0,CE,7.3,7.6,3.9,4.1,4.1,685,3082.76,1986000,312000,06-MAY-2024,
OPTSTK,ZEEL,30-May-2024,147.5,CE,5.55,5.55,3.5,3.55,3.55,76,346.02,336000,81000,06-MAY-2024,
OPTSTK,ZEEL,30-May-2024,150.0,CE,5.3,5.65,2.95,3.1,3.1,1607,7415.85,6330000,318000,06-MAY-2024,
OPTSTK,ZEEL,30-May-2024,152.5,CE,4.0,4.25,2.75,2.75,2.75,74,346.01,255000,36000,06-MAY-2024,
OPTSTK,ZEEL,30-May-2024,155.0,CE,4.2,4.4,2.3,2.4,2.4,643,3049.87,1410000,207000,06-MAY-2024,
OPTSTK,ZEEL,30-May-2024,157.5,CE,3.7,3.7,2.1,2.15,2.15,22,105.74,336000,27000,06-MAY-2024,
OPTSTK,ZEEL,30-May-2024,160.0,CE,3.6,3.6,1.85,2.0,2.0,1012,4933.49,5328000,576000,06-MAY-2024,
OPTSTK,ZEEL,30-May-2024,162.5,CE,2.6,2.6,2.0,2.0,2.8,15,74.13,225000,27000,06-MAY-2024,
OPTSTK,ZEEL,30-May-2024,165.0,CE,2.65,2.65,1.45,1.55,1.55,206,1031.36,957000,-24000,06-MAY-2024,
OPTSTK,ZEEL,30-May-2024,170.0,CE,2.25,2.25,1.05,1.15,1.15,447,2300.12,2097000,42000,06-MAY-2024,
OPTSTK,ZEEL,30-May-2024,172.5,CE,1.85,1.85,1.5,1.5,1.6,3,15.67,135000,0,06-MAY-2024,
OPTSTK,ZEEL,30-May-2024,175.0,CE,1.35,1.6,0.85,0.9,0.9,76,401.79,582000,12000,06-MAY-2024,
OPTSTK,ZEEL,30-May-2024,180.0,CE,1.4,1.4,0.7,0.8,0.8,165,895.93,915000,30000,06-MAY-2024,
OPTSTK,ZEEL,30-May-2024,200.0,CE,0.5,0.5,0.3,0.4,0.4,53,318.59,714000,-21000,06-MAY-2024,
OPTSTK,ZEEL,30-May-2024,115.0,PE,0.0,0.0,0.0,6.1,2.25,0,0.0,0,0,06-MAY-2024,
OPTSTK,ZEEL,30-May-2024,117.5,PE,0.0,0.0,0.0,6.9,2.8,0,0.0,0,0,06-MAY-2024,
OPTSTK,ZEEL,30-May-2024,120.0,PE,0.7,2.2,0.7,2.0,2.0,602,2196.07,1185000,417000,06-MAY-2024,
OPTSTK,ZEEL,30-May-2024,122.5,PE,0.0,0.0,0.0,8.65,4.15,0,0.0,0,0,06-MAY-2024,
OPTSTK,ZEEL,30-May-2024,125.0,PE,1.85,3.0,1.6,2.65,2.65,174,664.76,315000,132000,06-MAY-2024,
OPTSTK,ZEEL,30-May-2024,127.5,PE,2.45,2.95,2.25,2.8,2.8,71,277.31,249000,165000,06-MAY-2024,
OPTSTK,ZEEL,30-May-2024,130.0,PE,2.0,4.45,2.0,4.15,4.15,843,3376.19,2382000,240000,06-MAY-2024,
OPTSTK,ZEEL,30-May-2024,132.5,PE,2.15,5.2,2.15,4.8,4.8,63,258.44,123000,51000,06-MAY-2024,
OPTSTK,ZEEL,30-May-2024,135.0,PE,2.7,6.2,2.7,5.85,5.85,808,3395.58,1254000,66000,06-MAY-2024,
OPTSTK,ZEEL,30-May-2024,137.5,PE,4.8,7.4,4.8,7.0,7.0,88,380.18,144000,87000,06-MAY-2024,
OPTSTK,ZEEL,30-May-2024,140.0,PE,4.0,8.8,3.9,8.4,8.4,1020,4512.22,2259000,147000,06-MAY-2024,
OPTSTK,ZEEL,30-May-2024,142.5,PE,7.1,11.0,7.05,10.4,10.4,53,241.65,144000,18000,06-MAY-2024,
OPTSTK,ZEEL,30-May-2024,145.0,PE,7.4,12.25,7.4,11.9,11.9,104,485.35,2253000,-24000,06-MAY-2024,
OPTSTK,ZEEL,30-May-2024,147.5,PE,11.2,12.95,11.2,12.95,16.7,8,38.31,153000,-3000,06-MAY-2024,
OPTSTK,ZEEL,30-May-2024,150.0,PE,10.5,16.4,10.5,15.95,15.95,54,266.21,1905000,54000,06-MAY-2024,
OPTSTK,ZEEL,30-May-2024,152.5,PE,13.25,17.65,13.25,17.65,20.25,14,70.84,87000,15000,06-MAY-2024,
OPTSTK,ZEEL,30-May-2024,155.0,PE,14.8,20.35,14.65,19.8,19.8,24,124.97,258000,54000,06-MAY-2024,
OPTSTK,ZEEL,30-May-2024,157.5,PE,21.25,21.25,21.25,21.25,24.1,1,5.36,42000,3000,06-MAY-2024,
OPTSTK,ZEEL,30-May-2024,160.0,PE,22.95,24.4,22.35,24.4,24.4,8,43.93,1002000,6000,06-MAY-2024,
OPTSTK,ZEEL,30-May-2024,162.5,PE,0.0,0.0,0.0,16.85,28.15,0,0.0,60000,0,06-MAY-2024,
OPTSTK,ZEEL,30-May-2024,165.0,PE,0.0,0.0,0.0,24.25,30.3,0,0.0,315000,0,06-MAY-2024,
OPTSTK,ZEEL,30-May-2024,170.0,PE,31.85,32.15,31.85,32.15,34.65,4,24.24,369000,3000,06-MAY-2024,
OPTSTK,ZEEL,30-May-2024,172.5,PE,0.0,0.0,0.0,26.5,36.9,0,0.0,15000,0,06-MAY-2024,
OPTSTK,ZEEL,30-May-2024,175.0,PE,38.1,38.1,38.05,38.05,39.15,2,12.78,651000,-6000,06-MAY-2024,
OPTSTK,ZEEL,27-Jun-2024,115.0,CE,0.0,0.0,0.0,34.15,27.95,0,0.0,0,0,06-MAY-2024,
OPTSTK,ZEEL,27-Jun-2024,117.5,CE,0.0,0.0,0.0,32.65,26.25,0,0.0,0,0,06-MAY-2024,
OPTSTK,ZEEL,27-Jun-2024,120.0,CE,0.0,0.0,0.0,31.1,24.65,0,0.0,0,0,06-MAY-2024,
OPTSTK,ZEEL,27-Jun-2024,122.5,CE,0.0,0.0,0.0,29.3,23.1,0,0.0,0,0,06-MAY-2024,
OPTSTK,ZEEL,27-Jun-2024,125.0,CE,0.0,0.0,0.0,28.3,21.6,0,0.0,0,0,06-MAY-2024,
OPTSTK,ZEEL,27-Jun-2024,127.5,CE,0.0,0.0,0.0,26.25,20.2,0,0.0,0,0,06-MAY-2024,
OPTSTK,ZEEL,27-Jun-2024,130.0,CE,16.65,16.65,16.65,16.65,18.85,1,4.39,3000,3000,06-MAY-2024,
OPTSTK,ZEEL,27-Jun-2024,132.5,CE,0.0,0.0,0.0,23.4,17.6,0,0.0,0,0,06-MAY-2024,
OPTSTK,ZEEL,27-Jun-2024,135.0,CE,0.0,0.0,0.0,23.25,16.4,0,0.0,0,0,06-MAY-2024,
OPTSTK,ZEEL,27-Jun-2024,137.5,CE,0.0,0.0,0.0,20.8,15.25,0,0.0,0,0,06-MAY-2024,
OPTSTK,ZEEL,27-Jun-2024,140.0,CE,13.0,13.5,12.35,12.5,12.5,12,54.99,36000,36000,06-MAY-2024,
OPTSTK,ZEEL,27-Jun-2024,142.5,CE,0.0,0.0,0.0,18.45,13.15,0,0.0,0,0,06-MAY-2024,
OPTSTK,ZEEL,27-Jun-2024,145.0,CE,0.0,0.0,0.0,19.0,12.2,0,0.0,0,0,06-MAY-2024,
OPTSTK,ZEEL,27-Jun-2024,147.5,CE,0.0,0.0,0.0,16.3,11.3,0,0.0,0,0,06-MAY-2024,
OPTSTK,ZEEL,27-Jun-2024,150.0,CE,9.55,10.5,8.15,8.9,8.9,28,134.14,141000,21000,06-MAY-2024,
OPTSTK,ZEEL,27-Jun-2024,152.5,CE,0.0,0.0,0.0,14.35,9.65,0,0.0,0,0,06-MAY-2024,
OPTSTK,ZEEL,27-Jun-2024,155.0,CE,0.0,0.0,0.0,15.4,8.95,0,0.0,0,0,06-MAY-2024,
OPTSTK,ZEEL,27-Jun-2024,157.5,CE,0.0,0.0,0.0,12.6,8.25,0,0.0,0,0,06-MAY-2024,
OPTSTK,ZEEL,27-Jun-2024,160.0,CE,7.4,8.0,6.2,6.2,6.2,28,140.72,111000,42000,06-MAY-2024,
OPTSTK,ZEEL,27-Jun-2024,162.5,CE,0.0,0.0,0.0,11.05,7.0,0,0.0,0,0,06-MAY-2024,
OPTSTK,ZEEL,27-Jun-2024,165.0,CE,0.0,0.0,0.0,12.45,6.45,0,0.0,0,0,06-MAY-2024,
OPTSTK,ZEEL,27-Jun-2024,170.0,CE,5.0,5.0,5.0,5.0,5.0,1,5.25,33000,0,06-MAY-2024,
OPTSTK,ZEEL,27-Jun-2024,115.0,PE,0.0,0.0,0.0,8.55,5.35,0,0.0,0,0,06-MAY-2024,
OPTSTK,ZEEL,27-Jun-2024,117.5,PE,0.0,0.0,0.0,5.95,6.15,0,0.0,0,0,06-MAY-2024,
OPTSTK,ZEEL,27-Jun-2024,120.0,PE,0.0,0.0,0.0,10.4,7.0,0,0.0,0,0,06-MAY-2024,
OPTSTK,ZEEL,27-Jun-2024,122.5,PE,0.0,0.0,0.0,7.6,7.95,0,0.0,0,0,06-MAY-2024,
OPTSTK,ZEEL,27-Jun-2024,125.0,PE,0.0,0.0,0.0,12.5,8.9,0,0.0,0,0,06-MAY-2024,
OPTSTK,ZEEL,27-Jun-2024,127.5,PE,0.0,0.0,0.0,9.45,10.0,0,0.0,0,0,06-MAY-2024,
OPTSTK,ZEEL,27-Jun-2024,130.0,PE,5.7,8.3,5.7,8.05,8.05,48,198.09,216000,102000,06-MAY-2024,
OPTSTK,ZEEL,27-Jun-2024,132.5,PE,0.0,0.0,0.0,11.55,12.3,0,0.0,0,0,06-MAY-2024,
OPTSTK,ZEEL,27-Jun-2024,135.0,PE,0.0,0.0,0.0,17.3,13.6,0,0.0,0,0,06-MAY-2024,
OPTSTK,ZEEL,27-Jun-2024,137.5,PE,0.0,0.0,0.0,13.85,14.9,0,0.0,0,0,06-MAY-2024,
OPTSTK,ZEEL,27-Jun-2024,140.0,PE,12.0,14.45,11.1,14.15,14.15,15,68.87,33000,30000,06-MAY-2024,
OPTSTK,ZEEL,27-Jun-2024,142.5,PE,0.0,0.0,0.0,16.45,17.8,0,0.0,0,0,06-MAY-2024,
OPTSTK,ZEEL,27-Jun-2024,145.0,PE,0.0,0.0,0.0,12.0,19.3,0,0.0,3000,0,06-MAY-2024,
OPTSTK,ZEEL,27-Jun-2024,147.5,PE,0.0,0.0,0.0,19.25,20.85,0,0.0,0,0,06-MAY-2024,
OPTSTK,ZEEL,27-Jun-2024,150.0,PE,17.75,17.75,17.75,17.75,22.5,1,5.03,27000,0,06-MAY-2024,
OPTSTK,ZEEL,27-Jun-2024,152.5,PE,0.0,0.0,0.0,22.25,24.2,0,0.0,0,0,06-MAY-2024,
OPTSTK,ZEEL,27-Jun-2024,155.0,PE,0.0,0.0,0.0,29.1,25.95,0,0.0,0,0,06-MAY-2024,
OPTSTK,ZEEL,27-Jun-2024,157.5,PE,0.0,0.0,0.0,25.45,27.7,0,0.0,0,0,06-MAY-2024,
OPTSTK,ZEEL,27-Jun-2024,160.0,PE,0.0,0.0,0.0,32.45,29.55,0,0.0,0,0,06-MAY-2024,
OPTSTK,ZEEL,27-Jun-2024,162.5,PE,0.0,0.0,0.0,28.85,31.45,0,0.0,0,0,06-MAY-2024,
OPTSTK,ZEEL,27-Jun-2024,165.0,PE,0.0,0.0,0.0,35.95,33.35,0,0.0,0,0,06-MAY-2024,
OPTSTK,ZEEL,27-Jun-2024,170.0,PE,0.0,0.0,0.0,25.0,37.3,0,0.0,6000,0,06-MAY-2024,
OPTSTK,ZYDUSLIFE,30-May-2024,800.0,CE,0.0,0.0,0.0,163.4,224.45,0,0.0,0,0,06-MAY-2024,
OPTSTK,ZYDUSLIFE,30-May-2024,820.0,CE,0.0,0.0,0.0,146.6,204.6,0,0.0,0,0,06-MAY-2024,
OPTSTK,ZYDUSLIFE,30-May-2024,840.0,CE,0.0,0.0,0.0,124.6,184.75,0,0.0,2700,0,06-MAY-2024,
OPTSTK,ZYDUSLIFE,30-May-2024,850.0,CE,137.4,154.65,137.4,154.65,174.9,3,26.81,900,-1800,06-MAY-2024,
OPTSTK,ZYDUSLIFE,30-May-2024,860.0,CE,0.0,0.0,0.0,107.9,165.05,0,0.0,4500,0,06-MAY-2024,
OPTSTK,ZYDUSLIFE,30-May-2024,870.0,CE,0.0,0.0,0.0,110.6,155.25,0,0.0,1800,0,06-MAY-2024,
OPTSTK,ZYDUSLIFE,30-May-2024,880.0,CE,0.0,0.0,0.0,98.15,145.55,0,0.0,0,0,06-MAY-2024,
OPTSTK,ZYDUSLIFE,30-May-2024,890.0,CE,0.0,0.0,0.0,113.0,135.95,0,0.0,1800,0,06-MAY-2024,
OPTSTK,ZYDUSLIFE,30-May-2024,900.0,CE,129.0,129.0,129.0,129.0,129.0,5,46.3,14400,4500,06-MAY-2024,
OPTSTK,ZYDUSLIFE,30-May-2024,910.0,CE,76.4,96.9,76.4,96.9,117.05,3,26.99,8100,0,06-MAY-2024,
OPTSTK,ZYDUSLIFE,30-May-2024,920.0,CE,0.0,0.0,0.0,85.35,107.9,0,0.0,9900,0,06-MAY-2024,
OPTSTK,ZYDUSLIFE,30-May-2024,930.0,CE,78.3,78.3,78.3,78.3,98.95,1,9.07,38700,-900,06-MAY-2024,
OPTSTK,ZYDUSLIFE,30-May-2024,940.0,CE,0.0,0.0,0.0,69.0,90.3,0,0.0,19800,0,06-MAY-2024,
OPTSTK,ZYDUSLIFE,30-May-2024,950.0,CE,50.3,88.0,49.5,84.95,84.95,27,248.0,31500,-7200,06-MAY-2024,
OPTSTK,ZYDUSLIFE,30-May-2024,960.0,CE,57.9,82.5,47.65,79.05,79.05,37,340.72,65700,-12600,06-MAY-2024,
OPTSTK,ZYDUSLIFE,30-May-2024,970.0,CE,49.5,72.6,37.0,69.7,69.7,34,313.23,80100,-10800,06-MAY-2024,
OPTSTK,ZYDUSLIFE,30-May-2024,980.0,CE,42.5,66.0,30.15,61.65,61.65,206,1902.03,55800,-17100,06-MAY-2024,
OPTSTK,ZYDUSLIFE,30-May-2024,990.0,CE,40.0,59.7,25.6,56.9,56.9,270,2501.13,47700,-23400,06-MAY-2024,
OPTSTK,ZYDUSLIFE,30-May-2024,1000.0,CE,37.05,56.0,21.55,49.95,49.95,2594,24236.13,253800,-53100,06-MAY-2024,
OPTSTK,ZYDUSLIFE,30-May-2024,1010.0,CE,28.8,48.9,18.0,44.1,44.1,473,4453.63,62100,16200,06-MAY-2024,
OPTSTK,ZYDUSLIFE,30-May-2024,1020.0,CE,28.0,44.0,14.9,39.4,39.4,1620,15330.03,189900,60300,06-MAY-2024,
OPTSTK,ZYDUSLIFE,30-May-2024,1030.0,CE,21.05,38.5,12.4,35.1,35.1,537,5115.33,92700,32400,06-MAY-2024,
OPTSTK,ZYDUSLIFE,30-May-2024,1040.0,CE,16.2,34.3,10.05,30.8,30.8,480,4601.47,107100,73800,06-MAY-2024,
OPTSTK,ZYDUSLIFE,30-May-2024,1050.0,CE,17.95,29.5,8.05,26.5,26.5,2521,24232.32,356400,167400,06-MAY-2024,
OPTSTK,ZYDUSLIFE,30-May-2024,1060.0,CE,14.5,26.05,6.9,22.5,22.5,556,5383.45,76500,18000,06-MAY-2024,
OPTSTK,ZYDUSLIFE,30-May-2024,1070.0,CE,10.0,22.0,6.55,19.0,19.0,264,2577.12,27000,22500,06-MAY-2024,
OPTSTK,ZYDUSLIFE,30-May-2024,1080.0,CE,9.4,17.95,4.7,16.05,16.05,623,6116.23,90000,-10800,06-MAY-2024,
OPTSTK,ZYDUSLIFE,30-May-2024,1090.0,CE,7.95,15.4,3.85,13.95,13.95,61,604.45,25200,5400,06-MAY-2024,
OPTSTK,ZYDUSLIFE,30-May-2024,1100.0,CE,6.4,14.55,3.25,12.4,12.4,2341,23357.45,423000,57600,06-MAY-2024,
OPTSTK,ZYDUSLIFE,30-May-2024,1120.0,CE,2.75,8.65,2.45,7.65,7.65,297,3007.61,106200,58500,06-MAY-2024,
OPTSTK,ZYDUSLIFE,30-May-2024,1140.0,CE,3.2,7.4,1.7,6.4,6.4,1642,16908.49,278100,-32400,06-MAY-2024,
OPTSTK,ZYDUSLIFE,30-May-2024,800.0,PE,0.6,0.6,0.6,0.6,0.6,1,7.2,45000,-900,06-MAY-2024,
OPTSTK,ZYDUSLIFE,30-May-2024,820.0,PE,0.0,0.0,0.0,9.8,0.05,0,0.0,0,0,06-MAY-2024,
OPTSTK,ZYDUSLIFE,30-May-2024,830.0,PE,0.75,0.75,0.75,0.75,0.75,10,74.76,21600,-9000,06-MAY-2024,
OPTSTK,ZYDUSLIFE,30-May-2024,840.0,PE,0.0,0.0,0.0,13.45,0.15,0,0.0,0,0,06-MAY-2024,
OPTSTK,ZYDUSLIFE,30-May-2024,850.0,PE,1.25,2.0,0.65,0.8,0.8,27,206.77,80100,-5400,06-MAY-2024,
OPTSTK,ZYDUSLIFE,30-May-2024,860.0,PE,2.0,2.9,1.15,2.1,0.35,18,139.64,35100,2700,06-MAY-2024,
OPTSTK,ZYDUSLIFE,30-May-2024,870.0,PE,1.6,3.3,1.35,1.4,0.5,48,376.65,41400,2700,06-MAY-2024,
OPTSTK,ZYDUSLIFE,30-May-2024,880.0,PE,3.0,4.4,1.65,1.8,1.8,88,699.16,45900,18000,06-MAY-2024,
OPTSTK,ZYDUSLIFE,30-May-2024,890.0,PE,4.3,5.4,2.2,2.3,2.3,39,313.48,50400,900,06-MAY-2024,
OPTSTK,ZYDUSLIFE,30-May-2024,900.0,PE,4.8,6.95,2.75,2.95,2.95,1497,12190.95,338400,13500,06-MAY-2024,
OPTSTK,ZYDUSLIFE,30-May-2024,910.0,PE,5.85,6.8,3.75,3.75,3.75,23,189.36,53100,9000,06-MAY-2024,
OPTSTK,ZYDUSLIFE,30-May-2024,920.0,PE,6.5,10.7,4.2,4.5,4.5,242,2017.04,144000,61200,06-MAY-2024,
OPTSTK,ZYDUSLIFE,30-May-2024,930.0,PE,8.5,8.5,5.3,5.7,5.7,48,404.43,63000,18900,06-MAY-2024,
OPTSTK,ZYDUSLIFE,30-May-2024,940.0,PE,14.0,15.8,6.9,7.3,7.3,105,898.49,51300,9000,06-MAY-2024,
OPTSTK,ZYDUSLIFE,30-May-2024,950.0,PE,13.5,20.1,8.4,9.05,9.05,805,6970.99,166500,-132300,06-MAY-2024,
OPTSTK,ZYDUSLIFE,30-May-2024,960.0,PE,17.0,23.6,10.45,11.15,11.15,191,1676.87,73800,18900,06-MAY-2024,
OPTSTK,ZYDUSLIFE,30-May-2024,970.0,PE,19.7,27.85,12.75,13.55,13.55,139,1236.44,73800,0,06-MAY-2024,
OPTSTK,ZYDUSLIFE,30-May-2024,980.0,PE,19.8,33.35,12.8,16.15,16.15,403,3633.61,171900,123300,06-MAY-2024,
OPTSTK,ZYDUSLIFE,30-May-2024,990.0,PE,29.0,37.65,18.7,19.75,19.75,172,1574.09,22500,1800,06-MAY-2024,
OPTSTK,ZYDUSLIFE,30-May-2024,1000.0,PE,31.4,44.4,22.0,23.7,23.7,895,8285.45,111600,31500,06-MAY-2024,
OPTSTK,ZYDUSLIFE,30-May-2024,1010.0,PE,36.5,44.35,26.0,27.65,27.65,72,674.02,28800,9000,06-MAY-2024,
OPTSTK,ZYDUSLIFE,30-May-2024,1020.0,PE,43.55,56.7,30.95,32.55,32.55,201,1911.29,69300,20700,06-MAY-2024,
OPTSTK,ZYDUSLIFE,30-May-2024,1030.0,PE,58.95,64.0,36.0,36.8,36.8,23,222.76,15300,2700,06-MAY-2024,
OPTSTK,ZYDUSLIFE,30-May-2024,1040.0,PE,49.35,49.35,41.0,43.1,43.1,38,370.47,25200,19800,06-MAY-2024,
OPTSTK,ZYDUSLIFE,30-May-2024,1050.0,PE,48.0,48.0,48.0,48.0,48.0,1,9.88,3600,900,06-MAY-2024,
OPTSTK,ZYDUSLIFE,30-May-2024,1060.0,PE,88.05,88.05,55.0,55.7,55.7,11,110.73,14400,7200,06-MAY-2024,
OPTSTK,ZYDUSLIFE,30-May-2024,1070.0,PE,0.0,0.0,0.0,78.55,59.5,0,0.0,0,0,06-MAY-2024,
OPTSTK,ZYDUSLIFE,30-May-2024,1080.0,PE,98.75,98.75,75.75,75.75,66.9,4,42.06,3600,3600,06-MAY-2024,
OPTSTK,ZYDUSLIFE,30-May-2024,1090.0,PE,0.0,0.0,0.0,92.45,74.55,0,0.0,0,0,06-MAY-2024,
OPTSTK,ZYDUSLIFE,30-May-2024,1100.0,PE,89.95,89.95,89.95,89.95,89.95,1,10.7,1800,900,06-MAY-2024,
OPTSTK,ZYDUSLIFE,30-May-2024,1120.0,PE,0.0,0.0,0.0,169.5,99.6,0,0.0,0,0,06-MAY-2024,
OPTSTK,ZYDUSLIFE,30-May-2024,1140.0,PE,125.0,125.0,120.5,120.5,120.5,2,22.72,900,-900,06-MAY-2024,
OPTSTK,ZYDUSLIFE,27-Jun-2024,800.0,CE,0.0,0.0,0.0,224.1,229.5,0,0.0,0,0,06-MAY-2024,
OPTSTK,ZYDUSLIFE,27-Jun-2024,820.0,CE,0.0,0.0,0.0,205.7,210.15,0,0.0,0,0,06-MAY-2024,
OPTSTK,ZYDUSLIFE,27-Jun-2024,840.0,CE,0.0,0.0,0.0,187.75,191.05,0,0.0,0,0,06-MAY-2024,
OPTSTK,ZYDUSLIFE,27-Jun-2024,850.0,CE,0.0,0.0,0.0,121.45,181.6,0,0.0,0,0,06-MAY-2024,
OPTSTK,ZYDUSLIFE,27-Jun-2024,860.0,CE,0.0,0.0,0.0,170.35,172.3,0,0.0,0,0,06-MAY-2024,
OPTSTK,ZYDUSLIFE,27-Jun-2024,870.0,CE,0.0,0.0,0.0,105.7,163.1,0,0.0,0,0,06-MAY-2024,
OPTSTK,ZYDUSLIFE,27-Jun-2024,880.0,CE,0.0,0.0,0.0,153.6,154.05,0,0.0,0,0,06-MAY-2024,
OPTSTK,ZYDUSLIFE,27-Jun-2024,890.0,CE,0.0,0.0,0.0,91.0,145.2,0,0.0,0,0,06-MAY-2024,
OPTSTK,ZYDUSLIFE,27-Jun-2024,900.0,CE,0.0,0.0,0.0,137.6,136.5,0,0.0,0,0,06-MAY-2024,
OPTSTK,ZYDUSLIFE,27-Jun-2024,910.0,CE,0.0,0.0,0.0,77.5,128.0,0,0.0,0,0,06-MAY-2024,
OPTSTK,ZYDUSLIFE,27-Jun-2024,920.0,CE,0.0,0.0,0.0,122.45,119.7,0,0.0,0,0,06-MAY-2024,
OPTSTK,ZYDUSLIFE,27-Jun-2024,930.0,CE,0.0,0.0,0.0,65.25,111.7,0,0.0,0,0,06-MAY-2024,
OPTSTK,ZYDUSLIFE,27-Jun-2024,940.0,CE,0.0,0.0,0.0,108.25,103.9,0,0.0,0,0,06-MAY-2024,
OPTSTK,ZYDUSLIFE,27-Jun-2024,950.0,CE,0.0,0.0,0.0,54.35,96.45,0,0.0,0,0,06-MAY-2024,
OPTSTK,ZYDUSLIFE,27-Jun-2024,960.0,CE,0.0,0.0,0.0,95.0,89.2,0,0.0,0,0,06-MAY-2024,
OPTSTK,ZYDUSLIFE,27-Jun-2024,970.0,CE,0.0,0.0,0.0,44.75,82.25,0,0.0,0,0,06-MAY-2024,
OPTSTK,ZYDUSLIFE,27-Jun-2024,980.0,CE,0.0,0.0,0.0,82.8,75.7,0,0.0,0,0,06-MAY-2024,
OPTSTK,ZYDUSLIFE,27-Jun-2024,990.0,CE,0.0,0.0,0.0,36.45,69.4,0,0.0,0,0,06-MAY-2024,
OPTSTK,ZYDUSLIFE,27-Jun-2024,1000.0,CE,0.0,0.0,0.0,71.7,63.45,0,0.0,0,0,06-MAY-2024,
OPTSTK,ZYDUSLIFE,27-Jun-2024,1010.0,CE,0.0,0.0,0.0,29.35,57.85,0,0.0,0,0,06-MAY-2024,
OPTSTK,ZYDUSLIFE,27-Jun-2024,1020.0,CE,0.0,0.0,0.0,61.6,52.6,0,0.0,0,0,06-MAY-2024,
OPTSTK,ZYDUSLIFE,27-Jun-2024,1030.0,CE,0.0,0.0,0.0,23.35,47.65,0,0.0,0,0,06-MAY-2024,
OPTSTK,ZYDUSLIFE,27-Jun-2024,1040.0,CE,0.0,0.0,0.0,52.6,43.05,0,0.0,0,0,06-MAY-2024,
OPTSTK,ZYDUSLIFE,27-Jun-2024,1050.0,CE,0.0,0.0,0.0,18.45,38.8,0,0.0,0,0,06-MAY-2024,
OPTSTK,ZYDUSLIFE,27-Jun-2024,1060.0,CE,0.0,0.0,0.0,44.6,34.85,0,0.0,0,0,06-MAY-2024,
OPTSTK,ZYDUSLIFE,27-Jun-2024,1070.0,CE,0.0,0.0,0.0,14.35,31.2,0,0.0,0,0,06-MAY-2024,
OPTSTK,ZYDUSLIFE,27-Jun-2024,1080.0,CE,0.0,0.0,0.0,36.0,27.85,0,0.0,900,0,06-MAY-2024,
OPTSTK,ZYDUSLIFE,27-Jun-2024,1090.0,CE,0.0,0.0,0.0,11.05,24.75,0,0.0,0,0,06-MAY-2024,
OPTSTK,ZYDUSLIFE,27-Jun-2024,1100.0,CE,0.0,0.0,0.0,31.4,21.95,0,0.0,0,0,06-MAY-2024,
OPTSTK,ZYDUSLIFE,27-Jun-2024,1120.0,CE,0.0,0.0,0.0,26.1,17.2,0,0.0,0,0,06-MAY-2024,
OPTSTK,ZYDUSLIFE,27-Jun-2024,1140.0,CE,0.0,0.0,0.0,21.6,13.25,0,0.0,0,0,06-MAY-2024,
OPTSTK,ZYDUSLIFE,27-Jun-2024,800.0,PE,0.0,0.0,0.0,2.45,0.55,0,0.0,0,0,06-MAY-2024,
OPTSTK,ZYDUSLIFE,27-Jun-2024,820.0,PE,0.0,0.0,0.0,3.7,0.95,0,0.0,0,0,06-MAY-2024,
OPTSTK,ZYDUSLIFE,27-Jun-2024,840.0,PE,0.0,0.0,0.0,5.4,1.65,0,0.0,0,0,06-MAY-2024,
OPTSTK,ZYDUSLIFE,27-Jun-2024,850.0,PE,0.0,0.0,0.0,9.55,2.1,0,0.0,0,0,06-MAY-2024,
OPTSTK,ZYDUSLIFE,27-Jun-2024,860.0,PE,0.0,0.0,0.0,7.6,2.7,0,0.0,0,0,06-MAY-2024,
OPTSTK,ZYDUSLIFE,27-Jun-2024,870.0,PE,0.0,0.0,0.0,13.5,3.4,0,0.0,0,0,06-MAY-2024,
OPTSTK,ZYDUSLIFE,27-Jun-2024,880.0,PE,0.0,0.0,0.0,10.5,4.25,0,0.0,0,0,06-MAY-2024,
OPTSTK,ZYDUSLIFE,27-Jun-2024,890.0,PE,0.0,0.0,0.0,18.6,5.25,0,0.0,0,0,06-MAY-2024,
OPTSTK,ZYDUSLIFE,27-Jun-2024,900.0,PE,0.0,0.0,0.0,23.1,6.45,0,0.0,8100,0,06-MAY-2024,
OPTSTK,ZYDUSLIFE,27-Jun-2024,910.0,PE,0.0,0.0,0.0,24.85,7.85,0,0.0,0,0,06-MAY-2024,
OPTSTK,ZYDUSLIFE,27-Jun-2024,920.0,PE,0.0,0.0,0.0,18.7,9.5,0,0.0,0,0,06-MAY-2024,
OPTSTK,ZYDUSLIFE,27-Jun-2024,930.0,PE,0.0,0.0,0.0,32.35,11.35,0,0.0,0,0,06-MAY-2024,
OPTSTK,ZYDUSLIFE,27-Jun-2024,940.0,PE,0.0,0.0,0.0,24.1,13.45,0,0.0,0,0,06-MAY-2024,
OPTSTK,ZYDUSLIFE,27-Jun-2024,950.0,PE,0.0,0.0,0.0,41.2,15.9,0,0.0,0,0,06-MAY-2024,
OPTSTK,ZYDUSLIFE,27-Jun-2024,960.0,PE,0.0,0.0,0.0,30.5,18.6,0,0.0,0,0,06-MAY-2024,
OPTSTK,ZYDUSLIFE,27-Jun-2024,970.0,PE,0.0,0.0,0.0,51.35,21.5,0,0.0,0,0,06-MAY-2024,
OPTSTK,ZYDUSLIFE,27-Jun-2024,980.0,PE,0.0,0.0,0.0,37.95,24.85,0,0.0,0,0,06-MAY-2024,
OPTSTK,ZYDUSLIFE,27-Jun-2024,990.0,PE,0.0,0.0,0.0,62.8,28.45,0,0.0,0,0,06-MAY-2024,
OPTSTK,ZYDUSLIFE,27-Jun-2024,1000.0,PE,0.0,0.0,0.0,46.45,32.4,0,0.0,0,0,06-MAY-2024,
OPTSTK,ZYDUSLIFE,27-Jun-2024,1010.0,PE,0.0,0.0,0.0,75.4,36.7,0,0.0,0,0,06-MAY-2024,
OPTSTK,ZYDUSLIFE,27-Jun-2024,1020.0,PE,0.0,0.0,0.0,56.05,41.35,0,0.0,0,0,06-MAY-2024,
OPTSTK,ZYDUSLIFE,27-Jun-2024,1030.0,PE,0.0,0.0,0.0,89.2,46.3,0,0.0,0,0,06-MAY-2024,
OPTSTK,ZYDUSLIFE,27-Jun-2024,1040.0,PE,0.0,0.0,0.0,66.65,51.6,0,0.0,0,0,06-MAY-2024,
OPTSTK,ZYDUSLIFE,27-Jun-2024,1050.0,PE,0.0,0.0,0.0,104.05,57.2,0,0.0,0,0,06-MAY-2024,
OPTSTK,ZYDUSLIFE,27-Jun-2024,1060.0,PE,0.0,0.0,0.0,78.3,63.15,0,0.0,0,0,06-MAY-2024,
OPTSTK,ZYDUSLIFE,27-Jun-2024,1070.0,PE,0.0,0.0,0.0,119.7,69.4,0,0.0,0,0,06-MAY-2024,
OPTSTK,ZYDUSLIFE,27-Jun-2024,1080.0,PE,0.0,0.0,0.0,90.85,75.95,0,0.0,0,0,06-MAY-2024,
OPTSTK,ZYDUSLIFE,27-Jun-2024,1090.0,PE,0.0,0.0,0.0,136.15,82.8,0,0.0,0,0,06-MAY-2024,
OPTSTK,ZYDUSLIFE,27-Jun-2024,1100.0,PE,0.0,0.0,0.0,104.35,89.9,0,0.0,0,0,06-MAY-2024,
OPTSTK,ZYDUSLIFE,27-Jun-2024,1120.0,PE,0.0,0.0,0.0,118.75,104.9,0,0.0,0,0,06-MAY-2024,
OPTSTK,ZYDUSLIFE,27-Jun-2024,1140.0,PE,0.0,0.0,0.0,133.85,120.75,0,0.0,0,0,06-MAY-2024,
OPTSTK,ZYDUSLIFE,25-Jul-2024,800.0,CE,0.0,0.0,0.0,172.15,235.2,0,0.0,0,0,06-MAY-2024,
OPTSTK,ZYDUSLIFE,25-Jul-2024,840.0,CE,0.0,0.0,0.0,138.95,198.15,0,0.0,0,0,06-MAY-2024,
OPTSTK,ZYDUSLIFE,25-Jul-2024,860.0,CE,0.0,0.0,0.0,123.55,180.35,0,0.0,0,0,06-MAY-2024,
OPTSTK,ZYDUSLIFE,25-Jul-2024,880.0,CE,0.0,0.0,0.0,109.1,163.1,0,0.0,0,0,06-MAY-2024,
OPTSTK,ZYDUSLIFE,25-Jul-2024,900.0,CE,0.0,0.0,0.0,95.55,146.55,0,0.0,0,0,06-MAY-2024,
OPTSTK,ZYDUSLIFE,25-Jul-2024,920.0,CE,0.0,0.0,0.0,83.15,130.8,0,0.0,0,0,06-MAY-2024,
OPTSTK,ZYDUSLIFE,25-Jul-2024,940.0,CE,0.0,0.0,0.0,71.85,116.0,0,0.0,0,0,06-MAY-2024,
OPTSTK,ZYDUSLIFE,25-Jul-2024,960.0,CE,0.0,0.0,0.0,61.6,102.05,0,0.0,0,0,06-MAY-2024,
OPTSTK,ZYDUSLIFE,25-Jul-2024,980.0,CE,0.0,0.0,0.0,52.45,89.2,0,0.0,0,0,06-MAY-2024,
OPTSTK,ZYDUSLIFE,25-Jul-2024,1000.0,CE,0.0,0.0,0.0,44.3,77.35,0,0.0,0,0,06-MAY-2024,
OPTSTK,ZYDUSLIFE,25-Jul-2024,1020.0,CE,0.0,0.0,0.0,37.2,66.65,0,0.0,0,0,06-MAY-2024,
OPTSTK,ZYDUSLIFE,25-Jul-2024,1040.0,CE,0.0,0.0,0.0,31.0,56.95,0,0.0,0,0,06-MAY-2024,
OPTSTK,ZYDUSLIFE,25-Jul-2024,1060.0,CE,0.0,0.0,0.0,25.7,48.35,0,0.0,0,0,06-MAY-2024,
OPTSTK,ZYDUSLIFE,25-Jul-2024,1080.0,CE,0.0,0.0,0.0,21.15,40.75,0,0.0,0,0,06-MAY-2024,
OPTSTK,ZYDUSLIFE,25-Jul-2024,1100.0,CE,0.0,0.0,0.0,17.25,34.1,0,0.0,0,0,06-MAY-2024,
OPTSTK,ZYDUSLIFE,25-Jul-2024,1120.0,CE,0.0,0.0,0.0,14.0,28.35,0,0.0,0,0,06-MAY-2024,
OPTSTK,ZYDUSLIFE,25-Jul-2024,1160.0,CE,0.0,0.0,0.0,9.05,19.2,0,0.0,0,0,06-MAY-2024,
OPTSTK,ZYDUSLIFE,25-Jul-2024,800.0,PE,0.0,0.0,0.0,6.45,1.8,0,0.0,0,0,06-MAY-2024,
OPTSTK,ZYDUSLIFE,25-Jul-2024,840.0,PE,0.0,0.0,0.0,12.5,4.15,0,0.0,0,0,06-MAY-2024,
OPTSTK,ZYDUSLIFE,25-Jul-2024,860.0,PE,0.0,0.0,0.0,16.75,6.0,0,0.0,0,0,06-MAY-2024,
OPTSTK,ZYDUSLIFE,25-Jul-2024,880.0,PE,0.0,0.0,0.0,21.95,8.45,0,0.0,0,0,06-MAY-2024,
OPTSTK,ZYDUSLIFE,25-Jul-2024,900.0,PE,0.0,0.0,0.0,28.05,11.6,0,0.0,0,0,06-MAY-2024,
OPTSTK,ZYDUSLIFE,25-Jul-2024,920.0,PE,0.0,0.0,0.0,35.3,15.55,0,0.0,0,0,06-MAY-2024,
OPTSTK,ZYDUSLIFE,25-Jul-2024,940.0,PE,0.0,0.0,0.0,43.6,20.4,0,0.0,0,0,06-MAY-2024,
OPTSTK,ZYDUSLIFE,25-Jul-2024,960.0,PE,0.0,0.0,0.0,53.0,26.1,0,0.0,0,0,06-MAY-2024,
OPTSTK,ZYDUSLIFE,25-Jul-2024,980.0,PE,0.0,0.0,0.0,63.5,32.95,0,0.0,0,0,06-MAY-2024,
OPTSTK,ZYDUSLIFE,25-Jul-2024,1000.0,PE,0.0,0.0,0.0,75.0,40.8,0,0.0,0,0,06-MAY-2024,
OPTSTK,ZYDUSLIFE,25-Jul-2024,1020.0,PE,0.0,0.0,0.0,87.5,49.75,0,0.0,0,0,06-MAY-2024,
OPTSTK,ZYDUSLIFE,25-Jul-2024,1040.0,PE,0.0,0.0,0.0,100.95,59.8,0,0.0,0,0,06-MAY-2024,
OPTSTK,ZYDUSLIFE,25-Jul-2024,1060.0,PE,0.0,0.0,0.0,115.3,70.85,0,0.0,0,0,06-MAY-2024,
OPTSTK,ZYDUSLIFE,25-Jul-2024,1080.0,PE,0.0,0.0,0.0,130.4,82.95,0,0.0,0,0,06-MAY-2024,
OPTSTK,ZYDUSLIFE,25-Jul-2024,1100.0,PE,0.0,0.0,0.0,146.15,95.95,0,0.0,0,0,06-MAY-2024,
OPTSTK,ZYDUSLIFE,25-Jul-2024,1120.0,PE,0.0,0.0,0.0,162.55,109.9,0,0.0,0,0,06-MAY-2024,
OPTSTK,ZYDUSLIFE,25-Jul-2024,1160.0,PE,0.0,0.0,0.0,196.85,140.15,0,0.0,0,0,06-MAY-2024,
